128
159 2
97 12
261 23
238 17
198 5
93 20
487 13
31 3
174 12
445 20
138 7
270 24
202 24
443 16
31 11
366 18
21 14
93 9
88 23
289 21
355 9
388 5
434 23
7 3
126 16
274 11
6 24
207 19
419 13
102 21
443 19
342 3
280 3
299 3
469 3
355 19
320 31
367 1
13 29
63 22
28 24
253 1
83 3
239 29
459 20
154 5
158 23
68 5
281 18
359 17
305 30
423 32
308 25
432 16
366 2
161 1
33 5
278 8
75 20
320 21
412 21
138 13
468 1
210 4
274 24
349 6
133 23
257 16
264 4
463 5
33 4
225 30
240 6
33 15
74 8
51 1
177 28
53 8
448 30
243 14
182 31
3 10
418 24
106 5
447 24
161 32
395 13
397 3
91 1
153 12
132 19
148 4
95 24
303 10
166 22
115 11
192 10
364 9
377 13
289 27
241 21
154 31
38 22
121 20
330 17
143 30
328 10
473 18
341 12
167 22
173 18
56 20
399 20
473 27
92 9
449 4
414 15
171 31
356 3
282 26
416 16
351 23
213 23
220 25
98 2
115 2
167 14
338 13

