128
273 30
5 15
392 25
122 31
183 12
486 9
73 22
309 28
498 17
316 16
301 20
363 23
110 21
480 23
146 24
213 18
442 2
401 21
18 2
451 24
461 9
360 22
462 24
5 23
248 16
266 13
495 25
363 13
457 22
107 30
106 12
372 3
389 16
83 6
145 10
309 29
174 28
342 15
40 2
446 27
166 11
39 20
191 10
468 16
95 3
101 12
98 28
450 26
447 5
95 27
270 27
48 31
274 9
429 9
87 18
452 28
437 10
115 31
243 15
126 18
9 27
389 30
254 11
443 1
223 21
143 28
143 18
138 4
431 6
81 5
292 16
120 20
225 14
206 12
168 32
157 12
114 25
133 15
235 31
67 17
315 10
152 1
251 5
225 21
207 17
401 2
188 24
77 24
106 6
231 1
169 31
301 30
284 21
1 26
212 27
327 6
480 22
187 31
119 11
115 5
67 12
26 26
387 26
17 8
439 20
117 4
338 21
241 9
201 13
343 28
364 13
290 11
350 8
277 28
238 28
348 12
111 5
57 9
178 21
193 29
376 25
76 26
225 32
38 21
261 4
189 20
104 18
170 18

