128
359 15
193 27
249 15
264 13
333 5
180 18
258 2
201 18
206 27
267 8
443 2
294 13
303 22
367 28
48 18
445 30
28 9
385 16
495 32
108 23
113 4
268 6
289 8
352 6
250 2
305 25
119 10
9 29
259 27
288 11
400 8
64 11
220 32
406 6
96 21
244 4
4 4
429 29
183 32
138 13
250 15
181 4
244 9
141 23
415 24
161 14
364 8
92 15
172 17
1 7
361 16
178 29
459 18
9 30
238 26
278 19
292 14
206 32
498 22
390 24
330 22
225 13
125 28
479 4
16 15
266 16
427 19
444 17
401 4
230 22
450 23
476 5
316 29
128 25
231 25
224 32
418 20
456 11
467 6
42 26
117 24
210 19
250 21
279 14
457 17
139 22
367 10
350 11
147 30
347 25
494 19
492 4
222 3
306 21
232 27
22 28
6 23
242 28
88 17
109 4
29 12
153 7
361 18
429 27
331 20
439 5
198 10
440 11
228 21
311 20
295 13
159 1
267 29
408 14
421 4
101 13
263 9
47 4
107 4
186 9
455 17
465 28
406 20
422 6
352 5
445 23
269 7
447 19

