128
268 3
19 1
311 10
369 22
264 8
363 3
417 10
366 31
482 24
48 20
191 21
155 2
241 25
244 4
378 1
169 9
331 20
141 5
289 17
478 12
324 20
411 28
229 24
410 2
256 9
406 14
13 8
468 10
224 31
193 21
251 25
449 1
400 5
73 8
302 30
444 13
93 2
217 13
481 2
235 8
287 4
34 7
51 5
52 11
415 28
431 1
457 28
449 32
172 5
396 21
274 27
450 18
44 10
38 20
143 12
112 21
115 17
80 26
349 11
144 23
227 2
131 27
305 23
390 29
303 1
153 28
475 18
293 22
471 10
246 6
306 5
394 4
353 21
289 9
456 32
315 6
358 21
364 30
375 25
342 5
390 11
104 20
300 12
86 23
429 19
236 10
391 21
358 11
454 10
295 9
78 17
90 11
405 13
300 15
57 2
307 30
340 18
14 7
157 27
261 17
133 24
23 3
477 8
117 22
25 31
190 26
371 11
92 19
435 12
109 27
237 19
289 24
28 10
66 32
104 27
472 16
26 10
110 30
225 30
283 2
488 16
55 10
454 31
188 16
390 28
231 22
414 3
53 17

