128
359 7
366 24
399 12
341 22
355 27
475 3
392 31
146 25
257 17
476 13
408 17
136 2
302 6
438 11
90 10
24 9
93 21
120 27
264 12
1 2
278 11
156 13
77 25
145 25
458 1
369 17
129 9
222 23
38 8
117 24
249 28
428 1
380 31
36 15
358 12
113 15
214 20
7 30
69 32
474 22
476 26
242 16
198 23
386 16
178 7
67 15
346 6
471 18
392 10
72 13
97 16
235 10
452 21
303 16
96 28
249 19
322 10
27 23
8 8
458 30
118 12
464 16
17 26
393 20
496 32
8 24
148 26
106 19
187 8
174 2
388 6
205 25
115 23
79 14
494 21
307 12
60 22
427 17
260 27
40 19
134 4
50 9
493 11
435 11
267 28
313 22
381 1
66 15
451 28
469 20
32 7
407 16
249 25
224 12
355 3
466 13
162 7
473 3
374 16
185 4
219 25
349 12
217 6
446 15
409 22
463 17
41 1
88 25
406 31
500 12
425 1
100 7
183 13
93 24
184 21
399 6
478 19
353 6
12 11
213 25
64 23
417 28
395 8
96 16
314 23
60 6
263 19
176 30

