128
125 23
274 20
77 21
266 28
248 9
190 15
162 25
31 27
185 3
482 25
217 7
367 2
46 21
385 3
164 9
132 12
103 22
175 12
490 21
287 25
1 13
271 18
289 1
477 1
87 2
57 28
340 4
497 6
96 13
224 31
406 7
102 20
112 9
39 6
217 6
190 25
154 5
435 22
465 23
119 8
424 15
355 32
302 31
1 9
83 12
359 32
282 17
348 14
89 18
199 21
415 16
77 8
404 23
214 25
125 20
420 5
210 2
164 20
328 8
260 10
91 3
102 4
283 29
469 11
38 3
27 5
259 11
372 6
466 9
382 14
120 29
342 30
278 21
193 29
372 12
219 14
126 16
186 32
120 2
130 25
173 8
461 23
111 9
296 20
269 26
221 13
330 19
70 20
419 26
64 3
269 22
104 19
101 1
302 16
295 28
229 7
291 5
453 21
373 24
180 30
425 9
234 7
315 19
362 1
268 9
227 16
59 19
282 3
471 20
83 21
219 27
287 17
203 23
262 12
339 13
421 31
397 18
369 15
160 30
148 15
359 18
166 5
56 32
279 23
235 25
495 1
375 6
313 18

