128
380 27
462 10
279 12
342 4
340 10
490 19
349 27
474 19
40 24
354 2
185 6
23 19
167 26
414 4
122 16
467 5
470 4
394 29
296 19
180 3
265 1
282 13
499 7
27 14
435 29
131 19
206 21
377 13
95 18
16 20
5 2
68 11
114 5
75 21
251 6
247 19
274 12
480 32
487 30
161 17
90 27
391 28
148 7
168 30
112 23
161 24
221 8
442 30
244 8
446 2
473 8
361 18
424 20
369 6
49 29
330 11
24 24
434 7
190 13
116 21
339 20
268 27
207 14
96 6
429 9
443 2
437 27
499 4
494 4
269 31
100 30
33 23
21 14
497 18
122 32
362 28
239 17
371 13
190 14
246 19
211 25
372 7
195 6
358 1
441 18
83 9
75 7
367 3
284 28
156 13
327 25
216 14
497 30
214 7
256 12
157 2
500 12
464 22
249 17
234 26
298 20
434 16
134 32
170 13
15 5
173 22
45 1
111 5
178 28
79 9
135 3
102 10
114 17
32 31
89 21
256 2
285 25
461 2
192 2
39 19
158 7
104 2
303 10
95 5
389 17
117 12
464 23
213 1

