128
362 28
402 13
420 7
292 32
298 6
394 19
349 25
482 12
84 10
202 4
116 28
139 5
389 13
372 2
121 23
242 14
398 12
459 5
462 6
128 28
267 17
174 32
25 27
59 32
184 20
200 31
143 14
99 23
438 31
48 26
165 14
244 7
433 2
83 10
155 15
357 18
435 19
241 8
389 27
123 17
410 10
223 29
363 18
287 16
496 11
210 4
476 17
426 16
358 21
5 24
423 30
285 1
448 25
20 28
175 15
260 1
168 27
341 15
8 15
182 27
165 7
366 16
399 8
399 8
4 24
268 30
321 8
486 4
429 6
455 19
500 11
39 11
401 15
49 16
210 23
466 22
177 7
366 20
326 4
331 9
223 26
458 15
354 4
310 2
153 17
88 28
183 7
170 31
357 31
194 18
5 23
144 17
193 13
108 11
476 31
51 11
240 25
241 25
156 11
430 4
19 14
311 21
144 4
487 8
402 32
270 22
42 1
439 18
125 10
104 28
188 15
150 32
367 31
76 2
145 18
329 3
23 3
67 18
322 9
369 8
84 18
481 29
254 3
210 30
169 10
330 20
172 31
487 30

