128
79 21
163 2
350 15
130 20
164 16
420 8
173 8
206 8
262 6
422 26
90 12
26 15
170 19
22 11
233 15
311 7
64 13
316 17
23 21
12 18
16 27
130 29
323 3
64 12
88 21
365 10
412 30
340 29
329 17
448 17
371 22
75 2
230 30
403 28
186 22
142 21
197 7
93 19
309 20
306 17
345 2
426 8
263 17
41 15
477 12
355 31
245 21
337 2
22 19
429 3
4 10
112 24
192 8
422 25
64 7
249 4
100 2
367 7
290 15
157 18
394 20
316 26
144 16
315 26
242 24
224 10
17 19
149 17
243 11
61 22
1 17
417 25
186 3
315 3
190 19
444 11
334 3
425 14
263 31
495 20
186 2
305 23
405 30
263 15
228 15
156 24
187 28
180 16
206 14
198 15
317 5
182 6
251 30
479 25
48 25
221 18
395 9
140 15
182 14
149 13
428 32
137 26
79 20
337 24
162 26
383 2
174 32
479 4
21 26
289 24
486 9
153 12
237 16
30 23
45 22
179 24
185 7
437 15
483 25
399 28
306 13
325 15
196 3
107 8
464 15
283 14
107 8
329 7

