128
326 12
291 13
223 2
7 28
402 21
114 2
228 27
259 23
435 8
321 22
21 7
268 26
426 17
266 19
345 23
112 6
414 30
238 24
223 32
99 20
449 28
10 4
323 8
454 29
67 31
78 3
9 5
80 3
318 2
385 18
148 4
331 25
101 8
48 32
15 3
299 27
210 8
343 20
427 24
289 29
422 2
432 27
415 27
421 28
208 17
393 19
152 3
267 20
494 27
279 16
313 6
27 26
89 9
258 28
368 30
212 22
263 23
424 5
6 12
260 13
500 12
124 15
78 10
458 23
408 21
283 32
18 17
446 6
381 7
325 24
100 25
241 2
31 28
243 32
211 6
453 2
358 12
64 31
169 18
210 25
110 28
148 31
4 17
436 4
499 5
335 26
297 8
312 11
91 2
67 10
111 23
363 24
298 27
107 22
152 12
42 17
11 6
91 18
486 18
453 13
138 15
434 18
362 1
465 25
2 7
106 9
401 12
284 30
98 22
163 17
409 1
213 7
450 15
488 27
181 12
271 22
227 13
456 16
153 4
392 15
450 9
471 6
169 22
399 26
496 21
367 12
321 11
27 26

