128
88 9
438 23
51 11
316 26
369 28
261 18
326 9
448 9
219 10
25 12
31 22
446 32
372 8
192 4
134 14
240 17
370 1
267 16
344 18
13 8
302 21
201 31
258 16
304 8
457 8
427 7
65 21
170 21
200 17
48 5
355 7
405 20
168 27
348 19
457 12
74 26
485 18
88 30
273 31
217 25
423 23
419 3
71 4
275 7
301 15
455 19
461 32
434 28
234 9
490 6
493 7
151 21
188 23
70 24
333 22
392 27
484 14
94 23
102 20
29 6
394 7
112 23
46 29
186 32
30 32
469 26
442 4
350 30
210 31
293 14
260 5
1 31
198 6
1 3
165 17
404 27
364 31
469 29
264 2
188 1
33 1
314 7
480 7
308 29
137 24
434 24
136 18
490 14
231 11
484 16
371 24
10 18
106 26
495 17
483 10
161 28
42 10
194 13
340 5
413 20
452 19
75 24
484 1
273 27
259 20
314 5
347 19
215 1
300 5
173 6
242 2
353 24
11 2
8 27
250 13
30 2
119 25
141 2
21 29
20 3
224 5
259 27
155 29
227 2
385 11
440 15
84 8
114 23

