128
96 15
475 26
260 28
319 15
221 31
488 3
289 20
118 20
346 8
379 25
219 25
127 12
10 2
484 10
17 3
434 16
485 4
386 12
367 20
43 19
119 10
26 3
214 3
378 19
170 28
96 21
353 2
24 22
291 16
448 12
26 1
419 2
492 4
457 2
212 7
297 10
233 10
236 14
168 1
208 22
221 11
430 17
376 9
490 15
164 5
474 9
169 20
50 8
400 23
370 15
357 30
292 13
487 3
238 18
343 26
195 31
452 16
339 16
281 21
346 16
469 23
133 30
266 2
149 1
392 14
479 21
183 6
393 17
500 27
27 11
280 9
109 23
49 24
262 17
480 3
272 4
481 24
85 3
142 6
263 17
103 18
485 30
363 6
10 31
360 16
57 19
461 17
73 17
464 15
337 19
497 32
243 10
216 23
428 17
264 14
241 15
283 6
208 22
103 25
212 10
457 28
304 1
284 4
277 20
414 17
42 3
424 28
240 7
315 23
199 14
60 24
500 3
17 7
192 7
276 11
284 8
170 11
352 17
314 24
52 32
444 10
490 23
81 13
62 23
99 20
29 6
51 32
500 7

