128
83 32
195 6
149 6
323 24
179 31
300 9
114 12
452 30
295 18
163 6
391 24
353 7
123 2
46 9
158 29
124 5
16 18
262 24
275 21
491 30
467 6
118 28
446 9
354 32
274 12
102 21
31 26
71 6
168 28
426 13
156 17
269 20
71 27
335 25
319 26
2 1
319 27
421 16
391 22
356 29
141 21
181 4
262 11
29 9
219 22
458 30
207 6
45 9
460 28
325 14
409 23
267 19
149 11
343 20
164 18
56 32
358 32
327 19
338 11
400 16
309 17
430 7
286 30
495 22
57 15
227 13
497 17
396 22
235 2
185 26
139 24
202 24
327 28
466 32
383 5
72 7
73 29
409 11
178 27
308 19
73 2
51 14
83 30
215 13
387 11
67 17
342 32
372 24
147 18
35 1
54 6
423 11
310 19
337 28
437 20
426 22
381 12
431 7
126 5
132 8
99 26
389 16
317 32
459 19
449 29
344 7
303 26
481 4
301 5
303 25
312 12
450 12
408 16
7 1
228 6
396 2
187 32
117 23
248 23
317 16
272 28
402 22
278 6
241 2
50 24
18 1
475 8
405 26

