128
324 19
88 12
100 12
430 15
375 23
435 26
232 19
316 29
144 8
20 4
370 6
300 14
114 21
372 21
449 6
180 24
232 3
315 24
458 24
454 28
78 20
126 5
86 25
325 10
360 20
129 6
314 16
131 23
476 18
275 16
380 10
47 15
425 9
294 26
457 12
418 14
487 11
343 5
187 19
154 2
215 26
127 32
414 25
306 13
463 1
17 2
238 3
304 22
424 22
396 12
49 5
265 31
59 11
459 17
126 16
290 4
98 25
219 19
377 24
251 27
456 27
384 2
182 12
207 9
489 6
188 1
118 12
275 24
411 2
272 20
49 26
227 26
34 25
8 2
320 11
453 8
229 24
173 2
227 31
218 3
185 29
103 14
209 2
182 31
463 13
6 19
218 8
9 23
380 24
161 15
126 21
178 7
152 30
116 15
81 18
445 1
442 20
270 22
129 19
120 23
256 5
305 5
412 21
224 11
181 20
342 14
52 15
364 19
221 28
433 9
17 18
417 26
129 22
108 25
341 3
199 8
56 23
272 19
168 7
110 24
82 23
357 1
173 25
188 17
52 20
193 32
349 1
25 9

