128
114 32
140 15
163 1
207 4
326 26
420 25
425 13
78 20
200 25
294 7
265 29
296 25
150 25
139 19
301 5
180 22
165 15
124 23
416 27
127 29
464 14
6 20
54 3
431 22
3 32
396 31
245 27
431 18
315 5
196 11
458 4
381 14
398 4
152 1
38 30
258 17
175 19
93 5
345 11
186 15
99 21
317 7
124 4
236 2
372 27
257 17
362 13
302 16
196 2
424 14
231 13
438 10
295 2
338 19
53 7
41 23
103 14
345 10
309 20
220 24
66 24
361 12
168 6
39 19
467 10
448 6
495 30
307 21
267 28
132 11
166 8
173 28
233 29
50 5
152 17
73 30
300 5
497 11
446 3
181 17
348 29
462 2
218 4
335 24
411 30
155 32
193 3
47 26
48 32
466 15
68 26
268 23
174 20
185 8
2 30
32 2
198 13
395 19
260 25
398 14
250 12
449 27
83 7
368 14
295 17
328 22
427 8
433 8
63 13
219 17
186 6
118 3
94 20
149 1
297 31
226 2
302 26
340 24
225 15
13 7
96 1
84 10
492 8
121 2
485 32
470 30
293 3
405 23

