128
485 19
237 22
488 14
436 7
5 31
185 10
30 7
211 24
194 11
56 8
261 21
283 25
21 20
175 27
442 17
69 18
400 1
495 3
58 22
437 30
400 21
311 22
299 9
197 12
287 4
223 23
349 5
24 17
273 10
127 6
458 7
343 29
499 29
447 21
323 7
470 6
356 25
3 22
153 7
350 20
303 20
338 3
281 25
223 17
410 30
470 28
44 12
428 11
204 23
303 26
461 16
100 24
404 26
174 9
5 15
348 11
298 5
161 26
250 31
482 31
84 31
230 32
114 18
226 18
236 8
195 4
151 10
364 31
100 9
315 4
411 2
262 24
50 26
286 3
8 27
162 20
70 27
423 3
252 28
204 19
27 31
35 25
396 18
83 11
138 29
450 16
262 27
107 4
336 24
462 12
363 7
139 12
366 17
318 13
412 2
456 14
124 22
466 7
91 29
218 32
297 31
127 23
82 21
222 13
329 31
464 31
10 22
326 7
366 23
343 17
16 18
214 23
343 4
362 13
80 15
364 24
97 26
138 6
427 7
447 27
246 10
149 11
364 2
481 5
116 3
358 16
325 19
326 27

