128
178 6
387 30
422 5
20 12
185 12
157 21
365 29
169 10
207 5
420 10
397 17
186 17
340 5
418 8
425 29
147 26
82 29
296 3
198 7
198 10
243 11
458 31
287 14
160 10
430 24
383 19
264 8
131 23
176 4
150 12
444 21
54 2
33 29
380 18
163 18
315 21
488 25
68 2
250 27
119 24
158 29
210 25
124 12
79 16
91 13
251 14
229 32
263 17
4 19
195 31
276 29
127 31
485 6
388 27
273 11
118 18
211 27
55 11
18 25
486 20
213 20
197 5
392 16
54 15
158 24
265 5
312 32
47 9
85 2
383 5
144 20
139 19
178 1
41 19
177 22
358 30
113 6
182 28
365 23
251 22
186 23
306 2
406 28
146 27
138 12
199 9
379 21
487 12
381 23
102 14
256 3
299 21
364 12
224 29
67 26
102 16
489 12
101 6
111 26
88 4
125 31
233 3
475 7
410 8
450 11
117 9
173 31
425 21
394 13
117 12
474 2
64 22
477 12
60 20
114 27
39 10
137 3
445 12
342 26
171 7
69 7
495 17
201 12
129 14
420 21
406 29
315 21
59 3

