128
335 1
271 25
436 23
341 12
500 5
454 27
12 19
492 26
56 25
294 16
156 10
317 31
312 4
170 26
255 19
410 5
159 4
6 14
366 6
342 18
54 15
344 13
378 24
366 25
88 28
249 7
105 9
478 21
188 11
282 15
105 27
383 15
222 16
61 24
438 22
305 31
400 20
408 5
187 17
414 27
136 6
369 17
430 6
361 26
344 18
412 12
184 26
63 9
386 23
196 31
228 8
17 15
500 8
256 6
401 17
312 4
34 1
480 3
378 24
284 22
185 3
373 20
193 27
477 6
261 28
252 28
24 32
467 31
396 30
412 32
94 4
387 3
108 23
145 9
58 1
410 23
475 31
314 31
421 6
96 10
462 7
21 5
319 15
359 14
60 6
65 25
345 15
335 12
169 32
289 19
260 18
173 2
332 18
105 9
276 4
286 25
251 22
73 17
145 31
338 16
52 10
413 13
204 3
52 29
78 12
155 1
390 23
275 13
164 3
177 31
430 6
379 16
120 19
452 32
85 29
171 21
42 23
237 30
182 24
174 27
480 8
448 1
6 30
293 5
100 2
312 5
283 26
61 2

