128
235 6
167 30
78 5
378 4
356 9
262 2
447 23
438 2
434 4
308 9
400 23
233 16
304 11
260 32
31 18
171 17
164 2
90 9
278 31
392 13
16 2
354 18
76 12
415 2
155 14
366 22
200 14
205 7
192 32
250 30
102 21
190 9
462 27
209 27
98 28
223 1
457 21
426 21
72 4
42 14
266 31
131 21
4 7
320 3
151 1
269 24
193 14
72 10
441 16
244 2
231 11
2 8
247 19
220 30
118 17
247 7
19 13
52 26
415 23
420 25
143 28
372 12
350 15
341 18
222 25
31 9
255 20
492 1
310 11
22 27
323 8
162 9
200 29
418 6
287 29
383 9
229 14
116 2
49 9
71 26
245 5
426 3
484 17
203 29
479 32
219 21
195 24
197 26
296 30
359 6
303 29
363 19
347 2
460 7
286 6
16 10
482 2
380 1
210 14
109 13
157 19
193 19
263 30
96 30
355 11
344 21
195 18
187 17
35 26
287 29
379 23
54 8
96 18
28 9
367 4
197 12
19 22
226 1
483 10
190 13
128 1
346 26
90 8
215 5
382 1
149 32
155 6
176 14

