128
231 2
455 29
198 32
426 3
330 3
462 14
85 14
134 23
352 5
111 18
259 19
21 31
183 5
323 2
364 30
214 27
451 24
355 9
35 32
331 29
487 4
418 11
334 15
182 9
403 24
478 13
302 22
491 5
78 29
494 14
423 7
240 25
79 30
373 21
78 11
329 32
347 26
338 32
296 11
68 26
310 1
210 12
247 16
448 16
365 21
117 7
499 4
11 25
302 32
42 31
290 30
294 24
468 7
19 31
2 30
313 19
483 30
274 21
426 13
404 26
13 1
280 28
228 30
292 5
377 1
259 7
407 32
154 22
387 21
136 24
462 12
50 16
26 8
376 23
396 8
92 21
4 15
476 11
364 3
464 9
304 18
259 2
330 12
83 24
140 10
455 18
370 24
249 31
179 5
197 19
256 4
187 19
10 22
193 29
280 12
317 27
82 19
144 15
191 18
478 30
296 20
283 17
139 16
263 10
8 3
96 31
450 2
373 23
295 13
35 14
425 24
361 22
278 4
120 8
82 9
2 17
232 20
97 6
167 15
39 22
21 10
288 22
267 4
280 1
429 30
487 9
17 23
62 31

