128
495 24
410 31
435 31
430 27
50 17
143 15
229 22
284 13
205 15
218 2
127 18
307 24
303 27
190 16
281 8
296 23
183 21
442 17
11 11
35 28
107 9
310 3
218 26
464 31
124 1
72 19
382 14
350 29
284 15
216 9
234 3
395 20
420 20
384 10
58 15
342 24
299 15
203 21
448 10
143 16
198 18
174 27
444 11
467 7
265 2
495 14
397 14
117 28
77 4
97 31
122 10
150 9
293 16
141 32
369 15
15 2
348 16
349 31
414 19
370 18
53 20
27 25
105 31
468 2
495 24
168 20
206 21
240 26
21 24
441 29
14 8
159 6
347 27
152 17
377 9
438 1
237 1
229 29
107 12
226 1
112 29
421 5
62 16
166 22
392 22
174 13
265 16
266 20
42 22
372 23
290 5
199 26
125 16
71 4
475 20
36 30
41 24
254 2
468 31
387 15
81 8
115 17
96 13
308 1
150 7
407 31
340 14
169 16
385 15
399 23
238 23
297 18
242 22
435 21
25 9
271 9
85 30
301 8
118 29
20 11
139 31
261 14
384 1
294 8
371 16
478 17
478 18
442 20

