128
230 1
151 24
365 6
152 22
34 4
147 1
224 7
19 23
364 10
232 31
245 29
333 18
296 25
12 13
82 11
338 27
327 12
175 7
337 10
472 2
109 14
366 9
89 8
239 12
65 3
210 25
207 3
155 2
483 22
230 16
452 3
79 10
406 29
469 30
430 12
316 18
114 1
222 14
65 25
5 25
431 3
142 25
109 28
194 31
313 7
359 16
341 25
41 22
393 9
191 26
5 18
359 14
39 5
171 27
245 19
435 23
93 4
367 25
223 8
144 15
482 6
150 22
142 23
271 18
403 29
207 19
171 21
228 1
201 26
163 21
277 13
471 1
377 25
422 15
248 17
486 13
270 27
254 19
325 12
148 16
189 14
338 23
122 2
419 27
167 17
267 7
29 26
16 13
278 1
356 18
353 25
458 6
475 32
236 4
439 27
83 19
88 20
337 9
189 31
31 16
187 18
2 12
239 29
324 28
305 19
393 13
371 11
278 30
414 9
349 20
247 19
331 10
54 15
43 27
422 21
302 28
74 31
175 16
172 31
180 24
29 24
133 28
274 22
449 11
127 25
391 1
431 5
59 16

