128
262 16
426 16
271 30
19 24
241 28
164 13
259 6
229 2
471 7
228 27
329 5
127 11
458 15
459 12
358 15
275 7
3 8
51 9
85 17
344 29
176 31
450 18
432 14
283 3
420 6
425 4
399 15
298 16
406 12
343 3
243 9
233 25
168 31
73 20
351 1
281 26
275 26
312 3
407 30
313 26
308 1
277 14
492 11
265 13
34 23
11 16
75 23
224 14
378 9
345 4
417 17
106 7
354 9
101 16
214 13
141 9
354 6
78 29
196 18
445 5
300 23
209 6
49 28
467 2
432 20
6 12
288 3
243 14
231 27
105 16
460 6
317 21
367 14
9 26
88 25
494 7
111 18
113 27
338 31
437 17
242 2
321 22
256 15
375 14
109 31
133 16
428 21
232 14
343 20
207 2
248 5
20 26
254 20
369 3
415 17
212 4
450 16
37 21
446 27
394 6
94 30
474 29
327 25
167 21
1 17
302 24
73 29
106 11
305 6
269 3
130 32
226 7
363 31
339 12
377 28
214 18
109 7
343 11
447 25
307 11
233 20
195 30
429 20
336 1
477 20
155 14
436 8
388 2

