128
11 4
74 31
417 13
325 3
343 5
142 3
33 28
314 17
284 12
313 31
373 22
448 7
33 21
130 19
193 14
297 28
169 22
82 26
171 23
392 9
319 9
116 23
4 17
15 31
108 4
494 9
81 1
271 14
486 24
248 30
437 28
85 22
265 19
395 19
277 10
300 3
170 7
149 21
399 31
459 18
342 16
486 27
97 9
240 6
360 7
463 5
382 28
106 18
270 8
433 22
137 32
344 2
350 16
330 28
6 8
253 16
444 7
474 8
199 17
325 14
403 15
206 24
390 11
281 23
14 13
204 2
148 3
159 17
390 24
244 32
480 25
95 23
439 24
166 13
132 10
46 30
332 12
169 2
414 29
380 8
366 4
429 21
334 12
362 24
279 17
471 2
157 5
384 7
484 21
83 3
242 13
500 22
232 20
147 13
320 14
276 25
461 29
402 23
496 19
370 10
71 4
384 12
256 3
174 3
20 5
57 21
89 4
38 8
427 32
168 6
210 8
487 30
352 12
316 11
2 1
324 32
376 31
3 11
178 29
73 25
285 17
161 17
36 23
396 10
234 11
412 3
210 14
465 21

