128
368 14
26 18
483 3
21 32
13 14
415 18
244 27
377 4
263 26
173 17
183 19
94 18
160 6
129 12
442 7
110 9
301 3
111 3
441 31
14 30
104 24
239 4
362 11
407 32
300 19
149 18
65 14
451 9
27 15
492 5
90 6
481 10
440 7
24 13
425 13
38 17
169 24
432 22
391 26
6 6
120 6
228 17
247 26
465 6
461 12
446 30
261 22
291 25
369 18
433 1
54 14
25 2
245 4
252 7
145 13
29 9
262 4
301 4
137 17
133 5
72 18
498 13
356 8
33 4
305 9
368 23
286 21
432 26
348 15
369 21
143 13
109 12
356 21
116 12
377 24
441 32
178 18
132 17
282 16
256 18
332 23
148 13
367 32
499 3
466 7
59 9
115 19
216 2
427 3
313 11
431 29
102 4
247 22
140 8
101 7
317 29
221 1
401 8
396 15
302 13
469 32
321 7
378 9
404 24
219 21
458 5
25 11
256 31
292 27
2 5
345 31
177 30
135 9
153 30
180 14
390 12
17 31
83 30
99 26
49 17
258 22
466 31
64 29
405 32
172 3
452 24
77 4
81 31

