128
346 3
287 7
412 22
88 19
402 31
145 1
210 7
426 30
191 11
107 20
320 26
363 7
231 7
203 3
497 10
106 2
72 32
13 11
434 28
381 19
239 30
20 4
32 21
57 23
467 27
466 18
397 12
13 31
22 23
222 30
40 23
64 11
423 8
298 12
379 18
394 29
259 17
417 19
61 1
217 4
192 18
17 16
65 13
66 15
448 15
308 3
318 11
302 28
298 3
299 21
480 4
145 3
309 17
381 25
386 29
452 13
482 17
16 10
53 9
484 32
220 4
339 29
162 16
128 32
90 30
340 5
469 4
159 21
397 27
202 6
339 9
210 4
473 13
70 22
157 5
377 12
196 23
264 22
206 31
373 23
168 8
68 29
195 2
117 31
469 30
224 19
323 21
331 31
361 4
24 22
304 9
97 16
319 9
61 5
455 25
375 3
496 22
463 10
20 15
485 20
101 12
294 19
345 28
421 1
375 5
426 7
49 23
382 11
87 26
447 5
226 10
15 17
263 5
262 22
112 2
121 32
306 15
338 14
242 2
58 9
258 4
147 18
358 4
377 24
321 11
336 14
496 3
118 19

