128
41 9
92 28
363 24
486 24
26 13
358 19
441 17
69 20
344 20
309 31
253 2
66 13
209 18
257 31
473 4
464 22
488 11
477 14
258 10
321 20
23 11
46 7
83 14
199 2
6 19
253 30
160 18
182 1
379 3
51 8
210 3
365 17
421 13
398 15
7 3
314 13
101 7
343 7
325 13
313 22
252 9
439 19
86 29
483 29
115 18
316 4
400 32
224 32
224 17
202 2
43 15
110 31
226 1
30 10
345 14
83 12
258 17
211 15
197 17
159 11
78 14
338 21
357 1
353 25
34 2
14 4
421 8
423 6
280 8
251 20
145 13
424 10
409 30
448 10
178 3
268 16
284 2
436 29
18 24
425 19
194 14
479 10
265 25
315 28
204 29
20 20
101 15
453 5
428 20
466 25
358 2
212 6
43 12
486 4
287 22
463 28
51 13
297 24
45 19
211 4
27 2
299 23
24 19
340 27
2 9
408 28
242 27
205 12
266 2
48 9
155 6
236 25
154 9
224 22
495 3
297 10
16 15
352 20
197 27
194 6
348 1
261 13
220 1
77 1
210 8
241 24
485 13
421 30

