128
217 7
50 24
344 1
300 22
136 21
17 2
162 14
189 28
175 14
190 18
457 8
237 2
337 20
147 4
362 22
271 3
141 16
314 32
284 2
185 11
422 1
141 11
343 25
210 1
459 12
422 11
71 2
328 4
317 23
15 15
156 13
109 8
308 10
484 11
239 28
214 32
369 2
95 11
386 16
79 32
55 28
111 14
361 22
237 17
116 23
207 24
239 15
271 30
441 6
340 3
274 29
191 30
258 13
56 24
440 18
339 23
189 1
472 9
91 20
429 2
162 24
181 12
302 24
149 30
409 16
273 30
393 3
175 10
99 2
293 10
67 24
384 31
284 3
155 14
118 32
432 31
71 8
382 28
267 18
318 28
222 26
357 14
256 20
263 10
317 24
95 8
391 19
490 6
37 13
400 11
432 3
137 2
294 19
225 9
252 22
236 5
483 28
86 10
179 9
443 4
108 6
83 14
368 16
23 12
420 6
262 7
104 31
204 18
121 5
310 20
174 29
49 9
340 10
98 7
186 5
218 17
282 20
142 1
223 17
256 31
438 2
197 30
120 13
291 16
385 8
463 10
496 27
418 27

