128
386 9
281 2
188 27
247 11
262 22
70 21
282 11
71 3
144 19
164 3
497 26
413 31
121 25
487 3
301 3
254 22
195 30
68 27
397 2
81 18
127 26
387 24
256 25
410 27
19 26
429 7
211 17
29 23
390 8
197 14
490 26
227 21
336 26
419 16
311 19
93 17
500 7
48 15
140 2
5 10
383 5
25 13
126 21
275 31
272 27
408 6
420 14
298 11
132 8
338 2
66 27
231 5
113 26
171 32
87 27
262 21
459 26
61 20
42 3
450 10
305 29
427 17
195 8
183 18
291 21
267 8
7 5
272 15
127 30
371 25
468 24
182 22
269 14
362 30
429 27
475 13
372 21
13 2
476 24
391 10
272 5
473 26
358 28
396 8
37 22
196 16
101 13
282 29
323 15
383 11
157 1
187 32
110 20
297 17
247 19
55 22
48 11
295 1
123 22
388 31
160 7
367 24
16 20
333 14
494 15
440 10
423 14
382 4
177 10
321 11
217 15
144 20
253 14
20 31
332 27
238 15
45 12
454 20
103 26
397 32
352 24
449 23
314 18
10 6
360 14
117 24
408 16
191 21

