128
492 31
478 1
335 6
136 29
427 7
274 26
401 21
496 26
118 10
77 24
282 31
191 21
362 24
25 4
302 12
461 5
259 3
357 21
176 5
401 31
427 19
24 23
171 27
76 32
376 24
371 17
394 5
2 24
389 30
283 10
306 32
335 20
34 19
8 9
35 24
15 2
434 30
492 16
260 8
95 27
219 5
144 21
378 17
220 6
374 6
307 23
97 29
94 6
36 17
43 6
213 21
235 18
447 31
454 10
146 16
45 4
217 16
328 30
184 3
63 13
401 17
88 13
362 13
331 29
338 1
318 6
281 9
47 7
131 24
137 12
104 21
491 28
220 7
117 3
217 27
163 17
47 18
318 24
135 16
8 28
372 22
373 4
230 23
231 4
475 27
135 22
251 29
249 18
295 9
76 12
43 2
332 13
340 25
201 18
148 24
1 23
385 13
23 10
495 5
325 17
323 27
398 13
288 22
246 26
362 17
297 32
410 1
49 5
129 17
278 1
308 2
499 21
150 17
10 17
477 11
317 19
145 7
75 28
212 28
366 26
492 26
181 30
142 5
2 19
329 24
103 29
409 9
385 7

