128
370 1
350 18
284 12
438 24
373 16
85 24
308 32
266 9
10 23
323 5
342 12
310 3
277 21
484 7
196 10
354 1
110 19
66 30
2 8
161 30
411 1
237 30
289 30
166 14
28 21
194 9
444 12
259 8
276 18
314 32
207 19
36 5
73 18
414 2
457 22
151 15
170 19
288 22
240 18
108 3
146 21
339 5
156 21
160 32
394 25
255 1
344 30
121 16
95 6
194 7
459 16
121 16
83 1
438 18
66 9
293 23
197 31
299 29
432 6
136 25
134 26
129 9
383 29
245 6
282 10
232 28
485 1
220 27
113 17
93 18
53 1
240 21
367 2
305 18
347 12
327 4
33 3
309 28
204 5
97 1
194 12
77 6
32 8
449 12
304 13
25 16
277 4
308 11
153 21
293 11
256 7
331 5
425 27
408 8
395 32
465 12
35 5
469 23
40 17
414 3
309 31
402 9
54 21
80 7
173 16
57 9
342 31
69 30
229 12
246 23
35 14
414 21
454 19
487 29
3 13
187 32
191 16
248 12
500 27
450 13
402 3
305 31
97 1
213 26
52 2
152 22
19 18
6 32

