128
153 15
214 19
153 26
243 23
199 14
100 13
13 9
303 7
266 26
404 28
444 27
208 2
293 27
129 1
162 2
397 22
480 18
232 28
175 6
295 1
120 14
149 32
190 32
199 15
173 10
190 12
316 9
389 29
136 21
277 17
319 21
462 6
134 13
430 16
223 20
385 6
321 29
325 22
484 11
168 21
476 13
476 24
106 13
252 25
85 16
241 23
52 14
53 9
450 30
196 12
409 8
365 17
465 22
442 32
416 9
308 20
169 20
387 10
204 30
70 32
17 10
395 16
215 19
456 17
280 15
188 32
435 13
472 27
446 21
198 1
225 14
104 17
493 30
223 32
127 28
335 7
454 21
62 28
27 13
184 22
372 8
49 18
128 4
204 21
284 5
433 20
462 9
457 18
378 31
353 1
322 16
351 31
268 29
295 11
281 6
304 4
405 21
309 32
224 32
456 16
117 9
71 22
129 7
236 22
57 24
362 31
127 29
357 11
477 23
393 1
333 20
261 9
252 25
121 32
285 28
39 29
316 17
182 20
488 25
302 28
357 31
126 23
227 23
229 19
485 21
312 9
373 24
406 16

