128
44 28
291 19
9 31
19 18
377 1
127 2
339 23
441 31
217 13
196 9
207 2
427 11
7 17
457 4
94 12
406 2
232 29
412 24
271 2
493 15
438 7
429 12
286 1
3 2
150 6
331 28
400 1
54 10
138 7
329 23
22 23
424 25
135 11
345 13
321 25
403 14
160 11
34 29
52 4
150 25
437 8
112 16
441 26
93 26
28 6
364 17
360 8
154 14
326 26
102 30
186 20
404 17
187 5
493 10
176 11
142 16
474 21
448 26
122 24
195 13
313 3
402 24
198 7
369 27
404 30
169 17
326 4
138 16
360 14
101 15
124 26
146 10
198 29
215 28
337 22
320 17
320 5
173 1
127 13
39 10
363 19
175 28
278 28
51 29
145 3
23 1
96 9
70 9
465 12
464 25
397 12
302 24
356 18
84 27
218 19
216 8
181 30
119 27
405 13
299 2
171 2
170 10
342 11
411 14
374 22
459 23
361 16
338 17
85 6
403 30
396 14
234 28
212 8
238 4
225 13
369 3
358 6
13 23
128 31
356 6
148 10
476 21
73 9
77 25
86 15
163 5
300 28
261 7

