128
352 3
485 26
295 23
458 25
486 9
137 25
323 13
240 20
376 19
162 10
51 20
102 25
179 19
172 10
376 8
438 4
59 2
153 17
420 6
397 9
194 29
418 12
22 9
452 13
107 1
214 30
108 11
462 18
53 17
35 5
229 17
156 3
98 4
491 10
121 28
422 22
272 19
34 1
495 1
41 22
153 3
463 20
273 8
397 10
409 31
106 17
107 21
127 1
272 5
222 32
356 27
409 24
334 22
124 8
482 5
485 22
123 15
393 19
75 13
72 15
424 9
323 26
289 17
86 20
269 3
155 21
154 8
456 11
209 3
370 19
447 15
324 13
153 17
168 19
209 27
413 8
120 31
14 32
387 27
172 4
110 6
132 27
241 3
305 10
17 22
492 12
380 3
236 1
235 23
111 16
494 20
279 21
462 24
224 1
95 7
4 16
221 27
170 25
73 14
262 1
147 29
256 7
272 4
411 18
246 25
153 11
248 24
203 30
427 19
410 1
173 1
224 5
399 25
58 23
218 31
263 9
276 3
95 27
362 21
256 31
229 13
198 25
44 8
390 18
30 19
491 19
63 2
447 13

