128
125 23
345 10
349 20
170 11
160 19
226 1
259 29
317 32
97 21
147 17
294 2
261 9
442 16
24 5
269 29
495 1
307 15
299 28
191 8
110 2
23 3
439 13
351 31
380 31
147 2
108 1
183 12
229 20
168 12
100 12
128 14
181 27
285 23
442 31
150 27
28 24
237 2
156 27
73 16
237 19
413 8
215 20
416 27
423 15
194 31
370 14
468 6
108 8
380 29
430 26
451 6
53 19
423 21
125 7
96 5
418 20
409 12
307 32
75 14
258 12
104 7
145 23
29 32
175 8
152 4
437 18
413 18
492 16
402 16
34 9
181 15
208 1
435 3
116 1
448 13
332 27
351 5
473 31
80 15
287 32
103 7
389 27
268 21
202 29
348 32
17 24
38 1
320 8
91 23
184 18
11 20
440 22
344 28
92 27
411 26
210 29
157 11
379 24
479 1
93 2
168 25
58 13
185 17
381 27
16 28
16 10
283 23
91 6
367 19
253 29
412 26
141 12
60 15
344 2
451 24
68 14
396 29
27 9
205 15
59 20
322 15
450 25
381 28
434 23
74 30
375 26
148 11
257 27

