128
340 12
109 32
204 3
158 11
129 11
486 5
82 21
77 7
479 13
286 1
76 28
24 5
216 16
417 11
423 27
464 2
191 9
374 6
483 7
349 11
182 18
43 15
74 11
101 28
36 11
116 27
446 16
263 10
383 8
64 17
318 23
419 8
303 20
254 10
174 30
100 11
139 3
470 21
465 14
320 4
12 12
463 30
75 29
471 25
108 26
114 6
264 28
433 15
175 26
204 8
343 11
55 6
297 12
398 26
149 9
113 17
4 27
118 14
152 20
387 27
325 16
184 28
383 13
154 25
358 1
256 29
12 18
34 24
389 27
273 22
499 14
198 23
164 19
432 31
106 10
426 18
169 25
17 3
281 23
459 11
231 27
191 2
376 8
254 9
6 10
154 4
115 3
210 31
369 30
297 26
311 22
255 32
35 23
234 19
145 29
157 4
407 3
321 2
422 30
250 11
452 7
135 30
457 8
196 29
337 25
2 12
66 32
331 28
83 12
119 3
256 11
306 30
474 11
500 23
200 9
174 15
356 16
69 24
151 8
341 28
460 10
487 14
154 17
181 32
380 23
314 4
426 8
353 15

