128
335 30
135 16
3 30
167 11
273 14
281 7
137 25
107 12
163 11
415 19
427 3
232 7
363 10
96 10
20 20
90 18
145 17
309 28
150 27
10 22
36 26
413 28
326 23
128 5
289 18
279 16
88 7
458 30
44 10
299 19
229 21
120 13
113 5
224 18
255 14
387 7
375 3
314 25
169 9
245 26
335 19
377 14
89 30
76 8
239 18
46 3
114 30
192 10
94 23
191 32
500 2
490 11
376 8
279 29
96 31
206 10
249 30
56 10
267 3
469 2
356 11
324 26
32 19
47 9
282 30
324 13
315 14
7 2
469 25
290 4
159 19
346 8
428 5
97 11
31 1
52 26
283 15
207 18
242 22
290 11
343 2
303 17
131 14
50 3
446 16
162 29
38 19
216 18
259 20
364 29
432 7
379 31
141 9
380 22
190 10
256 16
339 23
40 25
72 18
67 9
133 32
325 2
87 8
339 9
407 14
486 15
116 28
53 9
300 28
342 2
157 30
225 15
8 17
463 23
58 1
299 2
461 4
415 19
219 22
95 6
455 32
464 23
147 32
31 31
3 28
140 32
321 16
154 12

