128
480 18
261 4
464 12
191 24
446 6
457 17
144 2
299 13
78 30
71 13
162 6
217 8
487 3
295 20
497 32
2 8
485 3
59 13
86 9
400 32
94 12
344 10
497 15
366 22
32 4
343 29
114 15
416 12
6 3
219 2
406 8
330 18
186 20
190 24
341 1
155 10
148 6
375 25
492 8
70 32
232 16
68 21
323 32
296 16
46 30
33 3
437 26
340 15
454 18
98 10
470 28
431 30
101 6
262 21
249 3
468 24
95 15
176 17
370 11
300 15
336 16
365 13
398 5
99 23
86 32
496 7
299 18
172 27
435 25
491 4
468 2
367 14
345 7
34 30
365 29
481 25
368 29
177 21
401 31
115 22
470 10
41 24
240 32
18 18
201 1
61 20
318 16
433 18
322 30
80 6
2 28
238 5
404 2
134 25
40 4
290 29
414 10
128 9
246 6
178 2
358 15
465 7
18 21
41 19
66 8
376 11
179 22
435 26
379 8
238 23
20 32
279 25
209 7
437 18
256 26
251 17
56 7
491 5
315 15
115 12
150 15
298 24
308 5
114 26
4 3
456 23
230 3
159 11

