128
372 14
401 11
293 27
230 27
415 16
212 20
100 7
217 25
318 15
18 23
50 1
222 16
268 8
95 28
7 31
492 26
60 32
312 16
290 21
462 24
352 1
35 19
191 23
115 17
78 20
223 11
145 20
98 28
155 12
379 13
447 6
391 22
317 10
210 30
95 15
13 2
196 31
101 22
150 31
246 27
199 13
205 7
264 31
458 27
50 24
431 20
409 13
354 1
23 15
182 21
437 18
266 12
92 10
370 5
285 7
319 27
287 4
177 19
178 2
173 11
321 19
75 21
424 8
305 22
194 18
266 18
383 31
114 18
453 31
67 17
301 21
219 24
260 11
342 25
380 22
368 4
468 2
132 7
221 12
40 30
125 5
395 31
40 12
332 12
194 6
80 15
135 6
286 18
396 15
183 27
492 14
178 11
491 21
202 23
448 13
328 28
398 2
430 21
434 9
484 23
11 27
121 9
212 10
38 15
384 4
85 27
269 6
186 31
422 23
25 25
479 8
144 20
278 13
368 23
185 7
337 3
265 18
339 32
67 5
286 19
448 22
29 25
131 18
179 20
452 12
124 11
407 31
362 28

