128
134 12
29 25
143 16
394 18
43 17
172 9
172 10
295 26
98 12
203 20
240 7
384 28
122 23
240 13
430 9
358 32
104 18
408 7
149 29
172 8
477 24
192 8
93 30
482 31
286 8
26 25
430 29
44 23
196 15
368 29
155 13
392 11
462 19
357 31
451 8
302 28
427 21
131 32
182 4
414 27
499 15
343 24
199 6
479 30
372 18
371 11
422 22
489 27
413 5
345 23
428 30
346 11
342 21
226 4
440 7
342 3
77 17
218 31
274 8
373 10
393 23
24 22
356 8
401 20
208 9
483 23
95 28
341 24
156 10
163 8
56 25
238 4
393 3
463 30
3 31
311 3
77 26
413 32
49 9
52 12
261 30
95 23
65 3
495 9
205 9
168 28
13 25
96 9
211 2
423 5
392 13
312 20
271 32
103 7
240 6
279 24
391 21
207 28
159 29
28 3
209 19
475 6
155 30
330 5
479 20
282 30
189 17
393 7
372 3
481 23
353 31
462 11
483 28
402 10
220 9
356 29
179 10
354 5
251 15
50 5
287 19
302 3
127 18
489 18
41 21
460 29
80 21
339 6

