128
59 25
312 21
111 18
442 12
427 21
305 32
65 19
84 18
211 30
409 13
469 1
159 22
270 21
286 32
345 2
126 15
262 5
375 16
450 12
256 8
88 16
300 28
166 11
86 5
364 6
29 8
398 23
242 27
96 31
263 12
112 8
194 26
381 28
449 2
235 4
58 7
264 17
474 21
443 15
361 2
108 10
342 25
428 7
376 11
313 14
314 4
229 15
149 1
278 6
439 17
153 12
187 28
56 24
49 22
423 9
7 26
2 32
387 18
134 6
304 10
103 18
370 7
328 10
440 10
319 10
470 24
77 16
91 16
167 3
333 13
252 27
323 29
391 25
34 32
174 10
322 16
159 23
458 26
412 29
295 15
478 28
406 26
271 24
241 18
487 13
230 6
116 4
342 2
316 16
233 25
65 10
116 19
96 30
60 32
174 15
294 32
470 19
409 21
398 2
30 4
426 3
473 21
367 11
102 2
42 23
23 18
240 2
180 32
63 15
399 25
445 12
92 7
94 16
7 7
353 32
227 31
350 19
23 8
217 9
250 22
311 4
215 30
113 10
441 4
485 27
116 21
234 19
47 3

