128
33 25
62 28
115 24
437 31
26 28
182 6
263 9
364 31
500 22
88 17
93 15
456 26
12 10
56 22
91 25
300 27
497 9
63 19
253 27
157 6
451 27
367 25
307 6
431 7
471 6
359 20
68 26
429 28
323 4
73 2
100 25
240 12
437 18
58 1
153 15
170 3
109 17
19 11
470 17
425 17
170 8
356 10
301 16
169 4
472 21
241 15
169 32
19 14
486 24
498 30
494 20
444 14
408 26
221 25
262 9
21 31
132 12
20 17
12 12
408 15
133 24
53 13
479 23
258 8
499 8
453 20
127 4
298 30
209 26
466 6
366 31
401 18
362 12
282 5
312 21
207 24
336 16
96 2
34 30
130 20
313 14
228 31
182 9
28 14
246 17
360 3
479 24
460 25
383 21
417 26
281 16
489 20
87 21
134 4
142 31
356 22
48 31
448 29
311 15
471 8
467 30
18 14
293 30
490 23
70 2
73 27
233 1
318 15
349 3
495 6
417 10
147 13
284 14
397 14
420 19
1 27
400 30
388 4
347 13
71 13
486 11
119 31
55 20
93 32
91 31
245 23
288 32
175 15

