128
489 11
403 21
136 28
143 12
247 28
37 21
490 26
156 20
220 1
197 29
447 25
310 2
299 12
468 10
132 4
33 24
78 32
317 2
143 15
49 29
139 26
101 32
95 12
411 18
100 19
62 7
7 27
352 2
283 19
363 22
59 23
385 4
34 25
405 16
216 18
269 18
391 29
333 29
477 3
2 20
53 27
474 31
137 1
68 27
496 10
36 10
29 29
393 22
177 18
90 28
103 18
97 13
430 29
181 22
375 22
334 19
96 3
190 4
336 17
207 23
39 14
88 27
366 12
480 31
481 21
286 31
130 7
427 20
163 19
169 2
140 18
316 23
13 5
171 24
114 25
382 16
470 13
422 16
152 25
82 21
322 7
67 19
249 30
66 16
452 15
449 24
88 4
30 20
121 8
447 30
280 24
89 6
148 22
289 28
410 2
284 27
88 2
238 21
195 19
100 15
37 20
90 1
15 19
224 31
171 31
72 26
202 8
403 26
21 19
1 11
412 4
217 28
337 18
40 4
257 19
30 5
242 23
269 28
89 25
95 3
367 22
413 12
30 27
269 26
358 25
184 1
108 9
472 1

