128
191 20
137 13
222 14
436 32
195 1
163 27
175 26
497 18
133 29
264 23
215 22
362 30
274 4
185 13
299 11
84 9
310 5
49 12
414 28
243 24
384 29
306 15
455 15
472 27
483 16
365 18
145 30
355 14
353 20
454 27
118 17
492 28
109 24
459 6
376 17
333 15
457 15
169 3
293 29
349 7
432 14
176 16
143 7
345 12
422 22
498 23
186 9
466 27
381 24
168 20
476 29
366 21
139 31
399 7
379 20
409 6
165 5
237 11
319 17
6 4
82 28
130 11
344 12
61 4
371 5
331 11
81 25
335 11
83 21
353 17
332 29
326 8
49 10
359 11
346 8
310 31
219 8
193 7
35 14
490 21
186 1
455 18
369 29
336 15
374 12
467 25
300 20
405 9
205 19
419 22
478 1
328 29
20 28
463 26
477 12
162 26
476 13
279 4
257 6
498 26
153 16
39 25
459 19
5 31
57 19
416 30
3 7
434 26
467 28
279 11
200 1
309 19
261 15
371 21
405 8
351 5
388 1
213 26
183 29
213 23
492 12
328 2
223 14
220 21
157 14
483 16
142 3
383 26

