128
183 2
140 18
58 13
390 9
72 25
426 32
349 19
475 7
262 16
491 9
26 9
486 11
231 13
314 8
202 28
376 4
345 23
449 30
207 7
254 2
431 15
469 16
177 16
194 11
127 16
383 20
448 20
362 23
136 23
42 29
34 25
425 14
135 21
131 18
63 17
323 26
63 20
125 32
439 30
382 1
205 28
420 4
335 17
182 14
159 23
11 24
343 11
69 30
307 15
23 26
435 1
215 30
340 27
293 22
8 6
46 4
141 9
363 15
449 1
148 31
471 6
298 6
444 26
143 15
121 17
472 7
361 26
256 5
376 32
182 11
425 16
94 5
396 20
95 17
204 15
303 11
252 5
340 4
170 18
446 6
350 25
49 18
306 16
466 5
56 16
63 20
79 28
101 22
315 11
22 3
437 21
397 13
129 28
236 22
421 1
440 14
301 8
35 10
143 21
286 6
500 28
382 2
207 18
107 5
176 29
243 21
157 19
5 9
78 16
434 26
272 25
323 8
64 6
29 23
210 30
108 29
217 21
342 15
322 20
147 2
280 26
314 32
380 22
72 26
409 6
159 20
82 26
455 30

