128
192 10
68 15
266 23
12 7
99 26
280 30
315 5
369 4
40 6
146 13
224 32
299 3
191 21
75 15
459 7
304 6
384 15
428 1
169 32
227 27
437 31
333 4
115 17
239 15
122 20
407 13
492 5
335 2
1 29
100 15
483 11
164 18
125 8
218 29
383 25
264 31
155 16
422 25
296 9
275 21
248 2
317 15
442 15
272 31
411 32
457 13
126 1
462 3
212 15
43 14
327 22
412 29
253 14
102 4
198 28
168 17
113 24
388 3
486 15
349 16
234 13
492 24
425 25
110 20
484 24
81 14
162 13
143 18
30 32
314 15
323 13
375 24
317 30
342 10
273 26
402 26
198 21
217 19
346 10
462 21
330 7
490 15
239 12
256 12
227 21
346 6
402 24
337 6
334 22
223 2
71 8
315 20
369 12
242 10
209 12
246 22
450 31
232 4
219 4
455 21
408 8
346 25
223 22
82 20
415 13
217 25
280 16
105 16
267 18
65 15
105 22
217 14
397 8
241 31
139 31
411 3
198 13
411 5
494 25
180 13
149 13
245 24
280 17
280 22
251 32
372 31
6 8
409 10

