128
333 16
163 13
301 11
7 18
261 13
440 15
460 2
71 30
262 8
329 27
343 5
194 28
263 28
441 1
405 31
4 21
394 10
57 30
488 15
103 29
447 14
131 11
487 2
88 1
377 12
223 16
121 4
147 15
416 23
7 8
97 26
260 2
379 29
387 22
231 13
318 6
30 29
288 8
150 23
116 6
143 2
97 19
106 31
497 5
385 15
44 9
216 7
174 10
323 8
311 14
48 17
83 13
429 2
445 10
448 28
307 26
398 4
56 3
202 12
375 23
258 18
419 1
276 9
418 27
152 9
4 4
61 26
128 5
11 4
270 18
484 28
48 29
183 23
87 1
7 5
323 28
434 21
89 13
185 6
159 13
86 14
388 6
303 31
486 1
143 23
271 2
35 30
210 17
124 28
453 22
108 7
98 21
16 14
101 24
43 8
388 1
273 19
126 28
346 16
240 20
218 14
465 24
31 18
321 31
321 25
136 12
48 5
320 27
270 32
466 5
31 22
293 28
332 10
83 25
29 18
16 31
36 32
350 10
5 30
220 29
295 28
104 22
440 7
256 18
47 1
374 13
426 26
84 30

