128
304 15
83 24
306 16
295 28
500 9
459 13
111 3
210 28
380 13
57 12
316 30
429 7
316 19
323 3
393 32
68 28
402 26
300 11
385 14
174 8
106 4
60 9
254 6
312 14
462 20
109 29
226 21
223 13
439 1
275 19
452 22
379 13
195 2
411 24
475 28
315 4
420 19
148 5
348 16
158 9
179 11
142 20
155 8
148 6
113 15
276 8
468 6
417 19
35 11
446 21
115 8
293 6
338 4
262 17
251 28
50 22
38 31
37 4
406 9
489 14
311 1
82 26
122 10
144 13
380 21
369 26
53 25
83 22
305 9
131 15
264 32
40 9
222 13
196 3
465 21
145 11
301 6
404 26
279 16
282 2
340 7
356 32
15 26
486 27
134 28
430 5
147 13
401 24
249 25
346 13
485 10
339 1
419 27
410 29
494 32
59 13
194 26
429 4
55 2
231 21
233 8
437 23
332 6
98 13
138 7
293 10
137 16
110 31
226 3
456 19
210 26
255 7
483 11
315 5
448 9
225 8
56 18
410 3
351 11
319 20
154 8
313 2
95 6
48 32
292 27
242 10
220 16
108 6

