128
39 8
2 31
486 22
93 25
108 18
233 4
98 20
296 26
203 1
103 31
347 26
138 23
61 16
218 22
132 13
483 22
148 32
249 13
473 5
445 1
318 18
68 32
157 3
117 19
243 23
334 21
356 31
287 4
39 28
253 22
288 31
396 27
423 32
420 19
336 12
327 25
393 22
420 2
312 17
112 26
107 5
494 23
416 24
230 18
339 19
327 26
421 18
413 15
217 28
442 20
47 20
57 4
366 4
341 1
12 24
83 27
249 8
285 32
60 10
321 18
200 23
376 13
221 32
19 25
323 28
341 1
80 25
160 25
224 8
325 16
304 19
58 28
335 26
419 26
59 11
495 31
385 22
435 9
361 5
246 15
413 14
404 16
334 19
492 1
415 32
496 26
75 25
473 13
450 15
6 21
481 16
471 25
222 29
174 26
209 3
469 1
208 24
316 21
286 23
301 4
123 5
473 9
53 17
457 15
39 26
215 23
313 21
88 14
441 17
320 17
383 16
122 2
11 1
482 16
96 10
52 14
430 16
118 11
321 10
189 31
239 27
230 11
87 5
289 31
281 32
379 7
99 32
252 21

