256
241 2
369 19
276 1
296 9
96 20
184 1
169 20
113 22
238 6
227 19
106 17
175 14
475 4
191 15
51 5
26 27
66 26
477 13
119 28
445 14
388 4
330 12
400 22
165 1
123 16
363 8
448 29
146 18
84 16
349 30
232 18
277 25
471 5
341 5
229 26
302 16
117 31
375 20
424 27
356 15
430 6
478 10
311 11
151 2
162 27
232 13
224 24
393 23
464 10
135 28
223 13
11 31
419 5
59 31
424 6
93 9
336 2
434 14
397 13
391 6
435 14
155 19
333 23
57 1
484 3
192 2
479 7
397 26
439 19
92 10
72 4
271 3
105 4
256 17
140 31
263 23
120 9
437 17
315 17
453 31
35 12
356 2
198 32
411 29
262 18
202 10
389 24
444 25
28 28
198 11
198 32
445 5
80 9
473 6
225 5
396 12
273 4
273 2
59 7
310 21
388 4
6 12
335 9
120 22
500 13
233 29
332 1
218 19
410 22
157 2
319 28
393 11
7 25
412 2
199 10
238 22
85 19
65 7
395 5
485 31
205 29
295 29
393 28
299 6
54 7
288 12
211 20
314 1
345 1
486 11
298 23
333 22
169 1
153 4
433 25
162 22
205 28
26 17
320 32
103 9
483 30
448 9
69 9
113 29
189 11
160 19
173 8
220 10
92 4
109 13
212 14
366 16
77 19
217 32
418 23
324 24
60 27
444 4
235 9
97 12
359 8
410 19
451 5
76 22
205 8
418 4
305 3
184 30
377 20
481 7
422 5
46 29
427 30
164 2
250 32
437 24
367 10
490 21
326 6
63 22
453 12
298 2
467 13
343 3
84 27
137 9
479 7
189 30
376 4
271 9
112 11
84 10
404 9
499 1
342 9
259 27
244 16
404 2
388 26
53 27
420 13
327 19
75 7
8 22
218 14
426 13
336 29
11 11
286 21
319 19
273 1
125 16
336 8
226 11
273 22
397 21
170 7
295 21
89 22
398 23
283 8
487 26
36 25
60 9
209 14
4 9
159 8
497 30
156 10
421 16
203 13
324 32
40 10
320 32
271 30
286 1
245 25
374 8
121 29
157 30
163 12
162 25
287 30
166 2
83 30
74 5
255 21
361 30
219 24
125 29
101 19
394 25
35 23
477 27
52 17
336 30

