256
69 12
414 32
305 8
225 20
13 9
10 7
167 2
305 29
287 5
158 14
308 29
381 12
248 4
48 1
107 27
230 11
307 7
442 11
427 10
107 27
382 16
69 21
65 9
245 7
25 2
228 21
339 25
188 14
216 7
370 2
417 15
200 7
94 21
186 4
306 16
162 16
111 30
88 15
306 20
230 18
86 9
366 20
269 5
361 28
139 14
157 12
180 8
130 17
496 3
144 26
162 17
341 16
386 12
151 19
111 20
225 20
40 10
471 29
347 7
144 25
60 21
392 16
156 22
364 24
392 20
157 10
164 25
29 18
128 23
444 2
262 8
286 6
314 28
314 32
87 25
496 22
257 28
89 9
465 5
268 8
312 16
113 27
124 10
228 11
172 16
340 10
43 1
439 8
233 16
367 31
60 31
20 21
454 25
81 10
265 28
477 20
123 2
254 18
83 26
348 10
357 7
391 31
16 1
459 4
284 13
270 24
391 21
160 4
101 8
465 9
291 30
292 13
383 10
362 9
231 25
218 11
247 5
189 6
141 15
213 21
176 10
268 6
123 23
114 11
222 22
440 32
371 15
128 17
128 9
217 26
49 11
148 31
247 13
261 19
187 13
163 22
307 18
280 21
60 5
3 5
322 18
144 13
25 15
445 24
259 22
214 23
300 21
454 14
401 26
136 28
38 7
153 28
80 12
124 32
176 15
272 10
420 8
42 32
186 18
448 13
351 9
455 6
373 24
399 30
325 19
65 23
185 9
58 16
1 2
255 4
160 19
377 15
294 2
23 15
108 6
479 26
482 30
312 10
193 18
183 6
96 31
84 28
464 13
396 28
322 26
343 29
380 12
412 5
341 26
356 32
107 14
110 12
119 25
497 32
482 28
33 14
426 32
61 1
108 20
56 26
162 27
114 25
470 1
66 18
162 17
110 24
310 11
207 9
491 24
444 12
383 12
253 12
443 2
401 22
473 8
331 2
206 5
27 7
321 24
337 31
68 10
102 5
368 25
157 22
216 20
33 2
279 26
109 9
451 25
123 15
317 13
261 2
101 11
49 22
434 1
108 9
386 9
229 29
221 26
462 16
337 18
385 12
131 30
188 5
354 18
60 22
319 4
44 15
310 32
396 15
32 23
95 9
64 3
21 32
60 22
72 9

