256
495 24
410 31
435 31
430 27
50 17
143 15
229 22
284 13
205 15
218 2
127 18
307 24
303 27
190 16
281 8
296 23
183 21
442 17
11 11
35 28
107 9
310 3
218 26
464 31
124 1
72 19
382 14
350 29
284 15
216 9
234 3
395 20
420 20
384 10
58 15
342 24
299 15
203 21
448 10
143 16
198 18
174 27
444 11
467 7
265 2
495 14
397 14
117 28
77 4
97 31
122 10
150 9
293 16
141 32
369 15
15 2
348 16
349 31
414 19
370 18
53 20
27 25
105 31
468 2
495 24
168 20
206 21
240 26
21 24
441 29
14 8
159 6
347 27
152 17
377 9
438 1
237 1
229 29
107 12
226 1
112 29
421 5
62 16
166 22
392 22
174 13
265 16
266 20
42 22
372 23
290 5
199 26
125 16
71 4
475 20
36 30
41 24
254 2
468 31
387 15
81 8
115 17
96 13
308 1
150 7
407 31
340 14
169 16
385 15
399 23
238 23
297 18
242 22
435 21
25 9
271 9
85 30
301 8
118 29
20 11
139 31
261 14
384 1
294 8
371 16
478 17
478 18
442 20
28 21
484 28
401 11
360 13
492 28
368 17
120 28
431 27
166 3
88 5
472 5
316 18
277 9
6 26
419 4
177 2
176 21
53 20
267 32
413 6
423 20
70 19
19 16
5 8
42 20
232 21
177 23
207 13
44 8
58 26
11 19
111 2
247 23
114 5
426 22
122 16
157 31
94 24
42 14
359 31
42 11
448 26
341 26
22 32
69 11
197 12
165 19
117 3
25 2
275 30
107 16
2 32
290 15
291 27
397 21
118 30
443 13
7 32
274 28
19 6
458 24
273 3
78 30
385 19
323 12
256 22
111 29
397 9
56 11
435 8
39 28
241 30
172 27
117 13
126 27
139 27
54 3
57 28
152 2
86 31
305 29
108 7
450 8
19 5
42 18
308 16
209 16
61 21
146 9
29 31
164 19
205 21
430 22
52 21
55 29
259 3
330 6
477 19
221 24
487 30
301 2
342 21
45 26
445 26
283 10
312 6
140 16
366 17
129 10
354 27
406 24
245 31
330 6
217 10
421 7
164 5
348 21
285 24
110 2
433 16
203 8
189 6
464 15
263 28
472 28
479 29
431 19
464 16

