256
241 20
237 12
73 32
326 26
14 12
83 21
135 1
368 22
148 5
295 23
258 8
322 29
107 7
4 13
244 27
181 4
302 17
7 2
53 16
339 26
115 26
434 13
366 9
114 22
326 21
72 31
104 17
212 30
419 11
391 2
225 3
145 19
339 19
104 3
187 15
308 29
68 10
402 1
42 11
446 31
127 2
154 27
466 25
144 9
283 2
46 8
456 15
90 23
45 13
37 3
487 21
236 2
438 9
339 15
355 24
402 18
357 11
416 11
123 3
207 5
297 28
116 8
146 5
250 11
250 23
125 12
335 12
142 8
348 16
306 7
467 3
388 32
113 3
498 15
65 28
492 9
307 31
317 1
312 14
495 21
56 23
148 14
331 13
217 22
472 11
84 3
81 19
114 26
125 11
280 26
166 27
402 28
378 18
276 29
136 6
101 3
241 16
137 31
241 5
452 24
375 16
2 28
6 27
1 23
429 28
172 10
51 17
270 16
143 1
320 2
19 28
24 3
19 20
33 7
13 20
323 7
371 24
46 5
143 22
211 23
178 10
17 8
158 6
359 28
34 2
281 12
301 1
14 7
316 14
282 12
382 12
419 4
131 20
332 21
362 2
196 27
275 12
470 5
201 24
436 22
209 29
138 21
373 15
31 16
49 8
220 30
119 14
385 22
453 9
374 10
462 21
56 21
132 5
373 16
56 24
418 20
376 7
476 16
57 3
140 17
170 27
90 29
496 15
390 8
43 27
114 32
184 21
92 15
46 12
351 21
124 4
69 23
26 16
99 30
402 6
391 28
96 28
64 7
306 9
242 32
215 31
56 18
228 19
65 13
315 31
77 2
34 9
288 11
41 30
492 10
123 22
365 2
66 28
12 27
380 22
423 7
312 26
344 7
328 24
15 10
26 20
431 23
88 3
469 20
456 9
70 3
46 2
500 15
214 12
334 1
469 4
243 20
437 31
23 8
198 13
406 12
480 28
134 28
406 3
47 30
415 12
292 8
402 3
423 11
6 32
263 14
67 18
458 31
444 28
266 5
368 23
216 8
211 18
119 16
452 17
329 30
133 12
29 10
263 27
204 28
410 30
94 28
323 11
478 30
382 32
259 13
118 18
152 8
175 22
444 22
139 4
195 3
96 24
8 30
26 31
477 12

