256
192 3
406 25
37 26
234 24
196 14
409 21
466 15
337 31
62 27
451 14
445 9
429 29
302 28
394 28
461 12
67 8
466 24
156 23
406 13
214 13
155 2
37 4
376 10
10 5
156 25
166 25
1 3
325 22
494 6
77 22
285 32
309 31
319 28
105 8
204 2
29 2
143 21
330 19
290 7
159 2
299 9
250 31
123 14
305 8
495 5
273 3
228 25
233 27
248 21
326 27
358 22
309 25
419 2
223 8
328 1
357 7
409 2
129 19
31 25
350 1
18 22
156 1
406 4
347 1
77 29
456 14
26 24
286 28
253 16
356 32
241 12
58 25
318 11
32 28
323 5
225 32
207 32
289 8
119 27
469 27
307 4
481 9
187 14
128 19
478 7
222 14
47 24
218 32
170 17
415 4
186 23
184 16
222 4
207 25
106 31
239 21
98 27
97 28
189 32
426 6
411 32
235 25
131 24
24 24
257 18
495 30
429 30
333 30
1 3
194 31
214 9
371 3
355 15
299 11
394 12
412 20
75 2
260 1
450 3
208 2
73 19
147 29
232 11
206 17
221 16
339 14
36 1
449 26
379 15
137 28
322 20
428 5
46 27
305 15
174 29
404 18
419 14
450 30
232 7
382 4
406 28
90 13
484 2
183 10
136 11
486 9
70 21
57 19
303 18
461 12
430 16
73 28
117 10
497 20
177 7
152 6
302 9
375 30
130 25
499 25
79 12
73 32
100 14
115 15
195 19
378 12
143 23
471 31
324 31
459 16
49 10
434 7
54 8
340 27
68 10
447 2
26 19
497 21
352 19
27 30
390 29
21 8
59 15
494 18
14 24
234 18
265 23
116 18
178 27
352 29
293 30
94 26
21 30
294 16
405 17
122 22
429 22
29 31
189 2
220 18
178 17
115 26
323 27
112 4
185 23
448 25
465 29
498 5
335 32
60 11
316 1
384 28
27 28
82 27
137 9
416 22
458 14
460 32
112 27
484 29
237 3
329 5
176 7
389 26
322 29
248 21
481 3
232 19
246 9
221 26
317 24
400 10
370 31
258 13
133 13
481 9
23 30
422 14
488 22
59 9
462 10
445 15
492 12
301 9
340 14
323 4
361 18
282 10
432 23
415 8
131 31
284 17
204 29
55 31
219 5
351 4

