256
480 8
411 29
179 28
406 29
40 10
49 29
29 32
314 20
261 5
96 9
343 13
368 15
95 30
345 3
381 15
395 9
43 25
169 5
456 11
297 27
188 26
100 21
37 29
328 1
34 27
241 24
339 16
474 9
370 30
447 10
400 17
462 2
145 23
15 28
409 7
447 20
8 14
16 24
162 15
45 11
469 1
126 15
97 7
91 30
120 2
215 16
230 25
165 27
11 23
326 15
194 12
218 29
21 10
301 3
280 13
433 1
481 15
407 29
361 6
42 25
239 1
56 24
137 24
342 7
103 8
269 12
143 22
200 12
219 28
402 23
196 26
99 21
96 5
105 29
206 11
493 16
107 28
412 3
267 25
93 1
124 29
368 19
346 20
134 17
271 11
267 23
220 29
495 12
73 27
476 11
97 28
74 15
367 1
149 9
294 25
206 25
305 21
387 7
492 8
271 23
406 29
229 22
105 23
497 25
173 8
11 22
143 29
176 25
273 21
493 22
121 10
335 2
123 25
280 6
445 30
376 18
290 8
179 18
30 7
126 15
350 13
176 16
73 7
500 5
379 9
115 8
42 9
129 16
21 16
130 1
161 17
167 6
461 25
47 22
224 32
44 13
160 7
65 20
274 4
281 8
260 19
3 30
343 23
169 27
390 2
32 18
155 14
351 11
246 13
456 5
273 4
394 24
422 14
16 23
225 4
199 29
190 13
342 16
184 6
450 9
160 5
475 26
382 17
280 24
74 3
300 10
438 13
129 16
206 12
406 11
291 4
119 4
157 32
67 20
321 29
264 12
201 22
145 19
415 8
414 4
11 5
185 16
462 13
159 11
161 5
449 7
372 27
135 24
378 29
71 31
69 7
382 26
424 15
352 2
302 21
177 32
181 17
464 10
378 14
161 22
390 9
340 26
28 6
493 29
175 28
307 27
250 5
12 29
67 31
363 8
331 3
32 12
104 23
209 17
320 9
18 22
330 1
175 21
183 31
465 9
434 12
451 27
164 23
60 2
29 22
449 8
312 16
427 11
326 7
395 10
4 32
59 1
473 13
393 7
103 5
363 5
332 17
423 31
127 22
76 28
255 9
367 3
356 21
333 30
279 8
31 10
195 5
466 7
173 30
25 27
67 27
163 18
404 30
97 18
67 16
37 30

