256
215 31
368 4
232 18
460 16
182 7
355 19
306 23
400 31
132 7
365 19
127 26
124 22
309 8
145 24
23 1
409 2
179 24
1 23
114 5
22 23
343 16
386 28
386 13
410 14
159 23
500 22
192 20
455 32
407 15
199 30
39 23
19 13
87 3
479 24
331 8
346 18
80 23
25 29
368 7
38 22
413 10
15 12
13 21
455 23
271 2
348 17
316 18
230 6
237 32
305 27
412 11
296 31
85 25
307 4
459 5
330 27
382 4
326 10
17 16
164 27
489 20
448 9
81 9
410 25
88 11
88 15
69 31
489 21
55 8
457 21
492 18
235 25
333 20
322 13
44 1
340 20
348 19
40 25
167 10
97 2
368 4
253 8
419 29
292 25
240 20
338 15
237 28
159 26
484 8
122 19
465 13
114 28
451 2
444 25
307 5
223 30
76 11
313 10
419 32
319 11
352 16
93 24
79 32
361 26
83 23
144 15
147 18
63 2
411 30
66 29
398 20
242 10
114 30
319 5
157 21
43 16
292 7
300 15
238 24
136 13
346 20
219 17
389 5
90 23
139 11
219 4
295 12
361 28
365 32
292 5
316 14
85 24
321 28
34 26
99 13
230 1
300 1
289 4
81 2
338 7
236 12
107 10
219 23
290 31
146 5
308 10
119 24
125 7
331 6
200 5
178 6
225 18
82 21
17 10
242 15
85 2
114 27
7 17
9 16
267 7
81 18
172 7
21 16
489 27
453 12
132 6
321 4
459 22
369 12
268 14
386 16
87 19
394 26
183 26
93 18
408 29
79 15
223 12
226 15
302 18
103 5
12 11
289 14
177 1
1 32
118 18
295 29
237 24
2 7
441 30
220 17
471 27
131 29
250 29
108 11
238 6
484 5
484 24
423 16
132 11
307 5
309 29
453 1
492 22
315 5
252 31
485 14
37 19
266 30
175 21
188 29
434 23
13 10
146 19
281 5
210 8
378 26
40 10
266 24
488 32
316 19
318 16
460 22
118 9
491 17
98 27
205 23
53 13
152 31
356 25
179 29
372 12
138 3
238 15
146 21
186 21
463 12
464 6
61 6
498 20
374 11
82 2
330 30
350 1
36 13
413 31
325 24
270 30
399 31
68 20
83 26
357 25
461 12
170 5
253 12
424 6

