256
158 32
117 21
4 29
190 31
297 22
451 30
187 30
395 26
369 31
408 8
214 11
500 6
324 2
230 30
198 5
80 11
296 20
231 11
368 24
1 29
166 31
466 16
336 21
325 28
279 16
324 12
42 11
53 26
376 2
211 21
163 10
131 10
190 29
461 13
485 29
425 2
264 3
205 23
455 25
7 9
113 22
428 2
4 4
223 11
114 18
156 12
279 30
233 24
351 9
377 15
6 13
188 1
43 32
71 5
272 9
81 32
258 32
94 29
340 28
492 9
453 7
228 8
284 8
51 30
357 3
320 22
80 27
334 30
102 12
471 18
481 15
313 18
263 18
203 18
74 22
406 26
192 13
461 31
296 32
313 4
290 8
365 17
343 14
195 28
454 17
373 14
419 30
375 13
443 13
282 28
474 23
246 29
23 22
344 23
421 24
322 23
139 19
135 1
88 21
481 25
345 9
326 4
390 5
444 21
481 14
200 19
468 5
471 7
207 10
309 15
321 22
393 32
168 12
144 8
356 28
148 5
329 6
316 10
378 23
402 26
40 14
164 8
250 27
498 12
300 10
287 5
287 31
432 7
206 3
62 10
403 13
114 3
34 21
300 27
391 10
473 15
155 32
438 8
122 3
212 30
92 14
42 10
28 5
184 22
251 29
147 5
158 12
383 27
392 19
306 10
236 10
64 18
265 13
145 3
139 12
160 26
57 1
312 5
377 19
170 11
444 24
132 25
279 22
495 2
400 8
155 3
429 3
228 26
423 13
284 30
432 27
347 17
347 26
277 31
357 14
53 28
113 24
252 7
402 6
412 21
398 18
140 30
488 11
371 3
91 18
176 15
448 22
67 6
180 19
220 28
288 13
187 4
160 10
494 17
387 17
214 28
174 29
314 22
71 16
72 30
190 23
240 13
268 10
135 27
148 22
186 27
330 12
38 6
365 7
402 4
139 27
91 24
319 24
473 30
440 4
255 9
142 6
321 6
151 7
412 10
13 22
288 30
25 1
183 22
207 25
345 29
51 23
8 10
191 1
111 22
376 1
462 30
414 18
483 20
89 2
417 21
195 32
294 24
380 21
461 6
413 5
282 31
443 21
184 9
121 14
262 25
214 27
218 19
5 24
42 5
445 2
45 16
13 10
63 32
166 19
477 10

