256
125 8
136 11
500 10
301 21
499 20
410 1
170 29
167 30
152 23
154 27
453 20
360 1
454 15
402 14
359 28
461 23
267 29
273 31
122 9
15 32
328 8
109 1
8 31
399 15
409 24
373 1
31 9
106 12
399 3
493 21
86 6
92 32
402 12
322 7
289 16
346 16
463 6
317 27
432 15
481 25
470 18
405 17
142 26
484 16
16 21
149 25
282 16
9 27
455 22
409 15
370 6
63 28
412 15
154 15
297 31
387 2
192 32
118 9
153 14
224 21
282 28
473 27
463 5
449 6
163 21
12 32
314 18
363 5
156 17
124 28
3 26
422 30
5 15
230 18
492 29
178 29
381 18
39 3
483 11
112 17
47 28
28 25
401 10
141 13
110 16
212 8
126 5
9 2
24 10
139 15
247 24
344 31
318 2
321 32
221 9
296 11
408 31
331 16
416 32
68 2
235 4
489 24
116 14
194 27
439 12
210 29
148 21
15 13
434 28
116 2
120 27
273 7
437 15
38 32
426 18
229 29
441 10
224 28
67 13
399 13
101 32
394 28
364 4
416 9
95 19
155 2
145 23
92 5
381 30
284 19
439 5
319 3
82 2
138 4
163 20
356 7
347 25
362 6
361 9
359 27
11 25
21 7
291 4
87 19
445 14
181 15
86 19
465 31
97 15
166 3
342 18
373 21
474 10
250 6
214 8
141 12
324 29
378 14
124 28
341 1
37 5
155 27
224 32
141 12
74 27
430 15
32 22
307 21
387 29
191 16
368 27
175 4
343 12
361 22
219 17
386 15
426 5
377 13
12 2
320 17
176 5
203 7
402 2
415 24
418 21
239 1
287 1
180 5
168 21
299 18
445 16
140 26
76 9
370 23
238 29
227 5
141 6
323 26
291 5
181 4
194 23
196 8
35 8
313 2
120 7
87 32
498 19
286 10
299 31
364 4
48 7
152 28
372 18
82 18
62 6
221 15
33 24
439 19
143 3
121 26
417 7
178 30
137 19
339 19
173 7
174 12
145 29
112 24
150 29
29 4
306 29
170 30
164 8
109 19
414 5
420 18
139 5
244 4
115 22
414 8
488 12
211 8
264 26
499 22
366 7
329 24
127 10
361 23
310 5
449 27
401 20
405 20
21 28
19 15
433 12
274 13

