256
56 8
399 12
394 16
462 17
256 27
302 26
474 17
416 2
417 31
417 12
358 2
57 24
74 29
29 29
167 27
52 10
431 30
310 32
209 19
484 21
153 18
66 2
234 29
404 2
43 12
101 13
157 2
496 30
374 32
307 32
262 18
114 28
11 31
368 27
397 11
183 29
488 29
378 29
433 1
75 20
304 11
228 25
36 3
190 9
450 16
301 27
57 18
107 15
40 18
490 32
324 24
188 24
124 25
384 13
50 18
384 5
485 31
313 8
37 19
133 2
202 25
400 3
402 18
29 25
479 26
80 31
394 19
466 5
35 9
425 4
307 16
437 23
122 5
14 14
455 14
347 25
282 11
119 15
252 11
475 31
369 30
385 22
24 18
130 27
198 11
494 20
66 6
498 8
383 8
49 1
361 4
345 27
142 19
29 9
314 16
123 2
261 3
295 29
208 16
47 14
182 20
113 20
26 11
139 4
326 15
96 6
82 29
32 31
107 9
468 12
416 14
101 4
301 3
164 4
171 22
117 12
306 18
303 3
340 25
442 13
480 9
202 25
181 18
488 20
146 31
207 17
100 12
440 28
54 20
112 32
17 16
132 18
457 10
356 28
79 25
164 10
38 26
322 6
303 25
357 4
467 24
212 3
223 7
170 16
106 29
56 3
361 27
500 13
472 8
317 6
356 16
459 1
49 17
463 19
441 31
150 32
382 9
178 24
364 31
84 9
480 23
295 8
177 31
156 20
354 28
50 5
304 8
454 20
140 12
407 1
234 28
192 32
269 1
275 20
67 30
304 26
348 7
385 4
245 21
376 10
216 17
158 27
284 19
75 16
378 21
60 8
388 15
283 20
471 29
491 13
267 3
435 14
245 7
342 13
63 9
290 11
345 3
353 16
262 19
255 19
111 14
454 23
416 32
358 10
145 17
127 23
143 29
228 27
83 21
79 30
489 28
128 21
18 12
313 19
111 3
270 5
85 31
219 12
311 5
90 27
277 12
217 7
128 20
9 10
217 7
207 5
306 14
390 31
18 30
454 24
324 23
348 16
445 23
260 19
495 17
61 15
416 29
393 3
73 21
104 25
487 19
345 28
496 22
466 25
491 11
492 19
493 12
74 22
258 29
396 28
385 21
226 8
437 30
342 1
18 22
1 12

