256
43 11
2 22
440 10
20 12
319 23
430 32
283 11
286 26
267 27
66 26
282 13
94 28
105 30
337 1
168 12
203 19
3 32
76 10
258 15
205 24
413 26
55 23
473 20
188 15
407 2
269 4
298 26
436 18
499 20
342 27
36 9
81 22
248 20
183 17
102 19
285 6
224 31
60 16
31 12
139 1
57 7
328 26
120 3
459 22
239 28
340 22
344 28
367 12
279 9
152 16
139 4
245 6
127 17
410 21
108 20
445 8
158 24
369 25
239 11
98 17
330 30
454 10
61 16
469 8
220 16
219 18
408 12
71 22
472 12
190 23
231 30
94 24
257 30
16 15
344 30
323 13
255 4
346 19
95 10
154 10
138 17
23 13
40 18
78 23
425 11
293 28
252 10
395 28
51 3
355 14
376 9
418 26
305 16
296 31
281 6
213 18
26 3
462 17
180 31
279 17
9 19
464 16
160 30
472 2
268 22
307 31
206 8
476 10
339 4
261 16
73 17
389 30
411 31
366 7
445 20
399 6
66 2
417 1
71 32
138 31
269 16
185 19
19 21
336 14
432 4
181 32
420 29
305 7
475 10
273 24
313 3
77 2
236 17
158 2
85 3
496 5
90 29
31 8
45 19
169 8
314 17
183 10
474 3
416 8
156 28
71 8
414 27
401 1
492 10
454 28
204 2
132 29
334 23
104 14
381 25
205 30
325 27
131 22
373 22
450 8
289 28
199 14
167 23
350 2
8 16
289 11
105 28
355 14
286 10
167 26
82 15
64 11
109 30
56 5
444 29
212 4
25 26
434 15
212 31
404 15
438 12
281 30
315 31
183 25
444 5
470 10
71 9
284 27
79 19
11 26
196 10
105 8
335 14
114 18
173 5
116 26
412 24
4 22
382 2
178 30
387 32
203 25
384 26
488 14
176 18
335 27
72 4
442 30
329 23
304 29
275 15
463 10
315 14
116 28
355 13
225 21
144 31
198 20
116 1
341 4
34 8
14 13
319 32
363 27
214 26
352 17
84 14
378 14
335 25
150 9
490 2
430 17
5 11
12 24
15 5
263 28
232 25
357 22
436 19
400 13
88 7
341 19
268 23
273 14
415 10
143 20
499 20
37 11
402 8
475 8
252 29
19 23
217 11
384 12
445 28
5 8

