256
160 5
69 5
98 12
493 20
398 19
269 26
299 28
275 2
201 18
264 26
271 30
95 31
286 11
324 32
75 13
233 2
261 10
366 6
57 15
81 6
277 5
68 11
192 22
104 16
279 31
118 30
236 28
416 6
474 11
165 21
388 29
134 8
402 28
210 27
62 6
116 10
343 31
264 10
377 31
130 27
437 3
408 24
162 20
397 3
414 1
387 21
162 13
153 3
372 10
373 17
3 29
122 25
23 13
83 15
103 28
406 7
310 1
414 27
340 27
457 18
223 20
258 24
216 2
299 7
475 23
223 26
159 16
26 14
80 20
432 6
319 5
424 12
354 9
450 25
499 3
298 30
454 16
457 21
21 15
311 28
278 17
177 24
228 6
469 27
162 1
192 8
441 11
312 10
303 25
339 22
223 12
375 16
395 7
48 12
290 30
263 27
390 27
354 13
344 23
275 25
427 6
41 27
432 20
161 3
316 7
240 7
338 10
418 13
296 26
500 5
175 30
151 5
256 17
385 23
31 24
308 29
329 16
323 13
403 27
199 14
185 6
460 19
51 10
459 30
195 22
135 25
423 1
137 10
493 14
128 23
33 15
331 1
486 10
325 32
192 27
458 5
460 1
103 14
146 21
412 12
370 14
61 28
182 1
321 31
70 4
401 18
439 8
167 16
89 31
312 20
366 29
360 25
389 14
39 7
374 18
78 11
347 22
386 12
39 10
406 4
210 31
414 32
242 8
71 22
274 30
313 31
354 1
316 23
338 30
481 16
7 14
454 13
48 32
84 26
249 2
397 22
500 18
105 5
445 4
274 31
261 2
357 27
462 20
61 16
229 13
11 31
302 24
291 29
7 3
138 32
68 19
417 3
48 10
11 29
401 32
211 13
369 23
479 3
443 23
482 27
283 16
110 29
159 4
137 30
478 15
125 9
161 17
167 4
414 17
52 6
460 26
179 17
33 25
11 27
400 4
201 18
335 14
470 25
414 7
362 23
233 18
140 21
231 10
452 28
335 24
162 10
469 20
474 1
200 12
327 27
179 16
337 1
189 26
210 14
264 15
197 20
261 4
92 3
345 32
338 7
251 31
325 7
42 10
72 30
134 2
44 4
129 4
29 14
390 30
123 29
12 31
353 12
358 24
466 15
191 12
85 13

