256
131 13
10 8
2 30
147 26
136 31
336 20
389 16
114 9
56 5
287 13
222 11
127 14
373 5
127 22
244 17
308 2
361 21
18 27
338 32
424 21
86 19
465 19
338 10
263 14
158 5
138 12
204 32
113 8
361 4
313 12
420 32
330 17
288 23
495 6
362 30
154 20
380 2
274 18
48 32
167 25
436 24
288 19
272 29
271 28
492 23
235 19
407 20
43 10
114 13
375 32
10 9
275 26
498 24
311 21
287 9
102 26
132 17
65 23
289 7
386 12
121 25
43 19
388 1
425 22
178 11
477 23
179 7
428 29
2 26
221 20
418 30
361 2
211 25
156 27
111 10
483 28
14 5
110 13
165 10
254 18
37 22
29 7
184 24
243 25
398 20
324 19
137 25
216 31
109 12
402 16
265 32
303 22
112 24
382 8
150 4
118 22
69 2
400 21
157 31
289 10
310 25
221 2
149 16
497 1
11 26
328 15
485 26
404 28
246 6
371 19
273 28
80 1
337 3
445 22
325 2
399 18
198 27
432 10
407 20
454 5
29 26
44 5
115 23
108 4
288 2
106 4
170 29
253 26
16 25
351 32
134 14
326 19
220 5
28 18
388 6
99 4
467 10
280 17
144 7
145 28
68 10
491 5
139 3
447 6
144 13
197 21
250 22
460 2
130 3
299 17
172 9
432 6
390 27
275 18
301 11
317 9
372 11
309 26
254 11
15 9
256 4
25 17
233 4
326 19
175 5
379 14
225 23
188 31
77 10
352 18
84 28
302 7
326 6
465 19
69 31
327 8
190 24
328 27
187 10
489 1
482 15
59 26
233 2
172 22
411 7
391 30
42 32
300 8
153 4
446 21
95 21
396 4
476 20
262 6
81 10
375 10
321 21
119 29
234 27
214 32
17 24
341 3
295 32
426 28
256 3
20 6
347 12
337 2
491 7
188 27
200 14
484 8
50 6
73 23
96 22
278 1
390 18
23 4
257 12
483 20
22 15
213 5
270 2
394 24
500 13
330 23
346 21
219 27
266 3
29 26
428 6
326 5
423 28
205 8
147 7
43 20
41 20
240 14
9 30
421 28
418 22
58 4
414 16
362 4
270 15
245 10
196 22
218 11
269 22
2 23
461 12
434 17
3 2
15 19
159 3
370 8

