256
346 8
488 20
137 16
380 14
373 13
469 4
295 28
3 7
298 18
183 15
432 13
190 32
199 17
500 27
93 14
145 10
45 16
202 25
211 21
359 12
493 19
403 20
434 17
134 23
143 12
85 6
240 22
185 14
491 20
57 11
274 25
372 22
332 17
351 6
358 21
329 6
387 32
489 20
488 18
402 18
141 15
407 21
112 28
170 10
479 10
36 16
130 8
274 9
332 20
207 29
184 31
39 14
118 27
241 14
353 10
291 9
480 22
77 28
141 31
45 31
176 25
75 10
340 20
118 23
175 32
360 14
211 22
279 28
480 27
489 28
216 8
29 28
477 1
491 13
55 27
439 7
467 25
388 18
416 1
329 18
33 28
299 31
141 25
274 32
299 3
304 23
394 32
62 6
288 8
42 31
438 28
425 21
197 20
414 32
20 14
54 20
133 16
146 25
281 12
393 27
386 20
297 23
231 2
352 18
261 13
64 11
224 20
307 28
3 4
236 27
462 13
426 26
344 32
219 4
343 11
55 24
10 15
210 16
61 9
461 25
157 17
223 28
216 1
4 11
249 19
93 22
83 18
7 26
89 1
50 27
39 28
214 8
158 31
491 26
187 24
243 27
180 21
75 11
198 14
113 26
372 25
359 30
75 29
379 27
294 20
150 8
235 7
84 25
138 6
314 12
81 4
19 4
77 29
155 14
374 3
71 9
176 21
198 6
497 28
116 14
356 21
474 30
128 5
38 1
186 8
292 7
111 18
378 3
254 24
312 23
3 22
371 22
162 4
131 27
348 26
448 15
363 29
496 10
33 2
310 11
237 21
337 19
411 26
238 20
98 5
143 12
431 9
481 4
137 27
250 12
412 6
38 2
322 5
467 3
270 20
425 14
229 29
409 15
326 22
6 7
194 12
374 20
217 18
420 1
20 21
336 32
70 5
57 28
461 12
450 15
3 10
440 7
338 28
73 27
493 23
86 11
282 19
366 22
17 21
350 16
306 1
319 3
261 16
322 14
103 27
304 25
348 23
40 9
443 20
348 3
394 5
325 12
447 11
25 27
327 23
203 8
263 25
63 28
248 8
97 2
7 4
159 6
494 26
391 12
161 18
223 23
374 27
434 12
441 2
487 4
184 17
103 15
61 21
322 17
401 18
362 31

