256
409 16
327 27
182 28
188 3
490 25
277 17
191 8
273 9
236 24
426 28
430 22
496 5
386 12
208 20
60 18
436 29
137 10
31 18
249 2
272 22
458 17
387 9
208 3
497 19
66 26
319 15
7 26
267 17
429 26
276 1
391 11
309 11
325 19
49 25
408 16
15 14
72 21
70 23
263 6
426 16
339 24
27 14
261 17
442 21
119 1
29 21
279 17
92 31
27 28
380 23
163 6
4 11
498 25
217 16
490 10
143 28
89 29
25 17
166 6
390 24
34 26
496 17
459 11
267 13
430 6
475 17
391 6
31 4
402 27
351 27
93 18
71 5
366 31
382 27
413 27
166 10
244 30
258 30
452 9
243 14
22 13
326 25
195 24
152 16
454 15
191 22
200 1
79 13
207 16
448 3
286 25
65 29
126 6
435 30
198 5
163 28
245 8
484 3
195 15
239 16
341 29
46 28
41 32
457 27
287 16
366 24
16 10
304 30
455 14
275 29
266 5
224 3
276 11
301 10
45 23
117 22
319 30
425 15
137 25
458 11
136 7
198 16
456 22
349 30
443 7
414 21
411 17
71 22
47 27
155 20
114 23
477 4
285 25
495 17
486 28
400 25
126 29
476 17
302 20
342 21
446 8
305 4
244 31
393 19
449 23
234 10
170 14
198 2
314 32
430 23
495 13
124 28
130 23
52 27
275 25
27 4
500 23
280 24
261 32
386 14
71 15
475 4
180 4
249 1
363 22
496 29
359 7
328 12
69 3
270 7
476 21
267 27
183 18
422 32
217 27
357 7
277 3
230 4
355 14
153 9
8 28
278 6
118 29
205 30
188 22
381 27
326 15
341 21
44 7
156 16
421 32
251 10
194 32
209 8
458 17
117 17
360 22
182 13
350 6
367 17
63 15
403 5
97 32
249 28
358 12
251 6
267 1
179 12
333 28
8 14
100 4
458 24
369 19
140 10
228 14
459 18
308 5
382 24
456 14
247 9
237 30
443 3
202 29
315 30
360 2
27 4
297 8
123 29
326 30
438 17
324 32
47 7
109 24
239 8
262 17
81 30
334 31
1 12
347 15
421 19
488 20
370 20
135 16
4 21
309 21
217 24
337 7
115 25
43 29
212 4
337 16
301 27
166 1
58 9
319 14
71 30

