256
373 24
168 19
422 6
314 26
267 10
99 1
251 31
331 28
167 9
443 26
225 26
8 16
287 32
443 6
464 18
490 13
73 10
443 11
451 28
272 5
18 22
57 4
337 27
155 27
319 13
180 24
342 31
363 17
362 17
366 2
175 20
366 11
365 12
445 11
63 24
383 12
290 20
51 2
178 13
480 17
153 16
392 31
50 14
327 12
411 4
89 1
251 26
35 19
261 32
281 11
399 12
107 4
307 5
165 12
214 1
184 10
156 3
64 29
329 22
468 15
286 20
27 16
9 25
3 17
244 31
296 15
150 18
182 8
262 23
496 7
343 15
45 6
254 24
54 2
202 10
24 7
77 30
374 10
462 24
58 14
215 21
200 32
458 13
24 28
431 27
398 25
197 18
122 26
254 32
235 23
49 10
293 5
159 18
414 29
98 8
178 32
28 5
27 2
461 6
409 20
272 30
164 9
100 10
122 25
313 29
159 17
466 11
189 13
320 3
245 5
278 18
80 5
2 3
494 6
360 2
205 8
60 5
304 15
358 17
363 22
133 21
234 19
175 26
75 26
376 7
263 5
444 2
310 13
152 15
258 12
205 11
495 16
35 2
274 28
74 4
413 31
360 22
361 22
67 15
231 11
457 13
447 12
39 24
196 18
59 9
201 23
119 15
378 1
196 3
44 2
490 12
32 29
453 16
86 16
178 32
166 18
161 8
385 27
368 20
240 6
236 9
40 15
339 1
7 7
271 11
8 8
210 7
460 23
282 21
386 19
64 31
444 32
14 32
274 5
111 6
158 14
306 5
404 4
317 11
382 7
165 17
346 10
131 17
240 12
405 5
74 25
27 1
192 9
48 18
273 18
183 23
208 4
331 27
187 32
225 17
234 25
161 20
467 24
440 2
407 9
183 1
313 9
349 24
101 1
25 30
406 31
156 17
398 14
428 9
133 16
153 19
245 25
2 11
308 9
268 19
137 18
47 17
11 19
9 11
143 17
336 5
92 27
365 17
329 32
73 21
296 17
31 24
94 12
102 25
325 13
467 5
23 29
114 25
112 30
347 2
6 11
6 29
25 27
290 13
14 6
166 9
291 8
52 32
432 1
284 8
78 3
420 12
319 1
336 14
358 6
388 12
216 21
16 21
467 21
445 9
167 2

