256
426 10
355 11
285 18
223 23
144 17
54 9
81 31
275 3
324 3
275 24
411 19
153 28
336 23
259 12
390 22
289 15
135 19
209 23
128 11
469 31
447 31
211 4
85 1
226 12
387 1
259 9
499 28
164 7
134 3
282 31
404 2
41 22
416 5
456 23
383 25
17 10
299 27
61 19
211 18
142 29
490 1
394 5
164 9
175 13
331 28
376 2
230 24
271 17
369 3
392 11
355 28
432 17
135 32
387 17
482 32
442 3
280 19
311 27
95 17
444 6
145 19
11 10
86 30
222 6
64 1
205 26
21 4
422 19
480 12
499 21
187 16
283 11
478 30
261 29
430 12
350 26
226 8
447 8
345 29
117 4
281 29
177 25
161 6
307 4
257 14
304 28
97 14
262 31
179 10
499 25
430 28
182 19
411 21
318 8
1 7
367 13
459 8
286 3
493 16
110 30
249 29
45 26
351 30
124 21
31 18
489 28
321 31
319 15
3 8
190 3
274 1
487 17
452 20
203 20
216 25
45 32
77 9
13 31
246 16
160 13
109 32
440 13
170 22
364 16
246 17
230 11
461 1
251 24
340 14
208 23
470 28
223 26
45 15
177 10
223 12
270 31
483 30
464 9
319 7
380 16
83 10
435 8
178 21
455 29
342 10
128 7
118 10
209 10
288 25
303 22
220 9
45 14
486 32
58 24
38 14
368 28
251 2
15 32
190 2
148 24
335 15
342 16
328 30
465 16
286 12
477 25
44 25
411 25
232 28
184 29
109 23
93 31
56 27
138 14
428 26
277 7
264 2
66 32
372 15
207 21
2 19
366 13
408 20
425 3
447 20
112 24
11 24
118 2
14 20
311 14
245 19
408 20
261 9
451 20
355 1
492 16
192 21
252 31
336 32
441 23
136 32
42 30
459 3
63 9
118 14
266 2
16 9
222 20
497 8
111 8
329 15
59 28
163 19
174 11
338 26
485 5
370 14
322 16
36 1
152 6
462 13
367 13
293 28
105 6
260 7
345 12
169 3
163 24
65 32
182 7
301 2
79 18
43 13
498 30
137 25
83 26
122 10
426 26
37 6
407 8
97 11
87 1
6 25
448 2
436 25
176 17
146 19
258 8
359 3
118 11
460 8
296 1
1 9
346 22
455 25
185 27

