256
399 1
313 12
215 8
107 12
459 17
354 19
212 5
119 26
428 2
281 26
318 17
34 18
237 12
435 20
89 10
420 3
306 20
50 17
19 24
228 17
156 10
239 23
218 9
456 22
383 29
355 16
53 9
86 5
40 24
292 13
477 19
171 11
146 29
155 1
376 22
345 28
167 20
102 13
440 2
382 6
146 16
78 10
476 23
486 12
386 6
348 14
192 6
496 30
238 18
206 22
236 14
349 6
485 2
138 29
359 19
450 32
459 23
53 26
393 23
301 26
20 28
492 19
18 31
252 3
341 13
72 24
359 8
181 27
222 15
119 12
41 25
436 3
299 20
433 28
378 1
469 5
85 28
164 30
151 7
60 11
76 24
270 14
255 30
128 8
120 31
408 13
371 31
11 5
182 11
212 28
380 21
160 8
344 23
269 10
442 4
188 17
311 21
302 26
259 5
393 30
379 20
242 25
494 25
270 4
399 29
87 14
13 30
445 1
273 25
202 18
393 30
230 23
198 31
120 4
163 17
186 6
312 11
494 22
383 27
333 6
96 23
263 8
220 8
168 8
124 18
205 28
463 26
71 32
20 2
320 27
202 5
428 22
135 29
23 18
36 3
151 15
329 9
442 12
324 30
40 16
35 12
315 29
234 29
360 29
427 31
287 16
387 22
197 18
135 15
39 10
129 25
4 9
453 13
357 17
258 8
76 24
343 10
492 24
479 16
181 5
86 11
236 17
181 25
494 19
3 4
188 24
424 19
440 28
487 20
4 9
43 11
240 14
173 20
165 27
139 25
407 16
16 18
48 4
426 1
214 17
276 17
412 31
443 7
427 1
499 6
377 21
65 9
130 5
52 7
239 30
343 29
117 2
490 13
405 24
409 26
48 17
222 15
235 12
13 9
445 15
147 21
256 31
289 5
299 24
383 1
85 10
385 2
435 10
218 16
493 26
161 8
162 19
54 25
398 11
113 10
281 15
15 28
321 27
273 15
199 11
7 7
232 11
336 31
469 21
210 21
31 22
57 24
104 18
292 6
28 17
195 21
15 13
48 12
216 16
306 26
327 9
196 14
55 8
428 7
288 25
188 10
211 24
66 22
205 17
19 5
113 10
245 32
126 8
167 29
316 4
106 18
136 22
403 31
37 11
417 24
23 32

