256
126 22
324 5
186 10
362 23
396 14
155 30
249 12
330 4
173 8
262 12
325 25
252 11
149 21
145 8
42 24
33 11
297 28
467 26
433 24
12 9
141 6
310 1
317 7
264 21
290 2
73 26
306 24
193 14
1 13
417 26
324 13
60 17
9 18
158 13
57 26
121 13
335 26
438 16
273 17
344 14
282 4
232 11
240 12
392 8
112 13
133 28
461 4
260 1
69 21
114 29
438 2
173 13
368 22
276 28
367 31
405 24
387 16
87 30
411 26
69 19
490 5
162 31
244 25
123 28
41 12
288 27
174 32
103 9
274 2
384 28
348 12
139 2
128 21
63 22
55 3
412 20
183 21
198 14
197 17
237 26
260 32
68 9
336 26
177 21
399 20
452 26
52 2
184 27
371 26
68 5
229 24
172 3
256 10
189 25
42 25
394 21
301 5
86 24
482 14
448 24
26 27
329 1
44 12
255 18
462 10
190 2
357 14
452 13
83 20
269 16
417 22
276 5
474 1
56 23
179 7
186 16
457 30
280 28
230 10
266 15
59 3
84 20
20 19
380 6
379 4
77 19
161 25
363 18
269 18
292 7
124 21
150 24
194 5
431 27
166 32
465 1
3 24
344 18
287 19
476 17
426 12
459 14
460 25
423 29
442 6
379 1
42 25
496 11
161 10
10 11
474 14
107 12
226 30
201 16
376 20
176 5
284 2
238 3
10 16
175 3
225 2
367 14
434 26
500 22
139 29
124 12
335 10
439 16
31 20
423 22
19 30
58 6
435 11
397 24
158 7
98 14
124 28
147 1
29 19
355 23
359 22
131 25
60 25
104 6
60 6
348 19
327 21
232 1
404 32
408 25
51 17
295 14
320 1
435 32
143 5
367 2
118 25
46 25
417 2
119 29
379 26
259 10
74 6
318 13
322 2
242 12
82 12
397 30
180 7
453 31
471 19
176 5
19 25
265 28
222 27
468 1
52 6
306 2
419 19
158 16
52 19
463 6
138 20
239 10
42 31
344 5
214 7
101 28
239 5
371 25
304 14
413 19
267 2
184 30
396 2
129 8
92 8
81 18
155 15
399 20
213 2
60 30
112 32
10 6
81 16
14 4
422 22
90 16
199 10
429 11
115 26
42 30
353 30
287 27
144 9
54 24

