256
186 22
4 17
279 12
476 32
456 30
179 6
10 5
112 18
473 16
90 23
148 28
251 9
141 29
279 18
173 21
199 22
382 18
383 12
185 22
296 16
292 18
101 21
466 20
399 19
319 32
201 18
451 7
278 11
167 5
276 27
181 10
401 2
27 23
73 23
492 24
202 31
194 26
288 31
69 26
97 15
25 25
205 19
99 26
121 1
242 24
308 22
222 12
335 28
194 4
163 13
127 24
320 4
370 31
479 30
144 19
177 16
76 13
346 10
214 30
143 4
213 6
229 22
9 16
238 18
323 4
238 13
115 9
269 12
15 19
274 30
377 22
177 16
182 14
478 7
191 4
350 32
421 3
41 25
494 6
334 4
177 7
116 4
480 32
479 22
334 24
356 23
53 32
14 14
258 31
129 24
462 30
203 10
260 12
162 17
373 11
272 26
270 4
45 1
475 11
94 21
127 9
223 15
185 16
413 22
79 17
241 16
74 4
274 14
391 27
142 31
486 18
16 23
5 20
3 23
435 12
491 1
249 21
239 29
301 11
78 19
247 30
122 9
465 27
358 15
386 19
470 27
264 5
125 24
397 7
99 23
278 25
243 6
302 5
162 18
188 19
184 10
409 5
106 17
404 7
228 21
314 13
159 29
33 31
197 9
113 3
111 22
235 21
268 8
38 29
341 9
20 28
10 32
181 4
300 32
430 15
224 3
427 2
172 12
368 20
92 4
366 19
73 16
259 20
340 32
121 16
224 32
56 26
419 12
53 14
23 6
301 30
429 23
331 8
390 30
171 22
233 16
388 25
487 14
497 22
146 29
358 21
312 17
306 26
204 10
151 6
192 3
175 24
30 1
423 27
258 25
252 30
332 23
146 6
137 2
348 18
314 1
354 25
321 20
206 12
17 25
101 12
159 19
31 20
483 1
459 16
397 30
81 32
53 2
250 25
72 1
174 1
5 15
362 17
38 11
200 31
275 12
466 30
278 13
473 16
301 31
499 6
345 11
129 17
156 10
141 15
178 18
112 10
192 9
358 2
391 21
136 22
60 9
99 29
449 3
96 2
354 10
299 30
24 11
150 32
9 22
406 30
455 29
220 6
193 1
79 24
338 6
249 21
167 31
234 3
269 29
216 2
127 10
23 26
145 12
181 9
461 7

