256
25 11
211 11
189 23
478 5
194 10
128 20
2 13
273 25
458 11
470 19
176 27
393 10
188 29
454 15
320 22
128 12
324 19
207 8
365 8
448 22
397 19
13 30
455 13
191 13
95 12
355 14
170 19
27 29
215 20
315 10
301 15
377 8
133 11
339 9
470 27
258 2
213 6
116 12
406 22
136 8
169 22
122 6
88 12
194 22
184 12
187 8
154 19
312 26
498 30
338 15
140 31
185 5
216 16
224 21
457 7
325 5
52 18
314 3
297 11
292 28
70 22
316 16
392 19
213 5
128 11
60 8
497 4
472 13
395 27
185 23
109 29
327 28
306 4
150 11
350 21
434 3
270 9
346 17
227 27
254 11
313 9
326 13
408 29
373 30
195 26
4 23
418 14
314 4
25 15
178 30
107 19
144 12
360 18
240 22
252 17
144 16
9 17
224 4
117 21
421 3
6 20
169 3
457 10
498 17
148 19
206 26
138 14
333 1
43 1
286 10
121 22
61 10
250 20
249 19
84 14
233 21
445 14
216 2
87 29
234 15
240 32
192 21
141 13
77 11
301 10
180 29
143 12
254 5
375 19
315 7
24 11
399 32
152 18
221 15
31 19
325 30
246 4
350 30
392 6
420 28
139 27
169 14
190 30
230 4
128 8
374 15
294 5
323 10
90 15
388 4
349 20
93 18
79 18
331 7
219 22
218 6
52 26
491 21
160 4
9 7
467 2
290 28
210 4
409 28
358 28
271 19
211 32
4 6
157 19
316 8
288 13
85 24
419 31
284 30
498 4
216 12
378 25
75 11
320 12
238 14
335 5
236 22
76 3
39 20
73 6
459 29
386 7
404 24
469 31
85 6
331 25
281 8
157 24
146 13
395 24
6 9
96 25
126 31
479 24
254 16
369 13
116 15
107 31
262 24
409 27
245 31
499 14
150 3
85 24
335 7
31 8
59 10
432 13
148 27
52 25
166 1
317 21
27 24
355 20
203 15
338 11
354 32
324 19
47 28
2 17
386 24
425 17
361 24
333 8
118 32
261 27
304 5
119 14
352 1
174 10
236 15
353 29
199 12
295 17
436 25
477 9
180 25
469 17
109 21
400 2
185 24
213 20
89 11
22 24
156 3
346 27
57 22
331 31
77 5
203 8
273 16

