256
103 3
35 29
243 6
419 26
149 31
61 29
176 3
258 25
296 12
161 25
243 12
127 30
97 22
120 13
262 14
402 28
180 16
388 7
465 2
164 9
41 8
286 8
127 31
332 18
402 16
75 1
8 1
246 32
346 2
472 32
275 13
323 31
12 19
229 16
220 4
440 20
319 29
475 21
119 26
71 5
150 17
369 5
197 2
464 6
331 15
353 18
11 32
264 22
238 20
349 5
235 28
217 1
365 19
202 19
201 28
355 22
268 27
210 28
41 29
209 31
459 6
328 5
237 31
342 22
82 30
282 8
329 18
73 17
393 30
176 17
397 26
146 4
309 31
479 17
27 31
219 5
100 31
305 8
489 2
13 15
187 23
90 23
144 30
208 12
435 11
332 19
468 1
346 24
331 20
476 25
363 23
45 22
93 5
150 17
198 26
3 4
308 21
251 24
106 2
43 13
396 31
223 15
351 21
491 30
244 14
94 26
12 19
272 24
191 13
389 29
434 7
124 22
335 26
249 13
387 15
185 6
165 23
349 12
179 27
253 19
8 30
232 12
484 27
327 7
275 11
267 13
458 2
154 12
320 14
436 22
44 16
340 9
379 16
428 17
230 28
331 17
25 15
108 9
65 31
387 16
1 17
400 26
246 29
102 13
158 29
123 5
9 30
261 19
353 32
147 22
219 6
170 20
392 2
456 28
416 10
147 8
198 6
226 11
154 7
360 11
419 26
216 15
295 28
17 3
16 4
80 22
493 29
329 28
230 4
191 29
329 2
265 6
439 6
321 9
20 8
255 14
13 2
217 23
298 29
453 25
248 16
250 8
132 23
475 10
66 26
358 7
207 10
124 1
463 28
89 26
475 28
272 3
17 4
293 26
424 17
330 32
480 32
115 12
362 10
325 15
107 26
25 29
156 1
309 18
92 6
304 31
93 19
405 29
266 26
275 21
498 8
416 10
35 27
89 28
472 9
175 6
298 31
94 5
199 30
423 27
151 2
61 3
4 25
56 9
218 22
161 28
137 17
193 4
459 25
419 14
249 9
211 2
144 20
351 6
409 29
336 20
202 24
6 17
65 21
177 2
242 21
497 7
117 1
402 15
25 8
208 25
265 14
171 24
425 1
453 18
145 29
393 26
184 26
402 4
311 2
382 24

