256
403 20
238 7
376 2
87 29
492 2
273 13
117 32
472 20
169 7
16 13
329 24
385 32
83 5
135 22
110 2
173 12
173 18
83 32
451 25
120 22
471 17
326 11
88 9
238 17
339 5
301 27
140 21
174 15
106 9
208 3
30 4
78 30
493 32
250 8
385 25
237 19
465 31
441 25
359 26
161 22
134 5
68 25
498 10
347 19
50 11
21 27
138 2
280 3
110 21
426 26
102 6
200 22
76 8
118 11
21 22
336 30
443 15
278 20
144 29
246 9
383 26
475 20
215 27
354 28
487 31
169 28
145 32
6 8
211 31
6 7
105 17
236 15
96 26
338 23
490 7
488 28
200 2
447 26
420 5
90 11
283 10
198 7
330 23
499 16
178 32
123 10
49 26
32 16
371 25
86 8
155 5
287 30
239 18
119 2
386 12
416 24
170 18
447 31
168 13
390 29
152 4
330 28
370 29
47 16
81 17
156 19
409 26
440 27
27 7
157 32
470 8
432 7
37 22
489 1
26 19
401 13
94 3
81 19
295 19
407 20
463 26
314 24
355 22
222 30
16 14
293 13
302 20
328 14
305 24
42 10
398 11
359 32
377 31
306 11
417 20
250 20
125 4
455 32
169 28
65 20
406 25
372 31
285 19
396 21
219 26
271 20
84 21
459 16
419 5
482 3
180 24
418 5
147 32
340 19
252 32
202 5
112 5
215 4
476 14
485 2
251 23
13 10
235 8
145 29
440 19
339 3
62 21
479 4
332 10
374 15
221 27
91 1
351 21
80 22
119 28
223 9
22 12
55 28
411 11
260 30
177 23
24 6
59 7
297 30
320 30
325 25
448 31
225 23
424 28
476 22
72 3
262 9
138 16
349 32
15 28
101 23
410 28
133 28
126 5
210 18
303 6
190 26
448 2
400 23
421 28
264 20
278 10
437 11
341 1
314 19
96 6
102 14
389 6
325 3
366 2
16 12
67 29
270 11
174 21
237 26
396 13
290 13
378 10
439 14
362 32
129 5
221 10
314 6
167 27
328 24
24 27
404 3
251 9
457 20
45 13
369 13
397 26
465 14
235 16
48 12
211 28
257 20
257 2
393 19
60 32
306 24
266 13
26 16
85 6
291 18
378 15
422 11
21 22
252 11
345 19
55 20

