256
90 1
434 28
452 20
242 3
147 9
250 18
408 30
261 11
414 31
281 7
147 20
435 26
409 22
438 2
67 28
162 8
77 8
327 24
147 17
118 1
357 12
462 32
285 18
270 30
476 10
13 30
302 7
451 22
60 8
312 11
436 9
134 32
272 21
39 10
381 17
62 29
376 28
204 4
301 5
210 29
226 6
102 11
372 17
89 8
292 24
262 27
76 3
90 16
207 17
469 27
137 3
379 28
258 18
23 10
258 32
186 4
9 32
214 17
192 14
164 7
53 9
62 5
171 27
180 2
131 12
168 11
30 19
130 11
480 5
197 26
88 26
425 9
373 10
477 8
292 16
399 28
268 16
28 2
314 19
19 21
207 31
415 12
85 5
375 20
49 11
153 12
156 9
84 29
419 12
444 10
255 18
257 18
357 5
164 11
491 22
319 21
220 29
285 4
481 23
220 9
433 4
369 4
153 8
468 31
216 4
132 14
309 12
344 22
24 19
40 7
392 30
415 28
294 27
119 27
61 22
155 17
414 23
81 6
327 20
340 18
15 11
11 12
62 30
489 6
64 32
304 24
237 6
419 22
121 17
304 17
79 19
26 32
333 22
409 7
357 8
52 32
422 23
195 7
120 11
272 4
414 23
343 6
497 13
31 29
149 11
1 3
349 14
70 5
483 6
192 12
429 3
415 30
9 21
37 13
495 16
16 8
235 10
261 3
470 7
51 18
181 11
49 13
281 22
62 27
300 29
306 8
199 16
282 24
32 10
40 2
329 19
137 31
412 21
497 17
244 31
202 12
302 22
305 2
220 10
196 7
322 2
450 4
425 19
431 21
252 30
186 21
376 31
495 11
423 20
371 14
242 29
442 27
26 18
476 29
463 24
467 32
229 17
7 9
351 30
461 31
111 19
387 11
321 5
125 3
224 16
409 10
272 10
360 29
447 32
246 21
211 28
396 15
480 22
443 15
43 20
489 14
402 31
492 22
107 12
464 27
463 8
148 6
425 7
235 11
46 28
335 28
43 18
46 3
336 1
57 26
244 29
235 25
419 30
218 29
194 5
59 4
257 26
94 29
65 12
108 6
159 6
70 29
376 11
75 31
307 15
292 30
27 31
46 5
104 3
174 5
296 24
157 20
290 18
288 18
133 23
19 3

