256
342 27
226 14
89 23
202 20
81 2
486 9
29 23
279 29
1 20
452 24
137 7
71 19
400 10
314 1
439 3
243 16
345 4
165 29
183 27
276 15
380 30
187 8
476 13
65 16
308 28
91 20
270 21
394 17
471 31
81 17
257 24
392 30
495 29
386 21
127 10
291 18
127 25
117 26
294 29
429 5
400 15
397 25
31 30
42 1
201 26
113 29
1 17
262 12
265 20
172 3
13 3
248 3
291 12
240 32
249 4
37 32
390 29
373 20
426 2
125 22
239 5
435 12
445 12
235 1
195 22
451 27
220 22
345 19
266 24
446 10
307 22
365 12
118 1
468 12
2 20
21 29
32 19
332 13
151 30
37 29
175 16
404 11
37 20
109 6
388 14
19 6
240 24
242 21
472 17
252 26
4 1
418 27
79 29
215 17
370 20
278 12
443 5
142 7
484 18
485 3
8 27
417 3
238 26
455 10
218 23
387 13
183 24
459 9
256 14
342 13
129 7
372 3
3 14
253 2
115 21
209 30
92 13
220 1
282 23
390 15
85 12
71 3
431 1
27 22
406 4
14 14
42 26
456 20
399 25
382 5
297 26
339 28
66 2
69 11
84 6
197 4
234 19
286 20
499 17
54 1
236 11
142 30
304 30
173 10
10 6
419 2
347 17
398 4
314 26
110 10
275 6
269 16
276 19
376 11
423 13
383 22
347 24
435 27
325 4
56 10
365 18
492 8
230 9
123 20
206 25
497 32
242 9
192 22
23 19
496 29
199 10
103 21
105 5
399 22
348 19
115 17
428 10
424 6
198 2
405 19
482 21
87 24
17 2
445 24
196 12
484 18
373 6
290 21
327 21
258 18
495 9
238 10
182 25
431 4
263 7
134 20
439 8
171 24
349 23
347 28
110 2
289 22
472 19
311 18
119 20
175 13
144 5
386 14
129 5
205 23
355 6
339 6
262 21
101 22
180 11
6 13
332 30
271 19
76 13
452 22
352 7
158 28
243 24
321 7
64 25
114 6
418 8
63 11
164 7
493 7
165 18
132 29
495 22
151 31
334 19
116 1
81 22
32 3
169 4
193 8
432 6
1 26
109 24
380 9
282 4
467 15
221 2
295 4
351 25
286 24
47 21
73 3
26 20
301 22
308 14
277 19

