256
467 18
103 18
46 29
466 28
292 19
460 19
17 30
84 31
184 12
343 15
163 4
468 21
383 21
236 22
238 22
354 24
67 28
201 12
377 19
419 12
489 23
138 13
356 29
395 11
301 21
369 23
264 16
295 18
328 27
39 1
52 29
324 22
348 32
433 16
394 8
243 22
82 25
239 17
157 13
179 29
426 19
271 25
86 30
187 5
300 17
33 7
117 28
320 5
83 28
40 13
455 15
210 32
367 4
324 27
137 10
480 18
104 10
102 29
167 20
453 30
13 5
168 17
192 31
297 27
91 9
103 29
323 8
433 29
464 12
211 28
314 14
13 17
144 22
106 30
254 14
480 14
247 31
98 18
190 19
416 24
83 18
28 17
34 16
93 5
420 3
448 17
197 12
1 8
425 14
205 10
220 32
147 14
35 21
107 28
139 11
355 1
244 6
329 21
194 29
273 17
427 24
49 15
383 1
166 4
359 27
189 10
406 4
395 24
432 21
367 30
375 5
494 27
307 14
395 32
94 8
316 8
91 16
347 2
264 12
485 30
234 17
51 32
212 29
135 11
298 10
64 16
74 5
494 24
230 25
231 27
260 6
195 30
261 25
27 5
404 3
350 10
388 9
333 7
197 31
94 22
320 25
370 22
66 15
477 15
103 4
470 6
457 12
416 30
408 2
446 7
157 3
152 24
399 24
346 16
303 15
293 30
448 10
367 5
377 32
159 31
403 28
193 11
347 8
428 10
253 9
417 13
372 32
156 22
404 2
217 14
144 10
179 23
23 30
455 11
241 14
230 31
297 14
353 16
85 17
397 29
357 9
450 4
233 13
350 32
310 30
193 30
427 23
396 26
268 15
52 16
20 13
354 4
258 23
311 14
339 12
31 31
372 20
275 28
288 28
443 14
41 7
403 32
210 30
121 17
204 28
189 7
157 14
39 2
100 29
256 10
408 26
133 28
469 11
87 12
382 18
353 30
368 3
241 21
109 21
406 12
385 6
35 25
487 29
306 23
125 9
376 1
50 8
16 14
118 18
274 23
335 18
273 27
437 17
131 21
226 20
208 22
333 18
354 12
18 7
258 7
424 1
27 17
493 2
195 26
347 24
109 22
297 5
88 29
245 30
481 26
106 17
135 10
282 28
109 16
351 22
146 18

