256
101 24
292 13
233 26
56 22
167 21
369 11
139 28
110 11
450 7
174 10
253 15
180 28
266 28
438 3
308 15
479 32
339 22
13 7
304 4
121 6
284 17
108 22
148 10
453 13
460 6
103 24
304 30
467 29
173 24
239 17
227 18
240 13
191 28
135 22
376 15
316 23
300 11
81 11
140 13
396 3
362 14
14 5
131 13
85 4
88 32
136 10
393 3
378 23
331 9
77 30
471 8
364 22
314 32
69 6
180 24
404 29
313 2
205 15
250 2
98 17
113 5
151 17
312 16
439 6
244 19
199 15
258 22
188 12
210 4
377 1
219 24
430 31
197 30
326 6
127 31
283 31
360 17
447 11
164 22
164 24
252 18
326 2
127 9
433 28
121 29
77 7
88 26
74 13
195 19
82 22
25 8
264 20
500 3
258 24
300 13
275 31
486 20
264 5
464 12
300 8
4 28
127 28
85 20
80 12
302 25
305 22
81 20
414 24
482 7
447 13
444 29
36 17
172 11
393 12
347 21
423 30
272 1
145 5
100 32
340 25
89 16
431 25
63 24
452 25
14 31
381 17
471 16
238 11
67 22
334 17
174 8
114 26
157 7
6 28
186 13
361 30
340 3
294 30
486 6
2 23
496 27
160 30
298 9
164 4
378 29
480 8
253 2
53 13
204 30
220 13
402 28
15 5
74 32
346 23
257 24
410 8
82 21
422 27
169 13
447 26
82 18
301 14
19 1
298 26
262 1
463 7
301 17
107 26
488 13
285 21
4 30
200 21
466 1
315 14
58 13
31 23
39 8
176 17
388 29
483 6
193 17
16 25
477 23
219 16
279 3
412 6
400 32
218 17
84 8
202 13
497 4
131 19
267 6
295 19
482 13
8 31
425 3
371 29
349 9
69 27
295 16
464 10
91 25
262 15
417 23
167 21
399 30
299 5
307 9
23 5
222 14
19 18
257 25
251 9
330 27
288 12
298 3
22 25
284 15
267 28
302 1
464 32
434 22
364 1
206 27
233 19
120 7
425 24
491 19
185 32
197 4
148 22
222 1
86 1
7 20
56 20
489 11
7 18
132 23
14 30
461 22
116 24
348 20
308 27
418 16
362 18
315 5
460 24
381 21
393 20
101 20
195 29
171 26
214 30
276 32
491 32

