256
378 27
273 16
154 11
486 21
441 10
370 26
169 1
378 18
366 14
142 7
154 17
28 12
481 7
22 3
189 23
97 6
442 5
185 31
499 18
236 7
43 25
416 27
45 18
496 22
451 10
164 4
98 24
312 10
146 9
257 6
251 9
399 16
221 32
491 27
457 2
9 12
386 1
414 18
70 18
44 16
399 3
476 20
102 3
278 24
323 10
433 9
238 8
469 30
119 7
28 23
36 24
74 1
164 8
202 9
249 25
105 19
156 12
346 21
70 3
356 24
360 9
168 29
472 24
258 22
446 17
164 5
25 14
105 32
429 23
273 13
255 1
379 10
160 4
19 25
51 10
324 18
14 15
211 1
479 8
74 4
105 2
109 1
179 13
168 3
371 8
339 18
20 13
387 19
292 25
259 22
131 26
456 20
277 22
481 15
133 10
30 21
495 26
217 25
203 21
483 9
28 9
50 4
241 21
78 5
45 1
78 15
122 1
23 2
50 23
4 19
408 2
123 11
23 28
427 1
280 30
150 11
434 3
206 27
191 4
59 4
472 24
114 29
21 20
343 14
490 14
456 10
83 7
300 10
474 22
182 17
487 19
411 25
234 9
95 12
252 17
363 15
492 1
19 32
464 9
286 30
411 13
351 5
23 26
450 20
227 24
248 2
18 31
486 31
127 12
379 18
436 25
304 3
69 10
291 13
387 16
338 9
20 16
493 15
41 27
390 23
278 6
184 27
500 17
398 10
452 4
207 23
368 26
18 21
35 28
173 21
87 10
421 6
401 10
500 1
208 22
411 21
231 15
483 30
115 8
411 27
359 1
157 7
330 10
367 28
185 27
489 15
252 13
81 28
174 8
444 25
173 18
421 23
448 28
336 31
487 26
481 14
214 9
128 19
15 14
111 23
236 31
174 11
359 26
138 1
185 1
469 30
286 6
112 18
497 8
500 3
397 8
384 27
468 3
357 2
356 27
385 23
417 30
77 4
163 6
12 23
350 28
56 24
73 8
73 1
171 24
256 15
51 19
381 14
150 22
56 5
408 8
448 9
349 28
304 27
294 15
61 7
498 5
130 11
488 6
491 26
273 14
76 27
237 17
397 22
398 24
94 21
243 21
481 3
269 8
305 18
450 13
56 32
333 22
370 28
387 20
329 24

