256
178 22
16 14
323 13
428 25
81 3
381 3
241 21
45 29
476 22
238 20
490 10
376 21
118 16
186 27
439 14
310 28
348 26
330 26
282 17
334 10
271 23
120 23
59 24
335 26
165 8
161 14
29 20
335 30
279 16
425 17
257 22
389 32
263 22
477 20
178 11
110 24
229 9
162 11
97 32
24 13
271 16
267 24
424 29
297 6
324 13
123 8
159 3
388 17
432 32
169 29
26 2
408 10
210 1
244 10
268 23
67 6
303 17
189 10
489 18
131 24
58 5
95 32
467 6
341 30
198 21
358 15
138 13
181 31
37 12
5 12
395 31
46 9
107 14
478 27
71 32
110 29
213 16
48 11
38 12
281 27
248 2
309 21
107 1
84 27
469 28
151 15
10 24
115 8
281 8
414 4
199 19
332 11
78 27
294 23
119 30
53 6
63 26
455 13
406 14
16 6
329 14
88 2
213 10
157 9
145 10
196 24
296 11
458 29
110 23
44 12
28 4
297 19
161 11
463 23
492 6
440 32
347 16
361 23
81 9
256 10
290 11
421 13
182 2
14 27
185 29
370 12
4 22
154 29
121 29
231 24
298 14
284 21
49 24
407 22
13 10
59 18
465 31
443 10
412 8
288 24
12 9
308 3
378 1
31 30
133 17
462 31
283 13
279 27
240 29
164 4
199 14
110 27
404 20
364 12
7 7
411 30
11 6
236 12
383 31
238 3
379 31
149 13
147 19
344 14
464 23
342 22
433 7
380 16
354 19
3 20
393 30
81 7
335 16
494 9
286 27
436 29
485 12
177 3
363 16
221 14
379 2
339 11
216 18
498 1
460 21
280 28
118 4
310 20
379 19
225 1
90 8
181 6
447 5
57 17
229 25
486 27
42 32
269 1
245 30
177 20
470 20
111 3
19 16
243 9
427 19
413 16
330 5
441 12
154 29
437 30
329 26
340 14
450 28
478 10
225 14
102 11
313 12
133 23
336 3
80 30
193 8
481 14
141 1
150 22
122 22
175 18
211 10
172 8
473 13
58 29
7 15
95 27
426 20
2 21
306 17
374 11
128 30
224 4
479 17
413 28
162 11
253 21
304 12
236 24
129 13
177 19
7 27
305 21
202 30
45 4
442 27
210 6
476 5
189 22
10 2
257 27

