256
363 14
396 2
204 19
146 20
259 20
165 17
53 29
396 6
221 31
337 25
115 21
60 22
176 25
413 13
371 10
401 9
147 8
455 27
410 20
182 4
439 3
232 32
267 11
349 23
217 5
28 8
377 3
229 32
300 25
365 2
338 5
106 25
412 20
39 5
363 32
489 14
270 28
497 1
51 17
227 15
381 6
302 14
341 18
309 4
374 25
13 12
289 14
400 8
382 22
373 8
361 21
249 23
284 1
19 22
441 13
305 6
499 26
431 27
488 31
182 21
116 2
424 20
15 3
308 16
464 8
344 13
244 12
455 11
41 25
65 29
421 5
154 23
474 20
461 9
27 14
174 10
391 29
101 30
124 24
153 23
291 4
263 26
292 5
265 28
245 5
164 2
49 26
436 6
105 9
335 31
242 12
476 5
308 5
390 7
336 14
222 27
242 32
12 1
405 24
68 1
456 19
166 4
400 26
378 25
350 24
339 23
71 31
75 10
391 28
13 30
210 14
204 27
421 12
187 17
343 22
178 31
336 19
154 20
296 11
444 13
242 2
88 4
96 30
394 2
330 30
64 3
195 23
341 23
334 23
144 5
280 25
327 19
367 4
54 23
363 17
159 16
279 6
268 18
112 1
64 29
270 19
479 8
97 27
430 11
197 5
311 28
449 17
294 8
320 20
478 2
196 32
138 22
86 5
52 9
269 27
137 2
297 3
205 21
285 6
27 13
411 13
308 7
177 21
26 17
300 11
178 12
343 3
173 16
423 8
476 11
42 28
432 14
430 20
83 26
122 1
398 4
150 13
94 10
9 24
322 9
474 12
8 12
18 20
95 21
108 18
335 29
33 11
191 10
254 13
27 23
85 8
110 26
332 4
60 21
323 29
353 28
436 16
464 22
391 2
98 30
128 8
351 32
198 5
326 16
165 12
178 29
480 32
335 7
491 26
3 29
478 23
460 30
66 31
71 9
481 28
158 20
99 32
323 21
400 28
100 20
352 9
17 27
416 7
493 10
448 28
70 21
202 30
42 24
304 4
280 28
131 5
447 2
297 2
378 8
417 25
464 4
105 12
302 9
34 31
130 17
142 24
109 11
81 23
166 16
466 1
372 25
234 26
326 10
439 15
429 24
383 12
327 7
75 25
211 8
275 1
440 16

