256
59 25
312 21
111 18
442 12
427 21
305 32
65 19
84 18
211 30
409 13
469 1
159 22
270 21
286 32
345 2
126 15
262 5
375 16
450 12
256 8
88 16
300 28
166 11
86 5
364 6
29 8
398 23
242 27
96 31
263 12
112 8
194 26
381 28
449 2
235 4
58 7
264 17
474 21
443 15
361 2
108 10
342 25
428 7
376 11
313 14
314 4
229 15
149 1
278 6
439 17
153 12
187 28
56 24
49 22
423 9
7 26
2 32
387 18
134 6
304 10
103 18
370 7
328 10
440 10
319 10
470 24
77 16
91 16
167 3
333 13
252 27
323 29
391 25
34 32
174 10
322 16
159 23
458 26
412 29
295 15
478 28
406 26
271 24
241 18
487 13
230 6
116 4
342 2
316 16
233 25
65 10
116 19
96 30
60 32
174 15
294 32
470 19
409 21
398 2
30 4
426 3
473 21
367 11
102 2
42 23
23 18
240 2
180 32
63 15
399 25
445 12
92 7
94 16
7 7
353 32
227 31
350 19
23 8
217 9
250 22
311 4
215 30
113 10
441 4
485 27
116 21
234 19
47 3
58 21
170 19
144 20
41 22
298 3
413 3
39 6
124 9
137 31
103 14
232 3
277 32
234 12
349 3
98 15
146 31
152 15
417 23
62 1
140 7
20 9
225 14
418 1
111 23
187 29
156 6
459 20
338 28
27 26
363 28
284 4
130 11
26 11
82 19
355 13
297 14
477 2
136 3
222 18
153 32
162 28
381 12
443 10
164 13
107 6
444 11
385 1
325 26
323 22
348 22
479 4
403 23
369 30
201 6
487 17
53 28
12 10
120 26
3 15
274 22
160 13
500 28
142 20
305 24
434 32
141 12
499 16
70 8
137 27
13 28
327 18
475 23
351 30
496 13
228 22
462 31
338 1
282 15
341 14
443 30
441 19
389 16
182 10
363 15
432 3
146 15
144 32
153 14
66 20
347 9
269 28
32 11
473 1
437 17
103 31
438 27
18 22
38 19
487 32
369 3
479 10
233 22
486 21
116 7
384 30
195 17
121 22
463 21
243 19
257 5
482 18
443 3
223 9
49 6
232 22
332 10
135 24
184 8
448 3
374 19
112 29
187 24
350 29
29 8
400 17
140 1
35 11
231 9

