256
378 28
69 25
318 16
410 14
81 13
461 11
2 29
166 12
363 13
175 15
116 23
500 31
327 25
177 27
298 19
189 15
203 18
8 4
189 1
233 25
433 2
324 26
442 17
329 17
366 19
35 9
130 10
431 20
458 23
350 16
405 23
282 23
296 5
478 8
409 11
456 17
256 3
478 9
120 15
205 17
161 23
169 10
272 31
450 2
205 11
337 29
337 14
68 8
259 13
319 23
107 15
360 2
257 17
263 4
347 3
212 32
206 12
1 25
330 6
410 30
101 10
347 17
68 14
421 10
310 7
196 17
217 7
334 6
448 28
53 22
415 29
153 24
348 30
300 18
455 10
415 19
11 9
344 10
26 28
107 16
206 19
308 23
413 17
100 16
237 4
154 11
268 26
474 8
311 17
145 26
186 7
172 13
172 15
126 5
482 9
236 12
91 19
462 19
184 29
215 16
64 8
274 32
25 27
151 24
223 31
305 5
205 28
105 20
343 6
425 20
166 12
363 8
55 32
111 2
88 29
213 28
44 10
39 4
436 1
107 14
483 11
418 3
387 2
415 17
456 15
404 21
350 3
81 24
294 23
197 30
367 9
89 22
98 19
329 21
315 20
395 17
346 20
335 4
186 9
164 29
439 24
465 17
390 13
248 27
87 1
268 21
57 16
362 27
482 3
391 20
478 17
444 19
449 23
111 26
379 10
478 22
45 6
310 26
339 13
469 21
353 12
230 22
92 19
268 29
485 30
221 10
147 20
341 19
294 19
432 9
76 1
194 29
202 3
258 24
411 10
317 28
314 22
377 17
488 32
181 29
5 29
138 11
417 2
449 26
428 8
438 16
140 31
328 14
485 1
233 16
163 17
363 32
94 27
232 14
234 28
406 22
165 15
241 9
373 29
346 4
421 4
155 12
266 30
401 3
419 30
350 9
34 28
408 20
302 23
413 15
254 10
124 10
212 4
202 8
257 20
88 5
183 30
236 24
428 9
50 26
474 11
130 19
462 9
486 27
379 6
297 16
67 13
254 7
488 11
418 16
206 25
272 20
99 4
40 18
348 5
223 17
340 12
31 21
92 9
64 18
118 24
305 29
336 26
19 20
217 16
271 2
441 23
14 31
402 1
416 5
493 26
273 20
193 23
337 24
375 24
105 13

