256
55 2
29 30
407 28
10 4
155 22
60 27
418 27
163 18
2 1
293 16
344 10
318 4
276 6
38 19
482 7
310 28
493 26
345 11
369 22
94 11
4 17
410 13
231 32
90 28
156 26
36 31
251 29
246 19
2 7
409 11
470 6
370 22
259 30
212 20
272 13
2 31
457 3
47 7
186 8
123 1
222 14
191 4
214 32
202 11
423 26
50 20
179 27
205 30
337 8
417 12
220 14
234 16
181 20
66 18
267 24
207 28
197 17
164 14
185 21
477 23
179 14
350 13
148 18
498 32
469 26
443 12
184 20
67 24
307 16
81 2
172 27
117 12
36 28
482 28
349 18
178 31
335 27
439 6
432 21
170 4
54 16
439 21
492 9
304 10
488 21
75 31
23 8
231 26
323 4
129 19
21 6
401 19
36 28
40 11
480 29
218 29
173 28
474 16
12 29
313 28
161 4
362 32
431 4
445 13
155 14
128 27
83 16
381 19
219 5
85 26
481 11
83 13
310 8
168 10
184 21
377 21
72 30
232 2
34 12
106 8
101 13
67 12
113 15
154 7
71 26
233 20
392 23
56 10
74 28
227 1
56 23
305 7
44 8
480 21
64 21
469 12
22 31
51 30
185 20
168 32
294 4
159 17
418 18
90 23
289 12
452 28
122 12
174 22
144 9
446 7
442 6
74 31
152 9
96 17
328 31
296 9
367 2
10 28
371 19
479 32
119 10
207 32
37 29
109 8
237 31
238 2
320 32
140 8
436 27
12 3
202 7
88 28
464 5
203 26
47 9
197 21
314 20
109 7
488 9
382 20
271 28
402 11
283 21
266 2
128 9
184 9
435 15
248 22
71 26
435 10
187 8
486 20
387 18
350 10
163 8
97 1
203 18
227 29
391 28
54 22
120 1
50 18
212 1
155 2
302 22
103 28
221 9
488 23
34 9
332 20
420 28
481 18
130 31
458 20
403 11
241 30
248 6
428 27
290 22
92 31
23 7
431 7
135 10
405 8
458 28
68 2
368 16
55 5
458 1
368 8
23 32
382 22
101 21
432 10
94 12
184 21
70 2
415 32
235 24
75 29
407 2
126 10
41 16
122 31
192 5
210 27
300 11
188 8
103 32
141 9
495 25
369 28
290 23
119 5
306 1
273 1

