256
116 19
43 25
298 18
64 7
124 1
45 19
434 6
184 14
14 16
453 5
111 21
192 3
108 12
466 13
56 11
490 32
453 24
112 30
246 31
384 29
359 16
380 9
66 27
454 19
102 23
127 12
195 10
122 14
249 24
366 5
414 16
476 30
91 27
115 16
113 30
57 24
482 28
468 3
202 21
329 31
179 11
366 21
124 24
26 9
279 28
29 16
451 16
409 17
294 7
229 2
76 13
229 17
424 24
455 29
469 7
279 23
441 4
372 5
187 13
141 9
492 25
360 18
24 4
187 17
142 3
426 14
403 11
126 22
54 17
154 14
67 12
21 8
131 16
424 10
492 24
134 4
84 10
277 23
113 23
127 23
229 24
176 7
410 1
160 4
233 13
485 8
448 21
159 7
100 26
248 32
349 1
75 32
78 23
242 23
18 28
149 6
123 16
81 21
476 8
348 1
257 8
212 12
41 22
486 32
155 1
231 31
466 1
286 11
212 19
437 5
98 13
326 32
260 22
104 12
350 11
148 18
487 19
161 15
80 15
18 22
231 13
236 16
257 17
443 4
251 27
48 16
316 18
271 3
483 3
14 4
29 25
141 31
19 18
41 18
152 27
183 14
11 26
430 19
142 24
87 12
102 30
443 25
63 10
196 22
440 9
81 24
370 14
483 12
375 3
190 30
433 4
259 3
494 8
62 7
263 12
231 17
337 13
485 24
386 4
297 1
241 5
293 14
450 15
201 16
149 22
53 14
114 24
228 23
203 5
445 30
492 15
34 25
348 22
228 17
402 28
410 6
104 10
103 18
328 11
229 8
193 14
261 26
297 5
116 3
481 12
316 25
87 13
153 22
423 32
370 28
107 23
317 26
332 19
115 23
221 12
339 29
329 19
422 29
291 5
475 32
301 31
448 11
343 8
172 13
183 5
440 1
172 8
350 27
174 5
366 23
12 16
11 8
6 9
316 25
173 2
272 29
432 15
211 11
22 6
243 28
127 31
344 6
142 21
152 32
361 17
414 8
72 8
415 2
208 18
78 29
224 17
57 19
271 32
133 20
353 20
347 15
262 10
128 23
86 20
70 23
148 11
22 4
259 13
1 2
222 30
50 17
278 23
304 12
226 32
191 26
15 13
261 4
78 28
31 19
371 16
461 19

