256
190 14
265 31
478 2
265 30
363 14
462 2
165 8
305 10
202 24
404 17
281 21
160 11
224 9
38 19
7 12
422 4
217 6
126 14
92 10
404 30
287 29
199 32
120 19
429 25
215 20
117 11
288 32
134 16
188 23
78 26
462 19
241 26
184 31
76 31
108 19
80 31
47 26
50 18
485 6
486 23
161 18
45 32
229 22
459 24
201 16
461 14
386 13
192 26
419 15
48 19
449 20
273 15
109 14
160 25
151 9
495 11
98 16
258 10
69 25
445 17
456 17
135 10
309 6
115 8
148 26
106 20
493 10
442 26
51 1
398 9
97 1
363 2
136 28
75 20
40 11
29 28
127 3
41 23
192 7
14 27
20 23
286 13
200 15
466 22
31 23
302 23
311 16
24 6
136 2
2 31
320 30
22 6
396 30
84 7
68 26
277 4
420 14
452 16
492 21
221 10
335 3
500 2
390 23
443 29
324 32
404 3
177 21
292 28
191 3
158 22
324 2
49 12
51 8
215 10
472 31
415 7
161 18
304 19
140 14
279 31
42 10
309 10
311 8
290 17
327 7
462 6
85 31
245 23
214 11
29 2
246 19
492 10
61 15
160 12
392 11
367 9
472 11
151 18
479 24
134 29
238 8
454 6
458 19
309 11
9 29
208 6
483 19
364 19
197 11
95 29
461 9
21 9
191 23
418 5
314 28
177 12
351 3
77 8
181 13
330 17
425 30
147 24
440 6
302 17
384 8
225 5
412 17
481 3
120 6
475 21
301 8
336 3
134 17
310 30
1 28
58 6
381 4
37 8
65 6
308 25
438 4
145 29
481 9
7 28
374 6
384 15
337 16
29 22
484 27
487 28
182 32
261 14
100 29
85 12
339 13
464 16
128 32
328 4
84 11
207 22
20 15
484 28
162 20
177 29
202 3
480 3
262 25
500 5
241 5
377 23
181 20
58 32
300 18
416 27
424 2
192 11
64 19
150 13
391 22
73 20
44 1
179 25
497 6
18 13
466 14
20 26
437 9
454 20
314 29
323 21
342 30
383 14
393 4
186 23
413 3
226 16
163 32
465 27
286 6
99 15
79 10
397 19
47 2
455 12
70 21
153 27
494 31
372 2
271 2
20 27
168 2
343 6
1 19
340 6
140 6
389 10

