256
153 18
367 24
84 25
2 10
232 11
252 24
244 18
486 16
412 2
307 25
482 15
148 28
316 32
314 26
193 4
362 18
101 20
121 13
92 7
450 24
205 21
483 1
155 13
436 6
238 19
242 7
221 17
290 24
168 20
261 12
131 2
57 11
405 6
267 1
356 12
172 28
121 6
212 7
326 12
396 31
94 9
337 30
229 7
405 8
230 6
107 16
491 16
294 28
45 17
96 32
480 19
163 28
124 23
430 10
374 13
216 31
313 13
484 13
31 16
288 12
405 7
175 28
262 20
495 10
84 18
409 32
60 3
367 27
297 29
336 26
473 12
192 30
160 19
178 10
267 30
153 23
64 15
270 25
498 8
482 6
57 10
497 28
164 31
3 5
363 26
186 4
445 22
473 28
256 10
145 10
319 25
45 10
475 18
58 9
282 3
258 18
132 18
10 24
320 4
312 11
53 25
222 2
226 14
101 22
47 2
355 30
394 31
99 1
65 9
397 10
47 22
387 23
111 8
178 22
259 9
316 8
337 13
161 15
82 5
248 17
210 2
198 32
1 20
176 17
304 8
262 7
429 20
381 3
396 10
172 6
46 24
317 18
228 21
148 30
442 3
142 31
497 27
458 5
486 29
413 10
408 14
140 32
25 12
78 28
429 26
426 6
89 14
59 20
423 23
329 28
101 30
218 29
308 24
297 6
12 21
435 24
86 30
459 3
445 25
234 29
138 31
50 2
457 24
245 15
166 6
446 7
43 3
67 27
190 4
348 14
424 14
473 26
207 27
324 19
319 25
375 4
420 16
385 4
383 26
106 21
55 27
167 1
65 29
151 23
96 26
160 24
483 8
85 17
414 12
191 21
168 17
392 27
192 29
166 7
258 15
123 20
25 21
260 6
373 15
48 17
112 31
44 15
190 24
487 7
35 2
39 6
446 19
493 18
411 30
212 4
133 18
183 21
326 10
98 22
56 21
18 32
351 13
466 24
40 12
347 6
481 25
480 31
19 12
416 25
481 7
300 21
164 18
270 29
128 3
38 19
364 24
54 10
320 31
458 8
323 32
285 23
40 24
433 3
87 4
339 12
178 23
32 1
176 9
33 3
372 15
338 3
330 7
152 9
262 13
360 16
264 29
238 4
260 27
214 23
222 32
118 8

