256
7 20
340 32
180 3
429 30
7 20
54 9
222 31
288 24
457 23
266 6
47 20
240 14
276 21
21 22
340 10
18 6
22 17
38 17
119 2
219 5
173 16
258 18
87 21
409 31
471 2
364 29
442 28
231 29
496 7
206 19
5 27
385 14
283 30
78 29
91 12
230 19
272 15
8 10
235 13
252 13
294 12
74 3
71 20
155 22
54 16
105 10
286 1
139 20
114 21
321 28
216 18
318 27
388 17
196 2
445 12
178 11
267 23
177 29
406 12
106 4
395 26
221 5
402 4
452 23
428 8
422 23
173 31
334 24
268 21
33 12
32 7
302 22
313 3
486 7
14 4
30 8
153 22
292 23
313 4
273 16
367 31
87 4
137 24
451 12
4 20
468 12
46 13
333 22
451 19
428 28
262 5
224 18
411 15
172 19
110 21
315 29
343 9
16 15
24 26
235 11
301 18
414 6
26 23
408 13
269 23
292 30
348 11
147 22
382 23
332 11
467 10
319 29
102 6
491 17
152 5
4 12
482 17
2 20
15 13
336 15
299 7
164 30
494 27
107 11
481 27
69 27
288 28
311 22
73 1
366 32
82 1
380 27
138 29
422 24
345 13
287 11
236 18
141 5
112 27
307 28
37 3
242 25
114 12
418 31
57 19
114 18
4 9
200 5
77 26
496 13
230 2
416 25
84 32
45 31
6 11
139 15
430 16
71 11
136 20
285 8
474 7
329 25
243 4
321 20
353 25
240 3
450 23
399 13
414 24
228 16
498 6
166 15
449 4
26 16
427 2
275 28
208 15
81 23
335 17
122 15
421 9
269 3
220 12
403 21
315 26
404 4
199 1
295 20
8 12
83 26
481 26
186 21
312 10
343 26
370 20
333 3
176 25
13 27
324 19
380 6
249 19
154 11
56 28
298 23
471 1
497 19
90 6
195 1
151 17
399 8
352 3
14 32
35 14
126 31
293 9
200 13
492 13
191 15
4 21
109 14
73 21
129 14
342 7
414 8
212 8
216 27
394 25
294 5
107 20
491 7
128 6
291 23
395 9
17 26
25 10
76 17
286 8
110 24
378 12
471 5
187 14
4 29
119 25
65 13
68 3
475 8
96 5
18 26
301 3
92 10
216 27
274 9
370 24
480 15
259 31
188 21

