256
341 30
445 32
206 3
230 19
283 2
36 28
229 4
20 17
49 25
238 11
56 22
254 25
327 22
489 15
87 25
104 31
26 29
306 3
159 11
77 5
100 28
324 4
200 20
8 4
356 21
122 23
234 19
323 28
225 28
335 19
280 10
90 10
338 15
240 4
134 1
141 5
132 8
265 27
159 28
430 6
369 11
128 26
426 11
162 6
466 32
312 25
285 9
254 15
148 14
322 17
14 26
365 9
130 29
328 28
253 1
6 9
308 29
74 9
435 23
86 12
434 5
497 31
150 6
397 5
447 30
429 32
384 9
457 25
126 12
152 30
392 21
350 23
142 7
487 24
362 12
328 19
321 8
69 30
277 29
470 32
35 22
387 18
394 7
282 3
478 29
100 30
442 5
272 3
76 19
362 9
182 29
435 14
216 12
323 17
468 12
420 2
393 14
271 31
1 28
9 6
189 1
51 10
409 23
416 16
433 5
124 6
170 19
468 5
414 30
81 5
286 4
87 10
10 25
316 6
113 9
191 13
137 14
282 13
268 1
233 12
325 20
17 6
266 4
231 3
330 31
60 11
15 14
144 20
206 28
237 26
488 3
118 12
372 27
372 19
447 20
394 32
460 15
265 13
98 15
404 19
158 23
393 16
312 17
399 9
200 27
187 15
265 8
14 13
407 17
479 29
489 29
124 12
487 1
24 28
87 7
363 28
445 11
119 32
143 13
477 6
3 11
232 4
318 13
108 20
130 14
429 2
310 12
269 20
292 4
232 27
275 30
474 7
200 1
179 3
461 15
388 20
169 28
435 10
216 6
62 5
479 14
166 29
393 18
436 5
430 31
267 32
464 20
274 4
36 12
210 1
458 13
164 18
420 10
112 16
343 25
36 1
366 26
313 30
339 13
146 32
119 32
323 7
356 5
98 7
252 15
239 10
459 26
335 3
203 22
218 17
322 5
218 19
306 14
1 9
130 18
264 5
262 7
183 5
239 20
7 26
290 18
199 28
351 30
478 14
331 15
98 1
300 15
395 17
197 3
453 22
393 1
426 6
7 4
122 17
239 20
234 24
225 13
480 16
318 17
481 28
356 26
356 19
97 15
463 5
497 28
470 5
484 20
394 2
355 19
234 14
495 27
325 11
103 24
498 16
465 22
272 8

