256
134 12
29 25
143 16
394 18
43 17
172 9
172 10
295 26
98 12
203 20
240 7
384 28
122 23
240 13
430 9
358 32
104 18
408 7
149 29
172 8
477 24
192 8
93 30
482 31
286 8
26 25
430 29
44 23
196 15
368 29
155 13
392 11
462 19
357 31
451 8
302 28
427 21
131 32
182 4
414 27
499 15
343 24
199 6
479 30
372 18
371 11
422 22
489 27
413 5
345 23
428 30
346 11
342 21
226 4
440 7
342 3
77 17
218 31
274 8
373 10
393 23
24 22
356 8
401 20
208 9
483 23
95 28
341 24
156 10
163 8
56 25
238 4
393 3
463 30
3 31
311 3
77 26
413 32
49 9
52 12
261 30
95 23
65 3
495 9
205 9
168 28
13 25
96 9
211 2
423 5
392 13
312 20
271 32
103 7
240 6
279 24
391 21
207 28
159 29
28 3
209 19
475 6
155 30
330 5
479 20
282 30
189 17
393 7
372 3
481 23
353 31
462 11
483 28
402 10
220 9
356 29
179 10
354 5
251 15
50 5
287 19
302 3
127 18
489 18
41 21
460 29
80 21
339 6
441 13
55 8
225 27
292 16
92 5
88 11
32 29
71 22
171 17
496 17
418 32
146 22
304 9
202 7
378 25
149 14
337 27
181 25
317 25
316 25
173 28
251 16
392 17
373 7
397 28
211 3
203 25
124 15
461 10
241 30
422 1
359 6
296 32
318 16
68 6
20 20
241 10
444 24
295 8
46 27
36 21
357 30
465 21
96 13
10 1
467 31
429 21
188 28
68 1
188 11
342 19
375 6
329 2
66 23
337 27
165 12
219 14
462 27
206 21
312 31
97 18
497 22
454 32
453 26
392 28
156 6
347 2
19 11
403 8
1 12
399 17
111 17
390 32
4 31
333 19
161 9
92 25
10 9
192 15
66 24
454 6
373 24
307 7
178 10
327 2
449 17
195 11
45 16
335 12
31 31
362 11
151 1
200 5
202 27
327 11
178 28
192 14
432 23
441 21
208 3
139 20
195 9
418 19
268 8
139 6
122 28
489 13
157 20
137 6
430 3
476 32
94 32
9 17
166 1
486 21
419 28
232 21
160 5
56 27
401 6
77 18
45 17
350 29
456 14
410 17
300 18
196 14
405 29

