256
201 16
489 13
278 16
239 15
124 10
379 17
295 18
374 31
478 26
49 7
344 30
459 5
187 20
492 19
308 32
265 32
359 5
140 8
1 26
98 8
264 21
160 10
290 10
484 31
471 16
210 23
21 24
479 15
247 30
426 30
421 26
61 11
147 8
267 19
281 8
326 4
192 18
305 2
371 20
304 29
172 5
359 16
32 13
103 6
159 32
331 7
273 31
62 23
294 4
269 7
43 3
322 7
284 23
68 14
266 7
198 13
236 29
185 7
97 27
397 19
18 15
38 18
470 11
413 19
278 17
41 24
479 3
54 6
193 5
267 2
196 29
99 23
373 11
401 1
421 9
76 30
24 13
431 5
211 23
311 4
228 16
159 26
418 25
468 10
37 18
419 8
50 25
366 6
299 27
391 7
415 26
360 26
430 19
486 28
485 21
331 16
352 25
270 21
53 9
230 14
174 8
173 8
165 19
497 3
9 19
386 15
204 13
65 17
239 6
476 8
198 10
287 29
295 32
169 19
496 14
288 2
398 21
245 22
203 21
228 19
480 1
337 19
210 9
372 12
155 15
23 8
153 10
253 27
421 21
145 17
23 13
438 24
245 26
185 7
126 4
361 21
377 25
492 18
450 11
237 16
61 16
307 17
125 27
11 1
36 24
313 18
292 2
181 4
135 21
186 9
128 2
217 28
94 4
145 27
422 10
350 7
345 1
47 17
419 2
217 10
269 2
363 28
131 3
447 30
259 8
378 15
29 2
242 2
154 23
369 19
472 6
261 24
226 16
488 1
421 24
302 9
233 5
248 28
59 2
333 30
29 30
56 17
155 21
382 4
387 14
439 10
320 15
25 25
62 8
393 14
216 3
170 24
211 25
367 13
166 11
438 2
260 21
102 7
494 4
278 20
437 32
238 4
471 30
153 12
126 21
366 5
91 15
344 29
8 15
422 1
261 19
219 1
204 20
139 17
7 16
428 8
188 1
51 30
131 7
393 4
452 2
152 18
349 3
195 24
205 24
380 10
326 26
338 17
474 16
77 4
447 5
275 14
373 22
495 3
232 20
314 23
349 13
77 5
460 23
404 32
238 20
481 23
85 18
444 26
497 8
390 32
228 8
281 17
193 24
307 25
15 25
311 31
85 23
412 20
9 31
60 26

