256
346 3
287 7
412 22
88 19
402 31
145 1
210 7
426 30
191 11
107 20
320 26
363 7
231 7
203 3
497 10
106 2
72 32
13 11
434 28
381 19
239 30
20 4
32 21
57 23
467 27
466 18
397 12
13 31
22 23
222 30
40 23
64 11
423 8
298 12
379 18
394 29
259 17
417 19
61 1
217 4
192 18
17 16
65 13
66 15
448 15
308 3
318 11
302 28
298 3
299 21
480 4
145 3
309 17
381 25
386 29
452 13
482 17
16 10
53 9
484 32
220 4
339 29
162 16
128 32
90 30
340 5
469 4
159 21
397 27
202 6
339 9
210 4
473 13
70 22
157 5
377 12
196 23
264 22
206 31
373 23
168 8
68 29
195 2
117 31
469 30
224 19
323 21
331 31
361 4
24 22
304 9
97 16
319 9
61 5
455 25
375 3
496 22
463 10
20 15
485 20
101 12
294 19
345 28
421 1
375 5
426 7
49 23
382 11
87 26
447 5
226 10
15 17
263 5
262 22
112 2
121 32
306 15
338 14
242 2
58 9
258 4
147 18
358 4
377 24
321 11
336 14
496 3
118 19
383 23
244 26
329 17
57 6
483 10
487 8
208 32
340 17
231 30
123 28
217 31
383 29
25 15
434 29
273 7
483 23
134 22
149 22
294 9
447 4
155 13
500 30
180 27
326 15
29 16
350 25
298 29
134 23
155 31
195 27
322 1
433 3
106 1
416 28
490 18
27 28
146 10
357 9
217 6
87 29
334 1
45 3
225 10
157 7
449 11
9 14
231 17
224 1
374 7
440 27
352 26
210 21
344 14
25 8
451 20
360 8
104 24
267 16
434 3
58 10
478 22
3 24
6 6
100 23
68 19
445 3
357 6
471 16
423 19
463 6
310 26
361 25
429 23
92 18
254 29
447 7
66 17
142 24
378 22
6 1
132 31
419 20
308 25
391 23
88 25
160 17
378 8
14 3
499 17
372 24
458 15
186 31
119 27
298 21
68 4
145 24
458 24
391 5
8 14
199 27
486 22
196 24
230 21
374 28
165 13
183 18
63 16
497 26
194 6
382 26
301 2
17 10
145 27
375 9
188 9
247 14
135 14
241 28
2 30
443 7
358 9
140 5
344 8
306 1
134 11
2 22
416 10
44 5

