256
324 19
88 12
100 12
430 15
375 23
435 26
232 19
316 29
144 8
20 4
370 6
300 14
114 21
372 21
449 6
180 24
232 3
315 24
458 24
454 28
78 20
126 5
86 25
325 10
360 20
129 6
314 16
131 23
476 18
275 16
380 10
47 15
425 9
294 26
457 12
418 14
487 11
343 5
187 19
154 2
215 26
127 32
414 25
306 13
463 1
17 2
238 3
304 22
424 22
396 12
49 5
265 31
59 11
459 17
126 16
290 4
98 25
219 19
377 24
251 27
456 27
384 2
182 12
207 9
489 6
188 1
118 12
275 24
411 2
272 20
49 26
227 26
34 25
8 2
320 11
453 8
229 24
173 2
227 31
218 3
185 29
103 14
209 2
182 31
463 13
6 19
218 8
9 23
380 24
161 15
126 21
178 7
152 30
116 15
81 18
445 1
442 20
270 22
129 19
120 23
256 5
305 5
412 21
224 11
181 20
342 14
52 15
364 19
221 28
433 9
17 18
417 26
129 22
108 25
341 3
199 8
56 23
272 19
168 7
110 24
82 23
357 1
173 25
188 17
52 20
193 32
349 1
25 9
351 8
85 31
63 15
138 18
490 17
436 17
108 1
208 17
347 12
26 28
284 5
264 23
36 5
254 29
269 15
65 27
262 6
161 32
136 30
293 25
411 21
133 6
125 16
58 12
404 7
195 31
351 18
226 3
266 11
475 27
257 3
5 15
392 14
194 28
167 31
4 25
215 29
94 7
476 20
14 7
290 24
270 5
18 27
379 31
325 5
169 30
95 14
304 15
43 25
366 5
483 29
286 9
357 27
92 5
86 1
415 8
165 16
368 2
382 18
464 15
450 25
140 28
362 23
30 32
439 19
464 6
468 1
174 8
184 29
8 9
222 23
496 22
310 27
67 16
460 22
250 1
218 9
453 19
331 6
334 13
433 22
246 8
398 32
223 17
36 27
202 25
357 9
142 22
264 4
61 15
442 2
484 7
198 12
238 8
121 11
353 9
220 6
304 22
369 31
50 1
461 31
13 9
300 7
38 11
214 3
137 3
408 8
166 14
259 3
337 4
177 9
136 13
139 28
366 19
318 7
263 18
166 12
298 13
282 23
231 27
285 15
354 29
339 7
150 9
477 30
328 21
27 24
49 21

