256
343 16
48 1
252 28
87 10
113 15
188 26
84 23
86 27
33 14
182 23
333 10
459 23
284 30
405 21
246 32
36 8
355 31
181 14
186 23
48 27
458 7
260 13
122 13
351 26
494 32
344 14
390 6
197 17
403 29
245 20
72 20
440 11
215 4
384 12
238 15
50 31
370 26
440 19
6 18
200 32
174 27
29 27
197 17
291 3
177 15
99 9
166 18
379 20
9 10
132 14
397 5
145 14
194 24
460 4
225 11
403 26
53 15
16 5
8 30
200 12
44 30
136 14
187 6
441 3
480 32
292 8
457 28
493 2
223 20
53 28
314 7
49 2
386 9
115 21
74 14
280 18
463 20
31 25
281 31
195 8
247 10
487 3
126 3
56 24
134 9
147 19
63 8
313 4
464 27
44 21
444 24
6 18
91 4
258 3
359 4
335 1
141 25
363 18
4 6
466 17
26 28
436 29
159 24
92 18
230 24
11 25
163 12
282 25
404 19
179 18
490 5
422 2
38 20
248 25
201 29
29 7
28 12
371 27
267 2
160 20
301 18
20 7
390 21
271 13
339 26
258 28
314 15
162 27
314 17
95 26
325 28
296 4
291 2
390 10
332 10
405 28
423 9
151 24
225 1
456 4
370 1
95 24
95 28
90 16
368 5
126 24
308 9
248 6
291 25
7 14
242 12
457 29
188 11
328 16
28 24
179 5
52 18
136 7
233 14
110 25
410 31
348 17
360 11
18 18
436 5
123 5
140 7
193 3
186 21
90 29
360 5
313 3
246 29
261 2
26 31
134 27
457 10
3 4
280 32
317 23
100 19
244 19
370 28
417 11
160 7
119 27
479 7
282 32
231 6
405 12
264 27
42 1
224 16
388 23
268 25
70 19
495 9
458 4
100 26
418 20
232 20
482 10
171 11
137 29
9 10
361 20
284 14
344 7
298 24
361 13
288 10
135 26
242 4
146 22
318 11
157 29
303 22
111 25
105 15
77 17
140 29
236 27
191 24
133 8
311 30
404 30
423 18
231 25
482 20
62 19
143 22
199 29
207 21
473 11
408 9
275 27
338 31
174 16
90 22
367 4
151 10
201 26
11 23
442 16
11 31
142 9
72 17
153 30
353 25
441 8
25 3
159 6
429 24
241 22
341 11
121 32

