256
55 4
449 5
324 25
105 11
234 2
103 1
2 9
239 17
409 12
15 29
276 8
391 8
84 32
139 20
468 23
222 10
298 10
23 13
14 27
475 15
212 17
32 29
253 30
93 18
17 15
458 21
54 8
428 5
55 30
445 26
92 10
248 13
39 18
65 20
248 15
2 8
320 17
24 24
154 17
85 23
427 22
167 21
445 6
469 3
11 17
225 22
282 32
46 12
93 26
223 28
352 1
355 7
461 7
447 31
199 7
137 21
277 31
457 25
396 2
424 6
42 24
211 12
471 28
143 7
69 22
106 28
146 5
443 6
43 1
220 1
123 24
217 3
158 30
472 25
303 23
14 16
246 24
167 4
183 18
130 7
231 11
23 28
399 5
481 25
57 5
33 11
408 14
430 18
127 9
174 9
499 8
272 12
263 19
311 18
452 24
48 10
378 26
57 17
386 5
421 2
89 2
473 5
55 26
266 25
154 31
461 32
478 24
99 5
22 25
38 13
200 13
6 17
359 26
57 4
451 10
38 7
283 18
91 25
263 32
369 12
499 17
271 4
412 21
68 18
277 29
110 28
246 20
404 16
29 13
199 11
438 24
222 32
97 28
260 19
20 8
126 26
308 8
345 31
116 5
356 8
221 14
219 10
433 15
421 13
435 12
144 16
355 9
295 12
28 6
162 31
33 28
268 4
387 21
262 31
377 18
246 25
287 9
415 31
291 27
383 17
306 2
300 9
94 14
316 14
499 17
372 31
468 4
74 15
252 3
61 16
156 18
428 18
474 10
216 16
29 27
340 10
328 31
346 6
84 5
43 30
342 30
464 1
405 29
367 24
76 27
487 19
85 15
377 6
108 20
26 28
42 21
174 10
356 23
291 31
384 1
225 17
450 24
385 31
429 32
214 20
382 29
86 6
115 10
228 2
406 1
62 11
469 3
20 8
457 2
115 20
198 3
416 32
230 21
206 14
256 19
13 13
119 7
455 25
412 30
11 13
286 24
320 18
158 11
430 18
353 32
306 14
86 9
401 27
225 10
473 16
377 9
321 11
435 15
432 31
160 30
367 9
365 2
50 14
229 19
339 25
374 4
334 19
69 19
126 9
44 22
329 24
434 21
267 13
275 6
419 14
343 21
82 23
175 15
432 3
462 2
335 19

