256
198 8
199 22
233 16
449 11
354 32
412 22
414 3
451 14
240 20
222 19
111 26
9 24
339 1
425 10
359 12
453 32
404 12
337 16
227 9
18 4
253 1
197 30
120 23
71 3
111 28
241 29
358 22
353 16
14 21
301 9
341 10
280 20
461 29
231 15
253 28
118 13
29 10
227 32
313 21
358 11
293 23
347 6
52 27
49 1
328 13
289 16
158 17
263 10
389 5
156 17
444 9
350 28
291 8
471 19
224 29
377 12
131 3
17 30
126 5
450 13
118 7
472 7
11 30
245 3
430 8
391 1
25 16
197 3
19 23
269 19
347 17
110 5
71 15
362 16
395 32
148 4
402 23
139 28
56 27
162 21
282 16
210 18
496 18
472 22
424 8
460 27
236 6
451 11
400 1
2 6
476 22
158 5
472 20
492 32
178 29
364 15
408 9
469 11
478 20
473 2
180 8
376 19
353 26
73 32
490 23
398 25
428 15
45 23
202 28
130 15
392 10
393 4
418 29
258 12
301 14
1 12
162 8
98 2
53 27
470 27
97 7
211 28
125 16
274 22
347 8
260 3
249 32
242 2
13 19
265 13
81 25
496 22
492 21
459 1
263 24
439 31
146 13
234 18
460 12
151 7
263 10
397 3
62 14
380 6
340 17
90 32
261 9
13 9
29 12
149 12
399 3
2 1
439 4
370 11
95 25
57 1
282 25
423 11
146 6
120 5
298 1
405 31
145 25
163 6
388 15
317 7
249 26
387 31
53 24
289 11
128 25
207 18
1 13
104 22
431 12
483 8
432 31
490 21
155 12
102 27
166 10
385 10
235 7
305 32
378 17
138 14
290 21
267 26
473 26
140 19
93 10
335 17
360 32
305 30
32 30
260 5
175 24
463 9
118 23
400 28
359 18
353 16
382 7
290 6
488 25
109 5
402 19
309 9
470 25
126 29
222 30
50 28
85 16
8 19
278 12
198 12
297 22
488 2
20 5
235 27
57 31
143 30
489 19
70 3
267 11
163 32
136 32
235 29
223 31
423 20
354 28
340 6
373 27
31 12
455 13
454 27
460 5
172 28
399 29
258 2
139 29
357 15
484 28
347 11
38 25
410 3
92 29
392 4
279 14
59 21
186 20
447 5
460 6
445 15
62 30
228 9

