256
138 2
486 7
395 10
381 1
234 21
457 31
156 19
123 11
29 21
280 14
7 31
270 8
115 29
139 9
396 24
232 21
298 21
83 8
131 23
85 20
268 13
239 11
135 25
114 12
474 1
297 32
439 18
479 25
366 6
306 26
121 29
498 22
105 9
166 15
247 6
451 10
142 21
289 17
253 10
440 26
498 20
410 9
153 32
193 19
209 2
484 2
386 25
451 15
413 20
77 32
69 31
25 11
419 29
487 32
270 22
101 16
365 18
56 13
102 24
91 22
450 10
491 23
259 14
177 3
261 2
34 26
132 11
40 19
75 30
426 13
7 10
316 27
388 19
91 13
322 6
150 3
459 25
106 17
286 30
240 6
239 21
227 31
183 2
125 6
347 2
158 17
75 13
75 6
195 18
154 8
199 20
139 5
148 4
226 17
229 9
182 32
89 21
190 28
378 14
85 21
215 18
429 25
66 16
455 28
21 16
127 23
263 13
227 14
360 16
46 17
268 20
408 21
488 13
184 29
114 16
145 8
361 22
468 30
429 30
37 5
382 27
19 16
280 21
258 23
49 27
431 28
382 22
376 21
490 31
290 27
178 2
430 14
7 2
167 27
171 3
235 12
70 25
400 5
350 25
191 18
163 2
65 1
163 29
117 25
351 6
107 9
192 21
270 30
138 1
337 20
491 23
64 32
176 27
408 29
323 31
422 5
424 26
233 22
278 26
442 17
459 1
361 6
437 14
52 10
66 28
233 17
310 28
116 1
110 20
9 8
326 10
269 17
120 17
38 25
202 20
229 9
380 1
14 8
219 17
241 28
304 13
192 30
269 28
450 30
35 27
162 32
92 18
312 7
282 21
460 12
32 8
200 27
129 1
78 23
130 18
482 29
143 30
398 7
481 24
492 7
362 9
78 21
434 21
16 28
441 27
255 17
366 26
235 10
18 13
192 11
334 18
432 28
199 1
90 7
232 6
397 9
86 18
398 8
362 25
291 14
91 9
126 20
202 9
302 27
229 29
218 18
370 13
242 28
33 15
98 5
412 14
209 2
467 10
221 4
370 11
334 20
407 15
268 20
23 5
178 11
265 19
17 15
99 10
54 12
440 12
100 12
497 28
53 24
266 21
495 7
135 12
299 17
139 2
500 17
338 17
468 6

