256
147 29
180 9
3 28
53 21
99 16
261 30
102 7
222 6
47 1
474 13
141 3
481 13
96 7
457 6
414 23
22 12
367 2
444 2
153 20
422 19
224 10
440 25
28 1
86 6
125 19
430 29
85 3
121 17
169 2
278 18
284 31
346 10
352 17
223 28
489 32
106 8
382 29
388 25
57 29
187 29
235 16
149 4
378 2
204 26
347 9
184 26
131 9
335 7
169 14
190 29
405 16
72 22
192 3
47 9
135 13
281 14
200 30
245 14
199 4
179 1
280 18
230 18
390 28
96 19
473 26
419 22
433 19
163 20
153 25
224 20
145 1
361 1
286 17
126 28
404 20
84 31
18 21
296 31
376 8
169 25
29 32
226 9
282 24
288 6
301 24
73 21
368 25
493 21
241 2
192 28
274 11
30 27
87 10
49 14
421 10
162 17
9 19
113 26
479 20
223 27
263 24
427 2
432 4
486 25
389 5
168 26
303 14
156 13
227 13
203 7
126 32
299 30
455 15
275 29
162 21
415 13
496 5
406 28
464 4
100 13
272 7
218 23
168 26
315 10
282 29
244 27
85 6
244 15
156 14
323 22
70 1
94 14
281 15
493 13
242 28
301 26
62 30
440 22
95 18
179 28
123 15
486 11
168 13
97 8
302 3
493 28
359 30
437 7
84 17
87 30
76 11
43 13
257 6
70 31
439 1
79 5
375 16
119 2
497 7
217 22
337 5
21 11
146 25
390 14
89 4
259 20
67 1
5 23
486 2
377 28
26 15
337 16
223 15
442 27
374 26
368 30
219 1
461 32
49 26
297 2
177 23
153 11
59 21
417 28
435 22
320 24
452 24
360 2
314 25
244 27
162 12
453 16
204 1
448 4
262 28
241 22
151 26
33 9
254 1
105 4
446 28
148 26
283 3
423 24
11 23
487 12
482 11
404 13
203 11
288 4
446 21
105 24
126 25
157 27
438 5
419 15
36 26
484 18
424 3
117 22
73 27
457 26
245 28
90 15
414 21
114 12
109 11
307 22
207 3
465 28
223 15
231 6
300 18
131 3
120 32
360 12
202 24
449 31
232 10
97 25
119 31
356 7
429 7
165 11
477 13
483 16
363 17
161 2
278 12
440 22
391 27
293 4
318 6
390 5
335 15
46 13

