256
371 10
126 29
388 8
86 19
96 7
21 32
156 13
84 17
239 24
175 24
118 9
9 28
452 8
372 27
118 23
289 8
196 10
180 16
345 1
30 32
3 26
168 10
259 19
207 21
270 25
109 3
277 5
162 32
32 5
378 1
435 22
340 27
136 12
66 16
340 11
272 19
200 15
352 10
393 22
307 10
142 11
252 14
235 10
201 27
150 7
267 9
448 3
215 27
182 12
267 25
430 26
363 25
180 7
439 8
476 1
437 10
363 28
239 25
453 4
215 19
370 14
187 5
144 29
104 29
236 10
197 29
111 32
497 10
126 23
65 1
31 1
422 1
40 1
194 1
304 12
447 13
445 13
193 8
89 16
264 16
369 25
192 27
20 32
472 29
475 20
449 13
388 7
102 16
235 7
124 10
54 2
62 11
406 6
438 22
254 22
169 14
14 16
305 5
399 12
381 5
164 29
230 19
403 31
330 9
477 17
174 22
374 7
380 31
341 18
124 2
371 24
419 20
355 23
120 22
351 24
478 2
32 11
416 23
241 22
423 13
198 17
451 24
183 2
202 3
351 10
320 25
173 19
308 8
165 3
133 11
130 22
232 14
169 32
448 9
393 2
330 26
170 24
365 9
461 7
79 12
96 15
384 16
193 16
147 9
470 19
76 12
241 31
113 9
454 28
21 18
133 6
492 15
481 28
359 22
126 1
253 17
39 4
193 15
179 23
440 5
470 11
100 18
173 8
322 7
475 10
28 31
44 3
113 12
227 3
317 32
408 1
277 18
57 17
381 23
159 24
87 16
186 10
189 10
101 26
336 19
204 8
386 19
234 30
474 8
321 31
16 4
211 24
377 3
112 21
58 14
428 20
250 13
34 30
323 14
300 6
265 27
373 18
305 23
351 10
418 15
420 5
250 7
76 7
453 3
235 2
161 7
6 14
479 19
51 9
228 2
459 32
408 27
493 8
437 32
342 15
366 25
139 32
95 15
94 8
105 32
409 1
194 30
378 25
8 25
473 16
334 15
227 22
466 32
305 26
267 14
460 12
259 27
247 5
17 16
104 25
372 21
90 21
130 7
441 2
99 14
373 25
400 31
26 5
22 10
471 28
328 6
420 30
232 18
142 8
210 14
221 17
110 26
201 19
480 18
228 31
407 4

