256
96 16
134 30
344 14
229 22
385 20
391 6
445 15
270 2
12 3
469 10
251 21
374 4
388 12
278 26
252 3
428 11
23 25
356 2
154 16
171 19
47 17
48 32
235 1
393 15
67 25
140 2
337 21
297 32
305 30
465 16
129 28
107 19
9 2
368 26
250 10
200 20
450 4
491 24
416 19
282 7
95 29
300 24
434 12
359 18
374 16
497 10
271 27
4 31
269 15
293 14
260 4
165 17
443 20
96 11
390 14
45 17
150 24
120 27
143 30
24 12
5 13
221 24
179 16
406 3
298 14
316 21
394 17
321 24
488 13
398 9
146 18
65 3
137 32
82 12
366 9
351 10
181 12
201 28
351 23
306 25
8 14
261 21
454 18
89 1
350 14
21 23
280 2
493 8
473 22
399 30
383 10
264 19
25 8
422 15
422 12
227 2
53 20
182 22
69 2
150 2
108 30
116 15
459 16
6 32
34 9
473 4
358 4
330 6
52 4
460 9
183 27
402 7
26 32
296 18
205 17
215 16
318 10
50 13
437 20
60 30
312 8
237 13
472 23
254 23
170 5
495 8
251 9
142 12
184 9
221 8
233 15
404 6
116 21
30 17
360 29
374 3
325 15
43 16
29 32
170 30
213 4
401 3
264 18
91 19
330 11
39 18
450 18
315 17
98 9
321 14
137 15
332 9
157 31
108 1
226 29
234 2
145 2
401 12
27 19
59 12
5 25
269 22
242 19
223 15
279 7
500 32
89 12
80 17
410 32
281 7
168 14
425 28
499 13
424 1
19 6
380 27
282 8
181 7
83 23
65 21
445 17
480 18
248 28
130 5
451 19
495 22
128 19
134 15
447 25
151 29
390 27
44 27
30 8
397 28
478 21
177 26
25 4
159 32
271 13
132 25
403 15
43 30
397 32
8 32
84 27
364 21
393 19
495 22
482 15
238 23
203 2
85 8
125 27
203 4
235 11
468 5
313 10
19 25
37 14
256 32
388 20
444 28
378 2
54 32
180 3
170 19
260 6
314 8
201 32
131 7
202 7
424 2
108 14
75 25
171 18
116 3
301 12
190 11
349 15
390 29
237 31
115 20
17 8
232 5
147 6
3 17
460 22
214 28
219 12
416 30
118 11
300 2
442 29
448 3
84 21
171 28

