256
74 19
92 13
437 28
356 25
128 10
44 8
287 9
83 22
336 30
140 17
387 6
415 10
8 25
22 31
478 8
152 31
498 11
11 26
135 14
411 30
195 2
389 29
83 4
267 10
197 10
314 3
107 8
428 14
93 13
376 30
272 20
472 14
122 6
55 4
52 25
370 10
271 6
283 5
229 25
122 10
158 8
212 16
15 24
81 15
440 8
28 24
187 7
185 25
37 11
268 32
204 29
389 30
247 15
326 11
423 15
104 8
234 32
195 5
307 19
207 26
287 31
309 21
437 21
485 17
232 9
264 3
241 25
260 7
175 1
314 14
235 5
177 5
84 12
217 26
202 27
488 24
361 4
313 30
493 25
122 24
401 30
362 6
390 25
128 28
409 29
13 7
210 30
315 5
117 19
35 6
158 18
158 6
21 10
167 13
118 17
440 3
26 29
160 3
273 19
182 13
432 7
380 17
236 30
137 12
77 19
169 30
396 14
251 25
147 6
133 25
58 9
283 3
225 2
201 26
284 2
382 3
428 25
59 11
307 8
14 7
218 7
468 30
212 6
234 11
487 26
475 32
290 29
330 7
402 6
364 17
264 5
104 15
358 6
206 20
209 15
250 7
105 29
96 9
286 25
175 13
46 21
168 20
257 14
350 14
379 25
46 26
161 17
37 26
15 2
385 3
460 6
353 5
350 12
233 4
128 31
260 22
259 27
361 3
276 2
376 27
126 13
500 22
274 28
156 20
129 28
214 13
26 31
357 3
218 29
214 14
199 21
371 13
104 11
323 23
496 30
89 5
174 5
258 7
476 9
86 29
9 16
397 6
218 25
112 23
193 14
132 15
354 6
199 17
288 9
40 27
274 24
255 15
68 25
246 28
481 15
352 5
482 32
374 11
352 18
338 12
15 5
138 32
27 20
177 26
208 24
449 1
195 19
279 11
419 4
158 12
207 29
240 16
460 26
443 19
451 28
58 9
304 23
36 10
382 24
496 5
279 24
273 30
498 19
88 21
75 13
168 9
457 15
24 4
224 18
430 18
97 19
342 13
33 2
82 18
441 25
206 8
372 26
193 26
380 12
138 2
376 13
290 32
415 2
451 3
279 24
16 32
218 14
480 18
87 1
219 7
342 24
98 9
105 18
434 28
421 15
142 20

