256
199 10
475 20
40 28
291 3
126 11
13 16
429 23
8 3
378 20
16 24
22 14
365 18
140 11
19 19
199 20
300 13
293 22
388 29
413 18
19 19
268 31
78 32
254 25
298 31
289 25
447 26
51 23
179 14
154 13
472 20
329 23
248 29
396 32
305 29
165 23
403 13
206 16
128 11
269 14
441 21
442 31
422 12
402 24
385 23
296 24
258 4
330 9
449 26
344 25
238 25
280 4
441 5
323 16
295 27
197 23
203 3
178 28
186 11
223 7
485 23
278 10
198 12
98 26
185 26
103 26
302 2
265 22
218 15
13 20
382 2
450 24
404 31
208 17
57 6
11 9
152 21
282 22
100 4
347 4
25 1
409 14
182 25
271 7
463 7
114 16
196 4
280 11
42 27
40 11
120 18
491 28
42 5
325 5
356 31
128 4
324 4
409 1
264 19
108 3
313 1
274 1
136 25
459 6
243 6
480 19
252 2
190 29
446 30
286 13
36 9
384 27
153 32
216 8
322 3
494 11
395 28
347 7
24 21
412 7
7 27
333 18
212 6
402 2
387 15
310 30
304 30
133 4
337 20
223 15
22 21
497 24
188 3
298 3
351 9
329 17
451 1
466 31
34 16
172 8
110 13
46 21
26 30
72 7
377 3
373 6
363 13
165 6
415 27
260 5
375 17
474 6
101 23
340 23
10 3
110 4
343 3
384 25
184 16
83 16
250 19
161 8
379 18
365 13
492 20
57 14
416 6
43 21
321 22
207 2
448 8
301 7
471 29
363 10
140 29
418 29
103 14
204 13
255 16
125 10
247 9
464 7
63 10
383 11
444 5
416 23
256 17
181 22
401 27
84 24
339 25
280 5
430 23
125 5
106 9
282 8
282 5
366 32
455 8
430 14
188 21
288 24
413 1
21 17
215 12
204 18
456 27
198 10
169 7
422 22
423 27
478 32
300 11
399 14
91 8
151 30
377 30
73 1
110 2
102 25
49 25
230 17
492 31
94 4
453 7
138 20
69 23
431 32
457 18
473 19
213 7
177 21
265 5
378 2
194 7
50 19
487 3
451 18
58 28
490 6
58 15
89 2
241 12
198 5
53 14
96 21
497 8
354 25
372 31
486 18
413 20
12 3
166 6
229 23
5 10
437 2
48 21

