256
335 11
37 4
291 11
157 4
301 18
72 21
70 4
34 21
241 16
293 28
53 15
89 11
496 7
358 8
338 29
370 9
479 23
200 9
329 32
448 6
73 11
250 6
422 23
243 23
78 15
158 2
357 26
397 24
372 10
311 10
82 29
234 12
439 29
32 19
492 32
100 12
350 17
409 24
335 11
138 13
38 31
394 22
393 26
98 24
396 12
325 9
292 18
241 26
194 8
53 9
455 4
452 17
353 5
428 27
215 21
451 8
211 21
350 11
486 11
219 17
410 3
414 30
453 14
135 2
129 3
35 28
191 30
240 27
50 19
433 17
435 28
220 25
80 21
100 29
219 6
150 21
212 7
182 28
68 8
14 8
355 8
131 17
237 14
439 7
388 31
255 6
106 14
171 9
247 2
102 1
291 19
93 14
313 6
222 12
294 7
279 24
486 22
44 18
131 18
212 3
204 14
44 10
144 6
346 30
187 23
354 13
49 19
35 1
424 4
444 5
342 31
216 23
484 3
252 22
92 32
336 4
133 32
457 8
297 30
165 12
101 3
16 29
21 18
214 12
157 9
365 30
231 12
28 26
191 28
32 2
95 7
429 7
450 17
355 11
391 19
434 3
241 13
343 9
351 28
57 19
65 5
357 11
352 4
361 30
15 20
28 25
110 4
188 32
45 14
158 3
412 31
129 21
243 3
413 9
379 17
452 3
93 12
237 5
395 17
338 14
192 1
222 30
173 5
213 25
302 6
355 18
312 31
218 14
305 2
499 31
303 18
125 7
313 14
339 11
14 13
320 2
245 30
359 17
302 27
337 20
440 3
169 3
25 10
8 2
15 6
364 29
307 1
64 19
406 14
178 11
282 21
476 7
390 10
147 20
404 32
147 3
26 11
297 3
200 21
232 30
162 3
235 17
287 30
439 16
51 32
463 5
317 6
63 6
124 1
249 19
192 31
74 2
61 26
120 28
26 7
178 8
149 20
360 12
61 26
331 27
118 21
147 14
435 9
491 10
418 12
288 9
338 17
178 19
435 13
10 24
351 7
351 28
98 22
139 10
360 1
473 9
114 3
114 16
328 8
309 21
47 20
205 29
309 7
487 15
383 28
406 6
183 5
85 28
170 7
142 9
191 10
209 28
232 6
55 23
278 3
155 32

