256
499 24
93 21
78 27
111 14
273 17
252 10
352 12
122 7
388 17
210 4
433 12
401 22
357 26
26 11
467 2
347 10
405 31
86 19
481 8
224 22
24 7
379 19
307 9
117 30
337 7
41 30
462 9
87 6
166 4
272 9
202 30
302 30
261 15
440 21
139 16
346 14
342 9
389 8
77 25
193 9
35 6
386 17
26 24
314 16
436 6
28 1
259 9
446 31
271 14
112 13
253 29
423 18
385 27
94 21
167 30
78 18
371 3
50 17
139 23
292 22
4 23
266 31
351 19
133 21
448 16
382 28
405 28
146 17
466 7
454 8
228 3
37 7
197 26
199 31
5 22
112 12
12 9
122 10
440 7
334 27
350 31
143 2
370 4
247 15
230 24
171 13
230 15
259 30
349 9
465 25
150 16
212 9
157 14
226 20
440 16
186 9
478 4
247 8
319 29
34 16
192 12
209 13
467 15
402 3
276 6
19 21
294 30
290 14
267 15
397 30
130 14
347 12
114 17
307 24
437 8
184 32
248 4
104 14
358 21
28 9
223 10
262 16
479 27
317 18
121 29
303 7
350 21
358 27
445 4
99 17
355 26
212 30
25 27
167 14
172 26
219 10
443 20
113 10
234 21
371 22
345 9
456 26
26 13
361 2
328 7
55 27
444 2
136 28
285 3
201 12
200 31
53 31
250 13
268 31
297 2
41 17
14 16
186 7
161 30
213 12
60 27
22 3
236 30
322 24
164 7
179 27
293 23
357 23
99 32
229 3
465 9
387 11
265 29
369 21
174 25
264 30
51 6
236 15
499 30
158 2
432 9
228 8
123 21
470 2
412 19
468 21
467 23
355 19
131 15
359 12
8 7
389 26
112 9
196 14
34 14
475 9
394 10
40 20
490 14
441 18
60 25
130 26
467 4
313 1
58 19
104 25
497 21
475 4
469 26
421 2
227 31
170 28
301 25
340 6
422 4
395 5
392 28
211 10
7 11
158 17
45 22
185 22
458 27
353 6
33 10
131 27
372 16
83 16
212 6
166 14
405 12
318 5
436 16
358 6
402 24
62 23
333 31
192 22
257 4
419 13
169 1
252 21
52 30
416 23
459 25
248 11
493 22
363 12
445 29
73 31
88 7
497 32
233 32
61 29
83 15
130 16

