256
460 8
45 24
230 7
308 11
422 18
360 21
238 20
215 29
398 4
235 22
62 9
163 17
281 19
318 11
333 7
237 24
158 6
144 8
28 15
422 9
300 1
197 22
9 7
138 22
42 28
364 23
244 2
156 1
36 13
203 28
332 15
160 1
424 3
228 32
457 25
252 17
282 5
498 14
211 23
399 21
358 14
59 21
343 18
477 3
187 31
246 18
470 17
358 1
411 26
196 4
86 8
328 11
248 25
360 22
459 27
414 32
224 21
268 23
186 9
297 4
127 22
93 20
151 7
341 25
388 20
132 17
335 15
340 6
283 19
392 21
161 5
260 21
129 8
155 31
124 3
38 22
344 23
198 30
433 30
407 28
277 18
292 12
349 7
45 7
386 12
428 6
445 15
134 9
214 4
239 5
238 9
439 30
111 4
427 27
25 17
214 17
75 1
264 3
340 13
257 1
448 4
122 8
371 32
169 8
43 23
125 9
387 7
214 29
198 32
391 10
325 12
374 19
461 22
25 20
298 29
376 25
317 25
193 19
104 17
474 27
471 6
279 6
12 8
58 21
131 25
134 23
404 24
57 16
349 29
367 14
214 22
446 26
91 6
68 6
350 5
340 29
491 2
30 22
461 3
63 16
387 8
102 31
407 15
358 11
91 17
104 4
466 30
185 20
187 8
102 25
497 25
209 23
263 22
340 3
176 22
18 19
154 24
57 28
130 30
167 16
138 30
376 20
171 16
363 30
164 32
246 4
461 10
350 19
395 5
149 22
295 7
336 24
490 24
211 3
158 25
42 3
351 5
454 17
329 29
230 12
484 3
355 20
280 8
18 10
244 27
96 6
37 7
41 30
27 16
348 20
480 17
182 30
158 12
203 10
304 28
33 3
111 3
83 10
442 28
416 21
470 19
279 22
145 23
235 23
70 18
58 14
471 32
83 24
227 25
169 18
273 21
372 19
291 10
272 32
258 15
120 27
401 14
437 26
69 3
68 10
253 26
391 23
69 2
406 3
314 14
28 14
126 7
468 24
205 28
499 22
130 10
392 11
368 32
280 28
351 19
425 23
176 28
29 4
493 26
390 22
7 25
96 8
168 3
399 16
6 21
37 8
366 20
370 21
460 21
20 22
199 21
264 19
464 24
118 12
77 28
465 23

