256
141 7
61 29
478 27
253 23
435 24
345 13
133 26
276 23
104 31
159 20
216 19
487 4
21 21
251 13
228 12
149 28
438 17
12 3
439 25
157 26
156 30
154 28
275 17
470 3
20 8
62 19
490 32
250 15
40 4
139 15
327 11
339 32
496 2
31 6
466 27
11 9
392 4
113 15
445 22
249 4
62 6
402 23
61 11
117 25
3 31
219 29
42 17
445 5
259 31
26 12
365 9
401 17
52 25
275 32
446 15
459 11
36 24
262 24
363 6
48 17
485 23
397 14
27 9
266 25
167 27
65 32
179 25
140 15
329 14
226 30
140 17
133 15
248 10
474 10
475 22
178 19
492 7
336 18
267 17
7 22
244 15
169 14
387 4
4 23
425 10
340 12
118 28
294 1
69 31
179 20
140 4
2 31
282 6
353 25
290 27
186 1
133 2
307 15
365 10
437 21
391 24
408 12
100 25
429 24
171 23
63 11
314 17
145 4
106 25
348 11
207 9
280 27
442 26
209 14
247 13
298 22
273 1
349 24
109 13
243 15
235 26
441 29
74 2
348 31
434 27
425 13
431 20
331 12
141 16
29 16
36 26
377 32
234 5
235 18
206 6
324 20
487 25
192 8
54 15
442 19
85 14
127 11
422 6
90 14
349 14
449 16
147 1
248 32
106 6
425 23
163 17
454 9
217 26
412 2
36 21
108 17
71 19
339 4
396 17
405 12
250 14
183 5
382 10
128 19
116 21
149 26
357 19
279 13
100 18
194 19
247 1
107 9
239 30
160 10
78 28
81 11
269 16
75 23
45 19
341 8
311 18
290 11
444 4
91 15
461 4
381 27
288 4
227 23
137 14
12 14
154 21
244 18
60 7
276 28
225 17
116 31
310 5
53 5
324 31
499 28
278 19
195 5
218 25
91 22
11 27
271 16
251 27
289 18
185 9
265 25
385 16
147 26
136 31
298 27
341 16
447 30
26 13
182 24
265 29
301 11
431 16
494 5
438 27
342 10
51 2
86 27
338 24
332 5
430 17
284 18
480 22
239 1
74 16
452 6
396 5
317 2
28 10
358 29
444 27
290 6
305 7
484 14
458 19
466 19
499 17
8 2
330 18
335 7
17 26
445 13
242 29
90 17
422 20
437 10
146 18
63 10

