256
427 25
411 5
67 16
189 18
403 2
271 8
365 17
474 23
134 15
120 28
339 26
206 10
440 26
89 10
368 8
40 30
333 18
131 19
350 19
113 8
260 19
327 16
295 28
174 29
235 29
364 1
275 30
359 22
471 27
171 6
127 27
187 3
364 5
61 13
487 25
20 10
408 3
221 14
146 31
186 8
391 2
157 17
119 19
230 21
313 5
130 15
315 28
249 10
337 6
447 23
334 10
421 9
164 25
147 10
239 32
245 18
233 25
146 31
267 8
143 24
480 12
370 10
292 23
175 8
280 9
302 25
291 30
206 30
215 24
467 13
387 24
434 24
464 32
322 27
307 9
14 18
88 23
431 27
205 13
6 8
282 32
301 8
381 2
229 19
61 12
252 15
111 29
66 18
116 28
8 2
352 29
59 23
108 13
170 32
298 19
148 15
186 8
2 15
305 26
365 1
481 32
163 7
153 21
369 24
468 4
42 19
101 12
109 20
441 26
371 18
9 26
168 30
317 21
112 9
102 13
189 19
444 24
25 8
80 17
216 27
121 25
217 21
208 21
428 28
159 26
237 27
168 12
360 20
424 4
309 14
300 5
460 27
348 24
191 7
229 2
177 29
14 13
421 29
422 24
221 16
349 5
246 4
213 1
204 16
280 20
13 19
360 28
174 20
160 16
190 28
121 27
440 10
111 8
58 8
59 30
463 15
87 32
275 19
17 10
434 4
193 31
79 20
474 4
463 13
319 1
224 3
371 31
276 1
22 17
365 4
463 31
191 17
239 5
347 31
294 4
254 10
282 24
241 28
287 4
92 13
208 16
247 30
330 26
410 20
59 6
135 25
305 9
69 3
141 11
149 26
250 2
123 16
438 32
491 20
419 18
33 6
397 15
407 15
5 32
282 19
146 24
435 10
93 19
344 13
121 12
19 10
245 9
105 6
356 3
110 10
177 26
455 21
124 17
3 16
381 4
42 22
200 12
327 28
330 10
376 26
13 14
24 1
239 28
143 30
223 32
72 19
97 22
175 32
91 10
52 23
313 17
200 8
421 10
155 26
399 11
404 7
276 23
371 14
406 13
460 16
468 19
230 4
260 9
136 14
286 19
24 30
131 15
110 31
452 8
5 10
146 12
112 10
38 23
139 19
199 2
275 15

