256
135 9
407 5
466 24
233 5
159 4
205 8
171 21
107 6
343 5
22 1
37 21
426 8
67 17
437 9
325 23
128 16
472 26
100 25
53 13
169 19
388 17
211 26
90 9
224 8
285 5
208 21
73 17
229 27
497 21
255 14
352 10
337 11
267 16
111 20
120 31
234 11
4 32
269 21
112 4
228 20
88 4
69 32
124 5
298 21
165 29
146 4
138 30
190 9
269 16
428 9
431 1
451 30
457 23
378 8
62 13
316 1
392 4
160 4
384 26
340 32
66 25
416 27
170 17
459 2
257 30
30 15
251 29
472 31
51 29
126 13
453 1
261 25
380 13
64 11
82 19
163 27
239 14
201 32
34 24
197 30
249 11
328 19
59 23
57 25
499 23
221 28
179 18
500 27
458 15
25 3
317 15
37 11
468 17
314 26
100 10
495 29
88 3
199 26
325 32
107 12
494 23
127 12
12 26
434 5
40 11
359 8
497 3
262 21
484 27
170 27
436 4
283 24
338 6
21 31
293 3
486 26
306 16
161 1
89 11
138 16
405 12
187 13
243 8
69 2
226 14
12 5
402 19
36 23
480 13
253 28
35 30
261 8
53 25
361 21
367 14
472 23
345 26
228 7
309 4
16 2
386 4
47 3
174 2
377 13
342 14
276 29
423 28
420 24
308 12
320 23
129 16
1 18
301 16
264 10
376 32
495 5
159 17
47 24
475 31
188 32
108 11
396 23
350 32
358 25
447 25
387 4
320 28
253 17
115 12
434 30
499 4
102 13
321 8
192 7
275 7
314 18
193 2
116 22
377 21
255 11
2 29
102 21
28 2
145 3
74 30
336 24
358 2
433 22
437 8
176 15
207 1
149 31
402 8
145 2
89 3
453 10
391 26
114 23
112 3
117 9
40 24
460 1
241 4
426 2
220 17
444 26
146 16
28 19
208 12
177 20
422 1
89 13
386 26
435 21
164 27
33 28
2 29
452 11
236 18
476 11
182 27
84 19
11 28
226 2
135 26
365 21
234 17
221 19
6 3
468 6
205 4
225 14
196 28
4 32
405 3
90 15
250 14
265 8
489 6
181 15
95 29
383 24
349 3
299 22
109 18
79 1
321 27
75 21
331 6
300 3
409 29
25 6
266 18
121 18
131 21
81 22

