128
123 30
82 19
416 5
142 23
71 8
152 23
304 27
19 20
422 20
95 30
362 30
203 5
466 4
18 12
300 18
447 14
491 16
461 2
208 22
116 18
137 15
152 16
465 10
396 18
45 10
239 6
396 17
491 25
201 8
340 4
149 14
273 8
166 17
397 17
186 1
355 3
131 10
262 24
380 21
333 16
351 24
34 6
68 32
310 28
383 1
471 32
286 16
375 11
328 15
28 6
487 30
336 30
91 25
417 26
458 29
98 12
24 31
405 28
6 14
63 4
214 22
123 27
129 9
302 4
472 1
321 6
62 16
427 4
309 23
474 22
296 7
425 7
53 17
114 2
246 25
297 11
62 8
161 18
268 10
497 7
142 30
49 7
177 15
59 21
170 8
102 25
454 10
135 18
58 1
415 23
277 23
113 6
130 6
379 14
87 11
488 25
396 32
487 21
363 9
261 20
428 19
200 29
240 10
238 22
434 32
304 2
363 13
103 20
394 29
93 32
60 21
412 15
320 23
231 2
295 12
417 15
206 32
455 25
302 25
446 19
48 26
149 14
18 27
106 23
436 2
242 31
334 14
153 10
256 16
187 2
79 32
124 24
71 27
80 8
123 30
311 10
127 15
432 28
413 25
406 32
290 7
342 16
4 11
129 23
82 3
309 20
122 8
443 1
362 26
416 20
251 2
358 13
388 21
372 25
29 25
148 6
128 22
441 19
188 13
242 25
236 2
428 17
185 22
401 11
447 25
234 6
246 27
426 10
231 26
286 27
130 25
77 17
478 21
240 13
290 13
285 17
86 16
233 22
137 18
168 20
154 30
281 3
344 10
236 7
207 13
185 21
10 1
445 19
482 8
356 23
220 4
499 1
56 7
427 24
68 22
127 1
199 3
324 11
317 15
321 15
136 17
63 1
470 8
483 7
247 18
425 3
330 3
123 9
5 25
428 1
347 11
497 1
165 4
143 25
83 27
208 14
320 10
214 29
481 32
91 32
34 31
46 7
141 4
451 9
69 14
421 11
136 10
15 5
441 22
133 31
472 4
92 27
314 25
431 30
1 25
373 10
239 30
100 23
438 30
228 30
279 8
124 3
417 18
67 30
147 3
232 23
243 8
261 20
480 8
201 24
64 14
217 23
343 16
385 12
217 12
137 24

