128
489 11
403 21
136 28
143 12
247 28
37 21
490 26
156 20
220 1
197 29
447 25
310 2
299 12
468 10
132 4
33 24
78 32
317 2
143 15
49 29
139 26
101 32
95 12
411 18
100 19
62 7
7 27
352 2
283 19
363 22
59 23
385 4
34 25
405 16
216 18
269 18
391 29
333 29
477 3
2 20
53 27
474 31
137 1
68 27
496 10
36 10
29 29
393 22
177 18
90 28
103 18
97 13
430 29
181 22
375 22
334 19
96 3
190 4
336 17
207 23
39 14
88 27
366 12
480 31
481 21
286 31
130 7
427 20
163 19
169 2
140 18
316 23
13 5
171 24
114 25
382 16
470 13
422 16
152 25
82 21
322 7
67 19
249 30
66 16
452 15
449 24
88 4
30 20
121 8
447 30
280 24
89 6
148 22
289 28
410 2
284 27
88 2
238 21
195 19
100 15
37 20
90 1
15 19
224 31
171 31
72 26
202 8
403 26
21 19
1 11
412 4
217 28
337 18
40 4
257 19
30 5
242 23
269 28
89 25
95 3
367 22
413 12
30 27
269 26
358 25
184 1
108 9
472 1
206 11
328 30
353 21
459 2
475 7
202 19
423 24
174 21
165 18
61 10
252 5
96 25
154 7
82 25
31 21
57 9
268 28
402 28
240 8
418 26
439 27
481 13
266 2
354 30
443 2
328 30
298 11
155 3
405 16
64 32
492 20
376 3
356 13
83 31
489 28
365 3
470 5
139 7
202 16
368 24
461 11
189 23
469 11
61 6
282 20
13 30
448 12
236 23
16 30
101 12
169 13
282 14
161 29
224 22
468 24
5 29
490 2
187 23
240 11
36 6
75 32
147 6
287 2
324 2
52 16
158 24
241 27
358 13
63 25
115 3
376 15
459 18
164 17
28 28
95 3
277 25
110 3
42 12
156 25
49 3
493 26
427 5
349 32
337 11
68 19
441 8
422 11
13 17
247 32
192 22
454 12
214 3
242 12
162 18
324 26
456 12
472 14
400 8
221 1
230 5
39 31
288 20
273 4
397 4
191 16
65 4
408 6
410 9
237 19
250 21
336 14
228 31
291 16
126 8
68 24
4 2
230 23
418 30
442 26
373 28
105 25
479 4
271 4
365 15
14 6
419 1
171 3
156 14

