128
485 19
237 22
488 14
436 7
5 31
185 10
30 7
211 24
194 11
56 8
261 21
283 25
21 20
175 27
442 17
69 18
400 1
495 3
58 22
437 30
400 21
311 22
299 9
197 12
287 4
223 23
349 5
24 17
273 10
127 6
458 7
343 29
499 29
447 21
323 7
470 6
356 25
3 22
153 7
350 20
303 20
338 3
281 25
223 17
410 30
470 28
44 12
428 11
204 23
303 26
461 16
100 24
404 26
174 9
5 15
348 11
298 5
161 26
250 31
482 31
84 31
230 32
114 18
226 18
236 8
195 4
151 10
364 31
100 9
315 4
411 2
262 24
50 26
286 3
8 27
162 20
70 27
423 3
252 28
204 19
27 31
35 25
396 18
83 11
138 29
450 16
262 27
107 4
336 24
462 12
363 7
139 12
366 17
318 13
412 2
456 14
124 22
466 7
91 29
218 32
297 31
127 23
82 21
222 13
329 31
464 31
10 22
326 7
366 23
343 17
16 18
214 23
343 4
362 13
80 15
364 24
97 26
138 6
427 7
447 27
246 10
149 11
364 2
481 5
116 3
358 16
325 19
326 27
102 3
304 21
265 19
113 30
9 26
391 27
313 21
41 6
99 13
164 30
14 32
394 5
170 23
316 22
174 26
217 31
328 24
12 13
186 32
306 22
225 12
480 25
385 4
298 31
412 13
500 29
160 29
258 14
348 21
27 29
66 19
499 10
114 14
190 20
485 31
345 6
394 25
302 10
400 28
464 12
264 3
292 20
208 9
105 19
326 3
427 11
226 9
136 31
139 9
490 3
171 27
36 17
215 6
194 14
289 2
481 8
472 1
327 3
173 27
437 6
266 3
241 19
492 4
33 2
201 3
104 19
61 12
287 15
33 29
444 17
490 21
76 1
49 19
344 29
185 24
423 10
495 19
292 6
390 13
467 2
199 10
165 11
265 23
89 5
135 20
469 16
308 13
437 28
151 20
429 11
411 27
137 5
365 16
242 2
456 16
196 10
482 24
116 14
14 12
395 1
88 7
124 7
111 32
103 17
191 27
448 30
85 16
358 1
215 12
406 27
159 5
28 20
164 24
238 10
51 20
326 2
198 25
237 13
361 11
421 11
425 24
4 25
155 10
161 6
461 26
392 15
19 3
463 26

