128
94 6
183 23
251 28
175 18
4 29
147 31
140 3
117 13
356 32
237 22
190 20
210 32
124 28
358 24
1 26
489 2
239 23
12 29
127 30
371 14
458 29
345 1
363 5
13 15
477 18
160 2
61 25
210 20
36 31
103 13
473 23
334 23
466 6
404 32
383 2
277 29
142 25
289 28
434 10
74 2
255 13
427 31
306 4
202 25
259 28
81 27
99 19
145 32
112 4
211 26
321 11
186 2
312 19
170 1
480 7
6 22
180 4
400 25
272 5
177 10
256 22
464 18
376 20
473 31
156 15
480 28
374 14
142 29
344 27
281 27
405 30
408 20
69 3
420 8
259 29
73 6
410 20
72 25
496 8
271 31
431 14
478 16
471 23
340 26
281 8
488 18
257 3
473 5
53 17
369 11
193 29
177 30
181 8
238 24
495 12
326 5
313 15
432 20
126 31
449 22
242 1
443 10
183 12
27 8
160 27
46 8
187 2
305 7
321 26
394 24
253 19
444 29
226 16
200 7
350 29
108 20
437 3
293 31
318 11
206 9
65 24
32 28
325 20
322 2
433 32
17 17
286 20
101 19
39 29
65 17
301 21
184 21
75 32
207 4
147 25
424 15
368 27
166 8
494 12
41 26
55 1
462 28
221 22
55 23
66 7
499 10
143 10
454 17
10 17
312 20
277 31
70 24
41 12
187 6
427 8
163 1
488 8
172 28
390 10
319 15
49 25
173 11
203 22
260 12
490 15
219 14
10 32
261 6
227 4
288 1
231 10
485 18
130 29
130 15
86 32
325 22
320 21
177 26
327 28
233 16
358 3
286 23
295 2
269 13
197 8
378 15
61 14
349 2
370 14
208 16
481 13
441 4
233 5
322 11
404 2
79 10
61 24
332 7
261 28
79 30
211 32
88 20
170 12
461 23
469 5
198 5
405 11
101 17
107 6
400 15
31 22
476 11
193 23
149 5
111 4
114 21
387 14
444 16
193 29
299 18
425 12
314 17
486 30
21 5
39 28
159 10
101 10
364 29
144 5
450 18
444 3
279 10
320 14
238 9
478 32
378 10
383 15
434 1
105 27
17 15
78 23
416 7
160 12
175 31
496 4
409 23
391 23
120 22
260 25
74 14
96 23
491 3
494 17
51 18
83 7
444 32

