128
402 23
169 12
382 11
445 28
273 13
496 28
122 23
180 1
77 3
148 24
415 10
53 32
172 12
179 21
318 3
303 19
241 12
222 30
330 10
5 30
99 8
201 4
279 8
9 3
290 24
334 28
138 30
452 25
162 26
109 15
388 16
50 20
235 31
454 16
141 10
369 31
310 5
310 16
300 6
294 22
178 11
145 31
365 12
327 18
77 3
356 32
50 1
444 12
380 5
51 8
206 7
462 31
191 7
306 23
293 31
432 10
78 28
136 18
24 30
319 12
100 2
416 18
283 31
433 2
459 24
385 16
106 14
383 9
468 28
287 32
139 10
81 4
497 16
9 12
29 23
324 13
204 3
278 26
301 26
351 3
397 3
126 15
284 32
151 4
400 21
363 22
358 12
457 2
11 13
226 8
143 5
20 26
139 17
36 7
210 14
49 27
325 26
313 32
386 31
211 21
103 6
174 16
369 2
165 11
94 30
122 16
142 5
285 8
141 28
422 31
58 22
161 26
348 1
341 9
139 28
17 17
477 6
52 17
171 16
75 20
162 13
55 15
189 11
287 6
363 4
32 16
30 28
5 9
220 1
461 26
396 13
450 28
18 9
68 24
272 7
155 5
395 13
88 3
251 10
264 29
433 11
384 6
42 20
42 1
233 30
470 16
330 3
204 27
123 23
238 3
469 28
31 15
304 26
298 31
343 25
167 16
412 7
441 9
290 3
66 14
484 3
354 10
306 9
12 16
383 22
26 28
345 25
418 25
26 27
55 21
332 17
348 23
475 24
47 17
270 8
138 26
499 27
271 16
251 6
435 2
235 17
41 12
221 6
432 26
25 26
318 20
410 17
450 1
453 8
1 2
312 14
179 26
481 29
317 11
83 7
420 29
415 8
100 31
270 11
233 14
220 6
1 14
67 10
218 31
1 30
444 32
207 27
325 19
423 1
122 25
244 9
174 30
353 29
497 30
8 21
267 11
130 11
208 16
272 5
66 4
494 14
84 13
484 28
91 30
401 28
263 4
457 12
5 21
412 29
134 15
433 28
498 11
370 17
462 25
334 8
264 23
241 31
231 28
459 2
481 23
237 15
206 1
382 26
205 2
415 6
64 7
441 9
113 6
470 11
154 15
454 26
333 6
468 8
269 18
237 25
284 5

