128
362 16
224 3
111 23
431 20
392 14
222 22
247 25
491 19
214 27
25 23
156 30
142 15
152 1
146 12
395 3
492 5
154 27
431 5
53 5
428 20
94 9
446 29
113 4
355 2
443 3
129 2
72 14
452 3
410 9
162 16
24 5
264 29
72 26
145 16
110 24
272 16
72 13
44 32
356 26
214 14
128 26
247 27
463 31
126 20
499 11
379 18
144 23
403 15
40 15
190 14
323 1
205 6
381 8
430 29
349 7
386 28
336 25
26 6
387 19
373 29
290 27
111 13
245 29
499 1
263 24
286 17
205 10
331 5
441 28
173 17
254 11
264 1
395 1
90 25
144 30
17 17
64 3
69 9
343 23
297 10
458 22
190 6
275 16
99 15
131 11
3 12
33 10
28 23
258 17
59 29
430 4
185 6
54 9
154 5
23 22
354 13
383 7
494 9
415 28
371 1
215 21
485 27
342 24
26 7
129 32
352 22
11 16
403 9
493 8
313 23
5 26
347 7
60 21
395 22
432 5
223 22
341 3
97 22
70 2
133 2
57 32
460 4
371 18
484 7
418 24
230 22
313 32
13 16
416 11
198 4
228 28
49 8
330 9
102 23
118 26
449 11
69 16
242 7
269 25
6 26
372 11
164 32
14 12
55 30
286 20
481 5
375 25
81 12
26 10
455 11
119 27
317 27
162 2
181 10
486 14
172 9
476 19
392 2
10 23
419 19
402 31
160 25
131 4
332 24
125 6
151 15
40 23
485 9
81 9
335 18
55 22
275 14
340 2
19 5
464 13
347 2
391 14
494 2
449 29
381 29
463 27
19 2
202 19
407 10
372 29
347 18
450 21
159 25
139 14
341 14
170 19
319 5
397 8
434 17
193 30
270 7
197 24
360 10
347 18
179 6
210 13
347 31
350 21
299 24
34 19
441 28
30 20
116 6
127 5
122 31
214 3
325 26
383 13
159 5
154 21
298 12
418 32
374 3
500 1
106 22
163 30
441 24
9 16
469 12
308 19
306 21
333 15
135 15
19 17
295 24
186 28
387 7
439 13
221 15
137 2
28 31
223 20
343 16
227 19
219 22
253 4
258 26
358 24
152 12
241 27
400 14
242 6
380 17
102 28
323 30
129 2
37 27
169 19
434 23
393 4
132 10

