128
268 6
328 12
246 8
437 11
185 8
440 6
441 28
451 19
446 17
92 22
127 31
176 22
482 1
289 2
333 19
69 16
160 24
227 14
239 27
272 11
434 27
340 31
51 11
257 16
263 28
397 25
215 4
322 20
417 30
214 13
224 2
53 8
381 23
141 23
146 12
98 19
474 17
305 28
79 1
371 21
261 16
82 23
43 27
22 23
217 31
412 8
220 32
175 24
446 3
423 7
430 16
374 20
308 10
279 27
443 26
431 7
473 28
381 27
267 6
178 15
341 21
274 4
256 5
364 9
467 10
496 21
9 9
4 24
250 22
54 28
135 1
98 23
348 30
326 18
84 3
300 8
443 22
187 10
226 6
250 32
39 1
292 7
317 27
215 27
281 16
462 31
456 24
226 12
241 7
473 24
53 29
303 31
50 10
44 11
243 25
170 30
242 30
180 2
460 2
180 8
366 18
7 1
257 28
328 29
282 9
25 10
425 19
32 22
20 15
452 11
423 9
248 32
286 11
278 30
173 29
337 30
450 11
62 22
426 10
407 7
42 7
244 22
461 23
291 21
405 10
447 12
214 6
195 24
472 12
449 28
281 25
385 22
480 23
140 9
188 30
316 17
328 31
46 28
390 16
472 26
429 14
325 10
315 16
197 3
343 21
282 3
282 23
57 17
465 4
221 12
241 8
232 4
299 1
59 28
464 15
37 8
152 26
89 15
233 18
253 3
282 14
50 19
404 30
27 16
153 28
223 1
135 22
164 9
434 2
176 5
456 25
492 12
74 29
74 26
70 10
84 19
415 1
266 27
442 8
390 30
391 5
338 6
270 1
310 16
427 18
452 18
50 32
341 27
228 22
132 9
295 15
499 22
52 32
380 13
408 25
439 10
85 8
175 23
333 29
58 11
322 25
492 23
304 25
197 19
450 4
31 13
394 22
306 1
145 17
290 28
157 24
54 6
207 20
448 7
64 1
149 29
365 13
459 17
177 3
403 18
482 30
74 24
167 31
172 7
267 5
67 24
392 8
369 27
199 24
341 11
172 18
351 16
334 26
408 2
316 3
191 2
448 17
377 18
347 16
276 30
213 26
93 16
165 17
406 28
128 11
330 31
440 12
38 25
193 14
338 1
108 12
10 15
496 26
372 11
137 23
160 29

