128
79 21
163 2
350 15
130 20
164 16
420 8
173 8
206 8
262 6
422 26
90 12
26 15
170 19
22 11
233 15
311 7
64 13
316 17
23 21
12 18
16 27
130 29
323 3
64 12
88 21
365 10
412 30
340 29
329 17
448 17
371 22
75 2
230 30
403 28
186 22
142 21
197 7
93 19
309 20
306 17
345 2
426 8
263 17
41 15
477 12
355 31
245 21
337 2
22 19
429 3
4 10
112 24
192 8
422 25
64 7
249 4
100 2
367 7
290 15
157 18
394 20
316 26
144 16
315 26
242 24
224 10
17 19
149 17
243 11
61 22
1 17
417 25
186 3
315 3
190 19
444 11
334 3
425 14
263 31
495 20
186 2
305 23
405 30
263 15
228 15
156 24
187 28
180 16
206 14
198 15
317 5
182 6
251 30
479 25
48 25
221 18
395 9
140 15
182 14
149 13
428 32
137 26
79 20
337 24
162 26
383 2
174 32
479 4
21 26
289 24
486 9
153 12
237 16
30 23
45 22
179 24
185 7
437 15
483 25
399 28
306 13
325 15
196 3
107 8
464 15
283 14
107 8
329 7
79 19
465 20
388 32
299 29
310 28
187 32
360 17
139 6
217 23
200 8
118 6
479 21
52 14
382 10
401 27
205 11
273 13
306 20
164 9
84 18
192 27
469 23
207 12
272 8
422 16
187 27
129 30
472 9
279 17
42 31
267 2
361 23
267 7
403 26
475 26
107 18
460 28
272 31
35 4
442 8
367 20
495 7
497 18
175 27
22 1
305 13
314 2
31 16
388 13
214 22
123 20
379 26
247 14
100 21
45 29
89 3
225 31
406 1
400 24
496 17
500 20
413 26
21 32
97 28
228 18
121 18
334 23
136 20
1 3
65 21
480 5
308 16
87 1
424 18
496 11
110 16
275 31
161 19
318 17
55 9
419 31
99 8
26 6
35 26
320 3
126 7
103 5
206 9
349 6
378 29
252 28
44 14
362 20
25 23
312 15
427 6
457 25
185 2
258 8
63 6
170 9
80 17
473 2
165 18
267 19
370 22
234 25
100 7
468 4
477 15
406 27
361 30
428 1
48 17
116 26
318 18
150 2
262 15
35 26
148 9
172 13
374 25
133 1
203 16
448 27
82 21
434 18
67 9

