128
29 16
351 5
325 26
145 31
27 21
464 18
7 5
477 17
489 5
372 3
274 20
370 26
114 12
386 24
165 14
362 1
377 29
141 25
106 1
192 20
286 11
266 28
375 6
457 19
170 20
470 23
475 31
452 13
455 22
408 27
83 14
368 32
186 32
12 31
497 15
126 22
62 23
425 8
133 29
151 6
412 16
301 23
14 12
327 24
441 6
291 4
207 14
335 28
17 26
386 13
253 12
146 2
254 19
101 30
303 3
392 31
426 32
453 32
295 23
259 12
364 9
259 15
58 17
166 3
290 4
439 18
415 17
207 16
155 28
258 17
114 17
23 16
44 3
331 26
457 5
73 21
490 19
95 3
127 12
473 13
15 20
162 29
348 17
301 6
380 26
162 9
410 5
384 25
363 6
142 32
155 23
492 24
101 22
394 12
49 31
348 16
130 21
344 21
81 24
182 16
405 15
305 26
379 16
322 26
254 4
413 32
382 12
255 2
193 16
413 1
366 4
156 31
473 28
175 29
347 12
365 4
199 5
121 13
208 15
22 9
110 30
220 11
41 30
176 9
326 25
326 27
52 25
242 20
184 12
281 7
124 29
486 18
17 6
102 20
252 4
37 5
409 4
203 10
434 27
34 15
171 27
153 14
192 2
450 7
162 18
257 5
430 22
458 14
404 19
21 15
386 29
368 23
165 2
96 2
152 17
60 14
340 24
396 31
458 29
257 7
130 18
255 27
459 32
356 2
474 8
221 8
285 4
6 5
361 29
102 1
433 21
186 24
224 9
6 5
129 27
151 18
128 21
168 18
468 19
4 6
103 4
153 31
163 10
39 11
314 8
239 18
152 25
222 7
357 31
408 6
489 22
95 4
463 3
258 30
489 9
223 15
336 15
329 18
88 15
224 29
358 7
499 17
239 24
236 31
298 3
284 15
52 27
106 2
345 7
296 17
123 2
424 26
449 12
307 8
471 7
437 16
197 19
189 11
358 24
233 31
66 13
441 17
247 31
483 3
261 18
423 20
351 18
45 3
302 24
335 24
86 15
451 10
409 7
68 10
62 28
420 23
316 21
448 14
259 26
4 23
411 3
106 29
476 23
60 17
354 10
400 11
16 15
72 24
341 7
189 19
290 8
85 10
320 16
371 14
313 7
301 19

