128
260 26
486 14
477 16
220 24
408 3
343 32
20 22
261 1
155 32
44 32
265 29
161 25
356 1
427 16
369 31
289 21
484 2
466 8
278 5
383 29
184 5
457 15
235 1
195 21
221 14
349 13
295 17
101 18
441 11
373 18
93 13
290 32
286 7
387 31
439 5
100 18
198 24
177 4
124 15
376 24
461 12
384 7
232 8
256 13
215 24
334 27
492 3
235 17
377 1
192 19
94 11
141 15
50 5
426 25
39 9
221 15
377 20
309 16
440 12
132 14
395 25
312 6
439 2
163 3
167 6
482 8
496 26
254 17
142 7
421 16
331 25
235 3
97 19
19 8
459 14
41 1
467 28
239 1
398 29
72 32
458 25
27 17
378 28
201 15
310 9
50 16
114 28
403 14
327 5
97 13
70 9
489 24
340 19
293 1
331 28
356 16
120 6
92 5
365 32
15 2
265 16
18 10
200 4
439 26
192 11
14 25
375 18
1 22
81 9
155 19
360 22
51 23
244 2
327 28
138 13
486 10
108 15
131 7
274 9
36 25
307 5
429 5
403 1
246 27
425 16
97 12
262 15
114 1
493 28
316 18
132 25
235 4
155 13
398 24
137 10
96 7
334 1
475 4
305 4
274 10
472 11
365 25
221 23
441 9
418 20
46 26
261 20
141 19
348 6
47 20
323 26
278 29
370 4
96 27
324 30
108 27
92 24
231 32
450 11
81 32
130 2
121 10
110 21
157 21
150 7
441 9
48 2
481 26
322 4
444 13
149 23
143 8
374 25
256 28
395 16
395 32
313 19
266 6
479 6
379 32
476 3
100 11
240 12
292 9
360 23
57 16
489 27
100 27
423 31
38 21
42 16
45 30
2 30
128 8
83 30
107 14
28 15
284 3
490 28
180 9
366 32
357 31
287 16
217 13
14 14
378 27
241 22
260 30
231 27
73 21
96 11
426 23
237 25
94 19
340 5
427 6
8 19
60 30
442 28
3 15
233 12
361 5
153 1
418 19
211 6
399 19
168 8
133 9
236 2
335 20
498 21
281 10
396 28
3 9
319 17
144 31
88 32
227 28
476 4
474 27
485 20
345 24
251 21
260 27
55 26
266 28
355 6
261 22
89 12
290 23
472 21
161 24
289 23
151 20
234 1
302 2

