128
245 11
393 12
487 29
188 7
268 8
114 8
311 7
301 6
307 21
452 32
479 1
360 1
5 22
174 27
3 30
277 15
333 9
378 31
421 14
225 16
297 10
184 15
148 4
52 30
332 19
129 2
383 9
286 15
482 24
338 20
329 26
82 29
134 28
35 6
377 31
446 29
448 13
484 23
316 31
401 8
242 17
309 4
221 11
11 22
406 28
37 22
165 11
451 22
430 13
407 14
244 16
34 19
184 21
138 12
256 30
499 5
418 27
120 7
105 26
44 6
181 5
300 9
51 14
346 20
234 25
341 5
456 10
20 4
391 1
491 18
46 1
494 11
499 29
157 32
447 13
169 11
133 32
324 31
217 17
218 7
421 18
279 17
431 2
220 25
158 2
170 31
402 31
222 28
128 26
59 18
430 32
200 22
195 15
448 12
44 5
214 8
222 28
44 17
494 11
177 31
324 19
410 13
361 7
329 12
360 3
413 6
114 25
203 1
339 15
72 6
167 29
198 9
480 5
245 21
356 1
328 27
119 17
108 4
71 16
319 22
322 12
71 20
196 22
448 10
128 31
268 22
155 29
34 18
409 22
459 16
199 26
147 9
78 18
148 32
41 27
281 18
198 16
1 9
329 24
130 8
318 1
101 16
213 27
310 30
264 8
89 6
257 23
483 10
340 26
185 8
448 29
94 25
168 30
241 16
394 19
303 11
119 20
387 16
242 28
157 29
315 25
319 3
184 17
108 23
282 20
255 30
108 24
78 28
145 23
123 10
41 2
453 27
385 15
342 2
34 22
130 12
95 32
122 30
452 25
152 26
372 18
167 27
309 12
106 30
414 1
195 10
358 27
113 22
485 14
219 18
304 20
217 18
500 10
27 3
418 2
388 13
288 18
268 28
2 29
401 31
453 32
221 30
94 13
255 3
490 9
448 29
25 17
42 16
354 28
178 28
450 14
412 17
323 15
36 28
404 5
239 8
384 3
370 29
143 24
407 8
153 19
277 29
371 18
52 28
90 29
199 11
498 31
479 9
141 6
144 24
302 30
104 13
44 5
366 14
152 8
22 28
478 26
332 28
171 3
276 24
316 14
2 9
436 28
485 25
198 21
472 11
214 15
388 18
251 1
147 15
228 20
206 2
169 2
257 24
272 20
303 3

