128
230 30
487 31
397 18
360 29
60 20
192 11
161 18
36 22
81 2
495 12
148 18
275 32
470 7
9 30
94 5
144 16
318 14
450 23
179 18
275 6
497 22
12 22
143 4
19 12
213 30
479 8
55 9
251 20
479 27
53 25
420 20
248 1
177 21
155 31
358 10
149 11
99 20
216 6
411 10
317 27
451 7
334 21
103 8
380 30
47 25
154 2
128 29
54 13
449 25
363 23
342 15
13 32
23 32
33 25
313 21
408 16
199 21
120 10
29 12
235 31
432 28
40 15
492 1
67 8
357 6
450 26
440 30
490 22
393 30
247 6
427 2
173 13
98 24
130 18
143 28
200 6
103 15
337 14
388 15
386 8
332 19
294 8
149 27
437 13
8 11
450 10
188 6
263 2
414 12
263 32
108 3
334 30
405 26
304 32
424 1
388 28
227 9
231 3
167 31
120 26
350 1
312 21
191 26
174 4
169 9
11 12
251 8
486 27
365 21
151 9
33 2
396 7
274 6
486 12
144 25
465 13
25 8
382 31
405 23
170 6
195 5
201 9
228 26
304 13
30 30
85 2
47 24
321 8
457 18
259 32
114 23
445 2
203 14
353 31
436 2
32 3
406 21
427 18
122 14
430 28
387 18
65 9
345 5
104 5
394 2
252 31
289 16
145 23
77 1
301 1
222 25
495 8
269 13
113 26
207 22
245 5
407 18
230 15
194 29
403 12
47 22
446 23
54 10
177 2
438 1
346 12
161 4
139 5
465 11
171 11
496 19
115 6
224 28
152 26
29 6
209 23
59 14
409 32
96 25
446 1
413 3
396 18
335 30
2 23
488 20
321 7
291 15
88 10
483 31
135 3
144 7
85 31
201 5
370 12
429 31
32 21
310 24
266 8
313 28
442 29
143 30
487 21
400 15
299 22
165 1
244 17
480 16
67 28
172 12
327 16
455 18
497 12
137 10
407 30
381 16
454 20
165 28
160 24
218 6
298 23
95 5
247 14
73 21
105 8
100 15
48 10
492 28
169 9
157 7
282 10
126 31
265 2
378 4
206 4
382 7
182 16
247 32
401 31
92 5
267 19
491 30
449 18
61 17
314 29
44 31
106 13
33 2
163 23
146 8
210 15
74 19
206 24
22 26
343 5
314 29
7 16

