128
316 26
306 21
377 22
171 4
265 16
107 24
179 3
261 22
93 16
375 26
412 26
341 23
391 4
218 25
465 2
461 25
351 31
237 7
176 27
10 16
2 25
323 24
311 19
462 16
70 24
425 29
129 29
35 15
333 20
463 17
61 28
429 16
394 21
138 13
276 32
360 25
320 2
309 18
116 30
237 21
309 9
18 5
278 4
160 6
8 26
110 12
249 31
479 14
407 17
62 2
468 21
311 7
454 11
268 9
92 25
106 28
369 15
40 6
378 19
459 9
25 1
157 1
459 15
119 17
103 8
399 14
305 13
60 18
179 12
31 30
184 24
373 4
462 24
402 23
315 20
280 23
428 20
463 18
70 5
103 1
113 21
298 9
61 2
26 23
185 20
212 16
395 12
475 16
347 28
251 13
236 6
203 3
465 26
401 26
98 23
410 10
207 8
330 11
417 12
357 21
115 20
172 10
3 22
69 1
22 31
214 1
200 16
123 28
433 23
50 7
229 15
444 23
18 2
53 30
481 1
386 11
328 21
308 18
407 13
383 28
399 32
388 15
11 30
262 24
237 31
326 1
122 13
104 3
394 24
277 26
417 18
25 12
275 24
278 17
412 16
312 15
255 7
261 29
412 6
412 24
185 17
317 18
210 16
500 11
427 20
33 31
142 9
291 12
92 8
448 4
79 7
166 5
309 14
301 16
299 21
72 23
5 32
344 2
307 28
373 21
323 17
428 20
313 30
231 24
489 26
259 27
288 12
251 12
201 31
372 12
319 3
334 24
182 10
389 16
225 5
424 19
17 23
363 13
272 5
437 24
475 31
178 30
471 16
414 3
183 5
170 1
79 16
176 8
385 17
99 29
177 26
7 10
77 21
226 4
166 26
460 24
209 13
457 3
269 30
349 11
154 19
303 8
226 3
343 26
247 5
70 7
167 4
468 15
149 6
442 18
207 13
9 23
242 29
93 22
335 30
312 28
312 10
424 17
296 18
498 30
411 31
317 21
346 20
23 26
181 20
363 24
69 19
154 26
336 7
171 10
40 14
361 19
299 8
91 3
254 12
340 16
6 4
296 11
144 6
401 16
133 15
63 25
486 21
214 17
167 32
194 30
217 30
260 4
42 18
166 31
289 5
14 6
365 17
200 32
478 20
183 14

