128
321 12
452 3
341 7
489 1
222 12
10 14
190 28
180 1
45 23
374 1
222 1
443 5
342 29
322 32
373 31
281 5
247 24
467 3
338 11
75 24
66 13
389 24
320 32
28 28
382 5
389 31
265 15
240 14
443 17
177 23
16 17
359 26
392 1
200 6
483 31
141 1
211 1
156 18
300 15
98 21
287 10
283 23
20 22
212 2
287 17
129 22
197 19
267 9
16 10
170 30
444 10
398 18
190 21
388 9
439 17
21 21
174 15
479 17
29 15
6 11
431 10
320 31
325 14
215 16
255 20
189 31
45 11
56 6
343 19
74 2
483 10
210 28
249 1
52 29
231 30
443 13
395 6
287 3
51 18
262 9
89 31
207 2
389 23
219 7
409 21
12 12
238 30
399 22
262 19
262 12
360 24
356 22
169 2
177 15
199 10
376 24
240 30
125 16
196 31
359 29
487 30
348 17
295 14
210 24
48 24
103 15
379 26
217 12
304 29
266 14
182 17
141 14
75 29
401 2
460 19
374 14
185 5
22 11
171 4
239 18
259 5
181 9
3 5
36 26
141 14
159 6
294 12
447 12
268 16
138 3
310 11
25 18
288 14
325 2
333 31
379 11
107 19
80 1
455 7
266 23
268 1
121 18
428 15
133 19
266 10
274 32
485 6
273 4
399 13
81 4
363 23
174 14
370 1
282 32
72 8
123 27
176 19
456 19
161 9
149 31
210 26
206 6
423 14
169 18
279 13
53 5
412 2
314 13
35 32
456 10
347 2
500 14
172 16
328 21
44 4
111 9
250 16
151 28
497 23
345 23
420 1
120 7
179 13
463 5
232 30
22 18
348 17
303 19
476 30
203 23
458 25
124 31
184 14
82 5
444 7
159 7
175 22
397 9
63 31
417 14
129 26
76 28
459 30
346 10
8 21
305 29
417 32
23 21
257 20
133 16
382 19
267 1
421 3
261 11
374 22
480 30
467 23
329 25
433 6
211 16
426 3
256 7
498 6
443 14
85 19
305 19
69 19
23 13
438 27
323 23
312 15
164 31
357 12
55 25
369 25
432 11
483 19
489 28
168 11
85 17
61 6
219 1
16 21
118 13
375 4
467 31
94 22
317 23
325 19
443 18
488 23
192 6
413 12
302 1
314 10
333 18

