128
449 11
210 24
446 31
14 21
408 27
397 19
150 13
68 22
140 4
109 13
14 24
202 2
66 31
331 3
285 20
426 13
22 7
304 15
89 22
480 32
444 20
194 21
325 13
286 20
217 3
56 26
422 14
471 7
404 17
158 12
168 27
272 2
69 28
8 5
449 19
5 32
363 22
485 7
163 30
354 19
16 25
108 26
370 7
276 18
83 9
461 27
367 21
292 3
12 11
296 32
138 12
351 4
201 19
242 3
457 3
241 16
355 1
261 1
131 9
498 29
173 14
315 20
394 18
178 17
109 29
216 26
124 15
449 9
253 6
39 17
136 32
385 2
332 9
66 6
385 19
26 2
77 25
301 2
150 10
227 6
155 2
355 14
8 27
454 17
492 1
25 7
124 1
469 31
258 10
268 26
301 5
403 29
485 15
198 7
385 16
96 31
366 11
168 1
105 2
189 5
318 18
75 1
474 19
247 27
281 2
225 25
158 15
309 3
34 18
481 22
282 20
308 19
378 31
223 3
152 4
431 1
477 17
261 6
252 31
33 32
372 21
464 6
87 12
24 32
129 16
389 30
431 8
408 1
375 3
143 6
394 9
347 26
429 7
171 28
466 31
63 5
311 18
218 22
149 17
369 26
448 10
39 3
305 7
391 23
429 5
409 14
309 3
43 5
213 5
121 14
268 27
15 22
61 28
179 9
325 32
190 12
305 25
354 25
379 16
344 7
128 12
332 32
358 26
25 22
290 5
248 1
179 22
339 11
197 1
300 29
416 21
497 8
421 22
33 11
446 16
309 25
479 4
361 8
217 29
109 27
381 32
267 31
321 17
298 6
474 29
94 17
289 10
461 30
144 25
212 5
72 25
365 2
12 21
89 25
461 5
439 17
405 13
252 25
162 25
298 15
349 32
23 5
185 23
50 8
327 10
120 22
134 9
299 29
61 31
77 14
288 7
214 8
72 13
120 17
365 30
367 25
161 29
54 5
224 31
377 2
216 24
300 9
184 14
346 29
41 26
118 16
289 7
371 20
500 22
444 24
259 2
429 15
402 14
468 17
436 32
379 20
43 10
500 23
479 1
323 3
119 28
198 27
474 8
470 21
58 17
189 16
426 29
87 15
450 18
156 21
249 18
388 7
63 4
17 17
436 15
116 30

