128
196 3
89 10
269 18
255 4
147 18
328 8
371 6
449 27
330 5
220 2
420 18
371 31
500 31
402 21
360 21
481 19
283 26
228 19
371 14
31 2
111 30
341 22
419 13
120 13
405 15
242 28
489 28
446 28
355 8
104 10
488 5
120 19
210 23
25 8
181 27
449 3
413 17
328 27
429 8
283 14
138 20
361 22
340 3
465 10
154 1
407 5
209 14
115 2
224 28
201 8
46 18
251 14
290 2
345 31
25 15
108 31
3 20
492 18
126 5
35 31
81 13
124 9
170 26
410 29
81 18
1 11
111 15
140 5
328 32
323 25
111 14
71 17
249 10
306 23
222 28
357 18
484 24
294 1
422 3
397 6
313 1
184 23
499 8
175 31
159 29
383 21
130 13
85 11
366 6
457 4
285 21
93 8
145 15
124 30
441 5
123 5
269 19
28 20
482 22
446 32
403 8
113 28
280 25
262 9
291 6
436 31
383 1
47 7
415 14
296 31
42 6
460 23
224 31
282 17
392 27
197 6
406 5
30 21
357 7
33 27
213 9
426 7
349 32
473 23
345 16
469 31
37 24
401 13
470 30
169 10
260 13
211 25
25 16
405 14
383 9
84 3
257 1
41 25
36 21
219 13
132 4
119 24
171 31
280 17
52 1
206 19
165 8
31 30
8 23
127 14
75 18
188 16
423 24
288 18
92 23
190 15
250 8
242 20
178 10
116 1
322 29
243 22
89 29
231 28
59 29
337 18
271 24
317 1
103 8
2 26
166 16
268 23
351 13
391 29
30 14
461 31
179 16
41 15
328 7
214 31
480 18
224 18
425 16
294 23
199 3
72 21
190 23
483 9
199 21
421 25
231 1
283 13
436 11
27 28
298 4
206 21
141 9
378 29
172 23
295 14
169 2
86 11
408 13
251 26
145 23
186 3
255 9
487 7
495 9
158 4
252 27
420 32
143 29
160 26
171 14
387 12
23 9
402 6
245 8
36 21
26 17
468 20
393 6
174 12
467 27
31 26
397 7
314 23
99 21
56 22
279 23
313 17
267 22
83 19
69 22
103 26
42 30
77 31
376 7
26 18
285 24
115 22
358 4
72 1
105 28
430 27
422 22
35 16
307 1
402 7
438 8
172 28
278 12
118 9
202 3
198 19

