128
386 9
281 2
188 27
247 11
262 22
70 21
282 11
71 3
144 19
164 3
497 26
413 31
121 25
487 3
301 3
254 22
195 30
68 27
397 2
81 18
127 26
387 24
256 25
410 27
19 26
429 7
211 17
29 23
390 8
197 14
490 26
227 21
336 26
419 16
311 19
93 17
500 7
48 15
140 2
5 10
383 5
25 13
126 21
275 31
272 27
408 6
420 14
298 11
132 8
338 2
66 27
231 5
113 26
171 32
87 27
262 21
459 26
61 20
42 3
450 10
305 29
427 17
195 8
183 18
291 21
267 8
7 5
272 15
127 30
371 25
468 24
182 22
269 14
362 30
429 27
475 13
372 21
13 2
476 24
391 10
272 5
473 26
358 28
396 8
37 22
196 16
101 13
282 29
323 15
383 11
157 1
187 32
110 20
297 17
247 19
55 22
48 11
295 1
123 22
388 31
160 7
367 24
16 20
333 14
494 15
440 10
423 14
382 4
177 10
321 11
217 15
144 20
253 14
20 31
332 27
238 15
45 12
454 20
103 26
397 32
352 24
449 23
314 18
10 6
360 14
117 24
408 16
191 21
50 30
239 1
320 16
75 24
79 20
424 25
18 12
128 21
360 1
495 9
258 5
366 13
38 30
44 14
94 14
310 11
147 20
227 2
24 25
330 30
32 5
135 25
128 14
270 19
190 24
363 32
120 9
416 14
414 16
307 19
397 28
353 8
163 7
9 18
83 2
140 11
146 6
15 22
239 16
112 1
400 3
80 3
55 11
232 16
158 10
179 23
153 31
98 20
314 6
205 4
148 20
214 13
321 17
418 12
216 10
192 7
356 11
338 22
469 25
81 15
459 7
385 7
142 2
482 11
439 31
202 14
234 28
83 11
348 28
318 11
381 1
30 16
483 27
349 31
139 10
281 21
40 17
412 21
498 21
487 25
431 13
226 5
308 32
71 19
160 4
217 32
248 14
480 14
168 20
32 27
461 25
255 13
329 10
385 27
263 32
467 17
264 24
357 19
352 3
225 19
166 1
402 9
243 1
142 22
413 2
68 17
338 31
77 2
192 30
196 6
37 14
499 8
354 11
222 29
486 30
419 19
90 32
416 12
405 17
242 21
434 17
41 11
335 2
141 23
431 8
332 27
350 18
118 27

