128
360 15
78 25
224 31
152 10
318 9
294 30
31 28
78 2
409 7
441 19
494 30
79 16
197 27
88 1
274 15
108 21
21 9
342 17
404 17
414 21
105 3
174 8
150 31
485 14
93 9
472 2
454 7
182 31
369 21
335 22
304 18
478 32
127 23
124 2
16 10
454 32
448 7
107 10
230 16
359 10
220 23
260 30
85 29
28 29
61 26
298 20
304 27
244 6
298 3
163 25
256 28
284 24
242 31
153 7
186 23
349 5
397 28
430 9
252 29
285 8
171 22
380 2
413 15
107 2
489 13
226 29
236 17
300 9
455 20
152 28
18 32
249 23
459 2
247 18
339 4
373 21
169 20
334 9
226 28
494 19
60 3
311 15
284 2
123 2
117 6
230 30
477 30
400 31
359 19
348 29
382 9
57 14
324 6
483 30
181 32
116 8
399 30
238 22
91 13
271 19
338 20
192 23
181 4
305 16
90 5
88 11
225 29
372 8
386 14
301 3
386 20
362 16
45 32
317 15
312 27
45 29
291 17
167 31
180 8
214 9
476 26
443 24
298 10
451 23
224 4
305 5
371 3
392 8
266 24
254 13
498 23
429 32
387 28
463 26
67 12
38 14
329 20
93 26
497 3
13 20
498 9
328 29
483 11
340 12
482 25
28 20
243 1
119 21
404 17
398 30
109 15
363 1
266 15
415 31
53 11
334 23
243 10
123 30
84 22
29 22
406 1
397 29
365 27
481 28
300 31
441 8
165 3
196 15
313 2
397 1
388 30
267 31
243 9
60 27
54 4
244 12
496 24
312 4
6 24
331 29
374 23
64 3
277 12
173 9
73 29
306 25
298 32
443 1
165 18
71 6
89 10
29 25
453 24
148 18
336 27
467 5
453 18
99 10
493 23
170 10
339 27
378 13
399 24
381 3
321 7
484 29
116 25
197 16
204 17
229 31
175 15
100 27
77 10
208 29
469 22
338 19
204 7
499 10
34 11
368 6
181 20
467 32
216 23
215 27
211 16
310 17
490 29
364 30
458 15
191 6
152 32
289 20
95 23
309 4
18 9
186 18
380 12
198 7
370 32
365 9
59 26
317 13
286 4
318 28
455 4
225 22
388 25
461 10
300 6
313 17
150 22
218 9
205 19
327 3
179 15
155 1

