128
383 26
234 20
439 19
169 11
231 12
417 4
64 8
475 14
154 10
39 12
175 2
343 23
421 16
358 27
89 5
147 4
322 8
111 9
386 12
475 13
27 28
24 26
151 2
307 4
187 29
127 17
123 13
48 3
392 9
317 1
445 4
452 10
399 26
82 5
193 5
105 27
300 32
161 2
181 27
253 11
16 19
432 22
52 3
384 27
87 21
423 23
220 30
352 2
288 18
254 28
342 22
51 21
189 11
442 21
381 26
88 28
276 27
237 11
201 9
474 7
25 32
21 20
474 28
213 21
9 27
92 2
324 6
194 5
56 11
233 21
32 24
36 16
42 1
338 14
449 31
232 5
59 16
68 28
328 12
144 24
98 31
390 22
81 15
286 20
70 18
276 29
42 24
112 27
140 6
177 32
112 28
412 2
12 27
53 23
462 12
26 12
283 7
333 15
350 26
202 15
339 10
223 20
345 23
315 24
488 23
423 31
250 26
121 29
164 29
451 25
369 1
184 19
95 4
69 28
485 2
66 8
451 21
407 11
327 9
482 6
63 24
264 17
237 4
425 4
409 32
229 9
56 32
483 6
280 27
446 32
172 11
143 7
151 2
121 9
270 19
494 9
358 18
497 27
197 5
50 21
500 26
85 3
42 23
205 29
469 10
140 13
12 3
467 19
332 3
195 13
393 9
137 31
2 13
49 14
258 22
303 21
228 31
312 9
306 32
293 6
369 32
266 28
66 4
246 5
23 9
202 27
481 6
17 10
175 17
179 4
367 25
188 22
72 15
66 13
70 2
354 22
493 4
22 3
55 31
307 13
59 24
344 23
50 32
372 16
481 23
155 23
87 10
292 6
397 9
238 6
66 4
108 10
267 13
468 13
247 19
102 18
486 1
48 7
8 8
258 16
174 8
186 12
310 17
270 10
185 3
375 2
154 10
308 12
462 23
445 1
401 18
218 19
194 25
273 17
388 15
41 29
146 6
173 7
55 26
12 15
4 31
341 2
220 28
429 30
126 5
446 27
122 15
117 7
131 5
368 7
123 24
431 9
337 11
75 19
248 31
334 32
177 18
409 4
25 13
281 30
414 30
380 7
240 4
202 19
237 5
389 27
180 27
479 24
274 18
111 9
344 12
124 12
321 8
119 9
73 16
198 6

