128
383 11
313 29
229 14
465 26
89 27
390 32
463 13
65 20
98 19
338 31
12 20
490 1
2 14
290 19
242 26
55 32
384 23
424 12
440 4
46 32
359 27
311 25
172 24
428 1
30 21
51 29
196 24
346 10
325 7
236 14
408 26
393 3
360 8
255 19
55 20
30 9
438 17
437 21
68 12
229 17
129 19
342 8
170 11
373 14
25 13
411 16
454 7
426 22
322 32
464 25
331 26
141 1
186 2
229 17
441 10
405 13
440 14
97 6
136 5
455 8
281 14
295 23
372 9
400 2
252 19
422 27
208 26
55 21
491 15
349 8
444 6
204 20
203 8
197 11
121 11
350 29
220 9
339 12
217 30
137 24
453 6
254 28
471 12
257 26
443 21
245 18
62 20
325 13
248 29
455 8
24 8
472 31
300 23
186 32
252 22
188 4
83 9
68 26
101 16
367 15
132 19
132 30
58 5
310 1
329 32
228 8
419 12
95 23
362 16
438 21
306 13
21 32
418 24
293 10
263 11
264 10
121 23
439 3
203 16
39 28
11 11
235 22
318 9
500 23
313 1
495 30
266 3
209 3
102 22
404 32
364 3
462 29
413 16
219 20
148 1
351 14
23 17
291 32
266 14
222 18
431 1
251 28
231 11
82 29
16 9
400 32
151 5
68 3
113 26
30 20
394 4
121 5
317 4
108 14
405 26
215 31
398 13
382 28
127 23
164 23
299 20
226 9
276 17
216 12
430 1
351 3
477 32
91 25
235 11
78 19
380 4
326 29
108 11
256 6
374 16
80 32
335 17
473 26
449 20
202 10
136 4
53 24
375 19
108 5
193 21
100 32
180 9
52 7
483 20
225 20
79 8
380 5
461 28
78 25
243 3
139 2
183 15
342 9
185 9
370 30
338 5
153 21
245 25
156 31
12 8
287 14
35 6
206 7
73 15
256 15
414 2
396 24
288 9
356 16
390 13
201 15
397 10
95 29
58 30
72 13
481 14
214 20
227 11
214 19
53 25
317 10
418 16
265 9
301 1
29 10
49 5
416 30
286 26
438 15
112 21
115 28
70 20
311 20
98 9
150 23
197 6
320 27
178 1
319 14
409 27
19 13
280 14
106 13
147 4
112 30
108 22
54 26
258 8
177 7
240 19
357 17

