128
14 23
80 16
318 17
334 10
455 11
442 30
189 2
255 7
364 24
403 16
353 5
131 28
351 20
489 23
115 15
134 20
242 9
447 15
466 13
228 32
103 1
245 19
482 16
73 21
75 24
392 15
312 31
210 2
486 27
484 1
269 9
80 14
33 23
421 10
159 20
270 25
317 6
255 22
217 4
495 27
155 14
69 22
112 19
479 30
477 14
50 21
430 17
255 6
7 31
312 9
174 25
277 6
298 12
492 19
359 6
157 9
75 22
182 31
4 20
488 20
473 25
76 22
17 10
67 16
208 10
40 26
162 25
75 32
200 26
326 18
403 30
274 18
59 23
16 26
318 11
393 10
391 21
247 11
2 25
134 6
395 18
443 4
194 29
219 13
435 20
302 21
230 23
166 4
85 21
202 22
387 10
395 1
266 29
388 28
305 5
329 23
398 31
311 31
491 29
335 17
277 8
114 2
414 11
497 10
164 2
251 30
496 29
179 9
489 10
380 14
290 4
196 4
182 30
482 29
387 13
449 11
156 18
224 18
45 16
271 28
122 26
461 29
370 23
81 15
408 9
356 14
372 31
89 14
409 18
430 23
90 22
161 18
292 12
19 4
455 29
247 12
14 23
396 12
50 13
446 13
141 21
358 32
203 10
121 15
220 22
109 25
428 5
258 19
356 12
110 11
121 20
90 30
266 30
221 23
166 2
124 30
318 29
373 9
131 10
335 2
43 28
362 10
416 4
392 16
451 17
434 23
60 15
57 14
212 29
492 21
295 7
386 20
300 15
484 10
252 19
483 22
114 4
116 13
167 27
152 22
212 21
40 15
164 32
448 15
373 32
104 27
258 21
130 9
99 10
42 26
284 28
496 9
220 15
129 6
321 17
355 20
69 7
155 8
490 30
459 2
245 26
380 3
402 10
263 17
475 29
202 14
180 25
358 23
159 10
285 16
470 23
11 31
385 5
122 3
119 28
88 31
345 32
217 3
329 12
99 27
488 28
412 31
349 29
418 27
458 18
486 32
192 13
318 5
365 3
303 19
223 10
50 19
209 18
17 17
449 7
191 4
267 18
307 23
426 24
473 20
425 27
163 16
159 16
396 23
122 26
210 16
88 27
467 12
376 23
37 9
450 7
464 32
33 14
34 6
493 6
45 13

