128
313 10
492 9
206 10
470 20
219 5
175 21
439 1
323 9
380 20
13 15
2 16
184 23
198 1
14 15
65 24
47 5
485 2
390 30
300 3
382 2
280 4
2 26
52 5
82 31
128 3
341 13
430 32
387 15
125 21
310 17
448 8
418 12
97 3
474 20
369 27
265 12
262 11
421 2
147 7
96 6
449 13
255 26
460 21
357 12
393 6
477 20
225 18
272 21
404 9
69 24
303 29
124 32
155 8
229 21
46 1
427 22
113 13
224 24
321 24
360 10
449 32
405 9
433 28
345 4
124 5
311 6
450 30
194 8
478 6
257 19
98 23
369 18
215 24
134 3
23 13
452 11
180 9
143 28
236 15
151 8
252 25
489 21
395 18
8 28
104 24
246 29
298 22
115 16
57 24
103 27
92 30
253 15
262 23
86 10
234 8
209 25
48 29
389 22
231 8
165 6
12 31
238 13
228 16
377 1
451 15
419 10
32 32
16 18
418 1
143 27
188 11
191 8
251 31
29 21
327 14
166 6
308 28
202 31
459 14
23 18
56 26
303 8
465 19
85 14
123 19
237 27
133 27
250 3
358 30
216 32
175 17
225 22
488 22
221 23
356 19
208 31
388 2
202 4
32 30
86 7
68 26
317 12
248 2
435 13
195 6
140 10
234 16
203 2
494 19
20 9
370 31
463 17
440 13
109 20
302 6
478 26
367 26
273 18
63 19
71 25
60 10
330 14
278 1
219 31
159 6
323 24
168 13
285 3
301 29
430 3
290 15
176 32
256 32
269 2
7 15
427 10
253 28
63 18
492 5
4 15
370 22
178 13
462 14
348 27
58 5
217 11
388 24
354 27
191 27
313 9
313 23
467 1
198 9
298 14
162 1
192 23
330 1
272 24
35 19
258 24
247 14
291 10
69 12
129 27
118 1
160 15
383 22
199 8
154 1
121 11
1 16
198 23
33 5
326 31
439 31
362 13
408 24
171 16
500 27
86 9
91 13
251 17
370 6
404 32
2 13
190 6
188 11
184 12
207 9
138 5
91 32
34 18
355 8
473 26
206 11
323 28
155 25
472 25
226 3
400 3
251 1
229 11
328 4
10 26
273 32
235 19
499 16
65 21
323 5
59 24
447 17
175 6
453 30
478 7
372 21
257 15

