128
386 21
4 18
196 12
212 29
473 27
235 12
475 2
397 18
492 30
18 23
194 26
148 27
144 9
424 6
80 25
489 13
77 4
99 9
283 18
17 23
184 11
458 18
205 18
23 32
448 32
354 1
418 10
139 17
262 3
390 29
375 30
158 8
73 8
76 16
417 20
462 4
47 8
110 11
477 24
150 8
376 32
268 17
357 3
57 26
173 23
310 31
28 31
350 21
426 21
308 30
369 9
146 7
392 23
17 9
90 26
496 5
169 24
461 1
22 22
494 30
168 16
92 31
122 2
499 20
218 22
93 30
131 18
352 14
344 20
242 22
386 6
250 6
205 15
283 22
80 32
271 15
431 14
145 29
155 32
304 5
5 32
310 19
486 6
9 25
381 22
114 6
191 8
376 23
426 18
472 25
285 30
103 32
456 19
120 26
446 11
482 7
22 32
85 27
305 25
188 29
195 1
7 9
16 14
280 29
39 11
297 15
345 27
390 20
202 9
409 31
135 11
97 29
386 30
15 14
274 10
78 4
355 12
205 18
317 12
163 23
86 3
30 30
62 19
81 11
132 30
409 14
436 14
274 17
39 1
214 32
342 7
484 20
79 16
66 11
375 20
102 16
38 7
94 19
253 30
361 20
367 6
2 2
127 11
326 29
415 15
328 21
34 31
452 8
350 13
358 8
448 19
36 22
441 5
436 18
154 5
77 29
418 6
378 28
205 16
208 27
446 19
227 19
346 23
294 31
47 12
271 3
110 30
332 23
286 31
96 3
415 12
15 12
454 29
227 2
448 30
480 9
321 11
76 2
385 21
64 3
20 6
129 30
491 28
236 4
431 27
67 29
58 5
381 23
325 15
372 12
393 20
369 29
58 16
82 30
164 29
428 4
479 5
17 5
72 20
97 26
286 15
199 19
447 31
206 20
37 1
247 25
280 19
493 17
262 18
334 6
219 14
461 17
22 9
221 17
432 29
447 9
183 1
411 30
75 4
457 11
397 15
392 24
22 24
217 3
310 22
60 24
15 16
280 20
348 28
333 19
169 15
347 3
275 22
184 13
225 16
163 29
47 26
149 32
142 29
54 27
470 10
34 21
133 25
224 17
164 12
111 12
186 30
387 8
67 14
12 11
414 11
264 28
432 28
231 21
480 28
227 9

