128
188 27
230 1
72 8
60 2
436 28
427 6
211 28
425 20
442 23
284 1
334 10
151 14
346 27
403 22
226 19
10 14
345 31
446 16
370 25
282 17
400 24
434 10
247 22
45 4
8 4
84 2
417 30
359 23
64 21
20 6
60 1
203 20
120 32
24 5
4 21
146 11
216 11
217 31
141 17
2 12
441 6
341 1
171 28
471 27
164 3
376 23
223 18
479 2
77 14
35 8
158 28
186 13
110 6
335 6
15 13
250 11
274 30
163 20
141 2
382 9
180 13
27 6
38 9
96 14
358 14
249 23
161 7
240 14
188 14
224 2
114 5
360 11
414 23
387 27
360 12
211 27
229 1
292 22
94 7
84 31
220 24
318 28
118 25
206 10
482 29
211 32
253 23
186 2
445 8
424 4
44 30
194 12
223 29
241 8
76 4
118 23
8 27
379 25
343 28
486 25
364 13
124 24
119 1
485 15
85 21
70 28
42 15
251 16
451 7
283 14
167 29
25 6
187 23
354 10
190 32
410 9
388 25
372 14
193 24
272 1
116 13
256 30
307 2
125 5
349 4
339 19
160 23
392 22
469 21
79 30
436 32
62 31
372 5
32 17
140 7
45 8
199 13
469 13
10 17
466 22
204 4
224 19
18 31
413 6
212 7
143 7
183 8
174 30
488 17
322 7
64 31
438 10
371 18
119 24
351 8
90 22
239 21
121 4
132 17
93 7
375 11
193 29
290 18
463 29
127 8
459 26
2 17
303 16
154 25
456 4
356 21
262 10
61 2
201 28
266 21
238 8
379 15
197 16
352 31
148 2
294 15
19 12
207 30
223 32
242 2
68 22
426 29
43 31
414 12
382 15
388 28
318 31
106 26
286 9
376 26
287 30
96 5
21 6
126 3
13 24
125 8
317 26
112 11
388 1
306 18
203 22
93 5
312 22
238 1
6 22
86 8
487 1
97 27
334 14
101 11
441 1
278 17
127 22
172 18
266 17
487 5
374 15
341 25
128 6
338 2
43 19
277 13
456 21
239 25
447 4
487 7
268 21
348 30
358 19
112 31
199 18
443 9
29 11
461 4
213 26
493 11
221 14
488 32
494 30
316 4
417 27
179 5
271 2
430 24
248 17
102 22
491 25
370 3
31 31
230 19
128 11

