128
88 9
438 23
51 11
316 26
369 28
261 18
326 9
448 9
219 10
25 12
31 22
446 32
372 8
192 4
134 14
240 17
370 1
267 16
344 18
13 8
302 21
201 31
258 16
304 8
457 8
427 7
65 21
170 21
200 17
48 5
355 7
405 20
168 27
348 19
457 12
74 26
485 18
88 30
273 31
217 25
423 23
419 3
71 4
275 7
301 15
455 19
461 32
434 28
234 9
490 6
493 7
151 21
188 23
70 24
333 22
392 27
484 14
94 23
102 20
29 6
394 7
112 23
46 29
186 32
30 32
469 26
442 4
350 30
210 31
293 14
260 5
1 31
198 6
1 3
165 17
404 27
364 31
469 29
264 2
188 1
33 1
314 7
480 7
308 29
137 24
434 24
136 18
490 14
231 11
484 16
371 24
10 18
106 26
495 17
483 10
161 28
42 10
194 13
340 5
413 20
452 19
75 24
484 1
273 27
259 20
314 5
347 19
215 1
300 5
173 6
242 2
353 24
11 2
8 27
250 13
30 2
119 25
141 2
21 29
20 3
224 5
259 27
155 29
227 2
385 11
440 15
84 8
114 23
190 9
297 15
393 30
492 19
430 8
317 14
100 16
432 20
21 23
246 11
367 8
333 20
370 20
434 30
267 7
400 4
371 4
99 4
225 2
478 23
426 10
308 13
334 20
200 14
134 13
380 28
416 4
455 6
187 16
443 18
286 22
261 5
93 7
272 25
301 29
323 18
395 19
454 32
222 30
285 15
450 4
206 30
80 25
355 30
252 5
71 30
194 4
398 18
394 9
454 18
269 25
475 11
259 1
94 16
434 22
186 7
246 7
100 1
107 6
442 7
454 13
100 3
48 5
284 25
17 30
191 17
14 13
152 32
445 5
455 10
327 12
261 20
86 20
248 17
166 17
403 3
53 26
118 12
498 25
97 10
138 15
2 11
303 21
126 8
102 24
125 20
423 1
203 21
449 26
53 14
490 27
84 7
456 21
198 17
102 22
170 3
432 19
94 31
176 23
482 1
3 22
408 17
195 26
137 11
411 9
256 28
143 7
146 22
40 20
254 9
489 31
83 13
446 24
155 25
99 16
249 29
93 12
229 27
469 18
281 23
406 28
130 29
227 20
350 30
471 24
110 15
82 16
379 7

