128
454 3
487 28
387 31
473 10
263 6
489 7
335 10
263 21
335 29
475 21
195 2
389 3
142 26
61 25
438 10
93 31
129 24
298 19
90 22
252 24
228 25
435 14
350 9
186 20
270 8
464 16
85 28
382 26
301 3
82 18
272 27
332 24
458 9
119 7
103 6
398 26
314 28
95 32
381 8
51 10
143 27
465 23
218 11
157 11
345 2
460 24
468 12
220 13
124 26
323 18
207 17
259 29
256 17
388 16
336 14
489 6
304 18
409 30
4 13
244 8
6 3
315 10
198 14
250 2
223 9
251 6
349 30
154 4
66 29
444 6
182 12
83 18
89 7
211 24
407 22
143 1
156 30
238 6
195 31
27 18
115 25
199 31
490 24
419 4
244 22
309 29
497 19
114 30
234 28
381 12
277 20
404 9
333 21
490 27
332 20
296 26
496 2
261 2
197 27
393 12
96 13
69 16
443 22
29 24
6 2
168 2
285 15
418 5
416 23
347 23
274 11
44 22
340 8
107 5
186 27
180 17
51 24
225 5
134 13
225 31
366 32
124 2
166 10
470 17
300 5
327 10
15 23
47 26
378 21
94 32
355 14
196 21
77 16
101 18
377 21
52 10
68 16
244 2
69 17
166 24
85 25
145 3
67 31
157 12
47 26
211 1
375 27
305 12
30 14
13 6
434 13
500 22
92 27
439 20
11 8
231 32
448 12
398 14
418 30
310 29
156 4
217 30
130 18
185 8
131 6
417 32
114 28
269 13
362 11
68 1
163 10
24 18
25 1
476 31
179 25
111 22
8 23
67 26
200 28
149 6
153 13
98 18
185 26
174 30
425 29
122 23
390 29
48 27
270 7
61 28
11 19
133 27
201 3
8 17
154 20
286 30
424 27
423 8
453 12
6 25
336 3
315 14
476 22
344 29
89 32
44 27
278 8
117 26
226 8
82 8
131 32
37 27
454 20
14 14
407 7
134 7
350 20
172 9
14 27
273 6
270 28
200 11
343 21
228 12
144 14
299 23
233 24
33 6
147 18
92 9
417 25
351 2
25 2
146 22
388 14
491 21
85 26
407 11
358 3
346 10
500 9
480 28
332 16
417 10
409 20
234 25
85 1
294 25
458 3
498 30
60 8
206 24
29 17
422 15
451 24
92 2

