128
386 27
71 32
155 18
274 22
8 16
51 11
58 32
278 16
92 20
470 7
215 28
465 12
115 4
367 8
465 22
97 7
404 4
102 6
25 31
167 1
171 9
31 24
425 32
91 4
175 29
487 18
348 19
5 22
218 11
157 19
188 14
237 16
273 30
353 5
65 16
181 11
292 15
166 32
222 9
84 1
21 14
138 28
372 14
181 22
364 14
476 23
443 32
198 11
401 27
11 25
422 20
403 1
106 5
281 16
29 4
76 17
285 1
120 16
58 28
449 5
341 12
175 3
487 1
497 8
423 28
56 4
255 3
260 16
83 4
187 19
255 14
363 23
326 14
47 27
133 11
155 18
271 26
108 1
54 1
348 20
168 8
23 10
66 26
133 16
26 24
110 4
433 4
23 19
305 1
493 25
415 12
114 1
181 30
442 30
382 9
61 25
44 7
322 25
68 26
460 29
125 9
77 22
392 27
168 28
19 20
485 5
11 30
118 3
171 7
424 24
51 16
452 31
270 17
407 22
79 31
134 27
287 18
112 19
12 23
374 6
291 2
463 9
308 16
344 26
342 11
234 4
455 1
338 16
310 25
265 28
315 23
294 29
312 6
131 20
36 29
353 6
214 3
331 29
98 26
203 7
144 8
35 30
120 12
26 25
320 18
20 26
392 10
87 16
71 5
27 10
73 27
284 31
398 30
159 15
491 17
138 26
148 32
288 32
395 5
400 15
306 12
200 30
437 30
401 3
355 15
464 3
9 27
65 6
64 28
105 14
436 10
392 4
117 31
55 19
195 26
429 24
77 9
49 25
470 1
371 8
79 7
251 24
285 11
197 25
390 17
106 18
98 13
113 2
379 23
429 13
472 21
425 21
41 25
265 3
274 8
334 8
174 20
291 14
103 28
158 4
492 12
373 6
464 9
155 3
3 27
267 15
144 19
227 12
164 15
194 5
478 24
492 3
167 11
461 9
474 22
465 17
85 1
258 25
174 29
243 8
199 9
2 6
200 24
378 7
219 31
3 28
154 22
199 1
480 15
441 5
332 21
122 5
94 11
317 31
143 23
294 30
419 28
35 26
23 20
184 25
39 10
141 8
384 19
364 31
201 17
168 4
61 25
300 26
19 4
124 10
26 30
355 25
65 9
414 11
357 18
32 15

