128
75 26
176 25
266 1
133 24
79 30
100 5
284 15
98 23
237 28
64 22
105 19
160 20
348 19
361 4
333 4
172 3
213 23
243 6
31 28
413 5
381 8
485 8
358 2
22 2
449 9
204 5
55 3
353 19
241 5
266 10
408 5
184 4
135 7
302 17
154 6
125 26
282 29
49 3
394 30
233 26
358 28
98 32
150 22
166 18
14 7
167 1
219 7
245 5
277 14
369 14
315 9
167 32
453 7
235 2
284 7
39 9
106 25
404 31
142 26
348 8
500 11
280 11
365 12
423 29
273 4
274 12
136 16
35 17
154 13
138 25
439 13
281 20
369 8
2 18
105 2
17 1
364 1
27 28
24 25
220 5
444 1
88 8
136 26
20 5
243 9
281 25
37 29
77 25
96 30
415 5
279 3
9 10
431 15
369 15
335 28
307 3
136 2
210 11
367 1
263 1
89 11
494 30
455 6
30 11
351 32
455 2
79 19
271 5
349 16
167 7
283 5
313 7
366 18
41 1
454 32
45 27
198 26
20 17
311 13
407 2
197 9
143 15
175 13
135 27
256 6
57 7
274 10
309 16
447 29
428 13
356 16
295 6
214 30
58 8
214 16
37 22
176 11
36 18
296 23
76 19
324 12
293 5
205 5
292 16
154 3
256 29
43 2
414 28
215 23
131 8
138 12
394 29
50 1
366 13
303 25
452 18
277 24
427 25
49 10
336 30
289 3
62 31
492 28
290 2
150 28
190 24
291 7
304 29
363 2
241 30
314 8
143 30
288 5
423 28
139 30
389 27
349 18
313 4
129 18
250 31
373 15
270 20
21 9
208 27
446 24
48 4
492 7
349 31
111 23
114 25
381 18
231 21
303 11
420 16
144 29
414 9
107 3
384 31
255 11
362 21
242 17
312 1
451 24
363 2
283 24
14 3
181 13
243 12
139 14
119 19
35 8
3 21
214 22
472 20
180 13
372 1
445 31
358 20
195 32
309 5
48 14
491 32
270 29
415 17
98 5
43 20
416 29
477 21
134 28
153 17
132 16
437 4
59 18
323 5
366 11
433 9
157 15
344 18
359 19
186 20
143 4
292 3
476 16
391 17
215 31
477 18
419 18
273 29
59 12
433 20
430 9
40 14
139 4
364 1
494 1
156 12

