128
79 10
199 16
232 9
142 22
190 7
298 10
15 12
8 1
484 18
175 23
49 15
182 20
325 15
452 16
131 10
43 5
499 1
268 14
165 17
331 10
24 20
23 14
303 26
274 6
147 5
408 19
107 25
446 15
471 13
414 10
38 8
14 8
400 2
469 17
394 23
122 9
130 13
159 8
378 4
218 17
84 9
423 26
418 9
324 8
117 5
193 11
396 31
394 20
192 7
212 17
13 29
206 7
329 16
426 15
499 27
83 27
472 1
124 5
77 28
480 30
388 29
52 12
379 25
431 26
159 2
6 28
326 3
18 7
278 15
213 5
438 19
63 13
3 18
1 28
337 28
477 13
152 32
360 18
324 22
303 23
283 21
6 20
223 19
262 9
317 14
333 10
120 11
218 19
284 6
54 9
50 6
49 25
409 12
435 28
49 21
66 23
397 3
290 32
297 4
472 22
377 20
71 17
50 21
323 25
358 16
305 27
257 21
460 25
464 30
248 32
130 6
194 27
236 32
498 29
387 1
498 19
124 16
463 17
208 5
357 30
12 10
324 8
70 11
284 30
28 20
397 26
345 19
388 32
426 13
464 20
205 13
278 32
381 9
204 32
377 24
357 1
277 21
8 31
167 8
232 7
323 24
56 19
70 19
450 27
179 14
10 11
226 20
414 22
232 25
250 8
232 18
348 17
490 16
207 5
499 10
55 17
65 10
191 11
404 20
333 26
405 19
168 27
334 13
292 1
401 5
376 20
351 16
492 28
283 18
200 21
487 10
453 28
215 7
38 14
486 10
403 27
416 10
225 1
354 4
17 26
409 9
238 31
172 17
450 22
131 26
86 29
255 14
20 22
384 29
291 13
131 10
111 2
467 27
147 9
55 3
426 7
111 15
425 2
448 30
235 2
227 32
194 26
61 22
155 32
122 17
165 24
342 19
150 13
314 28
481 12
14 22
34 9
125 22
406 4
35 1
149 10
164 2
95 13
259 17
20 9
397 24
336 27
311 25
399 24
484 27
47 18
340 20
474 20
241 3
35 27
371 27
36 3
81 6
111 19
230 26
423 23
314 27
217 28
447 23
303 7
197 21
132 32
280 17
352 16
483 10
146 22
273 14
92 1
163 6
43 9
331 14
371 16
428 15
471 26
405 29
8 21

