128
333 16
163 13
301 11
7 18
261 13
440 15
460 2
71 30
262 8
329 27
343 5
194 28
263 28
441 1
405 31
4 21
394 10
57 30
488 15
103 29
447 14
131 11
487 2
88 1
377 12
223 16
121 4
147 15
416 23
7 8
97 26
260 2
379 29
387 22
231 13
318 6
30 29
288 8
150 23
116 6
143 2
97 19
106 31
497 5
385 15
44 9
216 7
174 10
323 8
311 14
48 17
83 13
429 2
445 10
448 28
307 26
398 4
56 3
202 12
375 23
258 18
419 1
276 9
418 27
152 9
4 4
61 26
128 5
11 4
270 18
484 28
48 29
183 23
87 1
7 5
323 28
434 21
89 13
185 6
159 13
86 14
388 6
303 31
486 1
143 23
271 2
35 30
210 17
124 28
453 22
108 7
98 21
16 14
101 24
43 8
388 1
273 19
126 28
346 16
240 20
218 14
465 24
31 18
321 31
321 25
136 12
48 5
320 27
270 32
466 5
31 22
293 28
332 10
83 25
29 18
16 31
36 32
350 10
5 30
220 29
295 28
104 22
440 7
256 18
47 1
374 13
426 26
84 30
435 30
138 28
192 2
414 15
337 15
144 18
285 32
18 3
71 22
272 26
248 7
423 2
451 32
75 29
313 22
338 28
28 15
63 3
332 16
149 17
90 8
10 10
155 15
304 1
352 3
439 32
453 5
97 16
9 15
484 29
181 5
420 24
499 14
130 3
457 10
499 27
421 20
272 24
238 16
4 6
2 18
393 27
7 5
62 27
160 21
187 24
69 15
251 11
292 8
397 25
9 31
499 1
254 22
60 20
49 16
285 23
209 29
209 23
17 26
433 20
18 8
219 6
430 25
4 17
200 29
321 16
295 27
193 13
441 8
96 21
167 24
391 24
408 27
294 20
72 31
452 1
198 18
378 27
343 22
347 10
134 20
454 12
338 10
180 30
397 23
267 8
6 29
291 1
460 12
189 11
310 28
324 15
365 17
485 23
286 20
249 23
351 26
199 20
199 26
318 19
357 4
10 30
444 24
479 23
236 19
286 13
362 13
256 26
13 4
433 3
423 17
69 29
86 27
165 12
201 2
230 5
417 24
474 4
391 32
263 18
322 28
227 31
360 26
261 4
73 9
226 20
429 31
472 2

