128
422 27
414 9
203 10
179 30
5 32
102 18
266 31
149 11
203 2
205 32
422 3
31 4
342 1
248 28
314 17
406 7
7 3
203 5
465 18
131 13
1 28
327 6
230 19
220 17
441 25
12 18
435 7
133 24
203 28
8 1
472 1
307 23
83 22
39 15
243 29
220 23
401 26
361 18
224 12
266 32
356 18
229 31
172 5
418 30
92 9
446 12
189 5
42 12
262 28
22 32
101 21
98 17
342 18
186 26
390 4
433 1
81 10
387 12
374 21
329 14
433 7
381 6
379 26
245 4
205 10
347 13
63 24
361 12
106 31
321 7
350 30
91 22
267 6
385 20
338 9
457 22
339 25
243 25
110 11
208 7
457 30
323 19
350 16
126 31
230 3
153 15
52 11
360 6
424 4
309 9
308 26
383 27
454 25
67 4
464 15
230 24
180 28
142 1
87 7
187 24
65 3
246 8
434 9
137 29
404 6
322 24
63 4
62 16
328 4
283 31
254 28
62 30
416 31
166 2
174 29
170 14
395 31
58 12
76 2
389 19
491 14
42 5
265 27
273 12
83 7
235 16
419 32
121 26
55 11
187 4
195 20
169 5
327 6
121 26
272 25
232 14
422 22
167 22
228 7
481 14
345 11
498 15
215 10
448 9
108 3
200 26
342 28
243 8
446 15
421 9
223 13
478 12
278 8
33 17
286 1
19 27
80 28
245 22
337 17
266 25
327 9
98 8
184 16
40 5
54 16
345 4
464 3
475 29
170 15
302 24
372 12
290 27
187 26
96 11
226 13
171 28
177 21
424 24
460 19
341 2
274 9
345 30
211 20
34 21
326 7
40 17
6 29
499 24
214 26
419 32
306 5
343 26
357 30
46 29
80 14
34 18
422 2
147 1
49 8
217 23
367 32
423 32
288 18
268 17
367 26
292 17
274 11
358 23
252 27
151 24
140 16
389 30
413 23
46 6
418 18
40 12
73 2
360 12
87 3
212 30
312 12
330 25
490 23
67 29
294 1
424 25
252 28
346 1
50 19
330 16
208 1
455 20
34 6
491 21
292 27
426 3
410 31
40 27
145 10
491 6
27 11
223 26
430 20
146 24
15 31
151 10
47 1
2 1
271 28
201 14
398 6
369 27
232 12
57 24
217 12
18 31

