128
53 14
458 7
37 6
42 8
223 27
115 3
422 31
125 27
488 15
134 15
385 1
486 19
236 23
35 29
207 30
32 11
47 6
225 32
435 22
143 25
201 1
216 18
367 12
24 6
86 21
376 30
462 13
28 5
404 2
473 18
183 25
72 10
50 12
17 8
414 15
345 18
267 28
87 13
251 15
190 32
323 6
9 24
130 12
184 21
302 29
346 12
217 1
417 18
417 29
101 14
295 25
147 25
4 1
45 26
399 23
441 18
4 21
357 13
41 5
370 14
49 7
177 21
336 14
382 20
378 30
137 21
427 31
85 10
219 18
388 14
68 28
191 3
481 7
55 17
439 16
214 11
343 22
103 30
335 4
485 13
318 17
89 24
255 13
377 13
6 4
442 5
296 24
143 16
383 22
148 9
325 29
160 27
102 18
400 21
450 8
353 23
4 1
214 6
317 14
435 11
58 12
395 17
212 22
480 2
439 31
266 15
339 29
134 12
243 1
80 4
269 32
162 32
224 7
234 13
168 24
363 5
247 5
429 6
498 20
403 4
386 17
403 12
149 28
368 27
272 23
434 4
231 23
164 22
173 9
198 17
268 24
65 2
21 10
324 22
253 14
158 15
98 12
214 11
299 17
137 2
232 3
462 30
369 9
119 22
225 21
382 16
228 26
5 8
143 24
470 32
406 23
386 3
38 7
101 8
236 18
109 31
12 14
280 12
46 14
273 6
214 6
113 14
156 6
393 2
149 18
397 2
488 14
261 9
85 17
416 12
302 25
138 21
94 5
397 28
314 1
113 20
27 22
25 6
195 21
331 23
279 8
249 14
9 29
495 9
73 6
116 15
286 29
391 4
169 3
223 19
308 31
66 10
60 6
15 14
358 21
449 32
72 29
106 17
261 4
377 5
361 13
59 7
97 22
230 10
236 8
452 27
286 1
228 26
458 18
303 31
87 11
303 2
3 12
442 31
359 11
96 23
367 22
69 31
455 6
80 3
101 3
437 19
399 1
436 8
258 18
375 24
193 5
206 3
436 11
310 30
21 5
216 11
262 17
350 5
286 17
463 3
312 3
477 22
415 32
122 21
353 4
368 13
24 5
444 23
276 17
456 4
361 7
35 14
159 24
394 13
16 24
35 27
107 3
93 29
274 14
45 18

