128
476 3
328 3
62 13
483 23
311 23
193 23
82 27
303 32
360 8
354 31
409 14
423 6
151 19
312 23
2 9
396 5
439 32
391 24
60 26
3 30
216 23
301 14
49 11
353 4
435 22
119 7
72 9
200 22
239 11
180 16
311 24
272 29
3 27
101 2
240 3
283 3
1 19
104 10
38 28
309 16
366 15
314 21
171 1
362 18
80 22
353 30
321 21
491 3
287 15
384 2
397 2
332 9
101 20
298 18
391 31
461 32
385 22
396 4
490 30
317 1
151 21
459 31
145 25
145 23
243 4
308 23
397 28
239 25
427 17
338 29
347 10
277 27
423 16
490 21
429 18
333 31
179 19
401 15
443 29
106 17
424 29
175 5
404 6
21 6
154 7
499 4
8 31
82 15
446 28
195 27
81 23
305 19
374 22
82 20
102 7
353 18
451 11
402 27
144 18
388 5
132 2
148 8
12 6
422 14
5 24
36 13
346 32
196 23
249 1
387 7
315 15
432 9
321 13
323 9
254 3
465 22
448 21
377 4
46 18
121 26
265 24
338 22
199 5
33 12
161 23
354 11
361 9
444 29
117 22
497 18
328 18
459 28
278 3
87 31
484 15
76 28
214 29
414 28
298 30
63 6
216 24
137 24
52 4
460 20
197 25
242 17
122 12
300 15
239 10
73 2
444 4
26 29
412 15
272 1
236 31
19 31
454 23
230 22
86 9
25 18
349 14
306 10
170 13
220 8
194 4
185 13
143 6
145 7
500 1
115 31
307 13
37 20
139 18
117 28
307 18
358 27
463 15
329 24
120 28
243 17
44 8
302 6
489 6
92 1
418 19
223 4
43 28
336 2
229 32
109 7
297 10
394 16
129 6
95 20
121 6
264 32
117 1
202 25
67 17
445 12
203 24
60 2
131 7
279 31
198 31
450 23
205 7
458 1
416 12
284 12
241 23
404 29
168 17
314 30
249 14
421 4
129 24
197 23
226 7
322 4
65 27
122 13
317 31
453 12
130 32
471 27
487 2
79 14
330 12
91 19
354 19
30 30
343 26
445 8
404 10
343 4
240 4
89 4
42 29
139 12
481 5
246 19
335 28
324 24
68 10
242 1
276 31
254 6
200 18
38 23
315 24
275 30
196 11
461 29
255 15
112 3

