128
151 10
30 16
221 19
292 3
339 32
279 12
221 19
46 1
427 8
256 19
266 7
440 7
262 2
461 21
9 9
333 3
391 6
370 7
141 13
69 7
136 15
115 20
126 16
45 24
367 20
95 20
406 14
378 20
307 31
332 11
407 4
325 25
229 30
408 1
207 8
348 22
27 26
50 24
473 30
203 31
97 25
174 10
182 12
373 20
94 4
6 16
71 10
297 16
376 8
168 18
383 23
275 5
180 16
60 24
121 11
194 29
411 8
71 9
123 3
136 28
351 26
67 13
175 19
72 10
270 12
483 9
458 2
413 18
137 9
493 30
87 31
178 21
258 32
145 24
395 25
299 9
126 29
369 20
432 17
202 9
32 24
205 29
145 30
478 10
442 23
243 24
9 32
80 26
20 9
349 2
357 3
362 18
215 30
133 14
170 2
199 9
370 7
42 18
224 19
499 9
193 1
248 29
161 12
170 32
404 6
445 20
16 10
445 7
35 9
376 21
263 10
109 4
33 2
349 20
373 16
125 29
440 28
470 16
199 15
131 26
9 15
65 28
380 17
254 31
438 22
323 4
259 15
35 15
285 27
399 5
82 31
425 26
394 26
121 1
385 24
398 29
178 7
268 30
471 26
28 16
207 14
459 13
132 25
108 12
228 30
276 29
28 17
330 21
446 31
217 18
406 15
426 27
429 6
344 11
419 19
159 13
72 13
441 28
314 20
323 25
405 23
349 12
151 11
57 16
185 21
130 30
91 15
24 23
100 16
270 18
442 28
346 2
100 23
421 13
186 3
453 27
193 26
226 31
36 6
291 12
407 16
309 29
326 32
220 18
255 21
147 17
120 1
62 23
131 14
132 32
76 8
110 9
441 32
463 4
117 21
195 31
24 23
76 2
39 15
127 5
135 21
341 18
469 6
324 11
87 11
267 3
243 4
135 19
63 17
159 8
54 5
258 9
60 1
130 18
127 28
94 17
233 11
218 5
40 10
300 3
348 26
141 6
145 15
125 32
427 15
91 4
487 12
261 14
33 22
495 27
498 21
124 2
375 13
282 14
234 21
392 10
350 20
23 11
362 7
258 1
429 16
120 8
47 16
313 7
122 20
90 23
100 13
200 6
405 29
91 15
266 3
72 31
70 6
313 24
93 18
220 1

