128
354 20
486 21
381 11
236 21
134 8
456 19
276 18
245 21
73 30
398 25
138 5
488 14
500 25
355 23
460 26
409 26
373 18
130 21
341 2
33 6
45 25
348 1
266 5
89 30
38 14
247 27
50 10
269 9
478 7
168 2
240 16
103 12
174 8
217 30
301 9
339 18
441 27
18 11
483 6
248 32
147 30
399 5
431 3
245 9
141 12
198 8
192 4
343 29
235 19
230 20
12 28
233 28
106 22
362 20
59 14
164 13
455 14
253 18
80 30
146 24
113 3
451 4
346 17
372 16
408 25
467 31
21 7
74 10
300 32
418 22
397 17
267 23
494 19
88 13
368 1
144 25
427 2
488 8
442 28
204 21
312 26
119 8
221 13
310 28
480 15
82 24
159 20
78 28
218 22
428 22
102 11
270 25
368 9
152 29
468 23
10 24
377 4
111 17
320 16
468 27
350 29
26 28
100 32
363 22
473 30
255 10
64 24
454 19
484 2
92 4
312 1
83 8
80 25
488 20
169 4
50 6
208 32
378 16
383 24
477 19
234 15
132 29
458 30
80 5
43 31
244 22
123 2
246 2
75 21
453 3
392 3
260 24
134 9
259 32
433 11
74 22
317 13
314 30
142 1
418 8
415 10
242 29
191 27
443 5
423 19
7 7
101 15
266 22
459 4
101 23
110 6
408 6
83 30
403 28
466 4
260 29
333 1
473 24
43 23
140 9
162 3
131 30
117 12
348 7
271 8
318 28
474 9
9 32
298 3
131 4
83 30
200 19
94 24
438 24
439 6
453 24
428 15
213 24
331 8
470 9
8 27
185 29
12 5
388 9
104 22
424 14
112 11
452 17
147 10
45 17
171 9
36 22
431 28
493 17
308 10
214 19
101 30
499 8
442 10
272 9
107 28
434 18
22 22
127 8
479 11
104 13
19 31
98 9
387 14
62 30
403 19
212 27
376 30
466 17
299 18
214 5
137 15
179 18
384 25
178 2
327 17
214 21
420 15
145 10
104 22
203 19
184 22
361 23
327 15
228 25
268 1
233 12
291 19
265 19
67 22
240 13
75 2
441 22
468 30
3 12
495 5
430 27
322 10
89 12
172 24
124 23
460 32
46 7
471 31
481 29
252 12
134 26
377 10
23 29
363 13
416 26

