128
116 6
240 17
397 2
386 7
345 7
177 17
167 4
18 14
311 15
13 15
172 3
394 19
129 25
377 12
92 4
17 11
349 28
155 21
134 13
399 10
459 19
186 21
102 24
203 1
30 11
259 10
397 16
348 26
440 16
497 11
395 6
441 28
473 16
340 30
340 11
435 14
313 1
126 19
380 4
179 29
246 1
462 27
292 1
20 23
236 24
465 3
85 21
226 30
204 13
367 31
155 2
396 20
478 14
234 25
201 24
469 31
52 27
293 7
443 12
425 11
383 29
161 32
497 10
229 21
302 23
299 13
100 31
276 25
216 5
285 28
124 6
66 19
36 18
221 26
373 21
8 32
237 16
75 1
405 27
137 15
249 8
15 9
482 26
129 17
2 18
316 25
371 6
151 22
443 3
235 20
367 19
275 7
262 17
39 27
3 28
225 27
463 3
303 8
380 4
492 25
49 3
357 11
392 27
176 31
229 14
354 19
4 4
401 2
328 31
284 30
466 4
432 28
246 27
371 1
370 26
209 18
373 9
188 4
423 27
302 31
124 19
301 8
134 9
245 9
343 4
142 1
387 30
88 12
364 31
460 21
24 4
2 20
436 1
216 14
51 25
212 2
376 28
5 1
268 17
174 10
480 15
270 26
444 6
201 3
20 16
391 27
31 28
143 30
432 6
27 22
78 22
360 9
453 32
314 20
317 19
182 4
5 7
366 13
160 2
107 15
78 6
426 4
93 24
278 29
129 12
358 26
394 9
11 18
285 12
418 25
162 3
100 30
253 25
318 21
383 25
295 12
274 12
271 30
491 16
242 31
204 12
177 29
20 27
146 28
10 19
256 3
365 16
40 30
172 10
234 2
134 20
217 31
100 28
476 2
91 22
61 6
169 25
94 20
275 16
344 24
154 3
158 23
306 25
340 26
258 5
235 3
452 8
1 23
495 29
345 13
398 25
231 18
493 20
105 3
415 20
254 5
47 19
291 8
311 14
33 13
54 28
163 9
275 16
112 5
196 24
57 29
212 3
158 32
463 18
26 25
62 27
149 28
41 23
163 23
272 4
123 21
167 18
34 1
5 29
413 12
304 21
292 3
108 21
422 14
414 3
150 11
77 3
286 9
89 9
319 29
496 2
37 10
431 14
306 19
270 14
486 29

