128
345 16
14 31
264 30
62 26
357 11
187 3
276 6
41 18
240 28
365 18
322 12
222 14
310 23
134 28
15 10
86 23
149 8
25 24
181 27
266 13
421 20
52 1
54 28
206 21
459 11
495 24
126 8
189 3
118 2
250 32
263 3
490 3
138 11
27 15
305 12
207 9
299 10
125 24
349 27
349 28
253 19
143 26
58 24
16 24
357 25
159 4
303 13
234 5
219 32
111 27
255 13
451 10
427 12
257 27
258 13
286 10
299 9
91 25
464 30
384 24
222 6
291 16
394 1
316 8
488 6
486 11
95 5
148 9
216 20
499 21
361 25
186 31
65 32
367 32
85 6
199 18
496 18
33 29
218 21
353 17
126 6
299 12
478 14
296 25
202 23
369 2
431 10
72 15
33 23
374 5
40 4
274 7
413 23
276 6
7 8
187 4
169 17
408 23
135 3
191 32
349 28
249 7
317 32
125 14
110 2
466 18
422 8
36 26
398 27
20 8
290 22
239 15
394 26
457 4
53 19
215 21
410 3
180 19
487 16
76 24
6 17
449 23
484 1
316 21
499 15
488 29
40 7
99 10
76 15
313 28
405 16
29 15
194 12
393 20
215 32
480 12
212 20
350 8
264 18
428 15
500 24
403 4
346 21
177 29
259 25
253 3
220 9
181 26
192 17
297 14
244 24
330 32
204 27
3 31
344 2
81 12
49 23
87 22
335 27
371 13
455 11
460 27
255 32
292 6
417 32
203 32
364 12
467 3
63 5
237 18
103 14
453 31
152 11
249 15
153 7
283 24
241 10
486 3
86 5
292 26
364 26
13 27
230 24
497 12
152 30
401 2
51 26
257 14
96 21
392 9
475 23
60 11
120 17
413 9
173 20
410 24
401 27
467 18
106 15
125 13
196 26
363 22
83 15
152 22
475 31
130 29
217 29
367 21
437 19
393 1
334 31
349 18
429 11
216 10
129 32
494 5
69 4
274 11
474 29
33 20
468 30
248 16
407 22
224 7
96 1
304 13
123 32
15 23
318 2
288 2
273 21
122 26
137 32
48 10
172 4
262 23
446 13
27 28
327 10
46 10
70 9
203 8
204 21
446 17
150 29
319 22
218 24
319 10
335 19
167 19
298 16
497 23
141 15
298 31
125 20
240 2

