128
402 28
64 26
140 20
190 22
235 1
421 19
360 26
72 7
370 6
432 22
471 3
196 4
399 12
424 28
395 5
367 20
236 14
34 12
209 3
261 15
68 22
218 19
239 21
426 4
434 29
93 12
283 5
63 10
324 15
381 2
51 19
70 18
380 3
13 32
177 30
235 8
159 16
171 1
92 20
208 29
156 28
429 15
292 23
472 15
329 28
37 23
302 6
369 13
208 5
120 12
358 26
128 20
157 14
116 12
97 23
273 16
475 17
42 18
43 21
381 12
216 17
454 29
374 10
49 29
407 21
316 16
226 27
336 23
444 23
130 8
274 10
144 32
454 21
13 1
50 17
424 25
13 13
134 22
403 30
170 5
54 26
128 32
132 23
14 28
414 23
319 27
397 26
286 26
147 10
402 24
247 5
312 27
54 5
349 8
331 2
320 20
207 31
367 15
262 8
118 3
375 12
65 31
398 22
472 20
351 18
443 25
50 26
412 7
403 4
262 1
481 25
320 32
380 7
378 13
418 23
167 12
282 11
62 7
432 2
426 30
111 4
83 8
474 10
467 28
457 28
460 17
161 15
476 12
169 29
180 3
51 6
230 21
76 24
215 15
29 21
492 11
360 2
2 21
271 32
60 23
196 11
16 16
354 23
247 14
48 18
460 6
475 30
134 6
481 21
260 13
193 31
351 32
29 8
89 11
320 4
378 3
371 9
74 8
383 12
97 18
301 5
380 19
246 17
176 22
213 11
438 13
37 24
309 9
491 1
364 6
396 21
380 18
133 25
193 27
476 14
149 32
346 4
402 19
244 9
168 25
11 9
213 28
448 17
112 30
269 23
452 21
419 11
134 7
488 31
270 7
468 14
443 29
149 24
255 4
421 22
200 19
230 1
478 29
285 18
466 2
268 29
422 19
452 27
89 11
233 26
105 4
331 23
364 23
391 14
75 15
391 22
93 32
38 15
500 7
364 22
80 7
86 29
21 25
55 18
179 16
171 20
191 18
330 19
184 24
24 2
382 3
384 7
90 13
397 30
447 20
259 26
94 4
26 19
85 13
76 31
424 14
46 14
451 28
20 7
447 32
96 25
14 31
155 3
104 19
44 30
14 18
428 31
498 13
221 18
89 20
344 20
246 2
478 32
117 1
182 15
244 14

