128
420 32
430 4
328 29
351 10
386 23
470 4
135 12
272 15
170 21
341 29
469 18
14 8
417 31
84 13
294 10
54 2
41 7
61 1
7 31
258 16
477 31
491 23
278 27
274 27
403 2
216 15
399 13
167 3
55 6
151 29
327 12
414 24
38 2
440 21
88 1
288 21
479 23
27 8
41 16
54 31
265 25
17 3
201 3
329 16
284 19
456 23
34 9
182 16
46 5
116 9
373 7
49 3
33 8
458 13
79 11
219 8
336 24
358 8
270 15
495 2
221 2
220 31
374 5
178 19
225 17
404 13
399 24
151 20
379 24
356 22
174 11
153 5
14 6
397 27
252 3
40 21
397 19
227 14
11 32
189 31
400 28
387 6
247 25
433 18
348 25
435 18
67 3
382 4
300 2
66 28
373 26
24 9
216 2
38 3
209 22
17 16
373 12
109 4
292 14
97 20
34 27
365 8
321 26
31 4
376 8
375 32
405 14
368 13
351 29
51 15
187 15
370 3
322 19
30 30
224 26
309 5
360 21
208 16
418 22
4 9
37 18
392 30
128 15
414 14
368 24
241 30
234 26
464 32
440 6
225 11
471 13
419 19
205 26
362 14
67 21
119 12
95 30
397 6
473 18
51 24
125 15
245 14
253 20
117 20
53 9
207 24
225 13
58 21
103 11
107 21
136 25
124 6
86 8
303 2
181 29
249 1
348 13
367 20
405 27
291 25
28 5
184 24
474 25
385 24
12 15
448 3
215 12
80 28
443 18
62 12
438 22
132 25
7 26
384 3
185 19
219 24
375 11
315 8
495 27
127 6
189 11
4 15
498 15
259 8
168 8
119 14
481 31
242 31
100 18
397 12
4 28
347 26
222 18
78 8
212 32
74 21
130 21
359 31
364 13
123 3
436 25
488 17
491 22
107 15
207 16
78 10
323 29
291 16
290 4
111 25
424 4
253 13
113 16
32 28
80 18
358 16
246 14
136 1
279 14
31 9
97 8
398 7
236 20
166 17
408 13
378 27
312 22
383 8
93 18
103 1
271 1
40 13
10 15
105 16
268 27
476 25
446 9
487 6
60 21
58 19
281 31
149 16
65 20
220 25
297 26
181 8
486 8
436 7
98 32
486 18
174 13
434 27
333 8
152 17
276 22
63 28

