128
105 31
200 32
38 5
38 16
85 11
275 19
469 28
177 15
425 28
3 20
111 16
396 22
1 20
451 3
21 17
85 9
467 4
157 16
292 22
119 29
112 22
419 8
489 20
222 13
175 29
304 5
228 4
79 17
255 5
279 7
369 28
456 3
203 24
190 7
9 17
223 12
202 17
52 22
440 9
158 18
349 2
399 17
13 17
9 27
61 19
98 9
354 17
115 13
368 28
403 20
464 21
347 17
469 18
410 9
23 8
22 31
29 16
151 13
100 15
11 20
298 8
440 15
12 6
411 31
62 13
106 13
141 17
42 6
202 3
370 28
18 7
299 18
15 9
290 22
108 5
126 25
112 5
111 4
323 2
206 12
38 20
408 15
116 21
344 5
252 1
245 1
455 27
19 29
491 16
83 26
312 28
206 32
476 25
251 10
42 4
33 7
119 13
313 26
241 8
403 24
368 31
113 15
41 11
143 27
290 29
333 14
136 6
229 24
58 15
113 23
138 22
382 9
438 18
342 2
202 32
374 1
94 18
243 22
116 26
221 21
462 5
210 14
294 14
413 8
120 5
154 14
22 27
218 27
81 23
341 6
7 22
202 20
51 21
290 2
182 26
274 3
414 24
444 7
125 20
410 1
233 12
58 18
450 3
417 18
185 9
311 15
322 29
143 4
309 12
389 30
293 26
188 2
349 16
264 22
191 22
422 27
89 3
381 6
105 25
420 29
405 14
480 30
446 14
449 26
257 5
447 29
350 23
254 15
470 5
24 8
394 25
435 26
275 15
372 31
315 23
19 7
224 6
148 14
323 4
275 11
284 30
127 5
60 4
183 25
101 22
40 2
354 2
328 8
492 27
210 22
193 1
376 20
78 31
85 25
470 8
479 9
285 10
386 24
337 32
224 21
126 15
283 3
441 18
311 32
12 16
90 28
248 17
471 22
340 16
226 17
119 16
62 27
161 7
450 6
218 1
490 27
139 16
26 31
85 8
363 12
207 20
151 7
268 22
484 19
381 9
268 27
116 29
457 17
479 6
330 8
282 15
391 20
443 32
351 31
455 17
327 29
16 17
467 7
302 30
242 10
362 29
384 30
189 24
106 27
97 3
214 2
105 4
150 15
223 8
426 9
416 24
338 27
432 8
65 14
458 26
119 11

