128
362 28
402 13
420 7
292 32
298 6
394 19
349 25
482 12
84 10
202 4
116 28
139 5
389 13
372 2
121 23
242 14
398 12
459 5
462 6
128 28
267 17
174 32
25 27
59 32
184 20
200 31
143 14
99 23
438 31
48 26
165 14
244 7
433 2
83 10
155 15
357 18
435 19
241 8
389 27
123 17
410 10
223 29
363 18
287 16
496 11
210 4
476 17
426 16
358 21
5 24
423 30
285 1
448 25
20 28
175 15
260 1
168 27
341 15
8 15
182 27
165 7
366 16
399 8
399 8
4 24
268 30
321 8
486 4
429 6
455 19
500 11
39 11
401 15
49 16
210 23
466 22
177 7
366 20
326 4
331 9
223 26
458 15
354 4
310 2
153 17
88 28
183 7
170 31
357 31
194 18
5 23
144 17
193 13
108 11
476 31
51 11
240 25
241 25
156 11
430 4
19 14
311 21
144 4
487 8
402 32
270 22
42 1
439 18
125 10
104 28
188 15
150 32
367 31
76 2
145 18
329 3
23 3
67 18
322 9
369 8
84 18
481 29
254 3
210 30
169 10
330 20
172 31
487 30
73 11
411 5
68 3
83 26
81 29
107 10
201 3
477 12
169 14
260 6
432 22
4 28
135 29
308 22
163 2
47 24
356 17
304 7
251 3
216 23
35 10
84 4
1 17
371 1
74 23
294 13
100 9
105 10
481 24
243 32
409 17
231 5
449 18
391 19
272 11
381 19
280 8
246 32
228 4
152 21
246 6
158 5
446 10
282 19
377 12
274 25
16 8
253 28
241 8
162 13
102 22
23 5
210 20
365 21
383 4
442 17
165 11
177 23
64 3
241 20
186 26
428 10
221 9
17 25
176 19
325 1
424 3
361 5
466 9
274 13
445 3
181 21
17 17
275 32
19 19
75 1
380 30
110 12
386 14
265 21
360 9
41 8
140 26
472 1
330 5
305 14
163 9
87 19
46 13
314 12
376 4
472 11
242 21
411 7
263 27
392 2
467 16
109 14
37 21
63 11
177 27
492 32
56 26
222 29
439 4
16 6
423 20
124 8
272 6
143 10
60 10
8 3
317 20
484 2
48 30
72 1
265 3
416 28
141 17
124 3
24 31
96 27
478 23
314 26
105 16
487 28
193 14
394 18

