128
166 26
310 7
234 13
20 13
216 26
87 11
388 8
164 4
64 9
335 12
146 17
348 14
332 13
291 22
460 1
251 9
126 4
16 7
380 15
31 4
220 29
298 11
224 25
42 23
321 5
239 19
61 26
204 20
478 22
58 25
315 28
413 16
71 16
355 15
18 9
250 5
354 31
47 9
359 29
364 23
169 2
201 21
39 9
176 32
250 17
156 20
392 24
208 11
200 26
265 5
446 10
158 7
116 24
228 30
496 15
356 20
396 29
448 10
313 16
301 2
208 32
478 12
375 25
414 30
98 14
143 19
247 12
46 30
207 9
187 23
67 14
70 6
302 18
395 14
493 23
380 32
2 5
3 12
245 32
154 14
297 12
88 3
299 25
404 25
109 26
59 23
336 25
488 17
350 10
455 10
280 14
245 21
42 20
213 14
15 10
331 32
365 26
354 11
403 2
19 19
403 18
38 2
58 5
79 19
259 17
100 14
218 4
23 15
443 3
248 10
452 22
269 32
495 10
478 1
435 12
112 6
277 29
427 6
173 25
92 15
389 19
173 6
239 31
216 13
281 15
490 12
392 30
399 19
436 20
339 18
75 6
411 28
98 30
37 3
194 25
257 31
23 13
40 1
327 24
146 11
422 3
42 10
449 32
256 8
167 14
457 18
396 16
445 21
57 13
319 2
461 8
36 16
356 4
448 31
387 29
141 32
432 31
325 32
474 4
115 17
378 31
234 5
290 14
117 26
10 16
448 31
363 27
306 10
262 29
252 24
198 17
308 25
279 32
360 12
268 30
244 21
396 29
269 10
6 17
383 4
172 30
486 22
17 15
104 22
395 7
130 4
451 5
72 5
124 19
333 7
108 12
35 12
257 19
393 18
392 23
129 3
457 22
449 13
108 24
454 15
462 15
298 21
371 14
345 23
4 9
237 16
457 24
319 29
278 15
326 13
485 3
84 25
420 8
117 28
287 7
234 28
5 27
364 8
252 9
74 8
89 26
219 5
433 17
461 27
247 15
231 3
93 22
376 8
197 32
243 27
414 12
435 27
359 6
146 14
210 31
217 31
28 11
399 9
175 4
23 25
498 9
356 2
419 23
305 27
74 12
450 28
227 12
406 29
385 23
399 31
121 31
97 12
254 31
312 4
206 22
201 19

