128
434 31
296 12
319 31
242 25
241 8
385 17
38 12
450 30
98 15
99 20
227 23
109 2
395 26
346 14
428 3
154 18
9 5
73 23
192 6
484 28
193 4
480 30
375 6
327 29
296 17
388 2
147 21
215 1
86 9
306 1
323 16
78 12
260 14
10 23
315 17
87 32
64 30
441 3
495 24
263 23
248 14
16 15
498 27
287 15
143 29
300 13
256 1
296 31
379 26
318 1
2 8
52 30
469 29
4 8
464 30
458 27
119 21
309 13
55 24
255 17
244 10
162 31
283 21
365 25
466 18
353 24
437 25
33 30
453 20
425 8
357 2
330 27
58 11
295 5
438 2
309 21
455 18
179 21
131 15
397 20
429 6
415 25
210 31
474 18
38 26
429 2
131 26
221 17
248 3
301 5
416 9
217 15
431 11
459 1
142 16
8 26
161 31
286 18
73 8
31 15
9 27
356 28
420 12
32 24
443 32
56 18
144 21
284 2
371 3
486 24
302 22
433 6
120 3
183 16
182 25
6 10
375 14
33 6
289 16
313 7
247 25
293 23
493 24
316 11
170 26
79 11
499 19
136 2
433 6
13 30
382 15
156 16
380 12
402 20
252 18
251 10
286 19
92 22
470 24
345 4
61 3
314 31
137 30
380 10
119 16
387 1
410 14
312 25
82 5
309 21
131 7
34 32
305 30
398 2
385 22
117 5
368 19
207 12
84 2
277 18
477 28
258 15
409 2
379 2
134 19
26 28
449 20
384 17
37 17
379 5
226 23
69 29
277 11
300 24
212 29
414 28
444 27
278 32
240 17
194 2
195 23
341 28
278 24
396 26
356 30
438 13
121 6
25 29
132 17
257 27
253 30
383 4
192 32
399 20
316 4
157 19
311 17
6 4
73 25
458 16
27 27
361 11
105 5
395 16
61 27
431 1
172 1
212 16
324 7
295 16
406 23
206 4
151 15
8 15
463 5
355 29
63 27
339 31
303 14
255 20
384 25
380 32
201 24
271 24
406 17
219 7
219 8
379 13
134 18
296 29
54 26
289 20
216 32
487 18
213 1
85 20
129 25
3 17
260 1
56 13
41 15
327 23
50 29
332 12
294 31
336 3
128 32
19 11
455 9
416 11
97 1
115 1
317 17
109 8
94 24
92 2

