128
439 5
399 28
161 22
126 24
297 16
240 24
145 28
19 3
189 19
486 8
459 10
489 27
416 17
266 28
396 31
286 15
491 16
498 4
238 3
339 22
150 22
89 3
37 3
201 13
257 15
220 7
356 32
133 23
184 2
127 12
8 16
470 3
448 3
354 5
145 32
218 23
121 6
293 5
116 29
437 29
31 4
439 3
215 4
9 19
321 11
34 5
399 23
31 26
173 12
382 29
279 23
463 31
108 11
111 3
100 19
299 18
202 2
368 24
13 13
370 9
363 7
13 17
109 19
310 21
278 7
302 8
493 4
306 24
371 8
175 22
462 25
451 15
414 27
135 30
47 16
259 29
111 19
374 19
166 23
204 3
78 25
499 26
120 16
170 10
72 12
311 17
20 6
252 30
284 6
211 6
93 1
442 11
92 15
126 25
202 5
51 3
185 5
200 24
57 13
146 12
416 32
364 28
421 27
73 4
204 19
385 21
252 11
351 7
345 28
303 30
8 25
380 28
106 28
348 18
300 21
141 32
152 24
355 25
323 19
128 18
209 5
322 24
191 5
358 7
204 28
137 32
217 4
255 18
95 14
483 7
298 31
314 22
330 32
374 8
446 9
178 22
13 31
170 27
227 11
442 3
391 6
142 27
445 28
428 8
202 14
490 11
88 19
448 1
174 13
69 3
174 2
476 2
448 5
93 3
24 30
105 22
315 6
372 11
197 27
354 10
264 31
249 19
497 20
267 2
221 27
140 22
284 28
431 28
112 19
406 15
408 2
252 18
311 19
333 7
477 14
257 20
381 5
442 29
52 25
399 24
247 2
17 15
5 4
262 29
470 7
455 6
232 15
451 14
385 19
252 14
321 4
453 13
216 7
281 32
307 7
391 17
69 4
83 5
207 8
41 28
66 12
405 21
258 24
42 26
490 22
355 10
5 8
214 1
406 31
340 12
377 22
116 13
341 27
370 31
246 18
75 16
109 27
108 22
186 6
212 28
295 22
189 19
429 27
371 10
101 18
397 29
144 17
422 32
415 27
383 12
404 25
471 9
139 31
82 5
432 13
352 30
415 4
228 31
294 3
29 22
12 29
223 27
141 28
491 23
286 25
215 1
33 29
405 3
319 7
347 30
483 6
31 21
90 11
92 7
61 28
129 32

