256
169 13
85 30
262 32
71 5
268 7
293 2
158 27
280 25
16 1
453 16
49 24
164 10
170 28
453 7
245 22
115 29
14 31
27 15
419 13
323 26
95 3
499 16
118 15
345 29
107 29
120 15
181 19
56 6
307 8
308 3
425 30
463 30
325 25
65 27
437 31
280 24
206 15
135 31
261 15
159 11
480 6
226 32
412 17
361 6
141 17
268 21
442 7
3 10
71 31
360 4
305 24
243 30
122 1
184 2
412 22
100 27
323 5
402 19
106 30
304 14
430 32
162 28
154 20
341 4
82 9
287 15
396 1
100 5
110 8
102 17
181 17
411 24
378 4
90 11
425 1
432 15
316 25
430 5
109 14
397 30
26 15
132 21
64 24
141 17
219 30
45 27
295 11
254 4
470 27
6 14
236 5
100 27
233 5
224 9
151 8
235 8
154 18
449 5
301 21
93 7
183 21
122 1
295 19
148 12
70 17
158 9
145 21
59 17
286 2
70 12
253 32
315 31
373 15
327 26
56 24
396 22
260 1
66 11
244 25
318 1
69 15
469 29
84 11
441 29
161 6
360 21
17 26
171 22
141 22
415 12
121 14
137 24
31 22
286 2
266 24
438 22
282 10
250 9
136 30
85 32
52 12
209 8
322 7
309 14
80 11
361 8
237 25
284 7
198 1
244 27
24 9
500 30
290 1
22 5
438 11
73 1
402 25
409 27
363 5
36 27
292 32
494 8
244 1
498 5
346 21
107 25
125 14
378 14
206 28
190 12
358 22
336 27
246 20
186 13
313 29
51 8
321 8
187 20
173 28
209 10
128 23
90 12
273 24
17 18
219 10
325 24
24 9
38 13
256 7
229 20
296 31
375 32
175 9
179 15
448 11
68 19
54 25
178 6
476 22
7 2
456 20
121 31
344 11
99 23
233 4
371 20
458 5
143 8
10 6
330 17
412 13
384 17
406 1
494 21
459 13
279 22
184 15
96 27
261 30
329 10
373 27
21 3
148 16
314 13
189 32
317 4
244 32
417 17
113 10
234 23
114 28
188 21
262 31
27 3
328 32
368 29
406 8
383 25
255 8
413 11
43 2
43 19
281 3
287 1
72 8
167 2
383 2
334 13
340 5
371 28
420 26
72 29
329 22
82 24
1 26
26 4
75 16
182 28
230 24
452 30
192 19
339 2
176 20
422 20
236 28
35 27
233 6
36 22
411 13
497 23
314 14
158 1
294 15
448 15
11 23
176 6
369 10
479 29
38 21
60 21
44 30
484 5
403 7
42 29
487 6
427 24
263 13
392 16
275 19
431 1
90 10
190 18
324 13
2 17
273 29
337 16
210 20
296 28
190 13
276 12
78 11
328 5
139 27
248 17
262 18
254 23
340 23
160 15
315 22
375 3
426 3
255 12
235 6
99 16
91 31
452 4
281 31
360 31
53 28
35 6
341 32
164 8
435 4
342 25
337 20
188 10
279 14
249 13
343 28
288 5
74 23
453 2
221 16
124 14
123 14
439 24
150 15
143 4
130 21
332 10
200 23
431 30
312 8
342 23
231 6
291 28
220 3
361 17
407 28
418 29
345 16
492 22
310 19
77 15
471 21
256 14
131 11
500 15
218 21
449 20
322 31
103 22
334 11
186 20
298 3
120 14
310 4
488 16
450 28
410 28
176 22
441 27
204 20
101 17
485 13
72 2
491 18
51 12
340 28
415 1
42 15
482 16
350 17
175 7
237 28
218 28
101 10
70 16
302 30
428 6
422 3
295 21
376 30
88 15
285 31
203 23
389 29
382 30
5 4
388 25
491 5
5 16
114 10
99 11
448 31
52 17
377 23
485 21
44 5
319 12
427 18
358 15
58 7
256 26
498 15
155 9
99 7
284 32
84 22
127 23
260 26
104 21
376 12
93 3
12 11
451 18
284 16
456 9
251 11
107 32
57 21
440 11
419 31
367 10
105 21
237 8
374 8
352 30
279 4
20 3
207 14
80 10
130 20
35 20
302 21
331 23
401 27
13 3
197 11
24 13
75 12
17 13
99 16
50 6
16 9
20 2
39 27
415 20
338 29
251 12
441 25
350 25
407 2
363 12
445 7
256 11
498 12
319 5
196 32
326 15
437 17
136 31
147 26
346 25
203 24
328 7
380 5
40 3
390 26
242 18
140 5
205 18
473 19
438 12
391 31
230 27
311 9
5 25
118 10
145 24
149 20
19 16
352 30
18 30
311 31
427 23
108 11
292 20
6 29
247 16
195 24
426 9
192 2
165 1
131 18
333 11
485 23
10 29
260 12
430 10
138 8
372 13

