256
339 7
429 32
379 16
274 15
361 31
458 18
492 30
400 32
199 21
499 27
68 6
13 24
263 19
50 19
10 6
432 28
201 20
168 11
248 13
285 8
24 2
473 27
107 32
326 14
440 16
268 8
194 32
83 16
475 17
110 20
458 9
388 2
252 11
88 31
495 4
459 2
465 31
32 4
155 22
81 18
33 24
453 26
332 24
33 10
372 10
493 29
386 12
191 14
434 10
340 13
2 18
298 18
81 10
93 15
391 5
32 3
225 25
353 20
224 5
213 23
231 25
275 32
437 17
105 26
447 25
2 8
446 20
117 26
333 14
464 27
234 8
349 14
332 25
217 15
438 29
1 12
338 23
135 26
444 24
495 2
388 25
189 25
148 1
63 8
218 26
406 32
225 30
113 32
307 14
314 20
110 18
115 31
441 9
72 16
192 11
477 15
415 25
116 14
173 26
245 7
407 22
194 20
107 18
39 9
487 1
8 9
18 26
395 26
223 31
45 2
385 25
49 11
37 24
64 10
45 12
100 3
13 21
434 19
302 9
384 5
29 23
89 26
365 19
208 19
301 28
56 25
477 4
187 5
119 26
74 11
113 29
318 5
169 3
96 23
427 19
463 19
221 7
205 25
385 32
375 10
367 31
426 15
386 5
208 29
418 1
19 3
158 20
7 14
291 30
500 1
432 30
24 25
364 32
89 29
491 28
490 25
246 7
52 27
379 27
487 9
391 30
179 24
45 17
226 7
491 9
404 30
391 27
426 10
358 7
58 24
182 11
56 27
314 23
409 28
217 12
192 12
105 14
155 25
259 8
188 13
309 7
374 23
369 32
156 26
18 6
425 7
112 32
477 1
439 21
469 7
484 32
114 8
234 21
441 12
204 32
444 12
218 1
414 6
172 2
163 5
487 15
239 22
418 11
375 4
304 19
67 31
206 28
79 31
300 7
282 12
498 1
367 11
246 25
4 1
54 14
106 32
456 16
341 9
263 11
285 26
409 23
56 15
30 30
405 2
4 23
37 9
263 3
67 24
387 2
425 20
439 30
183 10
429 8
471 7
90 31
460 15
105 24
317 6
149 9
19 25
259 19
5 22
162 20
381 16
345 5
192 4
390 22
381 15
101 31
213 15
457 21
393 17
188 25
251 32
133 29
192 32
176 25
265 5
120 1
236 32
6 23
451 7
357 16
65 9
386 10
499 11
450 19
107 9
303 17
28 12
478 32
179 29
416 31
341 3
291 20
350 4
207 5
43 23
484 31
371 1
384 22
63 5
464 6
25 19
378 21
202 3
272 8
211 11
174 31
73 4
479 14
112 29
222 18
451 5
112 17
74 24
42 16
32 14
157 9
124 11
461 29
93 16
56 12
270 9
354 6
396 28
263 19
72 5
364 10
393 20
195 14
323 32
306 6
93 18
114 12
348 10
244 9
9 11
96 18
231 29
471 31
485 10
189 16
274 21
430 22
380 20
484 18
211 1
111 32
102 5
223 14
2 19
94 7
117 9
492 16
341 15
326 29
252 30
233 5
418 6
42 25
137 29
202 11
165 1
2 15
389 21
420 18
43 17
104 3
53 16
6 29
262 31
70 21
49 6
37 14
167 18
467 3
455 16
1 11
184 23
89 20
431 20
166 17
372 29
131 28
68 5
169 9
23 18
193 31
243 21
93 1
11 19
415 21
430 15
287 18
269 24
37 15
87 10
23 15
175 18
234 18
494 2
275 24
343 23
291 9
252 3
197 18
293 11
430 22
378 4
335 30
295 12
197 6
277 11
44 27
76 29
397 17
383 7
289 17
341 31
366 8
313 2
57 21
25 30
178 6
406 17
251 28
440 15
285 16
370 20
19 21
457 23
366 15
289 14
119 25
436 24
425 12
398 25
204 6
319 9
27 24
449 13
127 20
428 20
104 21
91 14
93 23
240 14
89 32
315 4
212 6
191 24
349 20
321 16
213 7
137 3
66 17
220 16
325 11
455 8
295 10
253 7
444 24
49 5
223 15
240 14
465 2
422 5
222 22
69 14
84 13
377 25
141 32
192 1
94 11
244 8
44 28
126 19
339 2
19 9
241 30
347 5
40 28
221 21
213 29
46 12
345 18
296 6
17 11
154 26
485 14
349 8
97 15
15 28
500 17
200 32
143 26
296 14
17 13
294 5
157 3
376 18
261 19
43 5
10 28
239 18
445 31
226 18
413 20
329 29
476 16
356 18
278 32
151 30
372 32
227 20
283 18
233 23
477 27
23 2
471 25
183 31
52 12
160 4
351 28
432 3
220 28
444 21
291 19
494 6
242 20
41 20

