256
122 1
41 26
223 22
219 15
350 24
495 16
461 29
207 15
432 29
435 1
493 24
431 22
193 1
116 16
225 8
25 6
456 13
295 14
346 30
256 12
17 6
371 29
54 25
367 5
361 22
58 1
181 20
418 6
240 21
29 8
416 10
162 4
470 12
253 24
321 13
215 29
110 29
17 20
161 4
148 9
37 29
225 5
396 30
90 4
378 31
303 14
228 24
17 29
124 1
364 12
129 22
485 31
14 1
254 6
236 9
398 28
310 22
341 21
467 10
396 5
104 3
490 15
366 2
28 29
126 31
137 15
173 17
493 6
325 30
64 21
498 25
184 11
435 16
216 1
306 23
97 1
161 22
92 19
443 27
219 25
65 23
323 13
179 19
127 24
264 30
64 21
2 27
272 4
123 31
41 4
301 9
40 14
427 19
340 21
453 14
289 6
265 19
106 11
481 4
298 20
273 13
357 23
312 8
62 18
466 30
65 26
91 24
79 5
87 6
237 23
180 6
56 24
340 14
90 29
393 4
64 18
452 24
292 23
399 1
48 4
455 28
334 5
216 4
413 30
386 1
192 29
26 16
360 30
261 21
390 13
188 9
22 8
77 5
402 31
166 6
43 4
413 32
368 20
343 16
133 12
132 5
292 22
424 27
227 16
452 12
188 7
272 26
130 20
22 12
175 3
333 21
362 17
296 13
429 22
212 21
218 12
237 9
205 12
364 19
47 19
398 23
157 17
296 7
369 13
170 23
60 2
111 21
450 30
354 22
247 29
143 20
112 3
177 8
243 32
98 9
58 23
375 10
368 14
352 12
339 1
278 10
226 12
170 20
497 31
257 27
292 19
411 3
130 11
423 4
478 4
12 27
219 11
452 2
408 20
321 18
380 14
347 22
337 25
485 1
95 17
279 18
344 9
493 25
127 31
48 28
286 7
342 28
149 26
89 9
153 9
358 32
358 21
489 14
277 29
230 3
418 9
109 17
401 9
437 4
367 4
335 8
246 21
8 27
26 32
7 26
209 28
209 30
420 14
464 28
22 25
419 23
405 19
51 18
479 15
37 1
322 19
200 28
399 11
166 20
359 24
453 19
387 6
484 3
63 27
354 28
344 28
227 20
150 25
109 8
468 25
176 25
16 16
60 18
286 9
42 4
248 18
62 19
359 6
293 9
196 18
357 19
270 23
343 27
63 11
251 22
96 10
171 15
5 2
228 19
307 5
138 10
467 12
40 13
449 16
98 16
182 26
387 15
388 9
73 30
31 11
332 22
101 2
88 13
231 4
99 13
140 21
443 30
288 18
283 16
166 32
83 3
185 1
149 8
49 25
225 28
248 24
57 24
57 21
156 28
164 3
28 31
195 30
113 22
156 7
421 17
478 3
371 30
324 3
437 12
443 9
303 30
69 24
241 25
356 25
116 3
3 28
173 17
317 29
382 8
31 10
144 8
304 10
21 15
236 9
351 7
322 1
220 18
12 25
366 3
209 30
237 11
477 6
111 17
398 32
117 5
145 16
140 20
478 17
279 5
321 29
243 10
485 15
31 21
127 5
67 23
230 28
249 26
417 27
350 2
54 2
94 2
430 18
349 11
98 23
119 26
459 26
412 16
28 30
292 14
42 26
340 3
13 4
180 21
2 6
95 23
199 28
456 24
125 12
34 14
135 17
492 21
218 11
388 17
196 7
250 10
389 1
212 21
232 8
182 1
273 32
139 19
167 14
451 8
249 12
13 27
488 28
328 5
258 19
153 14
98 18
395 26
194 2
90 21
349 23
9 21
250 11
296 17
240 18
208 17
81 12
223 25
76 26
477 13
117 18
490 6
235 16
51 21
194 12
57 26
263 30
219 24
64 22
280 32
111 31
496 3
59 26
463 18
268 24
22 32
273 24
449 11
247 3
139 24
490 8
186 16
113 32
116 12
269 15
331 27
234 26
125 24
396 24
481 7
231 6
398 23
13 10
213 4
196 32
403 25
399 12
289 11
195 16
38 31
150 1
397 11
398 22
26 13
461 10
307 27
8 24
397 12
253 17
483 12
164 10
485 22
29 13
276 32
28 22
390 25
386 23
60 15
160 5
428 24
443 14
162 30
142 2
25 6
222 24
194 2
97 22
151 21
302 23
200 29
92 18
5 1
80 24
111 19
353 10
210 11
476 27
448 29
132 16
362 13
331 19
90 7
84 5
256 9
167 15
213 6
248 26
86 7
133 20
417 13
290 2
131 21
348 30
85 23
254 18
184 20
353 17
67 12
365 22
173 15
128 25
140 4
454 25
406 3
477 3
275 10
300 6
234 32
187 14

