256
489 11
403 21
136 28
143 12
247 28
37 21
490 26
156 20
220 1
197 29
447 25
310 2
299 12
468 10
132 4
33 24
78 32
317 2
143 15
49 29
139 26
101 32
95 12
411 18
100 19
62 7
7 27
352 2
283 19
363 22
59 23
385 4
34 25
405 16
216 18
269 18
391 29
333 29
477 3
2 20
53 27
474 31
137 1
68 27
496 10
36 10
29 29
393 22
177 18
90 28
103 18
97 13
430 29
181 22
375 22
334 19
96 3
190 4
336 17
207 23
39 14
88 27
366 12
480 31
481 21
286 31
130 7
427 20
163 19
169 2
140 18
316 23
13 5
171 24
114 25
382 16
470 13
422 16
152 25
82 21
322 7
67 19
249 30
66 16
452 15
449 24
88 4
30 20
121 8
447 30
280 24
89 6
148 22
289 28
410 2
284 27
88 2
238 21
195 19
100 15
37 20
90 1
15 19
224 31
171 31
72 26
202 8
403 26
21 19
1 11
412 4
217 28
337 18
40 4
257 19
30 5
242 23
269 28
89 25
95 3
367 22
413 12
30 27
269 26
358 25
184 1
108 9
472 1
206 11
328 30
353 21
459 2
475 7
202 19
423 24
174 21
165 18
61 10
252 5
96 25
154 7
82 25
31 21
57 9
268 28
402 28
240 8
418 26
439 27
481 13
266 2
354 30
443 2
328 30
298 11
155 3
405 16
64 32
492 20
376 3
356 13
83 31
489 28
365 3
470 5
139 7
202 16
368 24
461 11
189 23
469 11
61 6
282 20
13 30
448 12
236 23
16 30
101 12
169 13
282 14
161 29
224 22
468 24
5 29
490 2
187 23
240 11
36 6
75 32
147 6
287 2
324 2
52 16
158 24
241 27
358 13
63 25
115 3
376 15
459 18
164 17
28 28
95 3
277 25
110 3
42 12
156 25
49 3
493 26
427 5
349 32
337 11
68 19
441 8
422 11
13 17
247 32
192 22
454 12
214 3
242 12
162 18
324 26
456 12
472 14
400 8
221 1
230 5
39 31
288 20
273 4
397 4
191 16
65 4
408 6
410 9
237 19
250 21
336 14
228 31
291 16
126 8
68 24
4 2
230 23
418 30
442 26
373 28
105 25
479 4
271 4
365 15
14 6
419 1
171 3
156 14
126 5
177 1
340 32
150 17
322 23
71 15
84 15
246 25
84 8
52 6
315 8
212 32
382 23
28 32
129 31
365 10
316 1
298 31
72 11
224 21
366 30
155 17
440 12
489 19
327 5
228 29
160 12
172 25
422 28
445 26
234 5
155 29
54 12
56 5
250 11
370 23
276 28
416 19
480 16
90 26
500 29
151 32
108 18
52 9
373 16
430 7
9 4
7 26
35 30
38 5
44 23
251 15
135 2
386 26
126 7
419 5
495 9
136 11
243 28
131 7
387 21
73 31
496 16
456 7
493 22
19 21
400 5
207 30
139 4
499 24
122 10
240 13
190 32
219 12
267 9
251 5
261 31
48 21
402 27
491 27
348 5
283 28
277 17
133 15
137 16
382 30
401 2
374 10
201 32
226 27
145 8
119 5
150 2
365 20
21 19
298 12
363 28
467 32
124 32
258 32
435 20
18 7
465 7
128 21
335 5
131 15
180 13
235 18
119 12
233 11
306 18
210 21
165 29
160 24
332 1
48 10
260 21
304 8
307 31
388 1
488 10
323 15
323 2
348 5
361 4
283 10
313 4
186 1
224 17
265 27
114 16
24 5
228 19
97 30
110 8
231 21
206 13
115 8
314 3
320 26
246 26
192 27
149 1
387 29
74 19
131 3
166 27
411 5
333 19
131 30
47 1
242 12
265 21
131 27
23 30
104 28
255 23
178 19
376 17
479 9
67 6
339 5
116 17
329 12
460 11
94 30
171 27
109 24
43 27
366 5
392 5
185 14
468 22
252 19
278 15
495 9
44 5
281 19
433 21
310 24
420 7
101 10
442 29
377 16
299 18
253 14
415 21
39 18
150 27
428 16
225 30
328 28
254 4
482 22
68 11
134 23
398 2
429 19
295 1
174 21
399 22
487 9
362 29
46 20
167 29
495 31
394 26
362 27
429 7
388 20
486 29
335 3
255 11
73 29
419 22
345 29
172 19
481 21
60 30
248 6
350 10
321 19
63 30
445 31
229 29
191 22
353 29
448 23
491 12
211 17
117 4
78 12
90 18
173 5
288 8
227 9
14 15
84 20
432 8
271 16
212 5
225 29
189 28
375 7
395 6
291 8
493 4
299 30
130 19
83 5
243 13
257 12
207 8
35 6
72 17
150 19

