256
362 24
441 13
144 6
455 3
127 21
237 15
152 6
56 7
323 32
99 16
130 6
274 21
18 24
368 26
101 29
484 27
401 24
91 4
26 5
339 16
69 27
330 32
24 17
162 11
432 21
126 9
370 3
114 11
190 29
436 14
386 16
456 14
47 14
33 4
443 23
75 11
150 16
83 17
492 16
19 16
356 20
336 30
246 21
316 15
134 12
429 11
375 4
8 1
134 8
493 4
263 23
290 16
175 24
84 6
468 27
293 11
302 13
252 4
281 16
186 18
23 14
488 21
350 19
169 3
387 25
262 25
432 19
412 22
275 7
475 18
153 16
268 15
248 4
354 28
291 3
146 13
153 9
413 2
480 21
188 22
446 9
218 29
351 21
186 5
327 12
218 28
279 18
286 22
209 27
406 7
29 31
15 13
35 19
238 2
211 17
231 20
77 4
236 20
428 1
404 19
433 14
438 7
163 23
89 19
65 14
425 13
396 11
330 18
69 7
296 3
196 10
139 16
474 6
51 5
147 27
359 19
132 4
493 6
222 21
368 10
278 16
83 13
434 16
455 22
330 18
132 13
275 14
149 8
496 31
353 26
209 3
72 32
7 4
337 32
497 28
366 26
199 32
299 4
63 5
133 4
206 17
417 16
238 13
432 17
467 4
226 4
494 21
367 12
65 8
432 17
259 21
186 14
448 16
441 2
292 10
253 9
42 21
329 23
437 16
216 12
43 17
431 24
442 17
240 30
352 15
418 27
171 23
272 22
143 24
479 26
137 27
431 26
104 27
161 16
370 24
295 28
20 9
151 13
226 22
318 17
264 23
39 6
394 18
403 20
374 17
321 10
316 15
40 27
213 20
310 18
427 5
197 18
33 32
259 6
293 8
187 25
15 1
342 12
239 25
295 28
181 11
121 20
422 8
266 2
63 24
68 5
236 32
139 8
167 21
378 20
176 4
16 26
492 9
301 22
157 3
193 10
414 22
333 7
177 11
320 24
230 27
432 29
355 18
84 25
318 17
332 2
376 23
387 24
408 32
449 32
486 30
401 15
307 6
437 15
388 29
74 17
347 2
81 17
427 16
426 25
477 21
294 20
456 20
71 11
219 24
278 21
13 19
307 7
116 24
5 7
500 27
119 10
288 3
251 14
214 4
162 18
432 31
394 3
487 16
101 5
187 23
113 27
409 28
221 32
15 22
378 6
156 28
63 11
398 9
360 15
488 30
5 4
180 6
158 14
65 19
427 28
489 11
302 17
310 23
476 24
100 21
41 27
52 12
401 13
268 28
115 32
337 27
379 21
368 8
386 21
498 20
36 2
203 5
438 4
211 1
40 6
117 24
268 4
387 4
320 23
484 11
114 24
405 24
188 5
231 14
409 25
89 8
66 31
484 12
155 7
268 30
208 1
329 12
404 24
199 20
222 14
10 3
2 2
30 17
242 24
466 30
488 31
297 10
197 17
261 31
179 32
248 2
264 17
417 4
144 28
243 21
297 20
403 14
221 16
191 27
43 28
464 23
62 29
288 23
393 20
461 3
279 17
12 19
137 17
62 8
396 12
496 20
259 18
342 19
181 32
441 7
39 5
105 21
17 28
211 13
143 31
35 2
83 18
316 15
326 9
350 13
32 17
265 18
298 2
120 2
341 17
405 27
317 5
183 21
105 25
445 15
268 15
372 6
376 3
421 2
267 10
274 30
171 14
291 28
347 19
298 15
323 6
418 23
62 24
175 10
197 11
117 8
301 8
165 24
379 1
229 21
59 7
147 5
244 1
48 3
199 29
277 21
250 26
11 12
498 21
181 2
7 13
9 23
137 21
483 31
462 7
363 32
417 5
452 1
298 3
103 24
48 19
17 1
129 23
460 30
416 1
171 10
289 7
81 1
55 15
495 16
477 18
387 2
218 18
110 27
189 4
11 20
294 31
384 2
109 32
399 32
188 29
150 12
451 10
105 30
144 11
373 12
456 28
69 18
449 14
40 1
241 30
224 7
132 8
308 17
155 7
468 6
479 25
169 6
198 29
287 25
372 15
165 3
270 17
204 23
263 32
355 15
349 11
389 25
38 29
425 24
255 24
385 5
361 13
14 18
178 12
251 17
163 15
79 4
499 7
150 29
82 17
116 2
287 32
262 12
52 2
219 30
430 31
391 10
7 12
199 20
408 5
84 18
215 23
353 18
149 15
326 2
63 25
11 25
297 29
376 20
14 6
6 23
48 20
436 14
3 27
90 22
435 5
331 18
187 28
215 23
390 16
268 8
185 27
300 1
107 3
328 20
120 5
415 11
80 10
424 23
336 25

