256
62 23
385 4
392 31
178 15
328 30
150 31
83 11
461 6
204 11
18 24
330 31
186 8
280 12
400 12
155 10
212 9
20 21
28 16
467 21
454 10
218 31
264 24
461 5
282 16
15 3
396 24
129 21
115 4
297 27
232 27
80 15
19 3
243 14
214 21
102 15
355 20
269 6
119 22
194 8
97 24
50 12
256 11
425 14
290 1
88 29
375 11
316 30
118 14
291 31
119 13
498 1
212 26
294 10
199 16
82 20
399 27
139 22
13 31
228 19
487 11
27 26
334 26
107 3
104 1
133 10
493 14
398 12
100 15
238 22
30 7
93 5
153 8
286 6
498 29
24 5
32 6
198 29
244 20
19 7
404 31
420 1
133 25
304 20
211 1
381 5
211 18
21 8
409 2
85 30
23 4
242 6
157 31
122 8
94 32
450 6
142 29
98 10
389 17
209 28
442 6
340 24
267 8
219 15
369 11
432 7
262 14
148 23
464 13
374 30
112 12
259 10
44 8
231 29
108 16
32 9
233 23
257 11
286 31
377 6
130 4
249 23
185 24
365 29
17 11
58 16
62 28
233 29
375 12
389 26
107 16
87 15
346 3
393 3
169 17
137 10
280 21
245 5
132 13
113 16
347 26
128 12
189 24
365 23
27 1
100 29
25 18
27 22
380 3
353 21
39 1
50 7
225 30
283 32
255 11
356 1
268 15
213 24
46 21
222 9
181 29
57 5
359 16
279 2
354 19
490 5
471 20
63 7
37 21
254 27
91 21
244 2
295 8
165 9
384 6
265 16
410 21
325 16
108 15
210 22
85 7
206 19
294 4
305 11
464 30
473 22
371 32
115 21
375 15
209 2
368 13
26 21
498 6
249 5
304 22
270 20
360 19
498 22
446 30
336 13
211 4
166 13
228 24
450 10
410 30
212 25
335 29
258 12
290 18
140 21
315 10
36 2
236 13
31 18
186 22
442 4
378 32
181 29
91 18
58 29
491 17
481 25
61 2
8 14
95 20
294 25
409 9
139 24
213 17
177 30
91 7
146 32
282 18
276 28
159 1
224 17
158 13
326 30
146 13
68 1
332 13
205 28
394 19
236 10
216 28
356 10
86 9
477 7
30 4
91 28
288 26
40 21
222 21
163 20
50 30
312 1
294 12
121 31
63 16
145 2
471 16
287 13
352 19
275 17
366 21
272 25
31 23
98 20
28 32
471 13
341 26
309 6
2 9
25 4
488 13
193 3
168 15
219 19
93 1
455 22
210 14
462 4
240 27
491 15
170 30
195 22
95 8
348 28
284 32
11 8
392 3
82 7
385 24
281 17
144 27
138 13
312 20
92 11
362 7
170 8
248 20
245 26
367 24
142 11
315 20
274 2
59 27
116 7
358 32
476 9
482 29
206 1
416 5
48 30
435 5
161 14
80 1
228 19
349 29
301 15
372 14
73 6
132 24
429 25
436 4
193 17
368 22
266 16
399 29
265 5
29 17
367 24
181 26
110 9
462 6
248 5
187 8
319 26
359 23
362 22
150 19
415 25
304 24
4 2
344 20
239 20
44 25
183 21
198 21
457 7
406 20
47 13
375 21
114 26
463 24
379 4
382 21
333 17
176 4
91 31
308 25
242 27
285 29
279 2
421 12
344 10
143 18
122 26
107 28
251 17
63 1
33 28
126 17
480 1
404 30
172 11
102 17
266 6
41 20
219 29
335 14
491 30
304 28
347 6
199 9
182 9
281 10
204 30
282 16
59 14
457 30
100 3
346 29
296 27
465 15
51 15
428 29
128 27
357 2
344 15
126 22
316 19
91 27
312 25
258 14
262 23
303 29
477 25
78 32
387 10
286 9
192 10
182 4
148 30
497 4
444 15
369 3
29 23
482 16
35 7
414 20
157 8
9 21
216 10
405 18
331 2
243 10
107 32
45 15
313 18
98 8
16 10
219 32
128 8
87 15
142 12
162 11
420 18
283 19
459 19
89 13
433 31
163 31
106 3
145 26
100 30
377 19
59 11
10 7
146 1
405 32
300 22
290 31
440 8
206 2
315 22
39 15
476 5
137 17
111 26
202 27
375 10
29 30
377 31
324 6
339 24
13 10
497 14
61 20
78 26
38 16
411 4
490 2
480 10
170 14
111 27
4 26
4 21
271 24
275 26
106 17
377 2
454 29
124 2
13 5
131 6
296 9
477 17
130 16
114 27
101 29
225 5
210 25
341 12
312 11
277 13
79 21
387 20
229 30
398 1
62 16
142 21
273 14
493 2
277 30
257 26
182 17
334 15
413 22
74 25
140 30
493 26
206 19

