256
96 15
475 26
260 28
319 15
221 31
488 3
289 20
118 20
346 8
379 25
219 25
127 12
10 2
484 10
17 3
434 16
485 4
386 12
367 20
43 19
119 10
26 3
214 3
378 19
170 28
96 21
353 2
24 22
291 16
448 12
26 1
419 2
492 4
457 2
212 7
297 10
233 10
236 14
168 1
208 22
221 11
430 17
376 9
490 15
164 5
474 9
169 20
50 8
400 23
370 15
357 30
292 13
487 3
238 18
343 26
195 31
452 16
339 16
281 21
346 16
469 23
133 30
266 2
149 1
392 14
479 21
183 6
393 17
500 27
27 11
280 9
109 23
49 24
262 17
480 3
272 4
481 24
85 3
142 6
263 17
103 18
485 30
363 6
10 31
360 16
57 19
461 17
73 17
464 15
337 19
497 32
243 10
216 23
428 17
264 14
241 15
283 6
208 22
103 25
212 10
457 28
304 1
284 4
277 20
414 17
42 3
424 28
240 7
315 23
199 14
60 24
500 3
17 7
192 7
276 11
284 8
170 11
352 17
314 24
52 32
444 10
490 23
81 13
62 23
99 20
29 6
51 32
500 7
87 31
37 6
445 28
297 14
258 20
271 20
479 2
299 18
119 20
492 16
368 5
298 2
165 10
475 3
206 15
282 16
369 22
357 22
342 1
131 23
4 1
170 30
427 28
255 13
459 22
96 14
151 2
143 19
71 22
381 20
296 30
271 16
184 23
329 5
131 8
123 10
64 5
467 10
464 21
35 15
319 18
100 5
227 11
487 30
64 11
277 3
381 20
374 28
26 23
292 1
366 26
494 5
410 17
271 30
33 5
148 15
138 7
23 9
193 9
14 16
376 22
466 28
189 4
375 19
394 22
223 23
431 28
391 13
380 9
66 17
169 21
467 3
311 18
375 12
350 16
463 13
381 13
36 14
120 30
136 9
75 18
327 2
277 25
198 25
230 23
421 14
179 7
408 5
80 26
196 18
21 11
6 14
439 6
323 6
303 26
274 22
167 12
235 23
168 4
303 5
46 23
499 4
314 2
64 21
392 24
322 4
270 4
165 24
73 11
117 11
296 10
104 14
193 22
109 24
473 19
461 18
486 15
93 7
68 29
43 11
472 1
223 21
396 31
300 12
226 8
46 13
9 22
335 5
191 31
412 4
205 24
33 26
182 10
192 22
486 27
60 25
451 14
49 30
21 24
17 22
467 30
118 15
415 28
27 30
246 14
269 11
14 21
196 11
278 4
148 3
474 32
423 24
341 7
473 25
22 29
458 28
106 16
314 13
27 28
126 5
482 10
279 15
46 18
41 28
213 25
142 18
248 25
313 4
239 29
301 29
329 10
100 19
333 2
307 4
309 8
188 6
177 22
488 14
291 13
249 28
69 7
245 28
159 22
107 29
46 27
9 11
17 17
13 29
226 27
412 14
102 7
28 18
416 7
203 3
395 8
266 23
46 10
482 12
419 17
100 17
199 1
43 15
421 23
268 2
225 11
383 18
130 2
307 13
277 1
455 27
312 12
486 21
82 3
412 20
111 8
316 30
324 30
376 24
116 23
241 4
174 7
221 19
385 23
51 17
36 14
331 31
77 28
408 14
339 19
158 17
34 5
110 1
35 26
100 22
480 16
46 17
167 14
307 31
145 2
63 28
363 25
82 7
413 13
449 19
12 22
51 25
282 17
254 28
498 17
22 25
397 11
130 23
36 12
465 28
293 3
63 27
271 17
150 15
337 22
137 28
407 4
245 4
200 14
60 29
202 17
25 30
351 30
12 18
442 8
270 22
354 4
445 5
180 18
11 17
191 20
216 17
39 32
488 10
457 19
286 11
331 26
108 29
316 28
271 1
447 28
194 13
427 6
129 19
231 3
475 29
138 14
221 12
2 1
265 26
459 26
468 22
64 12
322 11
47 32
487 9
335 32
497 26
318 5
220 28
116 14
173 29
87 5
281 8
453 29
46 24
299 5
201 10
292 30
240 22
466 30
35 24
257 19
265 2
156 28
326 31
381 22
375 4
390 3
407 31
52 12
106 22
169 2
211 32
31 18
150 28
379 20
500 11
66 4
265 29
100 10
195 8
439 22
299 24
76 22
374 23
361 11
180 17
340 10
341 11
43 6
218 9
377 25
112 30
333 32
367 28
317 21
115 7
482 14
434 2
323 20
388 3
490 4
212 10
309 4
52 8
245 25
328 1
190 3
414 14
166 24
305 10
193 11
88 22
36 14
83 26
181 15
41 30
242 16
203 30
7 26
105 27
375 21
75 4
75 24
437 25
120 25
74 28
363 18
485 27

