256
59 25
312 21
111 18
442 12
427 21
305 32
65 19
84 18
211 30
409 13
469 1
159 22
270 21
286 32
345 2
126 15
262 5
375 16
450 12
256 8
88 16
300 28
166 11
86 5
364 6
29 8
398 23
242 27
96 31
263 12
112 8
194 26
381 28
449 2
235 4
58 7
264 17
474 21
443 15
361 2
108 10
342 25
428 7
376 11
313 14
314 4
229 15
149 1
278 6
439 17
153 12
187 28
56 24
49 22
423 9
7 26
2 32
387 18
134 6
304 10
103 18
370 7
328 10
440 10
319 10
470 24
77 16
91 16
167 3
333 13
252 27
323 29
391 25
34 32
174 10
322 16
159 23
458 26
412 29
295 15
478 28
406 26
271 24
241 18
487 13
230 6
116 4
342 2
316 16
233 25
65 10
116 19
96 30
60 32
174 15
294 32
470 19
409 21
398 2
30 4
426 3
473 21
367 11
102 2
42 23
23 18
240 2
180 32
63 15
399 25
445 12
92 7
94 16
7 7
353 32
227 31
350 19
23 8
217 9
250 22
311 4
215 30
113 10
441 4
485 27
116 21
234 19
47 3
58 21
170 19
144 20
41 22
298 3
413 3
39 6
124 9
137 31
103 14
232 3
277 32
234 12
349 3
98 15
146 31
152 15
417 23
62 1
140 7
20 9
225 14
418 1
111 23
187 29
156 6
459 20
338 28
27 26
363 28
284 4
130 11
26 11
82 19
355 13
297 14
477 2
136 3
222 18
153 32
162 28
381 12
443 10
164 13
107 6
444 11
385 1
325 26
323 22
348 22
479 4
403 23
369 30
201 6
487 17
53 28
12 10
120 26
3 15
274 22
160 13
500 28
142 20
305 24
434 32
141 12
499 16
70 8
137 27
13 28
327 18
475 23
351 30
496 13
228 22
462 31
338 1
282 15
341 14
443 30
441 19
389 16
182 10
363 15
432 3
146 15
144 32
153 14
66 20
347 9
269 28
32 11
473 1
437 17
103 31
438 27
18 22
38 19
487 32
369 3
479 10
233 22
486 21
116 7
384 30
195 17
121 22
463 21
243 19
257 5
482 18
443 3
223 9
49 6
232 22
332 10
135 24
184 8
448 3
374 19
112 29
187 24
350 29
29 8
400 17
140 1
35 11
231 9
415 23
318 26
48 21
208 11
64 3
358 23
393 32
398 4
356 12
291 13
233 7
149 24
308 32
364 26
74 26
450 28
224 16
486 28
120 25
10 16
139 23
250 31
450 15
386 17
231 28
362 3
199 18
298 26
1 17
51 27
458 20
414 25
471 11
156 7
295 25
478 29
32 27
315 5
226 28
490 4
80 19
474 26
212 31
135 20
135 5
490 24
36 4
124 27
154 4
301 17
296 22
85 11
208 8
12 25
451 5
92 26
203 1
159 26
187 5
329 13
329 27
264 1
222 20
75 11
371 27
379 18
4 8
345 31
215 12
496 17
208 19
399 6
4 29
175 18
202 11
215 10
321 2
98 2
69 4
121 11
46 7
457 13
314 25
464 28
8 3
45 19
249 23
476 8
351 22
294 20
152 24
286 5
337 7
218 14
407 18
400 8
41 20
205 6
360 32
234 15
478 14
285 22
72 24
478 22
261 23
178 13
482 7
237 6
49 22
279 23
496 11
259 32
386 19
241 10
482 6
316 19
103 25
36 22
212 5
448 29
487 21
237 8
291 25
490 7
130 32
146 21
446 28
364 8
218 25
429 31
430 8
9 17
196 24
410 16
409 17
380 23
185 20
67 31
440 12
18 25
323 3
398 21
418 1
304 11
69 12
37 23
327 25
235 19
292 12
430 12
353 13
299 1
276 1
216 11
272 5
487 22
247 16
418 4
497 5
354 9
452 22
415 3
138 5
153 29
145 22
333 13
242 11
237 1
51 12
287 22
388 13
119 22
9 21
1 13
109 6
273 9
95 20
191 8
392 31
365 8
276 13
236 21
383 1
89 1
128 31
106 28
499 32
1 7
112 10
67 13
355 8
133 10
83 31
385 18
369 21
362 16
149 13
216 23
273 24
315 25
382 12
268 32
496 4
91 31
269 25
31 28
52 31
277 26
41 21
460 25
262 5
108 10
121 11
293 30
330 23
294 23
379 9
295 14
180 29
36 25
245 23
276 21
285 24
282 18
416 25
438 21
413 18
439 14
72 31
427 30
41 32
316 23
484 10
348 19
346 16
463 27
154 30
239 26
493 28
115 1
113 21
437 17
302 19
58 1
309 8
126 6
407 18
472 14
403 32
405 1
55 11
43 20
457 9
497 29
4 24
209 24

