256
205 17
169 3
471 10
36 21
333 27
56 10
247 11
29 25
178 19
367 29
240 7
344 7
385 22
58 22
169 1
362 29
165 7
4 31
372 31
183 32
134 6
377 4
69 30
465 18
140 19
491 27
37 22
385 29
300 30
314 16
463 20
45 15
206 12
114 9
438 32
336 3
386 17
303 22
322 3
51 29
449 21
43 14
79 23
258 22
73 28
197 19
247 17
13 8
492 14
84 6
274 23
352 19
483 14
464 20
272 14
116 5
259 6
58 13
85 27
418 17
386 6
43 4
411 3
287 18
385 26
35 30
289 31
20 23
392 23
427 28
348 26
88 6
52 17
498 28
311 19
496 1
233 14
32 15
296 15
396 32
188 23
41 24
169 12
451 32
394 25
75 6
122 26
51 17
10 29
12 21
315 23
369 7
396 24
189 20
70 21
223 14
367 16
437 31
175 19
446 29
467 25
162 29
386 12
465 28
112 25
68 23
335 4
325 19
187 18
274 1
450 24
218 16
463 18
202 2
245 11
410 15
19 31
3 21
486 24
152 18
296 31
228 30
6 4
212 28
417 21
300 26
185 9
33 19
23 22
488 31
233 17
329 3
319 24
7 25
3 6
254 30
376 17
279 5
384 11
425 9
327 28
370 11
93 11
10 31
488 17
381 32
246 9
323 16
244 25
368 14
487 17
395 2
305 6
447 21
16 7
193 14
94 30
57 6
316 22
152 8
266 32
227 7
445 9
427 8
230 30
138 32
119 32
281 15
409 7
463 20
97 31
118 15
217 26
432 4
91 24
39 20
467 18
219 31
166 17
155 27
290 28
314 28
175 27
331 32
173 13
359 14
300 20
164 8
1 15
103 27
30 22
151 29
259 9
463 32
365 1
171 6
408 20
414 23
430 12
18 15
240 8
224 3
56 23
110 8
185 21
351 11
354 17
415 16
221 1
387 17
494 9
90 29
245 23
187 10
98 8
276 26
284 19
432 11
89 6
246 14
106 20
192 3
448 30
274 28
482 32
104 31
421 2
80 5
48 14
190 26
174 6
39 5
168 14
499 1
363 32
382 12
192 5
278 23
30 31
159 31
415 30
190 7
159 25
203 23
238 24
56 27
209 2
423 21
63 13
485 2
369 2
245 32
142 27
50 7
277 8
33 23
174 2
229 4
194 7
390 32
27 9
46 27
390 25
463 25
241 3
82 17
16 6
20 9
52 6
179 25
481 20
223 18
285 12
190 15
86 15
262 16
376 7
347 1
127 25
69 4
312 18
328 31
328 4
188 23
269 22
59 21
429 30
459 30
233 28
396 26
78 25
282 1
167 20
70 30
492 26
13 7
140 20
482 3
187 13
197 31
386 8
260 11
37 26
84 13
365 19
290 30
339 15
247 9
50 32
298 14
305 6
196 4
2 25
114 16
197 31
347 7
66 2
101 10
175 24
74 15
366 27
332 20
286 10
208 11
245 2
80 2
371 12
197 32
452 11
264 9
473 30
435 14
67 31
491 25
70 12
131 31
278 18
490 15
244 13
250 4
258 17
241 21
456 10
500 32
452 3
260 28
224 22
313 30
80 31
234 9
70 28
287 15
30 24
262 9
176 23
112 18
43 17
62 3
494 25
258 13
28 9
72 27
62 16
97 17
390 14
141 23
398 31
9 23
406 2
51 25
336 10
14 31
366 15
229 19
192 2
7 3
354 6
321 7
313 21
55 2
99 15
364 12
325 29
126 2
346 32
162 22
189 4
412 3
454 20
117 25
477 20
215 30
53 24
244 14
156 26
271 14
196 7
453 20
359 26
101 32
253 14
89 2
289 8
200 3
139 24
239 15
291 22
444 4
341 15
413 24
188 31
454 15
169 30
254 7
336 22
435 16
320 27
233 20
23 20
54 29
248 17
480 22
450 23
85 18
314 9
489 13
180 14
236 12
200 29
227 3
399 25
474 22
35 3
29 21
490 31
422 1
431 29
127 20
27 15
373 24
60 13
193 31
7 32
438 6
472 28
92 14
176 25
439 7
475 12
119 17
106 12
53 24
144 7
119 27
94 15
362 13
55 22
243 21
37 20
118 17
196 1
378 3
330 1
433 20
488 4
472 21
147 21
480 23
407 22
313 16
440 2
4 30
284 6
407 12
278 12
328 9
437 26
47 6
226 20
273 5
87 29
157 5
121 4
375 11
437 11
27 28
65 22
73 4
480 11
167 21
207 11
433 3
404 7
112 29
162 32
193 16
332 25
481 12
40 15
331 20
246 17
55 6
90 7
9 1
458 23
177 8
373 17
10 4
440 17
108 17
208 32
201 12

