256
151 10
30 16
221 19
292 3
339 32
279 12
221 19
46 1
427 8
256 19
266 7
440 7
262 2
461 21
9 9
333 3
391 6
370 7
141 13
69 7
136 15
115 20
126 16
45 24
367 20
95 20
406 14
378 20
307 31
332 11
407 4
325 25
229 30
408 1
207 8
348 22
27 26
50 24
473 30
203 31
97 25
174 10
182 12
373 20
94 4
6 16
71 10
297 16
376 8
168 18
383 23
275 5
180 16
60 24
121 11
194 29
411 8
71 9
123 3
136 28
351 26
67 13
175 19
72 10
270 12
483 9
458 2
413 18
137 9
493 30
87 31
178 21
258 32
145 24
395 25
299 9
126 29
369 20
432 17
202 9
32 24
205 29
145 30
478 10
442 23
243 24
9 32
80 26
20 9
349 2
357 3
362 18
215 30
133 14
170 2
199 9
370 7
42 18
224 19
499 9
193 1
248 29
161 12
170 32
404 6
445 20
16 10
445 7
35 9
376 21
263 10
109 4
33 2
349 20
373 16
125 29
440 28
470 16
199 15
131 26
9 15
65 28
380 17
254 31
438 22
323 4
259 15
35 15
285 27
399 5
82 31
425 26
394 26
121 1
385 24
398 29
178 7
268 30
471 26
28 16
207 14
459 13
132 25
108 12
228 30
276 29
28 17
330 21
446 31
217 18
406 15
426 27
429 6
344 11
419 19
159 13
72 13
441 28
314 20
323 25
405 23
349 12
151 11
57 16
185 21
130 30
91 15
24 23
100 16
270 18
442 28
346 2
100 23
421 13
186 3
453 27
193 26
226 31
36 6
291 12
407 16
309 29
326 32
220 18
255 21
147 17
120 1
62 23
131 14
132 32
76 8
110 9
441 32
463 4
117 21
195 31
24 23
76 2
39 15
127 5
135 21
341 18
469 6
324 11
87 11
267 3
243 4
135 19
63 17
159 8
54 5
258 9
60 1
130 18
127 28
94 17
233 11
218 5
40 10
300 3
348 26
141 6
145 15
125 32
427 15
91 4
487 12
261 14
33 22
495 27
498 21
124 2
375 13
282 14
234 21
392 10
350 20
23 11
362 7
258 1
429 16
120 8
47 16
313 7
122 20
90 23
100 13
200 6
405 29
91 15
266 3
72 31
70 6
313 24
93 18
220 1
269 27
140 28
71 29
246 16
316 3
162 23
251 29
92 8
45 14
498 10
368 13
277 6
14 17
369 30
363 20
331 3
130 6
298 24
126 32
95 17
230 12
207 17
320 2
488 1
332 13
174 31
405 18
488 10
391 32
228 5
147 6
235 1
379 5
180 13
428 31
297 5
382 4
137 18
301 12
66 20
460 27
183 16
393 22
134 15
378 1
239 8
270 25
152 16
209 32
356 32
458 25
145 7
8 25
40 32
109 9
144 28
400 6
284 16
199 5
426 16
481 16
452 10
340 31
101 5
138 21
184 27
461 8
434 8
461 25
127 5
134 26
488 5
299 11
324 26
39 17
425 19
468 32
472 7
183 21
355 28
381 15
267 21
70 24
160 22
376 2
450 17
408 26
393 26
60 8
55 19
20 28
321 23
207 1
294 25
217 8
413 29
242 11
141 12
230 12
193 17
289 27
170 8
284 22
106 23
482 20
145 21
491 14
340 10
258 9
438 2
484 22
274 6
380 14
389 1
417 17
418 5
427 19
253 30
500 14
405 5
369 29
186 16
366 5
409 23
361 26
300 28
48 21
421 15
190 17
240 26
94 1
311 12
447 11
82 26
124 30
131 24
238 24
55 4
192 31
78 8
13 18
247 8
302 4
190 8
180 5
97 21
437 31
145 23
25 10
181 32
415 15
196 32
478 30
255 1
65 29
72 21
62 10
488 19
189 17
206 1
458 27
345 26
265 21
129 2
418 1
141 4
323 24
336 20
86 6
24 18
126 27
78 15
116 1
402 17
445 27
377 6
261 5
148 14
414 16
167 23
140 15
15 30
143 30
317 28
143 4
433 5
286 18
307 1
278 20
409 2
315 1
328 3
210 7
452 31
454 30
305 5
277 15
258 19
372 18
202 15
413 26
487 18
495 5
302 28
353 3
197 7
347 4
93 8
350 25
30 31
366 27
99 2
5 4
412 21
281 1
95 9
98 21
94 4
225 12
215 17
458 28
447 16
287 32
64 9
288 29
143 13
279 10
147 32
301 2
364 2
375 22
478 28
390 4
64 2
171 30
247 28
393 9
487 24
84 2
168 31
495 6
376 21
255 26
408 28
431 7
489 29
80 6
129 5
93 24
139 23
173 25
94 14
429 29
97 9
130 4
235 28

