256
449 11
210 24
446 31
14 21
408 27
397 19
150 13
68 22
140 4
109 13
14 24
202 2
66 31
331 3
285 20
426 13
22 7
304 15
89 22
480 32
444 20
194 21
325 13
286 20
217 3
56 26
422 14
471 7
404 17
158 12
168 27
272 2
69 28
8 5
449 19
5 32
363 22
485 7
163 30
354 19
16 25
108 26
370 7
276 18
83 9
461 27
367 21
292 3
12 11
296 32
138 12
351 4
201 19
242 3
457 3
241 16
355 1
261 1
131 9
498 29
173 14
315 20
394 18
178 17
109 29
216 26
124 15
449 9
253 6
39 17
136 32
385 2
332 9
66 6
385 19
26 2
77 25
301 2
150 10
227 6
155 2
355 14
8 27
454 17
492 1
25 7
124 1
469 31
258 10
268 26
301 5
403 29
485 15
198 7
385 16
96 31
366 11
168 1
105 2
189 5
318 18
75 1
474 19
247 27
281 2
225 25
158 15
309 3
34 18
481 22
282 20
308 19
378 31
223 3
152 4
431 1
477 17
261 6
252 31
33 32
372 21
464 6
87 12
24 32
129 16
389 30
431 8
408 1
375 3
143 6
394 9
347 26
429 7
171 28
466 31
63 5
311 18
218 22
149 17
369 26
448 10
39 3
305 7
391 23
429 5
409 14
309 3
43 5
213 5
121 14
268 27
15 22
61 28
179 9
325 32
190 12
305 25
354 25
379 16
344 7
128 12
332 32
358 26
25 22
290 5
248 1
179 22
339 11
197 1
300 29
416 21
497 8
421 22
33 11
446 16
309 25
479 4
361 8
217 29
109 27
381 32
267 31
321 17
298 6
474 29
94 17
289 10
461 30
144 25
212 5
72 25
365 2
12 21
89 25
461 5
439 17
405 13
252 25
162 25
298 15
349 32
23 5
185 23
50 8
327 10
120 22
134 9
299 29
61 31
77 14
288 7
214 8
72 13
120 17
365 30
367 25
161 29
54 5
224 31
377 2
216 24
300 9
184 14
346 29
41 26
118 16
289 7
371 20
500 22
444 24
259 2
429 15
402 14
468 17
436 32
379 20
43 10
500 23
479 1
323 3
119 28
198 27
474 8
470 21
58 17
189 16
426 29
87 15
450 18
156 21
249 18
388 7
63 4
17 17
436 15
116 30
130 5
16 12
381 5
280 10
101 12
457 6
436 23
57 17
448 20
474 24
97 13
339 31
304 27
255 20
46 2
349 19
183 9
334 19
201 30
56 2
81 20
31 17
259 27
105 18
2 6
106 18
495 8
312 2
150 31
241 11
436 6
74 6
306 27
236 26
372 19
11 1
7 2
173 17
332 17
174 10
411 11
135 9
222 11
406 20
13 31
270 8
440 27
122 17
102 5
250 13
204 5
129 30
154 29
178 1
282 15
170 4
482 5
448 11
103 21
278 23
203 28
118 22
242 11
386 11
300 16
20 7
100 4
64 25
301 17
441 14
443 3
273 24
119 28
331 21
276 32
39 3
155 8
120 17
99 30
443 2
345 18
104 32
462 11
400 22
111 16
195 25
302 19
329 24
38 19
344 29
118 22
143 13
242 23
373 16
472 23
441 32
129 24
111 30
62 22
55 28
349 21
76 23
67 4
422 20
414 26
120 8
499 15
8 12
377 16
283 24
46 11
15 14
118 21
467 3
338 29
202 14
121 18
40 23
33 18
142 11
431 26
182 25
376 5
373 12
420 31
303 25
230 25
491 11
145 17
378 22
182 11
371 30
60 7
341 17
224 30
243 2
447 12
286 30
316 30
129 3
165 11
51 6
451 1
92 15
202 29
280 31
252 7
36 3
61 16
255 4
414 13
141 4
124 30
238 7
436 10
377 24
149 4
197 23
320 12
46 21
109 9
107 16
327 15
22 27
74 5
226 11
477 2
199 9
496 16
243 27
153 24
234 13
47 14
400 30
69 9
91 1
473 5
240 32
43 2
38 17
242 24
455 22
481 9
22 24
440 13
258 17
236 3
245 30
272 32
203 9
292 13
369 25
194 25
416 4
74 17
204 31
420 15
236 1
15 18
80 15
226 10
399 1
180 27
446 28
491 24
144 2
145 12
250 22
472 17
277 29
174 13
63 9
343 15
197 17
408 1
163 29
466 29
445 21
56 26
300 18
389 19
31 21
307 13
222 2
149 3
379 30
183 25
267 9
239 15
233 6
239 24
130 24
308 30
53 11
315 28
260 8
147 15
88 13
275 6
434 23
12 12
97 22
105 27
70 11
177 22
341 24
197 18
471 1
396 27
219 6
227 7
117 5
473 9
177 15
218 30
21 21

