256
25 11
211 11
189 23
478 5
194 10
128 20
2 13
273 25
458 11
470 19
176 27
393 10
188 29
454 15
320 22
128 12
324 19
207 8
365 8
448 22
397 19
13 30
455 13
191 13
95 12
355 14
170 19
27 29
215 20
315 10
301 15
377 8
133 11
339 9
470 27
258 2
213 6
116 12
406 22
136 8
169 22
122 6
88 12
194 22
184 12
187 8
154 19
312 26
498 30
338 15
140 31
185 5
216 16
224 21
457 7
325 5
52 18
314 3
297 11
292 28
70 22
316 16
392 19
213 5
128 11
60 8
497 4
472 13
395 27
185 23
109 29
327 28
306 4
150 11
350 21
434 3
270 9
346 17
227 27
254 11
313 9
326 13
408 29
373 30
195 26
4 23
418 14
314 4
25 15
178 30
107 19
144 12
360 18
240 22
252 17
144 16
9 17
224 4
117 21
421 3
6 20
169 3
457 10
498 17
148 19
206 26
138 14
333 1
43 1
286 10
121 22
61 10
250 20
249 19
84 14
233 21
445 14
216 2
87 29
234 15
240 32
192 21
141 13
77 11
301 10
180 29
143 12
254 5
375 19
315 7
24 11
399 32
152 18
221 15
31 19
325 30
246 4
350 30
392 6
420 28
139 27
169 14
190 30
230 4
128 8
374 15
294 5
323 10
90 15
388 4
349 20
93 18
79 18
331 7
219 22
218 6
52 26
491 21
160 4
9 7
467 2
290 28
210 4
409 28
358 28
271 19
211 32
4 6
157 19
316 8
288 13
85 24
419 31
284 30
498 4
216 12
378 25
75 11
320 12
238 14
335 5
236 22
76 3
39 20
73 6
459 29
386 7
404 24
469 31
85 6
331 25
281 8
157 24
146 13
395 24
6 9
96 25
126 31
479 24
254 16
369 13
116 15
107 31
262 24
409 27
245 31
499 14
150 3
85 24
335 7
31 8
59 10
432 13
148 27
52 25
166 1
317 21
27 24
355 20
203 15
338 11
354 32
324 19
47 28
2 17
386 24
425 17
361 24
333 8
118 32
261 27
304 5
119 14
352 1
174 10
236 15
353 29
199 12
295 17
436 25
477 9
180 25
469 17
109 21
400 2
185 24
213 20
89 11
22 24
156 3
346 27
57 22
331 31
77 5
203 8
273 16
185 13
284 9
345 24
454 20
470 18
256 22
477 8
216 6
487 11
396 32
113 25
233 27
263 22
272 6
321 28
497 13
200 28
10 4
24 19
492 13
452 3
378 8
294 1
130 8
168 21
316 16
181 28
279 4
209 10
261 14
297 29
238 13
240 15
244 11
61 7
107 4
185 24
292 18
133 25
110 4
149 1
283 26
324 29
477 13
462 5
266 11
197 19
107 24
102 6
199 2
437 25
174 21
345 17
451 9
89 32
128 21
336 30
418 27
323 10
395 32
482 32
394 14
163 32
466 20
54 8
277 18
172 26
314 16
118 12
344 18
27 3
295 10
85 20
225 27
458 11
42 11
279 4
321 29
287 30
408 8
153 4
181 4
190 31
44 7
110 11
217 21
62 31
202 14
74 2
52 15
397 1
26 23
380 18
171 7
335 2
358 19
317 7
366 2
237 9
17 14
500 1
186 1
95 32
206 16
17 21
403 13
53 24
291 25
125 21
303 23
94 12
149 27
254 30
268 22
127 4
40 26
368 5
186 2
464 7
482 5
351 16
245 15
163 20
39 15
52 5
301 30
57 13
408 2
166 19
4 16
163 27
417 26
119 2
196 3
344 13
415 2
264 23
301 2
398 23
268 18
236 20
447 12
368 6
305 9
232 4
325 14
54 1
128 29
195 3
107 10
203 5
436 10
383 28
95 5
278 26
82 13
429 4
8 12
85 5
180 32
324 12
414 6
449 21
50 15
215 32
236 5
380 3
234 30
110 24
42 16
41 23
252 29
206 20
116 2
276 27
310 31
355 15
476 19
467 5
149 25
236 24
449 7
259 10
377 24
361 6
107 17
97 3
221 22
322 20
444 13
334 25
195 20
327 15
342 9
251 6
325 23
78 29
453 24
158 1
407 6
451 22
122 3
76 2
348 13
381 15
493 2
395 3
254 13
413 27
217 4
289 21
2 30
17 22
257 22
135 3
247 29
176 16
131 15
61 22
499 5
473 19
7 11
382 28
144 6
206 12
309 22
105 2
63 17
116 7
499 14
334 1
334 1
465 8
464 1
145 10
318 1
305 12
188 18
435 3
331 28
42 32
190 14
301 4
471 24
275 5
17 20
417 14
468 21
17 3
110 18
393 27
482 9
454 29
234 12
351 16
83 13

