256
178 24
491 24
358 17
141 30
73 8
238 26
160 26
283 15
105 8
211 26
137 3
379 30
498 16
415 32
199 9
77 1
144 31
268 21
208 28
214 32
319 3
497 31
193 7
321 5
499 28
498 31
454 24
344 31
24 22
214 30
90 22
450 29
209 21
437 4
477 3
399 19
453 27
125 1
26 30
145 16
329 3
10 22
370 9
436 1
314 17
319 27
143 28
487 27
189 7
266 1
277 32
163 14
410 4
430 27
85 19
310 25
69 23
398 14
23 1
35 28
333 13
238 23
176 12
177 24
351 14
232 27
309 11
412 7
34 22
5 14
416 11
382 28
485 19
125 32
463 23
343 3
215 17
122 11
8 10
458 14
444 26
189 4
288 16
322 17
293 11
438 12
345 3
43 21
449 16
188 7
30 15
57 9
315 2
339 26
180 20
384 3
337 16
226 16
375 16
296 4
226 29
227 14
403 22
250 19
493 22
113 10
320 2
118 2
199 4
159 14
104 2
352 4
169 22
268 16
477 19
415 30
500 1
475 14
114 12
457 26
13 25
480 4
90 21
317 29
257 32
370 16
73 26
355 18
151 6
137 19
389 19
180 8
395 26
493 9
229 21
318 6
222 5
425 7
450 14
155 18
273 13
269 13
98 19
86 20
97 30
226 17
328 21
76 3
410 12
435 18
221 12
83 14
253 32
104 10
453 23
259 25
135 27
69 8
149 3
183 5
432 32
285 16
16 12
334 1
280 28
266 24
371 9
293 23
208 24
324 20
358 26
384 16
460 16
427 1
310 17
57 18
220 26
353 3
53 18
11 28
305 21
183 19
477 23
298 4
75 9
343 28
407 2
276 22
233 2
178 3
163 27
488 2
280 20
469 24
377 7
368 17
459 6
207 23
377 12
470 11
329 16
234 23
93 17
304 2
63 2
220 5
420 23
310 15
398 10
234 14
461 25
306 11
3 32
58 27
220 27
33 32
395 10
338 27
127 1
164 13
326 31
469 29
441 22
147 30
260 17
315 16
333 8
342 7
336 27
65 19
482 5
306 32
67 7
214 9
135 22
85 9
464 5
409 9
182 16
298 25
436 17
12 8
436 2
455 31
308 15
29 17
320 2
16 2
328 10
282 15
311 30
127 18
270 27
382 27
90 32
244 9
144 27
497 7
164 31
406 24
173 22
260 32
472 24
81 31
357 10
317 31
79 3
144 8
478 10
3 7
409 22
148 24
204 32
334 12
298 3
191 10
377 10
166 16
77 10
350 1
312 27
303 26
461 15
442 26
176 4
209 32
41 16
487 8
203 20
315 12
263 21
173 15
307 30
190 31
288 11
20 27
57 30
340 2
472 21
307 3
224 27
82 16
222 24
64 24
92 10
275 2
87 24
196 29
137 13
127 28
423 26
374 28
172 10
349 3
494 23
142 22
22 7
37 27
143 28
167 10
330 21
291 4
240 26
160 1
370 26
300 28
136 18
475 11
239 19
449 24
330 18
153 27
165 18
93 23
289 7
392 18
404 10
237 7
19 20
371 8
34 3
383 1
48 26
327 14
384 23
369 21
69 18
415 1
211 4
391 15
470 22
173 5
315 21
220 1
157 18
72 22
464 10
62 7
15 32
296 15
366 25
111 30
38 18
18 12
237 20
450 30
393 26
283 7
383 14
243 23
295 14
432 19
120 1
121 26
232 13
384 21
285 11
383 14
372 16
273 16
12 18
17 12
48 15
315 26
4 25
172 27
223 27
409 30
95 5
179 26
149 31
422 21
409 32
458 4
56 26
91 19
304 31
322 23
258 16
484 9
45 31
411 15
257 15
312 19
52 2
28 4
404 25
337 8
457 26
443 8
376 29
282 31
492 23
233 9
91 4
361 15
222 20
253 26
146 8
32 21
53 23
101 9
211 17
120 7
434 27
30 29
299 7
339 18
266 15
242 4
138 11
342 19
78 14
40 31
157 23
272 29
481 12
17 28
12 21
210 5
51 16
254 5
254 28
343 19
367 16
78 28
38 7
67 23
364 26
338 8
381 9
433 29
332 9
404 15
437 26
287 11
409 20
40 30
188 6
237 26
317 6
261 15
437 3
321 32
137 26
172 13
118 12
229 21
404 1
143 17
450 22
31 2
25 10
75 24
155 15
117 4
477 6
30 1
408 22
64 4
360 7
60 17
42 25
130 6
125 8
490 18
405 16
135 6
146 17
493 8
372 14
475 20
191 28
112 26
58 19
494 1
114 13
97 11
45 22
304 29
202 5
94 26
17 32
387 14
289 28
165 16
45 32
211 27
347 22
184 12
200 17
24 1

