256
39 11
201 12
449 5
122 29
336 12
223 15
135 31
475 21
90 5
408 1
55 32
206 21
483 4
139 30
493 23
230 15
205 19
243 5
431 8
478 23
139 4
153 21
122 11
205 15
68 5
395 26
320 28
211 27
328 9
440 32
243 22
203 31
304 9
452 30
160 5
204 2
332 24
274 9
187 30
15 18
294 6
79 6
361 25
120 32
341 23
360 31
432 14
382 19
210 1
321 5
113 4
370 12
84 27
100 30
324 10
375 26
227 25
83 16
446 30
127 18
112 14
221 32
251 14
482 16
434 2
32 18
30 25
45 1
247 16
234 11
461 12
392 8
412 2
479 21
27 5
495 18
295 23
385 13
316 3
209 17
20 16
350 9
345 30
13 27
389 6
217 5
205 8
388 21
81 2
325 7
175 15
449 25
33 9
217 8
51 1
152 15
369 25
471 25
394 32
359 2
81 24
131 22
183 18
254 8
88 18
426 26
249 6
82 5
59 22
333 25
75 4
235 7
485 30
7 18
393 17
12 1
292 26
258 7
215 31
442 30
441 27
415 17
93 8
321 15
294 1
315 20
489 14
162 1
107 24
54 7
236 5
471 16
410 29
354 9
443 3
426 11
365 29
423 29
188 16
311 1
100 18
52 20
27 13
412 9
84 6
483 12
382 21
199 8
385 16
416 12
198 21
414 14
385 17
371 21
284 21
405 15
10 9
323 4
21 22
20 25
403 26
276 5
307 30
428 31
377 27
222 30
387 32
487 32
28 21
344 15
94 8
45 15
408 31
491 5
305 30
385 15
364 32
343 6
485 30
64 9
464 14
286 7
125 16
474 28
185 25
314 14
268 6
232 16
429 14
308 25
84 16
143 3
55 26
468 11
107 11
103 15
168 24
125 4
363 26
295 11
470 8
28 17
170 20
116 18
333 19
34 12
466 16
362 16
13 21
410 32
360 12
246 23
251 2
171 10
171 25
364 12
425 12
80 14
3 28
395 31
118 8
251 16
307 24
455 32
145 25
495 12
228 12
382 7
461 28
296 7
221 3
474 21
254 13
442 12
100 32
295 22
319 21
153 29
360 3
148 24
471 26
359 31
381 5
381 17
348 20
27 20
38 8
64 4
405 9
251 28
396 25
73 14
293 21
191 25
332 6
360 18
332 19
204 4
15 20
257 22
111 11
430 29
487 17
292 7
54 14
246 1
143 19
15 19
395 25
291 30
394 27
380 29
221 31
141 3
19 21
448 25
383 1
129 17
74 20
111 11
18 25
427 8
27 25
446 17
497 5
499 15
387 30
467 11
16 11
45 14
355 4
15 30
221 27
458 22
267 5
124 16
277 10
295 7
195 16
427 19
328 5
285 18
358 12
376 30
62 8
259 21
264 17
358 16
120 31
481 26
235 4
373 31
209 31
165 15
110 28
298 2
220 2
355 2
37 15
303 3
2 9
71 1
186 8
452 5
94 20
394 9
239 6
191 4
488 12
202 17
151 19
238 6
433 5
151 1
27 5
123 8
14 25
145 7
472 24
207 6
380 8
98 2
421 20
65 16
347 23
356 5
117 18
71 29
390 17
222 8
26 32
443 3
37 23
441 24
35 19
277 26
450 10
383 6
14 32
129 28
66 20
61 30
281 11
83 26
55 24
437 16
499 16
470 15
170 26
247 20
260 3
321 5
101 8
282 10
3 30
177 28
98 5
101 22
423 19
400 10
190 16
409 1
67 11
427 5
140 21
292 16
252 5
460 4
316 30
317 18
3 17
237 12
286 5
330 4
224 17
37 1
64 6
305 31
324 16
219 19
460 26
214 27
122 22
414 9
119 10
106 13
427 6
425 16
235 26
271 2
186 32
74 9
253 3
83 20
166 9
242 21
311 8
188 32
185 13
73 15
387 2
479 17
224 19
228 18
360 18
119 21
305 20
498 21
274 4
336 7
381 14
416 15
237 11
326 17
407 22
75 13
280 25
309 31
160 28
164 23
34 2
268 30
473 9
99 11
344 26
37 24
363 12
470 27
406 20
371 13
45 9
309 32
202 22
178 13
153 13
231 30
474 14
376 3
114 14
397 2
259 29
385 14
237 31
72 30
2 19
158 26
239 3
74 28
84 23
300 8
444 11
274 17
380 1
215 14
326 31
303 20
396 7
57 4
245 9
477 22
71 11
144 21
101 9
101 4
319 24
123 2
282 16
383 26
100 5
359 29
412 21
361 31
403 17
142 32
397 2
393 19
252 4
128 24
104 24
91 11
479 6
388 17
313 30
478 5
219 16
189 6
200 17
140 30
318 5
249 26
398 18
33 18

