256
490 1
406 28
120 13
341 4
482 21
339 16
283 29
180 19
236 26
187 7
296 8
377 26
276 18
436 8
497 1
447 19
449 13
330 13
189 18
256 10
463 18
274 13
426 13
156 1
354 10
15 5
425 28
3 12
337 18
184 21
82 10
171 19
186 20
303 14
22 14
248 12
356 17
228 13
473 23
294 2
76 20
327 16
51 5
52 27
118 15
72 8
216 22
434 14
242 24
479 15
497 18
98 4
98 17
133 30
412 30
100 7
437 6
339 32
106 18
226 31
328 9
274 23
391 31
148 8
146 31
98 27
204 15
346 18
223 14
223 6
107 14
473 28
99 3
235 28
404 20
279 19
461 32
125 27
463 13
186 20
251 23
454 26
181 12
459 3
277 26
389 4
207 21
131 26
375 25
361 10
176 15
8 8
43 4
338 13
256 3
316 26
157 14
16 29
69 30
444 17
359 8
284 30
396 18
223 18
130 11
47 22
74 22
293 8
37 31
324 9
357 19
354 26
260 21
54 24
47 21
229 9
180 28
322 23
278 28
344 23
331 2
64 32
295 9
223 16
191 26
328 7
388 25
412 12
254 22
179 32
314 11
408 6
271 14
68 20
477 4
306 15
153 22
62 28
430 20
131 4
181 2
18 25
194 10
68 7
99 6
450 8
357 14
257 23
291 9
378 3
88 19
426 16
256 31
39 5
123 21
304 31
330 18
223 16
455 26
174 25
240 28
168 16
333 13
426 3
101 15
241 32
189 22
131 9
5 26
129 7
42 21
133 4
458 28
99 32
349 8
168 20
247 23
387 11
111 8
53 23
466 18
454 23
311 5
451 27
458 11
497 11
215 6
74 4
189 32
287 21
148 26
329 10
141 11
325 19
379 1
18 8
22 31
350 25
407 28
203 32
83 20
215 5
33 24
321 25
164 11
313 31
413 21
56 21
208 28
359 18
257 16
281 14
347 23
166 17
282 25
469 24
420 27
13 4
322 5
228 9
291 8
499 19
181 15
311 28
434 14
325 6
397 5
24 11
87 25
348 13
409 12
436 28
350 32
483 23
132 26
8 19
250 6
181 30
412 12
21 30
13 5
387 21
301 22
4 4
451 27
460 31
18 19
39 11
47 25
389 22
435 32
304 20
106 13
317 25
328 9
362 16
385 25
100 21
362 3
276 28
305 7
23 2
186 21
40 12
285 13
261 31
176 9
254 17
253 2
150 12
258 31
123 22
463 30
31 5
29 2
488 29
245 26
359 2
422 10
13 27
30 13
425 2
41 11
190 9
100 27
76 22
202 14
203 16
124 21
488 12
243 20
188 31
485 6
120 27
148 12
465 5
108 13
234 13
419 24
145 3
114 9
80 11
122 2
479 1
71 14
452 13
145 20
3 14
37 10
240 8
457 28
213 12
444 18
64 31
425 13
437 27
133 24
205 10
1 31
55 15
353 22
235 13
145 5
478 2
62 1
69 2
272 21
286 4
283 5
134 15
261 2
97 5
289 14
351 17
336 25
64 24
410 26
37 23
239 30
292 12
83 32
374 26
345 27
125 27
211 30
185 16
31 18
68 23
435 2
460 10
26 7
310 8
172 6
46 30
211 21
266 1
48 23
203 8
149 23
222 15
437 11
182 19
392 18
138 26
223 17
95 13
471 4
36 22
101 17
108 12
269 29
308 24
11 6
60 3
337 1
17 17
39 15
443 6
4 12
107 18
176 2
474 18
309 17
344 14
293 27
73 5
323 4
229 9
390 28
343 6
420 27
54 7
113 24
240 8
76 11
342 31
400 23
101 16
28 24
469 8
394 21
233 8
273 9
252 2
452 26
91 31
156 28
181 29
491 17
236 22
471 29
169 6
244 5
429 27
212 18
294 13
142 14
24 30
190 3
427 25
72 5
12 15
364 28
199 19
316 15
272 6
363 28
359 30
208 32
80 27
389 26
79 22
251 26
444 29
80 18
433 23
443 12
230 22
192 16
12 19
214 16
497 9
223 3
34 11
494 30
405 18
191 12
264 29
289 27
85 1
280 14
371 2
165 28
380 32
380 31
67 9
378 11
21 25
269 23
235 15
224 7
348 10
178 7
206 23
21 31
39 13
12 13
226 4
213 5
236 20
200 22
388 17
216 13
29 12
167 11
98 22
458 26
303 3
408 4
453 1
354 15
433 13
252 26
245 4
467 20
407 2
133 18
94 8
54 27
183 32
441 13
461 22
430 19
33 5
475 17
469 24
328 17
45 27
263 21
394 9
472 20
98 16
297 27
155 3
369 9
422 26
173 23
207 26
497 7
143 31
428 3
151 23

