256
464 20
267 20
199 27
288 10
119 6
186 15
160 18
162 32
364 24
495 31
2 2
127 22
114 3
494 13
341 2
459 20
169 13
107 3
415 3
108 30
224 21
332 4
22 13
151 6
396 17
472 17
271 18
274 16
488 16
468 5
469 30
336 5
2 31
355 17
189 18
154 8
310 25
147 11
477 14
216 8
146 20
472 16
137 29
151 25
216 26
9 28
247 20
172 1
138 6
369 18
191 30
442 28
6 4
331 26
89 22
57 15
437 24
2 14
124 29
254 32
474 2
375 13
457 27
321 7
424 29
124 23
62 17
466 15
5 24
252 5
46 8
179 22
187 17
259 18
185 8
353 2
125 12
378 30
478 26
28 5
238 27
219 15
216 13
217 32
36 4
16 17
127 23
267 9
375 9
179 19
241 11
68 25
110 2
298 27
495 25
192 17
476 26
235 31
298 28
466 10
123 1
266 10
175 32
266 29
261 12
311 25
327 3
217 12
176 7
227 30
191 6
106 18
327 13
412 5
144 13
310 6
358 7
367 4
459 1
285 15
280 15
71 2
325 23
394 20
153 20
22 28
37 31
213 23
319 29
191 18
1 8
80 22
427 6
94 21
430 26
455 18
176 9
167 25
163 32
352 28
31 29
363 11
352 3
134 6
51 28
484 8
176 15
113 18
8 22
190 26
287 8
351 23
20 29
167 14
429 26
201 15
95 31
230 18
342 27
467 32
390 14
147 25
364 4
370 16
169 15
13 8
54 19
270 5
83 12
459 11
305 27
26 27
426 19
196 27
469 3
362 2
464 1
275 12
472 4
403 28
55 3
95 8
333 32
33 3
151 31
130 16
1 7
206 18
261 22
44 5
416 6
438 7
118 32
410 9
60 12
228 22
430 7
425 2
390 9
177 17
299 18
200 32
164 9
77 16
158 29
356 21
82 25
156 7
209 13
287 28
229 18
85 6
392 13
272 30
318 12
26 28
457 13
119 20
481 12
247 19
372 22
415 9
98 2
151 6
339 29
277 7
154 17
428 6
74 19
179 19
498 16
62 26
132 9
277 16
80 15
454 27
328 9
255 18
494 17
83 24
45 24
102 26
424 10
447 5
80 1
91 26
32 5
87 11
333 32
127 32
90 28
214 18
4 28
343 14
76 25
181 24
136 3
21 24
164 16
408 7
296 19
376 32
151 19
342 3
178 4
98 31
104 27
36 3
482 18
456 1
7 21
380 26
271 8
405 2
219 13
380 7
163 8
46 21
70 15
499 11
59 24
217 18
110 25
120 7
186 4
351 20
64 30
38 14
129 30
471 28
106 22
66 8
309 7
432 22
349 18
328 7
377 9
272 26
353 12
428 10
171 6
82 6
359 11
271 8
60 1
39 18
442 4
137 19
66 21
332 30
350 8
25 15
260 28
64 16
391 8
149 21
473 22
498 16
200 12
171 8
360 25
129 2
164 17
256 5
185 27
346 11
450 6
113 17
18 32
320 8
371 25
321 20
402 22
379 14
438 25
213 13
461 13
302 12
457 1
56 2
496 17
28 29
123 4
6 24
19 13
399 10
497 27
437 19
241 31
352 18
67 20
178 7
256 12
2 28
388 1
57 7
309 8
328 7
75 17
274 14
9 29
335 2
95 19
256 7
289 19
216 7
22 22
233 5
225 30
192 12
494 29
495 14
184 22
437 15
358 18
56 2
234 18
75 5
364 22
15 20
140 3
358 13
476 6
493 24
27 17
311 32
137 21
173 16
182 1
282 15
319 25
109 32
78 19
232 13
217 15
296 16
329 25
73 8
446 13
355 32
101 1
491 9
174 12
409 31
124 22
246 30
379 30
346 24
388 1
101 24
175 4
16 31
253 4
158 26
4 4
170 13
381 24
341 26
175 13
260 15
291 5
92 17
62 9
328 18
218 12
257 24
176 16
99 12
63 28
125 3
472 30
23 4
158 3
257 24
316 20
334 18
225 18
478 26
66 9
87 3
437 20
379 4
319 17
391 22
288 19
152 11
13 6
462 6
388 10
57 23
438 3
12 22
20 9
447 13
350 26
72 6
81 10
249 15
130 23
484 5
5 27
28 25
308 29
242 8
59 27
102 4
393 6
157 16
306 7
348 31
340 11
292 12
72 12
171 13
178 30
118 11
289 1
255 24
485 1
495 3
499 29
38 23
62 30
154 15
1 1
226 4
124 17
112 31
409 10
396 30
287 29
324 31
361 11
23 25
427 21
240 5
465 1
167 18
27 32
97 3
24 14
70 11
42 21
342 26
314 21
240 5
305 31
27 13
141 25
213 19
418 32
343 30

