256
169 6
166 13
23 3
18 13
194 10
206 17
199 3
316 10
188 28
98 1
65 25
327 24
41 17
45 2
440 31
478 4
448 15
68 14
322 13
222 19
466 19
187 12
405 19
270 21
150 27
397 2
475 3
253 12
455 5
453 26
403 31
354 7
277 13
172 30
62 14
464 15
172 19
395 21
5 16
169 18
382 29
219 29
139 11
76 17
471 20
338 17
14 7
427 31
316 11
92 13
344 12
107 23
410 21
443 2
16 19
271 14
27 5
458 13
163 17
461 29
116 7
209 22
193 4
124 32
438 15
88 5
474 7
499 23
47 6
500 31
404 10
312 7
110 21
299 28
5 16
108 8
262 5
453 2
8 16
166 21
495 13
429 24
151 19
55 14
220 6
112 16
28 23
258 29
395 8
113 15
371 16
222 12
240 19
290 27
102 15
43 32
411 7
416 14
102 6
111 17
227 6
148 26
348 21
95 6
17 15
196 19
278 9
371 18
443 12
264 29
466 27
344 20
481 19
289 26
432 27
255 3
176 10
264 27
11 18
320 27
416 19
413 30
432 11
211 22
294 26
474 15
484 14
487 21
280 3
398 24
230 24
222 29
258 21
280 32
195 23
146 6
466 6
303 5
193 17
474 6
43 12
97 30
469 23
194 24
209 32
459 22
447 8
195 24
369 10
323 3
276 16
24 9
378 11
489 6
43 7
259 5
114 31
315 10
437 20
181 14
303 16
287 10
23 21
453 19
158 24
453 30
95 29
26 28
7 19
393 1
181 12
338 10
6 8
79 31
363 19
144 14
250 14
415 25
115 23
15 32
494 32
205 21
296 3
412 2
449 17
202 13
308 7
274 5
394 8
311 9
462 14
274 28
236 12
188 30
406 30
473 16
21 26
192 24
112 19
321 16
111 27
188 30
265 17
83 15
16 5
267 17
199 12
244 14
79 31
135 24
485 7
439 25
136 10
173 27
437 9
158 31
219 5
317 4
361 31
494 12
143 8
409 21
3 8
126 9
83 12
120 3
71 7
423 18
392 11
157 12
292 22
79 22
215 7
345 15
145 10
303 7
153 23
480 3
214 29
439 4
421 11
66 27
321 1
400 32
287 24
96 30
74 22
440 8
68 12
362 32
326 16
350 6
78 1
485 4
490 19
291 6
37 13
252 13
49 11
273 23
59 24
265 16
41 8
419 8
339 12
23 8
500 12
142 1
257 22
220 10
252 11
7 5
71 14
497 3
408 29
305 26
488 13
97 32
272 31
191 7
499 13
126 6
289 27
426 5
96 10
142 24
212 28
340 10
405 12
252 32
161 4
130 28
125 2
380 4
445 2
210 11
135 24
144 7
306 21
319 2
418 24
453 17
311 20
262 27
183 5
230 7
421 19
491 25
437 30
292 21
291 6
175 13
41 14
199 14
238 29
99 32
32 7
488 6
46 10
408 25
114 26
423 22
348 1
430 32
486 10
16 29
427 18
405 11
359 28
164 1
324 7
308 12
17 15
401 7
396 17
143 6
150 29
247 21
330 9
281 27
102 8
295 32
338 32
346 24
155 1
348 18
475 23
37 20
302 14
406 29
450 24
262 7
464 29
95 17
389 15
164 22
375 2
369 16
157 30
463 27
426 31
493 5
317 9
244 26
170 17
19 19
48 24
217 27
140 20
8 24
390 23
17 24
480 1
179 25
154 14
151 28
156 31
184 32
376 23
442 29
75 16
164 14
239 8
336 27
395 19
406 29
365 31
400 1
11 27
333 29
424 11
96 19
330 23
402 17
57 11
101 19
302 28
456 1
348 7
271 30
338 12
378 2
154 14
398 9
60 26
181 15
269 28
265 14
258 18
6 30
361 10
500 22
74 15
406 9
97 16
366 14
56 32
340 5
225 17
225 20
171 17
470 15
236 2
240 29
251 25
10 15
350 9
125 7
315 26
47 12
58 21
49 5
8 8
173 32
477 22
219 3
6 20
141 18
273 12
438 7
124 8
338 5
160 26
100 7
195 26
90 28
262 10
68 1
230 9
204 10
342 18
408 3
461 28
292 25
427 2
460 10
381 21
226 24
462 25
14 32
27 15
112 32
445 27
409 10
475 32
231 32
386 30
367 22
185 22
431 31
91 14
364 31
390 21
11 15
470 20
210 32
331 9
283 27
204 31
300 6
7 22
198 16
19 8
441 11
425 19
369 20
464 16
338 1
24 8
407 17
224 29
488 30
289 15
180 8
165 27
374 11
212 19
118 2
486 31
136 22
133 20
277 17
87 27
153 6
314 32
455 29
28 6
442 32
416 17
364 1
303 21
455 26

