256
335 30
320 8
134 9
47 26
402 31
285 27
279 29
439 26
136 13
195 8
37 2
90 4
69 29
314 19
120 7
24 10
184 16
105 25
400 27
307 21
141 7
127 3
375 26
360 6
158 3
201 18
472 26
94 1
454 31
179 5
357 14
230 8
249 30
60 20
337 18
152 17
308 23
100 26
48 15
44 21
217 12
251 21
238 28
81 27
102 7
468 30
164 13
53 17
235 4
264 3
478 12
103 13
46 6
171 17
13 6
149 5
161 11
269 22
298 13
293 31
311 16
60 7
12 32
91 6
224 26
20 25
121 27
189 6
176 11
462 20
276 27
269 1
65 17
38 11
238 6
113 16
145 5
226 17
136 12
254 7
22 30
263 10
248 4
12 23
14 5
111 30
287 3
282 4
119 19
214 16
353 22
108 13
350 21
5 30
149 19
196 6
384 3
163 7
114 30
53 19
351 7
472 1
245 13
488 28
424 17
423 24
379 10
476 32
363 1
65 31
91 1
384 2
423 18
456 8
276 4
366 18
375 10
262 19
90 22
186 21
154 25
492 12
490 16
112 32
448 8
66 2
288 1
363 10
51 10
97 2
177 11
451 23
152 4
374 9
165 23
458 31
19 9
54 17
268 21
64 7
45 14
456 4
282 10
394 32
339 30
9 32
304 19
270 27
375 31
400 15
54 1
61 4
157 23
284 1
483 4
343 7
181 15
63 30
172 24
146 11
297 30
378 29
317 31
259 7
290 26
81 19
366 2
118 3
312 10
3 2
453 9
25 29
347 19
446 15
394 23
29 30
449 2
494 5
404 17
307 29
262 31
239 4
232 5
206 23
462 8
41 26
404 1
398 7
3 15
121 28
286 13
437 26
258 19
202 13
35 8
206 12
246 24
127 6
4 20
224 9
39 20
82 11
32 23
397 6
174 5
429 11
369 26
396 30
148 1
138 14
104 19
329 13
491 8
382 6
139 14
311 22
73 16
324 21
223 16
138 12
88 27
206 4
136 25
433 31
49 10
316 32
265 4
56 7
451 30
100 6
43 26
471 11
6 26
71 16
365 25
475 28
479 16
407 6
484 31
248 32
260 15
387 4
58 10
482 29
379 22
450 17
47 28
240 24
417 26
483 29
370 1
84 4
340 22
313 23
180 12
58 27
474 20
167 12
90 8
392 4
433 9
445 12
464 16
235 24
197 10
12 27
174 11
118 26
436 7
40 19
194 6
257 12
393 11
51 22
127 30
154 15
486 14
390 9
133 29
180 5
194 19
247 15
137 29
84 28
147 24
390 20
73 26
359 21
273 21
151 23
54 4
309 23
401 31
339 13
27 30
213 32
412 16
438 12
176 22
471 14
497 20
13 9
358 32
385 18
484 7
232 6
190 12
280 26
294 27
326 4
340 23
391 8
202 17
151 17
54 26
402 18
185 30
118 26
489 22
227 17
389 18
214 6
202 17
20 7
463 5
167 3
87 13
258 32
89 28
368 2
85 13
191 2
35 12
163 7
14 6
51 30
51 12
331 20
109 2
247 7
399 5
77 1
321 18
125 14
446 16
403 2
113 2
151 7
253 30
225 14
407 4
19 25
391 14
209 11
403 7
422 21
71 26
138 27
184 22
4 25
457 23
10 1
352 29
419 4
326 20
74 28
419 28
40 5
145 32
160 24
406 1
200 16
430 1
71 5
302 18
445 27
332 23
179 31
319 2
491 12
93 20
79 11
7 26
23 24
70 30
51 31
114 26
303 24
439 25
360 16
150 25
350 18
315 5
16 1
330 18
332 26
273 18
488 20
231 18
283 4
44 25
127 13
434 17
52 12
153 32
464 18
272 5
135 6
397 19
422 14
212 17
351 9
14 10
116 12
200 6
396 11
82 18
251 15
302 27
239 10
270 22
459 17
70 30
330 3
448 27
396 19
355 23
143 12
288 22
463 27
7 6
81 24
231 28
307 24
338 1
189 15
302 28
351 15
241 20
189 8
282 1
198 24
35 21
207 22
302 25
161 5
231 21
100 21
276 2
345 5
154 13
423 23
32 17
178 32
304 22
163 17
302 1
424 12
405 10
10 30
3 18
366 1
114 30
45 22
223 1
58 1
274 13
331 21
457 28
281 1
226 27
49 7
155 25
67 15
306 20
117 4
449 14
40 10
299 25
155 10
177 25
398 6
45 32
459 1
88 15
113 13
181 18
191 4
338 5
246 11
36 30
303 28
196 18
250 22
130 4
15 3
468 8
460 32
492 2
365 3
8 1
243 25
194 1
228 27
394 13
378 29
187 20
117 22
225 30
227 15
269 10
365 29

