256
14 4
427 13
202 12
98 30
418 31
315 12
369 11
61 20
18 31
404 15
205 15
121 7
350 17
438 32
461 12
103 18
211 13
334 8
301 24
41 30
466 24
269 30
470 29
425 4
4 20
170 28
51 10
298 8
243 23
156 31
318 26
380 16
490 14
291 30
497 28
359 26
39 4
147 20
308 7
347 27
250 9
223 28
10 24
404 12
459 11
158 16
20 26
156 9
455 22
299 11
129 1
412 3
488 26
27 4
332 13
162 25
93 20
437 7
108 24
58 26
250 28
193 5
457 8
129 27
146 19
361 14
288 8
441 23
385 7
274 32
43 24
500 8
171 12
442 22
127 31
47 4
66 24
348 14
439 21
432 28
255 12
358 26
267 26
21 19
320 10
218 18
433 10
201 12
357 6
85 24
493 16
63 30
223 3
80 5
239 19
97 29
7 10
239 17
307 7
276 2
256 21
339 17
414 12
496 19
33 28
458 21
211 4
435 17
430 30
298 28
228 22
13 14
51 15
7 1
213 2
334 4
478 20
360 20
415 15
14 16
287 15
176 21
342 22
134 24
475 27
143 3
176 11
436 14
109 14
286 13
427 15
141 5
494 4
148 1
59 29
60 29
335 19
193 28
197 22
299 27
460 6
373 31
300 13
64 9
454 25
81 9
319 5
489 9
73 4
73 27
500 24
327 10
218 7
361 18
401 24
85 12
305 9
347 12
321 22
364 15
259 9
359 21
17 3
241 21
334 5
423 5
296 5
18 6
472 18
427 8
389 3
231 5
24 29
149 32
339 4
470 1
456 4
25 25
378 18
265 11
430 28
395 18
436 28
443 11
142 13
278 22
84 5
75 27
289 11
450 19
86 8
427 26
451 8
218 17
421 30
391 14
169 10
279 25
49 21
363 18
442 21
72 17
353 2
483 25
72 4
472 25
55 30
402 22
201 3
38 29
453 32
323 25
65 9
77 14
174 20
7 31
284 6
491 32
427 25
480 18
108 3
7 7
349 28
20 5
379 1
22 31
336 12
303 9
296 8
70 17
23 20
287 2
358 29
145 32
453 24
486 17
427 28
75 27
103 18
175 21
2 32
163 17
391 10
441 31
49 14
359 11
438 30
80 27
478 12
282 15
199 11
195 29
110 21
251 29
214 22
45 23
473 4
403 32
229 32
254 29
205 12
51 14
461 18
288 3
57 2
425 31
40 15
84 18
239 18
66 8
111 30
18 28
21 4
151 13
467 24
377 16
367 15
17 12
408 5
322 28
78 30
423 17
216 22
118 14
191 15
257 14
145 18
441 13
249 3
118 24
346 2
91 28
273 3
243 16
263 20
348 12
161 6
309 28
479 30
181 1
461 29
174 25
62 22
473 3
56 30
230 17
436 32
317 16
278 19
91 9
327 10
84 23
411 16
215 9
170 27
410 26
184 23
438 5
401 22
407 4
352 32
61 19
307 1
346 1
287 32
329 25
226 28
452 24
156 2
377 25
264 10
306 19
72 3
44 12
152 30
280 11
290 4
141 28
68 30
384 22
274 4
171 7
476 30
190 11
491 30
455 26
203 20
201 7
2 4
98 13
397 1
360 30
420 20
486 7
190 21
397 15
433 11
17 24
40 18
38 6
124 4
135 22
103 11
304 12
282 14
312 15
482 15
68 18
375 5
444 20
274 20
82 18
406 22
465 5
155 10
178 22
197 9
456 3
351 7
458 1
364 5
367 2
144 26
451 22
339 10
285 24
86 10
21 27
315 17
140 5
190 9
99 6
333 6
388 4
164 21
20 32
465 18
225 12
171 19
329 9
420 9
324 25
182 8
200 16
180 19
317 17
7 15
106 12
320 29
227 31
189 18
10 10
483 30
113 13
260 22
14 12
406 21
36 16
33 23
435 20
425 19
285 4
369 26
475 20
235 29
23 7
298 16
428 16
118 5
136 29
334 17
408 23
190 12
30 2
382 5
137 11
419 25
90 24
163 28
179 9
116 29
23 5
85 31
248 26
47 15
430 28
236 30
322 5
485 24
350 10
20 26
24 18
259 1
281 5
28 20
373 19
160 27
111 28
49 10
297 27
93 11
326 24
268 8
104 16
203 1
117 26
290 13
363 12
105 20
172 9
103 28
331 22
291 18
62 15
151 6
286 19
288 31
70 23
462 5
158 4
125 31
89 31
267 8
314 23
447 26
207 1
381 26
366 11
183 7
362 5
489 3
76 28
109 1
183 7
22 24
438 10
466 7
264 32
330 18
307 8
415 21
28 31
254 29
318 24
172 3
269 16
177 20
287 5
44 29
207 25
161 21
63 10

