256
44 7
305 31
19 14
404 13
352 23
428 24
33 27
283 27
87 7
9 11
210 24
256 7
34 20
358 3
270 11
362 1
405 26
199 3
75 22
107 6
268 2
85 13
436 11
159 27
258 27
125 23
218 28
429 31
251 11
465 25
281 10
37 5
195 24
459 9
41 22
398 25
451 10
461 19
53 11
409 6
285 17
128 23
117 24
457 27
46 22
91 22
451 12
362 2
215 1
118 15
238 24
415 12
349 11
426 21
345 10
414 26
71 21
484 7
301 4
405 14
65 20
376 24
475 29
365 1
261 2
147 18
349 22
390 26
288 27
154 21
353 8
262 31
312 29
461 8
388 5
162 25
212 25
172 22
329 8
430 18
369 5
291 2
490 32
471 25
199 8
409 31
43 26
325 11
118 1
318 22
1 7
162 29
219 29
454 20
72 8
489 12
312 7
361 5
163 7
77 1
455 10
411 29
7 27
203 25
371 25
186 31
351 27
139 30
383 13
469 26
328 21
245 31
439 18
439 1
436 31
313 6
352 31
91 11
161 9
187 19
165 16
106 32
70 12
437 32
40 13
257 11
213 29
357 27
106 11
104 6
14 28
135 17
491 13
427 19
370 29
386 22
336 23
401 21
438 17
208 26
93 12
196 29
465 13
160 22
199 19
167 32
382 6
429 8
378 11
227 7
320 32
485 19
454 17
60 23
222 27
368 30
83 20
323 15
468 18
172 22
448 31
230 17
492 6
53 21
364 19
320 23
242 24
338 7
40 17
85 9
15 13
279 17
368 1
347 31
434 3
352 21
209 9
61 4
90 29
420 30
95 19
136 32
246 29
30 18
221 3
398 24
419 32
36 14
276 7
472 17
253 31
293 9
404 10
12 21
170 3
298 21
374 6
100 31
258 26
404 15
96 10
66 10
477 13
151 9
335 2
165 27
296 30
251 7
163 14
396 12
193 13
448 6
478 20
36 20
29 20
66 8
93 7
341 5
435 7
173 6
316 6
60 7
147 3
14 9
72 9
492 32
305 20
33 7
339 9
370 19
8 27
194 24
417 10
20 19
376 9
324 23
234 24
5 16
398 10
40 9
130 11
437 7
322 13
69 4
389 6
378 16
224 15
199 32
308 3
194 7
115 10
77 24
105 26
79 26
451 30
174 21
352 10
367 6
283 7
185 11
372 31
123 11
337 1
438 5
243 27
179 13
352 8
56 4
189 10
309 3
103 31
71 15
296 17
480 30
223 28
453 2
430 3
392 7
247 21
115 6
312 21
198 19
400 22
471 28
91 19
79 6
465 21
352 25
438 7
42 28
198 30
458 28
272 9
246 3
178 12
212 13
4 25
3 28
218 21
47 13
456 21
206 24
126 5
384 15
239 6
426 12
123 7
63 3
232 8
117 13
371 12
453 19
440 23
482 18
280 4
318 19
5 15
6 2
431 26
248 29
167 25
104 1
408 15
35 15
178 7
103 9
330 19
127 22
361 8
483 20
487 4
226 3
174 16
176 4
473 19
124 7
448 7
279 11
97 10
197 11
316 19
27 2
205 13
471 13
464 29
57 30
104 6
145 17
365 4
232 29
95 19
179 2
433 10
100 14
271 4
8 2
446 10
435 26
390 25
214 9
209 6
154 20
52 6
88 32
322 23
457 32
25 31
161 2
444 12
191 26
55 6
4 4
435 30
149 4
47 2
28 11
484 17
67 19
183 2
154 32
177 14
123 1
449 31
214 20
42 16
310 24
305 9
447 3
102 23
266 28
308 17
403 31
178 5
177 24
326 3
67 30
496 21
259 28
471 32
188 28
228 29
311 4
161 13
123 10
55 12
114 26
385 12
5 30
188 9
125 21
67 11
219 27
231 17
358 17
300 5
268 31
245 30
411 5
186 9
19 12
124 20
453 16
351 29
421 14
194 1
402 16
87 20
174 9
300 32
73 20
428 4
330 5
269 20
429 10
124 23
45 16
282 26
107 8
158 12
169 27
424 23
111 23
394 20
383 14
167 24
497 23
147 18
471 28
418 3
73 1
50 26
492 3
467 15
463 8
126 31
475 5
257 13
263 31
72 26
48 19
453 12
185 11
73 3
218 2
405 11
235 30
408 18
137 22
324 11
349 25
285 31
54 30
259 24
44 11
313 7
421 1
190 5
216 14
463 17
456 11
75 18
25 30
415 9
59 3
463 16
243 27
82 24
140 25
464 19
375 32
477 31
393 10
103 12
280 9
392 7
135 23
276 27
152 26
23 7
484 21
322 23
84 3
374 7
447 29
258 29
465 18
319 29
104 29
316 19
189 3
469 24
377 16

