256
42 8
244 23
429 24
294 24
159 30
410 25
73 2
180 18
147 12
489 12
45 12
298 15
256 28
277 21
142 2
388 31
318 19
294 2
374 19
349 28
380 3
92 24
316 3
273 2
206 29
290 31
288 19
333 7
338 13
455 31
211 30
14 24
176 19
477 25
245 18
285 20
436 8
279 23
351 19
416 24
15 5
158 22
496 3
48 5
303 23
16 29
48 1
392 4
187 13
328 23
398 16
258 17
340 20
287 2
438 30
449 20
111 15
457 26
449 4
142 31
358 1
116 14
37 15
333 19
79 12
357 24
124 18
160 19
1 14
356 10
500 12
93 14
262 5
419 10
405 4
165 2
69 4
223 5
490 31
32 13
419 32
396 6
2 12
208 22
353 11
292 4
218 28
165 16
137 23
245 9
495 1
358 31
392 25
19 22
487 26
302 1
290 5
298 11
104 29
144 9
419 31
160 29
375 29
172 27
259 4
255 13
177 12
315 8
192 14
301 27
439 30
287 32
151 1
370 18
441 10
62 4
4 6
52 2
250 11
240 20
138 30
261 18
458 11
234 13
464 22
31 31
340 2
130 22
254 8
95 30
69 1
257 24
82 32
302 7
382 21
190 24
387 26
37 28
229 2
344 28
8 15
94 11
44 24
188 17
279 6
194 15
142 15
418 11
462 31
405 24
112 11
67 6
396 23
45 8
77 8
316 16
114 29
282 5
188 25
305 18
454 3
312 4
153 6
170 30
152 31
309 23
21 3
464 12
330 28
40 18
248 23
341 25
467 26
370 7
294 18
472 15
376 24
194 4
217 32
494 32
438 22
335 6
29 18
225 18
158 4
263 17
470 3
469 13
76 6
295 13
68 10
319 11
253 13
323 29
376 16
41 9
469 19
474 29
376 30
354 17
462 16
493 27
422 10
423 13
151 25
69 6
187 20
365 3
252 31
112 11
354 28
143 18
230 32
23 17
313 28
342 30
196 2
261 29
147 31
466 26
252 2
219 26
273 15
228 20
121 27
354 26
342 16
500 3
111 26
380 12
101 21
253 32
406 1
265 1
48 6
54 23
115 24
440 28
207 11
467 19
358 13
5 27
316 24
474 11
229 17
406 5
277 30
125 26
23 1
438 30
470 19
72 12
263 3
27 17
29 22
147 18
314 15
141 29
6 10
259 22
170 28
415 30
174 31
331 24
131 17
469 4
259 8
387 13
254 22
193 22
259 32
372 12
194 20
52 20
329 15
285 22
326 3
295 3
441 9
398 31
245 14
22 28
257 17
228 30
174 5
144 16
464 27
3 17
230 2
208 10
68 13
55 26
395 17
244 16
177 22
406 18
359 16
277 24
188 20
477 5
128 8
144 27
338 14
452 15
403 15
476 31
207 22
216 10
434 19
289 31
452 6
32 11
473 28
278 20
15 22
224 7
78 11
289 31
216 12
38 7
103 5
89 21
247 28
262 32
466 22
290 22
96 13
432 16
332 1
284 23
166 27
193 19
226 29
214 29
73 31
411 3
115 7
187 29
154 21
393 16
498 26
241 5
207 4
365 14
84 24
88 25
6 32
196 23
113 29
24 5
11 22
63 29
285 29
338 30
49 22
113 27
115 17
343 21
376 19
415 23
58 6
60 28
486 27
498 2
15 5
486 17
159 12
1 23
148 6
84 25
271 1
447 10
401 17
262 5
348 32
235 13
30 10
320 11
400 26
316 26
42 17
290 24
52 23
494 3
184 2
99 23
126 13
44 18
186 29
154 1
333 17
141 2
386 21
432 30
482 23
51 11
251 1
223 2
335 16
56 18
145 31
324 18
51 7
500 8
24 25
472 32
245 21
273 3
277 12
268 22
302 22
132 8
158 2
205 12
274 12
362 2
266 5
392 21
404 23
256 15
247 4
338 24
44 14
474 32
313 25
429 26
410 20
17 4
118 9
263 7
184 12
160 30
161 27
470 28
145 13
194 32
304 23
87 7
492 16
18 28
152 26
269 21
62 21
332 3
209 7
421 16
218 16
193 2
335 30
293 27
387 6
222 26
368 16
241 31
219 6
14 6
260 14
135 13
270 18
351 30
60 23
222 10
202 26
359 16
76 8
367 2
341 4
207 9
100 27
419 18
409 1
392 32
418 18
340 16
195 26
17 27
312 26
236 21
152 14
401 11
301 15
392 2
206 6
54 5
397 16
475 1
108 14
176 30
95 11
65 1
408 25
247 19
171 30
83 6
280 11
252 32
249 27
425 11
92 10
111 32
302 5
496 9
154 31
286 16
389 18
241 12
283 11
366 29
321 5
478 20
431 17
383 8

