256
460 8
45 24
230 7
308 11
422 18
360 21
238 20
215 29
398 4
235 22
62 9
163 17
281 19
318 11
333 7
237 24
158 6
144 8
28 15
422 9
300 1
197 22
9 7
138 22
42 28
364 23
244 2
156 1
36 13
203 28
332 15
160 1
424 3
228 32
457 25
252 17
282 5
498 14
211 23
399 21
358 14
59 21
343 18
477 3
187 31
246 18
470 17
358 1
411 26
196 4
86 8
328 11
248 25
360 22
459 27
414 32
224 21
268 23
186 9
297 4
127 22
93 20
151 7
341 25
388 20
132 17
335 15
340 6
283 19
392 21
161 5
260 21
129 8
155 31
124 3
38 22
344 23
198 30
433 30
407 28
277 18
292 12
349 7
45 7
386 12
428 6
445 15
134 9
214 4
239 5
238 9
439 30
111 4
427 27
25 17
214 17
75 1
264 3
340 13
257 1
448 4
122 8
371 32
169 8
43 23
125 9
387 7
214 29
198 32
391 10
325 12
374 19
461 22
25 20
298 29
376 25
317 25
193 19
104 17
474 27
471 6
279 6
12 8
58 21
131 25
134 23
404 24
57 16
349 29
367 14
214 22
446 26
91 6
68 6
350 5
340 29
491 2
30 22
461 3
63 16
387 8
102 31
407 15
358 11
91 17
104 4
466 30
185 20
187 8
102 25
497 25
209 23
263 22
340 3
176 22
18 19
154 24
57 28
130 30
167 16
138 30
376 20
171 16
363 30
164 32
246 4
461 10
350 19
395 5
149 22
295 7
336 24
490 24
211 3
158 25
42 3
351 5
454 17
329 29
230 12
484 3
355 20
280 8
18 10
244 27
96 6
37 7
41 30
27 16
348 20
480 17
182 30
158 12
203 10
304 28
33 3
111 3
83 10
442 28
416 21
470 19
279 22
145 23
235 23
70 18
58 14
471 32
83 24
227 25
169 18
273 21
372 19
291 10
272 32
258 15
120 27
401 14
437 26
69 3
68 10
253 26
391 23
69 2
406 3
314 14
28 14
126 7
468 24
205 28
499 22
130 10
392 11
368 32
280 28
351 19
425 23
176 28
29 4
493 26
390 22
7 25
96 8
168 3
399 16
6 21
37 8
366 20
370 21
460 21
20 22
199 21
264 19
464 24
118 12
77 28
465 23
128 4
418 19
475 28
370 4
64 6
319 13
38 28
162 13
40 17
158 23
329 13
465 20
416 30
99 20
293 32
426 13
475 7
67 9
158 1
133 17
46 23
1 31
343 30
431 2
47 12
324 19
212 32
167 27
74 5
470 22
180 23
138 7
237 1
307 30
345 27
318 6
94 11
325 4
332 15
21 22
47 29
105 18
484 15
89 25
387 26
127 23
305 16
425 13
172 11
139 16
374 24
406 23
126 26
254 10
336 30
187 2
470 7
344 22
413 32
214 8
341 28
218 9
308 26
38 27
76 32
347 9
483 32
267 25
333 24
418 32
498 32
254 15
247 21
476 27
232 18
310 12
233 31
69 24
372 10
223 28
485 29
100 31
172 3
427 20
442 24
375 15
300 20
110 30
76 1
56 27
330 26
231 31
244 27
306 16
108 8
119 12
448 14
410 31
436 1
326 10
32 5
168 15
180 21
228 32
418 4
414 7
149 32
161 20
294 27
63 29
346 13
196 6
399 18
468 10
294 22
415 9
346 11
8 17
63 3
484 20
370 10
227 2
41 31
466 3
205 24
439 27
61 7
48 31
240 3
496 9
12 27
413 17
197 8
86 3
359 17
91 16
466 17
98 3
55 7
45 8
442 3
14 2
117 1
164 32
279 8
444 27
422 25
499 6
128 12
228 10
5 30
214 22
486 11
180 29
77 28
4 14
59 5
224 7
429 15
383 7
398 14
349 23
34 12
140 6
487 4
147 19
37 8
165 15
374 32
415 2
420 14
172 26
286 31
4 22
281 6
124 3
416 29
201 25
376 21
462 30
208 13
205 24
172 25
118 6
416 16
51 19
153 22
16 14
468 12
3 1
109 31
131 4
155 27
325 2
23 26
243 6
450 15
178 26
167 3
371 31
31 5
121 15
495 29
121 14
156 31
414 24
305 16
140 23
227 24
488 25
305 23
331 23
29 28
228 12
154 14
482 16
222 26
367 12
238 27
382 29
165 7
361 22
191 16
280 1
19 4
369 23
202 23
429 30
58 28
129 16
457 18
247 27
212 29
98 1
155 31
46 16
126 18
141 28
461 16
288 7
39 20
153 12
355 10
322 28
441 18
327 14
60 10
428 15
390 13
423 29
356 12
216 17
429 16
352 29
127 7
219 18

