256
116 19
43 25
298 18
64 7
124 1
45 19
434 6
184 14
14 16
453 5
111 21
192 3
108 12
466 13
56 11
490 32
453 24
112 30
246 31
384 29
359 16
380 9
66 27
454 19
102 23
127 12
195 10
122 14
249 24
366 5
414 16
476 30
91 27
115 16
113 30
57 24
482 28
468 3
202 21
329 31
179 11
366 21
124 24
26 9
279 28
29 16
451 16
409 17
294 7
229 2
76 13
229 17
424 24
455 29
469 7
279 23
441 4
372 5
187 13
141 9
492 25
360 18
24 4
187 17
142 3
426 14
403 11
126 22
54 17
154 14
67 12
21 8
131 16
424 10
492 24
134 4
84 10
277 23
113 23
127 23
229 24
176 7
410 1
160 4
233 13
485 8
448 21
159 7
100 26
248 32
349 1
75 32
78 23
242 23
18 28
149 6
123 16
81 21
476 8
348 1
257 8
212 12
41 22
486 32
155 1
231 31
466 1
286 11
212 19
437 5
98 13
326 32
260 22
104 12
350 11
148 18
487 19
161 15
80 15
18 22
231 13
236 16
257 17
443 4
251 27
48 16
316 18
271 3
483 3
14 4
29 25
141 31
19 18
41 18
152 27
183 14
11 26
430 19
142 24
87 12
102 30
443 25
63 10
196 22
440 9
81 24
370 14
483 12
375 3
190 30
433 4
259 3
494 8
62 7
263 12
231 17
337 13
485 24
386 4
297 1
241 5
293 14
450 15
201 16
149 22
53 14
114 24
228 23
203 5
445 30
492 15
34 25
348 22
228 17
402 28
410 6
104 10
103 18
328 11
229 8
193 14
261 26
297 5
116 3
481 12
316 25
87 13
153 22
423 32
370 28
107 23
317 26
332 19
115 23
221 12
339 29
329 19
422 29
291 5
475 32
301 31
448 11
343 8
172 13
183 5
440 1
172 8
350 27
174 5
366 23
12 16
11 8
6 9
316 25
173 2
272 29
432 15
211 11
22 6
243 28
127 31
344 6
142 21
152 32
361 17
414 8
72 8
415 2
208 18
78 29
224 17
57 19
271 32
133 20
353 20
347 15
262 10
128 23
86 20
70 23
148 11
22 4
259 13
1 2
222 30
50 17
278 23
304 12
226 32
191 26
15 13
261 4
78 28
31 19
371 16
461 19
287 7
442 13
475 26
362 16
371 12
493 4
370 4
47 23
435 13
376 22
273 24
77 14
228 19
364 2
263 9
468 29
11 9
93 1
54 22
32 24
217 16
423 2
23 9
32 22
57 8
407 13
247 3
382 18
146 26
72 24
422 7
308 16
152 28
268 17
57 31
129 18
27 3
211 1
372 11
6 32
206 32
109 16
451 6
426 24
87 21
355 32
239 2
291 10
265 30
95 13
61 3
446 11
477 17
487 16
455 1
128 12
460 28
111 2
429 28
209 32
236 7
375 11
428 14
216 4
427 14
13 7
236 14
277 21
318 28
412 24
312 19
431 27
126 30
385 15
281 21
422 9
8 12
343 3
165 6
127 4
220 23
134 3
300 27
19 2
378 27
241 17
469 28
163 27
65 7
353 17
140 22
65 23
273 11
433 26
317 31
233 4
49 6
194 25
128 29
318 21
495 18
397 3
81 16
261 5
458 5
194 17
90 14
447 27
17 32
4 9
438 16
424 19
453 17
187 21
181 4
289 3
413 14
342 2
449 2
342 18
419 27
59 32
145 9
74 1
384 13
197 6
16 20
12 17
88 2
401 17
257 13
147 25
78 24
366 22
442 32
136 32
94 10
71 2
50 25
102 26
425 10
459 1
269 22
409 1
223 21
329 27
201 3
499 27
315 13
156 20
424 23
319 5
188 17
459 18
385 8
23 14
62 9
102 14
6 30
242 20
22 30
58 18
397 32
352 27
124 28
170 23
354 32
416 18
228 2
131 25
137 13
274 26
189 19
232 18
236 21
273 1
395 18
330 19
89 30
57 29
245 26
111 10
65 14
491 8
103 29
256 24
477 5
141 29
255 24
358 6
49 18
98 31
163 24
437 20
313 29
168 13
70 2
154 14
8 17
129 30
117 21
53 22
117 6
258 16
417 32
213 9
301 27
259 20
90 23
419 6
39 22
310 8
215 7
445 6
311 10
184 4
14 24
225 22
429 10
205 26
301 26
14 26
80 9
417 5
171 19
274 18
272 27
21 30
101 14
60 24
95 7
43 20
478 19
89 27
100 14
456 5
211 21
354 26
297 10
162 28
308 7
233 3
221 5
416 1
422 3
84 8
217 18
123 7
392 4
305 32
357 20
96 23
432 1
60 5
70 13
252 5

