256
273 30
5 15
392 25
122 31
183 12
486 9
73 22
309 28
498 17
316 16
301 20
363 23
110 21
480 23
146 24
213 18
442 2
401 21
18 2
451 24
461 9
360 22
462 24
5 23
248 16
266 13
495 25
363 13
457 22
107 30
106 12
372 3
389 16
83 6
145 10
309 29
174 28
342 15
40 2
446 27
166 11
39 20
191 10
468 16
95 3
101 12
98 28
450 26
447 5
95 27
270 27
48 31
274 9
429 9
87 18
452 28
437 10
115 31
243 15
126 18
9 27
389 30
254 11
443 1
223 21
143 28
143 18
138 4
431 6
81 5
292 16
120 20
225 14
206 12
168 32
157 12
114 25
133 15
235 31
67 17
315 10
152 1
251 5
225 21
207 17
401 2
188 24
77 24
106 6
231 1
169 31
301 30
284 21
1 26
212 27
327 6
480 22
187 31
119 11
115 5
67 12
26 26
387 26
17 8
439 20
117 4
338 21
241 9
201 13
343 28
364 13
290 11
350 8
277 28
238 28
348 12
111 5
57 9
178 21
193 29
376 25
76 26
225 32
38 21
261 4
189 20
104 18
170 18
157 7
125 10
42 13
197 8
197 25
352 15
381 32
343 21
352 10
322 4
85 15
205 21
295 9
172 2
74 6
203 18
140 32
475 13
152 15
184 28
127 3
74 19
79 20
263 26
185 20
210 6
499 22
170 21
10 2
190 23
387 9
16 18
72 2
58 19
12 17
422 22
127 24
496 21
115 15
339 8
46 12
125 4
313 6
336 30
339 14
256 13
122 27
250 29
464 27
267 11
251 28
316 30
387 7
286 30
421 32
5 23
23 17
362 11
274 18
8 29
427 27
189 20
237 7
92 16
449 30
378 12
249 25
429 12
4 26
193 20
190 13
242 4
29 4
399 18
153 22
118 19
225 23
330 5
97 21
365 29
482 14
96 10
435 16
421 6
90 29
213 3
161 3
342 5
410 20
343 26
202 4
344 26
266 17
238 22
297 18
259 22
196 26
211 6
230 20
271 19
96 3
449 25
141 26
297 10
234 19
463 23
451 14
212 16
182 13
282 2
255 24
107 30
97 22
283 26
301 13
496 24
387 32
4 20
86 13
429 7
291 32
457 21
401 12
309 11
320 10
412 22
481 3
227 17
188 21
255 32
413 22
87 16
46 7
31 15
95 31
5 17
406 17
478 11
480 10
241 19
227 32
225 19
22 27
135 25
312 13
48 16
491 15
227 24
77 1
222 7
420 26
55 29
186 28
483 5
169 27
315 23
79 31
453 28
342 12
309 9
328 12
80 26
490 23
409 14
119 22
88 22
355 11
215 24
378 25
408 11
476 19
293 14
465 10
5 10
185 29
162 12
373 10
386 2
104 22
132 22
276 3
112 26
65 30
374 19
226 13
341 9
207 29
254 16
378 31
329 26
275 11
278 3
436 11
361 19
308 20
260 11
62 19
65 3
48 22
69 6
274 17
474 1
393 4
4 19
190 8
184 28
174 17
111 5
475 3
499 27
314 31
217 11
129 9
1 1
422 1
302 32
181 19
28 30
354 15
196 23
214 27
359 8
192 17
348 6
143 3
152 8
457 5
182 17
1 31
465 11
455 22
470 16
41 9
61 30
231 28
141 12
486 7
183 1
319 31
47 9
81 6
268 1
418 1
473 23
335 2
193 30
203 10
129 31
362 25
341 8
296 17
387 9
331 6
162 13
452 16
461 4
109 4
420 31
380 20
297 3
33 21
208 12
354 12
182 15
376 6
158 23
206 8
303 12
465 8
36 16
375 12
151 12
279 22
362 19
166 30
225 30
350 20
285 15
119 19
121 2
192 18
16 14
25 22
433 6
486 17
257 20
20 8
47 11
329 8
309 6
269 17
192 22
316 12
24 2
294 32
131 22
125 26
235 10
167 27
491 12
339 3
216 7
358 30
9 7
374 13
384 10
349 15
112 32
255 3
301 24
483 3
237 19
428 15
460 10
490 10
450 20
253 21
390 22
130 10
500 23
214 8
497 18
162 32
429 16
446 17
168 4
11 20
239 14
227 18
384 12
352 13
247 8
201 25
65 18
34 25
185 24
152 9
13 21
492 26
433 9
22 12
69 29
207 3
322 1
208 1
352 15
93 11
366 13
439 19
327 4
199 7
71 10
43 4
366 22
377 2
322 6
101 10
282 12
400 12
444 32
12 24
370 25
98 4
249 4
18 3
359 32
437 2
417 23
217 6
216 1
432 10
342 20
279 8
191 31
79 11
138 30
282 11
398 3
94 27
414 3
73 12
30 6
53 10
192 17

