256
141 7
61 29
478 27
253 23
435 24
345 13
133 26
276 23
104 31
159 20
216 19
487 4
21 21
251 13
228 12
149 28
438 17
12 3
439 25
157 26
156 30
154 28
275 17
470 3
20 8
62 19
490 32
250 15
40 4
139 15
327 11
339 32
496 2
31 6
466 27
11 9
392 4
113 15
445 22
249 4
62 6
402 23
61 11
117 25
3 31
219 29
42 17
445 5
259 31
26 12
365 9
401 17
52 25
275 32
446 15
459 11
36 24
262 24
363 6
48 17
485 23
397 14
27 9
266 25
167 27
65 32
179 25
140 15
329 14
226 30
140 17
133 15
248 10
474 10
475 22
178 19
492 7
336 18
267 17
7 22
244 15
169 14
387 4
4 23
425 10
340 12
118 28
294 1
69 31
179 20
140 4
2 31
282 6
353 25
290 27
186 1
133 2
307 15
365 10
437 21
391 24
408 12
100 25
429 24
171 23
63 11
314 17
145 4
106 25
348 11
207 9
280 27
442 26
209 14
247 13
298 22
273 1
349 24
109 13
243 15
235 26
441 29
74 2
348 31
434 27
425 13
431 20
331 12
141 16
29 16
36 26
377 32
234 5
235 18
206 6
324 20
487 25
192 8
54 15
442 19
85 14
127 11
422 6
90 14
349 14
449 16
147 1
248 32
106 6
425 23
163 17
454 9
217 26
412 2
36 21
108 17
71 19
339 4
396 17
405 12
250 14
183 5
382 10
128 19
116 21
149 26
357 19
279 13
100 18
194 19
247 1
107 9
239 30
160 10
78 28
81 11
269 16
75 23
45 19
341 8
311 18
290 11
444 4
91 15
461 4
381 27
288 4
227 23
137 14
12 14
154 21
244 18
60 7
276 28
225 17
116 31
310 5
53 5
324 31
499 28
278 19
195 5
218 25
91 22
11 27
271 16
251 27
289 18
185 9
265 25
385 16
147 26
136 31
298 27
341 16
447 30
26 13
182 24
265 29
301 11
431 16
494 5
438 27
342 10
51 2
86 27
338 24
332 5
430 17
284 18
480 22
239 1
74 16
452 6
396 5
317 2
28 10
358 29
444 27
290 6
305 7
484 14
458 19
466 19
499 17
8 2
330 18
335 7
17 26
445 13
242 29
90 17
422 20
437 10
146 18
63 10
304 15
295 21
65 9
499 4
213 10
41 31
103 7
149 28
217 17
236 30
353 21
79 19
476 27
492 22
445 10
275 4
452 22
9 25
34 31
80 22
365 32
140 3
51 25
142 7
381 5
76 22
54 18
212 1
373 3
2 25
108 21
64 4
50 20
76 7
283 23
328 27
330 16
169 28
108 27
350 16
39 6
425 24
283 12
325 3
338 14
323 26
306 23
357 11
14 24
289 28
142 13
146 3
288 19
55 3
477 32
86 11
33 23
311 28
146 27
322 16
312 25
133 10
235 5
176 24
272 5
396 9
137 9
235 12
59 9
22 7
397 31
106 13
117 20
96 23
402 6
450 21
266 14
182 12
70 18
99 13
26 22
105 6
239 31
437 25
480 30
388 16
64 17
156 17
408 4
147 17
373 12
373 6
29 3
489 10
116 19
142 9
285 10
6 7
288 30
23 15
251 30
346 22
254 26
50 17
105 12
173 5
143 6
466 15
304 26
324 27
392 13
115 20
414 16
50 30
413 25
320 7
334 10
180 4
19 2
452 31
277 21
451 4
374 12
146 1
221 10
299 16
286 29
140 12
384 29
401 24
465 20
310 11
237 25
90 31
422 1
229 7
369 31
470 14
446 27
270 14
436 8
482 26
184 1
273 15
13 13
362 18
244 3
480 29
216 9
87 21
313 24
335 30
198 4
275 32
123 25
13 2
464 10
279 4
318 31
66 7
75 24
12 11
154 19
3 21
263 1
6 3
108 4
256 14
496 11
301 6
427 25
27 2
159 2
241 12
208 23
10 11
438 9
305 7
215 27
460 21
247 5
404 19
156 23
12 15
41 12
120 3
476 27
61 6
304 9
314 27
459 3
497 12
400 25
339 6
459 14
295 14
114 18
264 25
208 31
420 9
290 27
271 13
389 15
103 16
484 4
407 22
294 15
42 17
56 20
11 26
29 17
275 18
354 6
410 9
16 17
13 13
424 28
274 32
466 12
356 1
347 26
95 20
16 24
185 15
219 27
289 11
351 15
388 12
453 5
468 24
330 5
477 1
468 30
416 9
329 15
86 23
384 32
166 16
19 14
322 1
100 6
483 18
25 6
5 9
370 17
296 31
305 4
303 20
225 31
56 9
341 5
79 21
172 9
476 26
150 1
426 30

