256
74 19
92 13
437 28
356 25
128 10
44 8
287 9
83 22
336 30
140 17
387 6
415 10
8 25
22 31
478 8
152 31
498 11
11 26
135 14
411 30
195 2
389 29
83 4
267 10
197 10
314 3
107 8
428 14
93 13
376 30
272 20
472 14
122 6
55 4
52 25
370 10
271 6
283 5
229 25
122 10
158 8
212 16
15 24
81 15
440 8
28 24
187 7
185 25
37 11
268 32
204 29
389 30
247 15
326 11
423 15
104 8
234 32
195 5
307 19
207 26
287 31
309 21
437 21
485 17
232 9
264 3
241 25
260 7
175 1
314 14
235 5
177 5
84 12
217 26
202 27
488 24
361 4
313 30
493 25
122 24
401 30
362 6
390 25
128 28
409 29
13 7
210 30
315 5
117 19
35 6
158 18
158 6
21 10
167 13
118 17
440 3
26 29
160 3
273 19
182 13
432 7
380 17
236 30
137 12
77 19
169 30
396 14
251 25
147 6
133 25
58 9
283 3
225 2
201 26
284 2
382 3
428 25
59 11
307 8
14 7
218 7
468 30
212 6
234 11
487 26
475 32
290 29
330 7
402 6
364 17
264 5
104 15
358 6
206 20
209 15
250 7
105 29
96 9
286 25
175 13
46 21
168 20
257 14
350 14
379 25
46 26
161 17
37 26
15 2
385 3
460 6
353 5
350 12
233 4
128 31
260 22
259 27
361 3
276 2
376 27
126 13
500 22
274 28
156 20
129 28
214 13
26 31
357 3
218 29
214 14
199 21
371 13
104 11
323 23
496 30
89 5
174 5
258 7
476 9
86 29
9 16
397 6
218 25
112 23
193 14
132 15
354 6
199 17
288 9
40 27
274 24
255 15
68 25
246 28
481 15
352 5
482 32
374 11
352 18
338 12
15 5
138 32
27 20
177 26
208 24
449 1
195 19
279 11
419 4
158 12
207 29
240 16
460 26
443 19
451 28
58 9
304 23
36 10
382 24
496 5
279 24
273 30
498 19
88 21
75 13
168 9
457 15
24 4
224 18
430 18
97 19
342 13
33 2
82 18
441 25
206 8
372 26
193 26
380 12
138 2
376 13
290 32
415 2
451 3
279 24
16 32
218 14
480 18
87 1
219 7
342 24
98 9
105 18
434 28
421 15
142 20
79 7
331 22
96 21
336 27
12 11
306 21
412 5
34 6
49 8
377 30
27 26
307 15
116 8
467 8
367 8
388 17
242 14
142 22
203 29
416 14
32 9
147 31
357 8
293 17
432 17
351 14
346 21
441 21
100 7
53 18
366 24
263 27
9 8
296 7
437 31
277 12
431 23
114 19
454 14
396 13
278 18
47 8
254 23
140 1
393 24
23 10
131 21
68 20
392 20
202 32
426 14
499 25
252 21
347 2
370 14
294 32
339 8
475 4
178 2
149 26
158 23
31 8
159 7
131 6
314 21
230 11
14 16
95 6
192 14
175 6
35 20
61 26
12 11
169 25
352 1
111 5
191 21
1 1
239 7
251 20
167 12
143 29
411 1
150 31
30 8
164 9
495 8
142 22
462 30
195 29
183 1
174 21
445 14
426 16
360 28
439 15
359 1
411 1
170 12
223 15
235 2
319 13
461 24
235 26
326 17
439 20
85 24
84 5
489 29
268 24
240 23
78 30
491 16
219 24
47 29
415 13
179 29
362 7
45 28
265 10
228 23
81 28
166 4
44 18
229 20
205 24
222 15
418 32
122 20
224 25
428 30
153 14
222 30
449 14
461 21
339 4
267 19
351 24
287 31
141 23
58 17
482 27
331 3
490 29
386 17
325 6
202 25
271 8
491 7
393 15
283 12
491 5
2 17
36 20
87 4
154 32
373 24
274 19
238 20
359 16
180 3
141 18
12 7
157 18
334 13
156 8
132 18
369 22
191 8
125 17
80 19
273 32
118 10
210 3
161 1
34 1
103 6
74 30
437 10
467 26
482 15
237 14
472 13
99 2
361 11
439 32
205 3
447 6
108 16
233 9
76 26
461 19
440 26
292 12
467 31
497 24
85 5
413 12
190 7
218 6
438 32
193 14
422 3
168 13
294 28
1 2
165 29
48 20
198 3
183 24
153 3
464 13
264 20
145 25
91 6
354 12
221 2
373 6
36 12
22 21
291 7
198 28
335 9
263 25
140 14
48 12
476 31
381 23
91 17
43 13
238 12
264 26
145 16
451 16
380 16
361 2
198 26
329 25
359 12
269 14
241 32
141 8
31 17
307 17
397 13
357 22
301 20
295 5
459 13
477 30
421 25
212 18
98 28
354 20
335 26
305 31

