256
454 11
138 1
228 26
136 16
77 20
259 24
47 2
116 12
343 25
238 9
324 10
403 6
284 14
453 20
1 14
124 3
45 26
471 20
27 22
331 3
477 6
330 16
359 5
83 5
221 4
97 12
429 28
394 25
405 22
332 25
279 28
63 27
273 30
446 7
195 17
253 28
70 2
47 28
82 5
332 2
153 13
50 21
280 31
145 16
140 25
144 22
488 3
93 8
444 30
58 18
18 22
309 3
447 23
218 28
188 30
181 4
330 10
272 17
24 5
496 27
97 7
285 16
197 1
343 8
118 4
278 12
265 6
74 15
145 12
90 24
193 6
171 18
352 18
482 23
62 1
94 18
467 2
93 16
458 23
7 31
390 16
62 18
74 24
68 18
131 9
401 11
279 3
196 30
216 29
60 10
5 5
139 3
382 28
338 7
222 9
414 12
332 15
469 13
462 29
326 8
45 6
266 19
500 13
156 28
489 4
197 5
220 31
168 14
418 25
440 12
53 25
103 25
32 19
493 13
459 3
289 20
396 6
178 16
367 22
463 27
253 15
200 32
345 7
73 7
223 1
254 32
421 8
12 32
130 28
149 9
174 1
444 6
342 1
169 24
158 31
415 14
493 18
234 25
332 26
451 22
22 16
181 19
263 12
98 17
400 30
333 5
182 20
346 4
100 30
83 10
496 13
371 8
462 4
177 21
262 31
51 23
35 31
281 5
479 27
41 18
124 13
154 22
500 32
181 20
13 19
61 25
464 19
200 29
387 32
70 20
355 28
486 13
54 19
185 4
145 6
261 4
450 11
277 18
414 17
105 6
424 1
490 3
299 30
163 9
65 16
36 27
55 6
307 5
140 24
492 4
421 29
255 14
19 32
23 16
192 3
413 19
495 19
353 22
92 20
330 12
99 26
427 14
91 13
466 22
428 25
69 32
61 31
70 27
58 12
214 14
423 31
216 17
29 21
62 32
436 4
127 10
109 17
39 27
490 8
132 1
313 8
265 21
374 14
156 4
481 25
33 7
495 16
24 7
168 29
494 11
476 17
489 28
377 11
338 30
235 5
135 19
372 31
123 18
288 22
381 4
147 5
23 5
364 2
368 24
482 17
486 30
185 22
245 2
57 15
131 19
255 29
189 31
15 11
224 6
441 4
422 15
220 20
431 27
193 30
114 18
363 20
483 15
129 8
312 9
14 15
327 8
59 31
98 6
178 21
79 10
128 20
260 31
147 10
430 27
192 11
365 22
346 27
452 7
130 20
11 23
206 10
115 12
204 4
189 17
385 28
54 16
119 17
359 22
355 8
456 2
182 28
99 16
371 26
206 24
165 4
495 14
257 13
486 21
172 10
45 8
145 31
420 20
263 6
233 9
417 24
14 30
212 32
181 10
366 2
285 6
306 15
252 18
91 13
226 11
114 11
22 27
221 9
226 23
70 22
452 26
349 9
288 32
281 4
493 2
58 10
27 11
408 26
128 19
366 2
113 28
476 14
442 20
427 3
30 4
328 9
186 4
298 21
236 26
144 12
223 29
209 1
415 13
379 3
319 32
248 27
427 15
416 16
270 30
238 11
42 9
132 31
241 5
403 16
358 10
407 24
451 16
32 13
436 18
111 26
6 18
36 12
284 27
4 1
497 13
204 26
158 31
116 2
467 10
77 32
119 11
255 25
302 14
286 21
48 20
194 17
458 1
40 5
384 23
146 20
488 17
269 25
35 4
246 17
457 10
176 31
8 6
144 14
67 29
250 18
28 16
370 21
24 30
226 11
304 31
138 23
71 10
287 29
493 8
457 25
57 28
24 5
413 15
226 19
447 19
445 26
122 6
311 18
75 8
256 23
258 26
21 20
3 28
284 16
43 28
444 20
75 31
16 23
337 9
317 23
419 13
461 29
427 31
38 21
158 9
231 11
390 24
446 5
263 13
388 21
172 27
108 30
2 31
84 6
215 28
325 2
13 13
26 27
407 11
291 16
59 26
330 21
477 23
193 3
207 12
247 10
114 31
475 31
329 26
157 4
309 1
381 29
117 2
463 23
172 6
438 30
479 31
382 15
245 10
45 23
5 7
180 27
349 6
437 2
415 29
73 19
277 9
248 9
210 6
267 21
315 4
314 9
174 4
247 22
473 7
368 2
138 11
448 18
52 20
15 14
181 23
41 13
391 16
202 8
349 20
36 32
376 14
308 25
249 31
319 29
49 26
50 18
437 25
24 20
85 22
306 29
477 2
221 11
337 30
171 5
94 14
200 9
259 12
221 11
266 15
80 14
429 5
352 13
330 3
204 10
264 1
178 4
58 14

