256
304 16
456 5
315 30
51 6
491 3
254 28
273 32
215 11
483 27
153 32
60 8
23 4
359 22
128 30
16 4
363 31
411 6
107 25
267 17
475 17
331 4
9 15
159 19
346 14
321 18
29 5
229 3
124 23
64 27
136 3
139 26
398 17
167 4
478 1
365 8
394 7
383 30
2 14
476 15
387 29
48 7
177 24
317 8
214 32
254 1
458 32
198 3
293 24
63 26
500 27
425 9
473 11
146 22
200 22
24 18
270 3
500 18
50 32
301 7
47 26
111 1
150 32
63 10
375 9
415 15
403 3
471 4
497 29
201 5
442 29
486 3
499 14
360 25
5 12
311 12
65 6
408 30
433 14
359 28
447 9
386 25
463 32
76 24
176 21
360 13
57 17
179 15
34 2
103 11
49 6
442 18
39 1
31 15
170 22
482 4
162 19
169 9
427 24
288 14
76 27
71 28
195 9
187 9
139 17
471 23
406 8
4 32
112 23
267 21
276 24
101 9
319 21
265 29
216 16
198 24
402 4
275 21
369 29
381 23
454 15
397 3
262 21
155 29
287 17
357 22
372 9
202 18
429 15
286 9
370 24
140 8
103 18
424 7
79 24
181 28
154 10
94 27
330 32
491 8
372 7
29 24
8 26
285 12
48 23
284 6
406 19
245 8
189 8
183 19
323 11
2 4
292 11
94 17
195 20
88 26
134 20
13 9
50 26
281 21
220 8
366 29
339 6
336 31
129 18
349 11
233 30
130 16
444 11
349 18
10 24
408 24
108 28
488 25
421 20
253 4
184 7
468 22
80 4
104 25
173 4
11 17
153 17
133 8
215 1
438 25
472 5
72 3
468 15
235 21
179 8
232 30
310 24
87 25
3 6
301 15
493 20
432 9
156 32
92 30
248 9
298 23
225 5
150 13
280 20
285 22
75 24
171 8
215 5
329 9
298 17
96 18
496 23
138 7
294 9
77 21
110 26
463 30
447 4
230 18
200 10
35 18
382 25
362 16
165 26
17 6
22 16
455 14
490 16
372 27
172 24
27 9
26 25
467 16
453 16
49 20
414 7
277 27
491 30
242 27
383 2
468 1
221 22
126 22
217 1
344 28
149 30
21 10
211 11
497 19
238 25
166 19
331 10
297 29
136 23
475 30
148 22
126 9
419 11
282 15
452 14
374 4
347 14
125 1
84 5
423 18
369 24
324 27
86 17
19 9
11 13
90 30
490 4
230 12
318 4
394 25
489 3
72 27
365 8
96 8
20 14
473 8
310 29
438 7
269 24
467 19
4 20
288 5
123 22
252 5
381 9
413 9
468 25
55 28
384 30
483 12
372 28
143 17
456 21
75 4
240 5
2 16
448 5
88 15
10 4
67 18
40 15
110 23
167 29
190 7
18 21
306 5
332 4
421 7
232 11
362 4
239 31
419 7
355 6
461 29
401 7
106 21
209 8
299 28
84 29
278 29
365 19
194 32
382 22
186 14
461 15
141 15
409 3
237 15
268 9
479 17
427 25
109 4
152 15
11 3
247 32
39 27
222 32
158 7
346 31
420 22
241 4
208 25
470 25
116 14
493 18
406 16
30 2
407 9
272 17
119 27
408 10
481 1
241 15
83 30
185 27
95 26
414 23
426 4
99 25
473 15
487 14
214 20
243 16
401 30
240 7
236 15
380 13
127 25
59 22
58 7
64 9
372 13
159 18
64 13
190 32
403 20
265 25
396 27
88 4
225 8
370 16
178 26
380 5
222 22
366 7
385 9
135 28
109 13
405 5
253 23
60 20
326 17
124 17
35 19
220 3
242 30
275 16
191 14
224 8
296 13
190 32
221 29
287 9
321 8
353 2
342 17
81 7
441 32
388 11
118 11
290 12
48 32
131 30
69 14
1 16
146 19
43 14
219 10
194 23
77 3
464 14
163 12
84 19
451 11
133 29
282 10
280 29
485 2
271 22
467 31
269 8
313 20
477 31
345 10
422 13
272 13
190 30
485 13
92 3
448 13
355 13
146 6
261 31
395 3
388 21
6 24
472 18
171 16
201 7
322 6
139 5
210 12
231 10
453 18
481 16
46 11
480 20
469 4
378 23
327 5
76 8
124 7
149 7
199 9
161 16
174 32
316 32
331 22
281 3
220 21
34 5
448 13
12 16
309 9
482 23
357 17
466 9
308 22
127 14
19 27
229 12
290 16
279 5
442 20
255 13
24 25
481 7
357 9
90 21
233 28
151 30
332 8
422 3
286 20
496 28
390 12
347 8
268 18
4 1
389 18
425 12
250 29
235 15
249 8
475 22
247 14
423 15

