256
266 4
60 13
227 6
198 23
131 10
449 25
447 10
325 23
363 19
308 12
462 31
170 13
86 12
136 24
63 22
244 5
1 31
445 20
120 15
498 15
312 2
363 30
188 20
453 2
314 4
93 15
451 7
439 32
366 22
387 24
223 10
460 4
137 13
155 12
103 32
210 18
302 1
376 13
316 4
242 25
439 27
403 9
301 2
276 18
119 30
297 2
496 5
269 16
365 27
91 11
426 21
232 27
77 11
67 8
286 21
372 21
495 6
317 15
319 5
312 30
106 8
131 9
68 3
436 28
173 19
398 22
31 2
29 27
440 23
202 26
107 1
154 25
198 10
99 13
414 6
306 16
222 8
324 25
38 16
221 6
490 26
363 8
451 11
478 7
190 3
320 12
455 13
101 8
294 11
20 4
461 29
431 30
464 10
470 13
217 10
414 26
12 13
77 30
19 2
408 24
436 3
356 6
51 8
246 5
6 1
404 2
294 26
499 1
291 21
462 28
362 31
65 1
355 22
391 2
47 2
433 27
377 28
76 19
447 13
123 21
86 30
122 11
63 21
339 26
293 24
65 6
27 9
83 1
122 5
106 21
122 27
355 10
382 14
277 25
251 19
485 8
129 2
418 7
78 28
248 30
56 20
228 10
145 10
166 26
282 12
138 19
14 28
105 27
274 25
75 4
131 31
63 27
369 28
302 22
87 1
168 10
65 23
427 17
204 29
326 13
68 24
91 13
159 27
327 28
427 26
159 30
164 9
168 24
52 25
478 27
370 1
484 14
391 23
494 22
207 7
282 26
338 32
206 17
271 12
132 13
285 11
458 29
363 2
480 23
298 1
257 19
157 20
452 23
2 29
344 28
468 13
481 1
53 26
153 7
70 29
223 10
427 29
302 25
10 26
407 23
294 31
326 27
255 9
349 28
426 29
464 9
21 12
49 21
334 26
99 11
190 14
108 28
354 26
256 7
247 3
169 12
29 6
490 19
123 23
39 20
235 6
292 27
1 4
32 22
97 10
88 18
451 20
253 32
309 1
18 31
375 3
446 3
384 16
186 22
478 4
405 24
429 4
170 25
92 1
115 4
183 14
474 1
453 2
141 13
438 6
167 4
48 21
215 16
400 28
289 9
327 14
292 7
93 17
387 24
14 13
372 28
407 17
180 27
274 28
472 20
330 18
375 9
102 29
160 9
192 29
81 22
494 16
476 26
185 27
122 18
215 13
245 1
41 8
184 14
244 3
377 5
496 24
301 26
192 5
154 12
409 19
105 10
310 29
339 2
147 20
43 29
304 31
186 28
211 25
362 10
79 10
378 14
193 26
375 21
138 9
472 30
467 32
151 28
360 10
270 18
153 16
219 29
451 12
4 21
328 1
466 30
307 11
479 11
372 18
235 2
86 30
259 20
134 6
179 25
103 12
203 11
464 25
63 10
28 31
426 7
135 27
260 9
85 14
440 8
147 18
169 24
380 8
487 13
189 26
209 27
317 15
249 32
35 12
193 10
82 6
268 8
360 19
157 4
321 4
104 31
121 20
403 4
51 1
216 7
406 21
233 31
391 6
2 10
497 7
339 26
16 3
145 12
485 17
375 21
248 26
124 9
102 10
72 8
266 28
95 4
268 15
98 18
12 31
83 4
497 14
437 17
380 30
444 4
234 10
373 2
148 12
406 17
225 21
252 30
468 6
217 31
377 2
97 8
265 11
248 5
304 8
329 7
469 16
251 19
90 3
240 29
322 29
337 2
473 4
91 1
286 32
379 30
473 15
253 1
358 16
54 17
388 26
196 28
154 2
262 3
420 1
331 17
497 11
490 14
106 16
114 23
91 12
256 16
171 25
4 20
360 21
40 31
439 27
307 24
32 8
38 31
421 24
43 5
238 32
90 15
168 31
438 30
47 25
173 5
53 29
96 25
437 27
363 31
222 17
170 17
441 15
56 1
278 30
481 7
186 23
210 13
125 27
462 31
43 23
239 4
367 26
64 3
25 18
30 10
299 23
202 27
258 9
303 11
59 31
402 4
57 7
300 10
461 25
204 19
99 11
302 1
332 17
120 24
143 5
453 5
199 27
383 32
411 25
47 9
171 28
416 12
262 27
409 2
328 28
428 2
258 10
447 10
298 6
445 28
66 2
232 4
52 30
276 30
150 14
487 13
121 18
400 10
469 12
307 32
123 30
277 13
167 3
322 1
140 22
256 17
15 28
173 18
305 24
232 15
269 22
479 13
323 18
122 19
37 32
290 3
13 19
391 4
141 4
496 29
330 31
337 16
90 1
262 19
308 17
53 28
414 27
316 12

