256
192 3
423 21
221 10
178 15
284 28
489 9
240 19
67 32
426 32
438 19
432 28
356 30
139 16
92 9
193 2
363 4
249 9
436 9
55 17
259 30
28 19
202 4
342 13
299 27
148 4
465 23
219 12
64 2
315 16
138 16
429 8
95 21
488 11
497 2
347 20
83 7
2 5
142 11
257 12
314 28
27 18
187 13
302 6
306 24
109 23
327 6
294 26
418 14
304 23
27 30
22 14
376 15
98 13
70 2
160 31
109 6
12 15
135 13
101 32
133 9
235 11
450 20
232 8
365 7
134 16
389 7
353 8
29 14
133 14
155 12
332 11
330 28
114 4
360 14
107 12
274 25
303 4
73 26
443 13
273 8
32 5
82 24
424 2
37 32
60 19
52 27
158 29
438 23
48 30
336 2
493 25
347 31
36 7
33 6
59 25
257 15
465 26
178 8
300 11
148 11
109 19
453 26
283 27
92 14
40 19
483 32
240 9
31 7
451 23
105 2
219 25
304 11
51 21
422 14
251 25
412 28
119 28
329 25
106 5
82 13
199 21
381 2
245 11
417 12
325 21
409 15
85 28
77 31
396 10
188 15
419 3
210 13
167 30
142 20
162 11
473 25
287 13
2 28
115 2
283 23
290 19
333 3
106 29
213 29
258 13
351 8
203 20
417 13
450 26
197 19
280 1
323 3
373 5
154 3
94 4
129 28
478 29
462 3
221 30
435 30
426 10
210 25
197 26
53 14
35 5
109 22
269 11
84 17
311 21
479 21
24 11
492 13
271 13
435 31
126 14
173 20
7 2
384 19
359 16
53 13
389 1
410 25
295 26
150 26
434 28
214 6
439 29
162 13
157 1
404 18
170 8
389 4
309 16
230 3
412 22
263 20
146 16
308 1
369 21
250 23
289 7
316 23
167 13
287 11
277 14
160 26
117 1
473 29
172 19
147 15
188 13
234 30
285 14
126 5
202 23
159 18
189 22
68 31
155 11
381 15
248 4
229 13
440 5
345 20
107 8
398 31
252 4
480 16
377 25
393 18
183 15
420 11
229 11
77 7
45 17
17 13
348 29
361 24
298 1
251 24
48 12
402 28
131 17
187 31
41 31
437 23
482 20
445 18
46 9
296 19
329 12
87 13
57 23
464 10
355 14
313 31
361 23
54 8
299 4
202 16
23 22
414 16
197 7
65 7
231 24
37 8
23 23
236 11
273 23
136 3
264 21
233 28
15 26
467 17
230 9
356 32
10 6
107 7
480 15
153 26
382 5
121 8
15 20
335 7
406 6
117 13
122 10
145 4
135 11
5 32
483 20
467 17
481 13
403 4
95 3
374 32
95 30
84 1
54 26
247 27
443 15
332 25
212 16
52 27
290 16
414 13
268 25
117 28
305 19
412 32
425 29
431 27
482 6
479 11
135 1
198 30
87 13
142 7
4 17
349 21
453 26
269 4
346 29
171 23
107 30
106 3
422 20
401 20
402 23
290 24
455 3
113 6
367 10
44 10
3 12
367 27
357 31
378 23
372 28
409 10
334 2
361 19
253 9
362 14
140 4
42 22
342 26
487 21
112 6
430 30
125 28
272 22
135 21
240 22
48 24
335 9
365 11
340 13
308 1
123 19
56 32
244 10
169 3
458 28
464 27
97 25
387 16
274 17
368 25
378 20
12 4
500 8
111 23
344 2
244 14
420 27
481 27
48 6
97 1
133 5
244 26
353 18
449 10
354 13
342 7
232 17
146 27
432 24
274 11
229 9
445 12
315 5
163 7
426 3
219 11
171 2
288 3
443 12
352 20
52 13
378 23
249 4
218 20
335 3
159 20
359 23
211 13
27 5
239 5
484 26
363 14
271 18
381 14
237 28
361 21
129 27
127 5
466 28
57 24
38 23
363 8
169 10
273 7
150 7
351 21
320 25
491 27
362 19
156 7
306 8
91 22
458 5
311 31
413 19
223 30
285 1
198 21
362 26
351 24
184 6
348 32
414 14
298 8
60 1
78 14
172 8
151 10
236 29
52 12
31 30
450 23
415 15
471 8
320 6
491 7
375 11
210 8
176 31
267 24
311 28
453 7
215 7
464 15
416 23
302 18
493 3
317 19
101 19
386 24
460 25
127 2
67 4
326 26
195 24
181 1
492 21
191 22
440 22
360 31
21 30
4 1
264 24
271 17
459 12
488 2
384 6
456 6
154 13
44 12
76 16
204 23
61 19
125 32
400 16
206 20
497 13
284 13
381 6
329 15
62 4
108 21
134 19
247 19
47 26
134 3
365 9
393 13
435 5
276 3
353 9
254 1
394 10

