256
480 8
411 29
179 28
406 29
40 10
49 29
29 32
314 20
261 5
96 9
343 13
368 15
95 30
345 3
381 15
395 9
43 25
169 5
456 11
297 27
188 26
100 21
37 29
328 1
34 27
241 24
339 16
474 9
370 30
447 10
400 17
462 2
145 23
15 28
409 7
447 20
8 14
16 24
162 15
45 11
469 1
126 15
97 7
91 30
120 2
215 16
230 25
165 27
11 23
326 15
194 12
218 29
21 10
301 3
280 13
433 1
481 15
407 29
361 6
42 25
239 1
56 24
137 24
342 7
103 8
269 12
143 22
200 12
219 28
402 23
196 26
99 21
96 5
105 29
206 11
493 16
107 28
412 3
267 25
93 1
124 29
368 19
346 20
134 17
271 11
267 23
220 29
495 12
73 27
476 11
97 28
74 15
367 1
149 9
294 25
206 25
305 21
387 7
492 8
271 23
406 29
229 22
105 23
497 25
173 8
11 22
143 29
176 25
273 21
493 22
121 10
335 2
123 25
280 6
445 30
376 18
290 8
179 18
30 7
126 15
350 13
176 16
73 7
500 5
379 9
115 8
42 9
129 16
21 16
130 1
161 17
167 6
461 25
47 22
224 32
44 13
160 7
65 20
274 4
281 8
260 19
3 30
343 23
169 27
390 2
32 18
155 14
351 11
246 13
456 5
273 4
394 24
422 14
16 23
225 4
199 29
190 13
342 16
184 6
450 9
160 5
475 26
382 17
280 24
74 3
300 10
438 13
129 16
206 12
406 11
291 4
119 4
157 32
67 20
321 29
264 12
201 22
145 19
415 8
414 4
11 5
185 16
462 13
159 11
161 5
449 7
372 27
135 24
378 29
71 31
69 7
382 26
424 15
352 2
302 21
177 32
181 17
464 10
378 14
161 22
390 9
340 26
28 6
493 29
175 28
307 27
250 5
12 29
67 31
363 8
331 3
32 12
104 23
209 17
320 9
18 22
330 1
175 21
183 31
465 9
434 12
451 27
164 23
60 2
29 22
449 8
312 16
427 11
326 7
395 10
4 32
59 1
473 13
393 7
103 5
363 5
332 17
423 31
127 22
76 28
255 9
367 3
356 21
333 30
279 8
31 10
195 5
466 7
173 30
25 27
67 27
163 18
404 30
97 18
67 16
37 30
48 15
240 16
399 12
289 30
3 19
311 26
111 17
216 7
486 13
261 16
479 32
154 18
361 18
264 15
273 16
452 25
407 11
76 1
467 20
334 9
238 5
166 28
421 2
334 2
122 2
310 20
369 19
334 29
212 9
8 4
248 23
156 22
2 3
311 24
298 20
288 27
288 2
234 12
335 23
466 16
13 31
259 25
89 8
110 20
40 1
135 8
427 19
293 24
225 19
99 11
247 15
409 30
340 27
94 18
413 23
333 9
37 3
306 5
387 23
128 26
383 14
65 13
256 30
441 21
460 19
355 22
129 3
92 16
109 29
345 14
299 1
298 7
472 23
163 14
369 2
135 3
403 8
264 15
57 20
491 20
446 1
74 7
163 29
394 32
405 23
145 11
471 2
389 26
397 27
3 5
340 14
368 10
337 23
252 25
38 26
112 15
142 21
409 29
53 11
428 9
245 8
159 23
217 3
9 1
449 23
82 24
148 13
234 24
431 25
432 12
283 28
302 12
80 15
80 1
217 3
441 25
282 28
27 19
202 31
315 27
46 24
142 25
196 19
233 6
212 32
297 30
59 11
269 11
13 17
475 17
207 19
189 29
70 23
339 12
102 1
274 11
401 23
395 28
290 19
426 21
143 18
198 13
172 26
43 20
166 1
264 29
136 12
213 1
371 7
328 24
259 17
470 31
16 4
459 17
343 28
361 9
309 22
241 9
227 12
368 25
4 32
469 31
435 13
48 13
287 11
128 25
476 5
56 3
313 18
351 31
101 23
195 25
472 27
93 26
70 29
294 18
444 6
64 6
146 15
387 4
338 22
329 21
463 20
7 3
101 9
485 17
271 7
313 10
113 10
291 7
218 21
108 1
50 7
242 12
134 24
331 15
142 11
135 8
98 25
82 2
201 10
102 31
244 27
64 16
24 10
242 9
290 13
253 24
372 14
239 9
122 17
327 19
432 25
218 25
305 3
431 17
216 12
179 27
150 22
18 9
447 32
265 29
460 25
428 31
11 22
39 12
438 29
98 1
29 23
250 5
465 20
393 4
415 3
342 5
164 7
89 23
470 30
199 18
222 6
316 28
495 23
67 32
423 4
153 8
330 26
340 18
285 1
177 11
155 18
115 27
229 28
281 30
409 3
183 14
308 31
214 2

