256
380 28
312 3
467 8
240 24
86 25
82 22
445 24
286 9
366 22
225 8
366 31
216 7
205 23
53 14
420 27
408 19
366 15
158 20
82 17
160 20
489 1
109 2
84 7
206 22
500 11
85 6
93 32
172 2
186 8
7 2
126 6
108 23
484 9
27 10
365 22
85 2
278 5
287 14
143 12
163 7
126 31
212 31
251 23
368 20
310 14
97 31
491 9
277 6
321 31
243 10
340 11
243 10
224 13
183 26
372 25
360 14
147 11
68 21
157 11
37 30
12 29
104 10
189 17
327 22
387 30
251 3
248 9
48 23
21 2
41 12
278 16
445 16
175 4
173 27
150 13
1 5
45 20
162 14
336 29
299 19
262 1
153 1
41 32
36 29
281 8
8 26
327 1
333 17
316 13
184 18
65 4
478 2
139 4
47 27
184 17
49 25
245 1
157 25
104 16
49 32
119 28
293 14
360 1
298 32
482 9
345 6
16 6
359 3
165 21
481 8
453 9
144 21
433 25
333 8
196 1
271 31
141 31
112 24
391 9
231 12
242 7
270 29
101 24
263 21
237 27
317 17
327 28
386 11
316 18
146 28
303 24
178 15
182 5
498 21
197 29
296 30
155 17
47 15
397 25
224 21
108 32
173 22
203 10
45 15
480 18
382 14
310 3
280 31
199 1
267 19
5 19
389 32
331 11
470 11
447 17
211 22
436 4
192 11
293 12
361 8
129 2
109 6
4 16
485 10
17 23
152 13
165 12
384 12
326 26
426 25
398 21
30 26
372 25
176 4
308 28
492 1
129 32
78 32
340 10
37 32
165 4
228 9
80 24
28 5
317 10
381 26
442 11
251 21
483 22
180 7
461 3
79 13
271 12
424 18
70 20
465 22
500 28
414 7
155 18
187 3
247 8
389 24
478 15
352 20
417 3
454 21
202 32
170 8
392 13
285 1
257 9
46 24
144 19
38 23
252 8
473 30
291 21
37 32
204 32
432 8
419 13
348 8
121 29
295 24
314 7
472 10
31 13
177 18
179 30
324 3
437 1
132 20
361 21
199 24
408 6
183 22
367 27
1 31
103 11
350 32
77 13
337 31
41 9
133 23
430 24
353 11
456 25
298 13
357 16
380 32
478 3
294 8
297 18
34 19
293 27
19 13
55 27
328 31
72 28
17 9
119 14
219 11
206 16
243 18
364 26
29 21
240 6
388 24
468 1
139 20
7 29
480 1
363 11
359 26
470 19
287 25
96 21
219 5
373 25
66 4
286 7
280 14
268 19
413 3
291 15
346 13
59 22
209 2
188 11
355 6
145 29
450 29
498 32
245 22
332 23
309 9
257 16
346 8
106 27
111 20
161 32
396 20
337 12
493 21
374 15
34 18
192 23
110 29
354 15
262 13
369 10
5 1
9 11
352 26
461 18
213 13
474 12
44 6
63 20
186 12
87 19
305 14
257 11
318 30
473 27
498 29
500 31
21 28
205 4
473 13
186 1
489 7
496 25
320 2
272 6
345 14
428 9
339 1
267 4
498 11
86 8
135 1
202 3
444 14
27 16
274 28
304 18
74 27
498 13
208 22
102 8
331 10
405 30
418 3
177 7
114 31
114 20
51 19
403 27
424 29
114 25
344 26
311 25
68 20
161 16
281 23
179 12
496 7
133 9
106 9
179 23
275 29
318 6
459 32
172 15
204 9
431 19
54 17
315 22
253 16
249 13
442 27
144 5
362 32
201 11
437 27
389 15
375 10
240 6
130 19
420 5
48 26
380 29
443 2
74 15
225 22
227 22
101 19
454 18
350 6
280 26
385 28
201 23
225 28
444 14
203 15
187 10
65 10
350 19
315 24
405 28
97 27
57 29
57 11
158 31
164 9
44 16
308 32
11 9
36 2
90 10
21 8
339 25
45 24
295 28
315 11
251 28
33 7
460 18
317 6
348 1
258 7
84 18
339 22
154 2
400 15
315 8
19 29
208 7
44 10
274 3
404 24
122 24
183 21
229 15
402 24
183 8
319 31
429 5
212 18
234 11
324 16
234 22
404 17
109 31
146 30
9 13
110 30
189 20
415 13
494 12
345 17
475 3
147 11
375 2
188 12
173 28
7 30
57 6
51 13
208 8
103 5
449 32
198 25
207 20
405 20
428 9
228 18
467 18
361 17
436 24
300 32
411 22
217 4
67 11
336 31
167 26
195 7
1 4
251 11
356 3
407 23
460 2
240 22
212 4
119 7
148 2
458 14
76 2
229 18
145 1
472 31
354 18
277 19
410 3
61 13
237 27
103 16
305 10
474 16
442 12
218 9

