256
125 23
345 10
349 20
170 11
160 19
226 1
259 29
317 32
97 21
147 17
294 2
261 9
442 16
24 5
269 29
495 1
307 15
299 28
191 8
110 2
23 3
439 13
351 31
380 31
147 2
108 1
183 12
229 20
168 12
100 12
128 14
181 27
285 23
442 31
150 27
28 24
237 2
156 27
73 16
237 19
413 8
215 20
416 27
423 15
194 31
370 14
468 6
108 8
380 29
430 26
451 6
53 19
423 21
125 7
96 5
418 20
409 12
307 32
75 14
258 12
104 7
145 23
29 32
175 8
152 4
437 18
413 18
492 16
402 16
34 9
181 15
208 1
435 3
116 1
448 13
332 27
351 5
473 31
80 15
287 32
103 7
389 27
268 21
202 29
348 32
17 24
38 1
320 8
91 23
184 18
11 20
440 22
344 28
92 27
411 26
210 29
157 11
379 24
479 1
93 2
168 25
58 13
185 17
381 27
16 28
16 10
283 23
91 6
367 19
253 29
412 26
141 12
60 15
344 2
451 24
68 14
396 29
27 9
205 15
59 20
322 15
450 25
381 28
434 23
74 30
375 26
148 11
257 27
238 8
449 8
387 32
10 15
344 16
67 8
294 25
472 7
403 25
423 12
312 29
234 2
394 21
427 17
327 31
452 24
135 8
104 5
471 21
155 2
352 9
213 1
402 4
315 8
456 6
143 16
446 21
357 27
189 11
84 7
317 23
431 15
138 30
472 4
350 6
421 21
403 13
49 16
169 27
311 12
452 10
243 1
182 11
440 6
233 7
236 30
409 10
352 26
403 31
5 24
5 1
156 19
261 32
414 29
271 24
405 26
381 3
471 30
98 22
283 2
284 15
435 24
36 11
441 31
313 13
394 13
73 2
427 25
309 32
466 27
416 30
301 24
368 15
210 13
236 24
499 31
214 13
414 30
71 6
392 32
150 17
52 30
390 11
110 19
170 11
277 1
296 1
85 8
51 14
480 18
489 2
156 11
115 5
156 5
274 3
420 27
35 16
348 5
6 14
123 3
384 3
464 32
328 28
195 18
45 26
368 13
208 19
439 10
296 30
358 1
492 18
344 19
305 19
303 26
352 13
484 24
175 31
267 18
198 29
436 2
338 7
479 17
29 5
218 16
215 8
393 2
205 12
436 25
482 10
318 30
366 13
421 5
304 11
246 5
203 25
95 28
335 21
437 24
341 6
187 27
81 23
465 5
370 16
497 32
342 14
37 15
171 17
99 6
347 9
474 1
377 16
440 32
492 8
427 29
234 29
91 26
396 19
303 21
159 27
468 28
317 16
410 3
164 29
312 26
57 17
410 5
205 22
348 4
281 26
232 10
91 23
32 10
81 2
454 11
336 18
294 4
129 16
490 1
64 13
6 16
438 20
256 30
469 24
41 5
81 1
115 7
299 18
360 31
331 14
322 14
439 15
170 31
170 23
63 9
164 25
56 1
336 12
94 20
267 30
404 19
258 6
370 20
15 9
287 9
394 28
215 20
426 8
251 8
246 17
32 1
233 8
361 20
251 30
75 21
440 31
67 25
200 32
105 27
17 31
263 30
350 25
94 3
212 4
222 30
8 26
218 29
193 31
12 19
384 23
163 23
269 13
372 24
369 28
386 21
218 21
498 19
477 3
45 13
286 31
350 26
224 7
90 24
497 5
210 1
39 16
203 15
156 6
275 8
253 24
112 26
12 14
240 25
52 1
381 22
107 14
335 22
148 4
97 25
376 22
25 3
233 15
221 32
5 23
264 21
359 3
79 26
484 26
210 32
158 22
225 24
171 3
445 23
334 25
167 13
198 7
475 18
121 32
170 9
394 25
234 4
307 12
326 11
185 15
178 31
329 30
458 7
164 3
21 5
295 11
409 9
229 32
126 6
283 11
326 20
79 11
484 30
74 21
380 27
47 17
453 7
14 14
78 13
16 10
377 11
489 1
7 5
372 12
270 30
131 24
386 25
358 9
298 24
29 29
42 31
289 10
6 26
107 19
330 7
384 22
285 16
195 3
441 22
126 30
424 4
157 5
317 23
29 18
298 9
495 31
187 27
388 12
437 30
274 26
468 26
324 20
381 6
394 29
435 4
31 14
275 15
18 3
53 30
409 18
306 3
392 13
389 23
184 17
125 22
91 24
319 26
196 23
283 1
372 25
460 14
279 11
440 24
29 1
46 1
46 27
395 2
195 32
420 31
108 12
392 26
340 2
315 15
260 17
475 11
370 19
384 16
373 20
295 9
20 28
42 5
395 12
206 29
71 30
171 27
373 14
80 12
123 7
98 7
47 9
13 32

