256
110 21
5 3
158 11
373 19
358 4
421 24
482 6
96 28
22 31
455 17
53 14
433 9
301 28
240 25
285 8
332 27
392 12
433 5
295 25
36 16
472 4
331 9
425 22
272 3
32 3
299 4
132 28
316 16
159 7
305 3
466 28
41 9
176 25
258 30
130 5
325 13
100 19
258 17
432 25
323 28
255 5
399 11
204 11
170 22
473 2
9 31
314 21
147 5
374 20
14 31
48 14
455 32
344 32
24 7
93 2
90 19
318 1
437 6
259 23
87 27
136 19
21 21
348 32
141 21
423 26
223 11
343 29
470 6
241 25
313 21
42 14
383 31
446 4
84 24
130 31
287 17
321 11
418 24
474 30
388 29
64 30
219 30
139 16
444 23
236 16
415 1
361 17
339 11
468 3
362 13
297 20
66 17
455 3
137 8
392 20
28 23
486 10
213 12
489 24
58 32
411 12
204 3
120 31
429 16
317 15
388 1
438 25
433 32
287 25
376 27
93 11
133 30
353 5
257 13
352 10
417 2
137 12
237 16
162 17
195 10
455 27
146 1
387 27
340 14
147 7
204 31
470 24
372 6
385 4
14 24
293 30
202 1
402 30
185 19
102 15
245 13
165 6
5 28
320 12
429 19
411 16
409 4
171 13
405 3
260 26
495 29
200 20
481 1
485 13
367 30
248 15
198 4
205 22
315 20
398 7
342 20
226 23
391 29
235 31
7 18
416 25
398 15
400 11
419 28
99 2
174 18
248 3
110 4
277 20
328 26
19 29
185 16
123 3
344 21
73 11
203 24
55 20
455 15
182 21
190 21
10 3
478 6
290 27
413 30
363 32
91 9
113 3
328 15
201 4
444 5
226 10
260 16
97 2
86 27
291 8
263 12
342 20
113 15
179 26
48 29
321 2
273 21
412 28
20 8
475 7
384 12
108 8
332 12
413 25
38 31
44 20
59 10
392 27
368 22
400 4
462 13
405 22
5 9
389 4
428 16
486 28
415 25
11 22
353 11
15 10
330 14
190 20
295 5
410 15
2 2
430 11
234 22
252 14
2 16
262 14
355 27
297 26
396 11
367 24
81 29
137 30
291 30
1 1
110 31
451 27
424 32
129 13
66 4
394 19
372 11
200 18
458 8
199 25
154 26
452 7
150 16
348 32
470 21
377 15
111 15
42 18
59 14
42 4
254 23
246 5
294 22
202 7
293 1
455 15
170 14
385 15
197 24
111 10
432 15
245 30
17 2
279 11
159 12
254 32
107 4
388 4
445 26
2 21
194 8
35 19
213 23
33 17
3 15
427 26
481 19
32 26
160 6
276 2
130 18
434 20
29 5
487 13
114 32
61 23
295 4
373 27
218 10
267 8
400 5
358 21
215 25
82 10
50 17
396 15
386 13
118 22
353 24
238 15
295 3
329 29
450 14
95 31
459 2
239 14
406 8
90 29
188 15
346 29
380 17
472 1
273 13
383 14
397 24
296 27
122 32
280 31
177 14
90 3
439 4
345 21
127 18
169 10
309 22
106 32
311 17
304 3
18 22
412 2
158 11
308 7
35 19
54 23
165 3
198 15
322 10
3 16
179 19
317 27
389 30
26 15
351 26
133 12
367 1
485 28
455 8
7 21
231 8
52 27
54 5
53 15
142 12
378 8
78 22
159 6
467 28
16 1
365 5
388 4
397 24
459 15
368 1
340 26
376 15
196 17
343 28
7 32
7 28
7 5
429 9
254 4
201 30
416 25
270 16
148 6
27 27
16 6
71 23
195 3
301 18
79 23
342 18
478 20
321 29
284 30
1 2
349 9
159 4
266 32
419 29
445 26
19 24
43 18
371 30
92 19
479 6
166 28
255 31
20 4
479 7
29 32
44 1
180 6
140 9
481 23
210 9
208 28
441 14
373 15
339 32
185 26
134 10
341 28
345 4
19 3
367 31
6 18
423 10
112 3
334 28
177 23
73 8
327 5
485 31
175 32
15 19
345 4
61 13
239 5
397 30
283 27
156 9
172 27
326 3
197 3
431 21
54 3
108 12
367 16
430 25
119 8
103 7
443 7
500 10
271 4
143 18
10 2
194 9
80 11
168 24
29 10
500 6
452 7
165 18
51 27
62 5
390 20
484 13
31 31
218 5
82 28
206 31
361 15
123 25
269 18
68 6
91 28
83 6
26 28
63 24
194 32
97 23
492 8
267 14
266 24
174 7
47 8
289 16
482 11
52 15
53 23
252 23
390 30
37 20
81 19
343 14
427 7
209 6
370 7
439 19
163 4
185 17
47 29
320 1
236 7
335 4
194 2
134 15

