256
138 2
486 7
395 10
381 1
234 21
457 31
156 19
123 11
29 21
280 14
7 31
270 8
115 29
139 9
396 24
232 21
298 21
83 8
131 23
85 20
268 13
239 11
135 25
114 12
474 1
297 32
439 18
479 25
366 6
306 26
121 29
498 22
105 9
166 15
247 6
451 10
142 21
289 17
253 10
440 26
498 20
410 9
153 32
193 19
209 2
484 2
386 25
451 15
413 20
77 32
69 31
25 11
419 29
487 32
270 22
101 16
365 18
56 13
102 24
91 22
450 10
491 23
259 14
177 3
261 2
34 26
132 11
40 19
75 30
426 13
7 10
316 27
388 19
91 13
322 6
150 3
459 25
106 17
286 30
240 6
239 21
227 31
183 2
125 6
347 2
158 17
75 13
75 6
195 18
154 8
199 20
139 5
148 4
226 17
229 9
182 32
89 21
190 28
378 14
85 21
215 18
429 25
66 16
455 28
21 16
127 23
263 13
227 14
360 16
46 17
268 20
408 21
488 13
184 29
114 16
145 8
361 22
468 30
429 30
37 5
382 27
19 16
280 21
258 23
49 27
431 28
382 22
376 21
490 31
290 27
178 2
430 14
7 2
167 27
171 3
235 12
70 25
400 5
350 25
191 18
163 2
65 1
163 29
117 25
351 6
107 9
192 21
270 30
138 1
337 20
491 23
64 32
176 27
408 29
323 31
422 5
424 26
233 22
278 26
442 17
459 1
361 6
437 14
52 10
66 28
233 17
310 28
116 1
110 20
9 8
326 10
269 17
120 17
38 25
202 20
229 9
380 1
14 8
219 17
241 28
304 13
192 30
269 28
450 30
35 27
162 32
92 18
312 7
282 21
460 12
32 8
200 27
129 1
78 23
130 18
482 29
143 30
398 7
481 24
492 7
362 9
78 21
434 21
16 28
441 27
255 17
366 26
235 10
18 13
192 11
334 18
432 28
199 1
90 7
232 6
397 9
86 18
398 8
362 25
291 14
91 9
126 20
202 9
302 27
229 29
218 18
370 13
242 28
33 15
98 5
412 14
209 2
467 10
221 4
370 11
334 20
407 15
268 20
23 5
178 11
265 19
17 15
99 10
54 12
440 12
100 12
497 28
53 24
266 21
495 7
135 12
299 17
139 2
500 17
338 17
468 6
424 24
440 2
93 30
357 24
145 28
87 1
116 15
456 29
115 19
219 1
482 29
141 24
434 20
485 3
317 4
77 8
287 28
317 27
9 22
114 1
129 21
498 8
43 25
328 6
107 7
258 9
63 23
60 1
390 8
471 14
347 11
1 5
63 30
215 31
491 17
428 3
381 1
67 7
229 14
432 4
292 18
424 23
292 11
55 17
379 25
91 29
72 19
62 10
260 32
408 2
456 7
73 20
259 15
463 32
88 6
323 16
287 14
86 30
432 28
463 10
368 13
239 23
495 8
276 15
427 8
356 23
18 20
422 21
122 4
116 30
130 22
89 32
239 18
198 26
17 12
480 32
212 10
175 22
369 22
460 23
485 20
381 11
447 23
483 9
38 18
278 3
91 18
287 9
243 32
498 15
495 5
346 2
398 4
115 30
174 27
265 22
94 1
12 20
3 30
460 17
295 1
411 21
158 21
65 20
384 31
362 30
243 16
287 17
431 22
110 12
180 2
262 29
75 1
164 25
323 12
469 13
416 28
354 30
280 30
325 4
332 19
245 31
450 32
419 20
137 28
484 4
106 1
440 32
73 15
108 31
282 1
364 6
160 13
123 11
338 19
306 6
337 15
448 6
286 18
18 2
97 25
441 10
449 4
85 25
38 1
268 12
473 3
369 28
199 19
274 24
289 20
57 10
482 32
115 15
73 8
392 30
484 20
427 24
415 16
305 8
408 8
123 16
406 3
215 24
333 16
491 26
419 12
451 4
107 17
370 28
49 1
405 24
296 31
316 10
194 32
366 29
395 4
36 16
183 22
255 27
442 21
340 8
496 22
112 11
59 29
486 31
94 30
490 17
72 5
303 10
276 12
422 10
7 18
469 21
411 31
408 12
320 3
64 19
241 31
121 31
359 2
257 24
347 18
45 27
51 3
388 26
366 9
496 28
118 28
265 1
187 32
232 14
270 31
172 26
173 29
160 24
250 20
187 29
162 23
219 28
281 26
389 6
118 24
74 28
52 18
116 14
213 7
95 18
346 26
196 2
262 3
253 20
123 8
312 28
226 6
347 23
339 11
356 32
175 29
43 22
470 22
315 30
209 29
368 2
378 27
275 12
269 28
355 19
23 14
26 32
399 4
106 17
311 18
396 17
94 11
62 28

