256
186 7
461 4
33 15
359 4
285 24
70 1
428 18
435 23
23 19
341 30
470 1
226 5
58 21
135 9
190 26
218 7
480 22
319 12
236 1
139 24
348 21
364 8
194 14
446 24
208 26
405 21
263 7
333 8
195 7
84 13
496 21
259 32
35 29
339 14
105 26
290 21
390 29
432 19
155 25
3 10
366 31
391 12
241 23
152 32
394 3
320 29
240 30
68 2
359 7
395 23
236 20
119 13
41 6
411 27
278 9
260 16
24 2
123 12
225 14
199 22
361 22
210 8
152 14
77 14
36 23
324 19
7 15
99 27
196 29
445 18
126 24
469 13
206 27
412 18
217 3
251 25
332 24
232 11
237 8
344 24
130 28
246 8
166 8
238 29
205 22
186 10
238 14
330 7
97 13
224 17
55 30
93 7
285 8
73 26
335 9
497 12
288 27
304 13
438 21
165 6
75 23
323 24
4 4
458 12
245 21
116 31
358 4
37 6
235 22
367 25
230 16
237 1
458 24
321 11
284 21
389 22
335 31
373 15
67 10
494 19
362 22
461 15
21 22
213 4
311 19
28 8
294 32
408 11
7 20
498 3
64 6
500 19
448 5
293 6
406 26
176 12
247 9
338 8
338 14
79 8
333 6
391 2
74 22
229 28
377 2
370 16
463 22
394 10
446 2
276 7
324 7
470 10
291 12
41 12
61 27
479 25
429 1
371 6
166 7
285 30
176 31
38 14
228 15
399 13
469 6
375 12
181 5
213 27
4 6
451 8
428 25
161 32
298 27
61 15
333 6
61 8
352 26
497 23
232 11
251 24
273 21
343 29
321 24
423 8
365 29
92 28
6 16
500 15
486 32
469 10
257 9
177 8
330 5
186 10
419 32
113 31
265 4
143 13
215 18
113 23
142 4
222 3
159 13
153 28
133 14
165 17
354 21
497 24
217 22
449 7
174 1
178 10
220 32
226 30
89 10
216 31
393 6
81 31
10 18
250 30
207 30
235 20
458 7
447 10
116 11
161 17
160 22
78 15
9 16
17 6
493 32
32 6
373 4
492 23
345 30
80 19
359 2
463 13
396 17
342 4
360 6
4 7
43 14
101 16
237 1
353 21
53 24
318 5
495 30
11 16
255 15
242 21
404 8
429 24
169 23
15 20
476 14
398 23
451 14
274 23
467 26
472 15
9 5
295 11
302 14
194 28
248 28
169 11
195 17
154 27
71 28
390 3
38 7
269 4
137 30
379 3
19 6
121 7
490 3
233 12
72 11
347 11
66 23
322 8
316 23
123 14
495 16
136 28
3 8
19 11
149 25
241 27
98 29
45 8
479 18
379 15
56 25
221 1
444 14
232 23
369 10
496 23
422 20
246 16
387 16
414 32
365 6
54 6
218 27
49 32
80 31
98 7
356 7
107 7
64 14
57 24
396 32
498 17
35 31
92 14
211 25
161 23
362 6
36 31
368 9
478 11
215 12
433 30
98 23
368 5
81 32
149 28
180 10
348 18
241 11
339 23
147 11
229 32
269 8
290 16
52 27
435 23
46 11
336 23
110 24
8 6
331 24
221 22
153 12
428 9
358 6
47 24
321 11
363 1
391 20
76 2
270 10
60 20
81 12
162 22
451 5
435 25
176 27
495 29
74 22
425 27
391 4
138 11
98 8
151 32
355 27
134 8
440 25
143 24
88 5
413 6
325 7
375 5
205 13
33 6
142 5
412 28
132 17
95 22
252 17
421 18
323 22
82 15
247 20
486 18
380 19
76 1
449 22
261 26
170 5
283 3
101 31
46 17
95 4
314 7
237 26
304 31
288 17
25 30
461 19
219 28
261 6
100 29
447 32
362 28
152 21
278 13
191 28
189 1
315 2
483 19
87 31
462 10
23 30
111 19
348 22
379 20
327 10
21 22
338 6
241 13
230 15
297 12
194 21
409 8
338 19
59 17
29 12
354 32
209 1
238 25
498 32
220 16
446 28
449 19
474 22
475 27
60 24
327 13
256 19
112 2
477 14
74 22
393 11
261 2
243 6
214 32
466 5
416 15
25 20
45 2
405 31
404 12
290 2
420 2
316 12
195 25
53 20
150 18
194 2
103 9
259 12
176 12
452 23
486 16
307 26
177 19
401 13
379 14
14 22
291 2
181 17
122 26
252 7
383 2
32 29
234 14
152 17
14 23
352 19
283 18
233 23
72 5
243 2
378 17
452 1
438 24
153 11
69 21
33 27
202 24
287 31
353 30
195 30
245 22
69 27
55 29
189 11
489 20
132 18
40 3
34 21
419 3
91 11
443 15
290 12
186 28

