256
499 24
93 21
78 27
111 14
273 17
252 10
352 12
122 7
388 17
210 4
433 12
401 22
357 26
26 11
467 2
347 10
405 31
86 19
481 8
224 22
24 7
379 19
307 9
117 30
337 7
41 30
462 9
87 6
166 4
272 9
202 30
302 30
261 15
440 21
139 16
346 14
342 9
389 8
77 25
193 9
35 6
386 17
26 24
314 16
436 6
28 1
259 9
446 31
271 14
112 13
253 29
423 18
385 27
94 21
167 30
78 18
371 3
50 17
139 23
292 22
4 23
266 31
351 19
133 21
448 16
382 28
405 28
146 17
466 7
454 8
228 3
37 7
197 26
199 31
5 22
112 12
12 9
122 10
440 7
334 27
350 31
143 2
370 4
247 15
230 24
171 13
230 15
259 30
349 9
465 25
150 16
212 9
157 14
226 20
440 16
186 9
478 4
247 8
319 29
34 16
192 12
209 13
467 15
402 3
276 6
19 21
294 30
290 14
267 15
397 30
130 14
347 12
114 17
307 24
437 8
184 32
248 4
104 14
358 21
28 9
223 10
262 16
479 27
317 18
121 29
303 7
350 21
358 27
445 4
99 17
355 26
212 30
25 27
167 14
172 26
219 10
443 20
113 10
234 21
371 22
345 9
456 26
26 13
361 2
328 7
55 27
444 2
136 28
285 3
201 12
200 31
53 31
250 13
268 31
297 2
41 17
14 16
186 7
161 30
213 12
60 27
22 3
236 30
322 24
164 7
179 27
293 23
357 23
99 32
229 3
465 9
387 11
265 29
369 21
174 25
264 30
51 6
236 15
499 30
158 2
432 9
228 8
123 21
470 2
412 19
468 21
467 23
355 19
131 15
359 12
8 7
389 26
112 9
196 14
34 14
475 9
394 10
40 20
490 14
441 18
60 25
130 26
467 4
313 1
58 19
104 25
497 21
475 4
469 26
421 2
227 31
170 28
301 25
340 6
422 4
395 5
392 28
211 10
7 11
158 17
45 22
185 22
458 27
353 6
33 10
131 27
372 16
83 16
212 6
166 14
405 12
318 5
436 16
358 6
402 24
62 23
333 31
192 22
257 4
419 13
169 1
252 21
52 30
416 23
459 25
248 11
493 22
363 12
445 29
73 31
88 7
497 32
233 32
61 29
83 15
130 16
379 17
144 30
418 7
44 16
492 24
90 4
209 9
115 17
173 31
203 24
173 3
383 9
90 11
246 5
125 15
128 7
459 23
136 12
33 23
103 28
174 20
211 26
496 13
239 32
216 25
131 16
344 13
497 29
159 30
457 15
172 20
489 10
206 24
209 7
155 15
466 28
354 1
414 30
205 32
369 24
296 20
12 19
216 32
72 23
305 16
213 8
464 26
457 13
325 5
111 31
327 21
11 20
457 16
381 1
279 14
433 6
101 32
65 32
7 8
246 27
367 27
138 26
12 18
55 4
462 25
19 8
445 29
319 1
156 12
414 26
301 26
211 25
345 23
272 23
114 14
13 21
328 18
14 27
95 20
26 24
289 32
47 25
128 25
486 7
416 27
420 28
448 31
320 12
257 12
494 19
461 18
55 32
7 20
478 5
340 23
360 20
251 26
212 18
122 5
13 22
299 24
457 18
414 5
389 11
368 30
393 8
239 3
115 17
366 32
197 29
298 16
184 12
313 28
278 27
296 22
324 31
73 32
44 3
408 13
9 19
166 9
102 25
51 32
1 32
363 30
325 21
105 12
208 22
107 29
204 7
126 31
201 31
10 20
37 2
380 13
44 10
149 14
154 31
65 10
466 12
203 26
88 20
2 31
77 12
484 24
214 13
10 22
159 19
362 11
288 9
443 8
138 11
329 19
493 1
297 7
24 3
452 11
10 5
462 30
265 5
217 2
405 10
96 28
449 1
462 16
49 29
419 27
199 11
329 16
344 9
354 23
328 21
182 1
110 11
275 10
87 19
203 31
421 2
258 25
106 32
456 11
476 31
193 2
473 17
217 20
202 6
35 5
227 12
217 20
210 3
413 4
186 7
490 18
265 28
178 10
467 17
376 22
359 24
319 24
293 8
351 2
309 21
374 7
304 10
74 21
285 22
160 2
453 26
131 5
397 28
438 15
292 2
360 27
233 26
186 1
417 28
370 14
125 7
464 16
37 14
145 29
23 28
346 31
305 16
43 9
135 17
267 22
146 26
280 10
156 1
107 20
57 12
149 13
423 21
312 3
2 32
335 4
112 28
203 16
7 5
469 21
77 15
418 6
65 26
304 28
366 26
495 22
441 16
454 23
460 30
25 5
73 23
188 24
242 10
452 28
487 32

