256
378 28
69 25
318 16
410 14
81 13
461 11
2 29
166 12
363 13
175 15
116 23
500 31
327 25
177 27
298 19
189 15
203 18
8 4
189 1
233 25
433 2
324 26
442 17
329 17
366 19
35 9
130 10
431 20
458 23
350 16
405 23
282 23
296 5
478 8
409 11
456 17
256 3
478 9
120 15
205 17
161 23
169 10
272 31
450 2
205 11
337 29
337 14
68 8
259 13
319 23
107 15
360 2
257 17
263 4
347 3
212 32
206 12
1 25
330 6
410 30
101 10
347 17
68 14
421 10
310 7
196 17
217 7
334 6
448 28
53 22
415 29
153 24
348 30
300 18
455 10
415 19
11 9
344 10
26 28
107 16
206 19
308 23
413 17
100 16
237 4
154 11
268 26
474 8
311 17
145 26
186 7
172 13
172 15
126 5
482 9
236 12
91 19
462 19
184 29
215 16
64 8
274 32
25 27
151 24
223 31
305 5
205 28
105 20
343 6
425 20
166 12
363 8
55 32
111 2
88 29
213 28
44 10
39 4
436 1
107 14
483 11
418 3
387 2
415 17
456 15
404 21
350 3
81 24
294 23
197 30
367 9
89 22
98 19
329 21
315 20
395 17
346 20
335 4
186 9
164 29
439 24
465 17
390 13
248 27
87 1
268 21
57 16
362 27
482 3
391 20
478 17
444 19
449 23
111 26
379 10
478 22
45 6
310 26
339 13
469 21
353 12
230 22
92 19
268 29
485 30
221 10
147 20
341 19
294 19
432 9
76 1
194 29
202 3
258 24
411 10
317 28
314 22
377 17
488 32
181 29
5 29
138 11
417 2
449 26
428 8
438 16
140 31
328 14
485 1
233 16
163 17
363 32
94 27
232 14
234 28
406 22
165 15
241 9
373 29
346 4
421 4
155 12
266 30
401 3
419 30
350 9
34 28
408 20
302 23
413 15
254 10
124 10
212 4
202 8
257 20
88 5
183 30
236 24
428 9
50 26
474 11
130 19
462 9
486 27
379 6
297 16
67 13
254 7
488 11
418 16
206 25
272 20
99 4
40 18
348 5
223 17
340 12
31 21
92 9
64 18
118 24
305 29
336 26
19 20
217 16
271 2
441 23
14 31
402 1
416 5
493 26
273 20
193 23
337 24
375 24
105 13
463 9
381 19
171 11
326 7
186 8
12 2
138 29
368 23
281 15
491 2
124 15
309 12
270 29
303 4
396 11
488 3
168 24
213 22
266 26
428 28
485 3
281 31
168 29
365 28
135 16
425 19
322 18
130 3
82 1
87 2
191 22
40 30
442 24
47 15
141 14
362 17
265 7
451 16
495 4
231 13
23 8
443 16
93 29
435 6
5 25
3 7
446 10
405 27
145 23
298 17
129 19
262 21
5 16
28 27
379 14
332 5
117 6
97 13
198 7
235 30
255 25
101 12
131 9
439 3
159 16
264 3
246 21
383 27
440 26
453 23
372 28
71 28
262 15
401 3
49 27
365 19
75 5
355 21
321 5
184 11
28 11
118 21
175 4
227 2
262 4
284 5
167 19
324 32
373 8
91 22
210 3
76 21
271 6
341 19
222 32
421 29
174 10
226 8
390 32
314 11
335 1
487 2
155 14
281 20
386 3
301 23
29 16
83 11
10 20
241 31
151 26
184 29
403 13
24 16
64 13
146 15
138 8
252 32
146 16
23 11
107 27
181 23
403 12
286 32
39 30
494 17
243 25
365 26
437 17
141 17
429 3
251 10
122 14
414 31
385 28
1 15
259 10
330 1
297 7
424 19
344 29
375 27
94 16
84 26
332 28
382 28
214 8
382 8
485 15
306 18
230 15
212 32
192 5
352 12
7 31
174 15
192 32
141 17
491 28
18 14
151 20
286 21
235 15
52 16
461 1
441 6
367 32
382 6
45 5
397 15
360 14
105 31
470 5
39 28
172 24
134 23
159 19
39 6
437 6
465 29
150 21
438 21
408 7
426 24
404 11
355 15
244 3
165 5
408 27
25 7
462 10
105 29
280 7
218 28
436 22
464 18
438 25
454 29
424 31
149 11
53 27
441 1
165 5
361 4
11 5
3 16
246 7
148 9
454 13
92 25
250 27
326 11
12 15
384 19
362 28
261 22
386 21
62 18
9 27
474 23
159 32
46 13
138 18
281 19
262 25
480 32
483 21
198 6
288 17
428 17
464 20
414 1
92 28
251 32
398 8
322 20
255 28
312 12
413 21
483 10
169 10
37 31
322 19
497 1
167 28
109 15
316 23
183 23
202 1
211 7
212 12
358 14
251 26
210 19
114 24
41 26

