256
439 30
97 8
32 26
42 18
191 12
308 8
393 18
206 18
445 30
32 16
340 22
206 8
498 16
94 9
218 11
36 20
168 25
111 4
78 21
377 32
296 16
475 8
373 4
458 25
349 17
40 8
374 1
219 19
396 1
435 21
3 15
268 18
455 3
73 24
383 9
299 22
189 29
69 25
156 22
82 32
366 25
395 11
366 21
110 9
129 24
374 31
366 5
153 12
223 5
203 29
378 25
486 6
477 15
478 20
432 15
339 10
32 25
388 1
50 17
9 2
393 6
309 14
227 17
282 17
389 28
258 2
337 31
35 9
149 5
149 17
275 15
378 26
424 13
202 21
114 3
150 6
296 22
467 18
122 12
175 27
84 16
480 28
26 3
84 27
231 32
255 25
423 4
311 22
100 12
170 13
426 31
422 22
481 5
447 26
488 9
316 23
52 16
342 6
14 22
104 24
361 10
100 3
193 2
332 28
478 1
209 27
24 26
328 20
222 23
309 14
395 1
484 23
476 22
228 1
103 27
436 31
392 7
450 16
1 25
227 22
486 19
232 25
417 32
216 10
186 24
199 20
352 27
82 7
360 5
167 26
343 30
480 2
193 25
169 13
414 28
22 11
34 17
259 26
16 14
292 5
349 26
485 29
376 2
27 3
79 10
252 5
351 20
359 11
12 23
235 29
478 24
175 32
213 9
165 24
406 28
133 27
2 21
307 9
386 25
316 28
230 7
89 9
150 7
475 6
177 10
438 15
169 9
18 9
45 6
461 7
342 29
409 23
61 23
71 6
251 10
114 17
157 2
413 10
352 11
467 4
300 17
182 21
17 31
201 9
85 29
67 6
105 15
472 9
393 26
315 20
132 16
476 20
481 28
93 24
478 12
211 26
168 13
98 20
295 10
448 15
311 11
8 31
193 15
284 30
225 22
81 12
25 20
347 21
295 27
188 20
202 6
401 1
142 26
256 29
148 16
19 10
422 31
76 18
209 15
51 21
456 31
140 8
38 30
40 32
129 7
308 30
329 32
51 30
58 18
110 29
213 5
366 26
7 13
100 15
152 26
500 31
485 3
143 10
329 2
206 25
261 29
138 21
72 20
410 21
198 12
389 6
500 22
396 18
399 11
72 30
348 3
360 28
62 2
206 6
388 15
198 12
127 19
88 6
227 17
383 12
220 11
185 11
377 16
76 3
278 28
28 30
218 27
161 3
93 30
20 32
480 5
479 22
404 10
156 30
266 22
405 22
160 25
56 32
21 28
14 2
131 1
127 20
132 24
331 24
5 30
55 1
419 1
442 26
302 17
303 3
338 31
256 6
295 24
385 31
147 7
317 9
143 31
328 2
82 18
201 11
360 15
71 18
491 32
303 24
313 1
63 22
311 18
147 21
481 32
124 27
486 20
107 12
234 31
106 8
444 6
254 31
413 28
136 3
39 26
399 11
42 21
1 24
130 27
309 15
382 32
441 31
223 12
347 4
334 24
475 25
461 28
136 17
403 7
480 18
209 14
292 26
190 28
306 7
291 30
281 16
249 30
391 15
473 25
130 18
392 29
286 12
184 1
77 15
44 16
380 8
137 27
205 30
315 18
144 13
327 25
480 11
350 10
397 30
310 11
479 17
483 24
257 30
389 25
104 32
444 11
35 4
6 7
405 28
453 4
128 7
176 3
206 17
181 10
198 14
480 28
247 26
144 27
480 12
39 3
463 26
270 17
61 19
439 29
150 15
216 21
374 28
87 7
120 3
180 26
313 4
345 15
473 8
413 20
371 27
91 29
284 4
33 16
338 4
12 3
66 11
467 7
322 13
17 18
24 29
463 32
208 31
394 28
499 22
188 25
460 6
202 3
489 2
290 30
57 29
16 23
231 22
413 13
386 10
50 17
478 8
244 5
170 29
68 12
146 15
37 1
32 26
347 28
175 20
49 32
140 24
58 23
45 18
479 15
399 32
191 32
39 15
412 12
275 4
228 29
86 28
25 6
205 32
341 15
211 26
314 3
305 3
73 30
341 27
484 15
78 10
319 32
460 18
27 3
413 2
155 7
369 27
320 17
402 12
304 13
253 13
315 22
340 7
111 4
289 30
474 26
267 32
37 31
226 3
313 6
317 31
192 1
349 23
110 19
375 17
215 7
381 13
388 12
119 14
455 19
91 1
476 18
424 4
288 17
74 16
491 10
270 2
427 6
397 28
220 27
152 22
101 8
166 29
456 20
338 2
42 21
190 17
490 2
232 21
466 26
80 8
399 17
342 13
170 2
64 14
212 19
27 28
451 5
4 14
180 2
19 30
122 17
442 27

