256
291 4
44 32
393 12
378 4
144 22
455 1
414 17
277 15
81 13
191 8
482 8
416 32
114 16
273 18
42 22
254 12
273 29
159 22
384 20
89 23
133 7
27 7
16 11
473 4
408 31
83 17
366 3
176 32
210 9
177 31
206 18
286 22
282 20
495 21
331 4
43 16
330 2
362 1
224 10
293 3
53 15
372 14
225 3
397 2
199 30
388 8
207 9
234 29
468 8
5 3
163 28
114 21
321 7
189 8
364 25
27 24
208 30
334 24
444 18
70 11
7 25
398 30
482 15
406 29
211 10
99 1
13 16
217 1
242 10
229 6
238 19
373 9
152 2
81 15
140 26
441 2
458 11
415 19
173 24
240 15
286 14
460 6
402 4
483 19
285 15
100 15
317 21
319 16
382 23
266 9
400 23
223 2
249 9
296 25
13 3
360 2
225 23
447 14
198 13
472 7
343 24
5 27
248 11
330 1
74 8
206 17
6 20
330 30
268 6
378 28
364 29
429 24
259 4
417 13
156 5
291 11
312 7
9 7
321 15
391 18
286 16
219 19
227 20
396 31
229 5
126 1
362 23
32 20
282 29
428 9
189 18
287 28
364 24
262 9
134 8
282 27
452 28
61 26
400 28
24 8
80 18
72 1
408 32
265 1
404 20
477 28
262 28
443 29
411 24
13 24
59 31
314 22
146 30
40 9
181 7
25 24
416 24
53 31
51 13
363 18
360 8
249 5
455 3
450 21
98 6
260 25
108 29
18 30
150 29
150 18
472 22
441 27
474 1
414 4
13 24
182 13
467 2
197 1
325 18
137 30
312 32
78 27
320 4
376 21
4 30
150 3
403 15
66 32
435 23
104 28
106 25
24 13
66 24
197 30
70 2
164 1
81 17
151 29
188 19
221 20
404 23
18 2
313 19
386 19
413 5
398 23
273 21
147 22
493 15
432 22
28 15
294 17
187 16
361 19
322 29
418 17
155 27
87 23
370 20
66 22
460 23
356 20
236 14
125 24
345 28
141 12
2 2
332 9
81 8
267 19
477 32
331 23
470 21
450 7
240 23
177 31
181 8
134 24
386 27
347 18
166 27
305 32
124 25
60 13
32 2
459 4
361 1
491 26
410 8
225 29
158 29
200 10
284 13
458 25
443 16
250 29
495 7
128 6
191 3
26 30
216 16
82 4
477 28
461 6
363 29
238 32
85 29
209 29
122 10
389 16
322 31
24 4
193 7
137 3
41 27
308 12
498 1
387 26
312 12
63 30
384 1
397 1
89 6
41 6
475 17
126 8
67 1
315 19
4 20
345 16
318 21
4 23
245 10
493 17
441 15
434 29
207 11
145 12
140 25
357 30
465 6
114 24
335 16
494 14
83 31
85 16
343 24
67 7
182 23
495 22
317 5
298 20
315 14
171 30
478 15
271 15
213 32
178 27
16 15
88 18
9 4
350 31
112 8
142 29
178 28
414 2
120 4
369 14
5 19
239 23
418 6
129 22
245 10
380 20
476 23
210 5
490 7
391 21
178 8
393 11
372 3
52 3
222 1
425 22
311 27
264 20
24 16
413 5
401 24
232 17
110 29
65 8
203 23
52 16
191 13
86 2
307 6
52 20
410 20
457 24
491 21
4 14
316 20
486 29
60 10
445 25
362 1
120 9
167 28
296 21
320 18
270 22
223 26
5 28
149 17
55 27
237 30
357 9
326 26
121 29
263 17
405 9
129 21
189 7
400 8
356 23
69 17
196 15
298 20
126 23
364 29
437 9
90 25
5 11
339 21
151 21
245 28
225 21
432 13
19 31
101 22
49 13
351 32
164 16
147 5
446 22
321 23
314 27
379 14
29 1
146 12
170 6
235 18
114 22
11 21
348 19
358 8
483 16
343 26
208 25
287 5
350 31
239 12
221 10
185 30
38 27
429 31
72 15
453 26
180 15
170 23
277 23
126 31
439 4
109 6
308 23
150 9
353 5
24 14
210 13
175 23
243 19
306 6
469 6
203 4
424 12
378 20
251 23
310 9
322 10
186 21
164 23
341 21
427 17
294 8
277 12
87 3
422 20
36 30
353 7
241 12
110 26
327 20
472 16
252 9
406 9
125 25
476 25
437 26
33 14
242 5
49 32
179 22
423 15
211 11
305 19
254 6
420 20
478 27
419 21
35 28
370 31
245 29
476 1
98 32
263 23
169 7
370 11
133 8
265 15
122 13
498 7
335 13
158 12
308 29
244 10
104 29
205 12
309 32
233 15
39 27
97 3
157 27
258 29
110 6
336 20
443 13
458 5
101 20
292 32
396 15
454 7

