256
386 21
4 18
196 12
212 29
473 27
235 12
475 2
397 18
492 30
18 23
194 26
148 27
144 9
424 6
80 25
489 13
77 4
99 9
283 18
17 23
184 11
458 18
205 18
23 32
448 32
354 1
418 10
139 17
262 3
390 29
375 30
158 8
73 8
76 16
417 20
462 4
47 8
110 11
477 24
150 8
376 32
268 17
357 3
57 26
173 23
310 31
28 31
350 21
426 21
308 30
369 9
146 7
392 23
17 9
90 26
496 5
169 24
461 1
22 22
494 30
168 16
92 31
122 2
499 20
218 22
93 30
131 18
352 14
344 20
242 22
386 6
250 6
205 15
283 22
80 32
271 15
431 14
145 29
155 32
304 5
5 32
310 19
486 6
9 25
381 22
114 6
191 8
376 23
426 18
472 25
285 30
103 32
456 19
120 26
446 11
482 7
22 32
85 27
305 25
188 29
195 1
7 9
16 14
280 29
39 11
297 15
345 27
390 20
202 9
409 31
135 11
97 29
386 30
15 14
274 10
78 4
355 12
205 18
317 12
163 23
86 3
30 30
62 19
81 11
132 30
409 14
436 14
274 17
39 1
214 32
342 7
484 20
79 16
66 11
375 20
102 16
38 7
94 19
253 30
361 20
367 6
2 2
127 11
326 29
415 15
328 21
34 31
452 8
350 13
358 8
448 19
36 22
441 5
436 18
154 5
77 29
418 6
378 28
205 16
208 27
446 19
227 19
346 23
294 31
47 12
271 3
110 30
332 23
286 31
96 3
415 12
15 12
454 29
227 2
448 30
480 9
321 11
76 2
385 21
64 3
20 6
129 30
491 28
236 4
431 27
67 29
58 5
381 23
325 15
372 12
393 20
369 29
58 16
82 30
164 29
428 4
479 5
17 5
72 20
97 26
286 15
199 19
447 31
206 20
37 1
247 25
280 19
493 17
262 18
334 6
219 14
461 17
22 9
221 17
432 29
447 9
183 1
411 30
75 4
457 11
397 15
392 24
22 24
217 3
310 22
60 24
15 16
280 20
348 28
333 19
169 15
347 3
275 22
184 13
225 16
163 29
47 26
149 32
142 29
54 27
470 10
34 21
133 25
224 17
164 12
111 12
186 30
387 8
67 14
12 11
414 11
264 28
432 28
231 21
480 28
227 9
397 32
137 30
424 5
214 12
120 16
123 10
133 5
469 31
431 5
342 16
211 17
155 18
220 5
67 3
168 21
351 5
257 8
298 12
52 15
471 27
334 14
180 11
102 21
17 4
185 18
227 7
18 29
388 13
265 30
139 1
451 26
349 7
181 6
90 12
8 9
106 17
6 10
11 7
490 4
343 22
89 29
420 23
450 19
195 26
465 18
498 3
27 30
325 11
343 26
494 22
326 27
395 23
88 1
494 1
432 8
454 25
404 17
331 29
384 17
419 20
210 16
114 12
114 30
146 16
203 11
10 25
90 12
63 9
308 12
310 16
243 31
316 23
340 22
203 19
170 9
274 8
389 27
171 6
324 9
161 14
307 26
406 24
425 21
129 17
228 10
176 19
404 7
469 23
488 27
21 1
144 14
92 28
180 27
385 31
431 21
233 21
67 18
189 19
310 13
75 6
458 2
360 29
444 32
308 3
202 28
440 29
122 11
376 17
293 24
8 7
157 28
164 27
81 8
213 19
20 16
132 9
241 15
189 25
22 24
115 7
176 30
68 29
437 27
153 13
407 28
156 31
103 15
137 4
170 5
426 9
340 13
17 5
399 21
117 8
405 23
142 32
137 17
80 29
356 8
5 30
244 28
176 26
330 20
381 31
364 18
39 12
214 23
136 24
112 12
383 24
334 13
447 22
289 18
246 8
461 27
109 28
114 32
254 32
447 18
442 11
292 5
366 1
387 5
173 6
252 23
217 17
283 19
407 32
392 24
67 29
106 12
408 8
311 13
163 30
295 4
272 2
288 29
146 3
489 26
376 16
225 5
176 19
255 6
282 27
438 25
499 15
228 14
114 14
419 28
499 25
84 18
2 7
258 27
397 14
169 17
189 5
365 29
103 11
150 9
469 31
437 27
334 4
77 3
53 3
427 28
59 30
173 20
232 27
262 13
232 2
253 5
174 17
137 29
291 2
365 32
225 5
430 14
316 2
208 24
204 14
271 30
347 32
25 15
430 31
411 1
68 23
81 6
335 5
222 1
355 6
236 7
90 26
192 17
375 3
124 31
237 27
192 27
42 13
365 19
207 3
483 10
141 24
219 31
484 16
452 2
81 31
472 30
56 27
426 19
266 22
213 14
296 12
436 9
324 17
11 2
427 13

