256
478 23
272 13
385 29
410 16
27 30
385 6
382 16
195 14
49 17
190 16
413 19
118 14
53 28
140 21
156 7
153 10
13 20
442 17
88 24
156 3
85 24
392 14
312 2
187 32
311 24
52 11
482 5
152 18
180 11
402 4
269 26
321 14
329 2
382 29
465 30
235 14
281 6
219 28
416 22
304 26
485 11
152 23
227 27
352 15
93 14
94 22
11 30
199 20
27 32
460 24
321 14
393 18
23 31
45 26
220 8
15 1
406 22
23 1
320 30
39 21
331 32
330 18
397 12
385 27
311 20
266 8
241 22
85 19
473 5
53 8
33 31
248 30
437 30
70 4
496 12
20 6
443 1
19 7
228 27
466 23
450 19
22 14
241 22
157 29
438 13
404 6
479 12
260 31
421 1
171 4
493 26
94 23
243 32
478 6
219 31
212 8
25 25
210 25
190 22
477 8
278 25
301 12
236 16
171 12
93 13
276 29
86 25
371 32
332 16
150 18
494 1
70 31
446 15
487 7
348 12
466 5
48 27
232 7
178 26
142 26
446 1
206 12
137 9
211 17
128 16
222 6
425 27
196 10
273 26
356 12
497 30
96 8
440 32
30 1
81 32
91 31
440 16
262 25
224 20
101 16
184 10
29 20
465 24
329 13
405 12
209 22
209 8
297 32
483 11
469 32
350 27
294 9
206 7
69 2
378 9
485 29
343 5
372 23
88 12
395 12
88 27
245 32
111 30
148 9
72 32
360 17
378 5
61 3
59 26
216 5
2 20
349 20
416 17
2 19
124 13
347 19
203 31
211 9
336 18
110 3
177 25
327 10
474 12
192 8
73 16
172 6
311 13
270 27
445 3
81 24
371 11
131 22
222 29
90 5
50 15
316 30
20 26
335 5
85 18
228 9
285 24
83 4
124 8
174 32
326 10
487 25
385 1
326 30
309 11
366 10
318 9
287 1
27 13
33 7
147 16
120 31
11 30
378 10
257 31
405 14
9 32
482 29
360 19
202 29
74 27
378 23
452 13
431 6
285 27
292 23
222 27
214 17
464 23
70 28
494 3
6 30
218 15
98 1
294 19
97 31
69 3
461 16
491 11
201 7
205 1
262 14
255 19
362 19
269 24
142 30
110 23
467 27
134 20
107 7
214 24
349 19
30 25
154 8
403 23
350 7
199 11
384 17
437 18
375 6
381 17
171 2
15 30
20 12
53 22
278 23
181 22
401 6
138 10
433 16
112 27
146 22
245 10
467 2
275 9
443 3
209 9
348 32
102 31
223 23
492 29
273 1
330 21
234 32
282 19
7 30
153 5
407 17
182 25
134 8
418 24
166 26
41 13
201 6
231 4
500 30
480 8
98 17
148 4
128 26
202 31
27 2
139 9
454 16
10 4
331 3
15 32
404 27
360 21
49 22
84 28
163 23
172 17
223 31
296 23
452 9
189 14
202 23
263 27
350 24
446 28
198 25
27 21
367 6
409 19
327 32
315 13
406 18
453 29
360 16
183 8
96 7
141 1
49 11
156 2
26 25
429 27
413 23
28 4
44 24
398 22
132 4
210 13
401 31
369 5
262 27
72 6
273 32
358 29
467 1
70 12
318 26
419 10
156 22
213 11
233 3
68 4
174 2
253 27
144 25
335 13
24 10
466 20
321 24
469 19
40 14
483 17
388 5
439 23
198 7
94 6
113 1
498 15
494 26
213 1
222 7
246 5
304 31
245 24
238 9
115 14
102 9
486 29
349 24
236 6
279 21
179 7
193 20
381 23
129 29
175 31
491 4
299 18
335 27
122 24
107 20
201 25
184 3
49 8
462 8
133 24
316 23
335 17
191 19
47 23
160 29
21 18
493 24
296 3
362 13
398 21
4 31
29 27
137 1
274 26
417 14
190 4
68 16
92 14
90 26
77 17
359 25
103 23
416 6
29 2
166 18
450 17
376 2
411 16
110 12
462 10
89 27
110 28
378 1
414 11
191 14
420 17
438 30
251 22
271 31
335 20
408 12
160 32
317 14
499 14
253 24
304 17
462 5
348 27
317 21
10 31
102 1
407 8
302 21
97 32
139 19
211 3
418 22
182 10
291 16
159 27
492 14
235 25
78 22
496 23
195 25
253 12
285 4
39 22
168 15
361 11
417 7
205 30
292 14
67 30
417 30
476 4
243 2
65 29
143 16
67 1
416 7
337 32
330 31
489 2
362 9
156 14
271 24
112 10
97 18
347 1
459 30
125 26
383 1
374 21
452 8
214 23
110 2
270 24
424 10
289 13
310 4
415 32
155 6
345 31
259 15
115 6
364 3

