256
474 16
450 8
246 5
264 12
62 8
398 1
346 8
430 24
477 23
124 7
207 13
326 11
47 1
295 20
426 29
461 11
445 26
150 26
15 18
425 20
249 10
396 30
17 2
465 21
180 12
212 2
113 29
229 23
29 7
86 14
339 3
205 15
160 10
176 26
119 13
453 19
126 1
312 7
378 5
135 25
216 22
295 8
234 7
191 15
45 8
420 15
378 20
370 6
330 5
415 24
349 12
167 7
68 26
117 13
458 7
353 14
301 31
205 14
169 19
500 17
375 24
300 4
43 29
141 8
65 8
172 18
275 10
388 30
19 4
490 1
458 14
2 6
341 2
292 17
101 15
426 15
62 1
430 17
245 27
328 29
330 23
426 20
40 5
149 3
168 26
387 18
331 16
383 19
93 10
32 5
169 5
223 30
33 5
186 1
75 6
289 32
216 11
211 28
379 3
18 23
200 32
376 2
143 30
53 31
136 24
484 32
244 22
237 32
210 11
256 24
492 28
39 11
110 9
166 21
459 3
239 6
438 18
40 16
223 28
19 22
231 18
217 14
59 18
101 1
432 12
404 11
251 15
481 13
395 27
53 2
329 11
215 31
256 14
198 10
401 28
392 27
69 20
104 20
265 20
248 32
263 11
118 6
149 31
430 16
97 18
101 21
476 23
395 23
273 1
412 13
12 31
304 9
115 15
412 23
167 15
427 1
13 32
146 18
346 23
409 22
408 17
219 3
175 29
317 11
57 25
472 25
235 31
1 9
385 28
80 15
422 22
332 2
253 21
299 19
404 19
392 19
215 18
398 10
223 14
188 11
294 11
347 29
285 3
229 22
110 4
72 7
17 19
317 14
232 27
220 19
174 7
1 16
221 26
481 7
316 13
73 13
31 20
489 32
470 14
337 20
377 24
110 10
163 2
15 18
245 22
84 10
196 8
157 20
186 18
414 9
158 11
109 20
110 30
355 19
19 7
158 27
303 32
288 9
397 26
62 29
239 29
58 11
80 31
54 5
204 24
265 13
306 2
400 31
175 19
345 9
297 23
439 23
474 7
415 22
232 24
363 15
472 24
257 24
338 22
168 5
481 9
253 14
10 17
52 8
111 29
80 27
251 18
210 8
448 16
93 24
304 15
354 27
79 30
30 28
123 14
309 32
334 17
389 31
417 25
82 3
189 21
138 7
234 15
162 30
322 10
65 5
413 26
104 31
379 17
258 9
34 26
104 19
331 21
265 11
285 22
330 1
62 11
263 16
165 20
329 22
381 1
315 21
310 26
487 16
402 13
188 8
14 32
358 16
136 11
147 32
172 8
96 10
294 6
381 10
485 5
295 21
101 25
214 30
378 28
301 28
148 4
419 14
483 28
61 22
102 23
241 6
34 20
359 15
397 7
136 17
299 23
450 15
391 15
12 1
214 24
400 18
151 30
227 30
445 27
103 31
346 8
172 15
31 18
58 20
472 21
160 2
327 9
372 26
123 27
486 1
46 21
402 12
406 16
181 10
266 28
100 27
479 11
194 29
4 7
288 19
147 20
448 6
408 3
43 19
53 24
71 14
116 4
294 29
451 2
222 28
109 14
179 31
296 32
300 20
474 11
330 32
238 26
445 26
448 3
380 25
218 30
98 5
421 31
205 19
69 7
438 29
452 4
468 11
339 23
250 8
205 4
488 31
357 12
292 24
123 3
156 8
120 22
25 32
348 13
466 20
359 31
297 6
371 12
409 5
234 14
77 2
89 20
232 13
347 23
453 13
45 20
161 24
65 1
259 29
265 8
32 32
127 32
285 9
147 21
261 12
203 25
170 19
252 13
440 11
276 4
419 28
351 11
188 32
115 10
32 24
170 11
3 24
447 27
348 21
332 12
473 18
149 14
28 16
394 3
350 29
210 17
193 29
51 12
180 6
177 23
397 6
477 19
197 11
37 28
368 28
4 32
105 12
333 17
403 6
451 21
99 25
225 27
73 31
374 16
292 26
314 32
100 6
438 28
65 31
192 16
46 31
123 7
50 27
487 4
384 9
408 2
449 28
328 21
259 1
124 30
103 9
442 26
79 15
201 31
205 12
426 7
142 28
105 19
206 3
495 21
231 14
275 12
238 18
52 4
303 4
249 13
464 30
162 26
421 26
36 25
458 5
79 15
212 11
142 21
329 24
358 24
241 32
91 14
85 2
325 3
21 18
347 17
115 20
230 27
222 2
364 19
430 18
129 6
329 2
410 9
109 3
68 30
250 2
179 19
152 28
425 8
429 4
360 27
131 2
430 4
59 9
382 8
86 23
481 22
484 7
275 17
361 30

