256
316 26
306 21
377 22
171 4
265 16
107 24
179 3
261 22
93 16
375 26
412 26
341 23
391 4
218 25
465 2
461 25
351 31
237 7
176 27
10 16
2 25
323 24
311 19
462 16
70 24
425 29
129 29
35 15
333 20
463 17
61 28
429 16
394 21
138 13
276 32
360 25
320 2
309 18
116 30
237 21
309 9
18 5
278 4
160 6
8 26
110 12
249 31
479 14
407 17
62 2
468 21
311 7
454 11
268 9
92 25
106 28
369 15
40 6
378 19
459 9
25 1
157 1
459 15
119 17
103 8
399 14
305 13
60 18
179 12
31 30
184 24
373 4
462 24
402 23
315 20
280 23
428 20
463 18
70 5
103 1
113 21
298 9
61 2
26 23
185 20
212 16
395 12
475 16
347 28
251 13
236 6
203 3
465 26
401 26
98 23
410 10
207 8
330 11
417 12
357 21
115 20
172 10
3 22
69 1
22 31
214 1
200 16
123 28
433 23
50 7
229 15
444 23
18 2
53 30
481 1
386 11
328 21
308 18
407 13
383 28
399 32
388 15
11 30
262 24
237 31
326 1
122 13
104 3
394 24
277 26
417 18
25 12
275 24
278 17
412 16
312 15
255 7
261 29
412 6
412 24
185 17
317 18
210 16
500 11
427 20
33 31
142 9
291 12
92 8
448 4
79 7
166 5
309 14
301 16
299 21
72 23
5 32
344 2
307 28
373 21
323 17
428 20
313 30
231 24
489 26
259 27
288 12
251 12
201 31
372 12
319 3
334 24
182 10
389 16
225 5
424 19
17 23
363 13
272 5
437 24
475 31
178 30
471 16
414 3
183 5
170 1
79 16
176 8
385 17
99 29
177 26
7 10
77 21
226 4
166 26
460 24
209 13
457 3
269 30
349 11
154 19
303 8
226 3
343 26
247 5
70 7
167 4
468 15
149 6
442 18
207 13
9 23
242 29
93 22
335 30
312 28
312 10
424 17
296 18
498 30
411 31
317 21
346 20
23 26
181 20
363 24
69 19
154 26
336 7
171 10
40 14
361 19
299 8
91 3
254 12
340 16
6 4
296 11
144 6
401 16
133 15
63 25
486 21
214 17
167 32
194 30
217 30
260 4
42 18
166 31
289 5
14 6
365 17
200 32
478 20
183 14
215 22
163 4
166 24
372 4
112 13
241 4
322 16
399 15
201 12
361 29
421 26
486 25
34 17
292 31
137 6
473 7
275 19
50 4
214 29
475 1
189 7
357 18
66 11
225 22
319 13
310 7
163 19
23 16
332 22
411 8
343 27
170 22
221 23
409 22
343 32
259 27
450 27
392 28
369 12
337 27
53 3
277 31
293 31
114 24
168 28
443 15
258 12
480 2
182 28
412 20
475 14
406 1
136 26
144 12
265 12
247 29
478 7
235 3
26 9
394 25
224 25
55 26
300 10
311 6
274 18
357 32
243 7
24 6
412 27
438 4
351 24
197 20
58 27
98 3
483 16
480 7
32 2
392 11
272 26
312 17
276 9
496 10
283 16
452 14
390 1
73 16
276 17
420 21
404 25
120 14
212 19
148 15
336 19
426 31
445 9
3 24
109 31
441 31
370 16
288 23
484 29
351 7
481 10
296 24
138 19
326 10
217 25
296 24
364 17
159 24
162 5
379 10
363 15
13 16
415 20
343 14
12 13
361 29
166 16
80 23
274 25
208 6
230 24
393 29
76 19
104 1
416 2
359 26
4 19
362 14
374 16
20 22
100 16
230 17
239 5
123 32
418 7
353 15
334 1
443 5
148 30
498 11
379 16
192 14
430 13
152 7
108 23
188 23
106 13
27 4
282 14
59 15
332 7
197 17
7 7
277 26
36 26
68 2
333 8
147 10
164 10
417 16
172 12
182 5
77 13
472 10
210 10
56 13
292 20
409 23
94 17
304 29
311 20
394 19
335 12
109 14
190 13
473 21
332 3
138 16
67 1
117 8
491 16
168 26
127 16
80 28
112 32
52 10
459 21
269 13
337 25
142 22
253 23
238 28
121 3
196 7
188 4
314 14
336 1
311 22
260 23
386 15
478 9
145 8
86 21
80 30
141 13
299 17
39 28
180 27
115 23
197 2
39 14
183 14
194 21
391 29
87 20
176 32
417 4
351 26
84 26
275 4
207 9
468 9
164 31
256 2
226 4
283 16
166 17
193 31
310 31
16 16
211 7
312 15
362 22
480 1
296 30
20 22
382 23
98 9
337 1
175 10
9 13
381 22
126 21
384 3
8 15
182 6
441 1
196 30
359 27
98 6
132 1
359 29
455 24
57 12

