256
158 32
117 21
4 29
190 31
297 22
451 30
187 30
395 26
369 31
408 8
214 11
500 6
324 2
230 30
198 5
80 11
296 20
231 11
368 24
1 29
166 31
466 16
336 21
325 28
279 16
324 12
42 11
53 26
376 2
211 21
163 10
131 10
190 29
461 13
485 29
425 2
264 3
205 23
455 25
7 9
113 22
428 2
4 4
223 11
114 18
156 12
279 30
233 24
351 9
377 15
6 13
188 1
43 32
71 5
272 9
81 32
258 32
94 29
340 28
492 9
453 7
228 8
284 8
51 30
357 3
320 22
80 27
334 30
102 12
471 18
481 15
313 18
263 18
203 18
74 22
406 26
192 13
461 31
296 32
313 4
290 8
365 17
343 14
195 28
454 17
373 14
419 30
375 13
443 13
282 28
474 23
246 29
23 22
344 23
421 24
322 23
139 19
135 1
88 21
481 25
345 9
326 4
390 5
444 21
481 14
200 19
468 5
471 7
207 10
309 15
321 22
393 32
168 12
144 8
356 28
148 5
329 6
316 10
378 23
402 26
40 14
164 8
250 27
498 12
300 10
287 5
287 31
432 7
206 3
62 10
403 13
114 3
34 21
300 27
391 10
473 15
155 32
438 8
122 3
212 30
92 14
42 10
28 5
184 22
251 29
147 5
158 12
383 27
392 19
306 10
236 10
64 18
265 13
145 3
139 12
160 26
57 1
312 5
377 19
170 11
444 24
132 25
279 22
495 2
400 8
155 3
429 3
228 26
423 13
284 30
432 27
347 17
347 26
277 31
357 14
53 28
113 24
252 7
402 6
412 21
398 18
140 30
488 11
371 3
91 18
176 15
448 22
67 6
180 19
220 28
288 13
187 4
160 10
494 17
387 17
214 28
174 29
314 22
71 16
72 30
190 23
240 13
268 10
135 27
148 22
186 27
330 12
38 6
365 7
402 4
139 27
91 24
319 24
473 30
440 4
255 9
142 6
321 6
151 7
412 10
13 22
288 30
25 1
183 22
207 25
345 29
51 23
8 10
191 1
111 22
376 1
462 30
414 18
483 20
89 2
417 21
195 32
294 24
380 21
461 6
413 5
282 31
443 21
184 9
121 14
262 25
214 27
218 19
5 24
42 5
445 2
45 16
13 10
63 32
166 19
477 10
31 6
393 17
251 16
458 15
222 23
367 11
294 28
414 30
135 3
94 12
117 26
423 5
179 1
21 1
211 9
274 9
459 18
417 9
94 18
431 31
445 30
453 26
85 6
91 12
173 24
3 13
173 17
417 19
261 21
47 3
138 29
267 12
190 3
8 15
409 10
301 29
439 22
146 32
471 12
95 3
419 1
283 19
373 32
145 1
488 24
307 17
216 13
72 1
459 15
392 3
369 28
423 31
149 20
34 12
155 8
114 1
76 29
367 24
448 24
284 15
407 26
412 2
366 27
230 21
266 17
43 2
17 22
144 29
237 30
136 8
157 22
168 13
498 27
384 13
250 28
231 32
461 26
129 27
329 2
355 30
331 5
79 31
66 30
215 3
251 3
398 32
304 17
344 9
451 15
97 28
246 15
207 31
173 27
237 29
45 7
94 15
339 24
425 5
97 7
411 16
193 16
107 32
224 26
148 11
28 28
226 18
127 1
184 19
471 8
151 23
362 8
93 24
119 17
160 19
360 2
414 32
81 16
400 17
173 7
331 17
347 32
178 13
192 17
123 27
132 13
381 5
368 22
248 18
194 24
200 29
329 6
309 10
337 28
66 30
458 20
62 4
155 15
128 19
451 14
361 22
374 29
426 13
418 21
78 24
432 2
368 5
95 16
22 27
87 7
292 13
334 5
52 12
443 32
186 17
133 10
326 7
491 31
99 24
128 17
371 31
158 3
171 24
118 16
386 29
130 10
453 15
382 24
303 1
387 24
69 4
386 23
378 8
497 28
135 8
356 14
35 29
300 9
468 1
249 6
325 14
383 5
341 28
485 23
440 19
482 13
94 15
255 31
446 23
151 21
79 6
290 5
75 17
317 22
357 5
247 14
443 9
162 15
97 14
129 32
221 18
248 22
329 14
489 22
309 15
206 3
348 11
499 22
287 19
168 12
232 6
29 10
247 10
12 19
188 28
82 24
101 30
425 13
35 1
407 15
403 12
81 3
311 23
376 17
246 3
92 1
309 20
206 23
162 1
249 21
208 26
460 8
11 24
441 2
149 23
92 7
162 1
5 24
251 1
421 32
127 4
28 11
336 9
193 21
449 9
49 4
475 20
316 25
243 32
234 3
454 10
146 23
498 18
439 32
86 23
448 21
222 31

