256
380 27
462 10
279 12
342 4
340 10
490 19
349 27
474 19
40 24
354 2
185 6
23 19
167 26
414 4
122 16
467 5
470 4
394 29
296 19
180 3
265 1
282 13
499 7
27 14
435 29
131 19
206 21
377 13
95 18
16 20
5 2
68 11
114 5
75 21
251 6
247 19
274 12
480 32
487 30
161 17
90 27
391 28
148 7
168 30
112 23
161 24
221 8
442 30
244 8
446 2
473 8
361 18
424 20
369 6
49 29
330 11
24 24
434 7
190 13
116 21
339 20
268 27
207 14
96 6
429 9
443 2
437 27
499 4
494 4
269 31
100 30
33 23
21 14
497 18
122 32
362 28
239 17
371 13
190 14
246 19
211 25
372 7
195 6
358 1
441 18
83 9
75 7
367 3
284 28
156 13
327 25
216 14
497 30
214 7
256 12
157 2
500 12
464 22
249 17
234 26
298 20
434 16
134 32
170 13
15 5
173 22
45 1
111 5
178 28
79 9
135 3
102 10
114 17
32 31
89 21
256 2
285 25
461 2
192 2
39 19
158 7
104 2
303 10
95 5
389 17
117 12
464 23
213 1
487 20
143 8
361 22
165 17
142 26
266 6
107 32
244 1
219 31
318 13
412 8
353 12
289 30
27 12
392 12
180 26
335 11
157 7
424 10
43 14
299 9
251 29
316 10
21 14
44 31
407 15
102 11
458 30
432 17
345 27
428 21
405 26
51 21
309 30
234 23
391 32
215 29
289 7
190 25
416 13
147 14
39 29
433 21
342 32
185 3
187 32
63 15
373 21
3 25
438 1
88 29
120 14
25 28
184 31
69 8
447 11
273 6
315 13
186 1
421 30
195 7
481 25
401 21
73 23
90 30
491 29
394 23
182 19
222 30
485 6
169 27
357 25
120 23
350 25
31 18
26 25
228 18
185 12
415 29
382 20
471 25
236 20
187 25
486 32
486 22
50 26
253 22
299 16
428 24
381 3
269 30
35 32
116 12
475 22
32 12
237 2
432 24
70 18
240 27
230 6
377 23
231 1
36 17
352 23
28 24
273 16
342 20
143 5
231 25
190 6
325 2
116 8
249 29
226 8
91 11
65 7
85 12
447 12
28 23
82 4
234 27
55 3
366 2
383 12
18 32
209 30
349 24
450 25
212 31
289 11
333 13
121 9
204 24
388 20
70 21
491 27
27 9
230 28
94 4
487 4
388 24
305 4
223 6
389 3
132 29
237 12
233 29
232 1
128 7
20 1
440 10
352 10
54 25
358 28
248 12
111 31
243 31
75 18
373 31
400 8
491 32
320 3
48 7
11 16
22 22
224 9
391 11
278 17
211 23
444 31
183 10
297 5
172 31
242 12
37 9
400 23
480 7
454 4
473 28
55 26
198 2
306 16
57 20
384 15
70 11
77 12
84 10
29 28
96 6
3 5
263 26
363 22
324 20
473 13
132 11
142 1
157 8
268 25
383 16
331 4
330 20
56 14
133 32
373 4
205 15
64 19
481 3
265 8
242 1
452 5
264 26
405 24
245 21
484 27
28 22
430 29
425 13
122 5
420 18
489 17
73 16
147 9
478 11
208 8
500 4
148 23
309 17
386 29
429 29
179 8
386 20
312 27
445 14
71 12
483 7
192 31
111 31
459 8
101 23
11 20
382 27
214 22
63 23
242 15
319 8
298 5
379 25
367 27
98 29
39 5
348 2
487 26
420 10
249 9
316 16
472 25
122 6
238 20
284 31
378 15
102 23
159 32
487 17
7 21
165 1
17 16
126 27
321 2
300 10
418 3
33 5
367 2
426 8
41 6
286 22
164 11
296 6
219 26
402 5
218 2
121 6
430 6
89 26
495 4
23 16
59 27
5 1
264 30
381 16
491 14
425 22
405 16
179 3
354 16
199 23
350 11
157 3
268 29
232 23
336 31
378 6
365 26
319 21
164 15
284 26
216 9
12 20
280 10
94 1
474 28
56 11
314 20
453 22
308 8
48 15
290 17
389 31
11 27
135 2
109 22
31 4
478 10
296 22
436 13
390 13
385 13
83 14
8 3
335 15
70 14
162 16
11 18
218 9
460 32
398 20
121 4
95 19
322 14
356 1
483 29
17 3
394 3
120 9
337 19
68 14
188 21
469 30
130 10
422 17
389 15
8 30
99 26
460 32
344 23
380 2
115 12
396 28
198 19
409 18
321 28
143 5
408 28
410 21
1 8
125 14
150 8
103 8
437 26
371 8
80 6
309 2
497 12
54 30
423 2
431 3
141 14
103 12
389 9
436 13
344 4
278 5
395 4
445 11
293 19

