256
216 31
9 28
87 31
243 17
120 13
406 32
103 19
145 31
212 29
343 10
1 9
70 9
126 22
444 28
343 9
149 6
231 21
165 25
47 16
253 26
104 2
26 31
364 14
389 28
42 15
209 27
443 14
119 12
48 2
255 2
170 32
300 16
264 8
420 7
75 17
328 19
182 25
237 6
374 13
325 16
207 5
310 17
366 12
272 21
193 2
303 22
133 30
465 21
417 12
59 28
408 26
22 14
239 30
339 24
234 19
379 4
47 16
292 8
319 15
177 7
440 19
76 17
284 32
321 20
128 31
43 7
116 28
328 10
173 6
170 2
180 8
197 14
292 24
342 18
402 18
325 22
348 20
118 19
144 10
182 31
20 21
9 31
140 25
193 9
206 10
70 22
113 15
315 8
458 24
366 12
25 18
257 12
441 6
2 24
163 4
58 22
260 27
168 7
107 28
415 16
425 25
49 22
455 8
293 12
223 22
327 8
51 23
471 12
308 17
131 10
360 25
3 11
107 19
221 5
234 32
228 19
472 25
48 30
344 4
41 30
202 32
165 32
154 24
299 18
460 14
283 27
470 26
141 24
160 21
344 25
348 15
403 11
199 18
448 6
142 17
460 15
208 8
298 5
463 25
174 6
230 17
444 11
446 4
330 21
297 29
201 12
95 24
167 18
53 30
187 30
454 26
388 29
474 26
226 32
338 23
62 23
207 5
469 16
293 2
460 1
322 17
288 8
116 2
61 16
68 16
214 13
97 25
34 10
342 11
210 3
9 15
245 8
331 25
71 27
214 27
415 23
43 7
155 18
156 23
29 7
166 14
448 15
47 29
36 24
443 1
67 7
219 19
18 2
228 5
24 5
471 23
180 9
493 26
374 4
252 26
427 22
496 30
32 14
58 27
281 32
164 31
302 10
362 20
283 29
260 7
233 22
449 28
446 25
449 23
144 5
72 6
118 23
295 29
312 28
67 9
203 18
143 1
464 24
176 6
296 11
404 21
16 8
144 29
496 5
131 28
145 2
61 2
325 4
114 28
411 20
432 26
262 11
470 1
430 13
322 22
431 18
458 22
281 25
110 25
397 4
120 5
145 20
154 29
239 3
457 22
299 28
115 28
314 8
488 8
432 1
173 10
238 6
11 11
434 16
499 27
63 22
223 23
149 5
380 32
347 12
389 29
75 3
408 13
142 19
336 29
56 16
286 5
341 4
163 18
119 17
308 5
482 11
443 15
111 14
222 21
9 2
306 32
316 9
176 13
312 31
381 15
370 14
11 2
165 2
335 3
38 31
19 24
377 1
354 23
135 19
147 7
388 28
430 23
369 17
363 32
467 11
398 28
260 32
397 8
285 16
262 19
226 16
46 22
92 15
292 30
177 22
73 20
242 10
470 22
459 12
493 9
426 2
465 13
353 1
164 2
444 29
312 29
408 29
122 27
311 29
429 11
203 29
254 4
354 7
109 32
406 13
293 7
194 13
71 14
117 6
35 29
10 2
81 13
258 11
471 8
319 31
54 25
251 15
168 1
381 20
472 6
228 8
172 13
372 30
171 1
327 9
253 4
255 21
456 8
239 23
80 6
177 1
282 16
144 26
88 4
77 15
366 13
27 21
429 10
131 19
442 21
8 6
145 6
379 8
125 25
378 28
378 19
41 28
38 12
461 17
263 1
387 24
193 21
17 6
15 31
72 8
103 19
150 11
192 8
51 5
200 16
372 30
186 28
441 3
299 13
199 22
289 18
41 26
350 25
307 4
203 22
320 10
161 25
404 32
200 6
20 31
234 4
328 23
7 20
346 6
20 12
219 13
129 7
494 3
316 4
342 22
29 17
175 1
333 19
393 8
236 4
283 13
155 2
92 6
82 29
467 21
332 5
113 5
295 6
291 10
257 12
480 2
497 30
326 5
436 2
213 8
482 19
344 12
456 23
297 9
75 27
490 27
151 30
367 10
412 5
259 12
344 18
157 12
96 15
21 31
52 29
406 21
79 26
21 2
388 17
423 3
136 8
369 10
217 27
287 8
95 6
148 14
135 32
130 6
286 10
113 30
86 10
426 20
119 18
49 19
319 31
469 14
86 17
443 11
275 10
430 9
275 5
158 5
381 15
491 18
492 15
59 29
472 1
92 27
282 5
449 20
315 1
405 9
457 24
203 27
429 4
451 15
61 24
315 13
451 29
310 30
259 13
371 3
205 10
173 30
306 9
438 17
241 18
373 25
41 11
279 9
58 21
375 22
392 10
262 18
346 32
136 17
292 10
187 24
171 15
333 1
183 6
449 31
316 9
471 32
247 9
29 32

