256
333 16
163 13
301 11
7 18
261 13
440 15
460 2
71 30
262 8
329 27
343 5
194 28
263 28
441 1
405 31
4 21
394 10
57 30
488 15
103 29
447 14
131 11
487 2
88 1
377 12
223 16
121 4
147 15
416 23
7 8
97 26
260 2
379 29
387 22
231 13
318 6
30 29
288 8
150 23
116 6
143 2
97 19
106 31
497 5
385 15
44 9
216 7
174 10
323 8
311 14
48 17
83 13
429 2
445 10
448 28
307 26
398 4
56 3
202 12
375 23
258 18
419 1
276 9
418 27
152 9
4 4
61 26
128 5
11 4
270 18
484 28
48 29
183 23
87 1
7 5
323 28
434 21
89 13
185 6
159 13
86 14
388 6
303 31
486 1
143 23
271 2
35 30
210 17
124 28
453 22
108 7
98 21
16 14
101 24
43 8
388 1
273 19
126 28
346 16
240 20
218 14
465 24
31 18
321 31
321 25
136 12
48 5
320 27
270 32
466 5
31 22
293 28
332 10
83 25
29 18
16 31
36 32
350 10
5 30
220 29
295 28
104 22
440 7
256 18
47 1
374 13
426 26
84 30
435 30
138 28
192 2
414 15
337 15
144 18
285 32
18 3
71 22
272 26
248 7
423 2
451 32
75 29
313 22
338 28
28 15
63 3
332 16
149 17
90 8
10 10
155 15
304 1
352 3
439 32
453 5
97 16
9 15
484 29
181 5
420 24
499 14
130 3
457 10
499 27
421 20
272 24
238 16
4 6
2 18
393 27
7 5
62 27
160 21
187 24
69 15
251 11
292 8
397 25
9 31
499 1
254 22
60 20
49 16
285 23
209 29
209 23
17 26
433 20
18 8
219 6
430 25
4 17
200 29
321 16
295 27
193 13
441 8
96 21
167 24
391 24
408 27
294 20
72 31
452 1
198 18
378 27
343 22
347 10
134 20
454 12
338 10
180 30
397 23
267 8
6 29
291 1
460 12
189 11
310 28
324 15
365 17
485 23
286 20
249 23
351 26
199 20
199 26
318 19
357 4
10 30
444 24
479 23
236 19
286 13
362 13
256 26
13 4
433 3
423 17
69 29
86 27
165 12
201 2
230 5
417 24
474 4
391 32
263 18
322 28
227 31
360 26
261 4
73 9
226 20
429 31
472 2
265 32
1 13
469 10
77 5
321 19
97 16
206 3
393 4
110 31
414 5
452 26
396 21
422 14
76 26
268 23
67 4
387 7
53 23
149 1
444 17
383 4
384 5
102 1
468 3
247 9
383 23
259 14
427 4
251 18
382 6
400 24
254 30
367 26
345 15
286 16
335 13
179 31
109 24
347 24
342 29
160 32
347 2
205 29
450 8
126 3
325 22
482 22
15 24
87 7
362 9
498 5
245 8
119 5
307 1
280 24
261 27
223 16
61 4
232 2
235 26
44 23
87 29
341 1
225 27
164 26
151 29
486 23
189 32
99 3
420 22
495 29
21 17
492 13
348 23
442 30
284 17
345 30
361 1
27 1
315 6
375 30
202 24
212 6
316 15
385 23
392 3
119 20
447 30
196 7
37 13
80 4
325 24
394 10
460 32
122 19
461 4
92 6
208 3
404 19
317 20
109 21
370 28
324 8
189 8
314 13
8 18
397 17
169 18
370 1
61 3
107 21
191 2
34 2
204 5
272 21
76 28
433 13
311 16
465 16
479 2
76 11
23 12
171 28
113 20
172 13
234 14
45 28
327 27
25 18
15 16
254 23
380 14
239 2
146 23
41 20
333 13
462 11
292 24
398 21
375 1
281 1
50 2
236 28
256 25
110 26
408 19
416 19
401 19
329 30
61 5
373 1
189 15
452 9
170 17
89 17
122 29
5 31
46 12
399 25
352 8
275 12
222 2
398 26
48 18
371 29
299 8
353 7
430 8
467 27
357 11
495 10
276 27
500 5
443 2
326 10
109 16
405 3
493 19
156 5
84 19
1 26
122 29
369 15
9 15
1 29
94 20
194 1
346 13
393 20
147 2
434 23
373 18
437 2
196 21
110 8
471 6
161 32
166 1
346 6
68 22
242 9
193 7
233 23
332 13
30 2
399 7
84 31
357 17
340 28
317 5
183 11
262 4
82 12
76 23
453 19
124 19
7 21
481 3
59 12
420 20
141 30
255 5
88 19
449 28
14 25
80 17
107 10
244 12
269 23
318 5
166 13
267 4
109 16
467 11
411 22
459 8
203 25
480 14
175 32
421 24
248 9
236 26
342 27
393 6
150 6
34 27
2 1
190 19
400 4
481 10
393 27
65 11
355 28
89 29
175 1
69 18

