256
69 12
414 32
305 8
225 20
13 9
10 7
167 2
305 29
287 5
158 14
308 29
381 12
248 4
48 1
107 27
230 11
307 7
442 11
427 10
107 27
382 16
69 21
65 9
245 7
25 2
228 21
339 25
188 14
216 7
370 2
417 15
200 7
94 21
186 4
306 16
162 16
111 30
88 15
306 20
230 18
86 9
366 20
269 5
361 28
139 14
157 12
180 8
130 17
496 3
144 26
162 17
341 16
386 12
151 19
111 20
225 20
40 10
471 29
347 7
144 25
60 21
392 16
156 22
364 24
392 20
157 10
164 25
29 18
128 23
444 2
262 8
286 6
314 28
314 32
87 25
496 22
257 28
89 9
465 5
268 8
312 16
113 27
124 10
228 11
172 16
340 10
43 1
439 8
233 16
367 31
60 31
20 21
454 25
81 10
265 28
477 20
123 2
254 18
83 26
348 10
357 7
391 31
16 1
459 4
284 13
270 24
391 21
160 4
101 8
465 9
291 30
292 13
383 10
362 9
231 25
218 11
247 5
189 6
141 15
213 21
176 10
268 6
123 23
114 11
222 22
440 32
371 15
128 17
128 9
217 26
49 11
148 31
247 13
261 19
187 13
163 22
307 18
280 21
60 5
3 5
322 18
144 13
25 15
445 24
259 22
214 23
300 21
454 14
401 26
136 28
38 7
153 28
80 12
124 32
176 15
272 10
420 8
42 32
186 18
448 13
351 9
455 6
373 24
399 30
325 19
65 23
185 9
58 16
1 2
255 4
160 19
377 15
294 2
23 15
108 6
479 26
482 30
312 10
193 18
183 6
96 31
84 28
464 13
396 28
322 26
343 29
380 12
412 5
341 26
356 32
107 14
110 12
119 25
497 32
482 28
33 14
426 32
61 1
108 20
56 26
162 27
114 25
470 1
66 18
162 17
110 24
310 11
207 9
491 24
444 12
383 12
253 12
443 2
401 22
473 8
331 2
206 5
27 7
321 24
337 31
68 10
102 5
368 25
157 22
216 20
33 2
279 26
109 9
451 25
123 15
317 13
261 2
101 11
49 22
434 1
108 9
386 9
229 29
221 26
462 16
337 18
385 12
131 30
188 5
354 18
60 22
319 4
44 15
310 32
396 15
32 23
95 9
64 3
21 32
60 22
72 9
179 32
216 18
301 7
94 19
269 9
28 23
324 31
209 25
218 9
227 29
311 29
17 30
496 9
10 27
74 13
7 5
240 22
414 9
329 11
399 21
12 2
387 31
201 15
172 30
255 30
167 22
71 31
439 26
424 16
324 5
84 23
101 8
404 30
68 8
225 10
32 28
243 6
274 11
69 17
213 11
195 3
388 9
265 19
34 8
330 21
389 30
39 21
441 23
207 20
378 27
325 26
370 7
383 15
362 19
440 26
126 14
156 29
102 28
43 23
164 17
195 16
490 22
244 18
28 22
437 9
84 1
370 5
179 1
300 24
55 19
317 16
76 12
45 21
96 27
15 11
163 21
14 24
294 29
81 21
59 13
430 2
481 31
299 20
403 26
51 18
188 28
489 11
43 13
291 14
324 9
100 18
365 17
490 7
222 18
331 32
291 24
125 11
263 7
430 21
20 9
122 11
404 7
321 10
347 19
288 26
119 15
156 24
204 21
346 13
66 24
56 4
288 12
479 6
103 12
66 18
92 32
33 23
2 17
293 24
168 24
18 30
170 29
473 5
21 18
297 22
346 28
294 25
384 8
386 26
383 23
163 7
490 7
321 27
400 29
191 27
248 4
204 26
84 13
142 16
346 15
41 7
494 30
27 17
309 28
418 24
215 21
18 8
275 26
47 18
7 21
444 10
500 4
23 23
28 1
390 13
307 10
268 24
116 18
233 12
58 18
467 32
82 32
327 1
174 9
234 16
313 30
433 20
177 28
98 16
472 15
428 10
417 15
281 32
193 9
159 14
15 14
373 32
109 19
304 6
424 18
313 24
215 14
252 15
53 21
446 4
336 25
5 28
124 13
487 8
2 5
417 16
122 1
463 31
339 15
364 14
156 25
202 14
274 17
464 14
5 25
53 8
485 29
295 24
397 29
275 30
278 19
265 19
331 28
481 6
346 21
135 9
373 24
370 18
344 17
175 13
93 15
188 25
487 23
389 19
115 15
133 20
206 29
347 20
476 23
261 1
375 12
321 23
435 30
244 11
226 6
479 22
496 10
99 30
352 31
217 19
1 1
62 14
449 12
446 21
87 26
97 13
453 30
60 8
311 11
370 9
425 8
58 4
365 12
106 17
346 18
35 23
226 8
404 14
356 5
98 22
407 23

