256
360 31
216 3
110 24
89 24
194 13
199 2
416 24
314 17
267 16
219 4
122 23
313 18
3 4
497 4
189 11
226 12
357 1
138 19
300 23
194 26
71 1
251 6
292 5
258 2
496 28
265 21
399 1
266 17
433 7
304 29
249 13
20 26
321 22
72 4
88 21
317 14
9 24
199 13
336 9
414 15
284 19
152 22
255 9
138 23
31 25
11 32
173 27
237 17
392 4
465 27
424 17
192 13
52 26
437 3
346 6
422 6
380 21
367 11
193 1
25 12
297 20
207 30
270 3
314 29
454 2
491 29
263 30
13 26
423 1
53 25
3 14
102 30
398 24
368 30
324 9
369 17
132 19
294 9
221 27
413 26
89 27
403 15
288 31
368 14
68 4
478 6
245 3
303 18
399 11
288 18
267 24
46 14
231 15
150 31
150 26
477 6
316 15
292 11
497 27
164 12
431 30
337 15
424 20
21 26
14 16
248 16
315 13
177 17
336 18
348 5
239 8
426 30
406 29
360 2
227 31
170 21
368 30
36 28
497 4
317 14
67 32
141 25
413 25
278 8
494 25
84 20
4 21
341 21
77 24
162 7
427 3
16 18
41 31
437 17
310 2
251 20
373 27
108 13
60 21
32 29
65 31
489 12
327 1
476 3
381 22
262 15
172 5
452 24
179 13
101 4
346 7
67 14
93 2
355 20
263 14
57 3
205 1
247 31
225 14
490 25
63 11
263 27
27 7
298 17
307 26
396 32
452 10
73 1
339 7
48 1
165 4
280 1
500 18
455 5
99 32
33 2
194 4
248 24
214 13
128 28
147 27
23 6
188 7
494 15
374 26
479 2
497 18
462 1
487 32
425 2
212 1
451 9
456 30
329 13
94 8
188 16
183 2
190 6
9 27
248 22
76 3
271 17
188 24
273 23
499 21
464 22
5 26
467 25
463 31
481 32
306 13
500 8
434 5
62 22
75 1
175 19
239 1
75 23
380 19
453 15
395 4
440 27
181 2
63 19
404 24
50 6
416 1
49 17
89 26
291 4
271 17
166 29
262 24
287 9
290 31
371 16
358 27
434 30
68 29
384 28
392 2
385 23
334 13
155 7
395 13
290 1
262 31
377 15
398 16
367 31
106 14
74 16
400 23
205 3
207 29
494 6
226 30
256 31
163 3
185 17
59 14
425 12
132 13
46 1
168 17
419 10
354 12
441 5
203 5
423 21
437 5
359 30
146 22
73 12
376 1
216 7
435 12
106 26
293 12
151 20
268 25
437 25
265 21
77 7
226 3
227 26
267 21
28 9
199 20
72 2
412 16
360 2
279 26
116 19
173 22
235 32
38 3
264 18
400 20
268 17
190 19
342 29
431 1
73 17
172 24
55 8
135 26
133 2
435 4
336 23
217 26
398 7
241 13
56 20
352 16
320 22
22 13
202 8
234 22
433 1
121 11
192 20
456 17
21 23
276 8
497 13
426 3
99 30
407 10
361 15
33 20
152 26
192 21
210 13
330 26
182 22
332 21
409 7
49 29
177 25
137 10
21 6
420 23
283 26
476 19
288 25
174 11
414 5
495 19
494 8
468 31
330 15
399 6
438 24
371 18
476 7
139 20
272 6
466 14
88 9
48 7
301 5
166 19
289 16
41 26
188 17
456 21
159 11
106 20
358 28
62 17
334 32
32 13
462 13
10 5
289 25
127 22
129 28
8 6
156 12
199 3
408 23
211 27
65 16
162 2
496 19
106 13
127 21
138 24
485 19
340 21
204 6
66 8
110 17
101 13
473 12
459 24
158 5
446 2
188 32
495 31
34 20
216 4
88 5
451 8
351 22
48 2
460 6
90 29
38 22
37 18
193 23
242 2
367 27
423 14
350 5
441 12
220 24
247 31
212 10
434 18
191 2
320 26
447 29
70 28
302 30
198 19
304 23
196 14
181 23
76 11
239 8
266 19
375 4
321 26
61 23
351 12
236 30
253 30
282 27
369 12
280 6
78 12
208 17
105 13
95 20
271 2
47 12
496 25
399 4
358 28
70 29
415 17
82 11
42 20
341 7
447 29
180 28
408 8
500 32
480 19
192 10
280 14
137 7
363 3
442 24
50 4
132 4
372 14
131 2
77 19
176 31
443 19
250 22
446 5
214 13
195 9
26 10
346 10
452 28
253 26
132 10
461 7
118 16
328 28
97 20
70 24
278 29
331 11
66 4
480 7
53 6
35 6
204 5
444 31
292 28
252 19
201 20
38 18
396 13
417 20
121 27
468 18
55 22
129 8
425 12
251 9
337 29
259 32
369 30
195 1
101 22

