256
420 32
430 4
328 29
351 10
386 23
470 4
135 12
272 15
170 21
341 29
469 18
14 8
417 31
84 13
294 10
54 2
41 7
61 1
7 31
258 16
477 31
491 23
278 27
274 27
403 2
216 15
399 13
167 3
55 6
151 29
327 12
414 24
38 2
440 21
88 1
288 21
479 23
27 8
41 16
54 31
265 25
17 3
201 3
329 16
284 19
456 23
34 9
182 16
46 5
116 9
373 7
49 3
33 8
458 13
79 11
219 8
336 24
358 8
270 15
495 2
221 2
220 31
374 5
178 19
225 17
404 13
399 24
151 20
379 24
356 22
174 11
153 5
14 6
397 27
252 3
40 21
397 19
227 14
11 32
189 31
400 28
387 6
247 25
433 18
348 25
435 18
67 3
382 4
300 2
66 28
373 26
24 9
216 2
38 3
209 22
17 16
373 12
109 4
292 14
97 20
34 27
365 8
321 26
31 4
376 8
375 32
405 14
368 13
351 29
51 15
187 15
370 3
322 19
30 30
224 26
309 5
360 21
208 16
418 22
4 9
37 18
392 30
128 15
414 14
368 24
241 30
234 26
464 32
440 6
225 11
471 13
419 19
205 26
362 14
67 21
119 12
95 30
397 6
473 18
51 24
125 15
245 14
253 20
117 20
53 9
207 24
225 13
58 21
103 11
107 21
136 25
124 6
86 8
303 2
181 29
249 1
348 13
367 20
405 27
291 25
28 5
184 24
474 25
385 24
12 15
448 3
215 12
80 28
443 18
62 12
438 22
132 25
7 26
384 3
185 19
219 24
375 11
315 8
495 27
127 6
189 11
4 15
498 15
259 8
168 8
119 14
481 31
242 31
100 18
397 12
4 28
347 26
222 18
78 8
212 32
74 21
130 21
359 31
364 13
123 3
436 25
488 17
491 22
107 15
207 16
78 10
323 29
291 16
290 4
111 25
424 4
253 13
113 16
32 28
80 18
358 16
246 14
136 1
279 14
31 9
97 8
398 7
236 20
166 17
408 13
378 27
312 22
383 8
93 18
103 1
271 1
40 13
10 15
105 16
268 27
476 25
446 9
487 6
60 21
58 19
281 31
149 16
65 20
220 25
297 26
181 8
486 8
436 7
98 32
486 18
174 13
434 27
333 8
152 17
276 22
63 28
144 16
500 8
95 3
69 7
392 25
162 22
173 1
224 22
136 18
487 25
22 16
132 19
44 19
451 19
344 5
227 28
428 26
399 22
296 3
117 23
420 10
416 28
375 8
65 10
201 24
23 22
323 22
280 30
140 10
37 16
447 31
323 2
192 13
248 19
392 20
25 11
493 21
106 7
432 22
433 20
73 19
57 20
312 17
465 15
418 1
434 8
467 8
442 22
329 1
496 4
256 17
382 16
313 19
319 32
8 7
79 21
57 27
328 32
175 24
318 5
497 12
160 23
359 21
325 7
493 20
110 8
44 23
348 8
181 14
303 17
268 25
121 12
220 12
43 30
295 24
190 27
463 14
458 22
302 30
64 23
157 6
42 21
368 21
260 5
406 3
441 21
147 25
348 14
64 10
112 6
102 13
1 4
2 18
89 28
443 21
450 31
30 15
3 21
84 15
149 5
177 13
14 11
353 25
41 8
103 4
126 4
304 14
119 10
435 32
461 13
64 22
179 13
456 30
193 7
296 26
232 28
134 5
498 11
309 30
106 31
393 31
466 17
208 9
354 10
144 30
222 27
279 1
151 22
434 7
477 9
388 8
404 6
156 9
64 8
291 1
79 7
104 8
231 11
480 16
305 23
453 10
181 31
130 23
317 7
230 17
495 29
204 18
342 3
3 17
26 1
426 16
327 17
148 30
191 7
197 15
102 26
77 14
232 2
317 12
473 2
44 23
14 19
69 32
457 3
112 31
215 1
438 9
269 5
302 12
64 19
10 9
500 18
150 3
292 26
131 28
363 10
82 25
125 26
436 17
72 7
267 30
140 29
179 24
141 12
71 12
182 29
72 9
166 10
264 1
391 26
424 30
123 14
334 31
359 13
180 3
371 30
68 26
2 6
270 27
282 20
402 15
272 26
496 30
399 3
98 5
356 26
394 30
231 23
77 13
199 12
223 22
405 15
431 3
92 32
105 5
392 2
188 3
331 11
304 29
145 30
18 8
275 3
181 29
342 1
297 28
216 24
461 21
14 32
83 25
443 19
478 18
44 17
349 15
199 20
455 7
405 12
46 7
87 18
387 8
335 12
171 30
407 20
226 8
227 8
376 17
198 29
355 14
369 23
468 7
58 6
113 27
450 26
345 32
236 4
167 30
119 9

