256
326 28
357 29
100 19
242 3
472 2
190 19
89 3
345 14
145 28
121 13
131 10
477 26
402 12
194 18
63 18
94 32
62 6
69 21
485 26
220 16
119 1
258 31
311 10
241 16
93 5
400 16
495 28
205 4
39 22
429 13
236 31
341 21
176 9
161 28
70 32
467 28
141 12
99 3
325 7
462 26
199 13
345 25
89 17
440 15
299 17
432 14
447 8
182 18
384 10
486 17
74 24
196 10
176 6
220 24
132 30
121 23
394 25
227 18
366 11
313 16
91 28
401 9
219 30
10 18
275 7
406 16
299 13
265 2
247 5
177 30
18 10
412 11
466 3
245 11
9 29
198 7
152 22
135 26
383 8
323 26
343 12
209 13
32 2
318 10
162 6
8 7
495 27
441 17
409 13
495 9
93 21
367 32
494 29
317 29
349 3
238 19
70 30
35 6
475 12
379 4
197 22
166 32
9 27
356 13
143 10
186 16
394 4
35 8
257 8
468 5
342 25
499 24
206 21
365 21
384 11
168 16
333 2
475 17
144 30
109 2
32 18
225 5
50 32
16 22
463 15
262 16
391 16
67 29
144 3
481 3
26 8
162 14
185 1
402 4
170 26
318 5
8 22
330 1
5 21
66 27
384 15
123 10
290 17
74 1
324 22
163 1
54 20
410 6
312 11
270 18
172 15
386 15
332 31
439 25
264 4
155 23
182 29
124 15
170 6
255 1
103 17
45 24
93 14
246 24
468 7
89 27
453 31
170 24
41 24
472 16
464 3
6 13
107 6
468 12
179 10
472 5
491 12
141 31
321 26
190 16
104 31
279 20
105 20
43 25
259 27
5 6
345 14
219 27
491 14
79 29
259 18
154 17
66 30
35 22
31 5
26 22
355 16
41 31
455 19
307 13
449 31
435 9
25 5
96 31
338 10
36 8
75 29
197 24
334 7
230 16
307 19
349 13
262 13
323 4
175 2
428 12
144 2
120 12
366 23
35 23
240 6
3 27
110 23
306 27
281 31
158 8
493 14
452 18
98 31
469 24
108 5
247 31
462 23
123 12
433 21
234 13
430 32
339 27
138 24
333 19
383 30
210 7
199 13
481 4
139 13
419 10
49 30
53 23
236 19
42 32
183 3
192 32
215 18
2 24
230 14
474 32
27 3
486 21
48 30
224 26
119 18
136 27
11 12
381 2
214 18
266 4
401 13
359 23
43 28
318 8
397 24
383 19
326 12
203 9
38 30
263 20
271 6
174 30
85 31
231 14
328 32
45 4
157 19
46 11
466 8
470 22
7 24
340 24
275 14
409 12
319 3
319 25
420 13
74 24
399 21
5 26
152 21
158 32
155 23
358 20
418 27
185 28
382 16
460 21
417 20
320 7
242 31
379 29
335 21
368 21
109 24
162 28
272 11
124 18
22 5
249 31
12 13
215 17
308 14
253 24
97 5
14 22
415 28
202 13
196 5
185 24
292 14
120 7
17 15
340 26
75 28
328 18
372 18
331 3
271 7
458 31
359 23
408 13
214 5
225 2
381 25
417 4
107 12
86 31
278 1
364 13
364 15
290 3
289 32
117 31
407 30
130 17
396 17
242 6
350 22
371 30
227 31
402 21
175 11
307 4
264 10
8 7
64 14
66 24
121 14
411 19
460 20
144 31
428 1
168 25
202 10
359 4
29 24
112 19
98 10
358 13
291 6
44 11
367 29
206 31
494 24
366 21
359 21
160 15
245 23
267 10
69 29
226 9
236 5
151 22
107 16
250 1
77 21
251 7
401 13
282 27
276 23
199 15
359 2
125 31
389 3
400 25
16 21
405 19
314 27
288 8
266 10
168 31
330 19
137 15
79 10
329 2
268 23
192 10
237 12
80 17
59 16
433 14
308 9
28 29
95 8
392 12
205 12
54 14
330 15
468 28
312 4
113 24
175 13
57 19
324 9
239 6
320 11
159 27
211 19
100 21
206 27
368 10
402 10
147 3
316 19
490 15
262 27
410 16
463 7
402 30
455 4
20 6
14 22
252 32
216 23
232 1
194 20
182 23
225 1
178 20
295 23
222 8
325 8
196 23
302 25
425 28
89 24
381 10
473 32
30 21
335 29
313 8
64 31
474 12
175 23
31 17
22 1
228 30
88 15
485 21
224 9
496 4
204 16
265 12
211 22
68 5
259 21
424 2
227 10
314 17
400 12
73 13
300 24
119 19
427 31
127 14
363 22
313 6
349 29
445 20
75 17
456 5
393 4
358 23
481 19
223 12
71 7
153 10
446 3
461 4
225 3
373 7
61 1
208 29
466 28
320 16

