256
248 15
477 13
453 26
108 21
153 10
132 13
60 18
384 13
205 1
495 5
248 24
289 17
496 8
29 21
348 24
75 11
70 27
471 30
353 18
495 9
500 2
237 27
60 4
188 20
452 22
64 15
414 12
435 13
76 11
293 15
362 12
222 8
122 16
157 26
270 23
478 29
129 22
327 12
389 30
303 28
400 22
94 1
70 8
425 21
195 14
419 20
289 28
191 30
332 32
236 13
202 25
73 14
131 31
221 7
117 23
63 16
93 12
384 14
388 28
158 6
377 4
489 1
216 20
427 11
231 22
351 8
226 31
114 28
173 14
79 25
61 5
360 17
352 23
314 3
403 31
172 27
398 1
296 1
44 26
363 6
383 1
57 28
487 2
168 28
208 26
4 20
442 28
420 13
310 1
384 4
407 23
343 32
215 26
121 10
211 11
383 1
48 28
256 10
313 19
397 12
372 25
139 9
468 2
310 5
346 5
193 32
247 7
260 18
376 32
423 18
214 10
382 21
449 13
147 1
412 3
133 11
147 11
152 14
33 9
95 14
153 27
334 7
25 13
64 32
324 19
189 21
496 2
150 32
58 8
56 13
42 12
308 5
163 11
358 3
271 4
276 31
442 29
25 30
405 29
69 20
427 13
117 10
178 18
217 28
413 8
408 2
312 31
346 10
25 24
20 27
7 27
69 25
108 30
266 32
34 19
92 8
91 28
233 13
473 25
356 5
72 15
190 19
182 12
208 22
239 7
1 29
226 9
45 25
14 11
196 31
497 11
358 27
346 22
207 18
242 14
406 14
381 28
48 10
483 28
267 9
334 15
169 3
40 26
95 29
376 19
452 32
281 1
162 3
455 1
148 4
134 10
213 10
353 17
427 11
368 18
111 13
164 23
112 23
196 10
460 19
348 15
146 25
275 12
459 5
28 14
277 25
363 25
379 27
101 21
253 20
350 23
21 6
494 16
420 29
189 15
112 21
493 1
369 12
416 7
200 23
284 24
308 11
317 18
213 25
342 10
237 12
180 13
409 13
240 12
214 20
411 25
168 23
433 20
374 5
214 18
495 14
401 10
496 25
339 28
338 1
173 30
224 5
34 28
377 5
311 26
52 1
266 32
328 11
107 25
251 13
478 9
170 19
399 17
299 13
372 28
269 17
413 24
101 2
123 5
218 26
419 30
358 16
193 17
86 15
442 8
323 19
285 20
149 3
156 16
123 16
435 28
128 4
235 20
293 6
56 11
495 22
336 24
362 4
93 31
30 18
135 13
452 23
196 9
157 4
400 7
435 2
22 18
33 21
141 10
318 28
392 24
22 27
367 23
106 23
181 15
344 27
339 12
289 27
100 9
90 11
76 16
388 17
85 17
57 5
450 30
272 13
37 17
419 4
379 4
66 28
10 2
78 13
409 7
235 32
163 4
210 30
199 21
187 19
221 19
359 30
469 22
214 5
479 16
112 13
7 2
120 5
291 30
365 15
268 23
58 18
274 23
20 12
67 30
106 16
152 20
161 32
149 23
181 15
358 12
336 25
173 3
233 15
4 13
13 3
399 10
53 28
40 4
347 11
333 4
98 16
119 6
308 31
484 20
394 2
483 9
410 12
35 22
470 11
442 23
365 4
52 1
363 32
192 5
50 4
12 3
360 30
256 3
248 4
6 9
285 20
73 30
495 28
187 25
202 20
299 18
319 14
335 21
145 22
241 22
402 32
44 13
233 32
131 24
391 4
325 7
327 17
220 22
60 22
490 17
237 28
179 31
489 21
87 22
242 11
31 3
430 3
459 6
226 29
345 4
76 29
142 23
122 13
76 25
470 25
294 10
204 12
112 28
188 26
381 9
376 28
128 13
338 26
318 31
27 14
30 22
35 11
356 24
235 23
188 24
199 25
113 2
156 8
150 3
125 14
476 4
293 23
156 6
392 1
44 6
486 5
372 24
95 7
379 5
362 31
236 12
399 28
166 27
275 11
249 3
196 8
250 1
30 21
118 14
229 10
191 3
86 14
438 29
289 9
361 18
383 29
413 29
296 10
187 27
96 20
321 12
363 3
132 25
327 17
166 12
262 24
122 8
270 7
380 26
79 4
411 21
40 7
446 24
105 8
258 4
419 14
343 22
352 26
378 7
75 19
86 4
250 31
387 15
469 14
428 20
62 18
360 17
365 25
288 9
289 25
20 27
327 27
192 22
40 29
60 30
463 13
154 25
55 12
435 16
362 15
423 11
404 10
375 24
291 3
88 3
411 12
489 1
174 13
119 25
249 18
179 24
27 24
128 9
427 22
456 28
276 26
414 4
364 1

