256
431 3
18 32
237 7
5 14
201 23
43 19
287 24
284 13
104 27
314 26
308 32
161 14
360 28
470 30
349 23
194 7
489 4
35 21
258 11
55 15
61 13
109 27
260 28
255 8
419 32
169 22
495 17
407 26
133 8
456 1
30 29
111 22
212 13
299 10
387 13
280 23
153 24
497 28
336 23
479 10
318 4
183 20
180 2
370 32
317 5
144 7
325 7
420 1
455 6
358 10
274 1
140 10
228 17
42 11
387 8
20 29
371 19
220 31
144 29
214 28
265 30
10 2
316 30
478 22
499 11
463 21
323 31
50 2
239 3
317 21
315 32
33 21
390 1
87 5
45 17
197 30
10 2
251 17
339 32
298 2
414 5
314 20
215 19
489 17
158 1
281 32
345 22
8 18
270 7
119 18
395 23
475 4
372 13
284 23
304 25
400 21
45 13
304 31
279 29
63 20
449 20
259 29
361 7
379 30
361 5
295 3
15 30
214 18
198 25
448 22
281 31
70 14
411 18
84 10
18 27
477 10
342 16
463 22
2 21
183 2
41 1
172 19
302 9
440 8
233 12
353 17
86 6
338 21
147 10
390 4
272 26
482 17
453 20
18 30
284 24
19 32
380 2
230 22
426 21
33 10
260 25
23 10
10 24
46 21
337 27
320 4
152 5
72 29
244 25
410 31
492 25
54 8
470 15
405 4
156 25
257 3
377 7
112 14
195 9
42 31
295 26
139 23
14 22
255 22
3 12
488 30
296 18
217 30
28 1
13 3
113 13
450 9
252 17
375 18
422 24
476 28
481 18
218 15
28 4
104 22
340 23
375 19
336 24
252 8
416 16
398 17
385 15
17 16
260 15
433 25
11 16
452 23
374 6
337 9
493 8
134 24
87 16
467 6
303 26
137 31
334 23
99 6
233 7
57 4
210 21
376 28
248 16
414 5
349 23
373 29
246 10
173 28
218 31
254 32
208 14
90 1
276 12
462 9
155 26
204 8
358 8
287 18
111 20
78 11
154 3
151 8
160 27
231 5
165 4
249 17
78 2
117 21
378 23
213 32
300 9
99 30
200 9
115 6
288 4
120 6
346 22
45 18
445 15
234 9
463 26
185 4
24 10
96 9
84 21
136 15
429 14
392 12
322 26
437 17
50 32
254 3
177 2
252 5
277 10
82 3
171 6
482 30
271 29
446 14
237 13
89 13
18 8
144 15
338 8
300 31
487 21
485 28
55 21
136 7
74 13
421 32
187 14
142 1
330 3
163 27
20 11
83 9
82 31
228 19
10 23
361 13
283 18
364 1
434 7
167 3
420 15
454 6
340 31
266 6
34 20
88 17
382 6
293 16
100 16
438 10
250 19
310 17
496 29
221 9
23 24
491 22
178 12
103 2
391 1
39 12
500 6
32 18
499 20
197 15
48 2
264 9
284 13
33 23
97 10
411 11
345 9
117 6
49 27
243 31
439 13
66 15
110 5
172 29
124 32
263 27
205 2
320 21
450 28
471 22
457 10
368 5
486 32
27 6
55 17
324 21
254 13
283 15
337 2
27 9
173 21
483 2
166 6
218 3
6 32
364 6
273 24
319 27
67 21
292 17
317 4
114 2
4 8
489 1
54 27
5 10
156 11
307 5
141 32
140 18
64 31
311 8
86 1
446 13
325 2
273 26
353 2
415 20
486 11
252 19
270 28
468 21
243 7
449 23
150 32
232 5
443 30
253 20
23 14
32 19
435 29
192 19
394 7
199 7
9 26
121 22
206 21
54 28
363 3
34 32
294 25
429 32
10 17
468 20
378 19
231 13
155 18
303 13
380 5
279 9
303 12
370 20
340 8
159 26
130 32
417 11
160 29
363 13
377 30
53 11
328 7
271 31
408 21
383 16
278 29
380 24
264 21
439 7
376 25
8 5
492 25
132 15
473 26
171 2
175 27
456 6
357 2
188 25
2 14
256 15
435 31
358 18
87 16
153 15
244 24
171 31
288 2
89 5
499 8
462 17
334 17
379 3
346 26
159 7
488 2
478 18
400 27
471 18
483 27
300 18
487 19
165 2
476 29
386 15
364 11
351 6
467 21
92 12
147 2
11 22
15 8
259 2
26 9
399 12
56 19
438 22
21 14
167 24
58 29
322 14
103 5
323 2
253 26
233 7
15 31
236 29
434 2
442 8
75 16
319 14
390 16
23 6
61 25
258 7
445 3
244 28
455 6
117 32
331 9
310 25
296 2
225 13
391 18
188 13
209 7
298 3
114 28
360 19
213 5
497 9
400 12
56 14
157 32
265 15
225 19
183 16
120 27
100 22

