256
345 16
14 31
264 30
62 26
357 11
187 3
276 6
41 18
240 28
365 18
322 12
222 14
310 23
134 28
15 10
86 23
149 8
25 24
181 27
266 13
421 20
52 1
54 28
206 21
459 11
495 24
126 8
189 3
118 2
250 32
263 3
490 3
138 11
27 15
305 12
207 9
299 10
125 24
349 27
349 28
253 19
143 26
58 24
16 24
357 25
159 4
303 13
234 5
219 32
111 27
255 13
451 10
427 12
257 27
258 13
286 10
299 9
91 25
464 30
384 24
222 6
291 16
394 1
316 8
488 6
486 11
95 5
148 9
216 20
499 21
361 25
186 31
65 32
367 32
85 6
199 18
496 18
33 29
218 21
353 17
126 6
299 12
478 14
296 25
202 23
369 2
431 10
72 15
33 23
374 5
40 4
274 7
413 23
276 6
7 8
187 4
169 17
408 23
135 3
191 32
349 28
249 7
317 32
125 14
110 2
466 18
422 8
36 26
398 27
20 8
290 22
239 15
394 26
457 4
53 19
215 21
410 3
180 19
487 16
76 24
6 17
449 23
484 1
316 21
499 15
488 29
40 7
99 10
76 15
313 28
405 16
29 15
194 12
393 20
215 32
480 12
212 20
350 8
264 18
428 15
500 24
403 4
346 21
177 29
259 25
253 3
220 9
181 26
192 17
297 14
244 24
330 32
204 27
3 31
344 2
81 12
49 23
87 22
335 27
371 13
455 11
460 27
255 32
292 6
417 32
203 32
364 12
467 3
63 5
237 18
103 14
453 31
152 11
249 15
153 7
283 24
241 10
486 3
86 5
292 26
364 26
13 27
230 24
497 12
152 30
401 2
51 26
257 14
96 21
392 9
475 23
60 11
120 17
413 9
173 20
410 24
401 27
467 18
106 15
125 13
196 26
363 22
83 15
152 22
475 31
130 29
217 29
367 21
437 19
393 1
334 31
349 18
429 11
216 10
129 32
494 5
69 4
274 11
474 29
33 20
468 30
248 16
407 22
224 7
96 1
304 13
123 32
15 23
318 2
288 2
273 21
122 26
137 32
48 10
172 4
262 23
446 13
27 28
327 10
46 10
70 9
203 8
204 21
446 17
150 29
319 22
218 24
319 10
335 19
167 19
298 16
497 23
141 15
298 31
125 20
240 2
396 30
90 4
362 7
120 7
324 6
489 21
230 11
246 20
25 16
274 19
44 15
121 28
145 27
150 21
114 1
19 9
35 32
460 16
346 32
259 9
221 19
61 2
405 26
366 26
422 27
308 9
261 20
148 6
198 29
230 27
389 16
24 27
207 15
171 21
266 1
73 19
379 26
288 15
291 9
416 28
496 19
28 12
3 7
365 20
175 11
67 32
46 18
338 9
276 4
9 14
140 25
232 22
66 19
5 5
24 12
272 31
347 4
126 5
326 27
252 13
289 6
416 30
259 5
438 23
317 2
280 12
379 3
326 12
381 6
4 16
453 16
274 15
279 24
351 28
94 11
456 22
124 19
215 7
180 25
121 32
98 32
303 20
410 12
272 22
161 15
46 2
254 19
264 16
422 3
488 27
69 19
396 28
18 3
426 29
467 30
44 20
297 6
244 30
326 7
200 2
493 25
451 19
267 19
130 21
329 13
55 1
412 31
292 5
265 30
329 27
115 28
498 24
69 21
321 18
107 8
232 16
116 22
346 11
248 3
423 28
444 13
176 15
279 24
135 11
185 19
477 15
186 19
414 14
215 27
352 2
254 19
273 2
116 18
104 16
296 10
291 3
354 7
445 1
434 3
379 18
393 16
472 2
330 6
36 8
472 15
69 1
321 25
298 8
310 13
3 30
130 2
196 12
464 17
320 5
71 22
218 8
405 21
97 6
426 24
482 25
370 22
326 6
243 27
182 24
376 4
361 29
181 21
192 12
49 19
392 23
413 5
138 13
2 7
255 19
366 32
28 4
489 5
481 3
327 22
487 6
50 15
411 30
255 10
226 7
317 25
478 5
430 27
397 23
349 3
413 31
238 20
6 23
496 10
161 23
500 19
376 25
346 30
130 4
92 31
459 4
324 8
340 21
50 24
387 3
239 19
317 28
91 2
54 30
307 11
260 10
213 16
206 30
125 24
362 20
42 12
327 13
107 30
469 20
254 11
406 16
6 22
319 4
43 29
181 2
291 21
359 3
280 13
265 16
104 2
324 25
149 26
214 31
20 6
262 13
241 8
116 14
241 6
341 20
362 17
337 8
17 31
359 8
463 11
52 14
452 27
415 24
376 12
206 11
13 7
19 1
486 18
350 11
124 30
214 25
267 18
341 19

