256
259 17
300 5
441 2
225 15
89 5
121 31
41 22
171 23
338 28
423 7
49 19
164 25
283 1
342 19
296 20
490 31
292 1
251 12
230 23
206 23
36 7
325 8
468 8
202 17
223 16
292 3
438 3
440 32
351 21
103 6
140 4
404 11
84 6
366 6
481 16
484 24
250 16
295 17
155 29
226 26
472 25
352 14
471 23
333 29
424 31
170 19
378 6
346 6
431 19
479 7
134 6
130 23
269 29
452 12
273 9
153 4
45 32
209 27
147 30
187 2
328 24
336 30
485 17
371 8
96 13
30 5
310 12
464 6
140 3
205 32
443 21
359 11
65 20
353 11
461 27
484 12
98 31
345 15
204 11
202 19
415 3
379 8
94 18
6 21
108 30
496 30
419 23
388 7
126 12
45 26
482 28
225 24
50 14
366 9
488 27
403 15
149 18
478 11
475 3
327 23
397 19
336 19
233 28
1 18
167 9
295 13
276 15
432 29
292 9
282 20
363 32
34 31
169 23
105 20
50 8
430 26
458 29
112 2
192 4
399 31
8 29
211 15
267 14
311 7
290 16
42 24
480 27
14 32
289 31
143 10
402 28
283 31
189 14
252 16
357 18
442 28
46 24
350 24
145 21
222 26
456 23
437 19
189 7
83 2
273 5
167 10
149 14
236 25
47 7
272 12
488 22
471 5
69 17
196 18
185 26
351 8
384 28
427 1
442 13
402 6
85 12
91 17
369 22
125 20
164 17
171 19
462 5
35 18
313 18
447 25
203 14
341 27
289 27
11 10
127 28
147 23
331 29
500 32
62 16
319 13
372 17
79 5
333 21
419 10
46 25
346 17
14 2
187 14
304 5
235 2
460 5
345 6
469 32
193 18
319 23
458 15
55 28
79 28
500 9
237 22
214 6
498 7
120 16
233 3
380 11
57 19
200 29
480 16
96 29
50 10
239 31
308 26
395 11
33 10
383 25
143 20
350 4
175 5
323 15
448 6
225 12
392 8
404 16
444 3
396 25
116 30
351 4
279 17
310 11
343 32
79 25
492 1
125 14
453 15
424 12
1 20
403 12
276 30
115 19
8 6
415 12
348 1
399 26
214 28
289 12
103 7
392 14
147 32
111 12
167 22
351 3
386 14
262 5
411 9
83 11
90 1
394 17
465 4
415 18
351 15
437 25
69 1
251 28
48 1
19 14
99 29
84 32
474 30
348 21
426 26
7 19
130 20
304 26
43 14
328 21
272 8
401 16
444 19
259 8
364 17
409 10
498 5
149 23
42 12
207 7
129 9
185 30
464 28
407 18
57 2
454 4
350 19
20 17
357 30
488 24
259 13
33 28
93 9
430 18
28 29
304 24
53 16
117 1
328 12
226 20
109 24
64 22
238 11
103 14
64 30
314 22
190 6
133 26
379 3
267 2
403 2
414 3
58 14
175 29
405 21
120 6
136 7
175 21
469 1
466 25
71 7
58 8
329 31
42 27
105 12
464 31
230 21
17 31
111 4
23 27
296 10
232 3
29 27
155 1
35 24
381 25
103 7
365 11
129 2
341 5
65 32
295 26
385 3
432 23
354 18
361 29
300 17
431 12
499 21
176 5
57 5
490 11
495 30
293 15
463 25
411 11
140 21
173 12
367 28
18 29
262 19
369 9
323 24
240 13
236 31
57 24
323 14
302 13
103 22
495 9
430 13
92 6
461 24
93 24
219 19
48 32
193 12
244 7
67 27
39 15
102 3
446 28
493 8
445 27
45 3
12 11
344 23
44 16
70 32
483 32
302 26
472 22
298 7
360 8
50 14
370 27
345 28
426 1
415 30
283 31
161 30
285 16
100 24
11 1
168 6
309 9
375 32
315 4
346 26
388 7
424 1
397 24
424 23
456 30
396 18
1 20
236 5
263 3
317 2
4 20
119 4
156 5
295 26
165 8
496 20
239 27
12 15
38 16
161 9
329 25
82 9
316 9
466 15
152 10
352 15
469 22
22 24
314 20
446 2
159 5
85 9
211 9
236 16
236 28
444 4
156 17
245 32
194 26
402 5
195 29
203 31
426 4
286 11
243 7
69 17
23 1
2 9
453 17
36 32
484 15
456 32
4 16
463 25
113 12
245 11
320 15
321 25
374 30
187 8
41 15
220 15
112 17
500 24
457 15
104 13
366 27
432 29
110 10
417 18
313 17
232 28
459 4
80 16
361 22
151 5
225 14
168 20
443 11
399 31
405 2
191 22
264 22
342 5
71 6
446 19
122 17
218 20
432 1
115 21
267 25
397 27
487 12
326 5
286 24
179 15
282 14
164 21

