256
204 1
254 2
159 27
285 14
213 9
485 2
410 20
1 30
48 25
389 5
208 15
329 3
290 22
394 2
183 16
124 22
44 13
319 26
279 15
471 16
132 7
209 9
139 1
162 10
21 10
102 17
344 22
95 1
116 28
239 10
259 18
387 26
442 22
356 5
12 26
64 27
133 4
35 27
332 8
160 28
98 17
284 9
42 30
426 17
70 12
158 4
229 25
482 26
102 17
390 17
366 17
108 10
76 14
472 23
338 7
463 7
95 30
79 29
328 24
145 21
19 7
428 31
199 21
417 12
449 22
116 15
463 7
16 26
365 28
149 10
322 3
192 25
60 30
53 27
126 1
135 24
351 7
243 5
323 15
52 32
168 12
290 10
242 5
224 6
496 20
11 2
186 30
438 21
324 14
132 17
390 30
444 21
328 30
493 31
344 9
126 16
416 11
345 5
423 28
115 15
291 25
440 4
31 9
73 18
218 8
154 3
321 9
51 9
135 16
355 18
440 4
193 11
98 26
363 28
309 25
142 4
306 25
279 8
309 31
393 22
406 26
337 11
346 15
431 8
282 25
310 21
116 26
279 9
391 14
84 8
322 14
3 23
158 17
166 7
132 22
48 21
455 20
319 17
475 17
280 32
385 17
33 4
443 19
64 29
156 16
236 6
77 14
456 2
371 26
404 14
31 4
242 30
39 1
138 25
161 5
473 26
210 13
397 32
167 9
188 31
460 32
152 20
365 31
121 11
228 29
88 7
180 26
96 22
94 17
83 10
353 7
151 10
411 32
65 17
8 5
251 31
380 18
354 16
361 6
331 8
202 18
50 1
451 17
451 4
229 5
150 22
87 16
495 29
347 8
425 22
16 28
24 15
281 5
342 29
407 24
81 12
294 18
341 20
127 3
288 3
175 5
140 17
88 23
461 3
398 25
492 9
264 12
159 1
448 20
185 26
24 1
314 21
99 18
412 21
148 31
283 26
339 15
286 23
409 22
213 2
482 16
70 2
423 32
290 11
431 30
76 30
443 9
474 17
98 26
117 13
288 27
418 27
321 15
405 13
300 9
238 18
24 23
379 19
238 20
169 9
345 32
326 15
337 24
31 2
389 3
383 8
398 20
154 6
207 18
151 6
378 32
139 18
251 9
200 12
388 32
360 13
315 26
75 7
189 26
289 1
104 23
104 25
174 10
71 12
19 17
238 21
164 8
150 6
97 9
254 12
420 5
420 6
2 19
89 14
452 21
470 7
399 22
56 20
35 30
304 25
50 17
301 29
120 18
127 8
2 20
404 1
196 11
7 22
21 19
91 8
323 17
27 17
486 14
144 4
411 3
424 24
339 9
24 11
378 22
26 20
85 5
152 1
456 26
330 12
104 24
300 18
332 2
146 13
111 6
188 25
440 12
184 27
40 3
89 13
413 22
500 1
247 20
129 10
13 22
381 25
230 8
394 21
209 12
82 23
33 17
43 24
84 30
250 15
137 22
96 25
156 27
249 6
450 26
159 27
187 3
283 28
71 28
181 19
67 18
450 23
234 24
71 30
422 32
144 22
362 7
310 1
186 6
122 15
287 20
301 14
170 27
93 32
111 25
223 29
238 28
276 12
15 2
289 8
369 20
345 22
23 10
450 28
64 27
46 14
202 19
175 4
133 4
315 3
244 21
420 6
60 19
453 3
392 25
214 20
376 7
194 6
416 31
309 31
66 11
33 7
405 7
342 9
178 13
280 6
397 11
255 17
245 27
235 16
151 28
99 30
62 12
128 18
435 4
160 4
494 28
470 10
103 20
435 12
24 30
405 32
264 27
228 4
217 2
495 7
466 21
97 31
385 8
356 11
363 32
374 25
263 23
106 29
358 20
349 9
105 25
301 24
412 24
227 8
46 13
199 23
166 19
389 2
370 5
424 4
464 25
440 30
139 30
443 25
437 3
229 2
395 9
113 14
113 20
138 26
264 4
168 1
130 4
182 15
152 13
434 11
253 14
45 20
271 3
92 27
481 12
452 31
53 21
33 21
256 2
322 7
357 29
300 26
396 9
188 8
290 25
218 26
198 26
285 16
100 24
27 32
48 6
307 24
42 11
116 1
212 25
168 16
129 15
257 20
3 16
127 12
416 13
334 14
106 18
433 2
346 7
489 13
289 31
344 6
189 15
183 20
99 14
171 27
20 11
102 18
222 9
166 2
425 3
455 26
468 11
439 29
50 28
205 30
278 12
223 3
210 9
70 32
458 25
386 17
19 8
203 29
68 32
82 4
366 12
373 21
126 24
498 7
295 26
216 12
454 7
390 31
195 4
323 5

