256
91 12
307 12
493 6
482 23
5 10
401 25
453 16
163 6
498 17
256 32
449 17
62 18
204 1
216 12
137 6
474 15
49 17
171 26
74 32
416 31
342 32
127 26
319 17
259 24
346 22
296 2
58 1
224 22
226 23
413 26
216 26
293 13
370 3
158 32
318 21
78 11
93 20
305 3
344 3
431 5
281 18
39 30
434 26
303 19
404 19
225 11
305 21
87 22
331 28
321 24
169 18
159 5
453 7
375 9
229 1
41 1
234 19
51 4
44 17
30 27
420 2
270 16
122 28
249 12
452 26
452 8
319 6
84 16
276 18
124 20
319 4
365 4
447 19
71 2
119 29
289 6
206 2
113 20
117 26
131 20
283 2
391 29
395 6
428 18
488 3
378 10
419 26
357 29
8 20
354 14
232 26
368 13
51 8
116 24
193 31
87 19
32 6
132 7
7 27
300 2
314 29
299 4
270 24
448 1
139 29
107 26
295 2
10 17
157 6
364 10
76 19
28 3
132 11
237 2
70 1
484 3
65 14
466 19
493 5
463 15
65 1
352 23
246 14
56 11
191 15
104 22
425 15
224 24
142 1
46 31
349 29
297 29
14 6
247 15
26 2
489 10
482 5
301 4
406 8
482 4
330 1
65 23
67 16
162 8
100 7
270 16
439 6
213 13
31 27
163 20
224 23
498 30
195 30
285 12
209 14
399 26
202 7
292 28
455 30
328 6
364 9
354 7
367 2
107 25
228 13
305 24
123 10
9 30
155 21
269 11
262 24
400 15
334 20
434 20
349 13
194 20
210 15
366 4
464 12
324 11
444 8
494 27
485 22
384 23
146 32
1 11
375 5
73 21
148 3
348 8
119 1
59 4
291 21
107 30
248 3
149 24
114 10
110 27
496 9
89 9
348 18
104 31
194 12
283 13
34 26
188 29
375 14
36 9
170 7
123 2
277 15
313 18
264 10
192 23
266 29
104 25
222 19
39 3
234 9
107 12
155 2
476 29
39 7
397 17
5 11
182 21
141 10
227 17
415 18
15 4
198 6
496 27
28 19
185 22
207 11
233 29
436 8
93 27
70 30
239 27
8 28
59 1
413 21
405 23
55 23
210 20
241 21
23 20
239 11
381 2
202 9
158 1
172 23
463 30
92 5
20 27
120 6
451 4
67 11
62 1
478 19
224 30
476 2
189 14
157 26
363 2
386 13
346 18
475 29
3 22
361 6
368 1
451 11
216 5
377 30
489 22
400 25
275 23
162 4
293 6
385 19
379 30
231 9
179 1
385 29
474 5
54 6
281 13
216 9
225 4
478 22
150 21
130 12
456 7
239 16
313 11
106 19
245 1
267 23
245 31
456 23
452 21
116 8
217 11
432 18
126 21
7 7
490 20
51 21
278 1
44 6
116 5
133 20
189 19
486 6
254 29
208 21
154 23
140 18
5 12
15 14
332 9
405 9
8 7
117 22
447 32
79 18
13 19
273 9
314 15
338 23
51 9
327 28
219 6
278 31
389 16
205 17
165 1
245 20
267 22
161 13
225 4
479 25
6 3
290 27
361 15
89 28
376 27
171 22
233 4
169 17
92 1
45 12
185 26
131 7
3 8
367 3
235 17
316 32
448 29
411 4
435 11
423 2
118 22
108 6
393 12
322 12
500 23
239 12
156 22
338 30
365 4
88 7
49 27
190 8
211 32
155 2
303 10
159 16
23 26
269 23
393 10
399 16
456 25
131 15
210 12
324 10
172 12
24 4
166 22
67 29
17 21
226 31
150 32
238 28
354 2
291 30
448 21
194 11
29 8
70 27
292 5
16 3
8 20
386 22
457 16
254 29
24 15
292 2
418 9
401 7
239 15
221 22
231 18
144 16
89 25
202 12
310 13
46 13
108 19
342 8
382 19
37 6
277 32
283 15
60 3
465 18
226 25
187 20
450 7
67 3
395 12
122 28
337 28
21 24
98 10
212 16
309 4
89 29
279 27
279 10
257 32
488 14
132 2
290 2
356 4
324 7
328 17
454 8
112 10
311 26
40 30
393 16
473 29
284 3
55 23
441 19
158 8
497 13
305 2
74 17
345 17
411 20
342 24
187 13
394 26
14 21
223 14
132 24
238 15
446 32
477 6
307 26
17 19
127 22
292 20
334 24
97 28
160 6
163 6
242 20
195 24
488 22
365 11
465 15
386 6
98 30
500 32
200 24
410 30
41 5
377 18
41 21
321 8
114 32
397 12
39 12
315 27
213 7
349 13
133 30
86 3
448 29
338 19
305 20
176 1
4 32
71 20
229 31
95 14
374 8
401 17

