256
405 31
449 18
241 18
21 7
86 27
208 29
145 16
103 29
94 10
218 11
198 2
376 29
64 26
182 32
476 15
252 16
317 12
329 25
485 5
227 22
199 27
435 32
278 21
64 3
158 30
429 31
19 4
111 30
114 28
437 17
386 20
320 22
92 32
462 28
200 12
498 3
122 4
94 16
172 29
122 21
290 31
387 24
354 13
241 31
492 17
407 17
217 14
282 4
225 19
235 17
430 16
175 4
367 20
155 10
276 4
218 10
326 16
225 4
304 22
350 3
494 17
171 10
186 24
221 11
46 12
39 8
391 13
231 14
332 29
147 15
12 21
24 2
172 25
221 32
418 6
270 19
30 21
177 20
96 9
330 22
204 24
321 15
80 7
204 3
287 18
369 2
66 9
487 10
345 7
65 14
481 10
376 2
478 28
77 10
153 18
419 24
125 27
154 12
141 1
318 3
59 31
428 24
283 7
65 7
473 9
444 25
315 19
315 16
75 15
217 19
1 23
434 9
225 16
33 17
296 2
143 2
240 23
34 6
337 26
204 9
227 31
466 21
170 28
184 32
226 29
322 10
35 27
55 4
194 7
476 26
140 7
399 8
393 20
457 25
30 25
93 16
11 2
500 8
41 7
275 7
83 24
196 22
203 2
81 28
392 12
441 16
378 16
115 14
271 3
202 16
435 7
111 18
204 2
477 5
145 32
215 11
199 26
400 9
364 24
1 3
388 25
138 21
280 8
387 11
27 8
406 5
234 25
110 22
478 15
34 2
190 4
53 4
9 12
141 24
432 17
479 7
285 12
287 17
72 29
319 30
465 20
114 18
444 24
487 6
162 32
395 19
119 19
90 32
251 2
203 2
74 17
204 27
1 2
275 16
367 5
373 3
372 14
232 4
61 27
89 10
90 15
72 29
134 18
392 32
95 18
269 5
479 8
231 31
165 9
402 7
301 26
65 4
463 29
339 12
367 15
245 16
262 17
368 31
182 7
130 20
205 30
296 27
73 22
13 13
382 6
472 10
391 28
58 5
36 20
228 14
175 5
210 32
493 9
34 22
188 27
301 8
412 1
426 28
326 26
72 20
55 27
93 29
283 10
353 14
250 17
220 32
257 25
63 9
209 28
274 16
110 6
343 13
374 24
356 28
409 15
259 15
174 11
111 32
57 12
273 18
396 8
81 16
476 15
252 1
442 21
284 31
154 7
423 32
98 18
79 15
56 9
321 9
243 8
36 7
247 21
104 14
4 8
497 28
382 20
368 31
476 11
373 1
481 7
8 15
424 26
85 24
478 25
412 21
40 8
19 18
460 19
131 23
10 27
146 16
226 13
66 21
16 11
34 8
437 21
74 9
331 18
44 16
267 31
28 10
106 31
444 1
373 26
232 10
201 9
477 2
242 7
331 13
185 12
104 1
256 10
333 14
391 8
246 5
35 1
463 12
375 10
57 15
331 4
333 23
16 17
161 1
55 15
217 7
206 1
212 25
54 16
251 4
272 4
453 30
324 23
297 3
24 21
445 2
492 9
237 4
438 17
468 16
91 17
83 24
61 30
460 26
189 22
409 4
409 5
117 29
127 10
431 26
118 15
356 22
356 20
321 17
192 28
488 2
176 22
281 28
215 8
53 32
154 18
215 22
174 4
146 17
97 16
302 10
7 5
175 22
452 23
358 27
487 5
128 30
119 20
102 13
352 14
440 25
467 15
270 21
190 32
293 30
195 14
351 13
455 6
414 10
372 7
253 14
172 32
224 6
492 5
326 15
478 30
51 17
272 20
437 29
87 9
98 2
26 32
334 8
177 16
90 1
74 22
110 1
425 25
386 8
9 24
462 15
329 28
283 32
36 3
412 2
151 21
255 32
12 17
360 25
40 25
441 21
494 6
210 2
87 27
38 27
158 31
433 6
215 7
437 10
137 32
223 19
60 14
167 8
418 26
112 29
30 24
273 31
305 6
292 27
429 9
338 18
32 30
424 2
189 28
347 13
60 21
168 15
250 18
42 31
63 21
327 28
408 12
466 9
433 25
307 17
290 24
151 9
118 26
418 26
285 20
334 16
36 5
315 10
186 20
156 32
213 3
43 20
286 20
184 30
117 31
283 14
338 17
78 11
6 31
464 30
462 10
338 25
150 12
486 4
211 10
139 7
328 30
43 25
189 22
182 29
420 4
414 10
396 31
64 29
189 24
395 14
177 8
351 14
87 8
217 17
329 20
220 28
37 18
120 1
43 10
86 27
117 7
72 1
194 23
117 2
366 23
384 14
446 22
72 16
273 12
181 14
495 24
461 15
217 29
312 15

