256
224 13
482 6
231 1
14 19
451 15
232 6
120 18
471 3
207 12
423 11
257 10
38 30
119 6
449 11
213 22
18 24
486 11
401 25
123 18
455 13
272 14
34 32
115 32
34 2
224 32
376 12
177 6
73 11
15 17
417 3
170 6
219 8
137 23
224 27
237 10
36 8
67 25
251 22
425 9
59 4
92 2
331 17
199 23
415 18
276 16
144 13
469 14
452 5
333 19
68 13
408 7
428 19
23 27
360 23
167 30
446 10
203 8
378 6
31 21
467 6
328 10
102 24
176 6
253 28
432 28
428 20
274 27
166 32
237 13
95 23
294 16
13 8
168 26
249 22
386 3
355 17
177 12
361 4
213 5
211 9
136 6
188 1
48 1
408 21
229 22
39 22
246 11
369 29
145 10
462 18
184 12
447 24
475 11
415 8
271 25
36 14
466 11
18 30
75 13
150 23
131 28
176 8
443 8
492 11
365 21
320 29
472 30
260 22
424 15
337 22
151 12
303 5
446 16
334 32
449 19
26 31
374 1
158 20
301 9
106 25
305 26
213 28
395 9
73 31
351 14
216 29
485 23
321 15
42 2
154 2
488 4
272 2
84 5
381 12
281 19
401 9
468 25
212 2
289 21
384 23
398 20
140 26
322 20
164 15
466 22
57 9
201 16
18 28
461 31
372 1
89 12
178 28
236 13
121 5
377 29
163 2
308 14
360 25
466 3
195 23
44 23
87 16
431 9
232 27
207 19
483 23
374 4
406 1
253 14
133 17
234 32
107 25
153 14
225 14
192 24
252 8
22 3
183 20
147 2
46 17
16 9
351 17
392 24
350 28
133 22
329 15
481 31
111 2
252 24
455 27
107 19
30 28
397 25
284 31
478 29
247 14
209 21
234 17
204 15
300 16
269 24
54 25
414 5
86 1
352 9
460 10
247 29
437 15
405 20
37 15
401 27
376 21
231 25
265 26
44 17
121 12
44 7
412 30
43 30
474 6
390 25
55 32
126 19
130 10
415 26
412 23
300 19
127 2
100 16
315 19
308 3
306 7
461 1
160 19
418 2
100 3
270 6
294 15
349 15
425 31
440 16
281 27
327 31
120 14
2 22
272 13
221 29
364 1
497 23
388 27
360 11
73 18
493 31
376 9
493 24
307 21
340 27
375 10
197 11
295 7
280 22
211 24
494 6
33 14
449 12
256 20
258 5
141 6
399 5
294 15
168 20
379 3
242 18
228 7
452 2
489 27
439 31
435 8
125 11
274 1
238 29
84 11
61 25
449 3
93 30
54 24
46 20
323 31
389 6
77 32
424 17
275 30
468 13
146 20
27 27
16 12
299 7
462 24
27 6
170 27
4 11
435 21
359 13
39 3
158 24
439 25
384 29
443 23
421 28
442 31
358 29
414 12
260 31
367 2
137 29
109 8
463 15
244 5
151 14
68 12
101 10
389 13
70 27
335 14
122 13
140 11
437 21
338 12
279 25
186 23
445 10
110 27
188 25
228 18
339 7
497 11
4 1
423 21
419 26
414 16
238 13
222 14
457 16
74 19
116 7
206 28
404 7
466 7
372 21
132 6
191 20
148 10
217 7
118 15
180 31
27 5
287 24
294 11
159 11
34 14
125 7
185 32
257 31
322 12
47 29
337 14
433 1
135 5
259 21
135 6
339 17
58 30
113 27
72 15
218 5
249 22
47 5
74 24
287 27
283 22
348 20
127 8
456 25
280 26
69 30
3 32
427 8
385 23
262 4
13 7
265 1
173 19
398 18
466 8
140 13
221 3
220 31
470 19
312 21
92 4
367 10
139 1
357 31
183 18
183 27
449 11
308 21
461 1
218 7
240 17
379 5
400 18
11 29
328 26
322 15
54 4
216 32
184 8
419 26
393 1
264 17
251 15
165 7
479 10
341 23
443 31
383 14
168 29
414 19
419 27
265 20
126 24
367 1
255 17
26 24
237 14
192 27
64 13
50 11
238 14
465 16
109 27
225 28
443 7
475 13
225 15
36 31
423 19
11 5
39 25
176 20
30 4
466 1
224 15
339 5
405 11
197 9
1 17
344 28
59 18
156 24
57 8
338 7
446 20
7 28
440 7
463 17
254 29
266 25
443 28
493 7
407 17
415 11
110 19
202 24
76 14
155 4
253 4
314 14
396 21
385 3
207 24
156 4
128 5
140 30
228 24
473 6
173 19
245 10
145 22
153 9
7 16
56 23
3 22
308 10
394 13
85 4
392 32
115 23
216 2
292 3
237 24
429 1
3 25
42 15
322 11
71 17
354 3
439 12
200 11
458 1
143 2

