256
154 20
160 26
40 2
147 22
460 29
284 24
198 26
203 16
223 11
330 12
30 10
340 24
141 12
322 6
198 29
338 11
336 17
352 3
386 2
392 2
315 19
373 12
28 7
216 14
361 5
353 14
102 21
10 18
48 11
3 25
271 24
95 22
392 6
480 26
295 16
123 5
250 19
473 14
273 12
379 9
288 20
22 29
128 27
335 7
65 5
271 11
381 1
292 4
162 24
49 12
495 23
417 8
369 1
21 1
132 16
477 27
483 31
159 10
233 5
136 30
182 14
336 6
122 8
185 19
399 6
442 5
108 14
488 5
302 1
173 25
112 14
203 18
500 10
407 4
354 10
233 23
151 9
448 4
48 5
258 14
70 19
42 5
261 29
209 14
241 14
347 12
383 25
149 6
410 23
465 16
300 10
150 22
470 2
73 1
286 14
166 15
381 31
235 1
87 28
54 24
177 20
31 3
301 32
144 14
86 16
177 22
9 3
335 10
480 4
346 9
89 23
471 17
69 9
461 16
500 31
335 12
266 9
438 30
44 21
480 30
41 8
367 29
186 29
231 13
460 16
429 17
291 11
369 27
456 18
218 23
344 16
187 1
269 16
379 32
409 10
145 9
217 15
201 27
64 11
67 11
211 28
275 1
98 28
63 25
473 5
64 28
184 18
128 12
77 26
116 5
67 8
285 20
123 18
38 2
268 20
412 22
303 7
478 21
330 17
157 14
173 28
321 8
321 4
308 14
158 31
234 32
34 31
63 28
4 32
193 11
56 9
101 2
143 22
462 16
470 3
477 26
42 5
350 11
448 21
464 5
283 9
385 24
215 23
324 22
47 16
193 10
324 1
163 6
222 1
289 28
447 17
37 32
265 22
202 29
246 1
169 28
362 5
196 16
352 7
498 18
238 6
203 14
334 5
379 27
341 8
98 7
136 11
127 13
224 16
465 10
345 9
497 26
390 24
337 9
414 14
490 20
227 20
417 24
56 19
467 29
166 8
387 18
402 9
406 18
45 6
95 9
354 31
298 27
487 10
335 20
172 28
255 10
15 7
458 7
318 20
23 19
339 5
136 13
126 1
218 6
262 24
410 20
458 15
62 12
44 17
48 15
220 6
465 27
473 26
9 6
197 3
124 7
291 28
479 20
152 16
437 2
211 6
233 29
256 2
464 12
190 7
218 30
313 18
348 25
455 24
278 23
238 21
390 32
364 16
148 12
416 12
281 6
134 1
146 5
158 10
244 20
120 10
461 28
143 8
272 6
15 17
452 24
154 25
483 21
413 10
384 8
418 12
305 7
380 15
143 14
412 27
237 7
200 17
167 30
208 22
143 22
191 31
177 12
287 3
212 31
141 32
378 2
463 19
312 23
337 18
232 24
44 4
130 15
368 32
437 11
290 15
148 28
25 12
27 4
334 6
214 26
37 8
235 16
478 2
194 26
204 9
265 31
96 14
490 31
394 26
389 3
356 8
366 21
211 4
396 32
481 25
18 14
52 20
369 25
2 2
46 9
338 2
451 21
56 20
247 29
69 27
483 21
22 28
9 20
91 32
275 7
12 12
440 24
248 16
296 21
221 2
305 26
151 3
342 18
399 32
6 3
426 12
95 27
39 31
30 5
358 1
404 22
300 31
285 11
3 28
499 31
273 27
485 32
262 6
333 20
470 31
330 31
382 13
194 17
231 7
401 9
231 32
458 19
499 10
281 13
25 28
279 2
286 3
73 19
293 17
410 14
447 28
8 25
368 5
249 18
276 29
38 18
157 23
388 27
440 1
211 5
300 17
114 17
104 6
484 28
294 9
9 5
336 20
69 11
217 5
5 4
21 22
201 29
241 25
35 12
109 29
348 20
234 21
344 1
202 7
84 16
424 4
236 19
107 16
18 15
324 26
370 20
415 7
373 27
159 7
39 23
4 22
26 17
403 13
425 4
252 12
99 3
451 6
137 5
341 18
436 8
27 5
360 26
375 12
300 9
490 26
3 21
428 8
81 26
101 21
285 8
216 16
378 14
421 30
427 10
372 6
129 26
18 12
43 21
71 7
129 9
32 28
53 15
11 2
492 23
342 5
314 22
12 7
75 8
409 21
397 20
362 2
381 4
365 32
124 4
118 20
348 5
235 8
312 18
237 27
356 31
283 6
488 18
64 22
430 16
63 10
455 4
203 16
7 24
111 30
355 20
86 6
228 32
453 11
417 22
398 25
472 4
146 7
326 9
20 15
33 6
80 27
62 3
174 16
202 24
402 20
363 31
109 3
10 5
333 15
454 18
255 13
262 4
383 11
460 15
341 4
188 16

