256
103 3
35 29
243 6
419 26
149 31
61 29
176 3
258 25
296 12
161 25
243 12
127 30
97 22
120 13
262 14
402 28
180 16
388 7
465 2
164 9
41 8
286 8
127 31
332 18
402 16
75 1
8 1
246 32
346 2
472 32
275 13
323 31
12 19
229 16
220 4
440 20
319 29
475 21
119 26
71 5
150 17
369 5
197 2
464 6
331 15
353 18
11 32
264 22
238 20
349 5
235 28
217 1
365 19
202 19
201 28
355 22
268 27
210 28
41 29
209 31
459 6
328 5
237 31
342 22
82 30
282 8
329 18
73 17
393 30
176 17
397 26
146 4
309 31
479 17
27 31
219 5
100 31
305 8
489 2
13 15
187 23
90 23
144 30
208 12
435 11
332 19
468 1
346 24
331 20
476 25
363 23
45 22
93 5
150 17
198 26
3 4
308 21
251 24
106 2
43 13
396 31
223 15
351 21
491 30
244 14
94 26
12 19
272 24
191 13
389 29
434 7
124 22
335 26
249 13
387 15
185 6
165 23
349 12
179 27
253 19
8 30
232 12
484 27
327 7
275 11
267 13
458 2
154 12
320 14
436 22
44 16
340 9
379 16
428 17
230 28
331 17
25 15
108 9
65 31
387 16
1 17
400 26
246 29
102 13
158 29
123 5
9 30
261 19
353 32
147 22
219 6
170 20
392 2
456 28
416 10
147 8
198 6
226 11
154 7
360 11
419 26
216 15
295 28
17 3
16 4
80 22
493 29
329 28
230 4
191 29
329 2
265 6
439 6
321 9
20 8
255 14
13 2
217 23
298 29
453 25
248 16
250 8
132 23
475 10
66 26
358 7
207 10
124 1
463 28
89 26
475 28
272 3
17 4
293 26
424 17
330 32
480 32
115 12
362 10
325 15
107 26
25 29
156 1
309 18
92 6
304 31
93 19
405 29
266 26
275 21
498 8
416 10
35 27
89 28
472 9
175 6
298 31
94 5
199 30
423 27
151 2
61 3
4 25
56 9
218 22
161 28
137 17
193 4
459 25
419 14
249 9
211 2
144 20
351 6
409 29
336 20
202 24
6 17
65 21
177 2
242 21
497 7
117 1
402 15
25 8
208 25
265 14
171 24
425 1
453 18
145 29
393 26
184 26
402 4
311 2
382 24
118 2
282 27
123 7
161 27
355 5
272 31
138 14
230 19
462 18
248 10
470 8
303 2
389 12
105 15
485 10
455 2
68 4
188 14
271 5
188 25
421 27
447 26
252 12
324 21
209 15
22 11
62 32
388 23
231 16
353 23
182 11
169 5
395 20
142 25
56 25
345 32
492 7
386 27
318 5
160 14
132 13
56 9
209 3
495 23
287 4
358 12
358 6
420 28
381 1
472 17
241 4
264 12
106 9
327 27
62 22
301 1
370 32
237 14
151 8
221 21
283 18
256 24
455 15
244 15
87 7
123 7
383 15
59 20
91 25
263 4
74 23
196 15
270 13
373 24
368 1
208 30
22 11
141 8
341 8
162 7
451 21
106 25
227 32
172 25
104 26
321 5
200 32
119 6
300 15
445 31
287 9
168 32
319 17
135 12
44 29
290 6
285 31
178 19
114 10
179 21
339 7
245 19
367 12
212 18
206 20
37 9
160 12
152 15
12 15
194 20
287 11
401 27
82 23
433 7
132 23
116 2
462 20
360 4
223 11
197 25
431 5
125 26
437 8
272 12
414 1
207 32
300 24
270 21
390 6
131 13
17 22
194 26
106 2
157 8
328 17
460 10
86 32
200 6
212 11
173 29
140 16
177 23
191 22
375 20
352 5
304 24
251 13
345 4
402 13
387 26
205 11
487 18
134 6
163 17
361 8
322 28
419 10
142 29
295 28
392 26
20 15
365 26
191 1
329 9
413 8
322 10
118 4
259 27
50 18
300 26
313 25
113 15
322 6
191 32
121 26
466 32
128 10
114 2
243 22
114 23
213 11
476 14
447 27
285 24
360 20
257 4
408 5
402 13
474 28
344 10
377 5
437 28
491 2
25 25
196 7
91 20
425 15
442 31
153 10
70 20
161 6
183 8
46 8
296 19
231 31
316 23
152 5
314 18
154 14
430 29
180 24
461 5
438 18
179 14
479 25
453 23
426 23
410 8
422 17
194 32
47 22
462 18
114 7
395 31
317 12
468 8
196 12
452 9
33 15
427 23
379 23
1 4
366 10
479 11
318 5
143 8
34 32
266 19
231 28
265 27
188 12
394 11
363 14
367 19
476 9
257 2
24 21
213 13
370 16
27 23
216 1
403 13
125 24
99 7
31 15
253 26

