256
96 16
134 30
344 14
229 22
385 20
391 6
445 15
270 2
12 3
469 10
251 21
374 4
388 12
278 26
252 3
428 11
23 25
356 2
154 16
171 19
47 17
48 32
235 1
393 15
67 25
140 2
337 21
297 32
305 30
465 16
129 28
107 19
9 2
368 26
250 10
200 20
450 4
491 24
416 19
282 7
95 29
300 24
434 12
359 18
374 16
497 10
271 27
4 31
269 15
293 14
260 4
165 17
443 20
96 11
390 14
45 17
150 24
120 27
143 30
24 12
5 13
221 24
179 16
406 3
298 14
316 21
394 17
321 24
488 13
398 9
146 18
65 3
137 32
82 12
366 9
351 10
181 12
201 28
351 23
306 25
8 14
261 21
454 18
89 1
350 14
21 23
280 2
493 8
473 22
399 30
383 10
264 19
25 8
422 15
422 12
227 2
53 20
182 22
69 2
150 2
108 30
116 15
459 16
6 32
34 9
473 4
358 4
330 6
52 4
460 9
183 27
402 7
26 32
296 18
205 17
215 16
318 10
50 13
437 20
60 30
312 8
237 13
472 23
254 23
170 5
495 8
251 9
142 12
184 9
221 8
233 15
404 6
116 21
30 17
360 29
374 3
325 15
43 16
29 32
170 30
213 4
401 3
264 18
91 19
330 11
39 18
450 18
315 17
98 9
321 14
137 15
332 9
157 31
108 1
226 29
234 2
145 2
401 12
27 19
59 12
5 25
269 22
242 19
223 15
279 7
500 32
89 12
80 17
410 32
281 7
168 14
425 28
499 13
424 1
19 6
380 27
282 8
181 7
83 23
65 21
445 17
480 18
248 28
130 5
451 19
495 22
128 19
134 15
447 25
151 29
390 27
44 27
30 8
397 28
478 21
177 26
25 4
159 32
271 13
132 25
403 15
43 30
397 32
8 32
84 27
364 21
393 19
495 22
482 15
238 23
203 2
85 8
125 27
203 4
235 11
468 5
313 10
19 25
37 14
256 32
388 20
444 28
378 2
54 32
180 3
170 19
260 6
314 8
201 32
131 7
202 7
424 2
108 14
75 25
171 18
116 3
301 12
190 11
349 15
390 29
237 31
115 20
17 8
232 5
147 6
3 17
460 22
214 28
219 12
416 30
118 11
300 2
442 29
448 3
84 21
171 28
248 13
168 24
268 11
480 26
260 6
114 28
260 28
491 30
467 10
71 4
288 26
206 10
211 17
372 2
342 10
317 25
382 12
204 9
382 11
414 6
16 12
213 11
59 23
457 13
312 3
313 19
249 22
32 19
374 7
456 11
148 16
155 5
108 18
177 17
244 15
482 12
322 22
238 32
100 30
256 11
73 28
362 29
437 25
483 23
148 2
25 15
413 4
176 12
93 32
361 17
146 18
448 7
240 17
198 19
83 18
102 15
373 27
179 30
59 25
120 18
154 20
353 10
379 20
438 12
83 18
160 1
491 23
399 10
495 13
273 21
402 26
83 10
40 13
435 6
125 26
156 30
254 24
196 4
239 29
455 29
134 10
253 16
72 4
58 7
452 22
143 13
55 30
330 2
190 29
43 15
22 30
296 3
57 19
259 31
327 21
320 28
327 24
140 30
427 5
464 10
378 31
82 8
36 12
377 5
28 15
243 29
469 31
176 1
381 6
24 32
498 27
223 24
470 6
74 13
410 25
126 3
347 12
422 18
323 18
163 30
421 9
102 13
295 25
265 24
62 12
87 24
334 17
235 24
23 4
52 32
49 25
423 19
88 12
481 26
346 27
111 30
399 17
154 10
193 22
221 7
410 23
166 7
319 12
250 29
412 1
477 12
182 31
206 29
94 2
31 7
180 13
204 31
57 13
124 6
479 8
208 4
206 9
334 4
476 8
69 3
88 29
198 1
147 12
38 4
441 20
31 9
60 14
51 29
147 14
70 29
221 13
216 18
1 9
301 8
336 21
67 24
117 24
44 11
167 21
355 16
500 25
80 8
174 30
232 32
155 5
148 31
429 27
152 5
116 4
108 19
321 22
78 9
438 2
52 16
406 2
415 30
494 22
169 31
327 8
191 29
52 26
59 28
405 10
408 24
162 11
174 6
41 20
122 14
77 1
137 10
430 28
239 27
249 11
146 4
158 24
112 29
25 27
188 5
232 23
152 17
314 6
430 2
281 4
35 13
76 11
42 6
74 29
484 23
391 25
102 25
316 25
461 1
235 13
473 23
299 1
415 4
302 29
317 30
248 19
290 3
374 31
384 3
315 8
121 2
348 18
106 16
287 14
208 29
418 20
43 29
156 26
180 25
6 5
390 21
199 31
131 20

