256
27 16
160 2
85 5
461 12
185 31
275 11
334 25
162 9
260 32
353 28
58 4
221 23
277 30
2 27
351 19
170 5
266 21
134 22
405 2
317 2
265 31
332 22
408 9
458 19
69 18
246 14
173 31
192 13
180 2
171 14
228 32
463 21
372 24
46 13
42 10
422 26
304 25
107 31
98 12
82 10
78 31
143 18
497 26
403 25
379 5
410 14
117 24
154 24
320 11
468 9
264 17
18 28
142 16
482 11
391 11
256 24
94 10
70 6
83 8
470 30
248 4
271 16
455 13
204 10
475 11
486 11
412 19
10 5
330 31
495 29
258 2
40 19
351 29
144 13
432 22
98 16
345 21
395 19
497 6
425 23
473 14
61 12
117 6
492 2
413 30
370 14
439 18
224 9
222 23
73 18
480 31
185 4
243 31
475 19
233 19
209 21
160 10
292 32
43 15
426 19
120 31
328 10
56 31
198 30
270 6
283 1
292 15
425 22
101 27
272 17
149 17
389 12
306 4
436 8
314 13
7 29
155 26
342 27
89 23
340 14
161 6
458 32
292 18
486 32
484 29
77 24
441 21
292 6
497 15
446 10
87 8
95 5
489 12
155 25
179 22
286 31
171 20
290 14
329 19
58 17
384 30
296 28
450 11
422 10
165 15
108 19
22 26
196 22
193 22
439 7
400 20
209 6
23 3
384 12
125 1
368 4
426 3
36 15
102 1
25 6
27 12
221 4
37 16
409 9
469 7
452 16
275 20
290 1
10 9
500 11
465 7
346 6
382 13
468 23
393 12
452 27
327 20
318 27
439 23
444 8
277 19
275 23
406 12
200 28
88 3
402 28
270 19
145 19
184 21
337 12
308 4
347 23
312 4
349 26
94 20
157 23
390 24
125 12
199 4
415 23
227 12
190 16
266 19
350 29
3 10
229 6
473 15
148 4
294 13
386 12
492 30
462 6
177 14
381 24
262 23
162 24
462 31
187 31
241 8
380 23
221 4
109 29
386 24
181 3
104 30
418 4
311 15
181 16
317 25
363 14
207 20
269 16
430 11
246 3
342 9
117 2
436 21
310 29
481 30
204 16
259 13
383 22
352 27
409 24
475 11
449 1
498 9
348 15
23 30
449 4
422 10
481 18
142 2
234 10
484 13
410 26
410 12
163 21
207 19
132 25
193 16
214 26
296 9
117 10
358 25
237 12
482 17
193 32
358 10
97 17
363 2
435 16
150 25
384 20
372 15
240 8
94 5
106 21
14 10
262 19
490 10
354 4
66 26
447 11
472 11
116 26
253 6
457 26
350 12
461 9
206 24
137 23
153 18
243 10
167 8
92 28
353 26
479 10
343 1
340 22
172 15
351 24
356 23
29 18
350 29
130 27
40 10
57 16
211 27
413 21
154 21
385 18
154 15
423 32
140 15
14 27
69 4
86 17
375 2
334 28
454 27
131 17
433 7
241 31
338 25
372 3
361 4
497 26
322 15
214 1
33 15
123 26
442 12
230 12
173 11
244 10
229 30
323 9
412 27
156 5
419 27
240 32
486 28
497 15
6 18
120 7
288 10
196 18
154 9
101 2
191 4
304 23
69 6
432 5
244 7
81 18
465 16
145 30
259 10
460 21
55 27
359 27
25 26
276 26
330 8
355 20
72 6
290 12
339 9
472 10
159 25
96 15
76 12
276 19
437 24
303 16
18 1
38 22
66 21
71 27
40 10
266 7
287 23
103 26
480 2
207 14
126 30
317 2
246 8
388 30
31 26
25 17
202 22
90 19
226 21
13 6
290 26
228 12
36 30
53 15
256 8
357 25
265 25
286 14
468 13
396 31
214 24
47 31
334 20
33 23
500 29
176 5
174 8
217 6
437 21
76 4
380 16
277 1
456 22
6 8
87 25
422 8
173 20
67 30
159 23
416 15
348 16
299 9
51 3
230 27
136 2
383 19
89 27
11 25
72 1
320 18
121 5
310 9
264 32
150 30
30 26
432 9
361 31
398 31
449 31
101 24
136 23
451 17
493 29
325 1
329 8
426 22
88 11
94 3
166 4
476 32
13 12
424 5
490 25
135 10
152 27
374 23
70 12
67 2
136 15
330 5
386 20
266 1
46 23
27 8
306 3
259 22
262 14
190 23
355 28
392 30
263 1
348 8
292 27
97 20
157 11
96 31
386 17
219 27
423 2
142 1
100 8
46 17
434 16
315 28
115 6
349 1
27 12
208 18
462 17
449 15
83 28
13 24
108 11
250 19
328 20
463 15
495 8
343 16
299 5
271 2
67 3
290 17
167 10
262 20
6 7
450 20

