256
17 15
161 16
182 1
409 2
115 3
464 8
316 15
350 29
4 9
249 4
442 23
278 15
247 20
79 9
164 2
168 5
256 5
448 21
21 8
219 19
302 2
454 5
192 11
105 27
195 30
338 32
8 7
370 7
391 12
175 14
293 3
86 28
375 5
189 11
240 7
233 21
292 22
361 23
340 26
381 19
23 15
22 10
37 32
136 15
43 31
333 24
209 14
87 7
155 3
181 30
33 13
139 16
450 11
158 1
168 23
27 26
313 5
424 25
144 19
128 14
73 4
225 17
81 24
67 3
438 7
333 3
11 19
294 20
321 24
101 1
46 7
382 18
27 29
410 14
216 17
60 32
200 32
273 5
447 7
219 17
438 7
207 32
373 4
260 22
7 8
386 8
338 15
113 25
72 3
90 27
411 1
426 7
285 10
243 23
389 17
319 30
216 25
273 16
377 16
485 23
95 26
287 5
489 23
1 20
273 2
198 12
91 7
294 3
25 28
309 1
52 32
90 3
4 26
207 20
98 23
115 32
413 9
476 25
3 32
312 24
270 25
459 4
335 20
290 15
491 30
475 26
429 12
161 21
482 15
164 15
409 18
474 21
234 18
73 25
129 24
12 18
244 18
313 15
425 26
141 19
52 12
308 20
235 8
264 28
186 16
498 27
261 24
267 27
273 28
83 25
75 2
355 3
267 31
101 23
473 13
309 16
412 20
355 15
436 11
66 17
102 20
67 26
387 26
208 19
377 6
115 7
87 21
473 25
340 25
395 12
18 23
187 29
171 29
279 6
363 21
78 32
408 1
30 18
182 13
156 14
379 14
360 25
91 29
170 22
109 32
241 26
119 27
259 1
171 1
246 30
233 27
201 28
171 22
137 20
467 16
113 21
62 21
161 32
157 30
433 5
246 21
243 20
451 21
4 5
241 25
358 10
423 31
465 14
288 18
149 22
245 2
154 30
438 23
309 6
496 17
62 17
265 8
456 19
8 23
188 17
59 25
222 2
455 30
279 11
491 15
200 16
392 10
41 5
20 10
126 19
294 20
108 31
195 7
125 23
374 8
303 12
61 32
265 23
413 27
109 12
26 1
139 25
366 7
450 9
84 7
103 10
114 30
436 21
125 24
363 2
224 17
133 32
392 26
150 12
144 23
59 29
271 17
438 32
80 19
224 7
313 2
40 19
388 23
87 4
239 17
65 14
465 17
449 16
446 2
11 30
208 18
258 14
470 15
317 25
81 20
64 26
70 15
172 21
282 18
172 20
410 28
333 2
432 13
433 22
230 11
319 6
216 12
119 30
123 32
234 27
31 21
300 8
104 31
408 9
432 19
256 17
166 28
418 26
72 2
327 21
497 1
442 8
72 13
397 6
200 27
249 30
483 20
182 18
223 1
322 2
168 21
199 1
220 4
134 23
170 8
444 18
456 5
229 20
297 30
73 28
312 25
78 6
73 31
380 31
199 17
300 18
334 18
403 21
318 12
344 27
348 23
152 27
171 4
34 12
209 7
167 24
483 32
314 11
206 21
53 29
449 9
122 10
54 32
335 15
412 10
357 31
316 20
265 26
92 7
157 24
109 12
172 11
419 13
498 9
381 30
381 5
254 18
111 32
230 13
178 29
326 23
251 21
246 19
330 1
165 19
341 5
162 8
216 8
200 5
408 20
262 20
260 8
290 6
175 23
18 20
11 7
442 13
187 20
479 9
228 24
355 12
120 24
283 11
151 6
399 15
413 17
346 17
232 7
98 30
357 8
461 15
162 27
183 9
442 26
217 1
361 11
89 12
142 31
19 32
205 5
350 29
281 16
493 12
34 3
121 19
58 26
461 23
336 28
419 1
157 15
149 5
409 13
348 26
312 6
342 16
135 7
336 31
90 25
131 12
271 19
366 4
36 30
250 31
321 25
351 13
7 32
197 32
88 1
465 23
262 18
118 16
201 18
367 14
134 25
413 4
451 22
435 23
308 32
209 12
56 20
309 31
411 9
478 30
49 22
101 15
452 26
262 32
171 12
293 20
328 6
59 15
187 29
117 14
29 25
474 20
236 18
146 30
286 15
348 3
269 16
201 12
17 14
223 20
294 23
343 29
72 30
251 23
246 15
456 22
396 29
62 19
62 27
481 8
34 12
386 14
479 26
225 3
251 3
34 32
165 29
165 21
130 7
199 19
486 14
353 29
435 18
67 24
472 31
47 21
78 8
10 4
221 26
51 8
384 28
15 21
312 3
489 17
298 19
20 31
44 12
219 10
489 9
326 8
184 32
169 17
156 30
169 8
116 27
199 19
6 22
103 14
96 15

