256
94 6
183 23
251 28
175 18
4 29
147 31
140 3
117 13
356 32
237 22
190 20
210 32
124 28
358 24
1 26
489 2
239 23
12 29
127 30
371 14
458 29
345 1
363 5
13 15
477 18
160 2
61 25
210 20
36 31
103 13
473 23
334 23
466 6
404 32
383 2
277 29
142 25
289 28
434 10
74 2
255 13
427 31
306 4
202 25
259 28
81 27
99 19
145 32
112 4
211 26
321 11
186 2
312 19
170 1
480 7
6 22
180 4
400 25
272 5
177 10
256 22
464 18
376 20
473 31
156 15
480 28
374 14
142 29
344 27
281 27
405 30
408 20
69 3
420 8
259 29
73 6
410 20
72 25
496 8
271 31
431 14
478 16
471 23
340 26
281 8
488 18
257 3
473 5
53 17
369 11
193 29
177 30
181 8
238 24
495 12
326 5
313 15
432 20
126 31
449 22
242 1
443 10
183 12
27 8
160 27
46 8
187 2
305 7
321 26
394 24
253 19
444 29
226 16
200 7
350 29
108 20
437 3
293 31
318 11
206 9
65 24
32 28
325 20
322 2
433 32
17 17
286 20
101 19
39 29
65 17
301 21
184 21
75 32
207 4
147 25
424 15
368 27
166 8
494 12
41 26
55 1
462 28
221 22
55 23
66 7
499 10
143 10
454 17
10 17
312 20
277 31
70 24
41 12
187 6
427 8
163 1
488 8
172 28
390 10
319 15
49 25
173 11
203 22
260 12
490 15
219 14
10 32
261 6
227 4
288 1
231 10
485 18
130 29
130 15
86 32
325 22
320 21
177 26
327 28
233 16
358 3
286 23
295 2
269 13
197 8
378 15
61 14
349 2
370 14
208 16
481 13
441 4
233 5
322 11
404 2
79 10
61 24
332 7
261 28
79 30
211 32
88 20
170 12
461 23
469 5
198 5
405 11
101 17
107 6
400 15
31 22
476 11
193 23
149 5
111 4
114 21
387 14
444 16
193 29
299 18
425 12
314 17
486 30
21 5
39 28
159 10
101 10
364 29
144 5
450 18
444 3
279 10
320 14
238 9
478 32
378 10
383 15
434 1
105 27
17 15
78 23
416 7
160 12
175 31
496 4
409 23
391 23
120 22
260 25
74 14
96 23
491 3
494 17
51 18
83 7
444 32
241 24
42 28
491 9
54 18
192 10
276 18
352 7
496 4
456 5
201 23
224 7
381 1
319 27
166 1
497 17
413 29
320 6
340 10
22 18
295 26
207 2
499 27
317 18
374 8
119 14
174 18
468 23
410 11
337 3
391 18
35 11
126 27
109 6
16 30
359 31
195 17
232 2
179 8
391 8
23 9
329 13
202 9
455 11
287 19
37 29
180 32
332 18
278 24
271 29
69 13
455 12
397 27
161 8
438 31
479 17
264 4
213 1
456 31
428 30
161 24
270 21
387 1
498 16
40 28
457 13
100 7
76 4
449 4
423 3
138 26
51 9
61 15
218 8
281 21
461 29
312 30
485 3
183 22
214 22
101 30
386 24
433 25
400 5
48 6
471 30
75 25
438 27
487 15
354 19
3 6
60 15
248 32
217 2
378 2
207 6
304 25
234 4
53 25
320 13
454 15
138 29
15 15
219 14
434 25
268 32
90 15
454 1
75 30
470 4
452 25
485 31
269 6
342 1
350 9
125 28
303 22
388 30
189 14
319 2
30 10
261 4
469 15
160 7
384 6
50 11
158 18
441 14
104 10
450 21
295 27
460 9
188 7
266 20
305 16
349 26
226 22
9 18
176 1
440 15
150 1
98 3
22 2
84 9
24 29
282 30
459 13
470 7
292 12
374 8
23 15
485 20
36 30
145 7
14 28
121 3
424 14
469 14
312 20
274 27
436 19
356 7
148 29
41 19
412 6
238 3
340 26
238 23
67 27
437 20
318 18
242 18
479 26
39 14
465 20
476 29
219 31
147 6
360 15
8 3
452 17
409 8
318 27
18 1
381 27
316 10
364 10
291 10
471 25
484 16
493 31
188 19
494 14
280 25
372 15
475 15
235 32
318 8
382 20
140 14
494 28
163 25
365 18
402 7
134 25
474 22
196 1
40 21
346 31
393 9
457 7
244 11
454 13
447 31
248 26
300 13
393 3
449 25
268 7
296 29
87 21
379 22
430 26
174 3
89 22
344 5
137 3
440 2
499 2
129 15
323 12
339 16
242 32
324 1
490 7
262 4
388 16
62 17
261 3
295 1
5 30
450 21
76 21
82 15
478 22
25 16
342 23
367 15
2 7
444 27
309 13
271 8
400 24
216 4
270 11
213 18
352 10

