256
492 6
45 19
251 10
489 17
216 17
395 14
433 7
364 26
114 1
279 4
471 17
46 8
168 14
261 18
235 22
430 6
427 30
153 6
39 29
342 15
453 32
116 30
335 16
147 8
136 17
203 18
241 24
73 13
317 9
10 32
458 31
481 25
117 29
118 3
478 19
261 6
399 13
19 25
60 25
32 11
293 11
300 10
334 20
146 7
56 19
406 26
298 10
454 14
371 15
420 32
233 1
129 19
261 8
215 8
16 11
366 9
185 13
46 22
388 7
224 27
197 1
12 10
367 5
259 17
239 7
436 20
211 20
306 19
415 17
142 27
471 11
443 15
23 20
228 22
178 32
408 18
432 4
220 10
88 18
238 27
156 9
150 30
441 19
40 23
327 9
489 29
39 19
7 9
270 15
174 31
38 14
25 13
205 12
471 24
221 16
470 21
233 31
446 21
278 2
231 20
18 28
105 29
354 27
469 20
49 3
274 22
280 2
259 32
393 25
127 10
492 9
194 32
419 15
100 24
124 31
4 26
402 28
50 7
422 26
230 31
216 12
260 11
153 22
478 26
450 1
11 22
405 32
17 15
194 9
371 30
299 18
163 32
333 12
454 2
433 32
76 1
39 20
143 23
205 21
88 23
429 18
300 29
153 32
359 31
136 17
368 14
306 18
485 14
445 19
96 1
326 15
377 28
358 12
258 11
196 2
421 20
295 12
160 4
239 26
498 19
451 29
12 12
450 13
246 10
139 9
122 16
363 11
31 25
222 28
135 21
485 3
392 16
478 23
431 24
272 20
294 26
348 10
478 29
6 31
190 20
415 15
311 29
13 13
349 14
184 23
2 5
241 9
300 6
147 6
138 15
361 7
492 8
440 13
4 5
395 9
440 17
207 26
438 16
146 2
157 14
269 31
350 17
255 5
79 6
82 20
24 2
350 27
1 10
336 12
86 18
400 6
391 10
331 16
29 5
113 22
158 9
48 3
94 26
359 16
55 16
443 18
233 28
445 25
433 20
440 19
65 23
396 7
148 22
134 25
54 7
66 11
183 1
421 8
266 19
3 25
70 25
102 18
89 22
238 25
29 13
39 14
219 2
400 3
364 10
247 17
336 8
332 30
128 8
498 1
235 28
65 28
445 3
310 9
416 23
405 1
76 12
390 6
81 1
364 4
378 2
65 25
125 16
83 16
351 28
497 17
79 9
93 11
431 26
259 3
300 20
143 19
311 16
373 11
376 32
39 26
198 3
318 10
202 8
278 8
331 10
341 26
38 5
136 29
186 23
19 13
114 1
416 8
248 24
166 31
227 32
228 24
362 10
450 19
297 27
319 20
352 19
389 21
443 16
413 20
474 15
464 15
443 31
10 30
18 8
165 13
435 20
20 9
289 5
63 14
47 21
65 2
391 13
343 29
328 7
312 2
38 16
240 4
358 6
22 4
481 30
324 19
281 19
63 14
16 22
7 22
210 27
16 17
375 14
137 2
464 29
207 9
428 19
333 25
48 14
216 4
243 11
294 27
86 17
444 21
186 2
366 15
372 1
347 2
90 12
300 2
136 6
406 19
304 22
51 15
295 7
230 13
305 8
264 14
84 15
342 29
361 12
367 12
292 10
182 26
49 17
139 28
338 4
98 14
486 24
196 28
266 14
21 15
153 16
164 12
194 30
208 14
417 18
342 20
139 7
293 15
355 7
74 12
327 23
37 4
23 21
443 12
10 7
210 22
450 22
249 20
231 8
253 27
233 26
58 20
468 27
262 22
133 12
218 11
62 26
122 16
338 13
224 15
83 21
8 9
158 4
232 28
415 28
238 4
430 4
223 21
498 24
423 30
23 12
441 5
97 22
20 19
182 15
281 21
28 5
149 13
248 24
425 19
215 30
14 8
161 12
245 30
423 7
140 6
362 4
382 22
197 29
392 27
496 9
495 15
165 11
59 20
374 3
278 20
349 27
436 1
230 24
371 9
402 26
302 15
293 23
72 21
287 12
219 30
488 29
156 32
59 7
415 8
401 25
224 9
39 23
462 25
394 8
125 11
45 14
409 29
312 28
29 22
295 32
232 26
312 31
137 3
157 12
154 14
448 5
10 22
239 31
458 8
6 14
130 6
359 10
238 30
222 19
268 12
366 7
2 13
441 30
399 10
393 25
7 12
485 12
30 24
339 15
59 16
421 17
394 23
78 23
449 31
249 8
19 26
418 16
495 18
361 21
307 22
149 17
297 10
329 2
61 7
165 31
362 13
159 11
363 9
90 23
239 10
378 17
156 11
480 10
357 13
394 23
298 11
476 2
380 4
124 20

