64
188 27
230 1
72 8
60 2
436 28
427 6
211 28
425 20
442 23
284 1
334 10
151 14
346 27
403 22
226 19
10 14
345 31
446 16
370 25
282 17
400 24
434 10
247 22
45 4
8 4
84 2
417 30
359 23
64 21
20 6
60 1
203 20
120 32
24 5
4 21
146 11
216 11
217 31
141 17
2 12
441 6
341 1
171 28
471 27
164 3
376 23
223 18
479 2
77 14
35 8
158 28
186 13
110 6
335 6
15 13
250 11
274 30
163 20
141 2
382 9
180 13
27 6
38 9
96 14
358 14
249 23
161 7
240 14
188 14
224 2
114 5
360 11
414 23
387 27
360 12
211 27
229 1
292 22
94 7
84 31
220 24
318 28
118 25
206 10
482 29
211 32
253 23
186 2
445 8
424 4
44 30
194 12
223 29
241 8
76 4
118 23
8 27
379 25
343 28
486 25
364 13
124 24
119 1
485 15
85 21
70 28
42 15
251 16
451 7
283 14
167 29
25 6
187 23
354 10
190 32
410 9
388 25
372 14
193 24
272 1
116 13
256 30
307 2
125 5
349 4
339 19
160 23
392 22

