64
399 15
124 22
5 7
159 18
194 8
116 8
474 19
210 5
363 24
500 25
39 16
91 30
297 4
479 13
91 23
2 6
338 25
243 14
112 17
255 17
136 10
381 18
364 14
218 23
414 29
291 12
496 21
201 12
348 11
196 11
290 10
280 7
174 10
320 1
275 18
442 18
295 10
371 23
467 25
237 28
9 27
35 1
260 15
296 7
414 4
45 27
393 32
181 14
50 20
203 4
277 32
85 31
21 24
81 31
248 1
219 4
48 1
260 11
488 16
265 9
251 2
455 31
189 3
60 10
190 26
413 26
109 2
388 1
157 13
468 8
341 26
11 8
142 15
46 9
30 3
233 16
324 19
422 4
25 25
250 10
447 26
31 11
363 27
240 19
443 11
274 19
96 5
23 29
259 12
218 16
82 22
419 17
489 12
417 29
24 2
431 22
383 9
81 22
435 12
116 9
378 2
12 25
230 22
61 24
305 26
127 15
80 5
291 24
88 19
284 19
428 26
285 15
379 9
408 5
36 11
42 9
116 9
237 17
290 21
184 30
75 14
332 30
58 11
73 1
33 8
460 17
422 28
271 4

