64
43 11
2 22
440 10
20 12
319 23
430 32
283 11
286 26
267 27
66 26
282 13
94 28
105 30
337 1
168 12
203 19
3 32
76 10
258 15
205 24
413 26
55 23
473 20
188 15
407 2
269 4
298 26
436 18
499 20
342 27
36 9
81 22
248 20
183 17
102 19
285 6
224 31
60 16
31 12
139 1
57 7
328 26
120 3
459 22
239 28
340 22
344 28
367 12
279 9
152 16
139 4
245 6
127 17
410 21
108 20
445 8
158 24
369 25
239 11
98 17
330 30
454 10
61 16
469 8
220 16
219 18
408 12
71 22
472 12
190 23
231 30
94 24
257 30
16 15
344 30
323 13
255 4
346 19
95 10
154 10
138 17
23 13
40 18
78 23
425 11
293 28
252 10
395 28
51 3
355 14
376 9
418 26
305 16
296 31
281 6
213 18
26 3
462 17
180 31
279 17
9 19
464 16
160 30
472 2
268 22
307 31
206 8
476 10
339 4
261 16
73 17
389 30
411 31
366 7
445 20
399 6
66 2
417 1
71 32
138 31
269 16
185 19
19 21
336 14
432 4
181 32
420 29
305 7

