64
166 26
310 7
234 13
20 13
216 26
87 11
388 8
164 4
64 9
335 12
146 17
348 14
332 13
291 22
460 1
251 9
126 4
16 7
380 15
31 4
220 29
298 11
224 25
42 23
321 5
239 19
61 26
204 20
478 22
58 25
315 28
413 16
71 16
355 15
18 9
250 5
354 31
47 9
359 29
364 23
169 2
201 21
39 9
176 32
250 17
156 20
392 24
208 11
200 26
265 5
446 10
158 7
116 24
228 30
496 15
356 20
396 29
448 10
313 16
301 2
208 32
478 12
375 25
414 30
98 14
143 19
247 12
46 30
207 9
187 23
67 14
70 6
302 18
395 14
493 23
380 32
2 5
3 12
245 32
154 14
297 12
88 3
299 25
404 25
109 26
59 23
336 25
488 17
350 10
455 10
280 14
245 21
42 20
213 14
15 10
331 32
365 26
354 11
403 2
19 19
403 18
38 2
58 5
79 19
259 17
100 14
218 4
23 15
443 3
248 10
452 22
269 32
495 10
478 1
435 12
112 6
277 29
427 6
173 25
92 15
389 19
173 6
239 31
216 13
281 15
490 12
392 30
399 19

