64
23 18
64 30
356 13
184 16
145 25
198 6
257 28
165 2
68 28
470 16
345 13
350 14
13 15
77 31
131 2
67 5
331 27
22 26
71 29
246 12
341 19
321 29
223 21
234 14
328 28
154 29
304 7
162 28
321 10
6 23
395 21
307 30
259 28
263 21
88 32
248 13
303 16
229 1
256 7
18 20
18 11
108 9
377 25
488 5
358 30
351 13
122 21
330 32
40 32
412 8
304 20
408 18
79 28
482 7
302 31
270 3
374 9
343 26
497 15
299 2
380 25
310 29
10 23
232 29
435 15
28 22
154 23
195 5
275 24
419 20
26 4
99 31
64 1
1 12
475 23
117 26
151 27
206 28
417 17
61 7
284 28
292 1
375 2
21 5
13 15
428 15
478 14
289 29
171 5
304 29
291 21
203 10
347 12
453 31
401 29
318 28
453 1
472 11
95 1
327 27
135 6
497 1
484 22
5 2
130 5
354 21
81 20
66 7
20 2
41 28
383 10
103 23
319 18
13 13
270 15
223 1
148 16
17 7
209 29
488 30
33 6
462 25
101 15
391 24
397 4
39 15
493 9
317 23

