64
363 7
302 24
436 23
395 6
325 4
26 23
146 13
486 15
49 20
294 7
69 30
137 24
285 7
177 22
430 3
366 20
77 20
256 9
294 14
486 2
233 19
84 31
331 2
209 4
265 30
106 9
235 30
144 16
376 13
405 29
303 3
449 24
494 28
244 31
205 13
256 25
92 23
167 30
112 3
5 12
229 10
60 27
55 20
38 10
228 15
87 14
417 23
113 6
238 4
400 26
289 3
230 16
345 9
153 17
123 14
184 11
119 16
18 30
3 15
103 2
201 13
111 13
75 20
230 20
431 21
457 7
135 31
450 16
435 3
140 17
112 27
260 6
122 1
255 12
35 10
205 12
398 28
204 25
391 10
488 5
414 25
392 21
483 1
232 29
295 3
325 18
397 8
340 7
64 26
494 23
303 31
186 25
366 25
25 8
174 28
428 32
308 23
340 10
364 23
206 26
145 19
268 21
318 3
411 2
200 13
332 31
103 25
407 4
257 7
75 19
294 22
222 22
25 5
243 4
335 5
397 19
183 8
371 16
122 2
233 6
38 8
28 24
284 26
311 17
216 5
323 1
238 20
314 6

