64
55 4
449 5
324 25
105 11
234 2
103 1
2 9
239 17
409 12
15 29
276 8
391 8
84 32
139 20
468 23
222 10
298 10
23 13
14 27
475 15
212 17
32 29
253 30
93 18
17 15
458 21
54 8
428 5
55 30
445 26
92 10
248 13
39 18
65 20
248 15
2 8
320 17
24 24
154 17
85 23
427 22
167 21
445 6
469 3
11 17
225 22
282 32
46 12
93 26
223 28
352 1
355 7
461 7
447 31
199 7
137 21
277 31
457 25
396 2
424 6
42 24
211 12
471 28
143 7
69 22
106 28
146 5
443 6
43 1
220 1
123 24
217 3
158 30
472 25
303 23
14 16
246 24
167 4
183 18
130 7
231 11
23 28
399 5
481 25
57 5
33 11
408 14
430 18
127 9
174 9
499 8
272 12
263 19
311 18
452 24
48 10
378 26
57 17
386 5
421 2
89 2
473 5
55 26
266 25
154 31
461 32
478 24
99 5
22 25
38 13
200 13
6 17
359 26
57 4
451 10
38 7
283 18
91 25
263 32
369 12
499 17
271 4
412 21
68 18
277 29
110 28
246 20
404 16

