64
141 7
61 29
478 27
253 23
435 24
345 13
133 26
276 23
104 31
159 20
216 19
487 4
21 21
251 13
228 12
149 28
438 17
12 3
439 25
157 26
156 30
154 28
275 17
470 3
20 8
62 19
490 32
250 15
40 4
139 15
327 11
339 32
496 2
31 6
466 27
11 9
392 4
113 15
445 22
249 4
62 6
402 23
61 11
117 25
3 31
219 29
42 17
445 5
259 31
26 12
365 9
401 17
52 25
275 32
446 15
459 11
36 24
262 24
363 6
48 17
485 23
397 14
27 9
266 25
167 27
65 32
179 25
140 15
329 14
226 30
140 17
133 15
248 10
474 10
475 22
178 19
492 7
336 18
267 17
7 22
244 15
169 14
387 4
4 23
425 10
340 12
118 28
294 1
69 31
179 20
140 4
2 31
282 6
353 25
290 27
186 1
133 2
307 15
365 10
437 21
391 24
408 12
100 25
429 24
171 23
63 11
314 17
145 4
106 25
348 11
207 9
280 27
442 26
209 14
247 13
298 22
273 1
349 24
109 13
243 15
235 26
441 29
74 2
348 31
434 27
425 13
431 20
331 12

