64
152 10
134 9
114 23
169 27
338 7
474 11
488 18
40 29
9 20
416 24
499 8
191 27
317 21
466 10
113 5
494 4
79 28
312 16
202 12
50 24
214 11
398 10
385 5
494 13
340 9
192 6
337 3
265 1
151 14
166 11
278 20
83 32
139 26
399 32
78 25
83 23
323 24
492 31
269 6
304 20
98 15
298 30
377 26
290 7
143 8
346 24
319 32
128 9
173 6
352 30
178 31
41 1
266 20
411 18
221 10
494 7
61 31
456 9
204 2
20 30
257 1
469 3
292 12
235 24
326 18
66 15
20 10
355 6
193 14
23 22
183 28
436 15
158 31
384 17
340 7
410 8
267 3
22 6
178 20
225 31
194 18
358 21
451 28
202 24
33 17
409 32
92 8
310 6
86 5
314 6
447 4
373 17
306 23
474 19
2 19
338 15
44 31
112 31
110 29
490 3
241 2
210 25
93 15
286 14
64 19
103 30
26 32
427 27
222 4
314 31
302 31
122 26
49 17
340 22
101 13
152 26
78 25
26 22
232 15
199 27
261 22
8 23
481 6
117 10
186 30
128 31
284 21
332 24

