64
354 20
486 21
381 11
236 21
134 8
456 19
276 18
245 21
73 30
398 25
138 5
488 14
500 25
355 23
460 26
409 26
373 18
130 21
341 2
33 6
45 25
348 1
266 5
89 30
38 14
247 27
50 10
269 9
478 7
168 2
240 16
103 12
174 8
217 30
301 9
339 18
441 27
18 11
483 6
248 32
147 30
399 5
431 3
245 9
141 12
198 8
192 4
343 29
235 19
230 20
12 28
233 28
106 22
362 20
59 14
164 13
455 14
253 18
80 30
146 24
113 3
451 4
346 17
372 16
408 25
467 31
21 7
74 10
300 32
418 22
397 17
267 23
494 19
88 13
368 1
144 25
427 2
488 8
442 28
204 21
312 26
119 8
221 13
310 28
480 15
82 24
159 20
78 28
218 22
428 22
102 11
270 25
368 9
152 29
468 23
10 24
377 4
111 17
320 16
468 27
350 29
26 28
100 32
363 22
473 30
255 10
64 24
454 19
484 2
92 4
312 1
83 8
80 25
488 20
169 4
50 6
208 32
378 16
383 24
477 19
234 15
132 29
458 30
80 5
43 31
244 22
123 2
246 2

