64
453 16
299 8
177 7
100 7
367 17
308 20
437 17
55 22
56 15
57 32
377 1
282 13
68 23
492 25
59 2
82 3
189 1
466 30
491 25
160 1
57 7
112 18
87 31
279 18
233 4
161 21
276 26
21 3
221 20
107 31
101 20
493 6
272 10
359 26
375 6
470 11
41 14
128 3
248 3
121 24
94 5
292 9
223 12
211 15
175 5
73 19
208 13
268 12
226 26
93 24
348 31
383 12
496 30
366 23
120 2
278 5
119 25
433 5
232 23
135 2
163 31
384 19
475 12
54 32
481 2
152 4
412 26
271 11
247 29
353 23
474 14
283 4
50 8
284 9
210 26
38 25
328 30
95 2
277 8
206 13
145 25
289 9
94 31
167 8
47 20
410 25
1 25
316 7
260 4
35 29
221 25
193 21
346 31
54 30
138 23
82 15
319 26
43 32
281 9
456 19
432 5
403 29
261 7
187 28
170 17
341 6
145 13
142 30
376 16
315 17
158 5
351 21
118 21
240 22
454 27
429 25
264 19
169 28
401 23
248 2
428 16
312 16
324 1
414 7
500 8
416 22
124 22
486 10

