64
381 19
135 1
40 4
170 14
36 3
195 27
342 32
454 17
28 28
463 22
231 27
237 22
268 25
30 10
210 18
412 14
252 26
82 23
61 8
236 24
394 10
147 11
201 16
219 13
175 29
10 10
280 18
335 15
46 1
377 3
442 4
48 21
333 30
335 26
381 14
193 14
204 3
360 32
143 19
336 29
111 13
74 6
294 5
289 7
477 13
445 22
304 25
462 12
474 20
233 26
69 22
479 24
116 30
28 10
120 3
427 31
60 12
472 13
112 24
396 20
128 28
209 19
36 18
271 9
317 3
214 6
132 8
361 16
86 20
209 21
455 31
287 6
487 23
70 26
222 5
390 18
9 22
132 20
120 2
405 12
109 30
173 28
366 14
191 11
125 4
155 23
386 18
444 12
52 14
174 21
182 19
474 18
364 10
86 15
211 2
271 15
311 11
263 4
180 21
126 25
204 13
235 26
74 11
313 5
44 10
397 9
252 31
267 4
328 32
302 18
341 12
209 31
219 11
179 14
127 16
406 23
436 21
272 25
319 20
133 22
422 22
290 25
252 24
492 27
407 14
468 23
217 12
102 15

