64
18 32
488 28
109 21
46 32
171 2
342 30
399 20
252 32
147 7
22 29
33 3
384 21
475 1
157 29
430 25
133 28
124 24
291 28
480 20
219 19
93 13
368 31
88 11
66 15
197 4
491 1
318 18
177 17
46 2
73 8
18 26
275 17
29 25
224 29
104 7
363 32
59 30
390 18
404 28
84 25
395 11
329 4
4 14
356 14
43 1
377 8
338 23
52 10
419 3
226 26
273 20
69 27
21 22
329 25
265 12
377 15
190 9
223 18
414 6
95 4
358 19
367 31
325 2
413 23
397 14
116 13
430 8
352 18
345 20
78 14
295 26
472 21
363 14
30 24
124 4
84 25
298 6
28 30
72 32
216 12
133 3
340 14
218 31
68 6
222 9
23 17
303 15
353 5
40 10
144 15
209 23
496 2
381 31
479 4
18 18
123 10
376 6
416 29
153 23
6 22
479 21
94 1
227 10
149 30
31 1
281 31
223 20
96 19
2 30
406 15
119 4
372 2
490 15
290 14
269 32
71 4
176 9
232 22
314 9
371 5
25 31
287 31
130 3
202 3
456 7
353 15
487 9
272 20

