64
67 24
227 5
292 24
473 16
218 12
218 7
98 11
284 27
291 5
268 31
214 17
15 25
343 22
10 22
137 26
263 7
481 1
447 25
476 31
244 29
195 13
71 8
372 30
62 30
458 18
357 15
18 7
400 20
136 9
17 4
154 7
327 19
471 21
259 30
44 18
194 30
315 28
85 22
321 6
51 26
327 15
153 24
482 16
55 17
312 20
93 25
54 31
99 1
395 21
26 6
211 24
379 5
335 7
414 12
109 12
285 3
75 13
483 16
340 5
24 19
460 20
468 18
238 22
242 5
275 15
422 17
338 13
361 25
263 14
180 31
441 8
362 19
105 28
422 16
380 2
447 24
265 14
57 7
183 26
135 13
64 20
145 14
208 17
426 19
482 9
45 23
124 18
141 4
101 11
24 13
360 22
24 32
87 12
478 5
377 16
78 12
20 14
397 3
431 30
49 28
130 6
38 22
203 27
481 4
241 12
136 16
177 19
427 3
90 21
384 2
368 25
461 7
34 6
318 4
31 30
80 9
15 17
266 26
295 22
373 15
454 12
190 2
370 13
245 27
373 12
128 4
440 8
183 9

