64
119 20
33 12
364 5
98 32
243 14
129 4
218 19
364 30
235 8
65 20
310 12
168 14
485 3
464 17
94 6
75 16
125 3
348 24
252 9
431 2
498 12
177 15
162 32
180 4
296 21
179 17
132 27
242 12
153 10
157 22
379 31
162 7
394 1
195 9
305 21
490 30
388 14
16 29
409 24
297 20
292 23
309 11
25 2
242 13
459 18
479 25
333 8
44 18
148 30
370 16
66 3
105 18
80 24
206 28
167 14
44 26
181 20
84 21
105 26
86 32
427 4
104 27
203 23
336 18
88 5
5 6
267 13
311 22
80 4
186 19
370 1
408 22
136 16
106 8
373 11
155 19
458 31
410 24
257 25
213 9
302 9
202 4
29 4
118 25
379 11
59 24
235 22
1 30
161 23
461 13
1 12
184 15
226 13
470 30
337 15
178 2
103 19
410 12
242 31
92 29
181 14
72 19
319 1
488 8
31 20
364 23
267 19
341 8
491 11
326 4
345 11
169 15
86 10
282 19
456 29
151 16
226 3
254 13
499 17
376 25
41 7
411 3
490 20
151 24
414 16
11 22
34 32
408 23

