64
149 5
98 4
263 8
172 22
268 15
205 17
397 3
499 22
9 8
97 26
182 20
315 19
203 2
195 7
260 6
316 9
247 25
24 29
388 15
91 23
146 19
252 18
177 14
211 29
478 20
214 23
143 4
382 1
238 20
63 5
253 2
109 3
143 25
212 26
31 18
37 4
300 24
70 25
241 28
161 26
291 11
81 22
106 26
482 19
241 29
192 5
274 4
196 24
136 7
446 3
412 2
46 27
473 27
39 29
99 8
283 5
278 7
26 31
28 16
430 12
404 9
112 9
124 23
445 8
65 18
130 20
75 15
39 11
494 1
463 32
480 29
184 25
459 30
344 2
421 9
105 24
245 29
56 28
23 32
331 16
241 12
267 3
339 17
417 4
86 20
275 25
476 6
174 19
223 9
272 15
141 1
22 1
445 6
308 15
77 31
258 22
450 1
188 4
33 5
471 2
336 9
35 7
407 12
245 17
76 13
124 4
97 5
156 9
222 31
359 15
453 21
320 7
345 27
394 5
315 17
495 22
461 1
461 7
88 21
200 31
425 23
434 13
319 5
413 5
51 12
395 32
444 22
258 20

