64
252 4
319 8
441 13
476 20
17 15
342 15
95 28
329 1
35 4
176 21
102 2
370 29
497 19
5 32
256 20
327 15
19 29
99 12
146 14
243 30
228 1
308 18
112 21
22 15
364 18
191 14
383 24
166 31
102 14
306 26
265 8
216 24
481 30
95 14
239 1
491 6
125 23
140 29
139 9
235 2
210 13
319 12
188 25
175 13
210 8
498 7
464 14
314 20
379 32
273 22
448 11
287 1
413 18
161 11
439 7
257 20
375 27
444 22
115 10
54 25
449 8
3 32
117 28
59 31
75 19
316 26
94 15
446 30
232 22
261 26
56 21
22 14
443 13
195 2
82 5
234 6
300 24
294 32
255 24
114 13
183 18
54 8
236 32
337 31
161 13
489 17
465 6
498 16
474 1
169 7
441 10
436 16
341 17
359 19
285 12
127 19
253 4
446 28
235 30
455 24
231 19
112 11
304 5
454 9
153 10
35 9
227 26
388 19
403 6
365 19
70 3
5 14
375 30
162 9
435 4
356 5
262 7
212 13
280 9
45 16
491 3
81 5
104 16
136 6
214 28
396 7
195 28
456 5

