64
201 16
489 13
278 16
239 15
124 10
379 17
295 18
374 31
478 26
49 7
344 30
459 5
187 20
492 19
308 32
265 32
359 5
140 8
1 26
98 8
264 21
160 10
290 10
484 31
471 16
210 23
21 24
479 15
247 30
426 30
421 26
61 11
147 8
267 19
281 8
326 4
192 18
305 2
371 20
304 29
172 5
359 16
32 13
103 6
159 32
331 7
273 31
62 23
294 4
269 7
43 3
322 7
284 23
68 14
266 7
198 13
236 29
185 7
97 27
397 19
18 15
38 18
470 11
413 19
278 17
41 24
479 3
54 6
193 5
267 2
196 29
99 23
373 11
401 1
421 9
76 30
24 13
431 5
211 23
311 4
228 16
159 26
418 25
468 10
37 18
419 8
50 25
366 6
299 27
391 7
415 26
360 26
430 19
486 28
485 21
331 16
352 25
270 21
53 9
230 14
174 8
173 8
165 19
497 3
9 19
386 15
204 13
65 17
239 6
476 8
198 10
287 29
295 32
169 19
496 14
288 2
398 21
245 22
203 21
228 19
480 1
337 19
210 9
372 12
155 15
23 8
153 10
253 27

