64
386 21
4 18
196 12
212 29
473 27
235 12
475 2
397 18
492 30
18 23
194 26
148 27
144 9
424 6
80 25
489 13
77 4
99 9
283 18
17 23
184 11
458 18
205 18
23 32
448 32
354 1
418 10
139 17
262 3
390 29
375 30
158 8
73 8
76 16
417 20
462 4
47 8
110 11
477 24
150 8
376 32
268 17
357 3
57 26
173 23
310 31
28 31
350 21
426 21
308 30
369 9
146 7
392 23
17 9
90 26
496 5
169 24
461 1
22 22
494 30
168 16
92 31
122 2
499 20
218 22
93 30
131 18
352 14
344 20
242 22
386 6
250 6
205 15
283 22
80 32
271 15
431 14
145 29
155 32
304 5
5 32
310 19
486 6
9 25
381 22
114 6
191 8
376 23
426 18
472 25
285 30
103 32
456 19
120 26
446 11
482 7
22 32
85 27
305 25
188 29
195 1
7 9
16 14
280 29
39 11
297 15
345 27
390 20
202 9
409 31
135 11
97 29
386 30
15 14
274 10
78 4
355 12
205 18
317 12
163 23
86 3
30 30
62 19
81 11
132 30
409 14
436 14
274 17

