64
28 29
169 18
188 30
480 1
30 30
472 28
364 22
40 9
138 4
69 14
108 6
350 6
274 10
42 9
52 6
475 31
470 3
276 2
428 28
398 17
133 25
289 32
366 28
477 23
299 1
148 23
42 14
116 11
139 2
467 27
143 9
473 9
287 9
122 11
356 11
23 28
239 7
187 16
490 3
310 1
59 9
47 9
158 18
119 13
23 6
191 26
230 31
130 25
263 11
83 10
121 29
457 23
120 32
166 5
10 11
249 5
283 27
21 9
161 31
89 31
76 27
200 18
441 25
174 32
431 12
173 23
416 14
261 11
477 18
496 14
252 20
54 15
243 30
327 27
65 11
289 32
193 17
297 29
21 26
188 12
429 5
354 13
342 15
231 30
392 6
155 28
322 29
30 8
134 32
170 22
270 26
190 14
298 6
298 19
308 6
122 4
50 31
284 27
441 7
412 13
92 2
328 5
126 17
32 24
64 13
161 25
11 2
146 16
336 15
330 7
132 31
82 29
278 26
423 10
84 14
254 11
252 29
144 13
141 27
340 28
376 17
388 14
202 25
45 25
328 31
383 27
177 9
492 26

