64
497 6
437 9
323 24
466 11
448 29
360 9
335 27
91 31
198 29
474 8
123 15
490 25
209 4
477 26
380 13
169 29
174 10
5 12
237 15
142 32
131 9
57 5
428 15
427 21
339 12
452 9
218 29
201 22
272 5
483 16
469 4
380 3
461 16
342 13
206 4
233 8
336 21
5 15
139 15
239 14
35 30
142 20
335 23
234 26
371 24
257 12
219 20
334 7
20 27
228 1
362 32
413 10
304 21
312 22
51 27
123 29
92 25
41 18
459 26
384 9
341 20
20 12
276 1
442 11
380 5
223 25
184 19
290 23
255 26
281 10
4 15
94 11
167 22
225 21
259 8
306 32
99 17
215 2
30 28
224 13
29 23
353 4
285 7
51 16
96 7
49 19
85 30
249 28
128 25
228 2
284 13
189 27
62 11
460 15
411 8
351 7
482 31
2 6
49 4
9 4
86 13
446 31
51 19
274 30
371 9
267 11
238 32
241 19
210 32
241 16
87 27
262 4
145 32
38 30
19 30
41 13
455 23
275 21
385 4
34 19
252 16
465 1
107 1
139 25
109 19
288 7
321 30
115 6

