64
488 32
217 27
25 9
480 1
298 23
313 19
465 18
20 21
254 11
325 16
6 2
36 7
85 26
361 23
443 13
162 10
364 31
133 24
71 20
460 20
430 25
162 10
110 9
223 23
307 15
382 28
264 30
226 8
251 18
199 6
30 24
327 9
90 19
485 28
423 24
231 16
420 21
450 25
277 24
244 16
422 21
247 22
394 13
89 9
262 27
190 28
499 28
388 8
475 4
100 21
20 18
452 11
278 29
320 3
276 19
490 26
39 28
87 25
60 11
429 6
314 14
169 24
485 4
399 23
132 2
59 3
384 15
441 25
263 16
215 31
174 12
88 9
292 6
497 15
200 1
228 21
246 20
176 22
156 11
41 31
276 23
289 31
461 13
172 16
193 18
262 30
294 5
430 5
374 6
139 25
406 7
290 19
466 25
233 17
391 21
259 15
75 15
29 16
480 4
259 24
438 12
241 19
220 27
167 25
300 9
369 6
375 30
208 9
475 32
313 25
64 8
235 31
322 20
26 17
463 12
176 12
155 29
482 6
439 20
22 22
9 14
147 11
252 19
427 2
146 12
294 6
15 1
52 8

