64
345 16
14 31
264 30
62 26
357 11
187 3
276 6
41 18
240 28
365 18
322 12
222 14
310 23
134 28
15 10
86 23
149 8
25 24
181 27
266 13
421 20
52 1
54 28
206 21
459 11
495 24
126 8
189 3
118 2
250 32
263 3
490 3
138 11
27 15
305 12
207 9
299 10
125 24
349 27
349 28
253 19
143 26
58 24
16 24
357 25
159 4
303 13
234 5
219 32
111 27
255 13
451 10
427 12
257 27
258 13
286 10
299 9
91 25
464 30
384 24
222 6
291 16
394 1
316 8
488 6
486 11
95 5
148 9
216 20
499 21
361 25
186 31
65 32
367 32
85 6
199 18
496 18
33 29
218 21
353 17
126 6
299 12
478 14
296 25
202 23
369 2
431 10
72 15
33 23
374 5
40 4
274 7
413 23
276 6
7 8
187 4
169 17
408 23
135 3
191 32
349 28
249 7
317 32
125 14
110 2
466 18
422 8
36 26
398 27
20 8
290 22
239 15
394 26
457 4
53 19
215 21
410 3
180 19
487 16
76 24
6 17
449 23
484 1
316 21
499 15
488 29
40 7
99 10

