64
205 10
78 5
434 22
411 19
133 3
242 12
293 17
129 12
335 2
384 3
46 16
185 12
373 19
108 10
390 20
117 26
21 30
259 10
115 13
189 12
151 18
375 7
195 3
331 9
136 30
35 1
277 27
308 29
306 32
14 27
287 6
492 15
28 18
113 22
122 21
93 13
434 23
419 8
321 5
9 28
462 27
340 14
466 8
90 3
119 16
169 25
437 16
63 24
114 31
310 31
327 14
359 25
221 30
92 29
26 16
349 4
347 20
429 32
391 27
286 1
326 30
413 30
317 32
282 14
2 3
17 17
344 23
293 20
4 8
105 22
336 9
221 2
344 9
345 23
371 2
243 12
139 16
162 11
483 31
89 12
385 5
16 16
183 4
292 15
396 20
68 3
52 28
264 23
288 4
481 7
441 4
206 3
83 27
237 1
13 5
252 25
133 8
477 4
279 12
354 22
367 21
256 26
412 27
164 19
478 29
209 2
220 11
200 18
337 17
218 30
465 29
98 30
88 30
117 15
45 18
392 7
94 28
180 21
18 16
55 20
192 32
265 11
382 25
416 14
105 13
419 29
453 1
370 13

