64
471 30
129 17
135 32
463 20
146 6
474 25
390 29
196 24
350 10
220 3
275 12
25 31
332 22
217 14
74 30
158 12
372 18
200 10
85 3
229 11
248 6
111 17
163 31
312 16
176 32
395 30
443 27
120 15
49 32
416 30
350 29
369 25
415 5
78 31
83 30
81 14
359 12
170 5
202 5
33 17
216 7
178 15
197 9
285 17
189 24
70 6
476 23
110 2
7 31
241 1
344 9
122 30
216 11
75 29
123 23
497 19
237 26
201 29
27 29
234 11
388 27
104 7
241 13
457 11
103 9
39 6
221 24
499 5
302 5
57 17
235 14
115 23
283 3
108 9
3 1
375 18
143 2
104 12
394 32
186 24
108 1
293 25
88 32
117 26
68 29
166 31
430 12
125 17
298 8
373 12
424 12
41 3
429 20
154 27
408 3
170 27
267 15
47 27
106 15
244 17
188 29
179 21
40 4
33 21
239 30
340 19
209 28
81 21
227 2
311 2
276 1
353 7
295 15
397 28
414 20
276 9
400 27
421 23
110 2
331 8
63 10
362 7
401 14
259 19
27 10
465 19
402 17
197 24

