64
221 14
280 25
166 1
41 5
68 32
491 2
153 9
282 12
24 11
356 11
128 16
149 3
204 12
474 17
476 10
414 8
403 21
148 16
173 8
16 8
475 18
61 12
199 2
199 22
80 22
276 3
302 16
166 29
75 7
261 30
4 26
98 7
70 5
178 2
137 10
333 19
403 17
442 21
86 20
26 29
398 9
371 15
76 4
55 18
26 23
52 26
192 21
288 29
97 21
354 5
362 6
196 25
430 21
69 7
481 23
179 18
99 1
428 23
289 10
176 14
296 23
47 15
79 6
99 4
3 8
408 24
489 31
332 2
296 29
284 28
199 10
5 17
214 12
323 14
413 15
20 20
429 2
398 16
104 12
183 2
151 26
173 31
249 9
260 12
257 7
171 23
356 19
103 25
458 14
275 18
276 2
281 32
211 6
63 10
377 1
271 3
391 4
369 19
300 32
182 16
170 4
214 21
230 12
297 19
93 19
408 20
216 8
276 23
69 2
92 29
139 11
175 29
10 31
167 25
22 12
216 3
255 13
419 4
96 3
170 17
286 25
260 9
116 23
131 12
429 31
332 27
289 6
447 22

