64
209 24
83 11
434 31
433 22
412 9
391 10
350 28
325 8
304 25
11 13
256 32
261 31
164 19
63 14
304 20
92 17
19 6
487 8
88 11
369 23
320 24
185 21
211 29
172 6
153 18
146 25
49 14
235 9
212 9
78 16
101 13
232 7
46 26
71 21
136 11
335 23
402 11
328 20
83 7
330 28
385 11
348 9
85 10
497 24
82 6
163 14
94 6
153 3
111 3
475 3
365 2
257 15
384 4
82 19
435 27
406 3
90 1
455 30
390 28
469 27
25 28
5 19
377 29
461 32
83 12
438 11
301 26
417 24
130 27
2 8
113 23
86 26
363 20
375 32
491 12
75 16
179 3
338 7
439 22
246 29
437 7
171 13
81 32
125 30
290 14
125 14
237 14
456 27
101 30
203 16
25 21
459 15
59 32
110 21
445 27
221 22
390 23
322 2
182 6
31 15
424 3
225 24
68 4
462 16
361 12
259 10
144 29
292 22
364 13
402 17
108 26
394 9
217 7
170 6
13 8
221 32
58 17
299 25
476 8
292 20
128 7
425 19
471 21
177 31
469 18
347 8
404 20
276 28

