64
191 6
22 16
368 11
212 28
474 22
155 3
499 12
50 19
267 31
394 23
474 13
334 17
477 13
153 32
307 8
359 17
281 25
408 32
479 12
176 25
349 10
235 23
385 32
482 20
30 15
330 3
387 24
363 16
128 32
355 15
239 21
283 19
297 31
371 16
162 14
80 10
227 2
61 11
301 10
466 31
416 8
37 18
163 20
221 2
267 15
428 25
492 15
227 16
253 29
267 22
494 6
275 32
11 31
387 8
376 8
346 31
351 6
149 13
485 17
155 11
296 30
459 3
144 14
426 24
486 17
309 20
390 12
255 29
270 29
268 18
493 9
492 19
198 32
208 7
213 14
137 16
295 20
146 23
485 3
186 10
467 27
153 9
282 16
313 15
48 8
400 16
44 16
87 29
235 2
127 31
7 20
158 25
63 31
443 7
78 29
368 20
327 13
104 28
428 32
10 7
347 10
219 22
357 25
483 7
450 21
242 8
76 19
460 14
54 15
36 19
383 4
26 1
276 2
168 11
249 5
381 8
290 7
337 6
255 15
89 24
280 18
11 11
80 31
345 21
225 12
263 23
283 13
19 30

