64
219 13
239 9
194 7
19 8
14 5
195 32
240 19
106 17
483 13
401 31
68 21
208 17
495 18
300 17
374 30
330 8
462 8
104 23
90 19
315 28
135 1
91 26
231 32
102 9
412 6
12 20
54 11
4 4
440 15
448 14
408 30
109 22
197 5
376 19
187 10
390 13
403 8
194 29
379 15
50 18
352 13
121 13
131 8
156 18
131 4
87 2
85 20
259 5
260 3
67 14
28 4
266 22
139 31
267 17
309 24
159 32
228 7
416 26
107 27
483 5
378 10
126 30
117 29
95 20
75 25
173 10
469 26
236 7
452 18
476 4
21 26
419 12
264 14
309 14
256 15
310 6
212 24
95 20
24 5
259 18
202 7
403 26
72 26
480 23
343 23
134 19
292 28
462 16
237 2
129 17
413 15
126 8
226 24
8 25
113 2
402 26
49 4
187 8
294 18
347 8
473 24
351 24
384 24
23 28
434 4
464 10
442 1
25 23
13 12
119 21
150 24
290 22
175 32
373 24
493 27
308 25
51 26
81 6
321 23
405 10
106 13
303 11
161 4
65 5
63 15
149 28
406 6
113 1

