64
192 22
89 6
99 11
389 20
89 14
488 14
43 12
166 32
33 10
149 22
161 4
115 30
61 15
444 16
201 4
268 20
177 32
293 11
178 5
142 7
34 1
472 12
352 21
480 4
214 28
365 10
251 8
439 19
10 31
386 18
362 1
306 26
213 30
312 10
335 1
360 20
433 3
296 13
320 11
372 21
106 9
111 4
420 5
19 5
431 24
343 4
261 28
181 25
449 32
214 27
148 18
355 1
108 14
69 11
276 28
312 29
380 30
88 19
470 22
80 5
362 14
248 6
273 5
446 1
124 31
208 4
436 10
408 4
211 16
174 14
119 13
422 15
258 9
149 12
467 24
184 12
1 23
153 13
211 14
346 31
460 9
310 28
114 5
143 8
44 12
365 30
153 30
160 2
146 13
489 4
388 28
143 9
103 31
13 13
96 2
351 24
410 12
155 27
376 17
50 3
464 22
433 20
199 12
378 25
104 2
308 28
390 11
232 16
449 24
360 21
454 7
452 3
370 30
90 2
106 31
368 9
405 4
389 7
96 18
299 7
335 27
42 16
261 5
271 13
221 27
105 22
341 12
240 18

