64
60 22
68 8
392 12
429 16
234 16
361 18
120 16
89 19
132 18
97 28
418 9
372 13
220 5
218 19
460 5
281 24
63 20
127 2
339 31
470 1
419 6
326 18
297 18
253 21
339 21
180 29
69 27
333 13
435 14
115 6
47 32
265 13
299 27
118 18
446 31
414 8
416 3
253 25
4 29
197 23
58 28
155 14
426 27
118 20
389 25
253 27
332 22
247 10
260 20
119 9
451 12
420 22
474 9
134 2
233 26
24 22
205 10
120 10
16 29
341 12
469 22
394 12
315 12
282 26
356 16
131 18
488 18
375 9
278 21
290 31
338 1
152 3
194 23
376 14
360 9
169 8
162 31
332 8
202 9
253 9
68 3
214 19
137 1
16 14
449 5
276 2
322 32
32 15
402 16
280 9
476 21
441 21
363 4
316 28
88 28
473 3
303 30
210 19
478 17
56 18
233 12
416 26
463 23
273 32
58 4
477 29
352 25
21 10
40 12
130 7
108 10
485 6
343 30
52 5
122 23
450 3
290 9
112 12
368 4
116 5
140 20
310 31
360 18
57 7
370 14
81 5
343 21
90 29

