64
186 7
461 4
33 15
359 4
285 24
70 1
428 18
435 23
23 19
341 30
470 1
226 5
58 21
135 9
190 26
218 7
480 22
319 12
236 1
139 24
348 21
364 8
194 14
446 24
208 26
405 21
263 7
333 8
195 7
84 13
496 21
259 32
35 29
339 14
105 26
290 21
390 29
432 19
155 25
3 10
366 31
391 12
241 23
152 32
394 3
320 29
240 30
68 2
359 7
395 23
236 20
119 13
41 6
411 27
278 9
260 16
24 2
123 12
225 14
199 22
361 22
210 8
152 14
77 14
36 23
324 19
7 15
99 27
196 29
445 18
126 24
469 13
206 27
412 18
217 3
251 25
332 24
232 11
237 8
344 24
130 28
246 8
166 8
238 29
205 22
186 10
238 14
330 7
97 13
224 17
55 30
93 7
285 8
73 26
335 9
497 12
288 27
304 13
438 21
165 6
75 23
323 24
4 4
458 12
245 21
116 31
358 4
37 6
235 22
367 25
230 16
237 1
458 24
321 11
284 21
389 22
335 31
373 15
67 10
494 19
362 22
461 15
21 22
213 4
311 19
28 8
294 32
408 11

