64
209 2
64 7
354 29
125 3
264 27
285 21
116 6
88 16
438 32
355 27
359 29
446 4
353 20
177 9
173 20
182 21
417 30
79 6
310 8
100 2
418 17
498 1
362 29
256 19
120 2
254 10
411 23
318 23
143 14
412 15
453 25
399 21
42 30
195 16
385 2
277 6
178 6
187 8
414 22
190 29
256 7
362 22
494 19
280 8
25 11
6 1
488 24
402 25
233 16
232 25
389 24
419 3
485 5
310 30
250 3
134 17
146 32
22 7
378 18
478 18
196 3
435 31
386 8
64 15
283 31
87 7
155 5
441 19
313 18
241 3
453 10
419 30
221 25
88 27
298 17
352 5
251 30
28 12
325 27
458 27
237 1
482 15
401 10
234 14
376 18
128 16
199 2
425 4
42 16
370 3
280 9
36 18
211 11
17 11
5 23
494 29
19 7
336 27
248 13
336 11
394 23
450 24
213 6
11 18
89 24
297 20
305 28
249 7
246 2
401 10
240 22
194 14
220 17
380 12
97 16
442 26
30 16
82 30
321 12
200 10
28 4
129 4
327 2
198 4
143 26
25 26
48 18
343 11

