64
90 3
370 11
387 10
56 2
220 27
173 32
112 3
235 9
147 18
334 9
88 22
371 29
136 2
159 13
396 7
394 5
281 7
347 19
133 2
276 4
164 24
439 3
262 2
355 29
231 25
189 23
70 19
35 21
244 17
1 15
295 30
327 31
9 1
445 21
426 4
344 29
372 27
215 21
160 10
245 14
462 22
208 15
344 23
235 28
491 3
430 30
333 29
212 5
133 13
185 31
80 16
351 11
162 26
436 5
339 16
211 4
113 22
182 13
216 20
248 19
354 17
344 22
137 11
230 10
415 18
32 7
442 2
297 11
151 16
128 29
412 2
140 4
311 17
184 3
88 23
437 26
108 4
331 20
38 9
217 5
326 4
447 27
482 27
426 32
327 21
473 10
242 28
465 12
137 29
430 16
79 2
369 26
497 24
134 19
464 10
339 25
450 1
260 19
379 25
266 5
237 14
146 2
54 27
381 22
259 27
265 9
380 14
79 1
37 16
115 4
265 9
140 6
89 15
348 3
435 10
376 19
203 21
352 32
131 1
445 5
247 26
282 22
47 16
354 11
423 8
434 23
272 9
253 24

