64
351 19
483 25
20 5
85 14
79 17
179 12
377 8
54 7
90 30
482 30
398 23
203 26
185 29
4 20
282 11
188 12
169 18
164 4
150 24
161 28
248 23
352 29
358 13
415 20
363 17
213 32
159 20
337 31
488 32
58 13
178 5
104 6
118 27
89 11
367 25
199 26
292 14
238 13
158 25
300 4
401 17
279 15
280 27
253 19
159 30
240 4
259 23
386 24
110 18
347 4
427 9
89 26
298 19
218 15
183 6
475 19
382 21
493 25
72 13
131 10
110 10
269 12
213 22
448 18
332 6
1 18
42 17
327 3
119 16
293 13
413 3
235 10
224 31
158 7
175 13
228 21
10 28
356 22
206 3
247 25
152 27
146 21
188 20
383 14
219 8
459 24
146 25
129 1
272 3
163 2
279 22
286 4
90 22
214 3
148 32
183 32
59 4
344 6
355 11
403 25
254 13
56 27
54 17
120 29
27 2
326 1
376 20
296 9
105 29
463 32
173 5
403 23
176 19
328 30
325 14
454 14
91 6
180 32
398 3
24 8
433 25
432 28
312 11
476 20
440 14
20 4
434 18
194 25

