64
275 21
469 14
191 8
170 31
159 26
139 9
225 3
243 18
249 5
160 29
71 3
35 30
405 16
412 27
2 30
349 32
378 29
285 21
433 26
283 15
376 17
247 4
35 10
73 15
414 8
268 8
30 10
466 22
269 25
417 18
318 1
398 8
286 30
320 2
488 14
160 11
375 7
18 17
452 2
396 29
173 11
349 18
316 10
135 12
394 23
58 24
20 15
463 21
488 26
22 3
235 5
393 5
143 26
222 26
499 21
459 3
131 27
224 18
472 27
381 5
261 26
132 8
244 26
84 20
227 17
262 26
342 3
422 32
416 19
78 23
111 16
437 5
194 13
390 13
371 19
85 23
60 13
115 20
162 26
239 25
7 28
54 32
358 15
183 26
322 24
40 8
499 8
377 16
340 2
412 26
388 13
45 32
65 15
455 30
208 25
318 18
396 7
265 18
198 16
379 23
411 26
302 14
97 10
305 21
296 25
350 31
65 30
482 29
404 16
58 20
332 16
381 28
98 22
333 11
445 23
369 11
332 31
116 16
52 21
216 19
489 18
382 17
163 15
385 27
3 6
382 6
21 18
265 11

