64
201 25
228 8
450 28
147 13
261 8
384 27
319 17
404 24
48 7
401 3
244 7
486 7
21 12
316 22
326 25
374 6
241 1
229 6
421 3
494 25
290 18
79 5
18 3
116 9
421 32
495 4
342 24
451 3
464 6
348 29
478 25
314 15
26 14
260 22
472 6
330 26
335 1
74 24
95 25
268 11
56 11
31 29
94 25
111 5
450 22
197 28
31 2
498 8
107 29
205 31
214 10
192 24
146 21
103 12
305 15
459 4
337 5
256 26
321 31
191 26
176 31
49 2
101 30
113 15
7 5
489 28
55 4
472 24
296 2
292 4
148 26
311 8
90 7
266 26
137 32
179 24
194 8
18 30
477 2
205 31
151 25
407 21
225 14
256 20
155 15
324 31
148 30
138 5
404 7
498 8
62 17
352 4
108 25
105 28
202 13
271 32
206 21
408 2
406 32
153 16
62 12
66 22
314 20
150 13
310 24
257 32
28 20
183 31
328 3
422 5
448 20
85 21
220 24
286 9
7 10
389 5
118 6
482 31
361 19
147 19
130 31
246 17
362 20
495 29
66 9
422 5
460 6
369 4

