64
484 21
197 32
130 29
364 28
495 11
66 23
283 17
6 4
467 5
370 12
256 15
167 5
394 7
246 20
61 6
240 8
18 16
296 15
220 11
99 7
257 20
473 7
500 3
423 2
383 28
385 10
66 7
462 12
69 7
499 14
408 26
377 6
25 28
424 20
34 30
310 27
37 23
181 20
465 11
57 31
246 1
336 16
344 21
475 20
355 25
245 7
62 22
40 26
293 31
181 23
189 7
469 13
329 17
465 21
104 21
491 1
314 26
216 29
474 10
420 8
14 17
294 19
286 25
12 22
500 25
108 20
239 28
116 27
429 32
211 8
305 1
436 10
378 24
126 7
341 21
234 3
61 28
133 10
212 1
480 11
41 11
102 23
367 30
345 19
1 31
178 17
107 1
274 24
264 31
390 25
296 11
163 24
150 15
258 26
143 1
276 7
175 2
461 17
151 13
335 27
63 28
308 9
477 5
356 20
184 29
48 23
368 6
390 13
209 15
82 3
383 10
386 26
439 6
450 9
355 13
91 29
148 14
438 4
35 5
216 22
38 3
400 9
177 25
125 29
288 27
87 22
268 8
431 14

