64
39 11
201 12
449 5
122 29
336 12
223 15
135 31
475 21
90 5
408 1
55 32
206 21
483 4
139 30
493 23
230 15
205 19
243 5
431 8
478 23
139 4
153 21
122 11
205 15
68 5
395 26
320 28
211 27
328 9
440 32
243 22
203 31
304 9
452 30
160 5
204 2
332 24
274 9
187 30
15 18
294 6
79 6
361 25
120 32
341 23
360 31
432 14
382 19
210 1
321 5
113 4
370 12
84 27
100 30
324 10
375 26
227 25
83 16
446 30
127 18
112 14
221 32
251 14
482 16
434 2
32 18
30 25
45 1
247 16
234 11
461 12
392 8
412 2
479 21
27 5
495 18
295 23
385 13
316 3
209 17
20 16
350 9
345 30
13 27
389 6
217 5
205 8
388 21
81 2
325 7
175 15
449 25
33 9
217 8
51 1
152 15
369 25
471 25
394 32
359 2
81 24
131 22
183 18
254 8
88 18
426 26
249 6
82 5
59 22
333 25
75 4
235 7
485 30
7 18
393 17
12 1
292 26
258 7
215 31
442 30
441 27
415 17
93 8
321 15
294 1
315 20
489 14
162 1

