64
15 4
61 5
233 22
262 19
159 28
16 19
461 8
493 21
249 24
41 20
24 8
223 7
485 23
82 29
53 9
375 20
25 15
428 17
20 25
211 3
144 18
493 9
166 25
225 14
4 13
425 8
252 31
478 1
485 23
165 25
395 3
456 11
326 3
380 21
423 30
375 15
168 11
375 9
203 19
450 19
215 22
86 19
372 7
203 8
121 15
96 27
258 12
286 3
286 1
427 9
106 14
479 13
20 13
309 27
155 10
133 29
335 6
335 18
132 1
413 8
108 25
470 1
412 7
299 17
271 25
109 5
378 15
353 30
143 6
324 25
475 4
18 14
25 4
15 20
93 24
259 20
140 28
416 19
335 22
99 9
290 28
37 20
350 30
269 5
255 8
141 17
399 18
390 19
362 29
430 26
36 32
5 3
119 32
225 29
337 23
262 2
86 18
497 28
391 5
280 17
60 28
226 22
430 31
232 3
371 13
448 14
52 8
432 7
75 4
475 27
35 8
388 12
238 17
407 8
205 6
125 1
458 26
74 15
168 30
381 19
170 12
296 22
131 16
244 25
439 30
467 13
158 14
445 31

