64
422 27
414 9
203 10
179 30
5 32
102 18
266 31
149 11
203 2
205 32
422 3
31 4
342 1
248 28
314 17
406 7
7 3
203 5
465 18
131 13
1 28
327 6
230 19
220 17
441 25
12 18
435 7
133 24
203 28
8 1
472 1
307 23
83 22
39 15
243 29
220 23
401 26
361 18
224 12
266 32
356 18
229 31
172 5
418 30
92 9
446 12
189 5
42 12
262 28
22 32
101 21
98 17
342 18
186 26
390 4
433 1
81 10
387 12
374 21
329 14
433 7
381 6
379 26
245 4
205 10
347 13
63 24
361 12
106 31
321 7
350 30
91 22
267 6
385 20
338 9
457 22
339 25
243 25
110 11
208 7
457 30
323 19
350 16
126 31
230 3
153 15
52 11
360 6
424 4
309 9
308 26
383 27
454 25
67 4
464 15
230 24
180 28
142 1
87 7
187 24
65 3
246 8
434 9
137 29
404 6
322 24
63 4
62 16
328 4
283 31
254 28
62 30
416 31
166 2
174 29
170 14
395 31
58 12
76 2
389 19
491 14
42 5
265 27
273 12
83 7
235 16
419 32
121 26

