64
138 11
462 10
477 1
433 25
432 7
132 3
50 23
460 10
338 3
496 16
375 1
263 2
7 28
99 11
367 25
113 32
128 22
121 16
50 9
204 30
380 28
492 25
486 16
434 27
334 6
262 5
270 24
90 32
435 9
414 6
33 18
305 4
156 14
467 29
182 27
38 5
358 26
341 7
333 31
17 26
408 10
78 9
153 4
304 20
412 17
241 12
447 29
308 10
174 2
10 32
148 32
268 17
429 1
199 1
87 23
130 2
48 24
170 1
79 17
492 6
393 12
137 3
128 32
144 18
70 18
9 29
53 20
74 9
88 4
241 18
43 2
167 26
281 28
142 19
12 13
52 13
364 9
95 32
484 27
349 9
96 1
474 28
336 19
128 8
22 12
449 16
441 12
6 6
155 3
136 19
132 16
275 7
228 13
42 31
311 22
320 18
98 13
405 10
191 16
209 20
251 9
480 8
124 13
469 27
483 4
149 30
143 11
313 10
143 10
137 30
244 16
211 21
100 28
126 26
499 14
57 6
343 16
497 10
372 25
448 11
272 16
172 15
370 12
488 17
190 32
170 21
283 28
125 10

