64
403 20
238 7
376 2
87 29
492 2
273 13
117 32
472 20
169 7
16 13
329 24
385 32
83 5
135 22
110 2
173 12
173 18
83 32
451 25
120 22
471 17
326 11
88 9
238 17
339 5
301 27
140 21
174 15
106 9
208 3
30 4
78 30
493 32
250 8
385 25
237 19
465 31
441 25
359 26
161 22
134 5
68 25
498 10
347 19
50 11
21 27
138 2
280 3
110 21
426 26
102 6
200 22
76 8
118 11
21 22
336 30
443 15
278 20
144 29
246 9
383 26
475 20
215 27
354 28
487 31
169 28
145 32
6 8
211 31
6 7
105 17
236 15
96 26
338 23
490 7
488 28
200 2
447 26
420 5
90 11
283 10
198 7
330 23
499 16
178 32
123 10
49 26
32 16
371 25
86 8
155 5
287 30
239 18
119 2
386 12
416 24
170 18
447 31
168 13
390 29
152 4
330 28
370 29
47 16
81 17
156 19
409 26
440 27
27 7
157 32
470 8
432 7
37 22
489 1
26 19
401 13
94 3
81 19
295 19
407 20
463 26
314 24
355 22
222 30
16 14
293 13
302 20
328 14

