64
245 11
393 12
487 29
188 7
268 8
114 8
311 7
301 6
307 21
452 32
479 1
360 1
5 22
174 27
3 30
277 15
333 9
378 31
421 14
225 16
297 10
184 15
148 4
52 30
332 19
129 2
383 9
286 15
482 24
338 20
329 26
82 29
134 28
35 6
377 31
446 29
448 13
484 23
316 31
401 8
242 17
309 4
221 11
11 22
406 28
37 22
165 11
451 22
430 13
407 14
244 16
34 19
184 21
138 12
256 30
499 5
418 27
120 7
105 26
44 6
181 5
300 9
51 14
346 20
234 25
341 5
456 10
20 4
391 1
491 18
46 1
494 11
499 29
157 32
447 13
169 11
133 32
324 31
217 17
218 7
421 18
279 17
431 2
220 25
158 2
170 31
402 31
222 28
128 26
59 18
430 32
200 22
195 15
448 12
44 5
214 8
222 28
44 17
494 11
177 31
324 19
410 13
361 7
329 12
360 3
413 6
114 25
203 1
339 15
72 6
167 29
198 9
480 5
245 21
356 1
328 27
119 17
108 4
71 16
319 22
322 12
71 20
196 22
448 10
128 31
268 22
155 29
34 18

