64
373 24
168 19
422 6
314 26
267 10
99 1
251 31
331 28
167 9
443 26
225 26
8 16
287 32
443 6
464 18
490 13
73 10
443 11
451 28
272 5
18 22
57 4
337 27
155 27
319 13
180 24
342 31
363 17
362 17
366 2
175 20
366 11
365 12
445 11
63 24
383 12
290 20
51 2
178 13
480 17
153 16
392 31
50 14
327 12
411 4
89 1
251 26
35 19
261 32
281 11
399 12
107 4
307 5
165 12
214 1
184 10
156 3
64 29
329 22
468 15
286 20
27 16
9 25
3 17
244 31
296 15
150 18
182 8
262 23
496 7
343 15
45 6
254 24
54 2
202 10
24 7
77 30
374 10
462 24
58 14
215 21
200 32
458 13
24 28
431 27
398 25
197 18
122 26
254 32
235 23
49 10
293 5
159 18
414 29
98 8
178 32
28 5
27 2
461 6
409 20
272 30
164 9
100 10
122 25
313 29
159 17
466 11
189 13
320 3
245 5
278 18
80 5
2 3
494 6
360 2
205 8
60 5
304 15
358 17
363 22
133 21
234 19
175 26
75 26
376 7
263 5
444 2
310 13

