128
495 24
410 31
435 31
430 27
50 17
143 15
229 22
284 13
205 15
218 2
127 18
307 24
303 27
190 16
281 8
296 23
183 21
442 17
11 11
35 28
107 9
310 3
218 26
464 31
124 1
72 19
382 14
350 29
284 15
216 9
234 3
395 20
420 20
384 10
58 15
342 24
299 15
203 21
448 10
143 16
198 18
174 27
444 11
467 7
265 2
495 14
397 14
117 28
77 4
97 31
122 10
150 9
293 16
141 32
369 15
15 2
348 16
349 31
414 19
370 18
53 20
27 25
105 31
468 2
495 24
168 20
206 21
240 26
21 24
441 29
14 8
159 6
347 27
152 17
377 9
438 1
237 1
229 29
107 12
226 1
112 29
421 5
62 16
166 22
392 22
174 13
265 16
266 20
42 22
372 23
290 5
199 26
125 16
71 4
475 20
36 30
41 24
254 2
468 31
387 15
81 8
115 17
96 13
308 1
150 7
407 31
340 14
169 16
385 15
399 23
238 23
297 18
242 22
435 21
25 9
271 9
85 30
301 8
118 29
20 11
139 31
261 14
384 1
294 8
371 16
478 17
478 18
442 20
28 21
484 28
401 11
360 13
492 28
368 17
120 28
431 27
166 3
88 5
472 5
316 18
277 9
6 26
419 4
177 2
176 21
53 20
267 32
413 6
423 20
70 19
19 16
5 8
42 20
232 21
177 23
207 13
44 8
58 26
11 19
111 2
247 23
114 5
426 22
122 16
157 31
94 24
42 14
359 31
42 11
448 26
341 26
22 32
69 11
197 12
165 19
117 3
25 2
275 30
107 16
2 32
290 15
291 27
397 21
118 30
443 13
7 32
274 28
19 6
458 24
273 3
78 30
385 19
323 12
256 22
111 29
397 9
56 11
435 8
39 28
241 30
172 27
117 13
126 27
139 27
54 3
57 28
152 2
86 31
305 29
108 7
450 8
19 5
42 18
308 16
209 16
61 21
146 9
29 31
164 19
205 21
430 22
52 21
55 29
259 3
330 6
477 19
221 24
487 30
301 2
342 21
45 26
445 26
283 10
312 6
140 16
366 17
129 10
354 27
406 24
245 31
330 6
217 10
421 7
164 5
348 21
285 24
110 2
433 16
203 8
189 6
464 15
263 28
472 28
479 29
431 19
464 16
148 12
162 20
383 1
492 26
329 17
474 2
6 2
182 28
2 6
401 1
276 23
260 11
334 18
476 5
165 3
24 28
470 13
84 32
9 7
286 1
351 11
479 8
368 20
267 21
233 4
185 13
34 17
459 12
34 30
132 6
76 3
362 14
44 17
101 28
19 6
93 14
348 31
429 28
286 24
436 10
215 5
378 20
269 13
319 22
474 14
352 10
309 29
299 32
9 3
107 3
137 23
100 24
473 5
51 6
428 3
128 22
311 5
93 27
45 8
380 27
65 11
272 5
295 26
280 19
320 31
182 4
437 5
496 10
13 14
19 4
384 30
285 22
355 2
124 19
345 32
473 29
86 16
486 17
165 5
387 5
3 24
496 24
53 3
201 5
389 15
209 32
69 1
170 15
74 5
25 10
148 14
179 14
93 8
318 6
132 32
446 15
476 17
74 20
284 6
444 4
196 32
295 32
349 24
38 2
109 15
44 32
412 18
341 24
89 10
113 4
66 6
354 1
55 23
68 10
404 11
361 16
219 15
363 11
323 29
192 3
167 23
38 6
160 15
433 32
240 26
320 1
307 21
345 21
156 20
50 7
479 10
158 9
269 5
115 31
477 30
225 11
393 2
220 28
492 12
152 8
401 31
388 4
347 9
420 30
348 22
413 26
83 26
374 23
146 20
145 30
498 21
264 6
335 23
293 6
339 28
409 7
118 21
298 13
381 2
170 24
391 14
258 21
4 19
176 5
323 32
123 24
393 10
413 11
425 29
404 3
353 29
205 18
313 19
138 13
424 8
124 10
241 21
138 28
216 9
245 14
337 3
61 29
456 1
159 12
29 22
494 21
78 23
203 2
53 4
434 28
499 18
141 32
142 2
335 13
443 27
450 19
297 30
211 9
334 21
484 27
282 2
95 28
28 21
101 32
489 11
407 3
296 31
78 1
28 29
350 10
195 7
452 20
161 10
448 2
234 15
356 8
260 11
79 7
99 31
70 23
417 32
278 4
226 27
205 30
323 18
75 14
204 3
361 28
392 28
210 10
442 25
197 26
219 19
192 2
157 6
460 26
89 17
489 3
296 1
272 2
450 6
339 10
76 15
369 20
210 2
149 20
347 13
205 29
119 12
86 15
9 22
200 22
134 5
116 17
85 23
251 23

