128
318 1
168 26
348 8
443 13
94 8
292 1
53 12
122 25
127 6
318 26
58 26
283 10
166 28
347 13
464 27
265 5
4 16
378 3
407 24
195 28
271 10
416 8
133 5
40 31
459 1
220 28
242 2
242 24
1 24
80 9
178 8
97 13
127 11
235 13
146 29
236 1
470 3
444 26
40 7
65 18
44 16
217 1
286 18
44 14
397 27
454 27
318 3
459 24
377 22
328 14
326 11
290 24
418 21
249 21
420 9
158 3
97 18
99 10
184 27
223 12
469 13
358 23
79 13
434 27
362 18
476 19
28 22
334 9
350 27
253 5
247 2
83 27
284 10
280 23
28 27
250 24
31 8
338 21
276 28
63 21
33 22
27 8
7 17
357 21
295 13
329 13
19 32
440 2
445 11
324 12
73 25
23 11
32 17
415 19
132 13
147 24
219 14
427 13
238 15
285 8
244 26
276 10
377 27
267 1
286 2
348 10
14 14
165 26
82 19
408 9
260 19
80 2
432 31
406 29
493 15
52 8
156 23
201 32
246 27
56 23
260 11
92 22
124 20
375 22
39 26
270 6
188 30
479 11
412 20
139 8
426 10
196 9
221 32
316 18
419 7
200 22
125 7
155 9
399 25
158 1
163 27
438 30
332 12
173 19
151 15
351 1
205 10
361 25
293 17
94 3
399 17
93 8
83 3
328 17
128 13
473 14
263 22
343 31
177 19
337 32
178 11
256 26
84 8
10 29
144 27
143 15
247 23
122 1
334 5
14 21
433 2
454 23
248 12
289 24
15 6
103 32
16 22
277 4
326 10
32 21
92 30
215 14
409 24
370 14
284 31
406 12
73 3
411 24
6 23
95 12
28 6
415 12
407 3
199 24
328 14
53 15
255 15
108 31
103 10
108 2
212 13
454 8
223 16
455 29
414 14
452 2
99 19
41 13
409 27
89 1
320 17
359 18
259 11
293 5
296 28
99 27
117 20
495 23
415 1
271 8
350 27
325 32
293 21
157 1
455 17
289 22
237 16
404 31
466 24
356 13
299 10
323 27
357 9
458 31
118 4
154 23
154 15
119 10
195 3
499 18
371 11
479 19
138 14
101 19
429 20
419 24
113 6
346 25
58 3
443 23
383 29
346 4
427 4
186 13
90 24
326 24
174 5
270 28
38 26
118 23
30 13
398 10
278 31
315 31
398 25
214 8
353 3
19 31
374 24
104 11
239 9
126 17
233 11
428 31
116 25
89 17
81 2
491 22
80 29
397 1
413 10
108 10
20 19
396 17
182 19
59 25
280 28
37 8
282 20
134 9
8 26
246 17
59 20
2 27
244 26
467 4
359 3
273 14
53 21
474 30
371 24
6 2
419 30
14 24
357 15
449 29
73 26
9 3
133 18
473 28
260 24
383 14
366 12
200 14
28 25
3 6
409 1
252 3
254 17
27 15
115 27
179 7
372 23
22 32
196 6
83 19
285 25
129 22
324 28
67 3
204 14
453 4
430 16
291 11
320 1
145 30
495 3
325 14
9 14
73 1
191 7
215 16
471 19
477 3
22 8
349 2
465 13
41 2
356 11
280 27
499 5
165 5
99 29
210 32
186 30
16 28
288 18
203 3
425 16
405 18
75 9
227 11
406 24
136 17
450 23
140 13
191 4
293 2
144 3
249 9
136 32
56 4
197 15
34 21
290 10
123 20
42 25
106 7
468 9
412 18
7 3
366 26
58 14
191 5
12 27
381 16
54 16
71 10
46 24
75 27
245 5
50 18
45 11
85 13
395 16
430 18
250 27
155 23
304 5
359 24
283 7
315 24
378 25
289 20
192 31
110 16
411 28
73 32
314 25
320 25
356 9
166 25
99 20
115 10
164 9
69 22
415 7
485 5
471 13
68 14
488 5
449 14
336 30
57 6
382 24
210 30
328 7
46 2
46 5
180 17
485 12
6 28
187 18
44 17
466 23
171 9
287 27
55 27
196 3
476 14
339 29
371 26
411 32
296 28
428 7
16 17
278 17
16 4
214 11
473 31
21 19
336 27
465 30
133 5
500 20
442 26
144 28
208 18
79 15
65 31
181 24
123 6
304 26
422 9
400 30
400 4
388 15
430 28
124 19
68 11
374 17
17 22
24 24
127 7
78 20
313 26
123 19
67 19
424 8
295 15
85 2
94 20
428 15
380 27
289 15
230 7
160 10
384 11
321 2
137 6
201 21
359 32
235 29
102 18
117 12
184 9
442 17
377 29
4 12
476 32
54 29
306 25
302 1
396 6
199 20
223 23
333 9
426 15
357 7
77 9
127 32
26 32

