128
90 3
370 11
387 10
56 2
220 27
173 32
112 3
235 9
147 18
334 9
88 22
371 29
136 2
159 13
396 7
394 5
281 7
347 19
133 2
276 4
164 24
439 3
262 2
355 29
231 25
189 23
70 19
35 21
244 17
1 15
295 30
327 31
9 1
445 21
426 4
344 29
372 27
215 21
160 10
245 14
462 22
208 15
344 23
235 28
491 3
430 30
333 29
212 5
133 13
185 31
80 16
351 11
162 26
436 5
339 16
211 4
113 22
182 13
216 20
248 19
354 17
344 22
137 11
230 10
415 18
32 7
442 2
297 11
151 16
128 29
412 2
140 4
311 17
184 3
88 23
437 26
108 4
331 20
38 9
217 5
326 4
447 27
482 27
426 32
327 21
473 10
242 28
465 12
137 29
430 16
79 2
369 26
497 24
134 19
464 10
339 25
450 1
260 19
379 25
266 5
237 14
146 2
54 27
381 22
259 27
265 9
380 14
79 1
37 16
115 4
265 9
140 6
89 15
348 3
435 10
376 19
203 21
352 32
131 1
445 5
247 26
282 22
47 16
354 11
423 8
434 23
272 9
253 24
176 20
31 30
213 2
133 20
278 4
23 5
68 8
353 30
233 22
292 7
345 9
213 3
317 30
306 32
422 22
152 29
9 18
59 6
291 11
193 8
26 11
180 18
386 21
111 18
18 2
248 15
251 8
481 27
161 10
210 11
399 17
383 8
394 1
333 20
483 5
456 25
91 7
306 1
371 24
298 5
170 10
455 4
61 3
42 22
425 23
8 11
464 6
82 9
331 30
245 17
142 24
25 17
186 18
413 25
98 2
297 3
311 15
38 28
37 3
297 29
181 16
488 32
193 25
353 27
187 5
40 24
148 20
264 25
246 24
241 15
442 13
461 4
139 22
327 12
280 15
192 16
426 15
104 19
100 24
493 30
256 24
169 23
300 29
87 17
312 32
239 13
68 15
209 7
48 15
86 27
10 25
138 27
308 25
405 15
400 26
248 11
133 32
409 28
200 16
328 16
27 10
468 26
116 12
152 27
415 17
193 24
218 31
210 17
423 31
135 7
216 10
181 8
297 18
132 5
289 15
212 15
229 15
408 16
411 8
211 21
500 31
100 1
85 29
445 20
127 15
34 18
460 10
190 1
7 29
309 27
483 24
461 3
402 17
407 32
132 29
340 15
371 31
52 24
452 32
167 22
427 4
272 6
265 1
346 8
485 10
270 7
25 11
178 7
451 28
294 18
404 26
416 18
276 15
433 19
167 19
157 29
150 16
330 3
240 8
390 12
33 11
42 18
389 27
40 15
6 29
124 13
466 32
387 14
62 7
320 28
270 8
172 15
107 26
37 6
233 26
421 17
85 3
26 25
385 25
368 19
398 7
3 11
234 29
308 20
412 24
375 29
307 7
451 22
104 28
111 32
265 12
452 25
198 18
26 10
394 25
176 31
235 27
6 5
271 1
468 26
292 6
214 23
444 1
364 11
4 6
234 16
209 26
469 30
367 26
340 20
90 3
403 16
397 28
348 20
424 11
201 20
361 3
18 28
283 21
203 30
58 16
257 11
177 21
24 19
274 15
155 31
82 25
243 14
168 2
349 15
257 14
158 29
168 11
272 18
259 30
439 25
466 27
83 22
124 10
389 29
173 15
464 10
303 10
83 26
295 24
412 23
333 10
19 20
96 11
153 19
320 19
23 21
341 13
279 28
414 19
65 14
61 20
191 7
233 14
332 7
57 7
282 9
164 16
444 4
294 32
318 2
390 32
250 30
148 32
46 1
194 18
147 18
489 5
468 1
462 23
99 22
246 4
462 13
32 25
372 13
352 5
142 9
232 4
175 15
419 32
440 21
33 30
70 21
274 30
93 20
40 27
105 17
275 7
46 18
323 13
334 23
458 12
471 21
219 5
68 17
68 19
453 20
444 11
324 17
264 28
304 27
163 13
440 21
179 9
446 17
253 3
379 6
458 6
103 28
198 30
313 14
380 17
69 31
491 9
391 2
364 19
409 26
455 8
314 17
184 19
337 4
242 8
202 3
417 4
375 22
473 11
231 16
155 4
26 22
248 28
399 15
314 19
489 12
358 22
104 9
265 29
181 30
8 22
204 16
185 30
389 25
468 8
212 3
123 21
472 22
356 14
332 30
381 12
289 26
474 5
131 10
185 15
95 4
396 6
467 28
80 23
292 11
326 27
373 8
443 4
169 30
66 1
171 18
24 4
35 13
56 13
86 8
179 28
283 30
182 29
357 5
455 12
11 17
354 28
80 20
431 21
298 16
453 12
145 32

