128
162 16
5 13
204 2
470 8
259 31
341 27
91 9
490 6
359 6
57 12
181 26
321 12
471 13
87 21
276 6
405 18
345 13
150 16
234 24
59 8
22 31
66 25
52 19
438 26
260 22
165 9
227 10
276 2
58 6
162 1
115 11
474 32
179 16
211 5
447 6
256 28
20 14
284 11
80 17
480 24
419 9
484 21
334 19
342 7
120 12
427 3
422 25
398 12
376 16
216 14
377 28
493 25
349 29
171 8
201 7
119 19
499 30
264 32
212 29
74 8
312 12
270 29
252 11
389 11
274 24
152 15
279 1
103 27
125 9
407 9
127 1
296 29
479 3
308 14
219 1
373 7
85 30
467 16
160 11
167 2
163 18
140 21
166 22
420 14
366 18
319 13
202 18
321 16
376 5
222 18
213 18
476 17
88 27
133 23
1 27
384 7
468 7
456 30
116 11
127 26
404 1
178 13
410 14
285 5
478 26
231 23
451 14
339 26
352 7
489 13
121 8
367 13
99 14
278 10
400 20
251 19
201 8
260 6
278 28
99 7
401 1
297 31
238 4
93 22
458 9
498 11
8 20
223 30
390 32
24 25
255 10
444 7
406 11
269 7
98 23
289 26
399 10
52 4
425 16
281 22
280 26
164 8
494 22
245 15
237 12
23 8
246 18
298 7
372 26
333 1
136 25
170 6
410 18
374 14
421 2
68 25
284 3
488 9
321 4
11 13
352 29
252 5
55 2
99 10
467 23
99 11
403 4
488 17
193 25
350 22
367 1
166 22
204 13
130 28
236 20
284 31
376 28
387 30
85 13
60 23
267 18
5 18
277 17
186 10
57 31
435 3
156 12
424 3
104 21
234 7
44 5
482 24
52 8
53 28
205 28
243 23
473 19
492 2
443 9
71 12
416 9
274 7
308 6
133 11
102 6
305 2
86 22
269 10
154 13
329 18
137 23
180 21
170 16
210 12
52 32
463 31
340 5
93 27
286 13
261 3
294 22
384 28
351 28
369 8
177 9
65 17
120 1
125 9
268 27
252 7
318 11
490 2
303 10
8 24
159 1
474 8
38 30
183 32
65 7
96 1
452 32
257 15
256 22
211 15
420 10
46 9
28 27
98 2
116 6
417 26
78 19
430 27
304 4
206 8
15 1
461 26
165 25
240 32
302 30
147 29
411 4
14 27
78 15
120 1
420 21
171 25
131 28
315 22
63 13
301 9
25 5
246 13
182 9
165 11
434 27
408 13
206 13
339 27
383 2
179 15
346 21
3 28
152 26
261 15
42 14
143 18
26 25
459 15
77 11
42 7
285 1
59 2
221 25
476 7
206 22
257 16
355 28
83 26
429 28
72 26
109 31
239 26
159 9
45 23
171 2
97 23
238 15
148 14
255 19
412 1
129 9
68 19
280 26
192 24
345 20
381 29
182 27
143 8
168 31
426 22
476 27
349 1
381 4
374 16
323 1
300 31
157 31
285 12
368 28
199 13
91 19
221 32
50 31
167 17
401 5
110 28
467 18
292 7
158 9
38 12
6 5
430 18
407 26
302 27
393 32
191 4
431 15
311 32
126 10
252 10
70 21
254 12
23 1
438 28
266 8
11 19
164 16
136 15
357 1
49 29
141 15
436 19
1 3
254 10
224 1
4 25
69 25
384 27
357 21
474 2
148 28
96 8
127 24
234 19
20 30
436 24
372 15
82 8
469 27
202 28
43 5
188 16
165 23
258 21
244 32
347 7
67 10
54 6
173 3
232 25
420 7
204 11
242 26
367 6
472 4
106 15
476 21
330 4
68 7
364 23
170 14
53 1
152 11
134 24
393 29
368 13
384 32
307 25
209 9
38 12
92 31
398 19
140 23
58 31
18 14
221 3
483 17
275 18
231 8
310 8
477 25
140 8
452 10
188 16
471 29
44 30
220 21
481 15
372 6
269 9
163 1
427 14
465 14
131 12
313 8
171 25
173 6
352 24
107 31
488 1
116 3
491 23
175 15
249 2
212 17
286 7
209 21
224 1
266 18
368 22
498 30
71 26
51 14
145 18
313 24
86 8
366 16
466 17
398 2
86 18
82 28
336 2
436 11
314 17
264 14
482 21
71 20
134 14
326 31
131 14
114 16
269 16
144 18
20 29
299 17
2 4
328 5
21 27
99 6
315 11
367 17
327 30
200 13
263 5
443 9
366 32
312 6
387 23
367 14
348 9
215 1
396 10
390 16
9 20
102 15
54 8
323 29
109 3
397 15
399 19
115 25
98 15
398 1
233 21
94 24
485 12
133 9
406 30
500 26
213 13
440 15
421 7

