128
375 24
261 8
63 24
155 18
46 29
153 13
44 32
297 18
58 10
77 4
220 26
192 10
387 15
335 21
88 6
90 15
441 10
494 31
189 8
268 31
148 16
435 27
75 15
488 24
456 12
499 15
210 2
321 20
477 15
13 4
172 18
82 16
303 7
466 28
426 30
430 18
153 4
116 28
94 24
63 9
167 14
279 8
103 15
324 31
105 4
347 16
141 20
239 15
355 13
138 8
290 3
205 22
134 5
373 23
424 4
479 30
201 22
170 31
208 1
86 1
32 32
292 24
211 15
318 13
439 16
197 4
226 13
373 24
73 10
438 12
385 13
290 29
26 15
91 5
155 24
249 18
459 21
61 10
423 14
234 29
185 10
440 15
35 24
474 7
409 19
103 13
31 28
433 32
202 4
493 24
51 9
245 18
281 17
179 31
34 16
267 27
398 26
333 16
370 14
38 18
420 8
275 31
235 7
358 12
82 2
495 5
443 11
494 7
43 16
130 25
139 32
499 24
102 27
467 11
340 29
452 7
348 26
61 7
137 3
370 10
472 21
54 14
455 3
489 26
422 26
278 17
13 4
448 18
106 15
140 5
123 24
55 14
21 16
404 17
386 6
79 21
342 8
475 24
31 23
497 28
432 2
364 8
49 20
114 2
78 21
302 12
196 17
373 29
324 13
225 17
254 7
269 11
139 7
242 25
57 19
472 12
364 32
136 25
147 13
270 20
353 32
127 13
280 23
117 15
127 21
15 20
348 3
178 10
230 32
6 6
362 21
126 5
312 5
489 6
213 23
237 17
330 23
465 5
214 5
415 16
274 17
72 21
63 1
310 28
372 31
282 17
143 19
458 7
371 18
468 7
56 5
499 29
419 20
197 8
396 19
324 17
39 27
493 22
347 2
97 27
468 18
303 19
488 32
269 26
410 4
292 25
292 23
202 3
106 22
342 1
361 1
374 11
263 22
204 22
20 17
32 23
382 26
301 6
446 1
79 11
9 31
171 12
365 24
362 30
122 24
174 22
72 15
232 19
265 32
148 28
292 23
474 17
12 27
246 9
399 21
163 31
399 22
59 7
409 24
436 26
475 1
363 7
360 15
233 20
86 32
259 29
410 32
253 5
210 3
82 21
175 32
367 9
281 29
187 2
345 18
71 3
434 10
217 1
84 1
268 5
180 2
249 21
462 13
214 27
499 7
131 5
94 2
97 27
274 27
268 18
108 22
289 30
475 29
186 22
306 18
430 29
183 26
278 20
179 11
167 21
341 29
202 22
146 6
160 28
433 11
241 12
469 1
285 31
386 7
205 27
128 14
379 10
164 8
454 14
202 12
222 2
268 27
476 6
425 7
37 1
266 13
100 18
158 21
28 11
207 4
437 18
70 27
495 25
27 24
278 20
271 7
270 11
478 13
156 2
83 16
462 4
172 13
81 9
149 5
75 27
44 23
392 25
30 7
49 20
390 22
487 1
381 28
403 30
204 26
111 27
305 32
486 4
336 19
305 13
379 31
43 30
242 19
239 7
25 7
382 22
169 32
426 25
476 32
258 3
441 20
317 1
143 27
221 30
73 17
166 3
255 17
428 4
495 22
470 27
157 3
284 25
71 6
225 30
241 6
76 30
201 29
278 11
399 2
24 3
374 18
125 1
102 4
328 4
422 14
466 22
352 13
254 18
162 30
319 23
311 15
288 27
139 17
205 1
415 12
359 4
121 7
120 30
238 8
169 3
449 30
88 4
87 5
74 28
22 4
206 4
286 5
194 28
410 2
312 8
330 30
463 10
4 15
24 14
382 8
252 10
30 8
333 16
384 2
67 14
150 29
441 23
117 15
63 22
384 14
201 29
396 8
15 15
98 14
492 11
81 12
160 26
435 32
429 30
250 20
427 7
120 28
389 16
354 15
466 25
177 2
302 8
329 28
322 30
205 18
256 29
409 27
99 15
111 31
12 28
374 23
462 1
158 30
433 27
153 22
99 9
63 8
104 32
419 5
169 11
90 5
112 18
43 30
192 25
88 12
364 14
346 21
158 19
379 30
365 31
339 31
63 10
215 22
497 9
294 5
108 16
145 27
85 8
280 1
192 19
184 20
180 13
84 14
383 26
279 11
48 30
61 30
75 15
479 15
408 13
439 11
8 28
85 28
123 28
72 2
82 7
221 14
135 29
303 17
322 5
467 14
402 4
183 8
302 30
398 9
286 9
75 5
124 23
88 6
374 28
411 32
266 28
69 21
140 7
121 13
303 32
182 13
467 5
32 20
378 10
181 11
118 15
11 21
266 14
338 23
109 32
446 11
231 2

