128
392 12
462 28
58 5
290 15
23 15
325 3
309 31
202 17
205 6
271 3
22 9
182 18
138 9
270 21
247 7
311 30
238 16
410 32
69 23
178 19
437 15
465 9
165 27
138 1
228 8
224 18
276 13
15 13
1 24
409 27
110 4
89 16
47 18
495 7
196 28
58 13
174 14
81 22
392 14
263 8
477 26
221 5
242 27
17 27
222 18
341 15
201 13
30 7
278 12
214 6
196 7
310 17
496 6
263 28
460 29
359 8
362 27
40 27
369 29
345 6
38 10
124 2
318 18
336 20
177 21
421 4
171 10
445 15
471 27
258 2
83 12
218 12
398 21
46 26
17 27
207 30
132 18
143 25
335 7
396 32
379 4
235 22
397 23
420 28
237 13
1 7
496 6
262 29
179 24
362 11
402 20
101 21
101 7
333 8
425 25
299 8
396 9
409 9
416 32
216 16
208 32
471 3
286 8
299 32
243 20
10 16
283 18
380 11
409 17
170 5
145 24
340 4
205 8
36 32
427 15
271 18
319 5
40 20
177 18
419 11
53 28
119 11
390 30
218 6
266 7
482 22
59 22
302 31
421 5
382 4
292 12
185 2
97 9
65 29
118 7
395 31
410 1
5 15
67 30
300 12
313 30
94 3
455 27
133 15
435 30
426 18
17 7
187 25
391 7
237 8
85 28
178 15
200 15
349 26
256 17
98 16
430 7
290 32
437 18
462 31
139 32
449 24
54 3
120 20
90 5
451 22
44 1
224 27
163 1
361 26
73 26
190 30
352 27
89 32
105 10
362 27
141 14
250 14
149 2
489 26
282 28
115 5
272 19
419 10
263 19
55 3
440 12
188 11
75 28
430 19
177 8
421 14
453 31
67 5
244 28
190 5
199 13
201 18
495 7
107 17
102 29
91 5
257 18
332 15
405 25
361 17
256 13
454 21
155 25
161 10
428 23
126 10
7 22
299 1
149 21
109 22
121 3
142 25
328 9
411 32
290 7
164 1
256 14
105 30
490 14
364 25
468 21
394 6
19 28
178 7
152 22
120 32
336 21
1 11
438 31
246 31
386 25
123 25
378 20
254 11
345 29
283 4
458 4
489 28
423 14
346 14
155 29
198 26
429 6
152 14
312 13
444 9
157 11
189 11
146 23
253 30
411 24
5 4
267 9
195 26
362 32
467 24
356 20
5 13
65 20
2 29
256 6
277 4
216 6
150 13
112 3
54 14
142 10
94 20
254 16
449 7
32 20
130 11
283 14
375 32
345 17
428 32
26 32
215 5
373 17
157 32
119 26
358 12
471 31
19 20
442 12
190 29
87 23
212 5
8 30
68 4
314 31
303 3
403 5
135 3
233 23
111 7
204 16
314 18
122 17
101 27
4 30
36 26
312 31
162 23
184 2
22 10
428 28
40 30
45 19
457 21
317 3
332 25
386 13
46 31
181 15
69 24
288 16
477 32
54 15
122 10
220 16
87 15
171 30
329 11
152 13
344 25
203 27
341 32
23 26
298 4
384 22
91 20
174 12
327 19
410 8
316 9
443 14
127 2
380 3
328 27
443 11
351 29
49 3
288 12
429 25
479 4
155 9
187 20
340 9
258 13
313 2
229 7
327 12
368 26
366 20
441 29
70 7
157 3
334 21
394 6
233 28
425 27
292 32
418 24
476 20
232 24
453 25
395 3
20 6
189 17
13 17
397 23
271 6
405 32
202 6
365 6
169 14
25 4
253 14
295 20
469 31
220 21
191 10
52 26
79 20
298 8
72 23
378 26
100 22
298 21
79 30
438 27
155 26
58 23
108 25
191 8
83 22
201 13
227 20
334 13
195 15
100 10
29 17
459 32
258 28
132 32
122 14
434 4
235 24
387 14
48 5
122 6
338 18
402 24
425 23
220 11
421 24
88 10
148 22
429 14
6 29
93 11
334 7
458 16
222 8
262 13
272 19
398 5
56 3
24 8
89 32
154 29
267 5
310 30
490 15
319 11
151 24
177 20
290 3
403 27
330 32
131 22
250 24
62 21
30 22
340 18
33 13
330 11
85 20
212 11
378 19
273 12
146 10
363 7
84 1
149 21
281 7
366 18
158 4
187 23
217 2
360 13
371 21
47 31
180 30
233 9
344 30
288 25
307 18
127 18
415 31
6 19
405 16
76 2
151 10
304 11
140 31
467 26
204 13
168 27
474 1
292 26
258 23
158 4
81 17
305 27
411 26
189 20
33 16
229 27
378 13
401 5
47 27
82 30
231 21
133 17
1 28
374 18
206 27
173 26
167 9
280 26
139 32
393 11
436 1
206 9

