128
333 10
409 31
71 21
276 30
70 26
226 13
67 25
66 11
378 27
305 4
345 14
142 28
20 27
485 7
356 25
8 24
199 1
266 9
281 25
302 6
231 23
107 5
152 12
207 21
322 31
44 2
464 17
481 12
323 17
122 22
290 25
218 12
249 3
460 14
376 25
83 14
491 5
254 30
64 32
374 22
470 9
255 10
305 20
269 3
200 6
9 13
222 6
180 23
412 11
352 3
103 22
96 18
475 1
439 10
308 1
275 30
81 22
267 2
265 27
216 12
276 28
9 29
153 16
319 9
179 22
55 29
456 27
78 6
351 29
319 27
181 14
492 5
327 30
350 11
144 10
110 23
493 14
267 6
306 6
414 24
255 24
116 6
322 2
491 13
62 26
35 26
107 30
206 9
135 4
227 18
325 8
48 17
454 26
314 19
251 3
94 26
399 29
67 12
254 10
244 27
71 30
408 9
155 18
313 21
21 3
270 1
226 13
13 31
335 7
289 5
257 26
442 3
295 29
375 20
270 6
215 8
248 2
220 30
87 32
247 7
274 24
303 11
37 24
30 11
494 26
455 6
404 13
405 10
257 23
97 14
100 11
69 31
285 4
453 31
23 15
330 4
214 12
294 10
447 23
472 32
493 3
42 4
175 14
445 23
428 9
160 31
56 24
374 32
219 26
62 29
376 3
388 13
23 13
43 17
208 10
113 20
292 22
299 26
451 3
100 6
487 19
256 30
190 1
233 4
158 27
352 1
185 31
474 11
124 4
380 15
29 12
382 25
497 24
138 3
126 2
28 4
348 11
358 30
116 30
149 5
384 1
306 21
239 19
331 10
146 26
44 2
405 25
346 5
308 12
51 9
73 14
249 32
65 14
161 4
47 30
452 3
162 13
55 28
239 21
466 20
299 29
410 19
286 15
308 5
442 30
230 6
140 26
490 4
435 2
235 17
163 14
115 28
147 9
76 25
406 29
121 12
401 2
258 14
340 21
131 10
275 32
499 30
41 20
469 31
490 7
159 20
92 2
328 14
442 7
475 7
295 19
402 27
180 16
233 3
224 27
300 22
426 27
115 18
138 19
292 3
489 30
483 13
223 6
170 9
64 32
215 14
442 1
256 5
276 16
492 19
202 19
53 3
293 27
444 27
454 3
113 6
37 19
226 31
256 12
127 3
243 22
380 29
458 24
9 5
475 8
287 17
143 31
7 7
358 7
69 7
389 30
456 9
128 30
36 8
429 14
54 19
355 26
59 24
273 16
248 23
419 19
127 17
225 26
200 10
288 24
244 8
301 28
453 5
233 24
164 1
1 21
183 8
354 2
19 30
13 27
77 7
5 27
196 29
40 15
311 19
14 22
355 27
105 11
95 9
146 10
349 6
326 28
353 12
329 12
361 13
342 29
123 18
492 10
74 11
64 20
210 30
142 24
244 26
222 22
287 3
447 11
364 28
370 21
7 2
440 16
390 5
156 1
126 3
182 3
382 2
139 11
323 32
358 22
229 3
255 27
149 9
354 12
324 11
80 11
273 31
50 26
299 5
26 24
204 4
327 21
305 17
379 3
96 32
44 8
370 2
191 6
350 8
381 13
118 17
355 30
479 16
256 18
461 17
405 28
192 3
452 24
399 14
474 2
121 17
22 14
166 12
359 27
107 3
40 4
403 30
170 2
150 25
363 2
409 27
125 29
54 12
96 16
109 14
298 5
438 27
70 16
382 4
470 24
222 17
267 25
255 28
6 28
212 12
217 29
338 25
73 3
120 12
195 28
441 4
160 23
14 17
334 3
212 15
86 25
164 20
57 14
140 10
25 3
133 5
175 27
433 23
65 32
119 15
483 27
102 26
289 15
74 22
361 29
277 10
217 4
2 6
61 13
187 25
343 4
177 14
494 25
468 26
12 6
317 18
497 26
487 17
385 20
111 25
196 11
395 4
30 32
185 30
388 24
26 26
395 18
451 24
162 11
445 1
4 25
18 16
235 28
137 27
415 7
67 30
485 21
21 30
208 10
455 31
281 16
325 27
33 31
414 10
193 2
218 25
175 27
48 13
90 8
379 4
282 25
465 30
258 1
483 1
246 21
60 10
120 24
404 4
362 21
49 31
231 22
455 17
352 30
313 5
390 3
148 19
487 8
493 8
153 11
61 18
116 8
128 3
207 31
91 20
52 19
474 10
109 8
38 24
282 22
457 11
244 4
397 18
420 13
178 20
216 2
173 23
209 32
417 7
35 31
334 18
202 12
219 26
235 20
473 24
457 13
242 32
385 31
133 28
27 10
79 2
251 19
276 19
107 17
77 17

