128
342 27
226 14
89 23
202 20
81 2
486 9
29 23
279 29
1 20
452 24
137 7
71 19
400 10
314 1
439 3
243 16
345 4
165 29
183 27
276 15
380 30
187 8
476 13
65 16
308 28
91 20
270 21
394 17
471 31
81 17
257 24
392 30
495 29
386 21
127 10
291 18
127 25
117 26
294 29
429 5
400 15
397 25
31 30
42 1
201 26
113 29
1 17
262 12
265 20
172 3
13 3
248 3
291 12
240 32
249 4
37 32
390 29
373 20
426 2
125 22
239 5
435 12
445 12
235 1
195 22
451 27
220 22
345 19
266 24
446 10
307 22
365 12
118 1
468 12
2 20
21 29
32 19
332 13
151 30
37 29
175 16
404 11
37 20
109 6
388 14
19 6
240 24
242 21
472 17
252 26
4 1
418 27
79 29
215 17
370 20
278 12
443 5
142 7
484 18
485 3
8 27
417 3
238 26
455 10
218 23
387 13
183 24
459 9
256 14
342 13
129 7
372 3
3 14
253 2
115 21
209 30
92 13
220 1
282 23
390 15
85 12
71 3
431 1
27 22
406 4
14 14
42 26
456 20
399 25
382 5
297 26
339 28
66 2
69 11
84 6
197 4
234 19
286 20
499 17
54 1
236 11
142 30
304 30
173 10
10 6
419 2
347 17
398 4
314 26
110 10
275 6
269 16
276 19
376 11
423 13
383 22
347 24
435 27
325 4
56 10
365 18
492 8
230 9
123 20
206 25
497 32
242 9
192 22
23 19
496 29
199 10
103 21
105 5
399 22
348 19
115 17
428 10
424 6
198 2
405 19
482 21
87 24
17 2
445 24
196 12
484 18
373 6
290 21
327 21
258 18
495 9
238 10
182 25
431 4
263 7
134 20
439 8
171 24
349 23
347 28
110 2
289 22
472 19
311 18
119 20
175 13
144 5
386 14
129 5
205 23
355 6
339 6
262 21
101 22
180 11
6 13
332 30
271 19
76 13
452 22
352 7
158 28
243 24
321 7
64 25
114 6
418 8
63 11
164 7
493 7
165 18
132 29
495 22
151 31
334 19
116 1
81 22
32 3
169 4
193 8
432 6
1 26
109 24
380 9
282 4
467 15
221 2
295 4
351 25
286 24
47 21
73 3
26 20
301 22
308 14
277 19
151 10
440 32
45 16
88 30
395 22
124 8
4 22
183 14
363 12
242 25
72 30
240 10
269 32
495 8
385 28
167 32
253 6
351 5
129 6
474 8
491 14
491 18
15 25
52 17
196 5
490 3
310 5
68 18
268 11
358 17
186 20
392 10
333 14
86 14
179 15
189 13
156 3
219 31
55 30
399 30
118 24
368 3
468 12
208 32
350 13
92 27
292 31
324 25
76 17
290 30
467 26
478 27
360 8
497 22
169 7
367 6
487 18
64 26
21 28
393 18
40 8
256 8
170 15
308 17
339 5
202 30
278 24
132 25
79 16
402 4
374 32
385 20
353 17
166 14
72 6
447 19
246 11
294 19
281 25
12 24
253 17
129 26
448 12
18 7
387 31
126 16
390 18
120 15
458 17
320 13
194 26
344 3
468 25
206 29
294 25
424 14
485 8
76 17
311 25
311 13
216 32
308 21
297 31
199 19
415 30
339 5
136 30
251 27
23 28
407 8
228 10
213 29
233 28
497 3
85 3
91 12
446 11
256 18
29 3
200 24
176 3
108 23
72 2
118 22
18 8
261 17
58 18
161 2
465 25
185 1
167 19
200 28
377 12
58 6
262 17
53 13
295 24
100 19
221 21
312 22
296 5
39 13
250 19
495 2
208 19
115 6
305 14
42 2
121 15
291 6
207 3
171 18
206 22
220 18
190 11
220 5
307 14
190 4
456 32
474 11
214 8
241 22
105 18
403 14
232 29
459 30
387 5
291 24
102 18
222 3
393 17
480 11
198 25
459 29
204 20
20 9
223 24
138 15
245 21
256 8
85 15
117 16
399 20
267 13
269 16
495 1
280 22
64 29
494 26
186 5
9 1
317 7
168 11
261 32
199 17
91 15
435 11
458 17
466 5
185 3
416 12
99 20
153 14
376 15
387 9
47 19
469 32
477 32
22 14
251 8
458 5
354 28
400 20
428 13
388 9
303 11
144 18
350 20
415 14
498 6
490 21
400 31
260 17
446 29
318 29
352 27
389 25
222 16
220 1
209 3
465 11
114 28
264 11
460 27
392 17
36 14
1 23
44 24
163 9
392 4
37 23
310 6
152 19
417 27
384 17
182 28
136 11
308 23
109 7
281 13
223 16
86 28
103 5
187 13
469 7
301 18

