128
484 21
197 32
130 29
364 28
495 11
66 23
283 17
6 4
467 5
370 12
256 15
167 5
394 7
246 20
61 6
240 8
18 16
296 15
220 11
99 7
257 20
473 7
500 3
423 2
383 28
385 10
66 7
462 12
69 7
499 14
408 26
377 6
25 28
424 20
34 30
310 27
37 23
181 20
465 11
57 31
246 1
336 16
344 21
475 20
355 25
245 7
62 22
40 26
293 31
181 23
189 7
469 13
329 17
465 21
104 21
491 1
314 26
216 29
474 10
420 8
14 17
294 19
286 25
12 22
500 25
108 20
239 28
116 27
429 32
211 8
305 1
436 10
378 24
126 7
341 21
234 3
61 28
133 10
212 1
480 11
41 11
102 23
367 30
345 19
1 31
178 17
107 1
274 24
264 31
390 25
296 11
163 24
150 15
258 26
143 1
276 7
175 2
461 17
151 13
335 27
63 28
308 9
477 5
356 20
184 29
48 23
368 6
390 13
209 15
82 3
383 10
386 26
439 6
450 9
355 13
91 29
148 14
438 4
35 5
216 22
38 3
400 9
177 25
125 29
288 27
87 22
268 8
431 14
170 25
146 32
17 24
292 12
190 1
492 24
374 7
293 7
321 24
19 17
332 3
233 23
201 12
141 32
143 27
25 32
303 2
187 23
462 27
187 31
59 18
374 32
236 2
194 32
209 20
405 8
355 29
159 19
160 11
227 27
221 31
466 24
125 25
194 26
483 16
88 13
57 13
325 24
478 18
52 6
230 8
225 28
296 11
194 12
33 32
110 26
23 31
129 31
431 30
436 9
406 15
306 14
335 2
458 8
499 29
497 24
316 25
15 7
308 1
270 24
480 23
445 30
158 1
204 12
451 19
353 12
365 10
169 27
491 30
362 29
134 14
421 29
135 7
412 10
495 21
281 7
412 18
180 1
354 32
8 16
226 32
11 19
221 20
141 19
305 15
52 11
416 4
239 2
110 10
343 17
183 12
283 10
405 26
366 14
197 21
414 11
85 24
365 29
103 9
220 28
63 31
50 19
446 12
232 11
494 31
11 20
50 17
473 6
255 6
63 3
62 16
77 14
252 9
155 18
150 26
317 8
348 18
394 25
358 14
347 19
52 30
378 21
150 2
258 24
39 12
411 32
500 7
450 3
280 24
308 1
329 1
344 8
194 2
320 15
67 2
105 26
375 6
274 13
35 7
484 13
202 30
25 13
381 26
155 20
429 3
440 1
439 27
284 20
224 7
35 10
120 3
259 7
473 16
223 15
414 22
432 8
100 8
20 24
133 3
491 17
489 30
169 7
416 24
410 20
258 28
281 5
435 32
223 7
275 29
117 5
151 16
8 6
59 31
81 23
405 7
103 5
56 23
23 27
426 5
110 11
228 11
412 30
134 26
124 24
79 25
448 9
492 7
182 31
38 10
241 6
36 28
39 19
318 21
413 32
345 27
130 25
117 25
438 14
175 26
157 9
302 1
333 25
263 30
195 12
127 12
446 22
483 28
456 24
396 20
247 9
242 1
313 18
417 22
107 11
163 4
195 32
72 3
461 10
244 15
338 6
442 7
235 32
118 2
428 17
58 14
253 3
254 25
9 7
371 19
113 29
82 4
349 25
38 21
191 6
315 24
3 29
14 6
384 31
279 19
495 28
189 8
339 14
368 19
464 14
165 5
123 27
440 7
103 13
131 21
110 29
24 29
405 9
54 21
371 8
303 22
372 7
169 2
137 28
408 8
126 24
232 20
22 19
422 5
500 20
121 17
200 5
277 9
385 14
97 20
14 3
325 25
446 5
446 30
232 13
385 9
128 17
308 22
139 21
478 2
132 18
451 24
446 31
288 3
409 28
290 2
486 30
158 7
310 19
364 1
159 9
102 2
217 5
139 27
490 16
345 1
66 15
304 23
373 23
193 25
178 14
406 16
447 19
446 12
17 26
149 3
58 22
165 26
158 27
480 19
123 16
472 12
322 11
402 11
422 27
179 19
428 29
114 19
499 24
482 20
221 10
394 18
379 26
255 25
65 30
239 31
262 30
78 11
189 11
481 10
425 24
60 13
448 30
79 2
85 28
313 5
42 11
286 4
116 32
160 24
329 7
218 10
460 31
377 12
126 9
109 14
72 17
254 19
342 24
465 2
244 9
286 25
335 27
56 23
314 24
334 22
318 4
84 1
50 20
277 11
20 1
77 28
53 18
110 30
14 2
375 29
55 4
393 29
82 16
43 23
219 1
389 4
132 12
165 5
283 17
60 26
29 8
245 2
169 3
31 2
484 30
142 14
417 18
131 31
38 29

