128
55 4
449 5
324 25
105 11
234 2
103 1
2 9
239 17
409 12
15 29
276 8
391 8
84 32
139 20
468 23
222 10
298 10
23 13
14 27
475 15
212 17
32 29
253 30
93 18
17 15
458 21
54 8
428 5
55 30
445 26
92 10
248 13
39 18
65 20
248 15
2 8
320 17
24 24
154 17
85 23
427 22
167 21
445 6
469 3
11 17
225 22
282 32
46 12
93 26
223 28
352 1
355 7
461 7
447 31
199 7
137 21
277 31
457 25
396 2
424 6
42 24
211 12
471 28
143 7
69 22
106 28
146 5
443 6
43 1
220 1
123 24
217 3
158 30
472 25
303 23
14 16
246 24
167 4
183 18
130 7
231 11
23 28
399 5
481 25
57 5
33 11
408 14
430 18
127 9
174 9
499 8
272 12
263 19
311 18
452 24
48 10
378 26
57 17
386 5
421 2
89 2
473 5
55 26
266 25
154 31
461 32
478 24
99 5
22 25
38 13
200 13
6 17
359 26
57 4
451 10
38 7
283 18
91 25
263 32
369 12
499 17
271 4
412 21
68 18
277 29
110 28
246 20
404 16
29 13
199 11
438 24
222 32
97 28
260 19
20 8
126 26
308 8
345 31
116 5
356 8
221 14
219 10
433 15
421 13
435 12
144 16
355 9
295 12
28 6
162 31
33 28
268 4
387 21
262 31
377 18
246 25
287 9
415 31
291 27
383 17
306 2
300 9
94 14
316 14
499 17
372 31
468 4
74 15
252 3
61 16
156 18
428 18
474 10
216 16
29 27
340 10
328 31
346 6
84 5
43 30
342 30
464 1
405 29
367 24
76 27
487 19
85 15
377 6
108 20
26 28
42 21
174 10
356 23
291 31
384 1
225 17
450 24
385 31
429 32
214 20
382 29
86 6
115 10
228 2
406 1
62 11
469 3
20 8
457 2
115 20
198 3
416 32
230 21
206 14
256 19
13 13
119 7
455 25
412 30
11 13
286 24
320 18
158 11
430 18
353 32
306 14
86 9
401 27
225 10
473 16
377 9
321 11
435 15
432 31
160 30
367 9
365 2
50 14
229 19
339 25
374 4
334 19
69 19
126 9
44 22
329 24
434 21
267 13
275 6
419 14
343 21
82 23
175 15
432 3
462 2
335 19
118 32
498 18
106 19
182 14
424 18
421 5
10 7
77 8
440 27
421 14
132 10
340 6
337 7
60 26
245 2
188 14
265 17
251 19
11 24
224 10
146 4
143 15
387 31
143 22
66 11
460 9
269 7
206 13
274 21
106 22
10 17
83 22
330 1
348 4
116 7
274 1
419 28
268 21
486 6
482 19
176 13
303 4
444 8
252 1
272 21
438 17
150 24
259 7
352 14
318 15
177 23
432 31
210 31
251 12
312 28
450 19
377 25
135 28
260 6
388 28
243 17
368 32
196 18
222 31
232 15
69 20
334 28
206 23
50 4
90 29
391 32
200 7
292 6
438 23
219 29
138 5
353 30
204 20
131 9
150 14
316 31
473 29
218 18
43 20
189 21
480 20
24 31
198 11
12 28
421 15
312 19
395 5
416 23
416 30
375 10
112 22
284 12
190 1
318 5
120 18
217 4
85 12
130 31
258 6
270 22
76 17
88 6
449 23
68 13
253 27
430 32
484 29
151 2
417 8
258 17
326 30
488 30
269 21
396 30
110 21
407 13
450 27
7 26
201 14
114 5
220 27
20 24
459 15
229 20
342 30
116 15
163 23
281 3
71 8
160 5
397 18
69 2
412 3
447 29
1 1
269 24
307 5
275 18
163 7
345 8
340 8
375 30
414 3
136 8
386 31
368 6
213 29
479 28
11 2
88 15
338 25
435 28
349 21
261 15
212 17
218 31
268 12
257 21
302 28
17 24
391 8
321 11
172 4
78 3
225 30
397 6
78 23
205 18
40 14
140 7
126 21
5 22
5 1
426 14
209 6
345 23
30 2
405 17
465 6
87 9
351 4
102 24
166 14
205 5
327 8
11 25
53 16
346 29
480 23
214 12
417 15
490 10
76 2
350 20
228 13
432 10
124 9
210 9
190 10
198 17
110 24
321 14
427 22
422 23
140 19
446 8
397 4
205 16
181 11
215 12
195 30
338 6
30 23
458 28
312 27
88 17
67 20
138 25
277 7
251 20
46 17
176 26
336 12
266 24
138 12
424 12
478 25
1 15
159 31
78 14
169 21
95 11
276 28
80 16
143 18
320 28
378 31
481 21
226 30
81 32
430 16
47 19
468 28
265 22
210 11
447 18
211 1
465 7
125 32
390 31
225 25

