128
352 3
485 26
295 23
458 25
486 9
137 25
323 13
240 20
376 19
162 10
51 20
102 25
179 19
172 10
376 8
438 4
59 2
153 17
420 6
397 9
194 29
418 12
22 9
452 13
107 1
214 30
108 11
462 18
53 17
35 5
229 17
156 3
98 4
491 10
121 28
422 22
272 19
34 1
495 1
41 22
153 3
463 20
273 8
397 10
409 31
106 17
107 21
127 1
272 5
222 32
356 27
409 24
334 22
124 8
482 5
485 22
123 15
393 19
75 13
72 15
424 9
323 26
289 17
86 20
269 3
155 21
154 8
456 11
209 3
370 19
447 15
324 13
153 17
168 19
209 27
413 8
120 31
14 32
387 27
172 4
110 6
132 27
241 3
305 10
17 22
492 12
380 3
236 1
235 23
111 16
494 20
279 21
462 24
224 1
95 7
4 16
221 27
170 25
73 14
262 1
147 29
256 7
272 4
411 18
246 25
153 11
248 24
203 30
427 19
410 1
173 1
224 5
399 25
58 23
218 31
263 9
276 3
95 27
362 21
256 31
229 13
198 25
44 8
390 18
30 19
491 19
63 2
447 13
311 20
487 32
175 25
96 14
119 22
348 32
398 19
87 23
215 8
307 2
35 4
228 9
346 6
119 8
135 17
72 1
273 22
325 23
158 8
248 9
314 11
108 7
401 6
189 28
329 11
373 28
42 16
280 3
169 30
146 28
166 29
100 18
274 28
236 32
48 11
60 1
281 15
71 18
213 4
149 1
458 9
256 28
325 31
238 13
136 8
148 10
100 4
91 22
23 3
9 2
161 28
282 2
86 9
327 30
316 31
191 25
199 26
124 31
185 18
368 20
97 19
325 28
114 24
273 21
94 5
410 6
52 24
399 10
248 25
139 11
51 5
187 30
479 23
124 23
376 7
38 32
210 7
19 15
130 12
163 23
276 25
328 16
468 3
21 15
155 31
481 18
192 27
159 2
181 10
388 24
477 1
27 10
287 18
212 4
41 27
490 12
151 22
347 2
100 19
36 18
230 8
311 21
34 17
146 19
103 13
122 11
309 1
468 20
398 11
215 14
257 17
105 23
226 20
228 29
22 7
430 23
130 17
375 16
61 32
82 27
256 11
445 25
55 24
364 28
443 2
241 7
134 2
458 23
149 21
387 26
152 1
125 9
409 27
148 17
75 25
484 6
284 16
246 14
192 9
142 10
39 18
184 28
79 13
235 7
382 5
453 29
141 17
17 21
279 29
370 5
97 17
35 24
132 8
422 7
93 15
308 27
148 32
154 19
188 8
157 13
213 25
453 17
37 14
254 20
338 11
372 30
179 2
18 26
390 27
337 26
205 16
112 8
339 9
430 27
5 19
447 29
47 16
273 20
73 18
103 6
352 30
47 22
84 24
44 9
206 16
454 26
375 21
262 14
33 27
444 13
481 14
457 24
141 22
315 25
107 17
326 3
94 1
192 13
140 7
1 10
466 22
255 21
74 4
258 7
263 9
495 11
294 28
122 19
385 12
351 23
56 9
153 10
401 17
30 32
79 11
237 13
188 12
237 10
63 2
368 13
398 2
68 31
369 25
329 13
329 28
96 32
208 28
385 12
444 31
351 3
149 20
419 8
283 15
449 13
204 32
170 25
382 17
495 30
129 8
355 13
355 14
193 6
49 21
373 21
195 27
367 27
14 5
31 12
495 19
493 2
147 18
2 20
102 16
481 10
171 27
39 25
488 3
290 17
159 14
381 10
89 27
48 22
87 6
454 17
57 26
130 11
311 11
82 12
478 14
345 17
249 11
377 16
465 7
124 4
180 4
181 28
454 16
426 28
306 19
120 14
176 29
416 22
83 21
453 1
410 21
413 10
384 25
246 12
455 25
175 19
225 27
458 26
435 31
70 32
113 1
453 28
494 4
329 4
216 17
488 25
430 20
487 5
41 28
364 11
452 31
333 16
245 11
58 3
25 31
270 26
19 14
481 28
441 6
88 8
90 3
485 27
179 3
35 3
54 15
65 17
289 10
33 5
392 10
64 28
68 9
257 6
407 10
450 7
47 1
207 4
315 15
211 25
13 29
211 14
495 8
422 23
377 30
20 4
247 3
35 14
119 20
252 1
381 21
224 11
89 22
266 23
472 12
396 20
73 10
401 19
85 30
54 1
128 5
228 2
359 3
40 17
406 3
354 18
343 25
64 11
6 9
185 17
157 16
312 29
390 4
499 10
385 24
435 28
328 14
90 2
276 13
15 5
123 4
466 5
444 17
247 9
210 15
129 14
215 28
298 24
3 24
281 31
200 11
103 11

