128
377 12
328 24
262 2
268 19
74 23
68 12
344 5
101 13
328 5
288 24
59 1
362 3
95 26
78 18
237 11
130 1
470 1
61 24
123 28
158 28
426 9
43 13
249 7
82 8
140 21
395 6
169 8
48 3
241 29
145 29
367 14
294 29
286 22
420 16
237 29
307 2
153 17
282 17
344 7
32 3
287 23
384 15
34 16
70 31
408 6
307 19
191 24
463 32
157 2
236 29
310 26
406 2
391 12
66 2
106 9
272 13
23 11
199 29
290 12
387 6
333 21
176 3
145 6
351 25
371 18
46 4
127 19
493 21
342 22
306 16
6 25
340 29
84 22
289 29
10 19
274 18
219 25
217 19
438 23
16 4
4 1
339 18
215 11
351 17
92 28
4 30
85 27
478 24
84 18
244 17
144 22
287 10
466 23
77 12
273 8
63 20
356 22
257 26
288 11
126 32
115 9
329 27
323 22
218 19
127 5
351 10
478 5
131 8
343 15
51 7
150 1
390 29
218 31
427 22
105 32
89 15
33 17
269 11
278 26
465 12
299 32
173 24
156 7
423 31
214 17
465 11
290 31
220 7
57 30
216 5
49 16
84 5
72 28
140 5
190 12
104 20
271 4
115 15
431 10
481 32
214 17
358 11
3 17
362 11
426 13
424 11
233 3
259 28
210 30
357 19
354 16
238 20
88 17
254 30
94 14
365 19
31 6
162 13
3 15
296 4
99 7
458 23
77 29
339 6
466 19
37 3
6 30
295 21
330 24
462 7
486 14
434 4
400 23
104 10
117 7
385 31
469 27
250 21
411 8
183 16
486 19
195 27
344 9
436 30
92 1
300 5
427 29
444 2
179 24
431 23
150 23
362 11
9 11
15 7
402 25
295 11
119 9
229 27
33 20
340 16
413 27
201 3
76 28
368 10
395 14
49 17
316 22
15 21
76 25
243 17
430 17
215 28
229 31
362 9
459 13
237 7
44 13
413 31
284 12
372 27
281 8
427 28
385 5
420 28
25 11
288 14
403 6
206 20
297 31
244 23
472 20
329 19
268 5
485 8
224 24
434 8
332 12
99 28
4 19
176 12
385 3
186 23
317 3
270 13
309 6
71 12
345 31
146 25
343 14
368 18
190 1
421 5
364 27
236 27
241 23
98 9
226 31
264 2
173 9
358 2
398 16
113 7
30 11
59 16
240 30
289 29
430 25
449 9
79 1
363 32
447 8
296 16
95 7
417 7
296 30
100 29
53 21
139 26
323 1
305 22
326 9
491 27
153 19
399 20
475 5
403 10
425 26
445 19
461 10
137 16
339 1
300 20
153 15
177 19
487 22
388 13
426 26
271 31
21 10
162 31
134 4
268 26
465 1
76 29
426 5
32 16
153 24
359 25
122 16
131 20
17 18
476 2
100 7
372 24
268 17
466 29
448 30
311 17
298 2
189 7
302 25
190 10
404 25
110 21
84 12
188 12
462 8
245 9
410 13
384 29
1 21
281 17
82 15
361 15
33 13
453 22
121 11
344 20
191 1
252 10
397 16
225 10
455 1
122 4
437 17
244 10
205 24
238 23
171 26
17 23
350 26
92 11
464 11
346 6
240 6
279 24
241 3
197 11
175 18
410 16
174 13
253 6
380 18
16 10
291 1
456 16
354 12
462 29
482 24
322 1
461 16
208 17
158 24
395 20
73 8
147 10
308 27
328 23
92 11
441 22
227 32
226 4
295 31
248 1
50 1
201 18
372 25
210 1
16 28
213 25
259 23
390 22
314 17
457 29
412 13
491 6
144 24
422 23
458 9
271 12
90 23
17 25
83 31
342 31
34 14
391 29
116 24
210 21
349 30
186 4
414 4
453 22
95 18
200 16
43 2
411 4
144 24
296 7
358 21
29 15
394 27
35 6
50 29
142 26
262 11
361 4
206 6
85 8
39 4
204 17
457 18
416 28
245 16
178 30
52 6
197 6
328 23
307 18
327 4
479 13
127 8
116 28
357 8
484 3
187 27
180 15
4 7
94 21
10 12
202 26
181 30
359 17
129 9
90 7
316 12
247 26
111 2
126 31
117 25
214 19
499 21
149 30
191 11
250 17
70 4
114 6
349 8
462 21
488 23
488 27
471 14
97 21
300 10
400 24
34 21
423 20
209 11
33 3
165 3
99 10
86 28
188 6
35 5
467 18
200 22
29 30
39 1
102 18
198 5
458 11
317 20
114 1
450 14
424 19
280 22
52 21
438 11
3 20
388 21
198 11
274 18
460 12
202 25
354 27
414 7
333 22
42 2
255 23
443 26
309 31
403 5
291 32

