128
130 2
157 31
79 24
489 16
294 20
126 12
89 15
38 31
188 21
449 27
252 24
436 32
298 10
415 8
67 17
332 24
275 28
266 29
156 15
21 29
82 22
388 22
188 1
21 15
489 1
201 16
124 9
303 2
74 6
201 16
190 28
188 8
372 29
317 11
411 17
179 12
186 14
14 9
194 22
247 3
206 32
126 13
288 1
102 25
350 22
353 27
38 16
3 9
48 7
139 23
359 25
450 28
86 3
268 19
348 26
313 13
165 7
234 32
219 7
17 12
341 1
106 14
464 8
138 27
130 8
321 4
444 19
383 5
85 2
159 13
368 12
337 20
262 18
188 24
109 12
47 21
128 8
30 27
464 23
305 29
146 6
433 29
248 31
321 12
317 23
116 28
302 17
419 19
78 2
394 26
365 12
338 24
296 15
286 3
237 7
203 2
216 31
322 3
302 30
146 30
473 6
5 22
270 7
189 23
233 18
237 21
374 30
441 17
145 30
279 17
316 17
263 15
116 16
197 13
430 31
238 2
308 2
27 25
16 31
127 16
149 31
345 14
289 17
394 9
362 16
165 18
4 11
412 15
215 17
239 8
155 4
45 18
217 31
242 13
490 24
480 14
231 32
363 19
312 24
303 30
279 19
203 6
98 14
253 24
278 15
307 12
319 7
245 23
125 6
119 2
206 31
103 20
126 9
158 14
72 32
463 6
130 25
484 15
334 32
390 4
78 4
395 32
398 12
135 15
329 25
488 14
55 31
321 21
407 6
470 7
141 12
32 23
152 23
201 9
102 11
448 4
138 27
427 24
334 25
262 22
166 21
48 8
191 4
252 26
50 29
132 14
356 11
16 11
178 9
196 23
159 31
310 32
337 29
35 30
1 28
184 6
397 23
238 3
450 9
388 3
414 27
393 13
182 20
480 7
476 11
489 14
169 23
282 2
387 4
175 7
464 18
405 16
440 26
298 2
334 14
240 7
56 20
220 13
392 11
299 3
225 16
353 29
290 30
398 24
153 29
266 32
134 10
179 22
15 1
315 5
14 26
299 21
38 30
362 21
68 20
499 28
151 7
37 8
188 22
467 5
210 29
160 32
254 19
121 9
167 11
321 32
340 23
452 17
137 21
9 28
325 28
348 11
210 16
267 6
21 17
90 23
317 13
278 19
291 10
191 17
184 7
340 23
129 4
104 17
456 12
173 32
471 4
459 9
255 29
282 23
161 23
357 26
323 2
48 2
383 6
422 30
100 2
441 8
405 28
197 28
7 5
344 14
240 6
362 26
82 3
120 14
217 29
71 27
314 18
4 9
59 14
114 2
39 26
90 19
449 2
6 28
6 9
285 13
206 30
90 15
492 21
381 24
389 3
450 15
421 14
103 11
83 28
341 9
122 22
415 10
67 8
377 28
473 13
20 30
10 13
465 9
373 9
412 18
147 18
168 31
167 22
250 25
485 22
221 6
371 27
28 1
258 20
212 18
269 3
260 10
395 28
483 15
272 18
380 14
459 31
189 1
316 22
225 5
27 25
258 21
283 25
37 21
245 16
474 13
182 21
142 32
160 8
194 19
74 14
201 28
120 13
361 32
326 21
88 12
234 13
452 32
186 20
260 18
439 26
294 20
318 19
399 30
263 32
260 20
17 16
71 25
52 11
424 29
368 27
284 13
59 7
468 12
426 32
25 28
461 26
187 6
105 1
459 7
29 19
406 13
234 8
33 30
259 28
14 18
170 2
78 29
384 9
324 2
272 5
377 32
18 12
66 10
500 8
192 12
94 9
277 28
425 29
465 3
469 18
160 14
127 17
218 27
133 18
24 1
94 24
340 19
315 5
437 15
429 12
46 6
77 18
53 5
335 25
35 7
347 26
144 29
282 30
39 2
459 18
170 4
166 2
366 12
266 18
146 18
282 20
420 18
217 24
210 19
193 28
409 27
289 13
67 30
470 14
187 24
371 1
183 8
70 16
220 7
54 13
381 31
260 16
44 5
327 5
231 23
348 16
261 20
396 8
409 5
137 15
144 19
155 22
247 16
225 14
59 6
182 15
464 26
442 19
270 4
463 20
491 22
343 11
1 30
430 25
102 6
208 29
425 22
422 19
86 23
136 28
276 25
434 32
258 7
302 15
346 9
231 4
278 5
439 7
163 32
391 4
286 6
213 30
460 18
232 1
132 15
40 4
183 5
351 25
403 20
23 20
120 9
288 26
178 6
380 16
445 30
455 10
220 19
291 31
153 22
75 12
388 26
395 11
290 17
67 8
101 9
291 32
194 18
321 31
155 24
62 28
322 32
181 25
35 12

