128
219 6
339 31
460 24
180 17
165 22
380 4
280 25
478 22
219 31
322 11
411 25
326 26
185 3
462 31
154 20
167 8
254 13
391 25
17 6
245 29
471 32
152 6
13 1
199 11
48 8
445 22
448 26
396 24
309 29
74 10
473 32
186 10
97 24
142 17
497 10
497 24
10 12
421 2
480 24
308 11
491 32
337 31
226 16
274 22
440 12
347 28
291 16
137 23
459 6
203 4
16 19
275 25
198 23
102 10
166 5
408 13
12 20
447 29
179 32
270 15
419 17
30 22
500 15
448 7
148 19
414 3
201 4
391 3
234 20
280 8
252 31
408 28
283 30
500 21
425 10
79 8
90 13
405 25
479 8
47 14
206 8
141 31
351 11
157 5
375 12
336 22
474 31
389 28
448 9
69 24
362 19
67 11
459 27
391 25
27 2
415 28
249 23
490 20
437 26
36 31
433 3
289 15
317 5
14 28
269 26
487 30
285 18
284 11
228 11
384 14
464 10
190 20
352 3
15 32
325 30
303 1
124 19
15 32
119 25
55 4
314 14
73 30
299 9
193 10
383 12
132 30
225 1
113 20
351 24
67 31
381 17
284 21
459 14
148 26
30 15
21 24
448 29
293 26
301 29
271 23
412 26
232 28
426 5
63 29
176 2
303 16
350 26
264 21
440 24
442 13
318 10
312 1
54 25
10 11
441 28
389 29
238 21
192 15
21 7
143 20
88 6
455 25
87 7
301 6
334 26
495 3
203 22
267 9
114 28
463 3
259 19
463 12
27 22
363 31
112 5
94 3
154 21
340 9
119 8
118 24
234 32
454 4
122 28
396 3
199 30
345 13
413 3
157 23
313 19
190 20
227 7
475 1
183 18
325 21
157 22
456 26
406 5
178 11
332 9
317 22
283 18
339 23
468 27
337 12
365 2
204 3
161 22
175 3
195 11
348 31
293 3
93 22
416 22
280 7
194 12
481 4
257 31
374 17
165 7
356 5
440 27
323 16
440 10
499 22
200 10
337 20
352 13
393 19
50 8
70 31
120 22
423 16
368 28
304 12
210 28
264 10
422 22
453 6
287 11
199 19
500 15
330 32
315 15
322 28
246 11
311 9
440 29
445 19
380 24
42 26
259 13
91 9
95 27
246 1
198 8
71 25
331 25
400 17
327 10
213 28
464 7
493 20
107 29
414 26
36 4
427 7
464 21
327 18
412 28
143 21
367 5
157 25
169 5
46 3
482 22
271 1
484 3
348 30
51 26
279 18
69 10
232 12
222 6
294 13
333 16
297 4
204 14
100 17
214 5
219 31
106 17
139 21
455 19
382 17
452 9
295 8
366 26
255 15
288 16
276 32
187 28
23 19
377 31
263 26
119 21
136 29
174 23
165 24
465 3
337 20
59 11
491 28
8 13
362 3
145 5
267 27
209 5
221 9
411 15
27 6
168 26
106 9
288 18
172 24
168 8
223 30
490 5
1 22
458 3
292 14
351 26
136 7
347 21
348 1
43 18
138 6
239 7
254 27
217 14
334 12
433 29
462 7
269 2
420 18
28 19
31 11
121 7
141 11
227 32
75 29
417 17
183 28
159 16
386 15
361 7
463 18
275 4
420 4
89 19
473 9
253 20
347 17
374 3
191 20
31 6
72 19
34 18
306 12
190 3
271 30
262 21
47 12
8 6
283 28
8 4
212 29
111 22
485 16
397 8
435 27
145 18
225 2
112 27
221 5
73 7
406 6
223 17
74 18
122 32
326 14
463 17
390 25
447 22
408 31
253 10
473 9
52 5
74 31
431 23
167 28
137 4
189 24
228 18
293 10
470 22
479 20
7 32
357 13
445 20
351 18
162 3
446 25
223 4
79 6
18 25
157 22
20 1
217 16
311 22
449 4
127 15
415 17
498 3
141 2
239 7
343 20
165 13
316 16
160 2
41 9
342 21
182 21
245 11
312 7
408 28
38 10
38 1
223 23
427 23
181 25
206 11
416 6
311 23
257 6
476 9
350 17
197 12
382 18
282 9
200 21
305 2
426 14
394 24
229 4
363 29
337 12
431 8
289 30
187 6
267 22
194 17
183 11
500 12
184 17
460 19
321 24
324 2
458 21
98 10
37 8
446 21
231 12
328 3
173 26
416 12
28 22
408 22
204 23
477 27
187 20
121 11
52 1
456 17
13 5
398 13
216 31
125 30
70 29
169 19
466 8
34 5
397 25
406 28
347 26
338 21
170 3
95 25
107 10
433 23
307 2
372 26
24 4
320 9
152 24
39 22
423 24
314 28
364 20
271 30
101 13
298 26
271 16

