128
139 6
426 2
446 9
454 6
447 28
455 30
66 7
431 8
287 9
176 4
161 6
267 20
119 30
111 21
497 23
420 19
284 5
329 25
369 22
203 27
269 9
453 7
60 3
238 18
483 14
354 11
147 16
338 30
237 1
14 5
11 29
220 18
277 12
226 13
33 8
312 18
437 32
340 32
350 5
193 12
194 6
179 5
369 20
162 2
168 19
190 10
459 29
175 15
160 5
83 9
180 2
198 28
361 17
315 2
169 12
246 7
405 4
259 6
143 12
231 11
446 12
340 12
181 15
342 16
415 20
384 30
22 17
414 22
321 20
296 22
87 5
56 16
168 6
117 30
85 27
472 14
266 28
137 14
326 18
286 28
253 21
37 26
102 18
8 6
382 7
115 4
195 22
459 18
335 7
23 11
273 23
152 7
158 16
188 27
469 17
426 6
346 14
347 11
468 14
72 5
8 11
168 30
60 27
267 27
405 30
17 2
488 29
68 5
160 27
331 13
80 20
350 17
421 16
223 32
254 10
88 17
184 12
167 20
234 29
490 6
426 18
167 13
26 14
409 26
341 15
314 20
346 23
48 3
62 30
358 3
267 6
428 27
53 2
46 22
26 27
275 24
392 2
68 26
27 21
103 23
419 24
342 5
430 13
235 19
362 8
158 17
389 9
135 29
178 24
430 7
66 13
358 29
498 2
374 28
106 8
447 24
243 28
140 12
29 2
367 18
318 20
74 22
108 12
351 5
239 4
339 20
336 9
465 29
326 6
61 31
166 11
454 12
146 18
284 14
171 22
120 28
25 1
46 4
253 4
268 15
379 18
351 23
6 19
251 3
152 11
113 5
169 23
281 27
364 8
192 26
417 7
374 5
356 7
424 20
18 15
302 16
148 4
462 26
466 25
188 14
375 29
490 24
71 2
62 26
37 25
171 5
416 8
245 7
166 16
230 23
358 27
431 30
35 12
363 20
308 18
173 7
202 19
430 32
136 15
57 29
95 12
329 6
475 10
132 1
93 5
175 23
244 29
160 30
349 10
333 12
423 18
190 9
224 15
248 23
461 1
235 4
236 20
269 30
489 21
350 21
465 21
235 24
481 30
189 25
267 6
189 2
83 22
166 26
201 17
16 1
421 3
272 28
18 13
218 18
145 23
438 25
295 17
169 28
418 5
308 21
82 24
78 32
78 31
321 18
7 9
494 32
143 22
435 32
158 20
17 2
423 22
410 21
478 10
344 20
139 4
432 24
351 29
88 8
103 16
409 9
300 11
240 2
20 3
453 1
30 17
330 32
275 27
169 12
21 4
499 19
15 6
82 2
142 1
497 28
281 2
57 8
12 12
226 11
174 10
59 4
147 12
359 1
330 23
24 10
243 11
64 1
156 6
326 18
166 11
245 22
80 17
82 23
301 7
121 10
484 11
381 10
122 16
402 27
470 22
5 32
152 32
321 15
65 2
308 11
468 13
232 23
57 29
489 25
119 13
183 19
491 15
84 12
6 6
267 4
115 11
39 26
190 3
128 15
357 8
189 16
192 24
75 16
85 19
457 23
24 11
157 22
405 5
330 23
430 8
90 4
218 28
13 27
339 4
365 3
279 1
222 30
177 24
422 13
359 22
315 10
368 12
451 24
416 32
386 25
227 7
92 24
307 24
407 1
447 27
43 6
28 20
399 20
412 16
168 22
49 2
207 4
157 29
392 28
289 9
120 3
308 15
15 18
18 13
462 1
191 20
246 2
471 8
125 18
168 20
355 28
478 5
336 2
218 27
410 30
207 17
224 18
444 26
479 5
158 20
481 13
295 10
122 14
74 3
499 9
390 6
160 11
266 3
353 11
73 10
192 32
494 8
497 25
357 20
454 7
267 2
419 14
12 32
179 29
138 25
29 24
234 8
246 8
35 14
334 7
63 26
90 17
497 23
197 1
414 6
71 16
436 25
93 19
233 23
235 26
152 19
249 13
450 19
384 4
148 6
295 23
299 16
471 31
174 15
499 15
21 6
119 28
262 27
254 22
334 28
216 1
250 32
369 7
162 1
387 18
174 21
224 4
268 14
118 10
64 32
380 16
389 22
391 3
413 24
348 2
131 7
82 32
231 14
135 24
406 17
405 19
405 16
254 8
25 23
317 25
191 9
24 27
398 19
433 14
410 21
407 29
47 16
124 1
142 2
373 11
482 1
182 22
257 19
114 13
158 14
221 32
182 13
130 20
363 23
241 8
47 16
164 5
339 32
74 28
249 30
231 19
74 4
172 14
198 5
463 31
67 31
406 8
483 24
179 9
302 28
117 24
123 20
144 9

