128
201 16
489 13
278 16
239 15
124 10
379 17
295 18
374 31
478 26
49 7
344 30
459 5
187 20
492 19
308 32
265 32
359 5
140 8
1 26
98 8
264 21
160 10
290 10
484 31
471 16
210 23
21 24
479 15
247 30
426 30
421 26
61 11
147 8
267 19
281 8
326 4
192 18
305 2
371 20
304 29
172 5
359 16
32 13
103 6
159 32
331 7
273 31
62 23
294 4
269 7
43 3
322 7
284 23
68 14
266 7
198 13
236 29
185 7
97 27
397 19
18 15
38 18
470 11
413 19
278 17
41 24
479 3
54 6
193 5
267 2
196 29
99 23
373 11
401 1
421 9
76 30
24 13
431 5
211 23
311 4
228 16
159 26
418 25
468 10
37 18
419 8
50 25
366 6
299 27
391 7
415 26
360 26
430 19
486 28
485 21
331 16
352 25
270 21
53 9
230 14
174 8
173 8
165 19
497 3
9 19
386 15
204 13
65 17
239 6
476 8
198 10
287 29
295 32
169 19
496 14
288 2
398 21
245 22
203 21
228 19
480 1
337 19
210 9
372 12
155 15
23 8
153 10
253 27
421 21
145 17
23 13
438 24
245 26
185 7
126 4
361 21
377 25
492 18
450 11
237 16
61 16
307 17
125 27
11 1
36 24
313 18
292 2
181 4
135 21
186 9
128 2
217 28
94 4
145 27
422 10
350 7
345 1
47 17
419 2
217 10
269 2
363 28
131 3
447 30
259 8
378 15
29 2
242 2
154 23
369 19
472 6
261 24
226 16
488 1
421 24
302 9
233 5
248 28
59 2
333 30
29 30
56 17
155 21
382 4
387 14
439 10
320 15
25 25
62 8
393 14
216 3
170 24
211 25
367 13
166 11
438 2
260 21
102 7
494 4
278 20
437 32
238 4
471 30
153 12
126 21
366 5
91 15
344 29
8 15
422 1
261 19
219 1
204 20
139 17
7 16
428 8
188 1
51 30
131 7
393 4
452 2
152 18
349 3
195 24
205 24
380 10
326 26
338 17
474 16
77 4
447 5
275 14
373 22
495 3
232 20
314 23
349 13
77 5
460 23
404 32
238 20
481 23
85 18
444 26
497 8
390 32
228 8
281 17
193 24
307 25
15 25
311 31
85 23
412 20
9 31
60 26
450 28
161 31
62 24
444 14
475 21
205 11
201 26
155 25
465 13
21 27
433 32
45 10
70 28
413 3
475 16
28 12
216 12
162 25
143 2
38 2
142 19
172 18
432 6
87 28
490 27
78 23
290 14
292 16
282 28
142 4
380 13
31 23
61 25
75 27
150 20
24 15
354 7
133 17
224 11
32 30
177 1
340 31
435 19
178 24
38 31
323 25
191 9
215 3
397 29
306 26
401 25
337 22
228 9
243 11
391 18
220 23
87 27
385 1
41 2
88 27
84 18
347 11
466 2
229 27
202 10
408 14
67 28
60 2
416 10
448 22
427 20
225 13
78 1
237 27
227 4
49 2
437 7
288 15
160 25
265 6
402 28
315 4
472 22
113 27
27 17
45 26
284 29
170 17
81 19
331 31
82 31
321 11
478 12
125 13
476 1
202 6
264 5
197 19
94 14
474 25
74 30
278 1
490 23
69 22
205 28
81 31
482 21
361 31
8 1
300 4
225 29
213 28
369 17
427 27
70 28
435 27
269 4
203 18
10 12
31 3
375 27
57 32
11 9
19 15
401 10
354 9
170 26
316 7
326 18
205 8
345 19
390 5
54 29
74 15
68 29
481 14
215 17
1 6
453 11
96 1
188 5
33 26
218 13
100 7
294 32
290 11
294 16
103 7
476 5
261 19
133 6
188 23
130 12
424 15
59 15
491 10
23 24
307 16
224 2
135 1
209 4
7 18
307 26
200 30
490 13
380 30
54 15
320 7
107 16
469 17
466 4
114 17
335 29
80 30
178 22
426 31
194 9
92 12
246 8
486 31
104 25
208 5
136 15
43 2
474 32
110 28
175 11
132 29
495 11
418 5
481 23
263 26
479 18
25 32
497 14
162 12
79 25
312 14
100 27
307 5
70 32
216 28
490 11
456 17
114 17
9 22
419 23
119 6
476 19
325 1
357 3
276 7
207 28
352 2
294 2
231 15
425 6
310 10
349 1
250 6
341 14
259 23
380 9
360 12
75 1
32 27
23 23
69 29
246 20
387 7
429 5
105 21
118 30
119 26
382 24
131 14
330 25
185 9
469 32
268 28
80 31
326 2
106 23
183 7
166 29
94 31
37 2
151 10
316 17
472 29
341 2
123 14
343 15
82 27
202 10
58 14

