128
474 21
150 22
267 11
152 1
144 25
381 18
458 13
224 19
133 7
166 13
127 22
72 27
424 31
455 32
417 31
228 11
99 5
156 6
271 32
162 11
456 6
56 21
190 15
123 7
86 9
75 8
254 18
130 22
196 24
457 5
230 12
355 8
413 14
397 31
317 19
153 4
304 4
240 10
339 31
316 8
355 2
339 4
240 16
489 3
403 13
399 28
481 21
163 9
115 16
131 15
470 16
259 25
491 10
118 5
212 17
104 14
175 26
378 6
261 10
52 15
163 15
498 15
259 13
387 5
72 29
8 29
152 6
17 31
115 23
323 23
419 15
96 25
72 21
62 17
191 6
199 21
120 9
347 22
209 25
103 16
453 14
376 1
227 32
99 1
378 1
371 29
51 27
93 23
143 19
307 13
472 5
37 11
53 3
468 1
319 26
96 16
31 27
228 25
215 14
450 16
98 16
444 29
138 1
123 25
43 25
465 10
137 6
456 10
88 19
154 3
345 26
382 19
220 1
484 14
286 5
82 27
252 9
235 30
413 9
22 27
341 26
172 30
339 23
167 7
402 16
37 22
421 26
472 29
378 19
278 7
239 7
249 11
236 24
232 24
396 29
307 1
90 22
214 21
309 4
207 22
403 3
307 28
12 18
168 21
437 1
403 27
8 27
369 23
338 12
94 18
56 32
470 30
82 15
426 2
266 12
451 4
78 1
195 9
90 22
329 22
159 23
53 30
85 21
112 3
373 1
8 8
309 5
425 22
215 22
131 4
185 13
351 14
41 6
54 30
259 18
8 17
316 4
286 25
184 1
27 24
454 14
188 2
214 4
3 4
314 13
111 26
65 13
112 5
358 29
438 13
399 21
237 22
60 11
318 16
271 8
3 12
81 6
485 6
154 3
425 3
471 15
168 7
496 3
195 13
296 13
173 14
133 22
111 25
284 17
140 10
476 14
278 13
36 2
202 29
453 27
359 19
13 26
14 4
305 4
65 28
44 9
497 17
498 11
73 29
387 16
335 19
205 28
271 16
429 16
280 1
302 10
8 19
164 13
174 32
80 6
271 32
327 3
4 12
225 24
457 8
287 15
178 3
458 24
83 6
123 30
267 17
500 26
91 11
498 24
334 21
354 4
404 12
74 3
207 18
186 31
261 32
305 18
167 22
89 21
500 16
462 2
488 25
243 2
179 32
45 12
168 22
319 8
281 20
182 24
190 4
2 30
43 3
92 5
272 24
309 19
243 11
388 6
287 14
11 6
221 32
329 1
157 32
164 22
39 17
129 24
416 2
234 23
140 5
371 28
208 20
34 3
154 2
384 32
255 15
257 28
154 22
68 2
233 3
451 7
131 3
55 7
413 20
209 8
316 23
463 19
110 17
325 7
270 29
55 32
455 11
203 24
248 22
121 20
352 16
307 11
354 25
381 22
500 13
170 3
19 32
337 13
332 10
95 1
222 25
329 16
312 27
487 3
301 31
243 8
382 17
338 32
261 2
353 20
10 18
74 17
358 10
361 1
423 15
142 24
456 2
375 11
352 13
29 12
172 3
360 25
171 5
492 27
119 13
42 20
70 3
360 15
377 32
468 31
175 17
499 22
282 29
248 13
86 12
341 21
399 12
161 1
100 5
204 22
201 9
198 14
212 13
49 24
129 12
90 27
476 12
136 13
313 15
445 18
10 17
358 8
188 18
33 12
374 4
5 6
480 10
196 23
463 16
482 3
111 4
97 22
363 12
398 23
466 26
276 19
479 13
439 6
355 3
305 20
58 18
6 17
215 13
432 17
296 21
323 22
336 15
47 7
2 12
225 19
137 5
498 15
337 32
133 15
110 5
123 7
98 28
407 17
32 30
45 3
103 20
436 10
138 2
488 28
277 13
162 17
269 19
380 1
298 20
500 19
300 18
425 14
453 16
266 20
21 30
162 31
381 13
413 19
430 24
362 26
316 27
118 20
386 9
41 31
212 4
442 20
365 10
465 1
401 30
300 6
243 9
44 12
261 12
142 2
208 11
247 7
229 4
459 18
65 15
149 8
390 2
139 6
159 27
422 4
184 25
333 19
385 12
402 21
184 27
186 27
249 16
117 9
499 27
91 31
425 11
43 26
32 1
271 22
488 4
101 19
264 1
301 28
161 2
144 4
96 5
438 32
316 30
173 7
481 3
81 1
205 11
71 24
8 25
277 7
385 6
17 24
162 30
148 18
371 3
221 27
176 18
162 27
64 2
157 8
448 6
300 16
64 2
239 27
415 20
417 23
245 26
298 30
103 1
284 21
292 4
291 11
14 9
309 5
138 6

