128
479 8
301 3
99 3
288 30
494 7
53 9
277 5
320 25
79 12
290 5
72 32
316 31
468 15
331 30
266 12
4 29
83 8
91 1
470 18
46 16
241 15
268 9
499 3
189 25
15 18
246 6
401 17
392 28
319 6
226 12
345 13
32 4
236 6
460 29
500 2
20 16
456 4
108 2
78 24
234 20
125 23
29 25
243 28
244 5
345 13
349 18
401 24
469 12
354 24
193 21
285 20
296 8
351 27
397 29
402 3
372 26
461 9
254 32
172 5
116 5
170 20
58 10
196 10
58 9
305 30
105 26
313 32
181 8
6 10
444 11
60 19
136 4
67 21
75 31
237 7
459 10
154 24
180 5
41 9
249 1
338 9
286 22
456 27
165 1
100 32
219 15
275 14
30 13
94 21
283 27
295 13
440 20
256 23
1 4
207 5
197 4
158 30
46 21
152 22
74 27
170 32
261 8
498 27
488 15
247 31
273 9
363 13
192 15
183 20
470 2
497 22
137 6
500 30
266 11
244 15
106 9
335 14
208 28
360 3
422 22
169 19
498 12
259 26
354 1
437 11
34 5
341 7
438 20
204 4
194 23
246 3
63 32
369 14
411 24
21 5
334 17
231 11
220 21
224 21
133 17
100 23
445 32
41 31
483 32
438 16
395 19
327 21
115 3
283 13
422 19
61 7
491 7
290 31
483 21
487 16
25 18
486 26
229 2
56 3
121 25
387 23
379 5
176 29
259 14
222 32
112 26
491 2
277 24
16 27
144 19
226 17
292 15
342 21
88 1
83 17
241 9
75 3
385 18
464 19
411 9
379 30
318 25
476 2
148 31
205 27
197 6
311 21
345 20
213 4
400 31
492 12
116 27
259 20
20 14
495 11
258 25
304 23
241 7
21 32
474 21
382 22
6 5
362 14
196 18
134 12
221 5
87 24
395 5
335 11
418 17
49 7
405 28
250 25
335 22
236 8
346 18
33 3
162 7
405 13
320 2
156 8
366 15
227 5
87 10
379 5
94 3
31 3
130 8
347 32
253 19
475 6
404 4
153 25
254 25
125 1
298 29
317 31
23 7
127 29
456 17
317 10
431 12
252 17
331 6
228 16
384 23
33 27
414 29
203 3
297 24
295 14
108 11
109 30
6 15
294 1
92 27
66 18
310 21
286 24
119 18
75 18
272 28
141 1
496 31
55 13
22 5
238 9
164 6
462 1
285 32
333 20
218 11
101 31
67 7
370 25
104 29
39 31
52 23
411 15
373 1
191 11
165 21
227 20
478 25
348 14
148 21
489 17
431 6
95 29
328 4
34 3
408 32
305 23
102 31
210 10
31 32
220 3
32 7
375 14
339 10
123 22
254 28
202 28
53 20
33 12
111 14
162 23
489 14
33 2
384 18
267 10
346 31
312 5
137 2
238 3
260 13
460 9
176 29
253 8
160 29
311 6
54 32
344 22
141 9
483 24
470 1
141 11
87 12
44 3
138 1
49 25
345 28
465 20
372 5
99 7
353 13
357 10
84 8
299 24
428 21
451 10
234 15
64 20
43 3
247 8
240 27
132 16
7 32
456 14
165 30
465 5
167 1
127 22
372 13
326 24
262 28
49 23
367 20
18 5
71 32
292 26
263 11
97 17
222 12
350 14
310 18
107 20
486 1
77 26
361 22
361 14
30 17
468 28
372 14
8 26
305 11
103 7
425 28
39 30
103 21
384 16
406 30
91 24
74 12
453 10
421 1
260 18
73 27
345 20
268 12
238 21
354 32
343 10
243 18
424 2
474 19
461 11
148 20
474 13
219 18
358 31
442 13
89 2
196 29
310 15
489 3
387 30
90 30
472 29
463 15
30 20
201 14
18 16
393 32
420 31
121 17
102 3
246 14
280 5
178 25
255 18
339 22
212 29
223 23
261 1
77 22
472 5
131 17
476 4
184 15
338 1
375 31
71 28
332 6
412 22
291 19
379 25
160 22
409 26
124 13
66 16
162 13
180 5
229 7
20 13
105 9
421 20
296 15
99 19
192 15
340 18
29 15
463 8
12 31
421 16
392 26
39 13
226 19
197 2
77 24
70 14
73 26
13 8
332 15
198 28
325 2
357 29
460 23
392 19
42 4
458 1
1 1
337 2
67 30
384 11
453 17
28 21
147 24
96 18
355 22
353 3
35 26
384 6
232 3
316 5
439 26
409 3
122 18
369 12
335 8
386 3
260 14
164 2
157 19
384 11
256 32
42 30
297 13
135 9
51 27
5 21
428 18
132 13
363 28
292 17
455 13
335 26
294 10
120 31
109 15
313 4
442 22

