128
45 8
98 22
51 16
164 17
367 22
286 32
411 7
419 11
439 22
357 1
410 27
348 29
491 3
199 18
8 8
456 24
491 25
269 10
240 20
258 14
342 27
266 12
429 20
210 3
173 6
427 14
232 10
239 7
81 5
272 16
172 8
343 26
280 20
407 8
247 29
181 16
207 2
191 24
481 17
206 29
466 29
87 22
258 21
124 18
465 19
129 4
326 8
1 26
435 32
181 1
424 21
121 18
159 11
469 11
63 3
144 17
159 18
430 4
110 1
458 30
3 22
209 13
409 29
286 23
468 6
228 23
178 8
373 16
10 17
179 13
367 2
305 17
255 2
145 24
490 10
289 20
187 21
172 28
57 5
290 13
126 9
267 4
68 11
343 2
184 13
354 14
46 10
279 32
243 19
367 12
376 11
427 26
151 31
9 16
259 7
436 13
19 30
392 31
397 2
16 4
107 13
333 28
378 15
304 32
237 18
407 28
325 9
174 27
135 10
238 10
184 5
482 31
79 5
289 11
458 28
406 20
24 30
420 29
53 11
224 13
244 6
253 24
314 30
99 21
459 28
46 23
213 19
197 3
251 17
117 28
492 26
328 19
315 31
267 3
321 10
360 4
471 24
188 28
389 14
436 27
473 13
193 9
7 5
327 21
225 23
21 32
20 32
82 7
94 32
53 6
41 24
181 23
23 4
499 3
5 2
462 26
267 14
14 13
43 13
234 7
487 18
335 19
101 24
193 14
468 1
311 32
9 27
223 7
359 9
146 15
358 7
192 24
112 10
249 6
102 6
125 24
235 19
298 7
430 2
232 1
87 6
257 27
384 23
181 30
51 10
309 8
284 20
384 4
409 4
253 18
113 21
450 31
391 19
385 17
89 24
217 23
9 17
473 28
303 17
338 5
331 6
465 10
497 12
213 22
331 22
267 23
46 16
493 17
167 25
109 23
196 17
281 12
2 29
299 8
257 32
361 7
133 25
53 30
24 29
387 18
434 25
500 28
425 28
120 11
220 12
345 3
256 13
174 29
81 20
117 21
460 17
276 24
5 12
73 12
148 7
85 26
316 4
413 8
75 32
182 18
111 18
264 6
354 1
179 6
260 7
122 7
123 21
163 31
280 19
358 8
398 6
9 25
25 21
304 7
304 17
448 30
214 11
335 31
499 5
352 30
159 29
181 1
74 3
111 17
281 8
132 14
261 24
242 21
412 5
87 31
233 18
332 22
96 31
364 6
31 23
56 14
40 8
174 5
282 13
169 30
104 13
92 1
292 17
1 16
82 16
474 10
325 10
464 29
176 19
218 10
246 5
99 29
212 5
101 21
261 21
55 4
273 30
80 5
330 25
472 3
224 1
429 8
454 12
320 17
422 6
187 7
14 17
303 22
113 3
218 5
376 28
89 24
121 12
64 7
304 15
213 11
184 21
75 25
236 22
266 30
135 4
176 5
292 7
226 9
85 3
129 32
271 21
312 23
89 19
341 4
262 6
419 17
398 1
81 26
90 18
495 17
353 26
77 9
352 14
401 9
448 29
100 14
98 31
461 18
138 1
429 19
58 3
195 32
43 11
293 25
177 15
61 17
456 29
25 8
142 9
448 25
158 23
11 23
310 11
292 7
123 28
49 17
419 27
488 1
221 8
297 1
418 1
278 29
345 10
384 6
431 19
427 24
230 5
194 31
407 21
41 25
204 29
413 14
331 24
287 27
31 7
300 20
440 13
173 4
230 20
270 8
91 8
99 16
484 12
62 26
276 18
122 16
42 27
305 4
286 11
126 17
174 25
468 25
353 20
248 27
400 5
94 14
416 1
161 23
336 10
492 12
27 2
295 8
500 23
291 13
42 8
305 19
193 1
179 5
264 6
331 27
499 1
152 22
321 4
17 12
237 28
471 7
473 17
182 24
68 24
461 9
240 1
175 32
37 5
180 21
334 3
315 20
139 23
98 3
130 22
318 7
473 5
481 14
257 27
121 28
134 9
284 17
198 30
360 10
14 20
238 12
254 13
31 24
19 8
202 28
93 7
366 14
159 15
363 32
361 31
91 26
268 31
71 17
184 26
402 30
173 24
249 2
192 7
169 6
259 18
61 11
241 3
268 3
477 18
18 25
169 29
182 24
335 28
104 22
386 1
419 2
496 27
484 27
150 28
452 16
374 1
110 6
143 18
216 19
211 10
307 19
194 28
166 32
92 17
249 13
478 8
386 9
38 17
364 3
225 3
446 26
179 12
415 5
489 6
439 31
67 1
282 20
85 27
343 20
420 8
356 29
111 13
369 16
314 8
39 10
399 4
487 13

