128
134 12
29 25
143 16
394 18
43 17
172 9
172 10
295 26
98 12
203 20
240 7
384 28
122 23
240 13
430 9
358 32
104 18
408 7
149 29
172 8
477 24
192 8
93 30
482 31
286 8
26 25
430 29
44 23
196 15
368 29
155 13
392 11
462 19
357 31
451 8
302 28
427 21
131 32
182 4
414 27
499 15
343 24
199 6
479 30
372 18
371 11
422 22
489 27
413 5
345 23
428 30
346 11
342 21
226 4
440 7
342 3
77 17
218 31
274 8
373 10
393 23
24 22
356 8
401 20
208 9
483 23
95 28
341 24
156 10
163 8
56 25
238 4
393 3
463 30
3 31
311 3
77 26
413 32
49 9
52 12
261 30
95 23
65 3
495 9
205 9
168 28
13 25
96 9
211 2
423 5
392 13
312 20
271 32
103 7
240 6
279 24
391 21
207 28
159 29
28 3
209 19
475 6
155 30
330 5
479 20
282 30
189 17
393 7
372 3
481 23
353 31
462 11
483 28
402 10
220 9
356 29
179 10
354 5
251 15
50 5
287 19
302 3
127 18
489 18
41 21
460 29
80 21
339 6
441 13
55 8
225 27
292 16
92 5
88 11
32 29
71 22
171 17
496 17
418 32
146 22
304 9
202 7
378 25
149 14
337 27
181 25
317 25
316 25
173 28
251 16
392 17
373 7
397 28
211 3
203 25
124 15
461 10
241 30
422 1
359 6
296 32
318 16
68 6
20 20
241 10
444 24
295 8
46 27
36 21
357 30
465 21
96 13
10 1
467 31
429 21
188 28
68 1
188 11
342 19
375 6
329 2
66 23
337 27
165 12
219 14
462 27
206 21
312 31
97 18
497 22
454 32
453 26
392 28
156 6
347 2
19 11
403 8
1 12
399 17
111 17
390 32
4 31
333 19
161 9
92 25
10 9
192 15
66 24
454 6
373 24
307 7
178 10
327 2
449 17
195 11
45 16
335 12
31 31
362 11
151 1
200 5
202 27
327 11
178 28
192 14
432 23
441 21
208 3
139 20
195 9
418 19
268 8
139 6
122 28
489 13
157 20
137 6
430 3
476 32
94 32
9 17
166 1
486 21
419 28
232 21
160 5
56 27
401 6
77 18
45 17
350 29
456 14
410 17
300 18
196 14
405 29
270 6
357 3
146 32
82 1
92 1
25 27
372 17
192 28
3 1
216 32
141 15
190 31
259 29
288 15
86 32
11 8
465 7
314 30
346 8
338 26
340 2
288 3
343 20
10 21
420 9
48 16
247 1
462 22
282 29
312 7
292 14
426 32
392 24
217 26
339 26
379 6
120 6
93 14
349 6
158 12
179 21
328 5
146 9
282 19
390 29
145 1
266 7
289 30
162 29
99 28
263 9
233 18
346 9
47 7
279 32
462 29
112 13
85 9
430 27
387 27
163 20
351 1
306 27
290 23
348 20
170 14
68 18
47 9
79 29
459 9
500 1
17 15
413 5
424 2
23 18
12 22
193 23
466 30
353 19
316 8
346 5
365 1
91 19
177 17
207 24
377 10
260 29
21 4
49 16
14 32
105 1
257 6
239 10
499 8
180 23
347 1
355 4
141 17
474 9
113 5
156 25
90 23
437 6
439 22
257 32
57 22
180 9
363 23
90 29
66 13
379 12
497 14
475 13
30 5
305 31
481 21
335 22
227 12
32 5
109 16
320 21
1 4
181 31
122 14
428 23
390 14
98 6
243 17
22 25
373 6
119 29
138 13
274 5
428 13
233 24
297 13
404 1
404 8
364 9
205 27
211 14
300 32
183 3
232 4
19 4
234 17
160 3
293 18
439 21
442 16
108 26
76 24
387 11
447 26
3 20
392 17
449 27
372 20
85 32
391 23
59 32
91 3
199 4
356 9
456 17
160 3
239 19
278 5
213 25
78 15
80 17
279 12
11 15
363 8
106 22
50 16
229 5
86 23
376 5
416 31
442 23
97 32
14 27
8 6
451 1
145 30
405 19
409 27
425 8
214 14
377 32
46 17
256 15
384 11
276 7
165 9
77 9
100 6
487 11
168 21
395 32
466 27
86 27
417 19
498 23
392 30
246 29
330 25
272 21
187 31
215 11
319 24
463 14
233 22
80 8
238 2
415 28
476 25
430 16
11 23
374 10
4 27
191 1
175 18
250 21
64 16
63 22
311 18
3 4
179 26
147 16
55 18
471 22
62 32
273 20
30 11
325 9
469 3
218 24
32 31
208 3
486 11
328 21
500 26
192 2
411 2
445 13
251 28
346 28
19 7
87 17
469 12
433 21
130 2
284 2
320 24

