128
399 1
313 12
215 8
107 12
459 17
354 19
212 5
119 26
428 2
281 26
318 17
34 18
237 12
435 20
89 10
420 3
306 20
50 17
19 24
228 17
156 10
239 23
218 9
456 22
383 29
355 16
53 9
86 5
40 24
292 13
477 19
171 11
146 29
155 1
376 22
345 28
167 20
102 13
440 2
382 6
146 16
78 10
476 23
486 12
386 6
348 14
192 6
496 30
238 18
206 22
236 14
349 6
485 2
138 29
359 19
450 32
459 23
53 26
393 23
301 26
20 28
492 19
18 31
252 3
341 13
72 24
359 8
181 27
222 15
119 12
41 25
436 3
299 20
433 28
378 1
469 5
85 28
164 30
151 7
60 11
76 24
270 14
255 30
128 8
120 31
408 13
371 31
11 5
182 11
212 28
380 21
160 8
344 23
269 10
442 4
188 17
311 21
302 26
259 5
393 30
379 20
242 25
494 25
270 4
399 29
87 14
13 30
445 1
273 25
202 18
393 30
230 23
198 31
120 4
163 17
186 6
312 11
494 22
383 27
333 6
96 23
263 8
220 8
168 8
124 18
205 28
463 26
71 32
20 2
320 27
202 5
428 22
135 29
23 18
36 3
151 15
329 9
442 12
324 30
40 16
35 12
315 29
234 29
360 29
427 31
287 16
387 22
197 18
135 15
39 10
129 25
4 9
453 13
357 17
258 8
76 24
343 10
492 24
479 16
181 5
86 11
236 17
181 25
494 19
3 4
188 24
424 19
440 28
487 20
4 9
43 11
240 14
173 20
165 27
139 25
407 16
16 18
48 4
426 1
214 17
276 17
412 31
443 7
427 1
499 6
377 21
65 9
130 5
52 7
239 30
343 29
117 2
490 13
405 24
409 26
48 17
222 15
235 12
13 9
445 15
147 21
256 31
289 5
299 24
383 1
85 10
385 2
435 10
218 16
493 26
161 8
162 19
54 25
398 11
113 10
281 15
15 28
321 27
273 15
199 11
7 7
232 11
336 31
469 21
210 21
31 22
57 24
104 18
292 6
28 17
195 21
15 13
48 12
216 16
306 26
327 9
196 14
55 8
428 7
288 25
188 10
211 24
66 22
205 17
19 5
113 10
245 32
126 8
167 29
316 4
106 18
136 22
403 31
37 11
417 24
23 32
198 17
51 3
251 32
119 1
340 20
38 28
415 32
79 29
356 26
404 18
387 12
467 10
434 3
176 14
382 22
158 27
283 4
341 13
315 16
357 6
395 23
441 21
410 4
93 17
265 16
282 8
239 8
497 4
454 4
226 4
369 31
414 31
442 27
239 5
66 24
262 12
342 11
472 3
426 16
71 10
411 21
397 26
452 1
173 6
64 14
93 29
132 6
287 14
260 6
34 9
473 27
340 10
53 19
268 18
226 30
372 1
42 12
138 14
161 22
251 16
412 27
8 15
200 7
172 32
24 13
488 8
204 28
161 12
490 28
234 16
321 25
408 11
224 9
208 16
58 10
108 1
4 11
216 3
113 11
14 28
92 10
483 31
33 19
402 18
126 7
293 7
443 16
161 3
96 8
50 22
29 17
326 20
328 5
86 12
428 24
428 7
453 10
17 5
109 14
210 10
257 23
32 19
202 32
365 30
411 7
303 23
275 8
322 18
21 32
394 28
359 5
170 23
286 6
499 10
307 16
480 7
210 3
114 12
203 14
61 9
244 27
256 11
194 9
472 14
336 25
13 30
389 10
208 11
71 14
68 2
414 7
292 3
58 1
238 12
235 22
76 2
364 19
348 18
260 8
123 3
36 8
493 29
169 20
99 32
406 26
321 31
65 8
145 10
369 15
85 23
32 8
284 20
195 4
157 22
303 3
252 10
266 24
114 27
148 12
378 13
230 26
75 6
161 11
119 9
453 3
335 29
66 23
84 4
102 20
65 4
370 17
93 32
116 19
422 19
270 19
167 3
200 9
144 12
312 22
93 12
464 19
452 2
397 23
141 2
126 30
253 32
78 18
483 21
404 24
456 1
258 6
24 21
215 11
316 2
429 20
141 24
187 21
125 15
479 30
285 21
27 21
304 8
438 18
148 9
393 3
218 18
77 13
458 23
259 5
316 23
385 4
283 31
400 7
357 3
228 29
187 30
234 10
209 23
479 1
364 3
459 9
224 11
321 25
177 11
305 24
118 21
300 16
463 19
10 32
133 26
164 11
343 13
12 28
68 14
408 3
212 30
363 3
105 31
467 9
465 24
477 10
312 28
333 31
178 15
446 3
284 25
481 30
358 1
177 9
334 20
59 30
6 21
332 26
307 27
94 27
422 2

