128
382 5
36 16
101 21
49 13
47 31
353 11
69 18
458 27
86 22
271 28
225 6
500 9
438 5
458 6
70 11
379 8
359 27
135 7
171 15
71 25
325 27
379 29
57 20
91 30
261 10
213 1
3 9
30 5
357 7
82 14
109 28
229 32
226 11
278 4
250 25
112 6
271 30
171 31
382 25
172 26
178 21
479 17
449 4
121 9
346 30
434 26
13 11
273 15
377 31
134 14
399 14
404 9
439 22
200 28
186 3
314 16
459 16
44 19
3 20
63 28
69 17
153 9
159 14
171 15
476 9
365 2
254 16
246 32
341 17
216 18
20 17
93 10
24 32
237 18
3 23
225 3
295 1
4 1
302 2
192 25
330 12
354 31
175 4
331 31
100 26
244 7
426 17
301 9
324 13
326 3
335 6
249 10
278 16
138 20
130 25
60 27
88 6
246 30
217 24
480 28
473 12
139 26
264 19
50 11
475 27
117 1
128 18
494 5
321 20
188 18
312 4
113 16
365 6
365 17
285 9
248 13
272 14
358 15
176 7
325 30
485 6
15 32
11 8
220 23
491 28
485 7
7 21
54 7
158 2
303 22
114 2
402 29
140 7
271 15
369 4
317 13
241 11
316 31
190 15
285 13
294 29
335 8
69 8
22 10
157 4
371 19
78 32
7 21
382 26
383 18
77 15
454 5
233 9
419 11
156 23
307 1
176 9
453 4
380 22
174 24
2 12
158 31
316 25
147 17
146 21
151 14
284 32
242 28
77 20
142 32
66 28
384 29
88 8
189 19
14 14
355 23
405 20
445 4
380 7
473 29
323 23
450 30
430 27
474 30
54 31
441 24
415 29
64 30
364 20
173 1
465 27
243 26
390 11
293 26
129 17
498 12
239 32
261 29
490 2
378 8
53 23
367 27
199 18
320 22
386 8
143 6
370 13
423 16
424 28
233 8
184 30
207 19
177 28
295 23
405 8
266 29
194 28
423 16
265 15
306 18
438 28
204 24
184 22
419 31
45 15
11 29
380 25
355 9
36 29
279 17
172 28
397 2
27 4
461 3
118 22
293 7
417 12
214 25
325 4
207 18
134 29
302 30
286 28
126 9
156 4
113 27
447 6
396 21
385 13
115 26
326 11
56 19
106 30
195 23
253 1
4 19
322 21
104 19
312 21
279 7
132 20
497 22
457 29
402 1
453 32
194 10
275 25
372 32
222 6
14 23
171 29
213 4
25 24
98 32
248 16
6 3
323 7
160 27
247 1
323 11
280 20
328 10
117 16
138 2
469 31
164 27
372 32
130 12
395 19
84 2
159 17
224 5
443 27
464 25
499 26
239 27
302 23
184 26
470 13
107 26
176 19
429 7
498 18
294 9
341 29
238 7
170 14
183 4
400 10
153 3
284 31
177 17
161 32
206 26
385 4
124 24
286 8
458 8
313 15
380 29
332 25
3 25
134 14
464 14
35 24
284 26
359 12
106 11
23 19
205 23
327 24
170 12
231 11
99 23
82 2
48 5
151 22
265 32
439 24
169 26
196 28
143 6
263 29
276 18
263 20
44 5
159 22
405 9
44 3
432 25
185 19
389 31
84 25
470 11
233 11
348 32
294 22
333 13
294 20
194 1
292 5
349 18
154 21
339 26
460 26
174 28
304 15
330 19
419 23
261 23
493 32
430 7
302 26
195 7
74 16
3 21
476 12
314 14
456 32
31 23
125 24
410 4
118 11
315 13
242 19
39 2
35 25
20 8
82 26
282 31
453 21
19 29
488 25
262 31
336 16
358 17
347 7
240 13
358 10
205 19
481 27
184 15
63 28
202 5
269 3
299 30
471 22
354 22
2 3
253 5
110 10
149 24
80 9
476 1
294 28
387 14
275 7
288 9
478 17
481 22
176 16
171 10
449 12
308 18
342 20
138 31
373 11
463 12
27 26
241 4
470 31
446 12
401 13
432 6
426 1
328 17
396 14
450 20
374 25
145 7
20 26
370 8
420 28
48 22
269 32
470 10
470 11
333 3
147 9
452 20
29 3
376 24
277 30
119 10
138 15
216 2
396 21
253 12
268 28
465 5
439 26
478 25
348 3
131 27
427 2
270 19
213 18
82 21
27 20
490 4
314 13
321 9
494 14
228 17
225 21
1 4
478 3
424 18
493 22
24 15
339 25
77 27
494 10
391 24
61 12
184 30
437 32
434 26
281 26
42 22
206 31
21 27
373 20
360 5
53 23
487 31
232 19
294 25
424 8
245 24
416 12
357 12
135 26
281 24
155 14
273 32
216 5
395 12
292 6
304 32
193 2
86 12

