128
43 11
2 22
440 10
20 12
319 23
430 32
283 11
286 26
267 27
66 26
282 13
94 28
105 30
337 1
168 12
203 19
3 32
76 10
258 15
205 24
413 26
55 23
473 20
188 15
407 2
269 4
298 26
436 18
499 20
342 27
36 9
81 22
248 20
183 17
102 19
285 6
224 31
60 16
31 12
139 1
57 7
328 26
120 3
459 22
239 28
340 22
344 28
367 12
279 9
152 16
139 4
245 6
127 17
410 21
108 20
445 8
158 24
369 25
239 11
98 17
330 30
454 10
61 16
469 8
220 16
219 18
408 12
71 22
472 12
190 23
231 30
94 24
257 30
16 15
344 30
323 13
255 4
346 19
95 10
154 10
138 17
23 13
40 18
78 23
425 11
293 28
252 10
395 28
51 3
355 14
376 9
418 26
305 16
296 31
281 6
213 18
26 3
462 17
180 31
279 17
9 19
464 16
160 30
472 2
268 22
307 31
206 8
476 10
339 4
261 16
73 17
389 30
411 31
366 7
445 20
399 6
66 2
417 1
71 32
138 31
269 16
185 19
19 21
336 14
432 4
181 32
420 29
305 7
475 10
273 24
313 3
77 2
236 17
158 2
85 3
496 5
90 29
31 8
45 19
169 8
314 17
183 10
474 3
416 8
156 28
71 8
414 27
401 1
492 10
454 28
204 2
132 29
334 23
104 14
381 25
205 30
325 27
131 22
373 22
450 8
289 28
199 14
167 23
350 2
8 16
289 11
105 28
355 14
286 10
167 26
82 15
64 11
109 30
56 5
444 29
212 4
25 26
434 15
212 31
404 15
438 12
281 30
315 31
183 25
444 5
470 10
71 9
284 27
79 19
11 26
196 10
105 8
335 14
114 18
173 5
116 26
412 24
4 22
382 2
178 30
387 32
203 25
384 26
488 14
176 18
335 27
72 4
442 30
329 23
304 29
275 15
463 10
315 14
116 28
355 13
225 21
144 31
198 20
116 1
341 4
34 8
14 13
319 32
363 27
214 26
352 17
84 14
378 14
335 25
150 9
490 2
430 17
5 11
12 24
15 5
263 28
232 25
357 22
436 19
400 13
88 7
341 19
268 23
273 14
415 10
143 20
499 20
37 11
402 8
475 8
252 29
19 23
217 11
384 12
445 28
5 8
386 21
55 22
267 27
107 26
304 25
437 14
172 17
157 9
225 27
192 4
423 19
311 12
437 6
143 26
477 15
265 3
196 27
368 14
201 26
495 24
75 20
158 30
256 30
171 28
500 22
308 14
424 26
413 5
163 16
94 32
406 30
206 1
233 25
415 13
250 21
289 4
192 10
70 12
463 8
131 30
305 6
235 5
259 4
293 30
407 6
265 16
447 30
265 27
246 31
316 7
291 12
171 27
401 12
134 27
183 12
28 15
54 2
419 16
261 27
437 23
448 9
183 3
374 23
277 27
181 4
170 7
47 12
453 3
283 6
13 9
202 20
155 3
154 10
270 26
284 31
285 4
111 23
478 13
469 2
159 1
198 8
119 20
19 8
395 9
9 19
469 30
447 8
168 28
49 18
365 20
348 5
415 22
319 28
146 7
350 9
287 3
336 14
346 3
329 12
359 1
147 28
399 5
155 30
44 19
355 20
386 30
113 29
12 19
396 21
422 21
165 32
347 13
113 13
207 1
432 25
482 22
96 32
22 22
149 25
452 12
29 14
57 5
490 28
275 1
77 16
334 13
404 12
93 28
372 7
161 16
216 30
233 19
373 31
61 25
375 16
376 3
53 13
395 6
352 30
131 24
217 28
373 28
143 29
488 31
116 20
170 3
493 18
493 13
360 29
237 7
121 9
489 9
249 16
67 28
257 21
232 25
160 24
445 22
420 12
20 23
283 1
217 15
295 14
343 2
466 31
388 22
395 17
111 27
464 13
447 12
225 10
396 16
485 24
241 20
475 25
291 1
153 3
235 11
420 9
101 26
8 20
175 14
420 13
249 3
313 31
306 25
76 18
124 8
41 13
315 12
125 5
124 29
168 27
76 23
435 20
176 10
367 31
196 11
487 32
373 4
490 27
188 5
380 4
476 20
176 6
139 20
451 11
280 18
325 23
408 7
382 24
405 17
286 8
239 32
247 7
275 4
141 31
356 12
126 19
496 17
324 30
304 2
100 19
95 12
290 27
387 19
438 3
475 7
446 29
198 16
176 9
131 4
287 26
40 8
168 15
416 3
20 27
469 20
5 23
247 22
417 17
21 2
127 11
428 28
60 14
115 11
450 29
106 28
82 29
351 1
383 26
296 23
188 8
226 32
30 8
190 15

