128
90 11
78 1
357 8
338 28
83 4
333 28
303 14
21 22
208 7
234 11
258 29
361 23
304 20
212 10
163 12
126 1
478 3
265 2
358 7
157 24
482 14
67 12
75 7
1 26
150 23
197 11
235 9
53 6
161 28
252 23
363 13
427 28
135 24
174 24
146 26
283 7
375 1
262 2
491 19
83 20
349 31
250 27
188 30
472 4
269 15
22 31
303 17
323 9
344 24
280 5
29 14
319 24
114 28
205 21
46 19
96 22
270 6
328 25
351 16
8 28
226 21
454 25
181 20
169 12
123 1
216 28
214 26
259 28
170 11
284 3
305 23
461 14
428 8
86 31
291 1
102 21
474 19
249 26
183 13
382 17
69 21
160 27
187 30
110 4
436 5
422 5
475 30
370 23
374 24
33 28
400 14
384 13
40 28
231 6
253 12
379 21
412 2
103 14
160 4
453 7
160 23
39 3
460 29
37 25
216 13
201 11
54 4
340 25
420 30
315 8
181 21
344 8
82 11
42 21
214 6
40 22
72 6
8 16
338 16
68 21
464 28
168 21
56 23
109 31
76 11
350 28
467 1
51 21
343 24
141 25
290 4
430 25
110 5
96 11
332 16
500 15
135 31
15 10
25 15
368 8
398 13
59 24
262 5
264 24
405 21
12 26
436 29
406 1
229 26
344 20
369 11
58 19
361 4
45 29
47 4
188 12
129 6
11 30
58 15
345 6
31 5
7 26
149 17
215 2
470 6
141 18
252 23
340 24
474 32
200 12
148 23
167 20
336 26
369 5
156 5
59 10
273 9
355 10
33 29
3 2
478 31
339 17
397 23
192 15
266 27
446 25
129 17
392 12
494 28
61 17
177 27
186 9
387 28
222 28
313 28
273 26
71 16
19 15
494 18
41 27
453 23
24 29
451 31
101 16
27 25
444 27
483 25
3 21
372 21
140 12
300 13
474 10
376 16
41 1
405 21
479 13
419 14
494 17
121 18
164 7
458 31
53 28
87 3
160 11
131 32
494 7
64 27
4 7
14 8
159 11
329 1
331 7
343 32
468 27
121 23
461 26
90 1
369 12
419 5
338 26
32 12
184 15
354 15
237 16
435 27
138 19
235 16
361 9
144 16
39 32
459 3
194 28
215 14
427 6
442 29
35 21
152 30
271 13
108 23
372 2
105 21
156 12
181 13
268 20
344 23
291 2
9 12
53 28
398 4
209 11
300 31
16 7
164 2
455 7
497 15
165 9
391 28
292 7
188 8
98 4
218 13
37 22
224 2
153 17
125 17
312 4
159 27
374 10
316 28
445 20
210 25
117 13
132 16
375 28
319 13
55 20
65 3
318 16
236 26
261 8
35 28
283 25
102 20
15 17
40 19
433 25
271 1
53 30
308 24
73 7
104 23
218 28
422 3
455 29
5 11
369 7
138 15
83 27
11 1
212 18
259 16
2 29
396 15
283 31
334 19
33 9
186 31
456 3
285 14
467 29
329 3
383 30
338 2
409 20
266 4
101 21
115 14
257 2
8 11
416 1
98 5
129 7
51 12
241 3
50 7
180 18
394 2
195 27
379 7
282 5
426 18
21 28
483 9
253 27
20 29
183 17
469 4
399 3
451 31
57 8
49 4
229 14
298 8
172 8
230 21
172 24
186 4
251 5
173 16
363 32
24 25
308 12
412 6
214 11
48 18
214 8
358 11
390 27
218 29
182 31
218 14
306 23
397 9
275 29
412 25
260 3
386 11
482 13
328 27
11 19
316 9
175 1
19 16
179 4
476 29
34 29
66 24
448 26
248 14
383 23
211 18
297 24
265 6
244 12
324 27
319 11
183 25
164 21
56 6
436 19
406 25
428 11
12 3
137 15
300 27
269 22
216 29
309 8
342 17
72 1
11 18
156 13
234 23
393 17
12 24
23 30
352 18
92 32
28 12
122 4
450 19
41 18
455 6
145 17
254 12
165 32
309 28
308 6
490 12
34 14
83 25
271 18
62 18
297 30
442 31
269 3
13 25
56 31
10 13
467 19
472 32
230 21
303 29
26 13
440 16
146 10
172 4
308 17
129 12
174 18
226 14
165 26
455 8
57 4
124 7
431 12
358 8
80 1
49 25
453 12
368 6
214 15
365 17
124 29
328 13
119 6
443 3
143 1
354 23
212 30
426 26
129 3
154 8
295 6
16 15
41 8
196 6
274 28
126 21
109 18
398 7
359 28
361 21
88 18
404 31
247 9
293 23
315 26
434 14
499 30
60 15
185 16
145 26
19 10
59 3
75 16
57 17
147 17
138 6
335 17
384 17
73 28

