128
367 12
66 25
26 8
150 11
40 4
191 26
97 22
230 15
170 10
347 7
285 9
500 19
74 5
247 22
416 3
91 26
6 32
395 31
487 24
209 2
167 23
240 31
276 25
57 2
262 7
96 11
419 31
209 1
171 23
162 19
137 8
72 6
260 30
24 14
213 12
476 15
482 11
494 14
239 26
55 5
157 22
251 15
448 11
419 23
117 5
57 26
36 20
247 19
446 3
245 6
206 16
389 16
490 2
149 28
135 11
432 27
56 14
218 19
344 24
473 25
272 17
66 8
361 16
306 22
434 26
315 32
473 15
31 2
288 11
42 11
85 29
417 20
359 14
346 2
326 15
14 1
51 11
256 3
243 2
68 12
463 19
19 4
289 25
249 17
79 2
203 23
319 31
6 9
457 16
230 18
22 4
230 28
174 26
335 8
251 22
444 21
488 30
352 9
363 29
205 25
94 19
308 28
229 25
440 29
16 14
170 5
265 32
461 30
89 31
206 19
400 25
255 28
462 31
16 12
59 28
469 24
478 20
268 30
440 23
95 20
80 8
196 20
367 24
486 31
154 23
497 10
43 24
293 4
358 8
180 16
379 20
271 16
127 26
265 18
301 7
225 20
327 29
76 21
428 25
500 10
455 4
339 29
99 23
352 16
142 15
75 32
382 6
79 8
439 27
426 15
406 30
119 16
70 10
276 14
458 23
135 16
123 9
260 21
307 11
29 28
346 3
319 27
152 9
87 7
91 28
329 4
13 23
431 19
344 23
136 1
481 22
416 7
94 27
324 28
490 32
347 31
306 17
265 10
413 27
48 27
214 4
203 15
175 17
161 26
191 32
23 20
417 10
478 18
317 21
409 10
356 3
344 22
123 32
471 11
311 14
241 16
97 3
102 11
280 30
493 26
261 31
493 17
156 7
186 12
123 14
481 15
52 28
344 2
136 2
412 22
35 17
321 31
447 3
106 6
388 14
196 29
316 12
177 19
362 15
295 13
160 19
167 12
155 30
441 10
175 25
87 13
5 3
191 27
33 20
177 5
245 32
273 12
115 13
383 29
163 29
313 23
155 3
90 29
340 14
450 30
382 4
74 14
499 20
189 11
412 9
155 8
292 15
420 18
228 18
382 22
182 22
416 28
376 13
349 23
387 30
432 32
38 29
358 8
121 22
270 24
114 1
391 5
55 18
310 10
315 4
24 16
89 11
184 17
500 4
383 18
181 27
357 2
319 30
457 7
111 27
322 16
355 29
480 9
374 10
395 17
333 18
36 5
60 11
89 19
102 28
296 15
138 21
204 12
218 25
99 5
91 16
256 13
336 8
57 26
377 7
250 29
72 9
185 20
208 22
42 1
97 10
295 6
194 31
393 15
215 3
295 9
263 7
453 30
138 9
159 30
164 32
426 7
397 26
218 28
235 32
264 31
301 11
268 6
113 21
108 31
3 7
483 9
305 27
215 26
147 29
159 18
485 16
45 5
397 18
336 24
225 27
314 25
361 26
222 13
94 18
151 4
436 17
65 4
419 19
385 14
355 19
375 11
330 23
71 10
385 14
357 25
209 23
486 13
456 15
246 29
240 4
348 23
29 12
266 31
42 22
364 13
396 11
87 9
361 6
451 9
267 19
206 27
33 19
100 24
249 1
240 1
92 20
15 24
499 17
271 29
134 2
289 14
224 31
254 13
384 8
181 23
67 22
181 3
428 24
439 9
476 14
369 28
265 31
391 32
367 9
360 21
295 4
382 22
374 23
454 6
395 23
464 25
372 12
59 20
276 21
180 27
27 4
170 3
282 9
110 17
73 29
1 27
116 6
89 2
72 18
451 26
380 2
426 20
409 13
255 16
185 2
287 3
333 32
206 6
368 7
114 25
284 26
159 3
199 3
92 27
493 10
88 28
159 6
327 24
202 21
103 18
366 17
301 26
197 26
16 24
172 21
356 3
447 3
206 13
113 9
267 25
43 27
181 29
220 3
472 17
440 27
10 13
167 22
207 27
167 6
131 15
202 2
145 8
352 22
145 9
351 27
273 17
469 21
297 20
312 1
312 15
399 6
259 5
483 1
280 10
390 18
192 32
247 8
443 23
186 27
415 28
202 31
280 10
492 24
62 11
48 1
405 18
46 19
363 1
480 22
382 25
255 1
312 25
260 31
451 5
193 13
332 14
108 11
268 31
243 21
253 26
53 1
440 27
171 2
183 6
147 4
371 29
340 22
253 11
140 4
396 13
124 15
282 27
42 17
181 28
81 1
277 26
441 32
436 20
369 14
113 23
385 23
267 20
221 8
322 32
427 13
396 26

