128
15 4
61 5
233 22
262 19
159 28
16 19
461 8
493 21
249 24
41 20
24 8
223 7
485 23
82 29
53 9
375 20
25 15
428 17
20 25
211 3
144 18
493 9
166 25
225 14
4 13
425 8
252 31
478 1
485 23
165 25
395 3
456 11
326 3
380 21
423 30
375 15
168 11
375 9
203 19
450 19
215 22
86 19
372 7
203 8
121 15
96 27
258 12
286 3
286 1
427 9
106 14
479 13
20 13
309 27
155 10
133 29
335 6
335 18
132 1
413 8
108 25
470 1
412 7
299 17
271 25
109 5
378 15
353 30
143 6
324 25
475 4
18 14
25 4
15 20
93 24
259 20
140 28
416 19
335 22
99 9
290 28
37 20
350 30
269 5
255 8
141 17
399 18
390 19
362 29
430 26
36 32
5 3
119 32
225 29
337 23
262 2
86 18
497 28
391 5
280 17
60 28
226 22
430 31
232 3
371 13
448 14
52 8
432 7
75 4
475 27
35 8
388 12
238 17
407 8
205 6
125 1
458 26
74 15
168 30
381 19
170 12
296 22
131 16
244 25
439 30
467 13
158 14
445 31
442 31
374 19
37 30
263 6
51 8
84 15
345 4
257 15
291 32
440 1
335 31
477 2
252 11
98 1
148 6
7 22
393 5
88 9
230 26
126 25
37 1
351 6
24 7
100 18
362 23
438 21
73 10
174 16
356 3
437 11
313 15
444 13
175 7
337 21
232 2
389 1
22 19
354 5
197 25
62 30
343 7
458 3
264 7
442 3
254 2
325 18
25 13
122 3
3 18
159 19
271 3
207 20
137 24
392 13
364 13
95 30
155 28
324 2
387 17
240 12
199 16
57 3
36 26
125 15
339 28
477 29
34 19
104 19
94 7
207 25
299 9
366 5
57 21
222 7
157 9
286 23
228 14
429 20
223 30
6 17
393 2
21 22
16 28
448 29
118 7
417 20
159 10
220 19
174 29
361 2
253 10
389 28
191 17
447 29
74 16
177 6
285 25
244 4
24 3
112 21
197 20
408 24
13 31
274 26
419 3
220 31
484 20
3 3
276 9
143 18
253 12
167 9
220 18
189 24
305 12
88 29
180 20
60 28
326 30
82 13
320 17
267 11
260 5
181 7
70 12
88 6
347 15
358 26
220 26
13 20
50 29
377 5
448 4
124 1
269 21
369 32
209 24
95 8
256 23
207 9
450 6
146 24
104 28
214 20
105 2
347 26
178 23
86 13
11 30
102 27
118 26
71 23
105 5
146 13
291 12
37 29
202 3
240 5
390 5
480 18
383 31
500 4
253 9
389 15
146 30
394 24
459 4
442 8
332 11
128 2
143 8
66 8
50 18
148 7
462 4
137 28
158 4
108 22
424 16
25 18
337 14
185 3
85 22
62 24
64 29
389 22
57 23
401 14
464 9
249 29
380 13
325 13
372 24
150 27
279 6
216 19
443 20
261 3
229 31
294 9
215 19
202 31
341 27
81 16
3 1
284 14
417 4
122 28
391 27
434 1
297 2
135 19
105 8
470 30
422 15
478 32
297 3
111 9
133 11
144 31
223 4
220 23
387 5
130 2
316 7
298 32
416 21
406 29
32 7
206 1
342 31
292 22
65 30
479 30
296 22
36 18
253 8
360 32
300 25
121 11
404 2
430 7
54 28
191 17
414 28
389 23
430 17
245 27
286 11
44 22
48 19
451 25
186 15
292 6
151 24
452 6
181 26
77 15
421 15
171 22
15 16
441 4
444 25
290 13
259 21
162 2
264 9
106 1
127 17
286 29
12 22
35 1
323 15
131 3
229 13
428 7
416 4
39 27
404 8
292 30
365 9
468 4
417 25
280 7
26 10
376 17
155 6
433 13
224 31
423 16
420 6
47 7
422 1
46 5
116 9
487 4
141 2
311 2
82 11
304 3
8 11
348 18
292 4
194 3
399 12
467 14
317 9
152 26
449 21
415 16
237 1
396 14
58 26
287 27
148 22
450 23
473 17
372 16
280 5
279 22
32 5
495 1
461 23
438 21
399 24
324 8
104 23
13 25
129 3
4 20
240 17
487 24
453 18
328 20
275 26
262 6
54 12
154 10
458 32
274 13
295 1
344 15
20 8
263 8
6 26
127 1
422 5
161 10
323 32
310 13
445 7
402 22
30 24
363 20
203 28
48 13
436 19
99 19
98 2
306 3
331 21
199 5
249 27
330 15
198 11
19 18
61 13
343 3
32 5
134 26
396 21
82 28
71 1
490 32
246 8
122 28
80 4
32 20
383 14
251 24
500 29
278 9
393 16
355 12

