128
287 3
138 18
330 21
46 32
131 28
490 28
17 18
428 1
268 15
382 25
184 30
361 32
452 15
15 15
45 10
392 23
20 1
52 1
129 21
245 28
373 10
215 1
348 14
446 27
224 3
192 20
256 12
135 32
478 29
358 26
138 25
57 17
482 24
61 14
57 17
73 29
95 31
169 22
280 30
408 8
293 3
263 32
354 13
459 7
397 13
57 14
121 17
394 30
72 14
268 20
463 20
260 25
127 13
350 30
394 29
113 10
208 31
438 13
123 8
96 19
268 20
404 25
264 29
194 11
455 1
315 9
301 14
325 7
354 14
36 4
430 9
285 9
375 22
402 18
322 9
16 17
500 4
181 31
272 31
449 10
187 7
346 19
41 18
117 14
195 29
493 9
153 30
465 11
203 6
376 16
214 32
317 9
367 9
179 2
223 16
216 6
94 29
100 10
83 17
232 13
221 8
253 17
205 6
103 24
435 23
487 25
74 7
65 24
4 8
429 22
223 4
339 12
57 19
6 15
7 13
267 15
312 16
303 25
441 25
480 31
87 22
227 4
121 24
451 12
387 20
53 21
375 28
128 23
34 21
273 16
221 32
470 21
263 28
253 3
380 28
429 3
49 24
478 13
299 1
496 13
12 25
497 10
144 32
21 1
461 5
68 21
36 13
417 18
160 21
352 27
104 21
357 1
140 3
25 26
319 5
326 22
273 6
67 16
1 31
444 25
232 31
346 7
251 22
65 18
135 12
300 26
400 9
94 11
47 7
180 13
343 9
194 7
382 32
382 19
347 5
47 2
39 24
196 13
358 32
50 24
380 9
285 11
61 11
22 27
201 25
471 27
410 8
361 15
276 22
25 6
122 12
403 28
167 14
152 16
210 5
71 25
253 24
219 30
86 24
272 18
293 31
384 18
110 12
344 13
189 1
62 26
144 24
173 14
266 28
38 19
376 4
415 12
463 13
145 28
77 1
37 21
363 24
422 4
367 5
413 3
485 2
216 16
142 16
142 31
63 27
381 10
138 27
418 25
131 30
352 11
330 1
279 28
12 4
368 27
317 16
285 13
253 25
133 10
92 26
152 19
304 24
444 17
30 17
393 25
127 29
423 12
189 2
500 20
253 7
430 13
498 11
426 6
419 22
348 10
183 23
16 2
235 24
278 32
376 27
480 22
119 27
310 19
456 9
358 32
379 20
481 4
206 6
477 32
315 24
133 9
175 5
334 29
164 27
376 3
485 20
41 11
110 26
113 9
214 3
124 16
462 20
319 19
361 27
290 19
323 26
375 1
126 4
109 25
23 24
328 19
191 20
462 24
273 26
364 14
396 8
77 17
295 15
23 20
393 20
182 27
438 1
63 11
116 23
352 2
359 31
497 25
102 18
201 30
383 16
359 7
255 7
487 18
33 26
57 29
173 10
492 26
146 18
25 14
429 8
103 23
258 3
335 23
260 31
232 31
303 30
273 5
228 27
106 24
472 26
388 1
252 11
458 13
285 30
362 5
209 9
499 10
267 9
176 31
72 19
21 22
348 1
282 19
255 16
38 15
401 30
223 12
304 8
253 4
14 18
152 10
282 2
40 5
39 19
427 18
474 31
335 21
443 32
100 25
207 17
423 24
414 21
463 22
29 27
9 2
33 1
115 6
366 30
418 12
221 12
365 22
494 3
366 8
19 17
133 17
306 7
184 15
256 11
140 24
213 29
325 17
365 3
115 30
297 32
134 17
228 6
62 21
401 15
157 11
96 29
143 1
399 3
471 30
325 19
437 17
463 13
486 11
52 24
56 16
131 17
216 2
391 5
431 31
407 19
209 18
79 3
106 17
29 1
131 17
39 3
94 1
180 3
179 31
30 18
282 16
127 13
222 25
477 8
159 3
90 31
441 8
421 6
496 6
474 6
358 24
397 23
216 24
381 2
362 18
332 3
274 22
343 19
178 31
498 4
257 19
406 21
458 2
447 17
331 32
135 29
136 31
139 15
310 12
301 11
281 4
17 30
293 27
400 6
233 9
9 25
187 10
390 20
443 8
301 18
107 27
314 30
317 32
149 14
175 29
148 8
432 4
213 24
226 21
397 22
213 5
298 24
22 27
247 24
226 15
441 9
185 22
278 1
410 18
478 32
226 5
391 13
344 12
232 5
420 32
378 28
236 8
235 17
66 30
73 4
84 17
476 21
119 17
121 28
383 3
463 16
279 2
265 15
161 32
43 12
180 13
415 3
300 26
24 21
335 28
8 2
460 3
38 18
292 11
309 22
313 8
281 19
329 1
65 21
97 20
272 32
380 6
190 19
335 21

