128
306 19
474 16
249 28
207 18
492 11
26 20
51 26
275 15
239 5
60 24
60 23
171 24
201 7
491 6
2 7
328 3
29 30
11 9
357 1
154 5
288 32
4 18
221 10
304 31
134 31
166 29
98 28
404 26
442 22
75 23
256 2
102 20
407 12
412 24
32 22
464 23
97 19
8 13
448 7
128 9
26 1
477 27
481 25
124 30
126 18
69 10
303 14
369 18
485 25
177 4
198 4
335 2
310 2
314 17
153 25
41 14
438 29
4 22
249 27
43 3
28 7
460 30
132 8
391 12
460 23
484 13
410 10
302 15
11 28
327 19
408 23
44 13
236 7
466 8
377 21
62 12
471 21
86 15
201 24
422 28
247 9
169 8
74 22
375 29
289 21
303 5
272 15
245 31
97 19
194 22
71 16
229 1
480 10
347 32
142 9
44 16
25 4
395 3
385 13
239 10
26 13
426 13
239 30
7 16
84 16
309 22
307 5
399 3
351 5
170 16
365 29
83 30
276 21
44 25
450 30
390 3
322 15
123 5
188 25
396 28
180 24
277 7
92 7
477 10
272 10
137 24
211 23
229 6
400 20
202 13
53 31
175 27
257 29
287 25
277 18
68 28
237 4
146 4
371 10
474 22
472 6
481 26
33 2
371 8
185 29
132 6
163 2
316 8
454 30
68 18
135 19
389 23
330 15
402 32
360 7
45 11
337 2
364 9
439 3
4 23
159 3
212 25
144 27
296 1
128 31
30 6
349 30
484 7
304 22
82 4
112 27
346 8
356 18
20 30
148 31
416 18
9 16
182 4
6 10
100 2
192 21
99 25
399 3
423 30
320 4
365 19
334 15
83 25
124 10
334 19
477 10
132 9
81 13
341 2
142 16
423 30
273 10
226 23
456 20
372 3
355 21
409 21
3 15
81 2
445 3
100 1
220 23
109 4
43 21
89 25
445 8
370 9
33 11
239 28
446 18
114 20
402 18
192 8
365 21
381 25
243 28
433 2
62 1
465 21
194 9
493 26
416 2
206 32
308 32
287 9
405 24
404 23
478 4
210 10
72 7
354 14
422 26
127 20
178 19
440 15
495 20
212 11
145 9
210 32
360 5
408 25
452 3
423 5
258 12
122 29
426 15
494 20
260 24
183 2
62 14
364 5
257 24
171 21
492 24
408 8
80 27
320 24
125 14
312 3
77 10
415 11
408 9
54 32
232 4
161 10
61 16
54 17
99 28
273 7
455 24
294 15
494 13
270 14
206 1
56 18
14 15
488 2
83 25
145 22
128 1
311 12
180 12
60 23
291 32
73 26
363 10
484 8
182 13
178 15
333 5
372 23
55 28
324 9
252 24
303 16
476 29
271 7
181 23
137 15
14 25
68 13
278 15
84 23
303 9
49 8
346 5
186 32
132 21
241 19
180 7
466 3
359 29
13 11
419 6
362 8
62 1
160 32
480 8
150 10
208 27
269 29
471 14
9 30
166 5
188 13
495 18
351 13
242 24
96 32
13 17
443 26
385 27
265 32
50 15
350 17
317 26
14 7
276 10
444 9
122 19
286 24
488 4
320 17
351 27
240 23
223 23
141 28
489 9
175 18
23 4
146 31
494 15
329 5
32 8
61 5
255 2
120 30
186 32
323 32
58 30
251 5
96 7
240 4
499 26
325 6
290 23
212 27
333 9
403 29
164 11
221 10
161 29
12 18
484 22
233 21
247 7
173 7
77 24
130 28
178 31
97 15
277 4
249 25
200 7
325 28
465 22
133 29
90 12
322 13
329 31
465 20
389 26
122 18
253 3
41 2
205 13
396 21
148 24
442 28
498 2
415 15
15 27
439 8
395 25
28 7
167 21
2 27
334 19
20 30
374 24
368 22
400 15
263 20
111 24
99 4
173 5
274 16
411 29
143 5
325 11
232 11
15 5
397 12
208 17
285 13
180 8
362 12
267 12
331 29
31 13
188 28
293 18
95 15
26 1
212 2
407 31
44 9
27 16
120 26
208 29
166 8
408 8
319 26
355 17
254 22
429 22
145 13
107 27
127 20
475 14
185 6
132 32
154 15
19 2
244 15
30 14
114 1
141 8
315 7
284 16
436 20
213 12
136 11
170 26
154 1
452 18
378 19
417 19
445 32
156 9
14 17
154 3
326 10
262 12
344 1
411 12
460 32
211 19
294 29
208 8
25 19
489 2
446 10
284 6
45 8
282 22
328 3
36 9
432 1
496 28
45 15
407 20
234 29
450 23
349 17
178 21
168 23
478 9
424 10
354 8
257 28
377 8
274 20
441 10
412 4
185 20
46 11

