128
53 28
344 29
456 21
273 2
298 26
464 16
196 10
161 17
499 16
474 22
10 20
73 1
240 25
473 24
97 10
425 17
201 12
302 25
369 26
142 18
475 17
301 30
150 13
2 24
12 4
169 29
231 1
154 30
89 26
246 1
220 2
186 8
493 31
280 13
412 25
378 11
377 30
260 3
491 22
378 6
441 7
375 15
491 32
345 32
5 2
468 28
463 17
348 15
343 3
168 7
48 25
345 4
427 24
154 1
69 32
122 5
282 8
180 12
375 32
55 32
465 11
307 3
379 30
381 10
133 12
180 28
445 32
307 27
479 5
491 4
196 32
408 9
460 27
452 14
462 31
417 26
233 8
56 3
81 13
36 5
336 27
96 28
90 31
354 17
215 16
320 6
308 27
90 23
166 1
452 15
103 17
257 7
296 4
150 28
100 21
293 8
400 32
271 9
142 25
409 32
320 12
469 23
307 18
245 28
155 17
302 17
269 18
296 24
74 1
143 5
481 19
164 4
175 15
73 16
59 5
376 14
413 20
209 23
106 17
42 24
1 27
220 1
105 31
184 2
311 11
54 20
113 18
23 15
4 3
455 6
428 14
143 24
25 23
410 6
8 31
93 8
349 5
129 5
179 32
334 2
342 12
133 7
309 11
93 28
102 19
225 21
228 19
424 1
422 25
86 17
487 3
288 15
343 32
140 9
432 25
362 9
64 30
227 32
353 4
183 22
218 27
186 22
478 21
402 23
145 27
31 3
17 30
317 3
438 4
84 29
281 21
493 32
143 20
68 27
243 26
300 12
213 25
109 2
297 22
292 25
349 30
423 13
343 11
428 24
47 27
500 11
11 25
374 1
416 9
499 2
395 10
321 23
338 14
148 14
291 15
278 19
464 32
208 6
143 15
438 25
349 17
219 23
281 12
364 20
237 18
205 23
216 2
441 29
307 4
243 17
230 16
440 29
72 3
350 26
133 31
254 25
76 20
191 24
119 6
256 19
472 32
189 19
189 21
91 15
68 25
296 9
205 3
341 24
233 7
193 21
329 2
49 20
121 27
464 19
497 23
298 24
234 14
154 23
467 24
269 26
281 4
183 25
298 7
464 10
65 32
246 18
453 10
149 21
385 16
15 5
34 12
200 28
150 5
42 28
300 22
1 12
374 23
268 31
410 19
405 10
238 6
219 18
296 32
114 20
183 13
264 21
440 19
188 17
167 1
56 18
390 1
102 15
443 1
138 20
452 22
30 5
43 24
231 10
171 28
221 6
472 20
274 32
298 9
204 28
393 28
134 30
20 11
249 18
307 26
18 30
279 3
299 9
350 25
363 17
224 15
226 28
271 15
163 8
311 10
384 31
477 17
188 32
455 8
310 5
173 23
223 15
429 5
476 18
253 10
298 16
124 23
375 26
373 5
314 27
255 5
441 19
417 21
79 15
64 4
335 29
418 21
39 18
429 2
475 21
203 5
9 3
499 15
424 32
272 29
258 2
433 19
256 21
179 6
423 2
425 22
478 2
166 9
391 3
382 22
127 21
342 27
115 20
370 18
63 29
127 13
166 15
223 17
112 5
311 6
494 31
143 4
281 5
340 19
255 21
388 29
9 1
220 31
421 1
365 7
81 31
359 26
401 17
222 16
333 32
398 27
267 16
150 31
52 9
421 26
413 25
391 6
241 14
100 13
50 20
348 10
306 6
79 31
139 12
422 11
184 3
1 10
63 2
200 6
490 24
272 7
132 22
380 9
123 15
385 16
295 8
357 20
142 27
362 4
438 32
454 17
306 19
422 20
104 1
334 30
445 25
52 8
470 15
300 16
261 5
467 31
120 23
359 25
109 4
40 22
207 10
371 5
300 32
232 15
117 17
52 25
373 15
488 22
385 16
285 26
324 3
52 31
277 10
204 9
334 19
135 16
440 5
52 23
148 12
494 4
404 17
28 5
500 28
470 28
155 31
233 30
209 13
124 26
398 19
222 3
274 32
271 1
212 6
304 8
161 29
475 13
45 7
193 12
222 10
132 12
120 28
57 9
500 4
166 30
7 3
480 28
447 18
344 6
276 19
221 8
147 24
352 28
402 4
87 31
58 14
350 21
434 18
209 17
85 30
182 11
465 14
426 3
115 2
272 22
120 21
30 3
392 17
310 9
129 4
267 2
318 16
66 27
373 19
35 21
500 25
104 16
82 5
78 4
150 26
290 26
46 23
388 25
255 25
433 27
296 7
420 13
166 18
215 22
260 18
198 19
22 9
75 15
330 20
354 19
205 11
100 26
165 7
38 8
387 18
154 27
20 30
147 13
411 14

