128
275 31
496 2
375 30
226 29
200 8
239 30
196 9
468 9
438 9
307 12
166 26
35 22
292 1
331 15
97 27
36 7
77 11
60 27
136 17
99 15
389 25
364 20
489 23
408 19
452 2
78 1
164 9
275 15
393 5
209 18
63 32
64 23
478 32
441 17
112 8
299 8
228 11
436 1
197 23
495 32
261 16
117 20
240 23
230 1
199 30
474 26
33 9
104 6
364 1
122 24
288 20
327 7
434 26
83 31
457 25
130 9
205 30
140 32
340 29
428 15
158 17
4 22
142 23
51 1
3 16
184 30
443 23
157 1
124 11
359 32
20 28
148 12
438 3
167 13
359 11
371 24
199 2
409 20
185 7
401 15
482 12
181 25
446 17
153 18
427 23
1 30
350 25
169 11
139 20
120 26
486 18
69 24
68 30
228 12
288 32
142 26
63 6
46 13
10 10
430 17
60 14
234 17
282 23
400 1
294 19
474 7
360 10
314 23
371 9
382 11
372 28
280 19
345 21
295 23
374 28
143 29
5 20
193 15
334 8
411 19
462 8
405 30
277 23
452 24
463 22
10 7
209 5
121 17
317 23
259 22
138 13
326 26
333 30
484 10
314 22
293 31
481 21
300 14
119 16
109 10
289 6
268 21
258 8
401 2
302 12
467 15
264 8
136 24
161 16
262 10
365 30
101 2
454 4
455 29
355 19
6 23
180 21
139 1
12 16
214 25
51 24
455 18
471 14
262 3
61 11
457 2
280 21
271 25
308 17
9 11
287 26
305 26
490 12
106 9
335 27
165 21
498 7
402 16
61 15
302 17
389 30
46 32
166 20
457 10
392 13
136 6
331 20
199 20
87 24
173 25
474 29
361 3
456 19
142 24
277 4
488 26
53 26
389 19
201 17
44 17
162 15
326 4
322 21
15 1
180 19
385 30
376 6
476 19
360 18
198 24
265 17
357 21
70 10
239 23
442 2
67 23
164 28
298 18
268 17
98 28
351 10
453 18
431 24
408 6
249 13
130 29
494 14
34 7
83 24
37 17
54 3
331 9
199 1
406 14
293 11
117 19
189 1
221 3
201 8
113 1
437 6
314 18
431 15
344 10
118 21
242 31
335 32
92 21
52 1
351 16
204 11
339 32
388 7
214 4
390 10
388 2
271 1
459 2
399 11
271 21
35 4
243 21
435 26
254 3
35 12
182 6
274 20
481 1
282 6
100 8
372 8
201 30
392 28
47 23
462 9
363 4
180 29
68 15
143 1
453 17
128 2
266 2
6 26
414 15
291 6
310 14
57 31
8 20
170 10
442 31
75 20
330 30
113 25
72 7
422 28
135 5
10 12
154 19
349 8
153 3
285 23
153 25
473 28
492 14
417 22
476 23
441 13
449 25
405 32
159 30
396 21
79 25
396 8
271 4
3 11
235 27
385 23
331 21
250 31
202 22
108 13
9 28
185 1
453 30
328 19
471 27
256 29
331 7
485 29
247 19
376 17
478 8
219 32
321 24
334 30
485 17
403 25
341 3
153 1
232 25
255 27
407 26
103 6
365 27
190 11
278 9
295 27
29 1
266 13
332 24
426 4
392 20
161 20
119 21
376 22
497 7
404 32
492 7
345 32
297 6
170 14
303 4
180 31
328 2
383 27
45 20
327 32
340 27
20 30
3 7
11 28
25 3
107 13
125 31
76 9
336 22
495 18
61 30
320 29
471 26
399 23
66 21
155 21
63 10
66 30
420 4
269 29
342 19
165 14
325 20
239 20
41 13
150 2
258 21
342 9
227 20
95 28
317 21
48 23
274 1
148 14
40 12
490 10
290 18
51 14
449 13
478 14
373 7
443 3
299 12
359 9
227 9
316 7
406 19
126 27
327 17
224 23
393 17
452 26
70 22
500 7
291 9
212 27
455 2
145 9
141 7
130 11
160 21
114 13
12 15
95 26
215 15
408 27
383 15
141 1
213 28
175 7
468 26
369 18
391 30
378 7
368 11
249 19
8 2
443 7
452 6
60 15
208 16
273 18
326 29
394 2
404 24
392 27
157 9
348 11
126 6
429 9
288 2
372 15
391 26
165 19
55 21
9 18
192 9
56 1
46 21
259 29
221 10
376 29
262 3
424 23
152 24
232 24
381 27
234 28
472 27
466 19
475 14
492 18
106 7
386 27
348 20
156 8
146 15
296 15
105 11
146 25
275 5
196 27
183 21
278 18
179 3
384 29
68 8
170 6
274 32
28 9
199 23
40 16
213 20
455 22
406 4
426 32
180 29
187 6
401 16
219 32
59 27
436 2
330 10
151 15
13 7

