128
190 14
265 31
478 2
265 30
363 14
462 2
165 8
305 10
202 24
404 17
281 21
160 11
224 9
38 19
7 12
422 4
217 6
126 14
92 10
404 30
287 29
199 32
120 19
429 25
215 20
117 11
288 32
134 16
188 23
78 26
462 19
241 26
184 31
76 31
108 19
80 31
47 26
50 18
485 6
486 23
161 18
45 32
229 22
459 24
201 16
461 14
386 13
192 26
419 15
48 19
449 20
273 15
109 14
160 25
151 9
495 11
98 16
258 10
69 25
445 17
456 17
135 10
309 6
115 8
148 26
106 20
493 10
442 26
51 1
398 9
97 1
363 2
136 28
75 20
40 11
29 28
127 3
41 23
192 7
14 27
20 23
286 13
200 15
466 22
31 23
302 23
311 16
24 6
136 2
2 31
320 30
22 6
396 30
84 7
68 26
277 4
420 14
452 16
492 21
221 10
335 3
500 2
390 23
443 29
324 32
404 3
177 21
292 28
191 3
158 22
324 2
49 12
51 8
215 10
472 31
415 7
161 18
304 19
140 14
279 31
42 10
309 10
311 8
290 17
327 7
462 6
85 31
245 23
214 11
29 2
246 19
492 10
61 15
160 12
392 11
367 9
472 11
151 18
479 24
134 29
238 8
454 6
458 19
309 11
9 29
208 6
483 19
364 19
197 11
95 29
461 9
21 9
191 23
418 5
314 28
177 12
351 3
77 8
181 13
330 17
425 30
147 24
440 6
302 17
384 8
225 5
412 17
481 3
120 6
475 21
301 8
336 3
134 17
310 30
1 28
58 6
381 4
37 8
65 6
308 25
438 4
145 29
481 9
7 28
374 6
384 15
337 16
29 22
484 27
487 28
182 32
261 14
100 29
85 12
339 13
464 16
128 32
328 4
84 11
207 22
20 15
484 28
162 20
177 29
202 3
480 3
262 25
500 5
241 5
377 23
181 20
58 32
300 18
416 27
424 2
192 11
64 19
150 13
391 22
73 20
44 1
179 25
497 6
18 13
466 14
20 26
437 9
454 20
314 29
323 21
342 30
383 14
393 4
186 23
413 3
226 16
163 32
465 27
286 6
99 15
79 10
397 19
47 2
455 12
70 21
153 27
494 31
372 2
271 2
20 27
168 2
343 6
1 19
340 6
140 6
389 10
260 29
436 2
486 2
221 27
370 13
169 8
112 29
101 14
450 1
268 1
218 18
298 2
120 5
208 27
130 28
328 25
84 32
398 21
5 7
327 23
195 3
90 30
91 6
39 28
14 19
8 7
120 1
153 8
145 16
350 15
159 6
15 2
441 1
14 5
235 4
171 25
38 24
87 5
154 1
20 3
283 28
250 23
36 18
346 1
113 31
159 11
372 21
364 8
141 1
109 27
68 7
156 9
243 10
85 28
218 13
414 29
336 7
107 3
416 16
107 24
498 17
150 18
142 13
33 26
241 5
9 16
124 8
117 10
257 5
465 26
9 2
326 24
393 8
419 32
87 29
188 5
142 25
454 19
202 14
120 18
183 32
306 30
495 26
375 23
326 11
429 15
68 6
382 20
390 32
120 4
177 11
412 10
495 29
156 8
55 7
194 29
255 27
394 13
272 32
204 17
310 20
135 21
237 5
41 6
168 28
306 32
170 17
365 8
434 4
64 24
295 9
428 17
107 13
1 22
292 32
30 21
187 5
181 12
33 17
253 12
232 26
44 17
275 20
417 24
280 8
399 2
88 2
326 18
350 14
127 25
382 12
93 32
320 21
343 24
346 28
52 17
5 15
330 31
206 26
190 25
429 4
410 16
265 11
413 18
265 7
106 6
194 22
65 2
175 16
69 16
207 28
448 31
418 1
342 12
226 19
312 26
471 30
21 27
160 9
53 32
323 22
421 1
412 10
234 22
449 26
105 3
274 4
217 31
181 30
370 30
293 14
412 7
107 32
53 18
217 13
394 23
319 22
259 14
355 24
315 23
146 7
309 7
322 26
313 14
139 15
260 7
216 3
397 6
306 14
291 10
258 8
413 28
54 23
305 28
15 11
63 32
389 11
430 27
100 10
416 27
276 19
373 19
49 14
16 23
71 15
228 20
46 32
256 19
15 24
7 5
383 1
40 19
291 9
185 15
62 21
333 10
127 9
32 28
326 20
382 16
58 17
428 23
101 19
54 7
446 24
495 12
480 14
451 2
2 11
364 7
235 24
104 6
105 12
389 22
35 18
30 32
230 9
398 18
491 31
148 4
362 2
116 13
175 14
463 4
52 30
443 23
78 26
352 22
33 28
463 3
213 16
362 14
300 24
476 18
62 23
78 12

