128
359 7
366 24
399 12
341 22
355 27
475 3
392 31
146 25
257 17
476 13
408 17
136 2
302 6
438 11
90 10
24 9
93 21
120 27
264 12
1 2
278 11
156 13
77 25
145 25
458 1
369 17
129 9
222 23
38 8
117 24
249 28
428 1
380 31
36 15
358 12
113 15
214 20
7 30
69 32
474 22
476 26
242 16
198 23
386 16
178 7
67 15
346 6
471 18
392 10
72 13
97 16
235 10
452 21
303 16
96 28
249 19
322 10
27 23
8 8
458 30
118 12
464 16
17 26
393 20
496 32
8 24
148 26
106 19
187 8
174 2
388 6
205 25
115 23
79 14
494 21
307 12
60 22
427 17
260 27
40 19
134 4
50 9
493 11
435 11
267 28
313 22
381 1
66 15
451 28
469 20
32 7
407 16
249 25
224 12
355 3
466 13
162 7
473 3
374 16
185 4
219 25
349 12
217 6
446 15
409 22
463 17
41 1
88 25
406 31
500 12
425 1
100 7
183 13
93 24
184 21
399 6
478 19
353 6
12 11
213 25
64 23
417 28
395 8
96 16
314 23
60 6
263 19
176 30
435 20
205 26
249 16
224 22
54 16
419 26
78 15
42 26
157 26
449 28
461 9
351 6
195 6
215 22
273 23
107 23
362 7
381 18
118 16
335 24
383 2
441 25
88 2
306 21
439 6
296 27
2 26
376 13
260 10
358 24
332 20
442 10
126 30
155 16
277 2
119 12
299 23
324 18
392 21
130 18
86 21
432 8
127 11
136 14
248 21
269 20
308 18
477 1
32 23
232 28
324 22
171 26
260 10
8 3
474 17
184 24
118 31
499 20
421 18
129 29
330 5
452 13
458 12
125 5
410 29
1 26
58 7
355 30
17 30
320 14
55 20
253 20
118 3
415 27
88 7
263 25
143 6
109 32
141 18
293 18
442 5
135 31
167 30
168 27
55 28
377 9
343 13
132 32
232 2
202 3
292 16
440 18
29 32
238 5
133 22
71 30
26 1
425 4
46 24
227 25
431 7
61 1
231 29
85 2
238 26
133 6
454 32
167 30
323 8
151 16
285 25
381 22
277 9
354 23
101 24
275 19
182 15
156 16
27 20
78 9
229 22
350 22
485 4
16 19
272 22
262 8
90 15
218 6
3 23
40 23
150 10
486 11
1 29
446 3
84 11
347 28
84 24
346 20
64 5
227 7
378 8
390 7
186 11
184 13
29 8
291 14
241 12
212 9
120 18
472 23
32 22
367 28
218 4
387 9
424 21
115 1
305 28
119 18
315 18
178 7
81 1
373 10
300 12
266 20
445 29
474 25
259 28
296 32
255 2
256 6
499 22
330 19
77 12
144 23
306 2
86 22
494 18
59 13
245 17
64 26
413 10
18 31
81 5
498 4
198 5
365 28
326 15
350 11
198 18
145 23
315 30
241 20
391 11
304 12
475 32
325 8
257 22
262 13
358 4
24 31
216 25
251 2
435 8
148 32
445 12
487 11
374 3
270 24
377 30
251 8
293 7
443 5
120 20
237 21
167 1
32 31
353 14
128 31
85 11
122 14
270 20
492 31
186 22
259 3
187 25
470 15
288 24
379 27
319 3
236 2
79 3
72 27
252 31
421 4
177 23
69 30
150 9
441 32
26 19
454 16
411 11
394 10
334 16
457 12
90 20
341 21
310 12
303 5
314 8
100 18
118 25
288 7
285 12
158 30
482 7
225 8
33 10
294 18
241 22
222 10
293 10
54 30
326 13
366 31
284 9
481 17
189 32
371 1
199 29
134 8
139 10
275 20
327 32
241 11
169 2
101 29
376 18
266 1
214 27
339 17
300 15
101 4
438 24
313 24
500 2
167 22
304 14
13 30
361 14
49 2
67 29
194 26
6 24
142 12
442 25
420 21
151 29
81 21
492 29
76 7
190 11
332 9
388 5
475 4
450 15
129 32
375 3
310 24
134 19
303 11
283 31
20 18
243 24
226 14
196 17
428 17
99 15
230 18
307 32
86 4
430 26
124 24
388 29
387 21
235 18
300 26
412 31
7 10
122 16
239 9
236 10
53 27
128 18
172 11
337 1
42 30
175 17
421 22
301 4
287 28
349 10
257 4
108 31
117 29
346 3
397 13
224 29
267 3
83 19
137 31
399 27
389 13
47 17
487 24
320 13
235 8
62 7
483 29
105 23
101 18
157 29
234 4
297 5
435 7
291 19
354 9
101 2
262 24
254 24
347 6
76 1
297 25
275 24
9 11
230 13
384 7
457 25
470 1
117 16
336 19
327 13
448 15
134 17
278 31

