128
39 8
2 31
486 22
93 25
108 18
233 4
98 20
296 26
203 1
103 31
347 26
138 23
61 16
218 22
132 13
483 22
148 32
249 13
473 5
445 1
318 18
68 32
157 3
117 19
243 23
334 21
356 31
287 4
39 28
253 22
288 31
396 27
423 32
420 19
336 12
327 25
393 22
420 2
312 17
112 26
107 5
494 23
416 24
230 18
339 19
327 26
421 18
413 15
217 28
442 20
47 20
57 4
366 4
341 1
12 24
83 27
249 8
285 32
60 10
321 18
200 23
376 13
221 32
19 25
323 28
341 1
80 25
160 25
224 8
325 16
304 19
58 28
335 26
419 26
59 11
495 31
385 22
435 9
361 5
246 15
413 14
404 16
334 19
492 1
415 32
496 26
75 25
473 13
450 15
6 21
481 16
471 25
222 29
174 26
209 3
469 1
208 24
316 21
286 23
301 4
123 5
473 9
53 17
457 15
39 26
215 23
313 21
88 14
441 17
320 17
383 16
122 2
11 1
482 16
96 10
52 14
430 16
118 11
321 10
189 31
239 27
230 11
87 5
289 31
281 32
379 7
99 32
252 21
141 29
460 24
366 23
9 20
35 26
482 7
403 22
417 5
424 26
247 30
166 7
240 18
346 10
108 20
322 31
256 10
295 12
401 1
226 5
160 8
238 17
170 32
14 19
484 21
84 18
150 10
469 13
47 30
210 19
462 31
217 25
196 12
284 8
376 6
208 31
473 9
231 27
436 20
81 11
384 24
353 25
117 21
273 28
338 26
170 3
365 30
368 32
101 31
360 20
12 19
214 17
364 32
331 3
39 23
422 26
278 10
454 15
446 22
58 15
60 23
434 8
464 13
187 29
451 14
392 15
317 2
151 28
49 9
182 20
243 11
213 12
80 31
266 17
244 3
12 3
401 17
430 13
97 17
133 7
366 24
213 30
481 19
213 26
47 23
321 25
201 25
13 21
51 30
157 11
453 4
301 25
464 23
273 16
199 13
459 4
429 11
246 29
238 26
290 24
408 2
277 17
347 21
241 17
270 9
43 18
269 8
279 32
426 15
144 4
308 6
187 32
476 8
348 13
94 18
201 17
303 21
461 13
469 5
46 26
302 24
312 26
283 22
153 28
344 8
331 31
101 6
90 29
153 26
493 14
279 13
451 29
21 31
230 9
316 7
227 17
66 14
390 29
479 2
408 6
42 23
177 22
460 2
70 8
55 27
62 5
107 20
118 8
274 11
116 21
325 18
409 14
231 14
90 1
44 2
235 25
440 11
430 19
28 32
362 7
266 15
119 32
286 12
351 20
434 23
352 6
12 13
500 7
114 29
155 9
438 13
445 21
151 15
127 3
78 1
113 7
411 19
418 17
319 13
460 20
439 11
214 10
275 13
44 17
153 23
397 7
439 26
171 26
420 2
120 21
286 4
43 16
166 32
96 20
80 3
440 14
218 1
468 4
217 7
232 21
61 13
163 32
174 22
441 13
483 20
441 24
495 27
167 12
294 7
496 6
169 7
391 22
291 10
230 19
73 13
79 13
293 2
484 30
427 4
410 13
187 10
28 13
184 10
193 30
308 24
351 25
326 21
214 4
155 7
474 15
108 28
359 12
145 7
218 19
470 19
331 1
329 2
189 32
404 5
489 27
272 31
187 25
136 1
416 18
195 17
16 26
145 26
54 9
420 15
64 10
249 26
398 29
456 22
441 7
171 25
69 22
472 20
243 11
360 10
248 26
103 27
60 7
488 25
239 20
439 10
1 7
48 6
468 31
187 32
213 21
188 5
151 15
92 25
469 11
106 20
209 28
478 24
306 2
436 17
77 22
346 17
412 29
326 31
99 16
286 31
221 22
296 15
336 27
319 29
190 8
372 10
484 30
221 5
19 16
333 19
29 15
375 32
127 24
171 6
415 28
388 11
133 7
209 21
274 31
477 7
303 32
416 10
49 16
426 27
291 3
217 3
141 15
462 27
494 32
344 13
440 4
395 12
470 16
392 11
334 16
409 20
68 32
273 12
459 11
239 13
309 19
419 29
398 17
67 7
364 23
151 11
346 10
227 3
205 22
410 6
190 30
26 21
142 22
428 12
200 6
201 12
473 7
160 26
351 31
112 7
193 19
369 14
12 7
204 20
65 29
105 2
283 18
214 24
132 21
375 7
159 27
43 19
46 26
352 24
484 11
314 12
77 15
65 24
129 9
155 17
233 4
150 31
241 7
142 28
356 25
55 22
91 21
496 20
2 19
236 6
161 9
13 26
83 10
177 12
198 28
108 22
443 14
149 19
472 10
407 15

