128
48 3
44 20
468 24
136 27
397 27
135 24
137 8
117 3
291 18
332 24
407 15
92 9
191 16
416 30
342 6
473 26
396 21
433 19
8 20
281 28
478 23
431 10
435 20
104 25
277 11
108 23
229 23
275 19
475 26
429 8
495 5
409 6
269 13
456 4
260 5
180 13
3 18
406 25
361 1
366 9
296 1
319 4
376 30
295 30
487 7
221 22
475 6
427 4
470 19
371 18
471 6
22 17
364 20
114 28
288 27
213 31
7 3
311 18
328 25
435 23
31 20
352 9
285 6
100 10
12 19
39 14
224 25
159 15
340 8
163 31
306 15
414 28
257 32
46 17
32 28
455 22
487 18
418 7
435 10
81 15
192 11
280 19
31 26
354 14
265 12
53 2
242 10
234 10
41 11
286 32
462 32
485 21
397 18
423 8
123 11
130 22
474 17
229 24
51 10
430 11
449 18
237 14
299 10
391 3
100 17
114 25
120 22
213 1
351 8
200 2
490 29
287 7
441 31
171 23
448 4
158 28
81 14
437 15
215 32
69 10
208 18
78 31
131 15
195 13
278 6
306 7
74 5
82 15
311 12
357 11
351 6
6 3
111 15
161 9
474 1
194 29
114 20
7 24
414 26
428 23
447 18
309 1
30 10
91 24
141 19
450 3
165 8
273 11
454 21
304 3
217 5
459 6
120 25
129 25
370 1
427 17
142 12
393 7
125 31
362 10
281 32
460 9
471 17
72 28
221 7
350 26
75 28
471 3
476 28
431 6
8 10
14 13
445 6
171 9
388 16
38 20
195 30
465 21
82 16
440 18
466 13
91 32
300 10
86 28
13 29
121 32
226 22
20 26
391 30
90 30
73 20
149 28
329 13
284 30
352 32
415 17
364 26
209 20
271 18
291 7
14 15
154 19
248 17
260 30
66 14
471 26
181 11
109 17
84 5
270 19
320 28
456 15
41 20
198 23
161 16
445 19
102 2
117 1
474 17
190 31
78 24
381 30
131 13
470 26
233 27
352 20
274 15
87 11
174 4
477 7
476 30
65 17
371 29
278 17
57 15
87 10
479 7
447 9
456 20
174 4
6 13
92 4
36 26
446 29
165 14
99 16
195 27
69 10
344 18
466 4
164 8
90 6
371 20
102 2
304 15
217 21
4 28
440 23
337 5
303 18
159 22
141 29
416 1
122 7
406 31
215 18
491 24
415 21
191 5
38 18
495 26
155 14
414 30
92 10
331 23
103 21
148 28
45 27
156 23
174 14
457 12
335 27
43 21
159 13
469 4
431 12
154 5
17 19
30 29
20 4
355 23
52 30
422 9
64 13
115 25
342 19
328 24
370 6
129 28
455 5
428 17
116 29
321 9
351 22
93 10
62 23
344 17
300 17
61 11
46 23
156 23
98 7
415 23
353 27
346 31
195 17
43 15
57 3
295 27
64 27
277 17
37 4
442 4
89 26
254 18
29 17
372 26
392 22
444 4
384 1
254 15
266 16
241 30
362 19
81 9
125 29
106 29
180 27
200 20
400 13
253 4
214 13
257 21
114 12
52 18
193 25
76 30
304 28
483 25
202 19
293 26
271 26
190 15
148 21
70 8
45 7
179 30
151 8
214 20
339 9
261 31
421 4
192 8
3 23
92 12
89 1
233 24
486 26
162 14
14 7
385 15
257 31
20 31
350 30
171 25
54 23
71 7
119 19
402 25
289 14
29 17
230 9
440 7
387 13
52 16
36 8
162 32
499 10
51 12
471 17
240 12
355 27
350 1
277 32
298 21
97 30
145 26
290 13
244 8
37 20
280 12
231 21
216 1
326 10
281 4
42 16
172 32
34 1
73 22
476 26
226 12
399 15
249 28
159 5
68 19
288 27
119 18
139 10
451 13
155 31
464 12
454 31
443 24
360 11
149 31
236 23
407 26
301 15
378 31
351 25
5 10
143 15
360 1
160 14
97 10
392 29
361 25
47 32
36 26
318 29
93 14
115 3
391 23
357 28
225 4
64 5
197 6
204 8
339 11
217 19
381 32
347 9
157 10
44 8
151 18
80 27
119 22
445 5
460 14
481 32
213 20
265 29
102 24
317 32
34 25
374 22
345 1
7 17
466 6
396 12
115 28
415 21
21 3
94 29
364 26
368 32
469 32
337 6
303 1
361 25
389 23
454 17
307 12
437 32
214 25
443 8
308 17
413 4
68 22
12 3
283 28
359 27
215 31
173 18
51 5
58 23
119 23
24 17
175 8
252 20
144 27
67 19
403 23
483 30
188 22
253 26
77 3
221 12
157 21
161 31
277 6
497 20

