128
230 30
487 31
397 18
360 29
60 20
192 11
161 18
36 22
81 2
495 12
148 18
275 32
470 7
9 30
94 5
144 16
318 14
450 23
179 18
275 6
497 22
12 22
143 4
19 12
213 30
479 8
55 9
251 20
479 27
53 25
420 20
248 1
177 21
155 31
358 10
149 11
99 20
216 6
411 10
317 27
451 7
334 21
103 8
380 30
47 25
154 2
128 29
54 13
449 25
363 23
342 15
13 32
23 32
33 25
313 21
408 16
199 21
120 10
29 12
235 31
432 28
40 15
492 1
67 8
357 6
450 26
440 30
490 22
393 30
247 6
427 2
173 13
98 24
130 18
143 28
200 6
103 15
337 14
388 15
386 8
332 19
294 8
149 27
437 13
8 11
450 10
188 6
263 2
414 12
263 32
108 3
334 30
405 26
304 32
424 1
388 28
227 9
231 3
167 31
120 26
350 1
312 21
191 26
174 4
169 9
11 12
251 8
486 27
365 21
151 9
33 2
396 7
274 6
486 12
144 25
465 13
25 8
382 31
405 23
170 6
195 5
201 9
228 26
304 13
30 30
85 2
47 24
321 8
457 18
259 32
114 23
445 2
203 14
353 31
436 2
32 3
406 21
427 18
122 14
430 28
387 18
65 9
345 5
104 5
394 2
252 31
289 16
145 23
77 1
301 1
222 25
495 8
269 13
113 26
207 22
245 5
407 18
230 15
194 29
403 12
47 22
446 23
54 10
177 2
438 1
346 12
161 4
139 5
465 11
171 11
496 19
115 6
224 28
152 26
29 6
209 23
59 14
409 32
96 25
446 1
413 3
396 18
335 30
2 23
488 20
321 7
291 15
88 10
483 31
135 3
144 7
85 31
201 5
370 12
429 31
32 21
310 24
266 8
313 28
442 29
143 30
487 21
400 15
299 22
165 1
244 17
480 16
67 28
172 12
327 16
455 18
497 12
137 10
407 30
381 16
454 20
165 28
160 24
218 6
298 23
95 5
247 14
73 21
105 8
100 15
48 10
492 28
169 9
157 7
282 10
126 31
265 2
378 4
206 4
382 7
182 16
247 32
401 31
92 5
267 19
491 30
449 18
61 17
314 29
44 31
106 13
33 2
163 23
146 8
210 15
74 19
206 24
22 26
343 5
314 29
7 16
126 19
489 18
424 27
402 27
101 20
191 22
81 21
248 26
72 5
104 9
51 5
21 8
266 23
36 27
175 2
86 12
349 11
337 24
229 10
294 29
449 24
166 18
189 29
255 8
221 19
109 23
167 17
342 21
195 9
363 25
271 25
372 31
375 32
446 7
297 7
135 6
222 21
127 10
65 1
22 18
91 2
408 10
462 6
42 24
330 12
228 24
204 19
274 6
158 11
384 26
457 15
51 15
171 21
292 19
58 9
372 8
498 12
257 27
233 14
466 30
406 1
366 29
495 11
391 4
210 14
106 6
144 28
48 30
185 12
401 6
208 20
241 30
255 30
164 15
351 10
401 4
378 2
69 29
256 3
376 1
436 29
483 12
341 26
97 9
425 25
118 25
473 26
338 11
411 13
214 2
186 6
369 32
231 5
288 18
451 27
303 23
496 25
170 16
18 10
212 23
467 5
427 15
390 4
165 21
320 18
62 6
195 26
421 29
71 32
115 5
74 1
111 17
405 28
256 10
250 23
68 8
147 14
6 25
461 14
189 1
104 2
138 22
383 10
427 25
469 1
178 2
13 24
463 25
420 18
42 25
389 2
88 3
307 21
423 32
466 7
400 1
64 5
219 3
298 9
103 22
389 24
159 9
420 9
169 3
43 2
63 3
171 26
317 18
94 32
97 15
406 16
128 14
384 6
120 1
342 10
298 22
354 12
130 17
281 30
167 15
359 13
457 2
230 21
211 19
68 3
233 26
154 16
443 5
409 22
217 2
135 26
183 32
321 20
316 25
461 2
479 16
62 23
405 19
60 3
317 31
273 6
452 22
113 30
462 10
159 30
475 18
395 2
485 27
321 1
20 6
134 26
157 16
285 5
338 28
175 7
174 11
56 18
224 32
371 25
393 2
66 20
175 12
377 3
378 9
311 25
182 5
99 2
492 3
250 21
430 12
187 23
222 6
432 21
114 23
481 14
184 2
225 10
209 21
368 19
354 15
187 11
475 29
77 6
19 18
498 28
250 21
107 19
278 26
268 31
340 20
101 7
350 13
232 2
130 28
496 31
130 31
369 28
319 21
421 26
123 26
489 4
454 7
194 8
133 29
326 16
265 18
199 6
103 6
23 32
233 27
418 10
53 6
21 19
435 5
412 1
63 1

