128
217 29
144 30
175 24
269 29
263 1
438 8
258 25
309 31
141 32
416 12
307 5
117 12
128 7
178 7
84 24
488 28
469 15
33 27
238 5
235 12
465 28
471 11
320 19
393 8
394 16
436 5
193 28
36 20
302 9
62 21
453 13
36 21
383 9
415 1
221 5
472 18
173 31
260 20
425 4
156 3
163 15
223 7
346 22
175 12
323 20
384 31
489 16
399 27
340 1
343 4
313 7
449 5
461 16
33 21
211 20
407 6
130 29
228 11
91 6
474 17
342 22
391 26
481 1
404 28
305 15
83 5
117 20
158 25
239 2
165 22
229 4
175 22
52 6
184 18
156 22
258 5
219 16
382 15
140 17
222 16
87 8
265 19
335 30
131 30
463 24
375 19
219 13
400 26
302 7
116 29
92 13
9 6
373 30
212 12
379 29
160 13
237 16
20 31
49 10
348 11
149 14
405 27
122 4
489 12
238 32
84 6
328 9
343 8
186 31
64 20
339 15
381 31
498 32
350 10
253 25
260 10
271 16
120 32
467 24
19 28
415 19
237 3
399 12
442 32
486 29
500 4
79 20
251 8
131 32
473 27
500 4
136 30
247 8
366 5
67 8
121 22
190 1
76 20
288 1
376 21
226 7
97 8
106 27
232 12
2 32
322 17
140 10
123 22
417 12
303 15
75 27
316 13
131 27
408 7
112 19
43 25
157 19
492 18
189 15
349 6
131 3
395 18
332 5
7 28
208 1
82 2
435 14
102 22
344 14
336 3
144 22
143 25
369 27
266 21
61 7
303 23
489 17
312 20
65 15
271 4
331 24
109 10
453 19
183 13
424 26
103 31
99 10
71 23
84 1
80 12
155 6
187 15
430 10
166 10
20 16
321 7
139 17
320 12
491 14
240 2
75 6
333 21
291 23
344 18
443 23
370 29
8 32
91 17
109 12
134 1
43 6
183 2
382 22
125 25
207 4
490 9
57 26
157 24
429 8
425 7
126 6
320 25
53 14
421 14
18 2
142 20
7 20
241 29
29 1
465 11
80 14
219 13
480 15
40 24
227 12
130 20
462 1
337 22
211 21
379 8
163 16
139 29
47 16
261 11
448 13
13 20
235 7
368 2
310 3
473 12
222 22
91 31
403 11
49 5
36 23
192 22
299 6
70 9
413 11
124 5
259 8
240 17
71 23
58 4
217 10
267 6
484 13
473 22
136 25
202 23
151 5
72 21
426 29
498 31
323 17
51 30
460 26
426 6
100 32
261 8
365 23
105 8
88 17
437 27
301 22
97 24
86 28
104 4
308 9
54 31
73 4
64 17
97 9
414 12
472 31
363 17
53 31
388 24
248 21
214 24
166 2
203 4
329 27
467 21
259 8
119 28
475 14
216 7
170 1
470 30
155 4
182 20
2 5
199 17
245 29
149 3
426 23
14 27
9 12
243 20
351 1
451 29
42 26
99 3
146 20
408 25
103 13
360 24
10 22
353 10
26 17
16 16
407 17
410 24
360 24
35 14
364 25
386 5
2 12
319 11
255 7
299 21
167 14
461 4
420 21
134 21
369 25
248 11
382 13
42 5
160 12
303 27
412 28
131 21
228 6
412 6
28 2
191 30
72 7
74 19
167 15
287 31
59 11
13 16
395 11
33 27
482 7
429 26
226 20
158 9
361 13
287 4
335 9
137 30
331 2
248 9
268 22
235 23
420 15
118 23
153 26
221 15
336 5
380 2
60 21
218 16
162 24
363 16
184 20
253 14
61 28
362 5
385 28
359 17
195 32
119 3
478 23
185 25
339 24
78 19
157 4
374 14
3 21
17 27
236 9
200 28
120 30
476 20
361 26
160 3
162 10
106 19
320 22
451 27
410 5
261 26
28 14
87 2
222 3
68 9
75 4
253 14
33 4
49 25
266 5
300 23
190 1
65 14
250 19
20 3
247 20
428 30
117 2
156 3
320 27
295 14
342 15
439 30
331 28
119 16
400 18
374 13
26 14
450 7
156 1
286 23
304 5
380 21
431 19
111 10
258 1
144 11
8 18
325 2
421 31
285 12
64 22
113 1
447 18
67 2
235 16
208 6
269 12
310 27
122 16
448 11
29 27
34 32
25 30
373 25
4 17
469 11
166 29
7 8
494 17
417 32
277 1
118 21
212 31
243 9
199 18
268 31
133 9
262 25
10 30
305 1
494 21
431 19
353 21
474 31
361 2
426 5
366 3
33 13
322 7
466 16
169 9
246 5
385 11
161 22
344 13
110 21
238 32
199 18
328 32
492 24
413 14
177 3
312 21
207 17
336 4
4 20

