128
286 16
62 16
173 4
295 26
408 9
97 26
69 3
26 21
264 26
414 21
29 29
20 18
457 12
364 9
169 1
215 26
193 24
225 13
111 3
130 27
124 23
260 12
93 25
464 8
3 29
312 19
197 27
36 6
318 3
98 3
28 12
292 20
291 5
288 29
387 6
419 18
496 10
405 20
167 28
295 21
96 22
51 17
289 10
298 22
189 3
296 16
58 20
287 16
456 2
100 30
343 3
408 2
400 12
129 14
180 15
86 31
233 8
419 21
426 4
182 30
462 2
181 19
417 15
218 12
244 14
417 23
188 24
128 27
136 13
153 11
235 10
293 31
226 24
191 3
279 29
116 1
202 12
259 18
466 21
341 9
146 5
499 17
433 23
419 32
439 19
86 29
161 18
492 14
441 14
388 4
258 15
312 7
354 22
428 19
398 20
231 11
377 26
375 21
60 6
80 18
216 29
22 20
394 9
113 23
399 16
258 32
206 29
319 23
490 30
81 28
218 4
282 10
393 1
106 12
154 17
301 29
201 10
449 26
187 17
132 9
413 9
444 30
309 14
381 23
212 29
390 29
124 23
226 28
31 3
171 28
367 3
109 31
145 9
364 31
469 8
119 25
88 14
203 21
28 11
47 7
395 28
371 7
310 8
238 9
130 9
228 28
231 28
266 23
244 17
261 29
476 27
445 8
145 11
312 4
81 6
466 28
497 12
198 18
135 3
498 28
195 30
463 22
265 16
4 29
208 1
73 24
347 13
451 3
16 26
218 12
323 15
275 31
222 8
476 12
407 10
471 21
403 29
230 31
364 22
379 12
202 19
459 16
172 1
243 23
374 24
338 24
495 9
218 32
84 5
424 26
370 18
295 20
31 24
291 26
461 13
317 2
324 7
62 31
387 4
385 32
115 22
159 1
186 12
177 14
421 12
463 30
197 21
414 11
485 4
473 25
76 9
311 15
268 12
97 22
27 1
118 9
407 12
102 20
152 10
213 8
81 8
65 17
136 22
356 8
385 32
269 9
172 27
63 23
302 4
445 20
492 2
320 26
189 5
342 4
254 14
115 2
229 16
463 17
9 14
336 30
201 24
206 20
386 28
163 23
279 23
366 3
20 6
372 4
162 9
252 24
267 18
101 11
397 11
211 6
436 19
151 4
206 8
8 28
327 2
278 2
480 28
80 15
33 31
410 10
16 25
109 30
379 26
128 11
476 3
384 28
441 18
399 30
93 22
89 28
279 11
229 14
214 32
108 6
462 14
291 5
30 16
110 16
313 10
35 12
280 10
403 32
304 6
69 20
59 22
371 18
228 11
95 5
258 27
38 8
72 24
48 13
431 14
361 15
247 23
235 2
16 1
97 27
438 29
419 1
174 29
186 17
240 16
193 17
186 30
420 17
410 4
62 28
477 26
435 7
20 5
100 15
305 8
206 11
64 24
91 22
264 28
342 27
259 27
204 21
264 3
405 13
442 2
217 22
91 19
344 10
171 3
497 27
342 2
69 14
29 15
347 12
138 8
147 21
74 18
193 26
324 13
214 26
415 14
387 9
432 11
467 22
25 11
429 23
16 21
476 4
360 6
187 13
361 21
245 15
386 9
124 26
386 13
179 4
471 1
8 26
295 30
356 24
288 32
38 19
484 17
50 23
186 5
44 2
273 4
184 31
77 23
72 2
348 10
465 30
314 16
71 21
150 6
280 21
265 25
296 25
181 29
295 30
285 18
115 26
478 15
420 2
457 15
219 8
92 7
325 1
210 28
217 3
377 32
148 6
16 31
242 32
139 12
265 28
78 28
185 19
382 12
164 14
298 22
346 17
268 26
349 17
269 6
188 22
265 11
139 29
129 24
180 3
119 25
246 32
28 18
306 29
385 5
98 22
202 31
274 21
317 23
150 13
40 25
82 32
23 28
436 11
451 24
473 22
412 11
469 3
148 7
347 25
95 8
418 5
91 20
469 31
18 30
343 5
454 13
64 24
348 32
330 27
467 15
72 6
373 4
20 20
18 6
256 21
13 26
261 19
69 17
9 22
199 28
346 4
480 29
332 15
112 29
477 18
315 24
159 3
292 30
59 5
395 2
273 16
339 17
362 7
466 19
196 16
426 21
19 21
154 14
435 13
215 12
195 21
311 21
68 30
383 14
115 21
291 27
388 10
476 6
92 13
176 12
308 5
32 14
209 17
380 27
302 6
406 28
474 9
200 17
374 2
370 8
415 13
79 26
494 14
107 5
346 22
224 21
234 16
182 18
144 29
437 29
154 18
292 28
114 8
20 32
129 10
327 31
402 9
49 11
310 23

