128
268 6
328 12
246 8
437 11
185 8
440 6
441 28
451 19
446 17
92 22
127 31
176 22
482 1
289 2
333 19
69 16
160 24
227 14
239 27
272 11
434 27
340 31
51 11
257 16
263 28
397 25
215 4
322 20
417 30
214 13
224 2
53 8
381 23
141 23
146 12
98 19
474 17
305 28
79 1
371 21
261 16
82 23
43 27
22 23
217 31
412 8
220 32
175 24
446 3
423 7
430 16
374 20
308 10
279 27
443 26
431 7
473 28
381 27
267 6
178 15
341 21
274 4
256 5
364 9
467 10
496 21
9 9
4 24
250 22
54 28
135 1
98 23
348 30
326 18
84 3
300 8
443 22
187 10
226 6
250 32
39 1
292 7
317 27
215 27
281 16
462 31
456 24
226 12
241 7
473 24
53 29
303 31
50 10
44 11
243 25
170 30
242 30
180 2
460 2
180 8
366 18
7 1
257 28
328 29
282 9
25 10
425 19
32 22
20 15
452 11
423 9
248 32
286 11
278 30
173 29
337 30
450 11
62 22
426 10
407 7
42 7
244 22
461 23
291 21
405 10
447 12
214 6
195 24
472 12
449 28
281 25
385 22
480 23
140 9
188 30
316 17
328 31
46 28
390 16
472 26
429 14
325 10
315 16
197 3
343 21
282 3
282 23
57 17
465 4
221 12
241 8
232 4
299 1
59 28
464 15
37 8
152 26
89 15
233 18
253 3
282 14
50 19
404 30
27 16
153 28
223 1
135 22
164 9
434 2
176 5
456 25
492 12
74 29
74 26
70 10
84 19
415 1
266 27
442 8
390 30
391 5
338 6
270 1
310 16
427 18
452 18
50 32
341 27
228 22
132 9
295 15
499 22
52 32
380 13
408 25
439 10
85 8
175 23
333 29
58 11
322 25
492 23
304 25
197 19
450 4
31 13
394 22
306 1
145 17
290 28
157 24
54 6
207 20
448 7
64 1
149 29
365 13
459 17
177 3
403 18
482 30
74 24
167 31
172 7
267 5
67 24
392 8
369 27
199 24
341 11
172 18
351 16
334 26
408 2
316 3
191 2
448 17
377 18
347 16
276 30
213 26
93 16
165 17
406 28
128 11
330 31
440 12
38 25
193 14
338 1
108 12
10 15
496 26
372 11
137 23
160 29
193 28
9 17
64 22
424 19
364 17
193 27
137 30
279 1
175 12
189 26
496 2
392 19
287 7
185 4
262 4
328 14
447 12
14 10
102 10
52 1
246 12
120 22
474 14
63 20
366 23
486 17
5 21
351 19
492 32
418 25
231 22
410 2
433 3
39 2
64 7
203 6
186 30
43 27
71 17
363 4
60 28
148 32
428 23
206 11
238 8
23 24
221 8
349 29
59 4
39 22
330 1
135 27
414 22
230 8
486 4
476 13
143 31
312 14
473 30
489 10
493 27
382 1
147 26
217 13
117 27
178 6
199 29
17 24
342 22
152 23
189 11
224 23
249 15
252 30
404 28
135 16
103 8
312 25
98 13
305 30
487 6
216 2
146 4
1 19
329 24
166 17
130 13
51 11
127 10
304 7
394 14
130 28
158 6
96 23
174 24
172 24
233 23
49 31
470 18
69 18
405 26
18 11
178 8
265 1
370 28
39 23
61 28
110 30
461 5
176 18
308 8
146 24
86 2
474 24
447 7
205 28
480 11
238 6
142 26
314 3
125 12
477 29
19 10
107 8
346 14
465 9
333 2
249 19
8 22
178 22
116 18
9 28
308 22
105 14
451 6
164 3
269 9
464 23
430 26
470 32
407 23
280 28
100 8
362 27
102 23
265 25
124 1
164 4
223 20
233 5
185 32
452 9
36 7
444 26
40 29
93 6
403 32
389 11
252 14
313 5
140 21
421 12
54 17
47 12
204 31
152 29
174 23
45 6
221 4
379 28
105 23
410 19
194 2
213 29
48 2
1 19
102 30
6 11
210 12
282 17
182 6
153 8
388 18
121 25
37 11
72 21
321 21
352 22
131 4
163 6
89 19
420 27
140 22
49 29
329 27
114 11
116 26
70 27
315 30
167 32
40 7
344 8
423 27
77 17
111 15
434 3
106 14
93 17
131 2
446 3
176 27
321 27
176 30
349 31
283 8
194 2
106 17
385 8
436 6
433 10
52 14
448 21
71 9
106 29
386 19
12 5
461 12
407 32
426 19
330 4
122 27
234 7
412 14
107 23
283 7
96 7
108 11
195 15
435 32
231 28
202 10
84 30
426 30
2 31
97 27
410 10
206 7
149 1
465 31
167 7
497 22
433 24
156 8
486 19
279 17
114 25

