128
491 4
475 32
369 27
330 14
145 19
292 12
233 22
298 14
106 9
332 19
479 13
427 18
167 17
84 19
52 31
19 11
363 21
170 23
367 16
53 3
478 4
467 14
265 24
279 10
36 2
408 18
459 14
135 17
410 26
483 2
469 13
4 27
493 21
265 16
376 21
74 5
160 32
119 16
155 13
497 23
211 20
260 29
442 11
293 31
316 16
164 28
128 11
318 29
192 7
184 3
251 29
124 19
149 26
38 19
490 27
49 20
142 17
220 15
407 29
138 30
140 13
210 7
468 15
91 23
313 14
77 16
31 32
178 7
293 3
185 31
453 2
186 11
394 2
381 12
270 6
373 9
171 2
379 10
313 18
500 5
243 24
40 9
480 21
303 16
284 8
110 20
221 32
182 26
201 23
265 30
432 13
82 14
71 20
295 31
429 22
359 4
74 23
296 5
115 27
380 2
290 2
134 10
285 19
327 1
229 7
158 5
79 3
318 1
198 9
383 27
258 2
2 11
492 9
439 2
451 3
356 4
308 25
101 4
7 15
132 20
369 1
100 8
379 9
300 24
29 7
406 15
276 15
321 31
408 8
224 26
430 3
98 13
419 10
384 6
181 19
13 13
303 16
200 21
380 28
460 9
34 30
399 9
124 15
279 3
182 6
241 31
285 26
51 3
91 26
480 27
448 32
172 30
307 27
134 7
222 30
447 23
311 5
267 6
415 5
317 9
251 5
59 19
98 18
237 32
43 29
311 23
412 2
444 11
204 6
257 18
171 31
384 29
399 7
266 21
47 10
113 21
342 4
331 11
133 28
331 31
340 5
17 19
326 9
173 1
38 13
158 16
483 26
40 13
44 13
46 10
91 30
239 4
181 5
75 21
340 25
488 23
397 8
134 2
316 6
454 29
87 20
264 29
153 23
302 12
164 11
137 26
208 19
389 9
296 11
201 23
219 16
18 31
248 23
40 7
308 2
120 14
105 15
167 1
242 20
156 9
18 32
362 5
19 30
465 10
65 10
4 11
409 13
102 16
23 9
71 31
486 26
280 30
128 22
402 13
265 9
477 6
53 22
359 27
88 23
88 28
192 3
138 25
464 15
108 18
232 30
20 1
71 28
363 31
97 28
271 26
173 32
495 13
85 9
147 8
232 10
27 31
28 9
375 27
255 31
329 14
12 28
407 19
499 13
133 8
384 27
309 12
2 31
132 15
212 30
462 7
67 25
365 19
357 28
85 23
74 25
301 21
113 19
19 11
327 23
58 6
406 18
470 11
373 9
197 24
435 15
378 13
351 2
95 7
185 12
373 22
444 1
195 24
83 17
371 17
216 20
323 25
498 8
231 22
244 28
157 22
438 10
31 16
479 1
50 8
156 18
273 16
447 7
359 5
384 9
290 31
9 12
423 2
255 25
79 2
432 3
380 29
472 26
360 22
386 1
465 6
183 26
493 5
408 27
361 23
432 30
93 32
465 11
1 27
372 23
421 23
17 20
376 4
413 31
289 6
348 22
191 18
195 31
362 14
238 30
97 29
76 25
312 4
408 28
111 7
94 27
433 10
386 16
449 26
99 5
447 14
194 10
179 8
172 20
194 1
465 26
281 12
182 24
80 21
107 14
219 4
276 24
161 21
163 25
310 21
198 12
58 23
245 32
483 29
479 20
29 4
21 26
483 30
105 30
143 4
307 13
263 18
364 20
94 11
384 19
491 9
11 1
176 19
488 30
375 19
37 12
410 29
65 4
110 21
158 12
232 12
465 31
398 28
270 3
58 29
246 5
86 20
301 5
214 4
122 21
106 18
196 11
66 4
463 7
132 16
131 16
435 11
62 24
126 31
175 12
187 16
436 32
379 20
236 8
375 5
236 13
366 27
51 3
42 5
458 22
484 28
241 15
34 18
102 11
336 32
194 10
399 5
146 17
216 13
425 15
90 20
275 7
443 17
90 12
190 19
361 9
338 5
443 19
254 29
381 5
172 19
111 11
55 24
51 15
340 19
417 21
487 23
88 21
219 5
264 28
75 1
81 4
77 27
134 27
419 18
271 19
292 13
365 27
340 23
321 8
242 5
312 16
279 23
8 1
427 3
257 17
99 1
264 8
211 9
358 18
115 32
424 30
361 32
104 16
54 32
231 31
12 19
226 30
293 17
139 4
60 27
424 22
83 8
185 21
288 30
126 10
170 9
308 10
188 31
229 30
39 16
92 2
206 10
192 10
254 30
421 13
428 1
323 18
88 31
358 23
401 12
129 26
236 8
451 28
50 27
221 4
342 20
490 11
481 5
249 23
214 1
251 25
217 5

