128
304 15
83 24
306 16
295 28
500 9
459 13
111 3
210 28
380 13
57 12
316 30
429 7
316 19
323 3
393 32
68 28
402 26
300 11
385 14
174 8
106 4
60 9
254 6
312 14
462 20
109 29
226 21
223 13
439 1
275 19
452 22
379 13
195 2
411 24
475 28
315 4
420 19
148 5
348 16
158 9
179 11
142 20
155 8
148 6
113 15
276 8
468 6
417 19
35 11
446 21
115 8
293 6
338 4
262 17
251 28
50 22
38 31
37 4
406 9
489 14
311 1
82 26
122 10
144 13
380 21
369 26
53 25
83 22
305 9
131 15
264 32
40 9
222 13
196 3
465 21
145 11
301 6
404 26
279 16
282 2
340 7
356 32
15 26
486 27
134 28
430 5
147 13
401 24
249 25
346 13
485 10
339 1
419 27
410 29
494 32
59 13
194 26
429 4
55 2
231 21
233 8
437 23
332 6
98 13
138 7
293 10
137 16
110 31
226 3
456 19
210 26
255 7
483 11
315 5
448 9
225 8
56 18
410 3
351 11
319 20
154 8
313 2
95 6
48 32
292 27
242 10
220 16
108 6
31 26
91 6
318 3
362 17
328 11
464 10
334 2
369 7
97 25
128 31
454 7
214 6
30 15
99 21
155 30
155 25
480 5
366 25
411 11
374 27
350 29
120 11
470 1
21 7
21 24
109 23
378 3
424 31
481 10
360 15
431 14
171 30
110 5
59 24
115 32
110 4
120 22
350 25
70 30
359 14
73 4
268 19
494 31
209 22
64 4
461 15
433 11
256 2
371 2
62 30
449 11
301 28
252 15
213 21
372 19
263 1
390 6
247 27
425 3
209 12
23 21
334 23
355 6
349 14
107 18
63 8
284 11
179 28
365 23
208 5
462 18
385 31
204 23
86 28
85 10
467 31
166 1
266 28
242 14
97 12
227 19
107 26
374 22
397 22
28 5
326 21
426 30
44 13
192 13
108 13
126 15
235 19
227 32
162 20
317 23
19 11
269 18
109 6
115 25
232 18
461 21
483 19
119 26
219 6
6 7
438 27
105 29
273 3
228 26
150 9
396 20
291 25
497 23
158 11
256 25
253 12
298 3
158 32
112 29
429 1
407 23
99 23
95 7
193 14
8 14
218 16
361 9
272 6
407 5
320 14
22 12
82 11
10 23
290 9
467 14
89 21
288 3
235 22
261 3
56 9
120 25
376 17
281 31
42 32
279 5
53 32
489 6
470 30
225 19
471 15
329 15
268 4
302 14
202 26
281 29
182 32
29 25
84 22
55 5
349 26
190 1
133 26
239 3
27 3
65 29
357 21
112 20
213 29
478 18
326 18
170 24
361 2
64 1
359 7
273 11
452 14
312 24
491 18
242 30
216 15
218 4
403 5
400 27
93 25
232 23
190 25
426 26
451 29
346 17
311 31
220 2
432 7
50 19
136 19
144 11
301 9
126 4
42 5
22 14
457 10
404 6
6 17
48 28
374 25
321 16
215 8
298 3
274 11
421 5
193 4
111 30
276 28
401 25
465 30
303 29
27 10
419 9
91 2
192 8
62 16
499 17
403 8
275 4
346 7
436 15
110 22
384 21
486 12
54 18
57 20
74 16
117 16
468 23
161 27
22 11
375 21
203 1
316 13
157 14
23 12
404 28
490 7
220 19
422 29
276 26
332 17
413 13
45 32
7 17
95 1
131 5
49 21
449 16
309 9
81 19
49 24
166 22
122 30
364 15
362 11
373 10
191 17
494 27
369 24
292 11
232 6
135 12
255 19
348 27
392 24
450 16
264 27
329 13
204 12
132 18
34 4
111 16
492 16
459 4
307 22
26 31
23 28
170 21
447 5
44 10
149 29
129 12
459 29
352 15
352 19
80 29
338 26
460 10
145 22
393 15
371 27
341 6
134 23
22 4
231 9
269 23
409 5
494 28
205 26
234 8
180 9
144 2
354 16
403 10
225 23
300 16
417 5
193 7
151 14
482 21
483 23
112 27
499 13
462 28
154 31
463 18
359 7
407 8
414 29
61 26
455 9
289 4
1 29
126 7
399 19
235 1
209 6
123 4
155 17
115 24
483 1
345 22
239 27
257 28
411 14
494 10
178 30
441 2
115 22
180 5
24 2
245 17
112 31
144 26
155 18
129 30
390 26
35 25
76 15
132 11
108 9
204 17
111 32
314 1
61 25
89 28
259 9
20 2
51 31
339 22
476 11
399 2
292 5
494 24
223 13
58 15
454 21
467 28
108 17
140 8
125 32
455 3
264 15
456 14
341 30
223 29
465 21
34 12
405 23

