128
209 6
215 22
435 8
29 16
96 27
29 27
409 23
461 14
114 31
83 22
230 12
361 16
448 10
323 28
308 32
243 4
373 10
445 7
89 2
139 13
136 3
479 1
325 19
102 30
286 17
279 27
68 24
230 15
101 12
250 4
104 9
127 16
154 32
487 2
249 13
278 28
143 20
132 7
399 10
256 24
418 23
402 21
26 28
204 14
35 13
386 18
149 24
318 6
287 24
396 23
428 21
271 18
133 14
388 15
487 27
270 16
29 23
241 30
302 8
32 25
100 29
178 9
132 11
254 11
150 21
305 5
26 19
350 18
329 13
244 23
232 5
71 24
183 11
18 13
458 1
377 5
169 14
9 16
253 27
422 26
115 27
331 24
153 20
149 13
269 8
148 8
256 10
315 7
380 20
127 5
232 23
245 16
408 22
404 28
220 25
414 30
403 20
326 32
127 30
240 7
218 15
98 17
308 13
263 11
96 9
375 20
243 24
431 3
77 2
14 28
11 19
333 13
22 14
24 13
336 24
247 17
354 1
377 30
109 24
200 12
232 23
235 31
398 2
329 26
351 30
325 29
473 13
478 22
167 21
346 6
116 21
406 18
289 22
483 1
477 22
304 13
460 11
387 25
204 11
34 14
260 6
267 24
219 20
78 13
96 15
90 20
367 7
33 23
480 19
255 9
400 3
369 20
97 31
420 24
173 30
205 16
15 15
16 21
418 21
469 10
219 18
225 6
404 1
444 20
475 19
44 26
257 16
85 1
18 25
356 22
162 28
325 24
87 12
409 12
488 13
17 3
435 17
496 22
201 3
73 3
137 4
253 9
379 9
449 32
45 32
289 22
420 26
382 6
157 26
9 5
18 6
55 4
470 14
142 7
488 2
401 5
34 5
73 24
194 22
12 14
381 12
296 16
117 17
157 10
170 6
122 15
395 20
343 32
77 12
238 16
401 15
392 18
143 1
198 32
190 1
426 10
212 17
222 17
453 14
306 10
395 7
12 29
454 10
153 26
189 2
445 2
380 29
375 3
5 28
210 18
484 15
467 8
59 20
376 31
66 17
484 20
459 32
249 16
201 13
441 30
494 17
331 30
277 17
100 9
481 1
178 8
148 21
11 14
184 6
69 9
66 20
61 12
399 13
287 28
413 3
341 6
168 23
483 32
227 2
77 19
243 2
23 18
102 9
447 30
271 11
34 4
271 2
64 17
254 10
120 6
281 4
276 32
482 14
391 1
44 7
119 18
425 13
27 30
26 1
311 4
192 1
335 10
142 22
482 16
100 6
265 12
265 32
179 3
2 9
11 29
388 21
182 24
122 16
189 23
236 16
146 27
400 32
388 17
230 30
140 21
175 21
412 11
148 10
389 1
10 15
397 1
380 10
412 5
489 13
351 9
156 20
3 11
179 7
447 8
464 27
292 6
195 27
280 2
144 29
47 22
271 31
254 14
373 14
354 1
470 12
289 21
255 12
31 18
34 25
193 21
267 21
486 1
39 9
7 19
137 5
188 16
347 29
261 11
458 15
284 3
22 20
255 25
215 21
62 16
466 2
448 32
442 29
397 5
402 3
367 10
307 30
297 9
346 22
372 4
24 31
286 29
78 29
25 17
177 30
244 30
44 4
78 21
476 30
169 5
228 15
267 6
440 7
186 6
120 1
145 31
415 14
244 17
322 16
489 27
206 32
344 13
423 21
289 3
246 26
127 17
344 21
6 20
456 4
125 23
452 1
274 3
402 17
63 24
284 19
426 13
134 9
293 21
394 26
307 15
391 29
316 26
178 21
221 13
216 5
411 28
317 24
238 19
200 16
294 8
54 27
28 19
191 13
95 32
402 29
427 24
38 14
229 11
414 30
51 26
498 25
1 7
497 18
385 24
93 2
383 2
248 19
184 30
231 27
226 4
235 12
127 16
245 11
190 26
156 16
139 10
53 7
320 25
80 8
96 24
233 15
169 4
241 13
121 31
335 30
158 29
349 28
45 1
490 6
103 14
326 13
151 30
84 6
278 11
25 5
39 21
203 27
440 19
263 24
469 13
258 18
370 30
261 22
199 19
499 25
100 16
245 22
53 24
423 2
47 7
55 5
407 25
495 18
256 6
257 28
206 30
202 27
472 26
192 26
416 11
174 11
218 22
116 7
450 26
304 16
336 14
432 26
319 18
439 18
35 20
1 9
61 26
167 12
16 19
53 31
401 22
298 22
348 9
92 25
451 4
144 2
105 27
232 23
352 6
200 3
69 21
479 10
402 13
365 1
207 26
52 27
347 9
77 26
261 12
342 19
415 25
53 32
411 16

