128
246 1
440 24
157 2
489 12
149 30
344 16
367 19
361 19
235 13
471 14
137 31
497 2
254 12
72 8
411 16
138 17
8 14
300 4
491 4
180 31
293 19
495 23
305 23
37 27
419 27
385 19
33 29
48 26
500 16
213 15
219 31
271 14
132 6
94 26
209 1
112 9
499 6
11 24
312 7
194 31
109 26
489 25
310 5
278 30
360 19
424 18
193 10
7 28
115 16
297 23
76 12
175 3
70 29
378 13
435 11
315 3
353 28
35 26
192 12
175 19
154 2
480 14
495 2
21 25
86 29
283 1
429 13
87 26
345 28
230 11
239 17
25 11
200 7
456 11
75 27
293 16
432 32
74 7
109 6
387 18
115 14
59 11
182 21
392 3
461 9
9 23
17 26
493 4
148 4
162 18
430 10
450 26
429 31
140 10
320 30
83 6
251 13
328 5
138 19
311 18
192 19
352 20
56 8
480 12
143 5
277 9
447 30
286 23
304 1
412 32
154 27
261 9
339 21
189 8
159 19
129 2
21 32
262 17
323 13
484 18
233 24
390 31
190 27
406 17
451 21
468 24
367 21
212 22
21 12
385 15
250 22
233 3
345 6
51 28
438 14
485 2
145 6
53 26
400 22
179 26
330 26
157 25
78 17
254 22
120 10
129 26
355 21
344 20
206 14
219 11
279 27
16 31
428 12
109 31
229 3
380 11
488 8
107 10
256 16
367 20
201 3
449 24
207 8
107 16
37 25
258 15
231 6
89 18
193 5
336 18
39 7
184 3
454 30
296 6
1 10
289 5
9 5
460 3
380 6
183 32
94 12
230 16
65 26
333 2
219 16
235 5
86 14
135 4
207 18
101 23
92 1
463 8
477 23
18 16
192 28
123 26
492 28
313 24
373 10
369 19
369 11
200 15
20 30
198 2
116 26
488 11
390 19
10 30
225 27
73 4
431 27
257 30
398 6
181 10
271 14
65 7
4 20
297 16
301 6
305 32
143 9
474 24
95 27
249 3
214 1
438 12
367 3
269 16
468 29
386 22
202 22
228 2
417 17
285 25
18 1
133 21
233 2
396 3
293 1
145 18
317 11
353 28
481 5
151 20
273 4
37 11
189 4
384 1
288 28
322 10
256 18
318 5
115 9
167 15
61 12
116 10
98 28
265 2
440 15
377 1
303 29
391 11
176 22
448 20
293 5
121 12
278 26
240 8
354 23
3 11
70 22
144 23
438 24
96 17
26 12
293 24
236 27
23 7
308 14
226 32
442 22
500 7
135 27
314 17
497 4
255 18
434 14
84 11
361 31
451 10
354 12
66 17
278 4
352 22
409 17
37 2
275 32
420 21
479 21
101 11
401 31
393 18
308 4
56 16
359 22
54 12
453 27
153 7
58 20
168 14
136 16
167 10
444 22
23 10
22 3
396 2
182 16
107 13
116 14
9 22
372 22
37 4
384 29
406 13
396 5
110 20
129 8
293 4
65 27
493 6
142 32
212 31
380 26
163 3
184 7
320 11
84 24
230 11
249 24
111 4
60 16
27 16
347 20
111 19
338 31
53 11
195 32
153 14
285 20
420 32
190 7
374 22
298 24
444 18
91 23
190 10
126 12
338 29
239 12
87 13
403 7
55 9
254 32
374 31
227 5
358 12
383 8
41 8
187 1
78 13
243 15
426 28
186 15
192 25
415 7
1 5
121 27
117 19
466 2
265 12
134 14
312 16
205 24
47 19
40 16
19 14
94 21
2 24
411 1
56 29
175 20
493 20
314 13
22 8
98 22
27 19
111 10
98 24
42 25
410 25
324 9
67 6
77 16
49 31
316 12
164 23
11 28
138 12
265 15
307 22
500 6
297 6
23 10
129 16
94 7
201 10
23 15
335 11
38 11
437 13
486 4
195 20
256 12
23 8
46 18
437 29
15 5
7 5
331 31
305 16
377 29
193 19
123 7
349 8
261 6
216 6
237 23
445 8
298 24
215 28
149 12
388 31
236 26
403 30
233 23
342 29
415 6
360 29
265 12
400 29
345 24
475 26
82 27
277 15
90 16
222 26
495 2
456 10
207 27
500 19
269 21
400 4
226 31
72 6
170 4
367 27
143 5
300 8
463 20
102 17
419 32
346 29
489 2
347 27
12 14
338 12
38 29
315 27
199 15
457 4
414 3
86 12
367 17
279 5
165 8
85 7
259 31
200 7
84 10
294 27
243 15
78 24
219 21
394 5
483 18
136 20
376 6
303 26
458 17
423 26
164 19
409 31
141 4
373 16
5 6
22 3
148 16
378 30
344 11
486 6
325 10
73 16

