128
354 20
486 21
381 11
236 21
134 8
456 19
276 18
245 21
73 30
398 25
138 5
488 14
500 25
355 23
460 26
409 26
373 18
130 21
341 2
33 6
45 25
348 1
266 5
89 30
38 14
247 27
50 10
269 9
478 7
168 2
240 16
103 12
174 8
217 30
301 9
339 18
441 27
18 11
483 6
248 32
147 30
399 5
431 3
245 9
141 12
198 8
192 4
343 29
235 19
230 20
12 28
233 28
106 22
362 20
59 14
164 13
455 14
253 18
80 30
146 24
113 3
451 4
346 17
372 16
408 25
467 31
21 7
74 10
300 32
418 22
397 17
267 23
494 19
88 13
368 1
144 25
427 2
488 8
442 28
204 21
312 26
119 8
221 13
310 28
480 15
82 24
159 20
78 28
218 22
428 22
102 11
270 25
368 9
152 29
468 23
10 24
377 4
111 17
320 16
468 27
350 29
26 28
100 32
363 22
473 30
255 10
64 24
454 19
484 2
92 4
312 1
83 8
80 25
488 20
169 4
50 6
208 32
378 16
383 24
477 19
234 15
132 29
458 30
80 5
43 31
244 22
123 2
246 2
75 21
453 3
392 3
260 24
134 9
259 32
433 11
74 22
317 13
314 30
142 1
418 8
415 10
242 29
191 27
443 5
423 19
7 7
101 15
266 22
459 4
101 23
110 6
408 6
83 30
403 28
466 4
260 29
333 1
473 24
43 23
140 9
162 3
131 30
117 12
348 7
271 8
318 28
474 9
9 32
298 3
131 4
83 30
200 19
94 24
438 24
439 6
453 24
428 15
213 24
331 8
470 9
8 27
185 29
12 5
388 9
104 22
424 14
112 11
452 17
147 10
45 17
171 9
36 22
431 28
493 17
308 10
214 19
101 30
499 8
442 10
272 9
107 28
434 18
22 22
127 8
479 11
104 13
19 31
98 9
387 14
62 30
403 19
212 27
376 30
466 17
299 18
214 5
137 15
179 18
384 25
178 2
327 17
214 21
420 15
145 10
104 22
203 19
184 22
361 23
327 15
228 25
268 1
233 12
291 19
265 19
67 22
240 13
75 2
441 22
468 30
3 12
495 5
430 27
322 10
89 12
172 24
124 23
460 32
46 7
471 31
481 29
252 12
134 26
377 10
23 29
363 13
416 26
433 5
36 10
338 4
253 6
496 24
300 19
288 30
409 10
156 17
498 15
461 15
437 9
409 23
33 31
336 12
128 20
496 11
226 30
343 18
47 10
58 30
144 1
43 21
306 22
293 15
161 1
138 13
294 22
407 14
20 6
126 12
214 9
366 23
306 4
268 8
397 17
50 9
373 32
445 26
346 1
185 26
46 6
454 11
71 8
164 14
454 17
89 7
262 15
457 31
14 4
271 31
253 12
303 5
467 3
7 32
39 7
169 4
364 30
422 6
334 6
375 19
226 12
157 15
122 21
406 11
40 20
397 12
199 15
121 9
297 15
181 20
21 1
271 32
323 5
21 4
482 23
498 31
62 14
398 27
470 27
170 25
182 14
357 12
117 21
248 13
307 28
452 23
129 23
62 27
267 26
310 4
328 19
306 18
312 15
276 1
357 17
345 22
67 29
269 27
381 21
299 19
296 7
365 12
325 30
226 23
211 3
190 7
193 27
132 20
50 3
488 18
408 13
296 18
385 8
8 26
284 18
304 12
408 21
355 20
298 29
322 9
467 3
251 20
210 6
15 7
492 27
368 27
187 31
224 15
431 23
336 2
37 20
145 32
12 4
28 25
432 29
169 30
64 15
409 29
4 24
383 28
278 26
246 24
265 2
386 31
52 14
408 32
65 13
384 8
404 19
236 15
463 1
84 14
27 29
150 3
268 12
378 5
134 19
360 30
296 1
92 12
318 27
139 14
255 10
309 22
136 21
344 11
153 16
476 3
124 2
413 31
9 2
139 18
469 30
391 8
446 10
315 12
37 30
349 11
179 14
301 3
406 4
265 22
423 4
292 30
69 29
288 18
198 30
71 18
127 18
134 25
499 12
188 31
253 28
326 16
249 10
450 10
121 30
415 32
305 23
441 6
115 25
303 16
6 25
330 17
390 27
57 5
114 12
423 15
335 12
2 16
225 15
89 2
16 24
241 12
414 29
397 32
261 7
43 11
276 16
103 9
38 3
53 16
458 16
370 20
427 27
227 16
173 28
349 20
171 17
359 32
121 16
315 2
306 13
352 21
81 6
98 6
316 10
269 21
329 18
416 20
212 11
259 20
310 19
423 24
47 6
415 15
389 21
252 10
437 27
479 29
260 28
487 7
281 23
199 30
97 3

