128
363 7
302 24
436 23
395 6
325 4
26 23
146 13
486 15
49 20
294 7
69 30
137 24
285 7
177 22
430 3
366 20
77 20
256 9
294 14
486 2
233 19
84 31
331 2
209 4
265 30
106 9
235 30
144 16
376 13
405 29
303 3
449 24
494 28
244 31
205 13
256 25
92 23
167 30
112 3
5 12
229 10
60 27
55 20
38 10
228 15
87 14
417 23
113 6
238 4
400 26
289 3
230 16
345 9
153 17
123 14
184 11
119 16
18 30
3 15
103 2
201 13
111 13
75 20
230 20
431 21
457 7
135 31
450 16
435 3
140 17
112 27
260 6
122 1
255 12
35 10
205 12
398 28
204 25
391 10
488 5
414 25
392 21
483 1
232 29
295 3
325 18
397 8
340 7
64 26
494 23
303 31
186 25
366 25
25 8
174 28
428 32
308 23
340 10
364 23
206 26
145 19
268 21
318 3
411 2
200 13
332 31
103 25
407 4
257 7
75 19
294 22
222 22
25 5
243 4
335 5
397 19
183 8
371 16
122 2
233 6
38 8
28 24
284 26
311 17
216 5
323 1
238 20
314 6
308 21
1 18
209 6
472 15
265 10
242 23
327 15
264 24
242 31
207 22
76 9
418 23
253 8
3 7
487 13
456 18
429 21
287 25
58 6
379 6
303 4
264 26
446 23
345 8
169 32
65 12
420 2
386 21
73 25
15 3
261 6
204 5
278 22
177 19
99 3
213 9
378 20
382 24
3 19
363 31
130 27
267 25
260 12
73 4
244 7
94 8
409 25
396 6
490 8
225 8
478 17
192 16
264 18
31 14
4 5
289 21
23 23
33 26
410 26
317 6
44 2
361 12
410 25
490 7
328 10
190 10
2 29
13 29
10 31
383 17
139 23
497 1
429 18
294 14
339 22
343 10
371 32
186 16
460 7
30 23
92 3
296 9
155 24
209 13
54 15
177 24
465 2
204 17
407 17
83 29
458 17
330 28
480 27
107 7
393 32
430 16
58 29
428 1
237 29
377 10
431 9
186 16
430 25
492 28
90 30
136 15
203 30
375 30
332 21
473 25
469 2
208 22
330 32
90 18
124 2
60 6
223 29
153 20
189 21
44 30
274 7
177 32
496 23
158 28
383 2
404 31
383 27
81 32
98 10
482 21
340 13
479 22
489 15
269 29
331 24
307 21
343 7
432 2
385 17
17 7
70 16
322 20
383 26
368 4
275 5
405 14
241 19
231 25
69 12
109 4
163 15
356 1
249 11
47 17
228 31
104 13
335 29
453 25
382 20
400 24
20 20
474 8
38 8
340 7
55 20
210 22
215 1
74 23
55 24
300 6
387 31
283 5
383 19
141 16
406 24
271 29
344 12
36 17
300 3
43 6
174 32
423 24
168 17
55 11
320 22
356 30
460 2
130 14
76 30
457 25
310 3
109 1
175 24
89 2
222 8
31 16
383 2
135 7
302 21
477 25
246 32
31 29
174 24
250 21
430 6
434 11
137 2
447 23
38 27
488 19
166 30
6 9
323 9
155 16
33 31
449 7
166 31
335 31
490 13
292 11
142 1
361 26
118 31
292 27
194 7
266 27
1 15
111 3
263 17
151 20
99 27
426 13
281 28
159 14
344 30
393 26
26 13
467 32
412 3
150 5
93 7
315 13
390 2
120 12
394 2
151 1
424 24
461 20
336 23
177 27
273 25
368 18
174 7
293 17
149 11
393 17
413 19
38 6
336 13
306 6
482 16
278 9
32 18
312 27
60 28
249 28
57 9
130 26
7 30
18 23
420 30
99 25
468 4
134 4
496 15
237 29
247 14
85 6
103 32
348 6
384 20
494 16
416 15
373 10
100 18
132 20
299 7
204 30
218 9
421 26
480 9
394 22
22 27
355 20
226 26
138 21
149 27
252 9
457 12
42 20
13 18
427 11
404 18
281 1
23 9
390 18
414 16
79 7
466 1
411 3
486 20
4 6
30 27
254 22
231 32
393 3
469 16
258 8
153 22
48 27
294 2
28 15
425 18
494 26
390 16
284 11
303 19
213 16
394 30
169 20
261 13
218 13
84 3
156 29
68 28
115 22
493 3
420 13
100 25
158 6
316 1
216 10
80 32
153 1
246 29
448 26
86 9
439 5
344 26
109 3
149 24
124 17
70 28
409 13
456 2
10 28
359 2
93 22
5 30
262 30
418 9
108 3
225 30
24 28
491 8
331 12
59 22
132 24
497 25
297 5
458 22
76 28
235 4
457 24
265 6
193 27
278 12
185 31
197 4
274 32
44 24
327 10
58 6
230 30

