128
434 31
296 12
319 31
242 25
241 8
385 17
38 12
450 30
98 15
99 20
227 23
109 2
395 26
346 14
428 3
154 18
9 5
73 23
192 6
484 28
193 4
480 30
375 6
327 29
296 17
388 2
147 21
215 1
86 9
306 1
323 16
78 12
260 14
10 23
315 17
87 32
64 30
441 3
495 24
263 23
248 14
16 15
498 27
287 15
143 29
300 13
256 1
296 31
379 26
318 1
2 8
52 30
469 29
4 8
464 30
458 27
119 21
309 13
55 24
255 17
244 10
162 31
283 21
365 25
466 18
353 24
437 25
33 30
453 20
425 8
357 2
330 27
58 11
295 5
438 2
309 21
455 18
179 21
131 15
397 20
429 6
415 25
210 31
474 18
38 26
429 2
131 26
221 17
248 3
301 5
416 9
217 15
431 11
459 1
142 16
8 26
161 31
286 18
73 8
31 15
9 27
356 28
420 12
32 24
443 32
56 18
144 21
284 2
371 3
486 24
302 22
433 6
120 3
183 16
182 25
6 10
375 14
33 6
289 16
313 7
247 25
293 23
493 24
316 11
170 26
79 11
499 19
136 2
433 6
13 30
382 15
156 16
380 12
402 20
252 18
251 10
286 19
92 22
470 24
345 4
61 3
314 31
137 30
380 10
119 16
387 1
410 14
312 25
82 5
309 21
131 7
34 32
305 30
398 2
385 22
117 5
368 19
207 12
84 2
277 18
477 28
258 15
409 2
379 2
134 19
26 28
449 20
384 17
37 17
379 5
226 23
69 29
277 11
300 24
212 29
414 28
444 27
278 32
240 17
194 2
195 23
341 28
278 24
396 26
356 30
438 13
121 6
25 29
132 17
257 27
253 30
383 4
192 32
399 20
316 4
157 19
311 17
6 4
73 25
458 16
27 27
361 11
105 5
395 16
61 27
431 1
172 1
212 16
324 7
295 16
406 23
206 4
151 15
8 15
463 5
355 29
63 27
339 31
303 14
255 20
384 25
380 32
201 24
271 24
406 17
219 7
219 8
379 13
134 18
296 29
54 26
289 20
216 32
487 18
213 1
85 20
129 25
3 17
260 1
56 13
41 15
327 23
50 29
332 12
294 31
336 3
128 32
19 11
455 9
416 11
97 1
115 1
317 17
109 8
94 24
92 2
142 6
97 28
327 28
431 16
406 14
23 17
241 9
431 12
45 22
214 25
346 20
421 14
297 9
441 22
44 8
227 6
154 15
81 16
250 7
155 3
276 17
391 32
217 13
63 9
19 1
457 24
456 25
230 24
257 26
345 1
54 4
42 15
246 6
390 28
484 28
354 31
73 17
478 5
269 9
254 31
21 14
3 28
291 28
432 7
401 32
403 22
51 12
12 21
417 1
144 28
149 13
362 9
297 24
361 26
436 26
204 8
28 14
135 14
289 22
216 30
194 27
495 24
414 23
392 23
111 27
82 19
236 12
331 4
135 8
449 2
157 21
377 8
62 11
205 11
429 9
392 22
391 26
69 8
96 25
486 7
347 16
317 26
363 20
318 29
191 26
418 27
122 6
87 16
8 23
386 16
211 1
409 1
14 18
109 10
290 6
168 28
13 8
422 15
335 19
223 21
208 8
76 26
137 18
365 29
452 2
432 7
378 17
319 27
22 15
352 11
225 19
298 9
207 27
464 21
309 2
418 25
178 25
198 22
6 26
458 17
15 30
323 28
434 30
134 15
272 26
117 32
356 30
85 6
485 32
103 5
233 4
161 10
216 14
76 5
123 17
29 1
126 12
380 27
49 18
365 20
499 1
316 22
395 28
120 23
299 22
375 27
445 24
293 20
449 4
380 12
252 12
60 2
315 8
288 31
305 5
183 3
133 6
360 3
101 19
461 27
52 20
281 32
75 25
155 15
440 10
446 16
146 6
273 12
297 12
175 5
64 29
255 21
58 30
279 2
445 16
408 24
279 16
492 13
261 10
79 4
384 21
447 9
382 3
192 6
483 30
482 30
74 16
298 27
201 9
140 29
20 23
493 26
87 12
206 15
333 32
102 8
160 5
300 13
119 4
422 21
61 27
351 27
490 4
117 23
428 17
39 3
7 7
448 13
366 1
291 7
289 13
118 20
293 30
341 23
261 18
68 1
369 30
307 22
269 16
252 13
384 31
347 6
321 11
335 23
151 13
237 11
221 10
239 9
123 31
128 7
44 11
408 28
316 2
122 8
193 29
132 16
15 3
318 32
125 8
226 23
480 18
66 13
19 32
65 2
234 20
228 13
238 15
41 5
53 26
489 1
386 32
173 17
450 6
88 14
345 5
201 32

