128
269 14
114 1
386 1
1 10
473 21
387 13
473 13
117 22
275 20
105 6
316 4
280 12
188 17
442 20
274 32
434 15
434 4
63 23
404 31
160 8
371 22
264 31
142 20
325 17
487 13
214 27
281 2
78 16
266 11
16 20
291 1
286 24
348 16
246 7
262 13
330 32
154 1
179 4
473 19
268 27
283 9
465 15
178 26
383 28
265 2
187 15
198 16
482 6
171 19
500 12
335 26
267 32
274 9
487 14
151 22
57 26
439 29
348 8
267 6
411 27
331 17
289 9
420 14
278 30
200 25
225 30
310 20
225 12
140 32
181 23
169 1
76 19
462 23
223 20
5 29
462 3
82 22
215 13
371 24
443 2
473 19
455 2
362 27
217 2
94 6
144 15
486 7
369 3
493 27
26 25
280 3
36 5
88 6
213 26
446 27
379 14
26 25
403 19
216 28
240 13
17 11
423 6
453 28
301 14
438 30
294 13
313 1
429 24
431 2
210 4
500 12
497 9
477 31
116 24
18 15
352 26
90 31
240 10
418 8
339 15
365 29
424 5
165 12
429 3
345 14
26 9
429 22
73 29
273 12
448 14
395 24
28 20
426 7
229 15
158 20
49 18
256 24
403 12
324 19
219 16
320 20
216 24
118 9
5 30
328 8
383 14
251 18
409 20
380 30
370 5
261 31
411 32
242 13
287 25
495 25
289 30
453 32
413 22
144 9
163 28
221 29
397 15
159 10
351 6
147 4
427 23
342 1
274 24
1 32
204 11
121 24
160 5
496 28
198 31
341 12
314 21
108 3
235 22
368 5
8 18
157 6
124 10
122 29
285 18
12 17
320 20
480 3
408 31
402 17
318 2
168 23
6 4
341 25
245 4
177 20
425 5
37 28
35 30
148 15
335 20
159 10
143 7
484 31
317 10
359 2
479 11
117 1
154 17
429 6
369 21
354 9
142 18
45 8
104 28
346 30
203 21
92 22
495 19
100 31
312 2
445 7
188 25
479 25
369 31
443 29
363 24
382 12
37 10
31 24
469 9
430 20
233 29
221 23
299 28
37 11
333 21
105 9
245 23
213 22
341 31
54 7
302 23
411 31
212 5
182 5
21 11
56 9
335 32
479 22
299 20
96 23
52 16
151 21
134 32
114 26
370 27
380 20
306 18
214 17
435 7
401 3
358 12
208 24
435 10
177 5
405 12
216 5
323 26
457 32
433 2
281 23
88 25
178 13
302 27
262 32
489 18
43 18
322 14
390 8
139 22
341 20
42 8
204 28
125 16
320 26
81 20
416 12
112 25
413 22
187 22
353 19
187 23
373 4
348 14
116 27
31 24
234 4
215 5
288 31
300 27
100 4
410 7
399 26
311 7
139 17
188 3
376 3
90 8
86 29
213 17
275 23
8 4
167 6
500 26
413 27
412 28
30 1
231 13
194 1
443 8
390 15
379 21
209 4
364 22
256 16
347 23
170 14
242 32
428 2
493 24
392 12
55 26
77 21
54 6
178 24
158 7
330 24
183 22
355 22
184 26
325 18
344 10
235 10
34 18
31 2
205 6
134 28
47 26
396 4
183 5
300 12
343 1
227 5
19 29
274 2
191 30
83 6
296 17
323 17
331 25
58 11
275 31
498 29
252 22
125 23
170 28
126 5
404 5
241 18
285 3
327 23
316 5
361 7
226 11
143 24
388 9
294 2
95 8
186 31
37 30
485 22
233 22
70 21
314 3
114 27
177 25
425 4
201 13
455 18
172 1
185 27
353 11
72 16
122 25
146 14
419 2
215 15
91 29
343 17
447 9
207 3
249 27
318 29
120 16
227 31
73 23
53 25
93 20
224 18
84 21
223 2
202 2
357 13
426 19
401 28
7 7
198 27
89 3
56 8
491 6
54 3
396 30
339 29
81 3
54 29
135 13
18 13
418 14
481 11
425 21
66 27
191 3
38 27
481 13
191 23
226 8
385 13
202 20
313 22
138 23
298 12
495 16
460 16
393 16
106 29
24 31
452 30
137 13
345 5
433 27
440 10
482 20
482 7
399 31
317 28
13 14
12 23
485 31
270 26
115 31
398 18
249 13
204 29
41 8
205 17
138 28
334 3
320 16
154 22
462 6
106 2
139 25
332 16
291 29
353 5
179 30
395 23
155 6
15 3
349 19
20 14
215 13
308 30
372 25
251 9
134 4
158 17
176 1
248 19
293 8
371 23
405 13
249 15
66 31
106 30
482 5
103 32
181 27
81 13
223 15
237 17
391 31
333 14
235 32
32 28
235 23
350 11
371 31
50 21
213 11
54 14
131 29

