128
297 26
500 30
328 17
307 10
441 5
408 20
180 16
130 6
254 29
417 5
149 32
231 13
476 24
271 14
95 11
376 3
377 11
92 16
83 19
345 31
379 21
154 7
416 12
452 17
104 21
401 24
172 19
449 3
351 19
128 17
194 15
40 2
81 19
125 19
381 10
38 28
222 3
170 1
178 13
9 21
341 5
237 20
392 17
10 2
403 5
390 32
343 5
17 11
412 18
86 28
463 15
255 24
17 24
24 31
397 8
327 5
144 31
101 3
99 14
480 18
99 22
301 5
2 18
216 17
311 13
409 29
127 3
160 11
439 11
189 31
418 28
275 29
430 27
300 9
189 3
234 27
352 10
79 18
351 14
470 29
298 14
137 20
393 12
419 11
182 7
369 7
474 11
12 28
222 3
136 14
293 29
48 29
402 6
350 1
124 15
117 13
49 22
49 13
253 31
123 23
425 31
385 7
337 32
154 14
410 5
171 7
9 2
347 6
48 16
366 27
366 3
295 26
440 7
354 24
13 28
478 10
170 11
188 3
462 17
120 12
333 11
278 21
8 20
250 19
171 32
429 32
302 20
302 25
270 31
284 31
335 30
424 20
180 23
66 17
7 6
216 27
476 13
31 27
468 8
242 2
99 26
378 8
97 27
140 7
185 16
353 19
241 12
79 20
90 28
412 8
329 32
286 16
120 16
491 12
447 24
429 30
253 14
445 30
484 5
68 1
64 8
243 32
399 25
75 20
465 22
287 21
465 28
301 1
239 15
376 1
374 24
434 22
110 3
327 13
167 22
317 26
17 32
237 15
380 11
106 12
500 28
193 21
315 5
253 1
135 32
442 24
283 31
337 28
105 32
189 7
261 21
56 18
416 24
396 12
158 2
343 2
393 23
326 20
379 10
464 13
409 21
224 31
132 17
287 20
428 3
211 4
331 26
169 11
410 21
394 19
418 12
76 18
475 9
221 29
182 25
218 26
441 13
485 32
205 19
160 12
97 14
172 11
487 4
25 24
108 10
315 13
358 30
391 24
347 3
184 24
499 29
322 8
46 10
363 6
280 26
234 16
95 1
154 14
448 15
329 28
448 15
136 13
237 6
136 19
489 24
462 3
424 27
130 29
292 17
423 31
218 20
298 17
412 8
394 23
130 2
470 13
217 26
382 29
483 29
387 7
40 24
162 8
335 19
136 22
135 6
49 13
65 2
17 12
149 26
39 30
335 20
59 11
465 4
207 12
160 21
122 20
145 27
15 31
74 30
308 16
412 8
264 28
258 24
304 18
393 10
388 12
53 26
482 10
237 29
169 28
485 6
447 29
425 9
311 14
167 15
409 10
30 25
53 31
156 12
45 1
401 32
480 18
229 1
175 21
1 15
212 14
336 31
466 20
175 5
109 13
451 30
270 8
246 27
119 5
382 23
153 27
446 16
440 14
297 6
342 13
160 17
134 7
415 4
107 22
80 27
282 26
436 24
213 13
226 7
286 23
197 22
241 18
274 28
19 22
145 32
218 20
265 28
3 31
303 21
120 6
27 22
115 7
305 31
347 30
362 4
488 2
274 5
52 31
260 18
468 1
282 21
412 2
36 14
224 14
226 20
275 17
97 17
419 21
420 9
282 21
249 5
338 6
349 9
420 9
311 23
365 12
423 28
137 27
246 12
500 11
407 27
75 7
15 17
107 26
110 12
214 6
361 4
83 25
292 14
169 6
240 9
45 14
365 29
472 14
245 16
432 7
450 19
6 20
203 8
250 28
204 27
373 4
70 11
124 10
308 29
167 27
177 32
61 9
244 16
2 4
59 14
491 8
292 24
324 2
459 9
158 18
91 30
77 1
337 17
226 32
345 24
43 17
455 3
414 19
190 15
390 17
52 32
108 27
227 19
189 22
207 26
51 30
79 28
162 31
32 7
59 24
130 25
248 21
407 1
135 12
280 28
196 11
256 20
26 18
86 2
19 1
263 14
294 17
401 27
108 20
193 14
307 30
470 18
110 32
67 24
323 2
120 7
176 15
174 17
208 31
266 7
403 12
500 28
73 28
354 12
35 22
197 25
72 30
246 5
245 28
277 7
361 16
289 9
474 6
441 29
73 11
111 3
290 22
23 18
65 20
393 31
126 21
291 29
106 1
229 14
404 29
121 25
104 1
5 9
223 25
462 11
355 8
121 25
386 11
6 14
223 7
401 8
339 3
248 13
431 4
498 31
333 14
451 12
231 23
365 21
251 26
451 18
249 11
102 30
270 19
288 20
357 24
43 20
230 30
344 29
265 25
199 1
15 17
385 21
455 1
401 21
74 7

