128
192 3
406 25
37 26
234 24
196 14
409 21
466 15
337 31
62 27
451 14
445 9
429 29
302 28
394 28
461 12
67 8
466 24
156 23
406 13
214 13
155 2
37 4
376 10
10 5
156 25
166 25
1 3
325 22
494 6
77 22
285 32
309 31
319 28
105 8
204 2
29 2
143 21
330 19
290 7
159 2
299 9
250 31
123 14
305 8
495 5
273 3
228 25
233 27
248 21
326 27
358 22
309 25
419 2
223 8
328 1
357 7
409 2
129 19
31 25
350 1
18 22
156 1
406 4
347 1
77 29
456 14
26 24
286 28
253 16
356 32
241 12
58 25
318 11
32 28
323 5
225 32
207 32
289 8
119 27
469 27
307 4
481 9
187 14
128 19
478 7
222 14
47 24
218 32
170 17
415 4
186 23
184 16
222 4
207 25
106 31
239 21
98 27
97 28
189 32
426 6
411 32
235 25
131 24
24 24
257 18
495 30
429 30
333 30
1 3
194 31
214 9
371 3
355 15
299 11
394 12
412 20
75 2
260 1
450 3
208 2
73 19
147 29
232 11
206 17
221 16
339 14
36 1
449 26
379 15
137 28
322 20
428 5
46 27
305 15
174 29
404 18
419 14
450 30
232 7
382 4
406 28
90 13
484 2
183 10
136 11
486 9
70 21
57 19
303 18
461 12
430 16
73 28
117 10
497 20
177 7
152 6
302 9
375 30
130 25
499 25
79 12
73 32
100 14
115 15
195 19
378 12
143 23
471 31
324 31
459 16
49 10
434 7
54 8
340 27
68 10
447 2
26 19
497 21
352 19
27 30
390 29
21 8
59 15
494 18
14 24
234 18
265 23
116 18
178 27
352 29
293 30
94 26
21 30
294 16
405 17
122 22
429 22
29 31
189 2
220 18
178 17
115 26
323 27
112 4
185 23
448 25
465 29
498 5
335 32
60 11
316 1
384 28
27 28
82 27
137 9
416 22
458 14
460 32
112 27
484 29
237 3
329 5
176 7
389 26
322 29
248 21
481 3
232 19
246 9
221 26
317 24
400 10
370 31
258 13
133 13
481 9
23 30
422 14
488 22
59 9
462 10
445 15
492 12
301 9
340 14
323 4
361 18
282 10
432 23
415 8
131 31
284 17
204 29
55 31
219 5
351 4
123 3
122 26
322 19
203 1
148 5
169 4
98 18
442 5
192 4
444 10
250 27
178 30
284 24
348 10
197 3
33 11
197 31
432 19
281 6
383 16
10 23
139 31
204 32
487 15
287 14
68 5
9 18
194 32
329 29
497 5
443 21
343 4
35 19
362 3
112 8
446 2
147 5
80 6
16 3
449 7
348 12
43 24
113 12
203 6
480 31
318 7
80 25
118 6
139 31
133 2
222 26
223 4
14 3
422 2
73 30
36 20
237 18
480 6
17 2
495 4
233 20
122 20
176 19
277 22
69 1
268 23
191 26
362 24
496 3
437 32
356 32
340 9
253 31
146 13
204 24
117 32
155 26
99 23
329 12
200 29
488 3
391 6
161 13
86 24
387 22
76 15
198 11
187 6
437 4
423 8
175 3
428 5
480 26
363 8
105 7
409 17
381 23
474 5
403 19
49 18
433 20
384 30
242 22
135 6
105 21
21 19
447 20
459 19
326 18
438 18
88 30
226 32
497 24
361 23
462 1
40 18
88 7
227 17
344 18
62 20
270 2
78 29
382 29
347 3
62 8
340 5
334 22
320 26
321 8
80 22
292 24
28 27
394 22
263 26
467 32
389 13
406 19
157 23
355 23
197 28
490 12
268 3
157 3
152 13
119 12
259 18
203 10
345 32
391 23
37 6
431 6
150 24
244 26
326 6
12 6
217 13
261 32
324 18
274 11
394 12
410 32
6 24
141 10
412 8
308 16
93 22
373 30
277 12
251 26
65 6
327 17
262 16
468 1
357 18
264 30
485 1
106 26
489 6
43 16
481 3
347 25
292 20
18 5
187 12
226 16
29 29
236 3
344 16
227 12
297 14
153 29
367 6
475 7
208 25
106 24
71 20
113 19
375 6
135 6
398 20
165 2
264 20
68 27
455 7
158 3
488 15
88 2
420 22
412 31
282 29
167 9
321 7
67 23
408 17
108 29
412 16
435 20
376 2
134 6
500 20
137 28
454 8
45 21
137 5
204 10
325 10
270 17
500 12
44 27
240 3
416 32
127 22
31 22
55 32
387 31
307 3
394 20
246 22
337 6
246 28
300 27
261 1
419 20
461 18
18 8
465 5
55 7
486 25
296 17
101 22
447 11
57 8
371 2
481 7
36 23
98 23

