128
369 3
327 9
4 11
119 13
405 2
259 18
477 16
219 18
382 32
265 6
63 23
364 16
296 10
251 24
104 15
396 8
17 22
408 16
492 7
136 25
496 14
342 16
245 16
18 15
487 26
496 10
376 24
233 16
197 20
427 29
234 2
476 18
395 20
121 23
114 28
487 1
353 24
285 6
240 18
428 22
287 7
479 26
486 24
37 31
399 15
187 12
136 30
85 7
249 29
269 10
312 11
323 32
286 27
465 9
260 24
455 22
371 29
411 28
348 24
242 30
262 20
433 22
442 5
280 2
221 24
256 24
6 22
400 3
36 28
168 27
312 10
44 18
258 30
241 26
253 7
407 27
114 32
264 11
356 11
449 5
442 24
312 3
133 19
237 28
131 16
166 2
229 5
327 31
366 31
296 23
253 14
337 31
41 32
125 17
142 21
177 11
128 16
381 24
255 17
131 17
225 8
30 25
60 4
143 14
126 14
396 7
140 20
449 8
183 13
280 28
498 12
462 13
148 18
89 30
162 23
138 2
71 31
43 10
22 17
407 3
475 26
229 26
237 13
349 31
102 25
446 27
288 31
75 31
100 11
336 18
86 9
351 32
491 13
137 8
282 32
11 28
197 19
425 6
120 21
204 25
253 30
319 17
260 25
327 12
260 11
325 5
487 15
204 26
124 12
341 25
383 11
216 4
146 8
217 29
412 12
485 9
273 7
57 5
47 7
96 2
397 12
354 4
150 9
65 21
249 29
29 31
460 32
414 5
235 10
221 3
254 21
15 30
359 3
262 25
305 17
415 26
480 32
141 22
29 25
402 29
461 23
259 28
378 29
80 29
6 32
463 27
4 9
137 14
399 26
471 19
107 1
460 6
356 8
67 8
304 5
12 21
455 31
240 16
147 16
148 32
471 10
263 3
438 19
40 28
148 22
391 22
98 26
44 22
302 22
41 1
282 1
73 20
175 5
272 25
336 15
324 2
29 18
132 10
336 20
154 16
33 20
441 31
97 32
436 14
446 16
355 15
380 3
167 14
295 6
226 26
356 30
288 12
487 31
54 19
442 27
158 27
454 6
457 26
434 12
300 27
219 22
309 11
284 11
4 31
412 30
60 4
131 19
207 9
118 4
291 3
170 28
385 11
250 21
25 7
84 12
413 27
181 9
253 24
196 28
246 3
337 14
430 19
4 21
288 17
248 22
32 22
230 16
392 19
257 4
161 4
443 25
494 15
145 2
291 20
206 28
151 22
193 28
65 9
68 4
169 8
281 12
437 10
468 28
192 32
448 20
267 14
128 1
217 13
62 3
464 31
42 22
13 7
398 29
283 1
280 7
484 24
355 4
274 14
304 29
101 31
169 15
344 28
183 8
420 17
418 8
363 8
349 3
398 14
155 28
63 30
482 22
346 20
22 23
361 25
435 13
279 3
32 2
251 10
238 6
458 19
405 9
318 10
399 7
203 10
394 5
339 4
367 28
415 20
154 24
416 5
440 2
43 31
371 5
37 12
19 2
115 23
18 24
380 21
147 23
174 32
199 4
471 21
48 26
304 17
365 19
141 20
116 28
127 23
32 27
94 10
8 32
325 6
140 32
146 22
138 23
29 17
182 24
253 25
237 13
134 1
479 30
108 19
161 6
433 25
100 10
94 28
86 2
337 1
474 26
214 23
4 10
299 9
445 12
118 17
312 11
337 22
24 5
88 1
30 16
81 10
398 26
89 3
296 5
411 29
110 24
83 13
421 26
149 2
137 22
250 28
16 3
441 8
383 25
428 16
252 32
393 1
385 29
335 20
109 5
300 30
220 3
330 29
468 31
358 32
96 15
255 20
45 11
355 23
427 2
191 11
345 31
179 25
268 14
409 28
258 28
94 14
294 3
322 25
105 7
364 21
489 18
16 6
165 2
164 31
207 2
121 3
141 20
279 28
313 7
135 18
99 16
103 32
207 8
153 19
454 16
363 3
338 14
180 30
451 3
296 17
401 5
207 5
68 14
300 24
376 22
5 22
366 8
218 24
31 14
234 29
89 17
131 30
326 6
131 13
356 23
285 12
47 16
296 18
181 15
197 16
233 17
382 10
308 27
373 7
172 10
27 4
54 1
390 24
170 28
360 13
298 32
133 12
487 8
161 11
227 5
75 27
410 32
260 13
406 4
407 1
237 21
188 7
145 5
374 26
449 1
43 18
376 31
294 15
306 26
381 28
163 19
194 20
262 25
140 11
436 19
447 9
183 15
167 28
415 12
345 19
272 27
313 11
413 2
213 31
411 18
102 25
252 16
496 22
100 12
384 4
34 11
60 4

