128
359 15
193 27
249 15
264 13
333 5
180 18
258 2
201 18
206 27
267 8
443 2
294 13
303 22
367 28
48 18
445 30
28 9
385 16
495 32
108 23
113 4
268 6
289 8
352 6
250 2
305 25
119 10
9 29
259 27
288 11
400 8
64 11
220 32
406 6
96 21
244 4
4 4
429 29
183 32
138 13
250 15
181 4
244 9
141 23
415 24
161 14
364 8
92 15
172 17
1 7
361 16
178 29
459 18
9 30
238 26
278 19
292 14
206 32
498 22
390 24
330 22
225 13
125 28
479 4
16 15
266 16
427 19
444 17
401 4
230 22
450 23
476 5
316 29
128 25
231 25
224 32
418 20
456 11
467 6
42 26
117 24
210 19
250 21
279 14
457 17
139 22
367 10
350 11
147 30
347 25
494 19
492 4
222 3
306 21
232 27
22 28
6 23
242 28
88 17
109 4
29 12
153 7
361 18
429 27
331 20
439 5
198 10
440 11
228 21
311 20
295 13
159 1
267 29
408 14
421 4
101 13
263 9
47 4
107 4
186 9
455 17
465 28
406 20
422 6
352 5
445 23
269 7
447 19
3 18
241 15
221 17
427 4
446 14
163 20
153 4
192 7
176 9
110 14
264 7
67 4
467 11
114 27
465 16
122 20
117 14
446 21
54 29
24 23
198 30
254 26
386 6
308 21
454 1
494 9
299 20
184 18
274 5
352 15
208 25
262 20
186 3
13 4
79 32
90 8
74 4
477 31
141 32
223 22
52 21
162 7
332 10
320 6
494 3
48 2
144 21
25 1
15 29
420 22
425 30
73 26
57 30
12 9
37 10
494 29
154 27
143 6
352 26
295 18
132 30
399 23
2 7
308 8
312 27
165 32
292 26
437 24
491 16
248 19
33 29
171 23
248 17
228 27
126 6
148 6
67 30
236 20
469 19
287 8
474 24
219 5
41 31
465 7
306 28
113 6
453 8
228 16
448 23
2 2
180 22
183 30
47 2
165 23
165 12
498 2
255 4
254 19
74 2
29 15
430 17
69 22
128 16
285 16
455 14
1 2
139 23
232 22
304 16
52 12
347 10
105 29
117 19
247 15
428 7
69 17
120 17
442 15
137 10
174 7
68 14
76 26
60 7
391 28
55 27
331 17
344 20
354 16
498 28
150 25
79 27
486 26
59 15
148 11
357 6
137 16
51 25
481 23
223 24
474 21
166 24
30 21
443 19
320 16
186 2
69 16
40 18
17 6
332 17
145 24
190 1
315 8
197 16
202 24
19 15
48 24
183 17
44 17
163 15
121 17
184 9
316 11
94 9
25 25
349 1
317 14
153 23
481 26
426 19
121 12
61 28
331 7
449 14
424 15
441 24
163 12
232 31
51 25
163 7
101 31
95 1
104 7
400 32
448 29
118 16
473 19
292 11
273 24
381 16
54 21
91 5
296 6
195 22
350 9
420 15
423 2
71 18
465 6
461 8
147 3
36 11
109 3
125 13
270 13
281 31
177 3
39 1
45 5
170 6
293 18
48 19
307 3
240 27
88 21
387 10
131 26
56 11
452 9
323 21
37 19
43 22
326 22
38 30
166 11
467 7
500 23
25 15
485 29
281 32
169 11
10 7
292 29
241 31
97 7
463 26
18 6
51 15
291 4
64 20
498 14
118 10
396 19
156 28
111 32
304 31
455 5
281 14
229 21
341 6
435 31
311 20
12 13
294 30
300 13
110 29
387 11
146 30
221 29
14 11
89 21
313 7
129 13
140 25
465 32
34 28
487 28
351 2
56 17
4 23
353 17
4 23
191 25
225 24
302 14
446 18
406 11
284 26
203 11
94 24
107 16
419 9
323 1
294 19
117 9
437 14
409 28
412 20
441 24
215 10
225 12
335 6
122 18
367 13
244 17
196 6
440 22
294 10
86 24
196 7
384 5
376 25
424 23
96 20
275 22
457 19
173 23
333 23
260 23
471 4
11 6
205 6
483 23
416 16
438 11
474 13
243 9
317 15
488 16
382 14
425 31
112 6
333 24
96 29
143 30
448 21
435 8
455 29
354 10
188 11
332 2
316 3
362 28
445 9
248 18
462 16
368 22
473 5
369 16
145 27
337 32
368 15
447 10
39 5
395 23
295 6
240 6
4 1
94 24
302 13
126 31
68 25
188 17
45 1
312 29
419 13
484 10
419 3
311 6
435 5
36 21
283 19
191 18
79 28
438 28
180 19
143 3
259 14
139 8
238 19
344 9
99 32
294 25
110 5
178 8
161 25
476 19
191 22
433 30
153 14
1 24
136 19
431 10
177 13
49 14

