128
322 13
435 20
161 32
3 26
388 22
462 21
35 16
469 31
32 32
265 6
134 26
163 16
14 20
353 26
498 2
227 11
403 30
494 31
477 29
240 21
6 13
345 13
253 25
15 12
456 7
325 29
201 7
65 2
166 17
103 15
131 10
186 1
491 23
447 3
231 23
387 5
91 31
277 31
396 27
478 15
421 26
292 1
140 24
187 26
124 29
172 26
470 1
138 12
240 25
483 10
475 5
206 17
452 30
260 27
124 25
49 25
391 20
369 18
47 27
39 19
196 19
128 29
419 6
329 10
54 23
480 12
179 1
444 30
371 11
180 22
292 1
390 22
68 7
63 31
165 18
489 24
164 28
229 22
233 29
92 30
367 19
165 13
459 5
231 17
163 2
175 18
138 20
135 22
26 14
24 27
151 4
254 2
479 6
247 32
390 22
497 20
112 6
5 27
122 11
251 24
496 17
90 14
45 16
191 30
125 22
112 27
429 10
292 23
199 19
118 17
228 19
196 16
480 4
262 1
138 20
236 26
141 1
267 9
253 9
106 13
226 30
356 22
287 3
412 21
185 2
425 29
496 9
104 11
376 21
279 26
228 2
147 12
191 25
256 19
425 26
171 30
283 6
155 29
25 30
405 29
447 22
325 18
154 4
120 9
144 6
394 32
264 20
443 10
156 31
452 12
264 26
433 14
352 27
114 8
357 26
436 23
51 29
301 12
40 4
85 24
22 22
259 17
370 1
442 21
103 21
309 22
366 9
411 13
32 12
444 28
98 24
394 20
344 26
204 19
466 20
418 7
469 32
123 18
81 16
67 31
308 7
49 17
467 23
446 18
39 17
89 8
120 31
283 27
28 26
198 21
477 23
331 22
495 17
135 23
220 13
109 3
427 9
256 2
172 17
447 2
89 32
197 9
222 3
375 21
169 16
446 9
243 4
442 29
433 5
15 20
481 7
31 4
336 10
357 15
486 23
68 26
190 24
338 19
94 5
364 22
488 17
259 26
436 28
170 8
332 8
20 17
11 18
424 30
187 24
352 20
82 27
449 4
34 15
34 11
351 29
389 6
57 31
272 1
402 21
212 26
477 3
398 11
132 29
184 14
100 19
341 1
305 14
156 30
428 26
316 14
290 8
319 3
54 18
191 32
383 10
41 3
485 2
49 32
258 20
286 17
118 14
93 18
267 21
463 22
142 22
323 3
186 22
129 3
231 7
46 13
73 26
175 29
23 27
24 24
306 9
192 19
287 25
400 17
385 18
99 26
344 9
308 5
62 1
471 5
107 9
109 23
454 32
439 29
358 15
312 8
123 28
142 13
140 30
314 32
107 4
401 22
332 20
34 10
496 1
390 27
373 30
485 10
133 4
154 23
238 26
210 8
321 23
473 8
244 18
335 3
49 31
356 32
442 18
477 6
394 22
244 26
216 16
91 16
3 9
42 4
62 3
304 22
102 32
193 13
413 3
399 5
113 7
44 18
144 13
195 9
238 22
154 21
18 4
153 24
192 10
316 13
297 7
190 6
98 30
446 22
260 1
174 32
451 29
130 30
441 8
334 11
466 7
335 3
286 3
58 22
33 21
286 25
343 4
78 32
209 15
153 1
219 14
44 21
247 17
466 19
201 23
217 22
341 28
352 7
390 17
308 10
282 29
454 32
68 31
268 1
406 20
97 28
246 32
145 12
165 2
30 9
113 27
234 21
150 21
431 19
345 22
165 10
183 30
454 18
1 9
230 10
140 18
381 29
318 21
80 2
339 6
50 15
60 7
107 21
219 30
451 31
127 3
393 5
85 18
263 29
418 8
194 21
318 10
498 11
303 25
320 21
390 21
295 29
3 5
9 21
290 24
487 21
426 27
429 26
76 15
298 5
183 27
254 16
269 11
190 3
179 5
63 1
229 25
369 19
109 14
155 31
41 25
167 30
372 11
180 31
286 13
292 16
172 29
171 12
147 24
362 9
220 4
97 20
132 6
30 24
399 12
138 23
28 8
108 23
399 11
50 12
468 25
355 31
89 25
282 27
236 23
411 11
66 12
106 21
177 3
288 3
22 2
365 17
81 12
152 27
111 29
14 14
393 32
420 9
244 21
67 7
343 5
137 4
188 14
308 32
228 3
290 29
372 26
2 13
478 21
283 28
353 13
17 5
16 20
429 4
488 15
294 18
175 27
441 3
24 12
430 24
194 4
204 18
77 1
370 2
209 4
141 5
300 5
361 28
296 21
279 31
135 8
316 22
354 4
228 10
207 25
333 29
80 20
318 25
445 11
62 9
190 23
418 30
63 22
157 19
419 23
493 13

