128
124 25
321 14
8 5
11 24
429 8
354 12
284 29
208 9
276 18
120 26
103 24
195 24
222 5
465 5
434 8
281 1
121 17
170 20
294 32
320 22
283 13
89 31
473 24
495 16
205 22
90 3
133 28
138 3
12 10
211 6
474 3
354 18
444 20
73 9
55 16
458 26
268 31
460 4
194 30
340 31
68 29
409 32
64 27
406 24
352 8
225 21
459 2
122 30
305 11
138 8
290 3
401 22
345 24
149 23
313 12
493 8
268 21
432 32
151 9
111 19
305 19
31 27
264 13
16 9
51 29
280 16
303 16
101 32
243 30
390 27
89 10
287 17
134 10
392 13
258 6
139 2
188 5
28 11
173 19
223 7
251 2
415 14
385 27
53 23
116 2
34 1
175 20
413 8
241 32
444 14
157 18
264 28
251 11
498 7
390 25
498 12
426 4
45 11
130 5
141 22
242 18
154 16
197 6
428 1
221 11
139 9
453 30
424 19
248 9
329 5
493 6
129 27
441 9
81 7
474 5
168 19
99 17
187 27
90 26
436 26
336 10
390 32
179 5
194 14
85 11
415 14
200 3
348 25
67 12
63 24
352 26
107 6
106 13
97 31
110 28
4 9
309 25
437 11
409 26
116 9
4 10
422 20
72 29
48 23
400 10
30 24
395 24
405 12
132 29
194 9
384 1
38 28
293 26
30 21
455 30
45 23
27 19
14 19
291 21
441 23
22 22
146 32
310 10
415 17
403 20
34 30
156 11
330 12
396 31
352 22
356 28
160 3
66 21
185 29
85 29
251 6
94 32
373 31
149 15
196 15
98 9
337 21
151 6
52 22
376 31
247 32
3 23
466 8
431 22
128 20
126 22
325 3
125 30
474 30
188 17
176 14
249 24
390 11
29 2
148 1
48 10
340 26
4 1
470 11
158 5
6 7
327 22
353 15
379 10
428 31
346 24
204 18
467 13
196 12
386 27
104 14
441 11
335 4
303 8
434 32
253 11
94 7
269 14
381 19
272 1
417 17
412 28
415 6
65 30
77 22
305 28
87 29
178 10
392 16
77 14
439 29
116 20
259 24
330 24
383 25
300 27
421 15
271 11
292 31
445 5
136 1
252 23
345 6
496 28
261 16
413 4
105 1
83 15
264 24
2 2
216 29
149 25
363 19
471 31
105 11
227 4
15 2
314 7
111 25
447 28
233 11
423 21
91 21
51 3
121 9
204 28
57 32
472 16
474 23
278 2
209 16
170 12
185 31
434 24
144 20
167 32
295 17
416 9
297 22
443 17
222 15
105 3
350 32
402 32
222 31
253 23
34 6
6 30
405 19
365 28
375 7
127 5
471 14
405 28
359 24
388 1
346 24
211 19
272 20
370 13
142 19
275 31
396 4
96 28
423 17
51 29
343 17
317 14
70 13
285 1
420 20
213 9
16 3
312 3
238 13
131 7
155 18
257 23
389 32
202 11
16 9
459 7
281 7
24 23
348 28
483 23
331 23
32 26
469 27
336 14
375 11
288 6
76 24
284 16
99 13
127 7
89 1
325 14
212 32
424 27
211 26
177 9
452 16
91 8
254 30
329 17
96 8
362 3
11 17
339 21
481 13
75 18
253 7
143 20
302 2
226 32
471 31
405 10
314 11
45 24
124 5
400 16
340 29
94 10
257 4
310 9
100 25
10 29
339 24
168 5
69 30
4 19
500 12
164 9
254 12
232 30
284 7
449 27
243 30
176 15
326 2
292 17
74 17
129 24
157 29
256 1
394 32
468 21
167 15
57 1
43 29
150 10
123 10
153 6
343 8
68 8
165 11
445 2
364 5
354 4
221 21
96 26
220 23
210 31
398 11
159 32
407 28
469 9
109 13
246 11
301 2
323 29
376 11
407 7
191 24
110 16
72 14
229 32
472 23
30 9
57 28
12 7
51 17
195 27
305 29
461 17
458 23
274 9
401 12
424 16
495 25
207 14
442 7
209 10
77 10
486 29
481 26
299 27
182 18
189 6
286 26
295 11
136 4
427 17
451 2
332 17
87 30
10 32
176 11
145 1
12 27
237 25
332 32
23 29
381 8
202 30
417 24
260 16
267 26
292 9
240 31
161 22
364 23
57 32
93 30
496 20
388 28
96 11
471 31
435 11
34 8
16 6
188 15
353 26
313 21
171 4
471 27
81 15
353 13
78 17
394 13
253 1
8 16
351 3
170 17
329 19
125 21
4 24
323 13
117 11
353 19
390 19
470 6
9 30
311 14
471 28
10 19
337 2
422 7
348 16
324 16
146 16
372 26
463 7
358 23
181 6
218 31

