128
469 28
429 19
20 7
420 15
31 5
228 14
95 31
97 26
247 4
19 10
142 24
44 27
9 29
195 21
281 27
244 13
346 32
39 21
498 10
55 20
11 22
433 1
417 2
199 23
85 29
225 6
240 28
5 16
45 7
105 29
281 16
425 22
371 7
342 21
421 13
100 31
382 9
239 22
414 25
17 14
5 13
76 8
360 20
196 32
482 28
432 27
499 4
240 25
171 26
89 27
182 21
77 7
221 23
65 6
104 9
335 4
173 6
204 28
193 3
492 19
402 23
141 8
483 28
268 5
313 13
299 26
397 23
409 29
41 29
454 28
405 20
104 25
402 11
312 18
409 15
472 10
430 16
209 32
492 16
268 32
36 2
2 28
292 26
400 4
86 25
328 26
493 31
270 6
441 5
339 21
440 27
10 25
422 14
484 21
397 27
421 25
20 14
216 19
35 12
346 28
320 21
313 16
307 6
205 27
218 12
447 29
206 12
377 15
25 12
96 22
462 24
206 1
289 1
143 11
36 9
146 16
365 26
167 16
391 20
418 8
119 25
265 4
172 25
154 29
353 21
118 10
116 31
295 16
243 29
430 11
129 31
486 2
32 24
165 22
227 26
234 9
150 2
20 22
490 30
18 30
274 3
156 30
161 18
145 31
442 7
385 19
1 2
416 29
226 4
10 4
365 15
1 15
92 24
188 10
397 21
275 7
43 14
412 23
435 16
309 13
186 30
299 27
415 18
423 24
145 8
296 17
27 8
227 6
167 2
51 20
470 22
438 12
459 29
418 2
108 23
122 2
272 12
332 18
133 18
30 17
37 5
341 15
472 32
33 10
333 3
405 23
260 22
18 27
190 4
464 30
162 9
443 13
356 26
470 16
379 7
320 3
175 32
34 22
227 6
136 32
500 28
66 32
382 23
182 3
18 21
72 19
433 30
315 16
491 29
479 1
135 30
488 14
457 21
307 28
438 2
447 1
334 16
400 15
94 25
489 32
429 17
494 9
426 17
500 5
445 22
137 15
275 8
240 16
348 31
119 21
340 5
74 29
428 21
239 25
258 28
336 26
140 10
399 25
490 26
333 6
228 2
216 2
149 16
437 5
206 27
133 13
471 14
70 18
383 20
271 16
387 2
177 26
287 11
443 4
325 15
413 20
448 29
257 25
288 6
445 25
100 21
37 31
135 14
320 5
266 26
8 16
48 28
30 6
259 28
462 11
98 18
338 26
206 18
346 25
491 14
485 23
218 22
13 4
331 4
72 4
274 27
452 25
115 29
6 29
304 7
159 1
45 4
2 6
293 11
243 12
488 15
226 26
452 22
261 7
421 5
434 22
263 29
366 21
69 12
453 16
42 23
477 10
310 10
336 15
177 14
238 12
360 27
73 32
404 2
298 8
370 15
222 4
320 11
361 4
162 9
464 8
128 4
141 25
269 32
391 1
257 32
165 9
146 17
132 9
274 13
225 23
363 14
127 6
236 19
422 14
3 29
453 26
176 5
419 12
273 25
445 17
141 25
349 18
197 32
187 27
260 11
317 7
60 11
156 15
281 21
396 24
313 16
117 16
145 3
488 25
196 8
149 20
392 2
325 8
329 31
262 13
273 19
63 32
373 30
479 26
499 10
141 3
74 1
3 14
144 14
486 31
273 14
378 20
483 22
103 16
417 29
252 29
147 14
225 11
235 11
376 29
428 20
396 13
477 18
274 24
91 31
162 19
245 7
378 27
444 32
390 16
400 5
401 10
158 9
417 29
179 24
477 6
12 24
163 32
325 12
459 7
47 12
481 23
10 30
73 13
42 27
17 25
307 9
191 17
245 23
209 3
102 5
84 25
261 26
100 5
386 14
352 16
29 4
278 10
42 22
47 31
164 19
375 15
183 25
287 11
375 11
53 29
31 20
89 11
86 13
376 19
450 27
106 19
58 7
72 31
232 18
33 12
384 20
218 30
176 24
196 27
498 20
379 16
88 11
171 21
359 10
347 17
124 8
491 1
334 30
132 9
32 28
164 19
127 13
333 27
384 24
57 5
480 11
113 19
253 15
443 12
180 13
272 27
92 30
335 1
323 26
193 10
334 29
121 4
89 13
466 13
184 18
409 15
456 5
81 17
155 7
320 10
311 23
488 6
204 31
30 14
492 15
84 13
431 20
137 19
360 14
47 3
476 16
58 27
180 18
491 7
161 6
372 11
104 20
77 15
34 22
37 9
180 20
202 14
27 6
333 6
143 31
280 18
38 25
253 2
475 23
404 3
405 23
309 24
486 29
19 27
491 3
248 22
26 25
484 28
490 4
437 16

