128
55 32
305 26
289 5
228 4
465 21
85 28
219 24
181 27
14 25
88 1
136 24
255 20
303 14
438 2
62 27
14 4
391 26
221 23
298 25
239 26
209 7
277 32
470 9
138 24
53 17
492 13
144 27
268 18
204 17
12 26
51 25
437 5
342 26
324 15
310 22
457 30
236 29
297 25
394 22
40 6
11 8
190 14
482 17
452 9
13 19
6 12
339 31
356 28
452 11
374 9
444 18
130 27
415 3
88 20
212 3
309 30
214 11
80 11
455 11
84 28
197 21
383 7
235 22
66 10
473 11
298 32
121 24
299 11
354 14
398 17
68 22
491 26
204 26
328 27
452 23
182 32
204 28
182 30
5 7
476 17
241 25
245 13
200 11
99 9
132 20
174 7
54 8
332 9
233 4
471 4
422 24
183 5
67 8
415 4
166 10
400 30
162 4
119 18
390 1
470 5
65 19
424 30
158 11
430 26
266 9
277 8
404 31
16 19
26 14
394 19
319 9
97 25
141 27
398 26
135 3
107 15
362 10
20 15
136 18
113 2
202 5
293 25
200 20
427 9
238 32
268 24
317 12
240 21
282 25
190 32
208 12
467 17
325 26
291 9
287 7
66 4
144 18
297 15
17 7
271 6
395 18
14 15
105 13
19 2
242 16
154 1
4 16
221 16
309 15
344 20
266 1
139 1
118 19
103 23
158 5
240 32
263 25
114 19
358 16
457 11
339 22
251 26
433 27
226 13
481 1
392 30
478 23
6 19
465 12
433 2
333 5
25 7
277 14
165 2
121 13
436 28
434 22
357 6
156 30
163 25
151 18
86 32
436 20
426 17
51 27
374 15
383 19
181 27
240 14
145 29
170 8
24 28
118 12
173 13
462 19
113 8
241 27
443 12
290 24
428 12
78 14
427 16
404 15
323 31
156 7
355 22
250 18
133 11
462 17
492 7
344 28
238 8
302 20
259 3
399 15
135 29
340 9
140 27
19 22
237 19
132 20
204 10
25 24
248 2
492 11
260 11
195 21
418 28
28 5
291 19
67 13
107 14
189 26
352 11
60 32
85 11
235 4
424 24
123 8
245 3
114 1
301 24
205 31
156 29
451 18
11 21
426 29
478 18
214 9
24 5
120 25
316 27
396 3
466 23
114 10
485 28
418 5
35 31
207 6
355 5
191 9
377 20
333 26
81 26
34 1
319 10
213 14
360 20
76 21
478 26
386 2
417 8
451 7
278 9
197 32
18 3
348 6
355 12
452 27
77 1
243 3
490 19
84 13
415 32
377 16
201 31
58 13
270 24
271 11
368 31
382 13
206 17
483 24
112 18
198 32
270 13
287 28
247 18
164 5
381 9
257 9
7 6
401 12
25 8
26 28
342 31
333 7
339 27
458 10
100 16
489 29
96 11
184 26
497 32
355 13
92 19
162 14
128 10
77 20
85 14
99 23
212 23
325 26
97 27
351 28
290 11
269 5
466 16
78 18
3 28
394 22
246 19
395 5
469 27
228 13
128 7
183 19
257 32
240 14
142 14
401 3
281 1
19 14
325 4
411 31
380 28
125 13
211 23
202 11
342 9
83 25
107 26
160 12
125 23
69 18
341 1
400 29
342 26
218 18
365 8
344 28
283 4
73 17
339 26
171 12
54 18
500 17
223 15
376 3
410 20
316 10
264 7
222 21
484 15
270 28
66 22
296 24
285 32
341 19
345 3
6 26
468 2
410 30
16 5
240 21
80 19
378 12
121 3
448 24
389 6
156 6
387 11
154 19
374 6
498 2
60 3
319 28
8 5
421 20
365 25
4 1
67 6
140 4
184 11
495 25
8 14
230 10
304 27
269 1
80 2
246 8
268 29
371 8
145 27
355 9
303 2
305 30
443 20
261 15
383 27
403 14
257 4
136 32
367 20
89 30
21 2
289 24
250 7
415 30
302 25
255 20
331 15
177 1
207 17
103 1
192 21
182 20
489 5
211 23
424 19
4 12
337 25
232 18
451 2
184 32
471 22
208 21
200 4
425 6
173 4
346 32
236 20
15 16
48 5
430 16
376 26
415 12
78 30
149 16
348 12
132 26
121 3
118 5
426 2
78 26
273 16
165 29
155 11
84 26
256 18
25 7
151 4
194 28
289 14
107 32
26 26
453 26
280 6
170 2
168 8
155 12
227 20
152 25
350 20
286 13
453 27
87 15
102 4
34 30
326 20
26 11
230 22
200 9
104 2
66 3
173 5
414 31
392 22
131 21
153 8
346 13
78 20
411 31
64 4
69 9
287 26
443 4
127 22
377 10
215 22
352 31
14 26

