128
249 9
337 17
43 29
27 13
138 3
396 24
56 12
117 24
427 11
83 28
275 19
41 30
51 10
349 26
27 19
359 27
315 4
407 5
456 22
273 9
408 24
64 19
91 9
63 10
335 13
469 29
220 9
234 30
70 18
327 17
224 5
223 30
232 22
98 7
267 18
132 2
241 15
340 11
431 30
52 9
399 25
77 10
233 30
387 19
95 29
103 18
249 13
207 9
158 16
371 12
377 30
301 9
253 1
152 3
42 7
300 8
427 16
409 32
390 23
166 28
359 20
154 20
296 28
292 2
368 10
81 12
368 26
65 20
374 8
154 23
270 1
59 13
33 15
60 30
114 29
405 24
48 6
283 15
270 6
500 13
440 29
84 23
314 12
130 15
215 31
305 1
88 3
385 16
182 24
393 23
224 5
118 3
207 25
317 12
326 1
316 13
249 15
275 18
399 12
452 13
39 4
301 10
471 25
449 24
184 5
298 3
489 27
381 19
19 22
374 17
218 21
313 18
292 32
231 30
343 2
154 21
289 23
358 11
343 22
262 31
498 15
137 3
178 6
385 28
419 19
392 16
151 9
453 10
292 3
483 18
364 17
367 8
443 4
263 21
234 20
163 19
287 20
421 12
169 10
159 19
268 19
222 2
107 2
212 2
356 18
235 7
182 25
74 8
177 32
261 22
212 15
492 22
74 29
313 26
70 7
328 1
225 13
106 19
74 13
432 17
363 7
203 32
119 5
20 27
464 4
408 23
54 24
24 20
164 12
221 25
11 25
421 11
301 26
418 19
47 17
7 5
367 26
304 22
338 11
132 1
454 32
328 32
291 3
487 10
391 31
390 1
107 26
487 28
391 8
134 25
105 16
197 15
53 1
456 6
175 20
395 25
331 30
488 9
276 10
426 14
180 19
270 31
180 25
46 30
12 7
7 24
170 19
439 31
55 10
316 30
37 10
210 15
283 13
339 7
170 8
428 29
282 2
339 5
306 20
383 25
414 25
489 16
295 23
10 30
376 17
431 29
35 16
279 1
188 2
79 17
233 27
409 3
56 8
179 21
483 9
233 21
153 29
184 12
351 17
149 19
369 3
139 27
70 25
424 13
238 2
317 3
360 9
189 23
324 11
331 11
280 24
259 20
136 2
231 7
338 7
213 18
161 7
313 26
471 8
190 25
89 2
383 5
83 31
67 26
289 6
268 28
313 2
204 16
319 14
286 20
369 14
214 29
404 18
111 19
113 28
287 1
10 5
353 8
91 32
349 11
317 5
151 1
494 22
428 9
491 6
320 23
267 1
240 7
262 10
397 10
353 3
279 2
203 15
305 9
50 10
23 18
474 25
346 19
378 2
131 17
191 23
431 25
187 26
479 9
223 23
26 8
261 28
289 31
139 18
459 24
451 26
258 8
358 27
242 32
432 21
308 2
175 22
283 1
112 25
13 18
340 27
261 8
398 2
119 32
199 13
428 13
262 1
424 24
491 13
207 23
389 6
396 11
103 18
480 10
143 20
400 26
234 20
285 4
413 7
371 7
332 26
111 25
334 6
212 21
403 6
99 19
431 2
410 6
376 9
451 30
232 10
351 10
214 23
301 18
38 15
441 17
321 11
461 2
289 25
330 3
442 32
185 9
126 18
110 21
334 28
370 22
466 8
235 3
206 11
8 27
57 12
463 1
203 20
383 7
448 24
385 9
344 29
113 25
15 30
173 8
338 30
265 31
113 27
185 2
385 20
413 30
344 7
22 22
2 32
92 5
320 4
190 15
248 30
335 14
80 19
314 21
252 18
423 20
429 19
385 17
150 17
106 5
376 12
242 17
235 21
178 2
160 3
420 24
224 22
373 27
464 26
423 23
264 1
430 24
303 31
356 25
315 22
149 6
293 23
67 11
75 12
433 3
462 28
346 13
310 30
340 25
404 22
340 3
459 25
62 9
139 1
65 6
82 30
143 22
456 1
105 30
304 13
320 25
92 25
154 25
235 13
378 14
458 1
8 24
41 9
381 16
189 1
133 31
362 31
348 17
336 20
51 11
340 14
460 8
387 9
36 29
161 17
110 22
481 25
238 10
37 14
201 9
266 13
347 12
459 27
296 10
498 10
489 14
420 24
473 30
264 20
278 20
273 3
245 21
207 22
126 27
303 22
319 17
10 10
48 13
64 23
318 17
393 10
102 24
457 18
469 32
286 14
495 10
336 28
14 10
73 28
136 20
317 6
296 19
471 31
351 18
389 20
447 21
326 32
296 30
178 32
354 23
213 16
224 28
291 29
293 28
376 8
443 9
86 18
223 28
284 25
442 4

