128
191 20
137 13
222 14
436 32
195 1
163 27
175 26
497 18
133 29
264 23
215 22
362 30
274 4
185 13
299 11
84 9
310 5
49 12
414 28
243 24
384 29
306 15
455 15
472 27
483 16
365 18
145 30
355 14
353 20
454 27
118 17
492 28
109 24
459 6
376 17
333 15
457 15
169 3
293 29
349 7
432 14
176 16
143 7
345 12
422 22
498 23
186 9
466 27
381 24
168 20
476 29
366 21
139 31
399 7
379 20
409 6
165 5
237 11
319 17
6 4
82 28
130 11
344 12
61 4
371 5
331 11
81 25
335 11
83 21
353 17
332 29
326 8
49 10
359 11
346 8
310 31
219 8
193 7
35 14
490 21
186 1
455 18
369 29
336 15
374 12
467 25
300 20
405 9
205 19
419 22
478 1
328 29
20 28
463 26
477 12
162 26
476 13
279 4
257 6
498 26
153 16
39 25
459 19
5 31
57 19
416 30
3 7
434 26
467 28
279 11
200 1
309 19
261 15
371 21
405 8
351 5
388 1
213 26
183 29
213 23
492 12
328 2
223 14
220 21
157 14
483 16
142 3
383 26
82 25
271 6
472 29
246 23
361 7
57 15
175 9
337 18
248 24
364 6
277 15
362 14
284 25
141 10
191 31
179 12
127 17
109 23
273 27
161 9
313 29
231 3
189 27
357 25
83 8
110 23
6 24
144 17
372 1
66 10
11 29
186 22
249 6
440 26
500 24
6 32
169 25
355 25
155 23
497 5
134 15
300 19
282 31
279 21
431 29
418 30
145 19
431 5
249 30
414 24
321 32
264 9
360 26
50 10
180 18
307 13
4 10
303 5
400 1
493 7
129 23
124 21
365 22
166 1
275 23
213 7
54 16
288 13
445 17
483 24
86 5
436 2
246 2
78 21
170 31
179 31
333 30
423 29
59 12
162 5
371 22
132 24
53 27
41 13
459 27
120 12
163 7
485 12
496 19
404 9
337 27
315 5
236 26
217 11
29 30
331 7
455 26
27 23
232 3
355 30
293 6
86 27
232 22
214 19
336 5
244 24
51 2
340 23
499 29
285 32
490 15
130 13
429 4
303 28
426 6
54 2
335 3
376 23
412 1
145 32
58 4
419 4
150 19
246 32
371 26
27 8
349 5
156 17
164 23
288 14
320 5
363 6
183 11
220 31
179 5
194 16
104 20
196 13
74 13
401 20
27 11
304 15
287 15
151 23
269 10
244 32
483 18
242 21
196 1
111 7
29 16
314 13
268 9
385 9
154 5
285 28
416 24
54 30
398 8
4 11
345 23
106 31
205 15
196 4
12 6
478 20
462 32
24 25
152 25
69 29
45 29
336 12
292 1
366 26
296 29
356 25
468 13
171 28
12 10
127 11
24 9
414 5
248 30
213 15
198 29
408 18
486 3
406 13
188 7
318 11
491 9
327 22
338 26
333 17
215 16
75 18
416 24
74 31
277 18
117 10
271 24
420 8
471 25
236 30
447 26
344 1
430 11
247 23
372 7
319 6
390 1
176 13
233 13
171 13
387 24
187 13
163 18
264 9
282 7
494 8
404 14
368 2
212 30
156 27
45 31
20 26
71 23
443 23
296 17
16 2
104 26
190 23
159 1
455 20
155 5
371 7
490 2
96 9
204 31
135 4
429 2
385 28
201 3
154 28
144 21
381 27
222 10
217 24
226 16
23 16
472 5
290 5
483 29
13 6
192 15
137 24
152 5
119 8
52 5
199 27
145 31
145 7
500 6
302 17
385 9
457 8
421 22
168 19
187 24
292 14
178 32
349 21
301 24
181 12
444 31
250 20
310 26
158 5
107 24
238 19
136 22
346 12
495 5
163 29
396 22
410 1
86 15
402 26
78 18
89 1
164 10
460 13
83 14
338 2
429 7
180 4
472 14
471 6
94 13
147 14
291 12
62 24
166 3
113 31
248 21
263 4
390 19
88 32
44 1
13 4
351 21
387 2
274 21
140 19
194 10
356 4
45 14
63 15
232 11
453 4
227 12
95 28
494 22
291 29
311 28
360 29
200 6
187 17
306 6
191 27
315 3
38 3
316 24
421 31
274 30
230 32
293 8
319 6
62 22
26 20
265 1
88 32
334 14
140 31
451 18
342 1
228 23
124 3
331 20
294 16
121 3
456 25
403 10
402 8
235 31
39 15
163 10
18 4
400 29
487 10
191 28
467 2
58 14
313 32
337 6
344 18
332 31
222 18
276 8
49 7
402 19
213 5
65 3
412 20
91 10
17 13
77 7
51 23
128 19
374 21
24 5
126 31
219 15
441 11

