128
221 14
280 25
166 1
41 5
68 32
491 2
153 9
282 12
24 11
356 11
128 16
149 3
204 12
474 17
476 10
414 8
403 21
148 16
173 8
16 8
475 18
61 12
199 2
199 22
80 22
276 3
302 16
166 29
75 7
261 30
4 26
98 7
70 5
178 2
137 10
333 19
403 17
442 21
86 20
26 29
398 9
371 15
76 4
55 18
26 23
52 26
192 21
288 29
97 21
354 5
362 6
196 25
430 21
69 7
481 23
179 18
99 1
428 23
289 10
176 14
296 23
47 15
79 6
99 4
3 8
408 24
489 31
332 2
296 29
284 28
199 10
5 17
214 12
323 14
413 15
20 20
429 2
398 16
104 12
183 2
151 26
173 31
249 9
260 12
257 7
171 23
356 19
103 25
458 14
275 18
276 2
281 32
211 6
63 10
377 1
271 3
391 4
369 19
300 32
182 16
170 4
214 21
230 12
297 19
93 19
408 20
216 8
276 23
69 2
92 29
139 11
175 29
10 31
167 25
22 12
216 3
255 13
419 4
96 3
170 17
286 25
260 9
116 23
131 12
429 31
332 27
289 6
447 22
400 5
310 1
164 21
463 30
157 25
253 24
447 22
144 16
350 12
85 13
142 23
204 26
141 31
488 29
392 10
430 7
398 31
63 29
115 9
182 19
257 26
227 27
207 18
287 28
125 3
76 31
289 31
40 14
313 12
62 32
461 28
346 3
82 12
123 13
284 25
171 20
238 9
95 1
119 25
204 23
455 4
65 19
58 13
24 31
484 10
278 12
429 4
6 30
383 13
58 3
433 9
58 22
329 4
318 11
384 18
394 22
153 22
433 22
414 8
284 25
393 18
193 21
389 18
331 3
326 28
289 2
172 27
132 21
202 13
299 26
470 32
127 18
2 23
36 23
367 27
164 15
84 20
80 32
53 22
243 3
353 7
340 21
229 27
377 31
420 7
368 5
219 6
215 28
405 30
486 27
420 1
29 4
356 12
327 25
221 5
491 18
304 30
450 12
153 14
314 32
500 1
164 26
379 26
141 3
479 7
405 15
127 5
458 27
245 20
243 17
205 13
390 4
414 7
391 2
16 25
489 8
441 5
437 31
382 22
305 21
56 29
315 2
494 20
368 18
407 14
54 31
194 4
470 4
486 17
173 30
121 6
221 1
166 5
84 7
438 32
463 21
97 29
379 30
400 18
31 23
208 16
269 25
231 23
360 29
155 1
422 15
398 30
187 15
2 14
165 28
10 16
284 10
256 6
399 28
112 21
462 23
364 6
423 23
172 11
15 2
19 12
452 16
281 31
182 10
112 18
73 25
325 21
78 13
222 8
236 17
404 25
3 32
130 22
214 26
412 8
479 10
367 11
197 27
421 22
280 20
427 9
5 8
413 14
184 22
58 27
319 17
319 13
80 16
450 5
453 1
76 4
142 30
66 2
440 22
419 28
221 30
128 21
301 32
307 24
173 24
106 27
28 4
16 24
75 9
104 28
178 8
163 19
473 12
9 29
65 11
188 9
476 27
362 12
354 32
463 14
87 20
221 30
343 16
73 10
52 17
297 1
60 3
400 28
186 8
500 14
38 15
238 26
1 19
493 2
470 8
84 8
375 24
22 18
243 26
135 30
474 31
227 1
389 18
121 14
89 20
379 10
307 16
343 11
67 8
217 20
495 28
444 9
307 1
86 25
262 20
46 4
2 20
472 18
453 32
19 29
64 25
371 22
365 9
380 11
252 12
170 30
99 25
115 25
281 32
157 19
272 7
130 5
178 25
367 31
397 21
375 12
282 1
181 22
310 32
428 25
360 29
159 18
414 29
215 14
324 27
88 15
277 21
72 27
170 10
289 6
174 19
377 11
464 17
304 29
320 31
37 27
32 11
341 17
319 23
490 3
129 30
89 18
146 4
64 31
449 4
232 11
70 20
281 9
368 21
157 20
167 26
70 14
388 26
494 11
168 28
201 1
265 29
54 10
153 29
77 13
172 12
427 21
120 12
274 3
292 2
26 18
123 4
360 31
5 29
69 13
40 21
321 16
261 30
214 17
194 2
366 25
301 20
105 12
499 10
259 30
160 4
304 6
231 15
496 4
367 12
112 3
388 28
210 17
9 11
61 18
416 30
270 25
218 22
340 16
456 18
62 11
86 29
100 28
27 20
403 21
215 14
151 31
297 9
251 1
339 15
210 31
89 27
175 30
57 26
225 16
316 26
478 1
150 9
216 32
376 27
273 27
484 11
45 17
487 7
289 6
309 3
432 1
181 26
54 13
323 11
248 30
416 21
390 26
154 26

