128
25 3
470 18
309 2
229 18
187 21
370 7
416 32
358 24
47 27
346 10
324 32
176 4
209 14
183 9
407 17
449 23
499 22
496 31
127 9
312 30
345 2
488 4
201 5
219 11
255 29
213 7
376 16
210 12
169 28
148 7
361 4
5 31
365 5
370 15
281 13
156 9
214 15
88 15
191 7
365 18
371 13
376 30
168 1
181 24
32 28
262 8
423 27
103 23
471 4
129 11
152 17
227 30
131 30
132 18
120 4
119 6
277 26
87 12
282 11
132 21
94 1
57 4
11 3
6 25
482 31
83 21
123 21
202 13
475 29
426 22
33 32
288 17
389 30
456 18
493 31
335 14
332 3
306 26
253 11
175 10
149 21
218 23
270 16
376 28
104 1
41 12
197 12
148 25
54 24
459 18
394 17
483 21
387 16
419 23
303 1
224 3
53 29
426 30
212 29
417 24
453 10
155 29
137 31
86 30
258 32
235 11
40 14
228 2
209 14
416 23
442 23
18 2
431 19
20 31
243 24
310 11
97 24
48 22
118 29
423 11
380 2
230 11
431 21
196 11
306 3
206 15
101 27
296 11
165 15
25 27
455 30
157 7
150 12
284 11
188 15
346 3
420 11
189 30
235 24
192 32
198 9
490 18
471 29
181 15
452 5
245 18
39 14
308 24
457 20
158 1
2 23
415 17
133 16
326 31
339 21
110 1
118 11
186 32
88 14
75 19
423 23
296 21
72 27
352 29
398 13
25 15
216 31
375 4
394 12
67 21
69 32
473 30
479 6
125 18
228 11
456 6
370 7
462 5
57 5
321 15
25 29
205 20
136 28
292 9
131 26
317 7
237 17
236 3
151 1
132 10
263 23
379 12
189 8
277 30
356 17
200 28
146 8
324 9
187 7
13 10
176 14
368 24
322 20
479 20
168 14
53 30
49 11
414 1
326 26
482 29
138 9
265 23
141 8
415 19
406 16
348 13
461 12
196 26
23 30
458 18
136 10
119 16
145 24
272 6
73 14
3 27
138 27
345 6
58 16
309 15
39 20
395 27
223 30
484 29
116 1
434 7
155 29
138 31
436 5
120 5
14 6
71 8
240 15
485 1
174 5
463 28
301 9
266 23
299 10
472 2
394 1
220 20
161 29
346 17
117 22
457 19
439 19
338 27
293 6
179 31
467 10
234 3
350 16
493 24
453 12
117 2
221 32
394 9
44 7
329 29
56 13
143 23
367 8
377 32
153 11
330 23
48 23
237 6
414 18
101 30
45 22
64 9
405 21
498 17
47 10
109 23
315 27
301 21
434 29
192 14
83 17
205 27
436 29
84 13
22 28
419 11
253 10
183 6
290 4
106 24
358 2
142 4
168 26
204 29
470 12
38 29
120 14
239 3
387 22
108 24
209 26
178 2
211 21
471 32
40 28
39 5
493 5
420 24
326 32
464 20
223 29
404 6
447 6
249 21
315 24
296 11
437 14
336 19
186 18
202 25
85 8
474 9
124 5
88 10
72 19
449 14
108 12
488 26
345 28
90 11
295 25
385 3
210 1
81 7
378 6
472 31
373 29
391 25
41 7
150 5
233 30
258 8
301 5
245 25
332 14
7 18
423 23
208 12
463 8
379 9
421 18
7 26
146 13
142 14
227 19
2 12
240 4
3 24
208 20
388 8
285 18
17 7
136 13
191 31
68 5
143 1
270 13
134 3
45 11
452 12
269 2
435 12
417 9
251 12
388 18
15 29
383 12
83 10
312 21
468 11
193 14
367 14
110 4
228 19
478 32
482 10
337 20
457 5
56 23
80 24
344 3
320 10
330 22
96 5
27 27
371 3
377 26
33 2
441 32
344 11
143 17
220 31
92 9
435 32
383 19
443 7
313 10
304 2
163 3
486 9
314 20
112 6
445 28
27 10
107 27
360 26
47 7
80 15
255 27
138 14
233 4
68 1
193 3
390 11
122 7
248 3
82 31
328 7
354 14
116 20
76 3
61 19
405 5
465 24
211 14
1 11
33 24
191 29
290 12
283 31
158 26
49 11
240 8
117 17
82 32
257 29
410 17
483 11
13 15
178 19
400 6
17 12
245 7
212 22
490 15
149 3
376 21
238 32
277 30
412 18
290 20
366 31
189 29
365 25
499 10
276 7
219 8
386 11
203 26
53 32
444 21
43 15
101 16
138 5
337 30
86 10
273 4
325 21
4 17
14 10
435 25
104 9
284 2
172 14
439 20
234 2
276 16
404 16
407 30
457 11
147 10
221 11
345 29
232 12
437 13
406 7
237 5
228 4
202 3
210 32
122 31
225 29

