128
217 7
50 24
344 1
300 22
136 21
17 2
162 14
189 28
175 14
190 18
457 8
237 2
337 20
147 4
362 22
271 3
141 16
314 32
284 2
185 11
422 1
141 11
343 25
210 1
459 12
422 11
71 2
328 4
317 23
15 15
156 13
109 8
308 10
484 11
239 28
214 32
369 2
95 11
386 16
79 32
55 28
111 14
361 22
237 17
116 23
207 24
239 15
271 30
441 6
340 3
274 29
191 30
258 13
56 24
440 18
339 23
189 1
472 9
91 20
429 2
162 24
181 12
302 24
149 30
409 16
273 30
393 3
175 10
99 2
293 10
67 24
384 31
284 3
155 14
118 32
432 31
71 8
382 28
267 18
318 28
222 26
357 14
256 20
263 10
317 24
95 8
391 19
490 6
37 13
400 11
432 3
137 2
294 19
225 9
252 22
236 5
483 28
86 10
179 9
443 4
108 6
83 14
368 16
23 12
420 6
262 7
104 31
204 18
121 5
310 20
174 29
49 9
340 10
98 7
186 5
218 17
282 20
142 1
223 17
256 31
438 2
197 30
120 13
291 16
385 8
463 10
496 27
418 27
349 4
57 22
260 10
179 17
425 4
41 32
188 28
494 10
17 2
19 28
294 21
375 30
260 14
440 31
52 25
293 12
224 26
286 3
327 8
227 32
135 3
103 31
415 28
152 27
489 14
419 11
182 1
164 29
186 15
399 22
460 19
341 3
392 2
370 15
441 24
322 20
67 12
102 25
371 25
115 3
274 9
493 7
178 21
99 23
111 29
304 10
187 13
457 27
122 18
149 23
125 22
490 3
245 27
23 7
195 14
177 24
22 22
126 31
30 32
414 12
72 1
62 10
213 2
188 27
195 12
397 27
9 26
362 1
328 24
423 6
373 16
341 27
473 26
445 14
393 14
493 20
279 14
221 27
423 1
177 1
300 5
140 13
14 25
265 17
236 20
214 21
139 18
207 7
223 7
464 3
213 12
430 3
214 19
185 8
263 18
105 30
490 4
222 20
96 23
196 11
26 26
495 12
167 13
478 22
204 5
208 8
100 14
110 9
140 6
301 18
359 25
167 13
352 25
204 23
79 3
481 24
160 32
471 7
28 20
420 31
240 19
202 7
468 15
356 31
457 32
212 11
264 31
15 19
267 22
413 5
469 9
152 20
72 30
158 20
421 21
386 8
408 24
202 7
250 29
334 26
416 21
373 19
423 27
293 9
309 13
237 9
302 8
256 29
361 22
324 21
194 2
144 17
149 10
328 30
106 29
456 2
57 28
52 4
418 25
224 6
253 25
354 26
52 10
131 5
227 6
45 8
15 21
373 31
238 16
413 3
212 20
68 28
47 24
303 4
20 11
42 20
339 23
30 2
60 4
154 30
465 31
58 16
443 30
346 16
333 10
226 24
477 22
15 11
469 18
339 28
196 24
111 30
478 28
275 14
299 5
175 8
331 16
95 21
365 4
304 25
50 21
444 10
378 3
253 22
128 3
185 15
174 32
208 7
435 10
40 26
262 31
349 16
150 23
68 27
86 7
415 7
104 3
365 5
317 5
179 24
411 11
118 32
10 17
86 5
158 26
382 8
192 30
67 5
376 27
59 13
357 18
448 28
332 4
145 24
132 27
295 14
389 20
477 15
440 18
195 29
39 16
72 2
157 27
275 32
125 5
492 21
158 31
497 9
306 17
192 9
167 14
330 15
453 2
305 4
220 15
193 30
426 4
192 10
254 6
465 18
150 21
415 32
99 23
352 21
403 8
193 17
381 19
327 22
32 28
77 7
334 25
213 8
385 4
193 26
221 26
220 18
466 18
381 32
396 25
320 14
128 17
70 20
91 28
45 22
231 2
77 1
94 1
176 22
44 24
468 12
377 27
485 30
24 14
258 19
302 17
420 5
145 29
288 3
88 1
209 15
158 21
383 27
277 22
229 24
277 32
287 30
438 31
347 5
340 24
231 17
237 22
69 9
490 13
468 9
393 4
247 14
16 5
152 12
38 24
463 7
131 5
172 16
223 30
380 15
178 10
203 30
463 20
498 16
184 17
233 12
344 15
329 11
460 32
2 13
64 24
367 14
416 22
466 31
260 17
53 9
159 11
54 25
230 11
129 29
368 1
192 15
43 32
274 2
204 15
55 23
295 1
164 2
311 1
200 10
326 12
358 12
211 23
160 20
461 12
57 28
352 24
95 27
472 4
100 23
346 10
293 24
427 16
202 1
289 25
158 2
357 27
301 27
277 16
358 17
452 30
269 7
14 23
401 13
82 29
159 11
358 15
419 16
462 28
224 14

