128
28 29
169 18
188 30
480 1
30 30
472 28
364 22
40 9
138 4
69 14
108 6
350 6
274 10
42 9
52 6
475 31
470 3
276 2
428 28
398 17
133 25
289 32
366 28
477 23
299 1
148 23
42 14
116 11
139 2
467 27
143 9
473 9
287 9
122 11
356 11
23 28
239 7
187 16
490 3
310 1
59 9
47 9
158 18
119 13
23 6
191 26
230 31
130 25
263 11
83 10
121 29
457 23
120 32
166 5
10 11
249 5
283 27
21 9
161 31
89 31
76 27
200 18
441 25
174 32
431 12
173 23
416 14
261 11
477 18
496 14
252 20
54 15
243 30
327 27
65 11
289 32
193 17
297 29
21 26
188 12
429 5
354 13
342 15
231 30
392 6
155 28
322 29
30 8
134 32
170 22
270 26
190 14
298 6
298 19
308 6
122 4
50 31
284 27
441 7
412 13
92 2
328 5
126 17
32 24
64 13
161 25
11 2
146 16
336 15
330 7
132 31
82 29
278 26
423 10
84 14
254 11
252 29
144 13
141 27
340 28
376 17
388 14
202 25
45 25
328 31
383 27
177 9
492 26
34 14
228 1
452 25
495 11
266 26
283 2
313 27
110 28
327 17
425 28
382 5
417 17
47 19
371 32
467 2
381 28
128 28
468 11
441 7
485 10
452 11
463 20
93 8
155 15
421 23
447 2
252 31
214 30
13 28
373 12
298 22
331 13
213 3
207 5
465 11
210 8
309 25
32 26
96 10
172 24
469 18
21 28
332 10
369 1
22 22
176 3
347 18
447 27
8 5
64 28
195 13
240 3
445 31
256 5
160 4
408 8
397 21
199 5
366 28
425 3
13 16
409 27
457 19
269 21
211 20
288 5
105 19
260 5
149 3
441 25
146 5
140 27
481 3
123 22
110 3
437 14
498 29
184 18
404 28
270 6
136 22
371 16
436 18
492 25
348 29
97 26
485 16
36 25
426 18
14 15
56 6
360 5
499 3
210 18
347 28
219 14
389 1
425 24
70 16
112 6
52 32
411 12
148 18
352 1
307 18
312 22
19 11
118 25
214 15
474 12
158 1
393 26
133 21
222 19
436 1
324 16
393 22
375 16
383 31
464 9
296 31
106 6
298 23
387 23
401 8
274 15
256 26
104 9
186 25
295 17
10 18
460 26
203 27
145 13
265 24
329 8
87 18
429 32
156 11
98 12
379 23
466 26
240 2
226 29
98 28
249 19
489 13
64 19
247 20
331 31
168 19
274 2
444 18
489 11
221 22
359 15
308 16
436 27
97 10
175 11
33 3
5 18
335 9
268 21
128 3
295 7
109 24
400 25
474 8
355 6
325 25
496 8
389 27
382 25
296 24
31 9
183 32
54 9
104 29
450 3
271 16
378 20
16 17
136 17
17 14
34 21
55 9
325 15
163 30
427 7
114 10
139 16
345 8
16 16
364 21
30 3
413 27
218 12
388 1
416 4
194 17
96 20
181 20
190 27
478 9
301 7
278 15
90 26
482 13
421 26
422 26
184 6
413 17
113 32
457 12
203 30
180 26
250 20
70 19
54 31
259 15
341 12
497 26
9 19
238 13
28 7
435 7
196 27
167 28
146 7
187 28
476 2
349 21
77 2
16 3
168 2
189 4
14 13
141 18
15 3
155 10
241 5
308 21
435 6
244 24
300 23
131 16
148 7
352 13
101 11
207 8
345 31
128 26
79 8
83 10
202 9
191 19
177 3
379 11
176 22
394 20
256 20
103 4
59 6
128 3
173 30
278 29
80 21
226 6
377 32
455 6
397 2
372 21
496 30
388 11
76 1
498 31
361 32
86 15
406 17
429 22
250 26
446 9
463 7
339 11
330 29
120 14
290 8
355 1
93 2
160 24
78 9
55 22
461 24
208 14
57 20
295 22
194 20
339 28
262 13
346 31
173 21
373 7
308 15
451 1
320 18
124 17
119 14
187 3
170 10
296 14
234 18
87 11
329 1
434 30
305 11
384 22
447 8
144 27
482 2
211 5
408 18
402 14
364 28
456 5
185 31
462 2
192 20
48 20
325 17
461 1
463 12
310 26
452 17
368 9
251 14
438 6
411 3
35 30
130 2
158 2
444 19
436 15
19 15
154 27
464 18
175 26
13 17
39 16
141 6
101 19
483 6
252 18
228 10
371 5
479 17
22 10
499 9
56 9
292 25
211 23
378 30
384 7
222 3
354 14
328 14
457 27
343 24
408 26
346 26
130 12
158 4
98 13
312 13
25 3
66 24
61 15
473 9
333 2
219 11
111 18
344 15
60 11
479 23

