128
324 19
88 12
100 12
430 15
375 23
435 26
232 19
316 29
144 8
20 4
370 6
300 14
114 21
372 21
449 6
180 24
232 3
315 24
458 24
454 28
78 20
126 5
86 25
325 10
360 20
129 6
314 16
131 23
476 18
275 16
380 10
47 15
425 9
294 26
457 12
418 14
487 11
343 5
187 19
154 2
215 26
127 32
414 25
306 13
463 1
17 2
238 3
304 22
424 22
396 12
49 5
265 31
59 11
459 17
126 16
290 4
98 25
219 19
377 24
251 27
456 27
384 2
182 12
207 9
489 6
188 1
118 12
275 24
411 2
272 20
49 26
227 26
34 25
8 2
320 11
453 8
229 24
173 2
227 31
218 3
185 29
103 14
209 2
182 31
463 13
6 19
218 8
9 23
380 24
161 15
126 21
178 7
152 30
116 15
81 18
445 1
442 20
270 22
129 19
120 23
256 5
305 5
412 21
224 11
181 20
342 14
52 15
364 19
221 28
433 9
17 18
417 26
129 22
108 25
341 3
199 8
56 23
272 19
168 7
110 24
82 23
357 1
173 25
188 17
52 20
193 32
349 1
25 9
351 8
85 31
63 15
138 18
490 17
436 17
108 1
208 17
347 12
26 28
284 5
264 23
36 5
254 29
269 15
65 27
262 6
161 32
136 30
293 25
411 21
133 6
125 16
58 12
404 7
195 31
351 18
226 3
266 11
475 27
257 3
5 15
392 14
194 28
167 31
4 25
215 29
94 7
476 20
14 7
290 24
270 5
18 27
379 31
325 5
169 30
95 14
304 15
43 25
366 5
483 29
286 9
357 27
92 5
86 1
415 8
165 16
368 2
382 18
464 15
450 25
140 28
362 23
30 32
439 19
464 6
468 1
174 8
184 29
8 9
222 23
496 22
310 27
67 16
460 22
250 1
218 9
453 19
331 6
334 13
433 22
246 8
398 32
223 17
36 27
202 25
357 9
142 22
264 4
61 15
442 2
484 7
198 12
238 8
121 11
353 9
220 6
304 22
369 31
50 1
461 31
13 9
300 7
38 11
214 3
137 3
408 8
166 14
259 3
337 4
177 9
136 13
139 28
366 19
318 7
263 18
166 12
298 13
282 23
231 27
285 15
354 29
339 7
150 9
477 30
328 21
27 24
49 21
255 2
171 12
329 26
53 14
61 22
14 22
388 16
40 5
462 13
365 20
115 10
101 27
351 8
244 13
243 16
41 17
58 8
272 26
349 24
435 5
25 32
102 25
43 9
85 12
238 29
8 8
314 28
295 12
387 18
393 2
33 25
182 18
348 14
31 32
129 17
456 18
116 29
418 30
402 6
366 27
154 9
342 7
184 4
482 6
377 10
255 22
11 25
55 2
390 18
406 10
254 5
23 18
270 4
379 7
145 24
309 10
468 2
116 3
138 2
425 26
323 15
275 13
115 22
43 12
267 16
226 8
160 16
389 21
392 8
303 28
363 27
186 31
465 21
185 2
250 9
467 1
288 10
109 30
275 27
110 5
450 31
412 30
286 5
242 1
272 13
65 10
7 2
168 3
50 9
424 12
165 31
76 8
336 24
58 6
187 15
2 28
353 21
97 26
65 11
167 4
87 23
174 29
480 21
416 13
397 3
32 14
81 3
217 8
143 26
377 13
440 22
464 20
291 1
282 3
455 8
395 1
30 20
133 21
112 28
241 5
91 25
274 31
231 6
291 21
116 19
201 7
397 9
51 19
281 8
245 19
131 27
275 12
410 15
20 22
159 32
86 9
384 11
123 19
200 13
339 15
432 8
222 8
408 16
366 24
307 14
274 5
305 28
300 22
306 15
439 20
282 4
416 6
234 3
484 30
303 30
100 14
417 1
413 20
148 14
363 6
444 20
242 4
35 25
313 25
63 4
8 21
127 8
214 21
462 17
498 24
222 29
350 19
122 26
314 13
244 17
75 3
16 28
286 19
413 30
243 27
53 22
171 8
25 8
244 6
284 13
102 6
189 3
348 6
268 29
283 3
41 5
401 17
228 10
311 20
488 13
467 8
6 29
423 31
225 10
368 28
406 1
365 31
475 24
108 31
225 22
105 1
450 6
25 26
43 19
169 22
239 27
274 1
124 12
127 28
214 2
355 11
315 24
417 5
135 13
383 3
266 4
328 28
345 20
97 23
187 1
121 5
400 10
373 19
293 3
222 10
345 4
477 7
351 29
151 10
269 14
196 11
373 15
454 25
375 26
307 9
166 27
41 21
24 18
439 25
264 20
174 24
440 22
118 18
395 9
127 27
302 7
401 6
345 10
242 23
107 12
483 29

