128
105 31
200 32
38 5
38 16
85 11
275 19
469 28
177 15
425 28
3 20
111 16
396 22
1 20
451 3
21 17
85 9
467 4
157 16
292 22
119 29
112 22
419 8
489 20
222 13
175 29
304 5
228 4
79 17
255 5
279 7
369 28
456 3
203 24
190 7
9 17
223 12
202 17
52 22
440 9
158 18
349 2
399 17
13 17
9 27
61 19
98 9
354 17
115 13
368 28
403 20
464 21
347 17
469 18
410 9
23 8
22 31
29 16
151 13
100 15
11 20
298 8
440 15
12 6
411 31
62 13
106 13
141 17
42 6
202 3
370 28
18 7
299 18
15 9
290 22
108 5
126 25
112 5
111 4
323 2
206 12
38 20
408 15
116 21
344 5
252 1
245 1
455 27
19 29
491 16
83 26
312 28
206 32
476 25
251 10
42 4
33 7
119 13
313 26
241 8
403 24
368 31
113 15
41 11
143 27
290 29
333 14
136 6
229 24
58 15
113 23
138 22
382 9
438 18
342 2
202 32
374 1
94 18
243 22
116 26
221 21
462 5
210 14
294 14
413 8
120 5
154 14
22 27
218 27
81 23
341 6
7 22
202 20
51 21
290 2
182 26
274 3
414 24
444 7
125 20
410 1
233 12
58 18
450 3
417 18
185 9
311 15
322 29
143 4
309 12
389 30
293 26
188 2
349 16
264 22
191 22
422 27
89 3
381 6
105 25
420 29
405 14
480 30
446 14
449 26
257 5
447 29
350 23
254 15
470 5
24 8
394 25
435 26
275 15
372 31
315 23
19 7
224 6
148 14
323 4
275 11
284 30
127 5
60 4
183 25
101 22
40 2
354 2
328 8
492 27
210 22
193 1
376 20
78 31
85 25
470 8
479 9
285 10
386 24
337 32
224 21
126 15
283 3
441 18
311 32
12 16
90 28
248 17
471 22
340 16
226 17
119 16
62 27
161 7
450 6
218 1
490 27
139 16
26 31
85 8
363 12
207 20
151 7
268 22
484 19
381 9
268 27
116 29
457 17
479 6
330 8
282 15
391 20
443 32
351 31
455 17
327 29
16 17
467 7
302 30
242 10
362 29
384 30
189 24
106 27
97 3
214 2
105 4
150 15
223 8
426 9
416 24
338 27
432 8
65 14
458 26
119 11
166 27
148 14
46 21
372 15
391 10
224 8
189 5
394 16
76 3
440 3
274 29
273 2
137 30
143 10
495 5
116 13
467 28
14 17
220 2
359 7
323 14
458 23
307 3
274 30
22 30
225 31
194 29
204 30
186 14
275 17
459 27
193 17
6 22
141 5
295 31
187 1
433 24
128 31
495 29
324 32
170 28
366 20
249 30
397 18
267 24
318 29
414 30
206 7
68 14
347 10
197 22
479 25
177 2
71 7
62 18
242 24
146 4
299 6
29 27
31 11
218 25
224 3
210 21
253 9
126 20
491 14
485 29
6 21
278 28
36 27
174 1
274 27
236 28
416 4
119 22
263 8
498 22
171 4
118 19
336 11
226 30
269 14
498 30
223 23
54 30
318 7
90 3
397 2
367 32
293 21
461 19
172 3
244 6
18 17
469 17
456 30
31 20
404 8
201 14
7 10
439 16
480 8
118 16
205 16
243 14
320 4
404 32
366 8
389 11
360 29
439 19
403 9
390 6
349 23
135 15
196 29
30 16
452 15
107 13
483 14
358 2
257 25
349 22
260 6
356 24
446 26
286 28
115 16
5 19
470 19
169 5
415 30
192 19
48 19
227 10
500 24
36 16
196 12
229 16
325 4
427 19
81 16
470 31
91 15
9 4
317 17
77 16
430 28
302 26
270 32
359 13
463 14
376 6
482 32
317 10
39 27
428 32
307 10
166 9
224 15
309 24
407 21
123 13
356 8
314 30
303 8
394 29
270 6
275 15
225 23
260 8
186 20
87 28
437 4
92 20
130 16
403 17
488 18
373 20
153 2
469 32
61 26
424 30
335 30
284 4
141 4
27 6
83 17
373 19
216 4
234 6
68 16
234 23
217 18
250 26
143 26
29 27
284 20
237 18
2 4
381 6
267 31
171 29
223 11
71 3
358 20
488 1
144 29
332 4
326 1
81 32
3 21
226 14
61 18
255 26
186 20
407 28
246 9
5 1
323 7
111 32
83 10
309 30
318 24
437 19
424 30
314 18
478 11
63 26
205 30
303 18
157 17
193 2
137 5
74 11
476 4
343 6
133 11
135 18
494 3
296 25
292 21
195 18
352 9
11 28
426 30
297 22
374 25
188 7
390 25
173 9
149 27
274 9
17 16
435 6
182 30

