128
363 14
396 2
204 19
146 20
259 20
165 17
53 29
396 6
221 31
337 25
115 21
60 22
176 25
413 13
371 10
401 9
147 8
455 27
410 20
182 4
439 3
232 32
267 11
349 23
217 5
28 8
377 3
229 32
300 25
365 2
338 5
106 25
412 20
39 5
363 32
489 14
270 28
497 1
51 17
227 15
381 6
302 14
341 18
309 4
374 25
13 12
289 14
400 8
382 22
373 8
361 21
249 23
284 1
19 22
441 13
305 6
499 26
431 27
488 31
182 21
116 2
424 20
15 3
308 16
464 8
344 13
244 12
455 11
41 25
65 29
421 5
154 23
474 20
461 9
27 14
174 10
391 29
101 30
124 24
153 23
291 4
263 26
292 5
265 28
245 5
164 2
49 26
436 6
105 9
335 31
242 12
476 5
308 5
390 7
336 14
222 27
242 32
12 1
405 24
68 1
456 19
166 4
400 26
378 25
350 24
339 23
71 31
75 10
391 28
13 30
210 14
204 27
421 12
187 17
343 22
178 31
336 19
154 20
296 11
444 13
242 2
88 4
96 30
394 2
330 30
64 3
195 23
341 23
334 23
144 5
280 25
327 19
367 4
54 23
363 17
159 16
279 6
268 18
112 1
64 29
270 19
479 8
97 27
430 11
197 5
311 28
449 17
294 8
320 20
478 2
196 32
138 22
86 5
52 9
269 27
137 2
297 3
205 21
285 6
27 13
411 13
308 7
177 21
26 17
300 11
178 12
343 3
173 16
423 8
476 11
42 28
432 14
430 20
83 26
122 1
398 4
150 13
94 10
9 24
322 9
474 12
8 12
18 20
95 21
108 18
335 29
33 11
191 10
254 13
27 23
85 8
110 26
332 4
60 21
323 29
353 28
436 16
464 22
391 2
98 30
128 8
351 32
198 5
326 16
165 12
178 29
480 32
335 7
491 26
3 29
478 23
460 30
66 31
71 9
481 28
158 20
99 32
323 21
400 28
100 20
352 9
17 27
416 7
493 10
448 28
70 21
202 30
42 24
304 4
280 28
131 5
447 2
297 2
378 8
417 25
464 4
105 12
302 9
34 31
130 17
142 24
109 11
81 23
166 16
466 1
372 25
234 26
326 10
439 15
429 24
383 12
327 7
75 25
211 8
275 1
440 16
392 29
314 12
255 28
207 12
424 6
316 1
100 29
38 26
47 27
245 17
62 12
268 29
404 6
96 26
170 28
297 29
288 2
384 10
89 3
113 25
372 25
373 7
273 3
9 32
81 17
452 2
28 7
278 31
401 2
460 18
113 32
483 20
366 22
145 30
308 17
170 32
37 15
150 30
157 6
185 13
115 12
230 18
411 12
425 31
85 8
84 9
140 30
300 9
284 24
310 11
200 28
122 17
374 16
250 26
133 10
118 11
273 19
93 7
58 13
197 10
400 21
42 27
198 13
395 5
284 9
72 12
36 25
424 13
316 9
290 29
310 11
399 6
457 3
469 27
359 17
212 3
297 22
1 23
94 32
475 6
304 10
65 11
443 12
451 10
364 28
410 5
202 13
458 2
3 22
376 30
295 32
324 11
193 28
289 22
423 28
367 2
13 11
268 7
270 2
417 9
309 22
157 2
338 23
20 17
244 31
406 18
186 13
333 18
256 29
16 3
88 2
256 29
17 16
407 2
93 19
123 14
353 23
115 10
97 18
234 25
233 7
434 14
71 6
148 27
239 7
5 26
248 32
278 20
135 25
254 32
211 32
333 19
6 27
457 3
433 22
147 29
33 4
434 15
198 9
281 12
447 5
465 23
249 27
162 19
131 31
314 29
290 30
108 20
93 12
102 5
457 16
41 29
179 10
444 28
111 20
367 1
213 12
455 29
426 1
47 24
383 1
452 29
358 3
172 22
326 5
178 15
224 26
123 6
396 22
334 22
494 8
414 2
31 13
166 24
337 12
67 11
424 3
95 10
281 22
435 19
242 25
93 13
182 11
71 21
485 20
434 10
103 32
183 14
68 8
145 24
263 20
326 31
434 9
320 26
38 6
24 24
218 12
448 16
35 22
328 23
421 14
348 4
461 10
361 24
81 21
487 3
420 16
233 29
436 8
419 22
10 2
457 11
410 16
478 4
422 30
314 14
271 25
421 23
42 1
314 18
138 28
20 29
463 21
262 3
8 16
76 9
473 4
448 30
287 13
29 24
434 26
254 20
354 22
138 19
307 23
72 12
454 24
204 29
48 1
19 7
496 22
276 1
125 3
406 11
499 31
471 25
480 8
340 10
249 22
284 19
484 32
202 30
151 6
206 2
222 24
456 22

