128
262 16
426 16
271 30
19 24
241 28
164 13
259 6
229 2
471 7
228 27
329 5
127 11
458 15
459 12
358 15
275 7
3 8
51 9
85 17
344 29
176 31
450 18
432 14
283 3
420 6
425 4
399 15
298 16
406 12
343 3
243 9
233 25
168 31
73 20
351 1
281 26
275 26
312 3
407 30
313 26
308 1
277 14
492 11
265 13
34 23
11 16
75 23
224 14
378 9
345 4
417 17
106 7
354 9
101 16
214 13
141 9
354 6
78 29
196 18
445 5
300 23
209 6
49 28
467 2
432 20
6 12
288 3
243 14
231 27
105 16
460 6
317 21
367 14
9 26
88 25
494 7
111 18
113 27
338 31
437 17
242 2
321 22
256 15
375 14
109 31
133 16
428 21
232 14
343 20
207 2
248 5
20 26
254 20
369 3
415 17
212 4
450 16
37 21
446 27
394 6
94 30
474 29
327 25
167 21
1 17
302 24
73 29
106 11
305 6
269 3
130 32
226 7
363 31
339 12
377 28
214 18
109 7
343 11
447 25
307 11
233 20
195 30
429 20
336 1
477 20
155 14
436 8
388 2
346 14
458 31
309 31
396 1
61 30
56 3
98 10
454 31
322 16
340 14
3 3
186 27
130 16
436 9
71 27
215 29
400 24
491 16
46 10
328 26
476 27
464 29
97 9
107 2
268 22
19 26
120 28
100 14
395 27
166 1
209 32
85 28
255 23
167 12
313 27
257 8
229 1
64 25
489 31
242 1
116 8
230 12
167 14
189 13
216 14
230 29
290 10
236 4
241 3
196 1
249 20
44 17
24 11
154 29
129 3
473 29
359 22
184 13
383 32
438 11
429 7
227 26
184 30
114 16
216 13
180 28
464 23
293 20
34 22
204 10
192 12
110 2
81 13
427 4
368 8
266 25
86 20
366 29
305 15
45 17
491 28
336 27
151 24
294 20
425 29
49 5
376 3
370 8
303 20
123 27
215 24
319 8
231 4
421 28
367 17
260 13
392 23
311 30
427 20
281 27
304 14
23 23
340 5
339 30
392 9
16 19
53 10
258 11
222 30
22 32
346 17
444 26
80 19
483 22
62 8
412 22
445 15
248 4
31 10
129 10
251 25
232 19
182 22
289 15
371 3
194 1
295 26
158 26
96 16
83 17
255 31
226 11
133 18
334 31
115 15
288 13
163 4
371 8
65 28
451 11
470 4
355 16
133 4
490 8
4 24
89 10
270 30
309 2
491 2
268 10
308 8
322 22
279 21
166 3
204 20
481 13
111 24
288 20
199 5
323 14
405 19
460 18
77 12
280 31
113 19
172 29
158 30
94 4
390 15
482 1
226 19
117 25
150 8
432 4
385 6
402 9
17 9
166 9
332 13
11 32
196 15
68 25
380 14
493 29
272 2
361 30
288 9
38 29
232 1
137 28
426 18
108 30
454 30
386 13
70 13
432 9
431 8
322 6
365 30
78 16
139 30
337 19
266 2
215 21
194 15
465 8
92 20
413 25
197 11
33 27
47 17
87 17
168 4
286 12
73 23
19 32
4 8
490 25
81 32
265 11
259 29
246 14
153 22
247 1
160 11
319 22
447 30
34 18
165 27
145 2
385 24
153 4
19 18
8 7
197 9
77 31
353 2
157 21
184 19
58 23
385 16
253 24
133 18
297 14
309 6
387 29
105 15
285 27
384 28
425 16
416 18
387 9
27 27
477 10
1 18
257 9
262 13
68 14
146 9
43 10
158 9
351 10
171 7
88 22
278 4
486 6
217 20
314 8
118 10
453 26
28 17
354 29
69 2
34 27
490 5
20 23
357 10
260 4
208 3
433 18
62 30
31 27
141 4
22 30
337 18
79 8
387 25
4 31
58 14
21 3
466 29
397 30
114 24
53 22
206 26
159 31
403 29
397 8
88 26
5 12
96 28
140 14
220 23
140 13
384 5
27 21
405 7
375 6
282 19
191 23
264 1
457 3
93 14
414 28
475 14
456 18
205 27
255 28
441 11
52 21
407 22
377 15
352 27
32 25
382 15
323 25
275 4
15 12
337 4
399 23
50 14
85 26
300 7
30 25
437 29
269 31
363 21
357 14
452 1
51 29
463 21
181 29
4 16
308 8
475 15
3 4
412 7
130 4
129 19
156 30
295 8
260 1
124 9
223 11
357 21
259 23
349 28
407 1
487 27
396 29
273 6
337 4
336 30
99 25
180 2
382 30
233 17
483 5
109 13
431 1
181 22
135 9
333 10
85 27
108 17
131 12
82 23
119 2
136 22
86 3
175 15
141 32
459 31
264 24

