128
411 10
155 10
341 20
400 16
320 28
198 29
16 23
220 10
444 21
66 14
321 11
411 14
29 11
110 13
338 12
81 17
297 4
202 10
159 1
209 7
400 11
343 20
425 14
261 29
427 10
466 27
413 12
292 21
378 26
73 12
397 2
168 25
241 21
34 27
173 27
81 17
1 3
192 5
189 32
145 19
481 11
213 29
190 21
334 12
110 18
487 18
263 18
50 23
78 12
106 26
178 18
26 10
461 13
102 5
372 15
115 21
61 3
97 14
183 2
169 4
40 15
1 6
12 31
9 5
338 14
43 15
151 8
44 19
489 5
111 32
447 13
64 11
404 5
109 6
442 17
82 25
136 30
135 31
336 27
440 5
108 2
391 6
401 10
221 29
283 15
249 1
408 16
88 11
324 4
248 26
176 25
98 19
115 16
162 18
78 21
179 17
434 9
295 30
207 15
75 1
197 23
69 24
338 12
266 26
55 18
279 3
46 4
393 32
312 6
314 29
6 8
426 15
412 4
125 2
438 7
458 14
225 3
442 2
386 7
75 29
72 13
23 2
81 19
129 4
321 18
132 18
285 13
469 9
480 13
166 1
143 12
255 15
354 20
280 27
254 11
383 18
207 21
295 7
172 19
382 32
217 10
21 29
126 17
401 6
433 15
226 15
394 20
293 7
27 13
189 1
279 24
310 13
328 4
476 19
378 29
342 26
426 3
299 28
203 27
9 16
117 6
414 2
66 27
108 32
483 9
76 29
220 17
97 11
488 28
398 10
485 15
15 30
305 25
461 4
216 25
347 28
55 16
46 24
318 5
415 16
301 23
412 12
375 21
419 27
284 20
284 8
258 6
178 19
315 30
126 18
311 8
65 21
435 10
188 1
115 2
404 27
444 28
139 31
176 29
237 31
76 28
79 17
21 12
451 31
245 24
68 31
399 29
123 22
242 30
438 20
116 5
475 23
360 21
81 15
21 13
198 32
188 20
132 9
31 19
247 7
158 23
34 9
447 24
94 24
318 19
248 21
427 26
343 23
186 32
25 30
92 18
153 20
349 12
192 3
366 2
358 8
104 15
136 10
398 13
442 27
463 13
499 21
114 26
379 19
117 16
4 4
477 12
191 6
291 18
56 21
24 17
384 11
7 11
29 5
451 22
323 21
362 14
5 7
15 20
273 31
139 8
42 3
135 25
292 9
318 16
433 29
464 24
468 31
38 28
227 24
169 1
104 18
222 21
4 20
344 16
70 10
107 20
300 9
344 20
17 21
291 14
354 2
469 25
224 7
20 2
346 4
351 10
69 16
410 12
12 5
51 21
438 17
192 25
249 19
328 9
400 14
66 25
224 27
425 15
41 4
101 30
483 19
187 27
226 4
474 5
52 32
318 21
384 1
226 8
396 25
396 27
375 6
399 22
348 3
396 32
118 20
477 12
150 4
354 8
463 11
112 15
54 5
3 25
290 16
420 25
485 15
331 15
128 5
308 19
255 7
66 12
403 15
175 32
410 28
279 24
410 19
386 15
171 9
103 28
172 6
348 32
188 6
218 8
110 17
494 16
432 12
87 18
306 17
441 11
344 24
86 17
462 8
67 32
416 5
296 7
42 15
95 30
173 20
249 30
189 30
498 28
5 8
9 2
401 29
24 4
168 14
349 29
137 19
113 4
436 24
138 1
402 16
58 26
44 2
60 8
252 5
55 8
196 15
418 4
11 21
192 31
254 28
159 22
158 23
441 5
382 3
422 20
14 3
61 21
137 4
140 4
380 30
495 20
108 20
23 23
205 30
149 10
309 15
200 7
282 24
59 19
422 16
150 12
311 19
344 23
386 28
186 30
381 4
45 5
444 7
459 32
485 15
457 29
413 8
111 2
500 14
61 25
1 26
60 15
124 4
461 2
91 30
479 23
178 15
311 25
441 21
120 25
227 32
422 32
436 24
37 7
53 21
59 2
11 3
68 26
374 21
495 4
26 25
286 19
347 21
27 28
217 2
64 12
426 9
435 9
369 11
147 5
272 13
326 14
323 22
415 20
126 2
11 27
86 17
58 1
245 24
72 13
434 15
256 27
472 2
219 24
217 17
464 12
421 2
269 12
387 31
291 32
296 22
14 26
450 7
18 10
359 21
6 24
75 14
150 26
7 20
89 27
436 13
210 32
46 30
451 4
365 10
295 28
247 28
245 4
83 14
389 1
202 2
232 5
359 9
174 30
452 15
440 31
167 30
94 8
331 9
495 23
490 13
59 16
152 7
283 10
417 31
26 22
268 1
246 15
193 24
196 4
182 3
382 32
488 32
263 27
224 17

