128
200 16
329 2
199 17
222 17
105 26
470 4
484 21
153 8
387 17
346 18
372 11
280 3
464 14
326 20
395 29
265 30
176 9
15 22
169 32
298 30
45 16
257 8
184 13
147 14
37 28
219 13
299 14
7 10
339 12
241 13
444 5
326 20
97 8
49 6
427 15
243 32
318 3
203 1
464 22
423 12
45 13
112 23
139 6
308 21
154 29
414 25
53 11
272 14
283 21
471 25
19 21
384 32
267 31
40 6
140 14
82 4
455 9
27 21
163 26
273 32
234 10
116 23
129 4
140 7
208 22
323 26
26 23
117 32
497 24
374 8
322 23
319 32
499 5
72 13
383 28
328 20
382 4
106 26
183 13
272 30
410 30
171 11
152 15
79 8
146 16
135 11
110 26
94 4
2 29
121 28
213 28
204 30
243 25
307 5
258 22
18 7
23 24
454 7
326 28
174 12
187 29
290 16
114 32
403 19
252 3
351 20
323 30
261 29
214 7
194 27
496 3
138 15
103 19
45 32
326 2
103 24
378 1
11 19
332 25
458 27
140 20
399 26
361 31
230 6
78 23
397 1
338 2
91 20
328 3
71 1
205 30
368 2
270 30
425 29
494 26
387 17
41 5
446 29
148 32
326 9
302 2
297 15
459 24
282 22
226 21
142 30
230 13
216 15
90 20
303 32
373 1
68 25
178 26
165 9
41 22
49 14
416 25
185 26
436 30
364 10
22 5
295 3
218 6
305 27
1 27
94 5
500 10
489 1
379 17
1 27
347 25
112 30
97 4
339 1
114 6
398 19
59 16
90 28
54 6
286 14
353 16
483 28
393 15
28 27
328 4
41 6
280 28
491 12
152 25
112 1
31 21
103 9
405 8
68 26
438 25
67 14
232 25
493 32
372 4
98 7
251 14
76 2
494 14
109 9
246 25
113 4
81 27
68 17
259 15
146 16
340 17
337 15
113 5
399 16
52 8
386 14
338 1
35 31
230 27
179 20
215 15
455 32
5 3
484 11
9 26
162 24
194 22
271 18
30 21
494 1
368 23
438 17
192 28
239 5
467 21
396 9
59 15
328 12
77 24
30 1
145 16
137 26
393 31
347 31
279 12
59 14
219 13
407 26
320 13
330 30
266 22
171 4
280 14
239 20
161 5
292 21
16 12
346 24
186 25
34 28
32 21
166 6
441 8
11 8
68 29
102 21
122 12
157 21
269 7
108 30
219 27
438 30
179 32
494 16
328 11
384 27
323 21
313 31
120 31
227 15
219 12
372 12
451 28
240 15
478 7
352 13
98 30
282 8
425 31
195 20
6 2
314 8
126 14
295 17
153 13
136 7
52 3
211 14
238 18
72 31
1 8
263 26
417 21
77 1
23 23
296 28
201 1
60 14
87 10
275 27
226 30
313 13
268 19
278 29
177 21
71 29
476 6
478 32
82 22
84 12
28 19
336 4
340 11
406 2
100 16
368 9
441 28
453 12
55 14
64 19
282 2
111 30
171 4
1 32
345 29
60 4
315 19
452 2
493 25
283 16
240 30
268 20
34 12
387 8
5 6
22 26
435 8
247 14
71 20
209 3
184 24
490 30
366 13
4 6
1 2
301 12
140 12
419 25
491 29
112 15
458 25
133 9
116 31
202 10
126 2
304 1
382 17
159 3
438 30
457 2
151 29
382 30
177 12
462 31
309 21
162 10
57 22
362 12
24 7
61 6
29 32
310 2
213 4
8 14
333 12
291 32
73 28
125 17
324 19
415 16
363 28
249 20
73 11
295 5
377 20
98 25
275 15
166 3
79 30
488 19
193 31
98 17
302 15
365 1
13 16
108 7
59 9
498 28
171 25
228 3
204 9
156 30
435 21
317 9
198 16
276 27
286 13
7 8
299 12
416 27
3 24
38 5
232 27
44 18
383 31
152 30
299 15
416 30
332 28
246 21
239 1
271 25
98 26
316 8
353 7
59 31
106 4
267 29
334 3
442 17
433 2
154 8
104 9
317 19
152 10
316 15
139 22
267 24
67 6
483 19
164 1
125 10
488 20
310 2
54 20
242 22
197 31
421 4
464 1
87 11
3 30
357 21
339 31
228 2
408 10
28 16
251 5
45 14
396 30
263 13
105 32
286 5
251 31
305 6
147 31
32 9
292 9
141 14
215 8
91 11
78 3
398 28
123 18
269 30
295 24
318 32
239 11
404 21
13 12
406 8
450 10
308 5
178 13
75 24
168 1
366 5
283 27
276 9
56 9
274 27
280 15
454 22
46 29
211 2
269 4
69 18
53 25
459 30
29 9
474 24
49 23
441 12

