128
110 16
399 8
366 11
496 3
116 15
250 10
120 21
32 13
231 28
378 3
68 7
173 17
455 24
222 16
121 12
395 10
40 25
402 21
155 29
300 18
371 5
267 6
413 11
462 7
18 19
254 13
81 18
381 23
473 10
447 13
406 29
174 17
337 7
201 23
323 28
112 13
48 2
238 25
380 3
307 17
390 8
333 14
337 25
357 1
19 11
105 24
347 3
220 27
57 12
25 12
272 24
128 7
217 10
335 5
416 30
197 1
53 18
479 30
242 19
254 12
489 11
35 3
341 10
369 21
378 13
332 29
380 24
171 28
29 2
44 12
499 21
453 3
122 27
144 15
117 30
327 9
460 29
143 20
319 7
252 28
107 8
48 22
99 26
433 31
427 17
422 25
421 22
180 10
156 27
108 28
424 18
80 31
147 14
238 21
84 26
364 6
277 7
379 31
332 12
353 27
344 6
387 32
352 14
157 11
93 32
483 32
50 10
103 32
136 16
12 11
181 3
113 9
137 11
35 8
154 3
430 17
365 21
112 4
234 24
426 10
236 20
46 9
470 8
480 21
339 27
27 32
69 15
180 5
130 15
24 15
453 14
280 25
474 15
236 3
363 10
385 30
69 22
382 26
429 13
346 19
407 13
490 3
11 26
179 20
88 18
275 24
359 2
413 32
148 12
391 22
309 15
459 18
408 24
119 32
404 25
306 10
41 4
136 31
169 18
395 4
220 21
351 2
426 11
114 5
411 4
435 11
334 13
300 21
85 7
280 8
87 5
2 3
232 29
29 4
303 19
211 18
443 2
303 28
176 20
293 2
123 27
9 8
471 8
48 11
430 15
247 12
412 4
494 27
88 15
99 14
149 5
263 8
222 18
163 18
481 3
187 28
33 31
411 4
207 31
262 20
285 32
4 32
459 13
43 3
75 25
288 28
301 15
19 3
116 5
124 4
488 6
403 4
61 2
227 11
124 21
254 12
200 29
308 23
310 6
57 4
194 8
459 26
246 1
220 21
10 15
161 13
357 23
220 25
228 23
35 23
287 32
463 30
249 14
496 6
471 12
293 16
100 8
9 9
80 5
410 13
423 22
289 7
484 9
195 4
455 1
266 9
369 28
78 29
497 26
26 27
329 10
334 24
421 19
477 25
275 30
293 9
307 30
328 30
90 14
205 4
103 27
488 15
198 17
291 31
490 12
217 15
337 3
98 6
97 6
110 11
459 2
419 21
483 2
407 4
472 19
319 30
433 18
248 3
223 22
29 12
205 25
30 21
147 32
150 15
53 23
465 8
13 12
128 23
333 14
123 28
497 1
229 13
451 4
263 21
365 15
236 25
240 26
314 2
97 7
481 29
74 9
160 22
180 32
136 1
25 6
168 13
51 21
154 25
224 8
377 17
411 12
361 30
81 22
35 29
489 15
326 26
164 29
203 11
476 26
59 9
448 7
225 6
475 14
202 18
498 10
138 12
41 11
409 26
376 7
150 28
162 15
129 13
164 3
371 7
21 2
195 28
156 4
21 2
1 30
179 6
3 21
257 27
19 25
16 30
312 10
110 21
344 14
1 3
421 23
350 13
300 24
464 31
315 8
288 12
409 19
165 11
487 2
305 5
290 25
250 25
190 27
277 25
449 13
392 25
352 5
365 27
488 12
310 23
15 25
470 23
415 18
333 17
407 5
109 13
161 23
1 30
421 18
235 25
258 18
293 1
422 21
112 17
188 21
63 18
369 8
476 24
18 8
388 12
297 29
324 9
59 29
11 3
454 29
52 11
74 12
172 3
353 7
255 32
55 26
94 7
53 25
410 26
229 6
346 13
498 29
185 20
493 27
238 6
291 17
361 4
133 28
414 29
314 25
228 28
190 13
494 18
242 32
312 6
53 17
198 6
29 6
161 6
429 14
171 23
39 27
139 27
62 32
211 23
72 18
446 9
111 20
355 4
195 6
25 23
26 26
352 2
307 20
427 31
261 18
158 31
480 16
25 2
347 15
120 7
25 10
31 31
357 9
338 15
402 10
149 3
287 32
333 1
363 11
180 19
208 21
126 8
132 10
81 18
89 32
248 25
265 7
247 5
15 24
23 29
1 23
195 3
22 3
231 8
138 2
359 9
246 12
384 25
189 24
59 13
164 2
389 32
288 27
253 23
274 23
423 18
150 17
412 3
348 23
407 1
52 5
181 14
304 25
378 4
28 16
269 7
446 21
323 25
496 11
239 1
405 1
43 14
334 6
77 5
448 27
369 20
451 13
1 14
317 6
449 21
18 1
239 7
78 1
399 5
191 14
193 12
2 23
149 31

