256
103 3
35 29
243 6
419 26
149 31
61 29
176 3
258 25
296 12
161 25
243 12
127 30
97 22
120 13
262 14
402 28
180 16
388 7
465 2
164 9
41 8
286 8
127 31
332 18
402 16
75 1
8 1
246 32
346 2
472 32
275 13
323 31
12 19
229 16
220 4
440 20
319 29
475 21
119 26
71 5
150 17
369 5
197 2
464 6
331 15
353 18
11 32
264 22
238 20
349 5
235 28
217 1
365 19
202 19
201 28
355 22
268 27
210 28
41 29
209 31
459 6
328 5
237 31
342 22
82 30
282 8
329 18
73 17
393 30
176 17
397 26
146 4
309 31
479 17
27 31
219 5
100 31
305 8
489 2
13 15
187 23
90 23
144 30
208 12
435 11
332 19
468 1
346 24
331 20
476 25
363 23
45 22
93 5
150 17
198 26
3 4
308 21
251 24
106 2
43 13
396 31
223 15
351 21
491 30
244 14
94 26
12 19
272 24
191 13
389 29
434 7
124 22
335 26
249 13
387 15
185 6
165 23
349 12
179 27
253 19
8 30
232 12
484 27
327 7
275 11
267 13
458 2
154 12
320 14
436 22
44 16
340 9
379 16
428 17
230 28
331 17
25 15
108 9
65 31
387 16
1 17
400 26
246 29
102 13
158 29
123 5
9 30
261 19
353 32
147 22
219 6
170 20
392 2
456 28
416 10
147 8
198 6
226 11
154 7
360 11
419 26
216 15
295 28
17 3
16 4
80 22
493 29
329 28
230 4
191 29
329 2
265 6
439 6
321 9
20 8
255 14
13 2
217 23
298 29
453 25
248 16
250 8
132 23
475 10
66 26
358 7
207 10
124 1
463 28
89 26
475 28
272 3
17 4
293 26
424 17
330 32
480 32
115 12
362 10
325 15
107 26
25 29
156 1
309 18
92 6
304 31
93 19
405 29
266 26
275 21
498 8
416 10
35 27
89 28
472 9
175 6
298 31
94 5
199 30
423 27
151 2
61 3
4 25
56 9
218 22
161 28
137 17
193 4
459 25
419 14
249 9
211 2
144 20
351 6
409 29
336 20
202 24
6 17
65 21
177 2
242 21
497 7
117 1
402 15
25 8
208 25
265 14
171 24
425 1
453 18
145 29
393 26
184 26
402 4
311 2
382 24
118 2
282 27
123 7
161 27
355 5
272 31
138 14
230 19
462 18
248 10
470 8
303 2
389 12
105 15
485 10
455 2
68 4
188 14
271 5
188 25
421 27
447 26
252 12
324 21
209 15
22 11
62 32
388 23
231 16
353 23
182 11
169 5
395 20
142 25
56 25
345 32
492 7
386 27
318 5
160 14
132 13
56 9
209 3
495 23
287 4
358 12
358 6
420 28
381 1
472 17
241 4
264 12
106 9
327 27
62 22
301 1
370 32
237 14
151 8
221 21
283 18
256 24
455 15
244 15
87 7
123 7
383 15
59 20
91 25
263 4
74 23
196 15
270 13
373 24
368 1
208 30
22 11
141 8
341 8
162 7
451 21
106 25
227 32
172 25
104 26
321 5
200 32
119 6
300 15
445 31
287 9
168 32
319 17
135 12
44 29
290 6
285 31
178 19
114 10
179 21
339 7
245 19
367 12
212 18
206 20
37 9
160 12
152 15
12 15
194 20
287 11
401 27
82 23
433 7
132 23
116 2
462 20
360 4
223 11
197 25
431 5
125 26
437 8
272 12
414 1
207 32
300 24
270 21
390 6
131 13
17 22
194 26
106 2
157 8
328 17
460 10
86 32
200 6
212 11
173 29
140 16
177 23
191 22
375 20
352 5
304 24
251 13
345 4
402 13
387 26
205 11
487 18
134 6
163 17
361 8
322 28
419 10
142 29
295 28
392 26
20 15
365 26
191 1
329 9
413 8
322 10
118 4
259 27
50 18
300 26
313 25
113 15
322 6
191 32
121 26
466 32
128 10
114 2
243 22
114 23
213 11
476 14
447 27
285 24
360 20
257 4
408 5
402 13
474 28
344 10
377 5
437 28
491 2
25 25
196 7
91 20
425 15
442 31
153 10
70 20
161 6
183 8
46 8
296 19
231 31
316 23
152 5
314 18
154 14
430 29
180 24
461 5
438 18
179 14
479 25
453 23
426 23
410 8
422 17
194 32
47 22
462 18
114 7
395 31
317 12
468 8
196 12
452 9
33 15
427 23
379 23
1 4
366 10
479 11
318 5
143 8
34 32
266 19
231 28
265 27
188 12
394 11
363 14
367 19
476 9
257 2
24 21
213 13
370 16
27 23
216 1
403 13
125 24
99 7
31 15
253 26
299 2
452 17
343 23
260 10
315 12
227 30
477 16
78 30
131 1
385 18
477 19
298 1
306 28
159 28
462 7
258 4
409 25
477 23
379 24
273 14
455 11
383 3
438 21
129 24
417 21
117 21
151 6
346 16
13 28
347 11
267 32
290 11
313 2
129 7
353 1
88 28
104 31
90 5
431 30
313 7
434 5
91 24
47 16
243 11
292 18
89 14
193 3
436 9
496 24
252 29
21 3
360 4
309 21
16 19
371 4
437 4
461 20
240 19
167 2
269 14
423 18
367 4
236 18
324 23
70 27
283 2
266 10
65 30
295 12
165 17
112 9
468 24
332 15
430 31
41 6
308 3
407 7
430 10
32 18
77 1
32 19
42 9
353 6
371 27
38 23
163 1
339 30
220 27
189 1
21 29
198 4
191 29
58 5
98 2
78 6
42 1
385 4
406 21
41 16
235 26
14 25
78 4
378 17
226 2
149 22
294 23
278 29
303 3
309 24
276 22
278 6
346 22
253 31
250 17
230 24
223 19
232 4
299 5
449 20
27 5
122 4
295 3
360 13
437 32
201 9
257 2
234 11
491 22
57 32
130 23
75 16
233 6
152 31
118 8
407 16
48 28
168 7
130 19
143 2
47 23
482 7
24 23
257 14
52 26
253 18
452 3
385 24
336 20
67 18
339 9
449 7
352 20
285 1
495 31
250 25
474 12
343 13
150 16
11 14
265 7
87 24
294 31
251 17
211 5
286 13
141 3
491 16
54 31
176 28
54 18
88 19
361 19
227 30
234 25
415 10
204 9
65 9
324 15
181 26
336 27
286 32
53 25
172 18
403 31
6 20
476 1
38 12
227 5
198 20
1 20
309 28
465 29
256 4
392 29
25 31
255 2
258 19
290 13
264 17
480 17
204 27
214 10
143 4
6 16
104 10
155 20
414 31
489 9
462 28
457 30
162 27
500 23
369 25
200 17
37 15
253 13
485 18
482 15
462 3
22 13
196 1
328 17
499 16
482 1
399 30
298 4
1 29
331 5
142 30
205 30
60 22
418 20
127 31
375 28
89 32
152 13
424 8
97 31
499 22
87 2
220 28
161 12
237 31
292 14
20 5
55 7
454 21
327 32
427 29
20 20
448 3
4 28
206 28
350 1
382 24
454 5
23 6
172 11
457 31
136 32
459 3
259 28
367 1
196 9
137 23
12 24
441 27
11 3
467 12
351 8
147 4
448 22
121 27
428 13
433 24
405 28
106 19
7 16
99 18
468 15
120 20
170 1
346 25
59 4
392 5
11 7
416 22
208 16
280 27
317 9
50 9
308 11
87 26
182 13
220 18
271 19
333 32
251 18
324 21
194 28
421 32
106 32
14 29
76 5
299 12
209 9
316 16
59 14
34 13
290 21
446 20
91 2
203 26
307 11
354 8
94 7
56 7
314 29
363 21
417 25
484 14
213 19
345 20
404 6
68 25
130 29
104 1
290 31
266 16
185 7
300 14
97 31
476 19
127 22
3 27
350 7
20 15
489 5
390 25
242 1
437 4
469 29
296 26
199 29
57 3
383 32
12 16
414 3
94 24
176 8
287 5
286 26
291 7
374 20
371 8
488 15
191 16
51 14
417 5
46 18
483 12
33 22
111 15
332 28
42 15
4 24
236 17
338 6
415 15
410 21
178 13
444 32
57 14
353 5
95 22
150 25
382 7
275 28
333 6
48 26
317 27
406 8
191 3
429 2
157 6
94 7
439 25
54 15
383 19
171 25
360 9
109 9
355 31
85 3
193 28
264 25
386 13
412 32
467 12
385 32
382 23
458 4
367 11
166 21
121 4
429 5
8 30
73 26
124 17
400 32
140 24
176 1
388 23
453 19
279 1
478 20
167 23
331 6
149 8
134 30
35 7
454 23
304 14
404 31
35 12
95 10
23 22
51 6
209 11
116 15
43 9
498 2
231 24
243 32
175 32
353 9
290 30
103 9
35 15
224 9
14 6
447 28
291 29
149 7
55 25
189 17
357 22
158 32
365 24
171 11
480 27
100 29
32 18
66 2
412 13
191 25
458 29
164 12
189 21
451 31
77 7
191 13
177 1
224 9
452 10
432 15
268 7
404 27
436 17
421 24
461 7
124 14
99 4
369 27
452 11
381 4
458 7
16 14
123 28
378 31
485 9
209 9
43 24
255 7
284 31
30 4
137 13
13 7
144 10
373 7
52 25
326 5
28 26
346 6
285 8
428 25
384 17
225 31
304 4
461 16
358 2
35 7
346 4
81 30
281 14
436 32
410 14
45 5
307 22
291 27
465 14
211 13

