256
288 8
190 3
83 18
363 28
396 30
131 11
91 31
430 31
134 25
410 29
367 8
165 23
107 31
271 8
480 6
67 23
77 4
29 12
149 32
463 20
441 21
343 3
108 32
457 1
84 30
157 3
354 17
405 24
103 19
311 6
160 1
201 5
336 21
248 24
472 22
232 17
7 10
147 30
49 20
58 1
173 26
287 22
386 27
41 24
218 12
69 5
432 25
317 16
202 24
455 1
126 18
289 24
111 4
97 4
243 18
144 7
219 6
145 20
472 9
91 13
388 7
270 32
484 26
439 13
150 21
209 31
431 30
258 1
285 10
200 23
211 7
293 5
124 25
384 12
474 2
136 21
188 9
32 7
491 2
207 20
67 32
118 29
265 7
389 29
284 1
427 10
135 15
274 19
360 5
354 9
334 21
45 13
394 17
44 32
250 6
79 8
17 4
164 1
274 1
181 25
345 15
50 7
30 15
237 5
183 22
221 24
431 9
240 8
193 23
411 11
385 25
110 1
36 22
386 5
30 30
365 22
25 30
352 10
292 21
442 30
382 26
193 20
278 24
487 27
419 1
117 11
237 22
407 20
203 12
284 32
358 20
457 22
265 17
287 28
101 12
233 14
241 13
146 6
61 28
192 19
381 4
133 21
238 7
93 4
331 32
24 28
376 24
421 4
344 15
400 12
286 24
278 30
261 27
247 9
406 3
151 18
450 23
255 31
321 15
479 15
74 6
190 1
185 26
293 5
20 4
324 1
27 9
34 31
227 1
459 25
423 1
122 8
391 16
411 20
426 9
66 12
242 12
152 10
69 16
306 13
487 30
245 14
434 11
152 9
411 19
145 13
219 10
408 10
494 26
25 23
58 30
122 15
197 14
429 14
69 6
206 16
215 6
421 9
80 8
161 26
34 17
26 13
422 26
66 19
103 18
390 21
31 11
163 24
136 27
197 21
177 30
112 3
203 32
391 19
307 27
124 1
207 18
445 5
435 2
99 29
99 32
401 1
499 20
412 2
6 28
190 14
361 25
277 28
36 27
346 31
218 25
35 32
470 11
256 20
340 27
145 30
342 1
270 4
460 22
178 2
141 27
351 10
372 31
417 11
294 18
453 15
434 7
490 20
169 18
11 28
452 23
297 5
52 23
189 11
452 14
328 28
84 27
445 27
157 9
214 18
326 14
164 4
5 14
367 5
251 29
33 10
384 25
50 11
99 22
297 26
103 1
494 11
7 26
493 19
3 10
465 28
224 4
291 12
485 21
104 15
386 16
140 5
317 6
407 23
427 3
317 30
31 6
420 29
303 12
52 1
118 20
337 13
199 27
420 8
136 7
270 1
11 14
493 31
451 19
445 13
305 5
110 24
126 17
76 9
441 3
437 18
346 5
102 13
104 21
80 15
247 9
463 17
462 19
287 8
57 4
141 25
48 30
400 18
279 4
454 11
454 2
480 28
15 25
196 6
453 27
208 7
327 2
308 25
328 6
52 24
29 20
448 17
442 32
250 32
323 27
290 8
296 5
279 2
201 10
279 9
452 26
55 7
7 6
419 14
308 30
421 20
14 21
264 3
68 5
26 22
419 11
369 27
287 32
376 11
473 3
343 13
492 1
55 23
111 17
36 18
146 9
457 31
177 9
317 16
85 2
485 12
360 1
218 26
352 1
336 9
99 22
249 31
279 7
293 29
479 24
10 4
488 18
487 28
186 3
111 7
497 15
126 16
300 23
206 15
287 13
327 26
423 11
328 25
229 12
293 7
299 2
387 3
471 13
154 13
27 9
131 19
211 4
231 6
450 12
13 16
328 11
325 26
266 32
154 6
475 6
257 14
303 23
412 26
15 13
134 17
181 24
416 12
371 6
253 20
285 5
259 8
308 12
214 5
439 19
270 22
369 22
39 31
168 18
296 14
218 29
427 19
396 2
142 14
191 14
289 23
11 4
86 2
187 31
242 25
222 15
390 10
389 16
112 16
81 32
90 31
392 28
401 16
61 14
257 3
287 30
225 13
297 22
466 15
165 19
459 6
70 21
179 6
128 22
365 5
401 18
63 17
173 19
432 9
356 28
335 26
85 3
291 25
73 20
215 13
315 14
326 8
22 32
45 5
293 1
413 10
67 11
190 31
289 25
176 28
160 18
490 13
421 28
477 13
387 12
81 21
217 10
288 26
409 8
442 29
93 7
450 27
181 31
101 14
111 32
317 11
138 30
219 6
85 27
402 8
90 10
24 30
91 24
247 27
495 21
255 7
43 29
449 11
195 26
44 18
29 1
132 10
166 18
75 23
248 32
426 18
161 25
495 27
112 6
101 15
430 12
45 20
412 22
46 2
247 22
115 7
302 14
293 19
447 31
69 11
47 6
32 7
295 10
310 14
119 22
364 8
469 17
223 8
106 25
338 20
210 28
478 3
50 10
329 8
489 30
190 7
243 13
445 1
99 14
295 5
368 10
469 4
270 7
68 31
459 21
78 12
208 12
382 25
177 3
105 29
108 18
403 2
219 16
239 21
453 17
237 32
42 5
8 20
248 15
38 10
331 4
78 18
375 3
499 3
169 11
68 4
100 2
330 26
169 8
338 14
452 7
441 17
483 16
156 22
374 22
140 32
365 21
446 7
27 28
289 28
398 8
27 1
178 4
19 26
275 8
319 2
134 20
71 25
411 22
50 1
475 13
340 3
257 17
77 24
80 18
183 17
425 17
326 2
417 12
152 31
403 2
269 1
81 19
357 24
120 6
128 19
299 23
433 19
456 30
42 19
79 28
364 7
285 21
457 1
236 4
243 18
429 31
378 26
405 10
205 25
196 8
119 2
2 31
400 5
264 30
344 10
17 27
345 5
247 25
353 14
112 4
471 32
162 17
253 19
286 9
91 9
140 21
326 14
111 30
450 15
167 9
68 19
499 8
336 17
416 28
78 27
487 29
271 1
101 19
215 6
480 29
71 11
365 24
112 3
473 10
53 15
354 9
26 21
236 25
449 16
400 3
382 19
279 4
239 11
27 5
320 18
461 30
476 17
490 20
355 10
1 4
305 14
380 26
58 27
190 7
118 5
237 20
31 7
3 9
449 13
73 32
386 13
10 26
61 19
153 16
164 9
175 20
358 30
297 24
20 30
126 2
279 6
489 25
228 11
78 28
372 14
295 21
387 24
174 23
6 26
66 6
330 24
137 24
497 6
455 13
123 12
358 5
441 2
210 28
40 31
47 3
492 17
372 6
349 5
29 18
223 2
375 32
390 16
239 14
149 5
106 23
124 7
24 32
160 25
287 20
223 17
462 2
26 13
444 10
230 4
79 16
121 18
3 30
317 6
248 21
138 5
439 26
316 6
381 19
46 20
26 20
500 28
482 5
320 29
250 25
452 9
352 4
282 23
82 26
300 13
118 5
33 24
254 28
18 23
175 27
302 20
331 13
187 4
178 23
292 31
259 31
255 23
314 32
317 3
189 8
427 6
108 32
362 10
159 27
496 9
293 9
237 3
449 11
138 6
133 5
405 16
171 11
206 5
251 18
83 3
341 22
245 4
321 6
309 15
336 12
16 20
452 20
251 9
378 28
378 31
169 18
106 3
497 19
27 7
184 14
185 28
323 17
323 23
386 12
325 21
139 28
349 11
295 31
195 13
190 32
35 26
410 24
253 14
450 3
152 13
92 28
360 18
117 6
260 2
369 13
75 8
480 31
302 23
373 4
299 22
271 13
124 20
324 12
437 13
358 20
461 30
128 32
67 28
205 23
97 22
115 19
285 10
445 14
220 13
285 2
83 19
54 18
87 17
285 7
205 10
315 21
443 10
336 22
37 25
188 1
466 14
156 10
395 4
187 23
269 7
336 19
377 6
408 31
470 32
190 19
185 32
339 16
297 27
137 13
419 16
169 32
477 32
485 19
128 31
189 20
493 1
98 29
118 9
388 27
48 1
113 16
284 20
211 8
330 3
116 32
22 32
131 14
312 7
73 3
489 9
186 9
489 27
53 14
139 32
45 10
220 21
121 31
460 24
286 21
30 25
388 12
389 18
253 24
336 25
490 28
290 15
156 10
457 9
236 11
204 32
484 8
288 12
130 28
435 12
240 29
20 4
368 28
497 32
459 13
297 12
8 26
474 12
215 2
428 26
376 27
433 31
406 13
315 8
172 13
303 23
65 22
390 16
434 15
256 4
71 8
44 2
489 9
93 3
299 32
357 22
3 21
237 28
361 31
295 8
151 21
147 20
475 24
351 28
274 18
3 32
9 14
274 25
63 14
404 1
90 24
386 8
400 10
203 13
24 6
144 19
150 18
94 4
178 8
383 15
402 30
499 18
431 16
259 1
341 6
57 10
273 23
225 8
416 20
284 8
129 8
318 18
421 31
402 2
206 20
401 31
21 31
17 28
374 27
148 10
140 29
496 28
499 4
435 18
499 23
57 15
350 18
257 22
136 22
220 22
293 8
300 26
222 4
117 19
294 16
308 29
320 15
196 30
227 27
84 9
53 8
56 14
218 24
171 9
321 26
398 21
361 18
130 6
217 2
28 19
214 20
295 29
342 7
203 20
177 10
497 17
129 20
482 10
215 32
51 23
394 16
351 26
497 25
40 22
430 23
76 11

