256
381 19
135 1
40 4
170 14
36 3
195 27
342 32
454 17
28 28
463 22
231 27
237 22
268 25
30 10
210 18
412 14
252 26
82 23
61 8
236 24
394 10
147 11
201 16
219 13
175 29
10 10
280 18
335 15
46 1
377 3
442 4
48 21
333 30
335 26
381 14
193 14
204 3
360 32
143 19
336 29
111 13
74 6
294 5
289 7
477 13
445 22
304 25
462 12
474 20
233 26
69 22
479 24
116 30
28 10
120 3
427 31
60 12
472 13
112 24
396 20
128 28
209 19
36 18
271 9
317 3
214 6
132 8
361 16
86 20
209 21
455 31
287 6
487 23
70 26
222 5
390 18
9 22
132 20
120 2
405 12
109 30
173 28
366 14
191 11
125 4
155 23
386 18
444 12
52 14
174 21
182 19
474 18
364 10
86 15
211 2
271 15
311 11
263 4
180 21
126 25
204 13
235 26
74 11
313 5
44 10
397 9
252 31
267 4
328 32
302 18
341 12
209 31
219 11
179 14
127 16
406 23
436 21
272 25
319 20
133 22
422 22
290 25
252 24
492 27
407 14
468 23
217 12
102 15
350 24
37 21
83 2
159 3
82 26
379 20
13 24
317 10
393 7
311 32
162 30
74 21
447 5
19 4
69 32
302 6
251 14
246 30
132 4
56 5
185 26
317 10
445 1
187 29
91 21
332 5
3 21
377 29
446 3
316 10
367 18
283 25
307 9
154 14
136 21
3 9
143 11
222 31
155 4
128 18
257 23
54 11
364 14
411 5
176 7
174 18
196 28
363 22
40 32
440 16
429 22
200 3
464 9
361 10
32 28
67 4
447 16
250 30
401 21
322 13
387 15
470 18
154 8
83 14
52 10
221 28
19 20
402 30
44 30
304 7
454 2
215 12
342 24
413 14
124 10
170 6
80 24
443 1
27 30
278 6
103 10
261 6
121 30
307 24
128 10
239 21
332 9
332 29
268 8
118 12
329 4
253 8
483 8
344 25
425 22
439 11
323 31
500 28
65 19
459 24
268 17
124 7
1 11
475 25
254 13
12 2
84 20
193 10
311 16
426 31
361 32
114 4
267 25
479 27
271 17
374 7
486 29
341 26
7 16
310 24
260 21
193 11
437 1
112 3
272 21
186 21
253 11
168 19
115 22
349 14
434 30
128 7
422 32
461 32
135 18
187 10
443 15
292 15
467 7
329 30
440 18
222 16
368 9
210 31
386 14
72 4
483 31
442 4
370 10
183 13
24 25
454 2
303 10
196 21
148 32
6 11
242 4
130 13
320 27
443 10
452 22
377 18
268 22
41 18
424 23
346 27
295 19
264 21
396 11
365 12
186 27
482 27
154 16
388 9
6 18
30 18
400 30
243 27
280 24
156 19
358 9
1 29
152 8
453 23
426 26
442 27
244 24
38 17
91 29
221 16
458 11
405 21
360 4
376 27
135 27
341 8
236 25
348 31
308 21
137 17
322 23
344 1
206 1
313 20
9 9
243 10
135 4
27 27
499 14
133 1
284 2
328 11
18 12
257 26
180 30
410 13
324 21
269 1
189 29
176 17
465 22
367 24
417 25
446 31
146 6
251 13
255 7
152 1
106 32
302 17
153 3
137 16
20 9
208 12
337 3
257 9
153 23
104 17
219 17
188 20
183 14
496 29
368 23
413 5
407 22
257 19
481 17
239 16
1 18
59 29
33 23
342 13
493 5
457 27
50 12
278 12
286 14
20 13
272 5
126 26
202 6
293 18
479 15
33 15
180 28
168 20
462 17
248 31
157 29
165 10
52 7
437 1
420 29
342 23
93 31
73 26
52 29
328 26
99 12
361 10
155 20
490 25
388 29
423 24
293 15
102 1
233 22
33 8
346 14
195 18
192 15
436 16
335 23
125 21
326 17
210 9
364 27
449 7
140 23
499 16
309 32
128 26
489 17
45 7
238 31
476 10
209 3
377 23
25 1
327 27
338 9
35 21
291 3
156 26
57 26
214 29
457 25
110 13
205 23
131 7
97 11
76 2
221 8
200 6
156 3
300 25
119 2
46 13
168 9
191 28
410 16
440 26
96 14
310 17
408 25
447 24
251 6
309 15
177 17
68 20
91 19
177 29
200 26
321 23
126 15
294 3
414 10
252 6
487 1
310 26
205 12
397 27
129 10
426 29
418 29
488 12
212 28
420 3
237 16
482 22
103 11
452 28
360 19
25 10
116 22
239 12
293 20
127 17
193 16
429 22
396 29
173 27
284 8
370 13
183 23
438 21
125 26
153 21
92 17
330 31
67 1
231 7
56 17
484 16
408 4
61 11
32 5
262 24
176 3
40 2
481 5
199 25
366 7
441 10
379 11
220 29
191 18
156 30
306 27
197 1
402 17
220 30
193 17
453 32
463 24
281 11
468 23
251 26
329 16
347 20
314 10
356 4
16 19
101 29
1 13
90 11
257 9
392 17
493 28
168 11
187 16
453 14
427 23
191 3
246 9
166 31
103 6
414 14
236 2
494 5
366 7
343 10
243 22
422 7
429 9
245 3
389 5
120 31
400 23
273 1
347 23
408 17
164 1
122 19
39 8
487 16
50 5
378 29
414 19
231 10
240 20
308 20
172 28
146 19
238 18
272 16
60 19
89 3
351 30
326 21
177 12
145 19
345 30
371 10
172 17
304 11
280 31
390 28
38 15
78 11
157 1
415 8
27 27
143 6
64 32
470 29
335 30
319 27
339 29
141 11
493 24
273 17
54 19
428 16
401 25
422 1
354 20
125 12
190 19
461 6
290 11
346 28
396 16
155 3
56 27
449 24
90 1
24 7
87 19
290 20
308 16
248 5
399 28
244 17
342 1
342 31
487 23
459 18
54 17
468 17
111 32
360 28
489 16
398 19
186 24
266 13
251 26
357 9
237 1
237 3
157 14
413 11
468 27
376 9
335 16
129 21
111 1
348 15
224 18
378 17
433 7
106 15
360 14
183 21
414 16
379 14
349 23
212 1
14 20
337 28
283 2
497 17
158 32
196 17
441 1
493 25
271 30
259 7
412 30
283 25
361 17
247 9
155 30
377 24
249 18
220 19
383 4
128 20
263 3
124 20
451 4
428 9
66 19
55 13
480 9
357 28
349 11
252 32
265 13
375 25
194 10
248 16
13 15
319 16
401 6
331 19
409 14
127 10
148 10
154 15
222 27
170 11
465 14
278 13
402 32
94 23
98 17
374 22
419 8
89 15
485 7
225 21
233 27
219 20
384 20
359 22
234 12
28 19
301 9
131 18
308 4
148 17
268 13
219 18
64 11
208 32
282 32
293 6
283 19
393 30
86 27
123 20
483 18
222 31
306 4
485 2
428 24
370 27
153 24
233 24
451 12
468 20
224 12
245 6
474 17
23 3
444 22
82 18
295 27
208 1
359 32
66 6
176 19
332 28
227 12
99 13
208 10
260 3
29 24
288 18
344 10
265 19
307 10
64 6
1 20
406 3
167 7
496 10
109 7
373 3
447 24
363 10
389 14
288 22
329 19
271 13
236 27
163 27
233 3
200 9
202 5
295 8
427 18
62 3
320 22
222 10
109 20
123 14
410 30
119 6
336 9
114 12
276 17
318 8
355 5
444 8
473 26
275 19
379 32
137 2
326 26
168 2
146 30
135 15
52 17
496 11
494 6
162 29
238 27
480 8
347 19
499 7
364 29
273 22
313 14
143 18
119 2
423 20
304 2
170 27
162 22
93 11
127 27
479 16
437 10
159 20
84 5
306 7
133 19
40 29
340 19
434 6
196 1
74 19
118 27
205 19
112 18
490 10
256 4
305 32
278 15
327 9
471 13
160 20
63 11
252 30
233 30
63 17
246 28
279 31
83 16
345 6
133 14
136 12
154 8
79 31
255 30
143 9
390 22
384 8
353 12
57 29
173 7
217 6
107 16
336 25
479 20
234 31
366 13
350 19
13 20
449 11
185 23
47 26
245 15
377 13
418 5
385 2
52 22
63 14
301 10
198 3
429 3
93 30
356 10
164 4
221 32
338 14
407 32
331 3
18 8
451 7
492 23
376 23
492 14
404 16
187 9
422 20
88 18
409 27
307 1
162 24
388 11
285 22
86 11
148 24
174 6
390 30
137 6
412 8
407 24
420 10
120 9
209 11
355 13
1 21
393 2
40 13
12 16
426 22
291 26
53 12
23 10
333 27
59 29
287 2
264 26
411 19
398 7
442 28
439 2
117 32
456 28
464 15
184 13
268 6
166 16
141 5
114 26
199 8
422 1
341 9
394 19
419 28
221 24
247 12
6 7
195 29
223 22
279 14
250 15
83 8
70 3
456 23
252 10
59 17
491 7
209 4
354 20
27 18
43 22
437 4
192 7
360 30
140 11
23 30
389 29
157 22
32 16
493 27
265 11
308 3
153 4
343 10
347 5
432 2
346 24
289 22
499 5
303 26
139 30
379 7
282 27
484 25
146 8
96 3
230 31
369 3
270 11
388 25
284 7
358 9
39 30
18 29
146 17
26 16
498 13
310 7
291 18
444 17
325 19
51 11
293 23
289 18
334 24
382 17
199 3
97 29
237 23
125 2
139 14
18 20
406 7
118 1
176 25
485 17

