256
367 6
286 9
318 22
244 23
278 25
379 10
36 9
413 32
318 13
103 18
248 10
274 12
349 24
349 6
332 23
247 30
281 29
426 22
474 10
372 23
202 31
396 17
159 17
176 16
381 2
217 4
219 14
343 23
273 32
441 4
74 7
5 18
423 7
452 21
452 19
147 17
425 11
93 23
407 16
262 23
398 6
415 28
319 9
35 23
152 15
46 30
365 27
79 24
333 22
36 16
57 22
492 25
280 32
268 26
55 21
473 32
7 11
420 13
347 14
268 27
280 29
224 16
67 6
283 23
388 18
238 4
204 5
276 7
164 11
21 19
424 17
22 26
231 13
458 13
98 9
427 21
242 30
373 28
8 11
411 31
177 24
42 4
377 29
214 32
64 10
110 7
78 4
268 20
276 5
89 10
154 7
102 19
221 2
54 8
185 32
326 9
464 7
92 20
35 21
83 10
391 5
436 24
28 15
480 23
280 12
28 1
286 30
179 22
159 32
437 11
48 2
203 23
128 30
54 11
303 28
112 17
180 4
364 7
102 19
362 5
114 29
17 16
74 23
109 25
279 2
75 22
307 22
40 11
275 21
301 5
80 8
473 16
15 29
170 29
383 19
201 13
476 6
100 9
264 32
281 18
253 4
71 4
337 18
198 11
258 2
392 22
465 4
301 20
404 26
448 15
57 16
487 28
69 22
432 17
293 5
226 22
272 9
309 32
462 6
274 32
59 25
409 15
233 25
354 28
234 17
274 30
5 4
321 21
197 29
405 14
317 7
239 8
483 27
399 8
256 16
15 6
189 27
188 5
335 22
408 5
398 10
210 6
145 27
475 6
135 31
35 23
65 21
242 19
171 4
343 14
15 1
443 27
484 6
475 14
375 31
90 1
268 20
26 20
182 32
105 4
83 11
118 3
263 23
398 13
202 16
62 12
300 12
271 11
486 5
453 12
479 10
336 10
193 18
10 10
65 22
41 15
105 6
498 31
368 7
152 21
486 5
137 5
421 7
420 2
3 8
469 14
117 25
431 14
18 20
35 26
406 4
433 10
233 26
228 5
176 19
373 21
444 25
297 8
267 8
121 10
439 21
103 32
97 13
365 22
325 3
400 10
326 24
91 15
261 26
363 16
49 11
448 4
448 28
59 2
460 19
187 18
471 1
453 20
26 29
385 14
420 24
283 5
115 9
155 31
394 5
14 14
456 17
137 19
409 27
172 16
225 31
117 20
499 18
467 12
442 15
77 13
487 15
458 21
435 4
180 25
481 1
270 24
210 23
394 30
453 29
337 30
423 13
429 26
78 23
149 12
97 30
232 11
436 9
388 3
153 19
199 21
463 32
124 4
78 21
141 7
433 13
412 12
486 20
481 23
86 9
286 14
206 26
469 18
410 24
12 14
274 14
250 28
381 13
112 3
241 32
341 18
285 12
233 6
443 1
36 8
193 30
61 15
43 13
392 24
236 19
218 13
316 7
449 12
192 8
6 20
15 22
309 19
301 1
420 31
105 20
474 10
481 27
400 7
267 23
178 11
45 3
363 8
66 31
407 29
222 1
392 13
462 21
387 23
445 23
209 22
466 27
51 26
69 22
320 27
240 29
189 20
96 28
347 9
214 13
473 32
369 20
24 3
268 10
297 29
216 13
114 9
391 16
478 27
465 1
146 16
350 26
191 29
237 29
309 15
141 9
238 22
496 25
44 4
170 16
328 2
48 17
270 3
308 12
249 4
248 18
327 9
80 21
393 32
405 9
470 25
185 27
406 13
319 5
296 21
140 15
78 16
119 31
126 30
446 14
49 22
120 19
494 11
95 3
218 23
291 24
395 28
246 29
8 5
453 23
405 21
129 14
484 3
180 21
376 22
334 32
23 1
2 8
207 24
106 21
298 21
464 28
224 29
196 23
477 25
237 25
445 17
214 16
315 18
240 18
223 5
317 17
230 2
316 16
117 2
212 6
170 15
457 5
88 25
179 12
5 7
149 29
483 10
80 9
459 15
190 1
95 10
481 24
27 9
112 3
70 11
408 31
202 8
335 5
220 29
56 16
131 20
228 25
418 23
261 24
329 26
409 24
159 9
99 13
37 22
179 26
385 22
196 26
153 26
78 29
246 13
300 24
337 24
340 30
38 16
481 19
253 13
290 11
482 24
299 6
450 5
476 14
266 23
123 23
405 4
143 6
184 30
230 16
321 13
125 3
373 2
77 5
346 30
240 3
457 6
197 2
367 8
443 4
194 21
254 14
116 12
452 8
190 17
319 30
101 4
220 25
401 20
302 18
13 13
425 6
282 29
227 28
292 22
484 1
86 25
435 2
485 2
1 14
418 31
35 14
466 11
195 6
402 4
464 15
240 12
236 1
212 26
373 11
131 28
191 25
92 25
270 24
362 2
101 11
440 16
1 2
242 31
123 23
394 30
57 17
29 24
357 16
106 13
94 32
84 5
156 28
113 17
455 23
194 24
457 18
43 25
243 32
355 25
278 24
7 27
232 31
478 25
127 3
169 8
171 13
208 26
132 9
251 26
295 28
345 31
133 23
60 31
374 14
92 12
14 14
486 13
484 23
37 26
250 10
182 28
310 13
97 29
61 31
230 19
347 7
310 7
165 9
354 19
134 29
190 27
246 3
96 21
193 12
43 18
189 16
213 10
316 2
142 17
360 28
83 26
150 20
185 30
112 6
204 18
186 13
96 11
271 19
215 8
27 13
405 19
184 6
417 24
279 2
228 6
133 10
196 30
54 32
300 25
269 11
114 6
248 22
440 6
104 14
333 6
115 6
197 22
207 21
1 17
374 20
326 19
390 21
492 27
252 11
311 24
146 29
29 13
486 12
410 25
326 31
71 20
332 23
89 14
231 22
78 32
169 19
314 6
276 2
204 27
448 19
399 1
143 15
337 32
247 31
68 20
193 22
363 32
256 15
265 22
40 10
146 13
96 7
118 3
116 18
398 20
40 16
360 18
426 1
161 24
147 8
95 27
70 17
214 9
260 6
15 3
23 20
359 10
470 1
341 2
2 10
353 21
237 8
222 22
464 22
38 6
461 24
300 26
441 25
207 8
194 1
350 12
232 25
186 13
389 2
490 10
115 2
430 3
258 3
364 17
236 5
183 20
385 22
430 5
347 16
228 12
60 21
108 3
137 13
195 5
318 29
414 24
378 11
486 7
197 17
60 4
102 14
480 18
75 5
366 17
248 1
313 3
21 20
449 2
64 19
34 13
179 20
16 13
346 29
43 11
201 10
326 2
195 5
343 26
417 8
42 28
152 6
322 29
125 2
34 24
117 3
272 3
70 7
203 20
491 2
310 16
199 11
197 2
144 4
15 24
451 4
428 19
262 17
127 2
371 12
278 7
430 29
281 4
392 24
415 6
433 20
425 3
62 6
376 13
365 30
469 19
150 24
417 11
144 19
148 26
406 5
352 12
30 9
335 5
320 5
302 24
176 31
234 21
52 30
146 12
203 6
82 28
361 3
114 4
245 18
222 19
242 29
190 23
409 12
191 4
476 5
331 7
423 21
91 6
378 28
93 12
201 14
136 29
24 13
417 5
214 30
123 20
62 20
78 31
187 5
50 14
465 29
368 11
297 14
64 2
46 32
457 10
181 20
11 29
45 7
177 30
416 23
417 29
314 27
299 8
115 29
365 7
81 8
317 9
41 32
254 30
387 22
388 11
6 14
475 10
176 7
363 23
153 24
271 6
126 14
317 16
122 1
318 2
116 6
430 29
217 19
446 3
96 1
373 17
82 20
354 1
350 1
403 23
348 10
320 9
447 9
64 32
21 13
473 17
218 10
497 22
288 6
388 3
479 4
336 20
107 13
21 17
257 11
163 4
300 2
428 10
322 3
17 19
223 9
183 32
94 15
225 13
324 12
264 26
372 3
214 6
139 2
490 28
360 28
203 32
486 11
257 7
325 18
353 28
466 27
191 12
417 16
440 29
379 7
394 10
153 3
284 24
192 5
243 16
277 17
63 30
279 23
420 8
444 29
355 2
11 29
321 32
164 4
168 7
315 17
496 19
20 31
314 23
404 28
466 4
1 20
293 7
199 4
86 18
188 16
255 23
189 31
126 24
187 17
246 13
57 14
319 20
372 9
139 15
40 16
454 16
132 18
23 14
162 4
175 21
400 18
399 32
4 32
291 18
372 21
42 17
130 29
4 13
197 14
128 8
98 13
128 1
31 14
262 20
257 12
244 4
217 19
95 13
370 26
262 2
422 28
22 15
368 21
255 28
371 22
151 32
315 26
252 1
279 13
388 24
300 27
395 21
477 30
89 31
375 30
440 4
357 17
50 16
189 12
491 7
186 14
230 4
271 5
48 14
345 23
289 9
269 31
365 30
172 29
444 18
6 27
45 19
47 6
290 15
250 13
146 19
274 27
490 32
208 25
297 16
323 17
400 31
268 20
336 11
68 23
189 10
13 17
140 27
179 29
294 8
61 31
418 2
17 15
230 24
443 14
480 21
111 31
355 14
495 15
20 2
321 20
339 22
293 6
392 27
259 25
454 11
327 27
153 16
129 14
271 15
259 14
187 25
481 21
302 31
435 30
240 8
233 11
441 21
408 12
51 18
221 16
485 27

