256
101 24
292 13
233 26
56 22
167 21
369 11
139 28
110 11
450 7
174 10
253 15
180 28
266 28
438 3
308 15
479 32
339 22
13 7
304 4
121 6
284 17
108 22
148 10
453 13
460 6
103 24
304 30
467 29
173 24
239 17
227 18
240 13
191 28
135 22
376 15
316 23
300 11
81 11
140 13
396 3
362 14
14 5
131 13
85 4
88 32
136 10
393 3
378 23
331 9
77 30
471 8
364 22
314 32
69 6
180 24
404 29
313 2
205 15
250 2
98 17
113 5
151 17
312 16
439 6
244 19
199 15
258 22
188 12
210 4
377 1
219 24
430 31
197 30
326 6
127 31
283 31
360 17
447 11
164 22
164 24
252 18
326 2
127 9
433 28
121 29
77 7
88 26
74 13
195 19
82 22
25 8
264 20
500 3
258 24
300 13
275 31
486 20
264 5
464 12
300 8
4 28
127 28
85 20
80 12
302 25
305 22
81 20
414 24
482 7
447 13
444 29
36 17
172 11
393 12
347 21
423 30
272 1
145 5
100 32
340 25
89 16
431 25
63 24
452 25
14 31
381 17
471 16
238 11
67 22
334 17
174 8
114 26
157 7
6 28
186 13
361 30
340 3
294 30
486 6
2 23
496 27
160 30
298 9
164 4
378 29
480 8
253 2
53 13
204 30
220 13
402 28
15 5
74 32
346 23
257 24
410 8
82 21
422 27
169 13
447 26
82 18
301 14
19 1
298 26
262 1
463 7
301 17
107 26
488 13
285 21
4 30
200 21
466 1
315 14
58 13
31 23
39 8
176 17
388 29
483 6
193 17
16 25
477 23
219 16
279 3
412 6
400 32
218 17
84 8
202 13
497 4
131 19
267 6
295 19
482 13
8 31
425 3
371 29
349 9
69 27
295 16
464 10
91 25
262 15
417 23
167 21
399 30
299 5
307 9
23 5
222 14
19 18
257 25
251 9
330 27
288 12
298 3
22 25
284 15
267 28
302 1
464 32
434 22
364 1
206 27
233 19
120 7
425 24
491 19
185 32
197 4
148 22
222 1
86 1
7 20
56 20
489 11
7 18
132 23
14 30
461 22
116 24
348 20
308 27
418 16
362 18
315 5
460 24
381 21
393 20
101 20
195 29
171 26
214 30
276 32
491 32
325 11
167 17
498 6
67 4
317 4
381 7
289 28
19 13
237 23
56 25
62 7
129 8
156 2
238 15
421 32
166 22
334 4
474 8
158 16
99 30
319 31
457 27
319 3
276 11
89 7
447 2
433 23
438 12
120 15
370 25
402 7
490 24
71 19
419 20
354 9
405 20
495 21
131 1
39 22
423 15
88 13
481 9
147 26
312 27
92 14
159 21
68 32
80 30
462 10
69 19
366 2
338 25
186 20
377 13
225 4
55 5
20 11
185 19
304 32
285 11
29 31
92 1
90 11
290 15
373 15
69 6
184 6
98 5
226 23
445 2
126 12
114 9
238 18
163 26
498 7
492 30
241 3
178 2
458 28
84 2
326 16
67 25
410 5
229 15
343 14
288 20
377 22
316 14
403 23
359 24
277 11
482 2
285 19
199 26
126 19
423 23
286 2
311 23
210 12
181 32
417 21
223 17
74 14
258 16
368 5
80 1
319 29
366 27
219 4
197 29
198 15
499 24
312 2
30 21
201 19
424 5
31 6
113 16
184 18
431 23
338 6
399 4
274 24
111 17
180 19
41 17
277 31
212 17
348 22
461 12
304 25
368 14
30 4
289 17
202 27
468 11
285 30
399 2
482 13
402 17
19 30
241 31
481 9
235 28
398 20
80 5
432 23
238 9
279 14
378 16
448 1
370 8
414 8
142 19
480 27
259 18
485 4
497 21
156 31
496 9
278 23
105 29
374 30
22 8
71 31
483 18
95 16
454 28
324 3
255 11
489 17
5 21
364 13
141 31
83 25
423 29
415 19
421 28
72 30
291 26
340 25
216 26
477 5
294 32
115 4
306 3
412 6
280 8
162 32
146 29
112 13
457 7
299 17
166 15
171 5
68 10
81 19
148 5
303 25
60 29
340 14
224 15
379 23
378 5
478 28
137 14
296 25
116 6
173 21
20 23
89 28
205 22
222 4
78 5
496 30
293 23
207 32
437 29
370 27
329 12
394 1
289 29
261 12
486 2
36 22
128 25
445 24
294 30
387 7
190 22
212 3
68 14
350 17
59 24
23 11
271 32
56 27
456 4
314 29
453 5
150 29
473 2
264 10
112 15
341 1
236 20
487 16
174 5
12 12
260 10
470 30
153 1
440 4
45 29
400 9
305 18
429 30
495 25
395 18
47 23
259 10
491 21
437 12
433 24
395 20
333 12
73 9
241 8
444 17
320 12
133 5
97 30
254 15
106 8
49 28
87 19
285 9
255 30
240 32
373 10
231 22
201 4
394 1
19 10
77 15
385 10
315 17
123 20
275 28
67 31
83 25
185 27
229 24
292 20
127 13
305 9
74 18
12 31
150 23
8 3
73 28
140 23
76 18
306 11
193 4
229 3
377 26
493 29
353 21
277 7
153 13
39 2
290 27
44 16
285 8
370 21
147 29
447 15
474 20
277 26
475 1
440 19
270 24
308 10
68 32
304 12
16 31
297 10
245 13
449 9
96 10
89 22
30 7
316 19
490 28
168 16
301 7
315 22
390 18
396 10
57 15
29 28
41 2
81 5
18 29
17 1
50 9
354 11
195 26
285 8
317 8
148 17
410 26
391 12
287 6
461 27
336 9
266 1
166 27
365 23
79 18
147 29
190 13
263 9
226 4
420 26
351 7
363 25
232 17
264 10
242 24
212 9
416 26
305 10
28 14
116 10
255 23
290 24
467 13
32 8
452 16
85 26
370 11
414 22
51 21
323 16
104 3
369 12
216 1
101 15
46 20
52 12
182 30
448 12
246 3
191 25
282 20
498 8
222 4
457 25
292 27
64 4
165 32
415 24
161 3
474 14
286 30
210 32
219 29
467 4
339 30
364 17
285 13
476 14
476 20
130 8
414 14
15 11
181 25
162 13
499 8
399 16
13 20
103 31
468 26
250 14
431 29
130 7
325 21
424 25
92 26
420 22
451 10
288 19
66 1
324 28
436 26
199 12
181 26
382 28
75 11
305 9
95 7
71 16
95 2
72 3
399 7
44 1
128 23
332 17
131 19
108 31
228 22
366 24
459 20
407 1
82 27
389 5
349 23
448 28
305 27
482 19
213 21
256 16
207 7
236 1
93 11
255 4
500 9
227 15
72 13
343 25
47 24
181 8
394 16
191 6
350 32
105 10
48 12
105 30
298 24
442 10
182 29
209 2
169 7
344 32
123 30
244 25
121 21
64 3
256 2
416 14
277 32
19 20
379 16
429 28
315 15
417 9
419 17
382 15
115 25
178 9
114 5
406 11
197 1
453 29
427 20
410 3
240 32
379 30
403 7
146 22
177 30
418 31
391 7
33 5
375 26
94 20
483 15
74 23
319 10
131 17
246 28
300 17
320 10
454 10
484 7
143 5
217 28
459 19
358 16
463 32
405 4
72 7
406 17
66 1
23 16
173 24
88 4
456 7
149 21
332 29
212 15
349 32
386 3
386 12
2 8
179 27
256 30
145 29
247 30
89 9
110 14
240 25
85 7
307 30
455 14
70 22
316 26
297 6
76 6
149 14
234 27
188 25
77 8
353 7
246 18
295 19
407 14
107 15
80 9
76 14
254 5
404 18
266 24
475 26
86 7
123 11
449 14
159 25
345 23
403 26
156 13
148 6
82 22
405 13
18 32
399 20
329 30
45 2
57 27
139 18
141 1
312 1
126 30
170 3
185 24
264 28
269 8
254 30
369 22
215 27
341 5
214 25
470 18
319 22
276 21
20 12
422 3
60 3
153 5
221 21
301 1
28 1
100 17
474 4
142 8
410 27
4 11
355 13
380 13
203 7
482 10
126 23
52 30
153 12
266 30
40 30
210 16
338 5
200 28
332 6
351 6
176 15
364 18
383 12
55 29
102 32
158 4
290 18
265 14
265 2
315 29
448 8
76 29
36 11
448 20
320 27
461 15
209 8
377 3
419 31
28 5
318 5
452 19
246 8
400 19
449 11
19 8
294 26
385 30
220 28
49 20
334 9
386 30
184 2
485 3
248 32
327 29
400 14
375 26
197 15
8 29
45 26
245 10
471 9
19 22
312 23
433 26
427 11
39 15
136 23
65 12
238 23
300 26
372 23
135 24
153 30
268 29
19 24
386 9
140 13
234 4
323 7
301 2
189 19
212 28
66 32
59 31
370 15
144 25
237 10
12 9
271 3
437 29
143 10
333 26
78 3
437 25
85 25
2 25
428 9
300 21
340 27
499 29
273 11
153 13
272 4
101 27
146 25
387 32
62 28
422 24
138 22
392 6
447 9
198 26
105 17
70 24
411 32
208 19
62 8
43 30
227 19
80 16
383 14
12 13
185 9
436 6
494 19
247 12
219 8
17 11
145 18
322 3
6 21
90 27
240 20
252 6
127 15
337 17
149 4
157 5
484 32
359 10
418 21
121 12
401 26
162 21
75 23
451 28
11 12
351 6
24 14
67 6
285 32
362 25
455 19

