256
323 23
85 8
492 30
248 8
423 30
130 4
436 8
393 28
233 15
341 26
371 11
143 17
171 15
289 11
274 11
232 25
458 5
132 17
366 8
336 13
329 17
132 29
357 24
156 13
458 12
110 16
254 28
120 28
70 8
183 32
151 22
292 20
82 23
260 28
154 28
440 3
60 23
451 4
299 22
208 20
305 21
436 22
273 3
333 26
167 23
37 29
133 16
128 6
103 19
365 4
334 8
294 26
79 4
13 13
201 13
484 25
389 3
266 17
326 31
355 16
317 3
12 1
423 27
15 25
229 7
484 27
387 2
308 13
373 16
45 30
392 24
282 29
447 4
497 32
350 23
467 22
446 26
467 12
320 29
244 32
63 31
462 17
356 13
469 5
441 21
6 24
41 23
168 7
38 1
462 27
367 20
405 16
109 7
31 32
55 30
327 5
353 25
270 28
261 18
140 1
251 1
237 19
136 12
481 17
420 30
412 3
73 28
450 29
390 13
460 4
106 26
264 6
278 29
370 23
123 1
91 21
358 15
367 25
287 31
369 6
344 20
196 12
299 26
448 16
330 3
483 15
396 27
97 14
131 22
64 5
178 26
329 23
37 31
231 3
97 24
380 24
231 16
207 26
425 10
69 14
264 28
392 8
150 16
185 12
305 24
385 27
105 9
221 25
112 32
315 4
51 3
500 1
474 30
162 26
64 3
355 19
134 2
338 19
86 14
414 22
121 14
76 22
215 1
218 30
248 9
237 22
79 28
282 28
294 16
301 1
26 27
35 15
252 13
293 13
246 30
431 31
356 18
444 2
302 1
451 17
397 31
50 19
275 28
378 20
127 2
128 28
36 6
162 24
238 10
328 12
11 6
202 18
116 29
139 9
9 17
170 6
128 31
232 10
254 6
173 4
491 16
383 3
17 8
18 7
349 29
90 24
307 27
77 26
287 28
42 19
8 27
256 27
134 16
240 19
301 32
119 27
267 21
169 4
249 22
390 13
235 27
160 21
269 13
166 11
156 15
405 19
122 21
354 3
500 17
345 24
209 11
294 31
168 15
110 28
352 11
216 22
329 12
478 25
316 23
355 31
54 32
337 15
272 30
133 23
135 5
274 31
292 31
21 15
381 31
78 17
481 17
170 14
20 16
258 19
494 9
9 11
76 2
425 27
387 9
321 13
238 30
67 29
364 8
191 9
70 20
329 14
412 30
63 32
201 1
118 19
137 3
445 16
176 22
262 2
130 26
287 11
379 25
99 18
144 17
338 5
408 18
467 8
220 13
103 28
201 24
466 21
50 11
400 29
484 13
139 29
94 13
184 28
481 14
418 5
71 7
41 2
125 27
149 8
388 15
263 20
175 17
481 32
343 12
301 26
245 27
142 30
67 29
14 11
107 7
227 9
37 24
358 5
126 19
4 25
461 15
157 7
199 21
211 25
368 3
70 24
153 7
302 3
36 15
469 14
97 28
22 1
315 31
146 4
89 17
157 18
119 9
36 29
301 30
61 28
460 6
132 28
341 9
34 16
451 11
369 11
402 18
383 24
472 16
359 1
381 23
110 31
179 9
372 27
95 16
351 6
414 10
370 2
118 31
333 8
109 13
466 14
294 28
77 13
80 32
325 12
302 30
14 21
283 5
163 13
317 5
282 10
346 19
187 31
406 27
30 26
71 23
24 4
47 12
480 30
239 29
141 1
442 18
373 32
391 3
100 11
400 30
140 21
384 30
208 1
196 25
155 30
436 2
481 2
481 16
163 24
468 7
112 6
160 12
485 14
222 17
460 21
170 11
218 29
276 29
46 31
365 24
236 4
229 28
337 5
232 3
280 23
5 19
460 1
78 1
66 12
233 6
420 30
476 9
306 24
413 23
222 26
402 18
281 6
377 2
191 24
320 6
159 13
65 10
341 22
266 26
441 26
135 1
251 15
201 17
362 14
259 27
95 21
392 3
142 25
196 4
80 8
6 30
44 2
412 32
63 17
493 24
27 24
68 1
90 32
185 11
85 24
385 19
308 17
110 5
101 25
337 24
24 18
122 19
263 29
302 9
61 11
32 23
126 23
216 7
71 8
17 3
47 21
390 10
381 11
7 13
155 23
13 3
36 26
97 26
18 7
326 2
249 2
17 18
160 16
440 14
483 8
89 22
208 6
235 1
328 13
69 18
287 17
364 10
66 9
323 31
63 5
13 31
210 25
36 29
112 7
303 30
430 27
475 9
72 18
225 15
154 22
232 1
226 20
466 16
260 13
226 10
289 14
484 22
118 23
218 13
345 28
175 10
262 29
114 21
210 27
83 12
336 3
8 21
114 21
204 17
113 18
398 17
19 1
250 5
103 24
217 19
191 27
424 9
392 13
489 5
79 32
168 22
90 27
179 23
352 14
279 16
163 32
217 30
408 6
22 22
137 18
160 16
481 3
132 4
323 20
324 22
43 24
19 20
370 21
186 1
431 16
37 1
139 17
330 14
70 31
259 19
441 10
238 29
204 25
292 27
340 7
132 31
310 26
366 16
51 28
252 17
367 32
129 26
392 15
107 6
161 10
372 29
135 25
373 31
329 24
69 28
483 8
402 28
405 12
323 15
23 27
491 17
214 16
98 10
430 17
419 10
422 6
395 12
250 31
98 14
135 2
97 21
69 3
260 10
470 27
280 20
361 23
84 14
242 14
179 3
90 5
316 23
238 18
270 7
329 12
416 7
385 29
431 22
215 10
279 12
328 22
379 24
32 2
114 17
347 28
499 12
241 31
298 10
376 4
169 32
435 4
18 27
300 32
476 30
342 14
253 13
368 7
209 15
445 10
228 23
465 18
227 5
392 4
387 32
443 31
471 21
490 5
400 2
140 31
7 13
333 8
2 16
242 30
302 22
383 29
181 11
255 15
404 30
134 30
265 25
196 28
305 29
428 28
178 3
431 29
400 7
148 9
314 17
314 19
279 12
144 19
246 30
217 5
247 18
142 24
426 29
451 23
226 18
434 23
296 12
291 3
478 22
299 7
179 16
406 13
11 9
267 17
2 31
461 32
332 23
111 26
143 9
340 12
142 1
475 14
341 21
484 30
407 27
461 17
98 30
245 5
470 27
421 11
493 9
70 8
187 1
285 18
445 16
49 3
249 31
376 29
344 31
110 30
345 30
38 3
287 10
107 32
144 27
78 28
259 20
163 2
32 4
127 28
423 15
414 3
254 13
463 1
500 25
198 4
494 11
490 17
220 12
240 23
474 26
202 9
317 20
382 32
15 28
323 10
386 25
164 23
377 11
87 16
403 20
72 24
222 25
28 17
9 24
7 10
437 24
270 29
128 27
100 2
10 22
283 32
10 23
238 19
277 13
114 3
164 21
74 30
98 2
30 18
73 21
291 9
300 13
261 23
63 32
421 29
133 3
172 3
353 17
381 25
289 22
307 29
383 21
190 24
186 7
289 14
459 3
266 7
491 26
37 22
237 21
478 13
364 13
363 16
261 3
345 26
441 3
354 3
383 15
6 12
465 2
325 16
372 14
386 19
467 18
416 31
83 25
424 30
245 26
13 1
233 21
258 21
8 15
199 14
209 16
162 18
349 18
301 20
428 22
434 6
311 13
301 13
445 16
42 9
213 23
250 5
411 3
173 2
322 15
12 14
278 9
407 14
10 31
346 25
96 7
387 27
332 3
3 24
114 17
21 26
99 10
475 17
128 23
131 29
370 2
183 3
18 9
273 3
296 18
168 27
452 26
1 11
444 28
263 13
252 3
234 18
52 4
62 23
207 20
332 32
37 30
74 30
102 18
285 13
167 28
492 27
209 28
253 16
51 7
208 2
1 1
3 20
353 21
435 31
108 30
486 29
131 31
402 32
257 26
333 19
489 20
245 9
19 18
200 6
216 19
223 1
52 26
120 24
142 30
314 21
171 19
245 21
209 11
385 1
184 1
92 25
244 32
221 2
185 25
35 9
179 14
469 30
335 28
485 20
346 10
224 20
448 25
169 13
319 29
473 6
121 32
26 16
252 31
329 16
19 24
392 1
121 32
131 11
152 19
282 21
265 5
364 24
177 16
220 31
436 17
201 8
460 2
123 15
324 8
203 22
315 22
243 3
306 21
93 17
339 10
453 3
82 12
167 11
200 30
457 7
282 13
43 30
235 5
156 14
468 10
252 10
452 26
420 21
218 24
213 20
89 9
11 15
184 17
281 15
266 1
18 28
246 4
141 28
428 4
389 20
154 12
381 13
337 9
213 18
16 5
110 1
145 28
127 32
148 7
211 25
347 4
312 20
343 12
275 14
248 24
369 29
155 30
357 8
106 9
397 5
197 30
429 25
477 19
20 4
165 6
241 32
161 16
307 15
4 2
125 11
97 29
355 27
446 15
94 31
483 27
24 3
348 8
223 17
211 18
4 19
324 16
90 32
296 5
487 27
330 11
253 30
307 11
28 1
21 26
7 15
316 2
237 11
186 11
43 4
404 15
474 19
290 8
63 29
312 1
87 17
363 27
418 17
149 5
125 29
122 16
227 17
13 27
304 26
125 22
445 1
244 19
255 2
334 5
470 5
217 21
285 15
247 2
100 20
350 16
268 4
207 27
260 16
309 15
269 26
261 6
462 8

