256
224 13
482 6
231 1
14 19
451 15
232 6
120 18
471 3
207 12
423 11
257 10
38 30
119 6
449 11
213 22
18 24
486 11
401 25
123 18
455 13
272 14
34 32
115 32
34 2
224 32
376 12
177 6
73 11
15 17
417 3
170 6
219 8
137 23
224 27
237 10
36 8
67 25
251 22
425 9
59 4
92 2
331 17
199 23
415 18
276 16
144 13
469 14
452 5
333 19
68 13
408 7
428 19
23 27
360 23
167 30
446 10
203 8
378 6
31 21
467 6
328 10
102 24
176 6
253 28
432 28
428 20
274 27
166 32
237 13
95 23
294 16
13 8
168 26
249 22
386 3
355 17
177 12
361 4
213 5
211 9
136 6
188 1
48 1
408 21
229 22
39 22
246 11
369 29
145 10
462 18
184 12
447 24
475 11
415 8
271 25
36 14
466 11
18 30
75 13
150 23
131 28
176 8
443 8
492 11
365 21
320 29
472 30
260 22
424 15
337 22
151 12
303 5
446 16
334 32
449 19
26 31
374 1
158 20
301 9
106 25
305 26
213 28
395 9
73 31
351 14
216 29
485 23
321 15
42 2
154 2
488 4
272 2
84 5
381 12
281 19
401 9
468 25
212 2
289 21
384 23
398 20
140 26
322 20
164 15
466 22
57 9
201 16
18 28
461 31
372 1
89 12
178 28
236 13
121 5
377 29
163 2
308 14
360 25
466 3
195 23
44 23
87 16
431 9
232 27
207 19
483 23
374 4
406 1
253 14
133 17
234 32
107 25
153 14
225 14
192 24
252 8
22 3
183 20
147 2
46 17
16 9
351 17
392 24
350 28
133 22
329 15
481 31
111 2
252 24
455 27
107 19
30 28
397 25
284 31
478 29
247 14
209 21
234 17
204 15
300 16
269 24
54 25
414 5
86 1
352 9
460 10
247 29
437 15
405 20
37 15
401 27
376 21
231 25
265 26
44 17
121 12
44 7
412 30
43 30
474 6
390 25
55 32
126 19
130 10
415 26
412 23
300 19
127 2
100 16
315 19
308 3
306 7
461 1
160 19
418 2
100 3
270 6
294 15
349 15
425 31
440 16
281 27
327 31
120 14
2 22
272 13
221 29
364 1
497 23
388 27
360 11
73 18
493 31
376 9
493 24
307 21
340 27
375 10
197 11
295 7
280 22
211 24
494 6
33 14
449 12
256 20
258 5
141 6
399 5
294 15
168 20
379 3
242 18
228 7
452 2
489 27
439 31
435 8
125 11
274 1
238 29
84 11
61 25
449 3
93 30
54 24
46 20
323 31
389 6
77 32
424 17
275 30
468 13
146 20
27 27
16 12
299 7
462 24
27 6
170 27
4 11
435 21
359 13
39 3
158 24
439 25
384 29
443 23
421 28
442 31
358 29
414 12
260 31
367 2
137 29
109 8
463 15
244 5
151 14
68 12
101 10
389 13
70 27
335 14
122 13
140 11
437 21
338 12
279 25
186 23
445 10
110 27
188 25
228 18
339 7
497 11
4 1
423 21
419 26
414 16
238 13
222 14
457 16
74 19
116 7
206 28
404 7
466 7
372 21
132 6
191 20
148 10
217 7
118 15
180 31
27 5
287 24
294 11
159 11
34 14
125 7
185 32
257 31
322 12
47 29
337 14
433 1
135 5
259 21
135 6
339 17
58 30
113 27
72 15
218 5
249 22
47 5
74 24
287 27
283 22
348 20
127 8
456 25
280 26
69 30
3 32
427 8
385 23
262 4
13 7
265 1
173 19
398 18
466 8
140 13
221 3
220 31
470 19
312 21
92 4
367 10
139 1
357 31
183 18
183 27
449 11
308 21
461 1
218 7
240 17
379 5
400 18
11 29
328 26
322 15
54 4
216 32
184 8
419 26
393 1
264 17
251 15
165 7
479 10
341 23
443 31
383 14
168 29
414 19
419 27
265 20
126 24
367 1
255 17
26 24
237 14
192 27
64 13
50 11
238 14
465 16
109 27
225 28
443 7
475 13
225 15
36 31
423 19
11 5
39 25
176 20
30 4
466 1
224 15
339 5
405 11
197 9
1 17
344 28
59 18
156 24
57 8
338 7
446 20
7 28
440 7
463 17
254 29
266 25
443 28
493 7
407 17
415 11
110 19
202 24
76 14
155 4
253 4
314 14
396 21
385 3
207 24
156 4
128 5
140 30
228 24
473 6
173 19
245 10
145 22
153 9
7 16
56 23
3 22
308 10
394 13
85 4
392 32
115 23
216 2
292 3
237 24
429 1
3 25
42 15
322 11
71 17
354 3
439 12
200 11
458 1
143 2
396 26
485 10
256 4
115 3
142 3
15 14
464 5
94 13
15 20
403 10
96 16
64 10
316 3
336 17
59 10
166 6
215 18
167 18
201 25
221 26
335 15
264 30
251 13
7 5
476 1
202 3
17 25
309 12
379 32
456 29
474 13
94 12
122 16
10 18
392 18
15 3
316 18
376 18
191 10
182 30
143 4
89 27
352 13
194 23
244 1
19 21
121 21
257 10
224 30
267 12
347 5
194 14
263 13
431 21
303 20
470 1
199 18
307 19
158 32
133 10
352 27
322 12
467 30
417 19
195 15
158 9
315 11
406 9
271 20
381 13
152 15
221 30
112 7
252 30
230 24
375 5
239 4
404 1
126 4
247 28
206 16
65 5
254 26
301 17
10 10
301 21
236 10
362 23
400 2
468 22
201 26
62 11
390 10
144 31
489 30
186 31
146 30
67 7
72 15
127 5
252 20
93 15
301 10
186 12
271 25
181 4
347 27
410 16
412 25
102 16
147 7
446 4
37 16
42 28
83 1
40 22
448 24
173 16
289 10
299 12
362 28
383 20
426 28
147 25
49 16
236 11
239 22
338 27
45 23
86 3
399 21
165 10
108 29
93 12
398 20
307 7
75 5
171 4
333 29
188 21
269 3
279 3
308 12
133 29
346 18
35 25
194 23
442 17
387 27
400 24
130 19
395 28
247 25
407 23
85 26
163 1
72 9
211 20
260 31
436 22
264 14
202 21
21 15
461 23
29 1
43 22
419 13
65 9
353 15
448 25
268 10
142 4
255 28
71 6
399 6
323 10
327 8
471 23
371 3
106 31
495 28
261 21
436 5
282 12
148 29
76 27
190 29
106 24
273 20
162 19
33 24
184 12
64 26
58 22
141 15
36 31
162 8
252 17
325 17
236 32
113 32
90 18
232 24
450 20
371 7
26 4
150 2
467 29
215 16
498 23
391 6
194 8
33 9
1 25
329 20
32 5
251 18
446 15
169 31
338 19
209 8
146 3
425 4
71 3
488 17
198 18
306 15
281 2
187 17
399 15
369 18
159 23
255 8
453 11
351 7
314 11
6 19
417 22
423 12
272 10
260 17
491 17
211 19
106 21
256 12
263 8
286 21
94 32
377 3
315 3
189 8
137 22
438 26
327 16
245 2
473 32
419 19
272 17
438 1
230 9
233 8
316 10
265 13
261 25
159 19
219 23
54 7
96 20
112 22
55 4
372 28
63 10
342 18
122 19
63 31
471 31
343 10
16 3
251 16
451 5
203 21
460 28
227 7
451 27
477 18
398 20
33 1
341 26
498 22
357 4
313 7
58 27
317 9
465 7
53 23
179 27
287 6
214 5
45 5
407 9
22 29
72 2
469 24
131 14
373 7
82 1
18 19
43 30
416 23
104 20
125 14
278 23
272 3
480 32
359 26
188 28
42 3
137 18
22 24
32 6
458 17
283 11
103 1
160 30
184 11
41 4
249 30
423 12
161 22
335 7
139 18
103 5
484 31
394 13
358 21
250 20
389 24
142 8
209 6
65 16
268 22
403 8
423 13
35 19
78 29
306 17
94 28
101 1
146 10
433 16
123 31
171 3
66 32
206 14
465 15
17 21
376 16
452 22
96 15
85 30
59 2
94 25
149 2
433 22
39 6
1 9
48 7
24 25
187 21
239 11
203 3
87 6
26 27
228 14
377 4
351 19
405 24
291 1
341 4
402 3
89 27
392 12
277 23
452 7
199 10
318 14
297 16
331 30
294 14
499 18
73 21
457 21
496 15
233 4
470 11
67 26
241 18
397 5
76 9
184 18
390 29
27 30
256 18
64 22
267 6
71 16
115 11
20 6
126 25
446 11
91 16
357 7
321 9
51 8
453 22
373 3
234 24
84 30
109 27
391 7
413 25
418 27
340 26
136 29
394 9
263 20
444 11
18 24
76 4
11 4
154 24
74 11
135 6
80 23
8 26
469 32
283 19
446 22
176 26
290 29
366 24
256 26
23 9
425 22
44 16
329 5
23 31
288 21
264 23
103 3
189 7
43 3
309 28
148 4
125 9
256 23
340 15
152 2
339 32
163 3
67 16
431 21
246 22
449 17
437 19
483 29
474 21
299 18
217 22
118 5
86 21
331 29
88 10
491 26
262 21
160 24
348 3
121 17
160 21
305 4
472 20
72 1
164 30
226 24
371 7
221 16
420 23
233 31
237 11
136 10
431 20
177 3
90 13
75 13
218 20
49 9
19 16
485 14
46 26
414 32
257 2
224 28
36 28
238 24
382 17
121 4
224 2
442 25
298 25
266 15
248 22
55 18

