256
209 2
64 7
354 29
125 3
264 27
285 21
116 6
88 16
438 32
355 27
359 29
446 4
353 20
177 9
173 20
182 21
417 30
79 6
310 8
100 2
418 17
498 1
362 29
256 19
120 2
254 10
411 23
318 23
143 14
412 15
453 25
399 21
42 30
195 16
385 2
277 6
178 6
187 8
414 22
190 29
256 7
362 22
494 19
280 8
25 11
6 1
488 24
402 25
233 16
232 25
389 24
419 3
485 5
310 30
250 3
134 17
146 32
22 7
378 18
478 18
196 3
435 31
386 8
64 15
283 31
87 7
155 5
441 19
313 18
241 3
453 10
419 30
221 25
88 27
298 17
352 5
251 30
28 12
325 27
458 27
237 1
482 15
401 10
234 14
376 18
128 16
199 2
425 4
42 16
370 3
280 9
36 18
211 11
17 11
5 23
494 29
19 7
336 27
248 13
336 11
394 23
450 24
213 6
11 18
89 24
297 20
305 28
249 7
246 2
401 10
240 22
194 14
220 17
380 12
97 16
442 26
30 16
82 30
321 12
200 10
28 4
129 4
327 2
198 4
143 26
25 26
48 18
343 11
247 14
86 31
289 12
185 3
123 10
412 15
413 15
204 24
458 21
271 16
62 4
207 24
122 31
289 13
301 23
287 19
56 13
241 1
104 9
163 18
394 2
372 7
37 24
246 2
260 25
130 1
40 4
80 25
271 8
181 19
202 28
469 1
192 21
101 31
486 3
224 15
189 15
37 21
22 19
422 17
3 7
305 6
91 8
407 13
103 3
283 12
406 3
413 5
311 13
95 20
128 18
379 20
265 23
96 6
401 29
271 19
68 7
149 14
163 23
370 29
493 24
273 23
402 21
199 16
401 30
212 16
315 6
47 15
208 10
69 5
11 11
215 10
117 15
87 31
121 16
248 30
459 4
216 32
56 14
423 24
411 18
336 26
75 10
360 19
228 28
243 26
470 13
167 23
376 25
69 32
412 16
313 14
187 16
433 10
146 27
402 8
193 9
337 3
174 9
401 5
476 11
342 10
304 32
236 19
464 20
26 31
472 15
448 22
70 24
456 27
439 1
327 31
297 3
249 26
359 22
223 15
496 28
484 23
424 23
181 19
22 27
466 13
249 29
355 6
497 2
237 7
18 3
65 10
225 5
135 16
314 1
474 26
273 21
312 24
175 25
286 20
51 27
393 27
220 3
468 12
408 32
2 5
118 22
442 7
82 16
482 20
285 19
409 13
411 28
308 17
212 13
132 6
48 4
412 31
474 32
186 9
287 27
9 1
456 26
451 9
378 28
136 26
386 8
422 20
116 9
232 23
173 7
293 28
91 28
42 16
139 3
297 26
265 5
182 12
107 32
461 8
415 16
349 8
344 6
447 27
350 30
489 2
392 13
446 14
41 23
398 3
66 22
456 22
350 21
106 24
120 22
291 14
365 31
185 28
112 15
18 17
160 7
335 16
343 16
237 27
470 26
62 31
179 25
69 9
6 22
336 1
91 31
11 15
469 3
15 1
178 32
41 29
94 3
92 25
210 9
319 24
314 16
418 17
249 10
373 22
363 24
82 9
186 4
260 19
139 2
235 24
361 3
4 7
354 32
391 23
128 17
446 9
293 4
137 9
53 17
498 12
217 19
220 30
23 11
408 29
456 2
328 13
269 7
123 10
130 17
388 13
425 14
402 1
401 14
109 29
399 6
368 7
37 28
368 15
418 20
423 18
269 30
394 25
432 16
362 10
380 2
170 32
287 11
373 31
461 9
139 23
291 3
325 7
446 32
89 3
171 31
440 8
260 17
180 31
200 2
104 31
495 30
235 17
48 31
319 32
439 9
70 21
167 18
259 8
142 15
179 4
209 30
103 8
303 11
11 14
176 14
433 14
443 11
302 19
477 12
202 15
132 8
348 31
221 30
114 10
453 16
174 25
466 24
481 28
410 7
121 13
160 21
458 31
71 23
297 7
82 2
166 22
473 25
216 2
118 25
407 2
325 24
435 22
412 27
409 17
461 25
110 20
434 23
74 12
178 2
255 15
72 8
176 12
432 23
441 21
72 24
323 24
483 17
389 30
375 29
67 11
177 12
158 2
94 16
318 15
305 32
234 20
491 1
272 6
300 12
322 7
263 16
118 18
104 10
139 10
154 29
16 26
232 18
496 10
257 9
448 17
384 21
437 14
90 4
499 13
123 12
463 18
316 16
131 27
437 17
101 30
326 24
475 21
289 18
86 9
134 22
458 1
66 30
94 31
305 32
247 15
264 29
164 7
140 2
201 4
415 5
221 32
269 24
500 5
17 18
306 3
471 7
19 16
360 17
43 4
56 25
294 27
350 18
101 1
251 2
269 5
454 5
460 2
36 24
131 5
397 20
407 15
50 9
254 29
241 12
276 9
289 17
319 26
378 4
330 21
73 30
497 10
87 29
100 30
268 18
378 28
369 8
234 30
413 7
382 9
487 25
301 23
77 20
116 11
391 9
435 27
395 23
192 9
91 15
306 6
76 8
373 4
171 10
417 31
297 26
88 3
306 24
261 27
359 8
41 1
24 3
415 22
109 31
102 12
101 4
409 13
147 18
324 25
91 17
252 11
38 31
373 28
78 5
430 1
64 26
389 28
148 28
209 20
466 15
159 6
274 16
94 28
53 2
88 27
10 11
382 27
29 18
94 31
91 11
247 2
344 31
445 31
494 14
451 19
168 17
377 13
28 10
212 32
91 27
427 28
342 32
499 14
265 12
180 7
467 10
213 26
117 5
357 2
162 11
421 13
267 13
269 27
322 32
78 1
131 20
364 32
163 18
45 4
306 25
486 20
354 18
137 10
355 5
284 8
299 32
345 10
204 13
64 1
297 29
141 7
497 29
102 3
218 18
290 11
74 16
498 12
473 11
101 23
127 32
195 30
291 19
47 10
355 10
223 11
454 11
133 22
367 22
313 21
84 30
311 17
229 29
288 14
147 17
232 21
476 2
254 15
168 24
464 19
261 2
229 7
49 14
16 19
447 20
55 10
134 6
39 30
378 22
267 8
270 15
500 22
128 14
216 4
53 27
22 6
217 18
380 9
463 7
235 2
75 2
291 12
7 5
273 8
211 20
111 32
390 10
77 17
215 24
164 28
175 9
433 15
139 12
7 25
58 17
214 12
382 5
43 24
37 32
475 3
207 13
227 20
47 23
464 13
299 24
380 1
16 8
215 26
327 5
459 5
165 12
220 7
380 7
286 25
282 29
163 24
345 29
435 31
248 14
4 2
377 19
370 5
399 16
102 13
8 16
461 8
436 1
218 11
499 12
231 12
116 30
119 16
338 13
55 13
302 26
482 31
292 15
275 6
286 32
267 17
140 3
465 11
463 6
389 9
389 24
92 24
69 22
20 14
262 22
491 28
335 8
446 26
27 28
20 20
299 18
457 10
216 29
364 23
158 9
139 19
76 19
106 20
292 17
401 10
402 27
321 20
419 30
66 25
189 13
108 19
222 16
277 17
188 16
115 14
244 6
96 23
188 9
166 31
30 11
384 31
13 12
19 7
321 32
375 1
20 11
348 9
398 16
177 6
467 32
487 23
101 18
233 28
486 23
118 19
21 2
298 5
57 4
316 22
103 10
90 14
376 9
214 14
264 14
415 23
237 5
293 17
334 25
476 15
479 6
186 15
447 19
236 19
2 31
436 24
444 30
429 28
166 26
149 30
87 27
364 20
315 32
12 20
384 16
318 7
433 3
65 27
337 8
437 10
202 21
145 14
250 5
169 23
418 17
48 5
231 7
328 9
270 27
44 30
178 29
220 30
68 24
192 20
436 5
94 5
353 30
134 10
163 26
220 32
322 20
84 20
382 27
300 32
102 23
9 31
408 32
93 19
215 20
230 22
412 3
139 16
413 12
69 3
278 25
154 15
260 6
3 5
500 30
348 21
349 32
436 8
287 16
82 22
311 31
355 27
486 5
190 2
469 3
472 22
399 5
48 6
214 6
2 10
56 14
370 24
57 17
11 12
332 24
401 3
254 11
69 23
452 6
488 32
368 27
369 2
436 24
275 9
318 17
66 1
330 16
128 10
240 22
433 32
433 21
418 2
440 30
129 15
447 16
14 11
427 2
80 10
149 19
362 22
335 4
42 32
215 13
401 18
10 30
81 14
18 18
332 17
187 8
51 18
427 12
448 1
445 7
66 6
85 28
263 27
59 17
286 17
325 3
430 31
224 19
128 17
212 27
402 19
270 32
384 25
368 31
253 24
61 3
257 30
450 24
120 28
176 18
132 4
296 13
38 19
127 14
315 3
476 4
89 10
372 24
498 15
154 26
402 26
420 3
211 25
382 15
228 1
440 31
260 19
476 6
457 10
315 7
292 26
191 32
239 14
351 4
300 12
338 1
70 25
211 28
478 28
314 5
352 9
120 32
339 15
409 31
48 23
418 4
364 16
219 19
169 26
42 24
425 19
20 10
488 27
478 29
26 15
225 18
396 4
489 18
438 21
381 10
323 22
177 26
257 15
492 1
316 2
96 13
116 15
290 31
197 27
271 31
262 28
452 1
339 32
242 17
188 2
466 30
123 6
399 27
388 3
155 28
128 18
148 23
217 29

