256
48 3
44 20
468 24
136 27
397 27
135 24
137 8
117 3
291 18
332 24
407 15
92 9
191 16
416 30
342 6
473 26
396 21
433 19
8 20
281 28
478 23
431 10
435 20
104 25
277 11
108 23
229 23
275 19
475 26
429 8
495 5
409 6
269 13
456 4
260 5
180 13
3 18
406 25
361 1
366 9
296 1
319 4
376 30
295 30
487 7
221 22
475 6
427 4
470 19
371 18
471 6
22 17
364 20
114 28
288 27
213 31
7 3
311 18
328 25
435 23
31 20
352 9
285 6
100 10
12 19
39 14
224 25
159 15
340 8
163 31
306 15
414 28
257 32
46 17
32 28
455 22
487 18
418 7
435 10
81 15
192 11
280 19
31 26
354 14
265 12
53 2
242 10
234 10
41 11
286 32
462 32
485 21
397 18
423 8
123 11
130 22
474 17
229 24
51 10
430 11
449 18
237 14
299 10
391 3
100 17
114 25
120 22
213 1
351 8
200 2
490 29
287 7
441 31
171 23
448 4
158 28
81 14
437 15
215 32
69 10
208 18
78 31
131 15
195 13
278 6
306 7
74 5
82 15
311 12
357 11
351 6
6 3
111 15
161 9
474 1
194 29
114 20
7 24
414 26
428 23
447 18
309 1
30 10
91 24
141 19
450 3
165 8
273 11
454 21
304 3
217 5
459 6
120 25
129 25
370 1
427 17
142 12
393 7
125 31
362 10
281 32
460 9
471 17
72 28
221 7
350 26
75 28
471 3
476 28
431 6
8 10
14 13
445 6
171 9
388 16
38 20
195 30
465 21
82 16
440 18
466 13
91 32
300 10
86 28
13 29
121 32
226 22
20 26
391 30
90 30
73 20
149 28
329 13
284 30
352 32
415 17
364 26
209 20
271 18
291 7
14 15
154 19
248 17
260 30
66 14
471 26
181 11
109 17
84 5
270 19
320 28
456 15
41 20
198 23
161 16
445 19
102 2
117 1
474 17
190 31
78 24
381 30
131 13
470 26
233 27
352 20
274 15
87 11
174 4
477 7
476 30
65 17
371 29
278 17
57 15
87 10
479 7
447 9
456 20
174 4
6 13
92 4
36 26
446 29
165 14
99 16
195 27
69 10
344 18
466 4
164 8
90 6
371 20
102 2
304 15
217 21
4 28
440 23
337 5
303 18
159 22
141 29
416 1
122 7
406 31
215 18
491 24
415 21
191 5
38 18
495 26
155 14
414 30
92 10
331 23
103 21
148 28
45 27
156 23
174 14
457 12
335 27
43 21
159 13
469 4
431 12
154 5
17 19
30 29
20 4
355 23
52 30
422 9
64 13
115 25
342 19
328 24
370 6
129 28
455 5
428 17
116 29
321 9
351 22
93 10
62 23
344 17
300 17
61 11
46 23
156 23
98 7
415 23
353 27
346 31
195 17
43 15
57 3
295 27
64 27
277 17
37 4
442 4
89 26
254 18
29 17
372 26
392 22
444 4
384 1
254 15
266 16
241 30
362 19
81 9
125 29
106 29
180 27
200 20
400 13
253 4
214 13
257 21
114 12
52 18
193 25
76 30
304 28
483 25
202 19
293 26
271 26
190 15
148 21
70 8
45 7
179 30
151 8
214 20
339 9
261 31
421 4
192 8
3 23
92 12
89 1
233 24
486 26
162 14
14 7
385 15
257 31
20 31
350 30
171 25
54 23
71 7
119 19
402 25
289 14
29 17
230 9
440 7
387 13
52 16
36 8
162 32
499 10
51 12
471 17
240 12
355 27
350 1
277 32
298 21
97 30
145 26
290 13
244 8
37 20
280 12
231 21
216 1
326 10
281 4
42 16
172 32
34 1
73 22
476 26
226 12
399 15
249 28
159 5
68 19
288 27
119 18
139 10
451 13
155 31
464 12
454 31
443 24
360 11
149 31
236 23
407 26
301 15
378 31
351 25
5 10
143 15
360 1
160 14
97 10
392 29
361 25
47 32
36 26
318 29
93 14
115 3
391 23
357 28
225 4
64 5
197 6
204 8
339 11
217 19
381 32
347 9
157 10
44 8
151 18
80 27
119 22
445 5
460 14
481 32
213 20
265 29
102 24
317 32
34 25
374 22
345 1
7 17
466 6
396 12
115 28
415 21
21 3
94 29
364 26
368 32
469 32
337 6
303 1
361 25
389 23
454 17
307 12
437 32
214 25
443 8
308 17
413 4
68 22
12 3
283 28
359 27
215 31
173 18
51 5
58 23
119 23
24 17
175 8
252 20
144 27
67 19
403 23
483 30
188 22
253 26
77 3
221 12
157 21
161 31
277 6
497 20
432 28
376 30
184 20
345 3
174 12
130 24
94 12
398 14
309 22
251 18
112 27
381 24
67 25
178 8
462 10
443 25
398 30
351 9
297 7
259 30
458 32
398 20
55 11
185 12
296 7
453 23
110 25
378 16
77 3
223 14
80 17
282 17
187 28
261 31
179 4
305 20
463 18
391 14
348 7
233 27
214 21
253 15
221 30
350 29
36 21
186 11
441 15
296 19
451 20
462 13
279 14
116 26
319 7
111 26
285 31
12 26
83 4
320 31
393 6
303 32
446 4
98 30
158 5
217 28
153 2
440 15
147 8
376 13
266 14
334 26
384 25
48 30
108 27
472 28
240 22
483 25
465 4
275 11
325 7
434 1
372 14
259 22
281 23
186 2
324 7
95 16
67 14
25 26
213 9
229 8
122 15
341 23
142 23
413 26
309 6
442 4
219 9
401 7
391 26
396 2
160 3
273 30
336 30
103 24
146 11
352 3
393 32
57 10
10 25
500 18
167 29
201 17
197 13
88 3
242 31
153 5
177 21
478 17
74 24
264 23
262 7
190 26
10 18
39 27
67 6
40 9
35 32
321 7
44 16
170 17
95 14
185 15
450 22
487 20
445 7
446 14
217 3
63 19
85 10
449 31
343 25
87 17
80 31
312 4
19 1
408 29
6 9
87 15
458 10
182 11
176 12
460 28
114 31
174 2
328 27
52 22
111 6
251 10
249 30
313 19
394 1
83 11
17 25
57 6
446 27
228 17
366 8
217 19
414 26
381 13
364 20
114 6
274 8
368 30
277 28
492 2
104 30
272 4
94 5
446 24
67 25
364 4
212 20
466 5
174 10
217 1
482 19
215 23
46 22
480 31
465 3
196 13
248 12
40 21
148 25
232 14
158 20
497 17
27 6
346 20
160 6
89 13
96 27
99 18
88 22
168 32
252 15
472 23
330 28
191 9
348 23
42 5
370 6
226 16
204 11
300 27
336 24
207 8
394 9
425 1
438 8
384 21
306 12
39 16
219 21
464 26
3 14
423 20
247 20
324 30
422 7
16 13
214 30
392 15
230 12
291 3
259 14
207 9
381 1
52 31
326 15
17 32
224 23
404 15
290 23
124 7
53 4
23 26
65 7
76 7
82 22
313 5
391 32
109 28
116 4
74 21
378 18
473 14
84 8
128 17
306 7
139 26
94 10
475 11
76 26
305 1
267 25
53 17
488 17
132 24
172 6
248 6
351 32
207 31
299 14
11 4
436 6
313 30
311 15
40 30
40 24
246 22
312 3
167 8
311 18
107 7
207 10
236 14
130 30
196 16
127 26
384 30
355 16
295 13
187 2
254 6
177 8
236 9
2 2
492 28
403 14
146 10
155 13
371 32
26 2
64 20
271 3
418 26
346 12
494 16
46 16
462 6
99 17
414 32
450 29
263 4
206 29
165 1
345 3
496 19
452 15
374 31
209 23
404 3
3 29
438 16
144 7
325 2
447 3
45 8
347 28
100 9
420 24
265 32
3 8
486 30
23 24
380 7
150 19
137 16
180 27
403 27
473 20
269 24
170 29
167 20
324 10
420 15
234 4
211 28
148 32
41 2
407 21
252 5
55 17
60 22
315 19
261 11
394 13
410 27
45 1
282 1
46 10
315 11
89 29
218 24
425 31
257 19
31 1
387 25
101 11
23 27
465 31
53 2
163 7
124 19
391 9
427 16
310 2
419 31
470 32
486 26
98 15
225 16
455 3
417 31
113 23
469 9
221 29
286 31
335 5
441 9
370 4
365 31
313 19
281 2
122 19
28 16
213 8
199 15
418 7
73 23
405 5
459 17
265 9
211 4
357 32
28 26
223 4
257 7
26 21
20 8
7 3
367 7
354 21
237 20
384 1
154 24
53 8
469 6
60 23
121 29
34 20
494 24
40 14
346 13
139 6
212 9
468 10
216 18
347 4
297 26
465 14
73 9
265 25
390 5
72 22
241 5
10 22
417 1
336 26
465 6
479 1
322 7
310 29
472 8
193 28
89 5
69 18
229 29
54 27
157 25
128 1
286 25
335 26
389 26
463 6
347 18
86 12
444 15
409 15
255 9
182 23
461 18
208 25
434 18
159 15
90 3
191 7
127 5
76 20
46 19
73 28
36 30
264 27
404 16
245 2
476 18
353 4
379 32
476 16
173 15
106 27
125 13
489 11
173 1
470 15
307 22
314 22
51 17
172 31
100 24
464 23
45 24
10 11
228 22
438 8
324 24
14 20
44 3
402 20
419 28
138 21
413 12
270 4
28 25
122 28
60 1
202 24
253 12
378 16
253 27

