256
326 28
357 29
100 19
242 3
472 2
190 19
89 3
345 14
145 28
121 13
131 10
477 26
402 12
194 18
63 18
94 32
62 6
69 21
485 26
220 16
119 1
258 31
311 10
241 16
93 5
400 16
495 28
205 4
39 22
429 13
236 31
341 21
176 9
161 28
70 32
467 28
141 12
99 3
325 7
462 26
199 13
345 25
89 17
440 15
299 17
432 14
447 8
182 18
384 10
486 17
74 24
196 10
176 6
220 24
132 30
121 23
394 25
227 18
366 11
313 16
91 28
401 9
219 30
10 18
275 7
406 16
299 13
265 2
247 5
177 30
18 10
412 11
466 3
245 11
9 29
198 7
152 22
135 26
383 8
323 26
343 12
209 13
32 2
318 10
162 6
8 7
495 27
441 17
409 13
495 9
93 21
367 32
494 29
317 29
349 3
238 19
70 30
35 6
475 12
379 4
197 22
166 32
9 27
356 13
143 10
186 16
394 4
35 8
257 8
468 5
342 25
499 24
206 21
365 21
384 11
168 16
333 2
475 17
144 30
109 2
32 18
225 5
50 32
16 22
463 15
262 16
391 16
67 29
144 3
481 3
26 8
162 14
185 1
402 4
170 26
318 5
8 22
330 1
5 21
66 27
384 15
123 10
290 17
74 1
324 22
163 1
54 20
410 6
312 11
270 18
172 15
386 15
332 31
439 25
264 4
155 23
182 29
124 15
170 6
255 1
103 17
45 24
93 14
246 24
468 7
89 27
453 31
170 24
41 24
472 16
464 3
6 13
107 6
468 12
179 10
472 5
491 12
141 31
321 26
190 16
104 31
279 20
105 20
43 25
259 27
5 6
345 14
219 27
491 14
79 29
259 18
154 17
66 30
35 22
31 5
26 22
355 16
41 31
455 19
307 13
449 31
435 9
25 5
96 31
338 10
36 8
75 29
197 24
334 7
230 16
307 19
349 13
262 13
323 4
175 2
428 12
144 2
120 12
366 23
35 23
240 6
3 27
110 23
306 27
281 31
158 8
493 14
452 18
98 31
469 24
108 5
247 31
462 23
123 12
433 21
234 13
430 32
339 27
138 24
333 19
383 30
210 7
199 13
481 4
139 13
419 10
49 30
53 23
236 19
42 32
183 3
192 32
215 18
2 24
230 14
474 32
27 3
486 21
48 30
224 26
119 18
136 27
11 12
381 2
214 18
266 4
401 13
359 23
43 28
318 8
397 24
383 19
326 12
203 9
38 30
263 20
271 6
174 30
85 31
231 14
328 32
45 4
157 19
46 11
466 8
470 22
7 24
340 24
275 14
409 12
319 3
319 25
420 13
74 24
399 21
5 26
152 21
158 32
155 23
358 20
418 27
185 28
382 16
460 21
417 20
320 7
242 31
379 29
335 21
368 21
109 24
162 28
272 11
124 18
22 5
249 31
12 13
215 17
308 14
253 24
97 5
14 22
415 28
202 13
196 5
185 24
292 14
120 7
17 15
340 26
75 28
328 18
372 18
331 3
271 7
458 31
359 23
408 13
214 5
225 2
381 25
417 4
107 12
86 31
278 1
364 13
364 15
290 3
289 32
117 31
407 30
130 17
396 17
242 6
350 22
371 30
227 31
402 21
175 11
307 4
264 10
8 7
64 14
66 24
121 14
411 19
460 20
144 31
428 1
168 25
202 10
359 4
29 24
112 19
98 10
358 13
291 6
44 11
367 29
206 31
494 24
366 21
359 21
160 15
245 23
267 10
69 29
226 9
236 5
151 22
107 16
250 1
77 21
251 7
401 13
282 27
276 23
199 15
359 2
125 31
389 3
400 25
16 21
405 19
314 27
288 8
266 10
168 31
330 19
137 15
79 10
329 2
268 23
192 10
237 12
80 17
59 16
433 14
308 9
28 29
95 8
392 12
205 12
54 14
330 15
468 28
312 4
113 24
175 13
57 19
324 9
239 6
320 11
159 27
211 19
100 21
206 27
368 10
402 10
147 3
316 19
490 15
262 27
410 16
463 7
402 30
455 4
20 6
14 22
252 32
216 23
232 1
194 20
182 23
225 1
178 20
295 23
222 8
325 8
196 23
302 25
425 28
89 24
381 10
473 32
30 21
335 29
313 8
64 31
474 12
175 23
31 17
22 1
228 30
88 15
485 21
224 9
496 4
204 16
265 12
211 22
68 5
259 21
424 2
227 10
314 17
400 12
73 13
300 24
119 19
427 31
127 14
363 22
313 6
349 29
445 20
75 17
456 5
393 4
358 23
481 19
223 12
71 7
153 10
446 3
461 4
225 3
373 7
61 1
208 29
466 28
320 16
16 8
428 16
359 25
378 23
160 12
70 10
246 26
451 16
344 15
415 28
350 4
210 10
28 13
170 1
421 22
88 20
469 3
196 7
152 9
17 7
377 30
392 6
160 2
165 19
457 8
275 2
423 16
67 14
253 16
295 5
77 30
108 1
397 27
75 28
80 3
210 24
29 17
429 24
146 18
394 2
377 24
259 3
4 13
248 4
413 30
428 1
276 31
386 28
394 8
423 29
403 24
280 11
288 16
174 25
153 11
387 25
87 29
327 10
322 11
49 6
320 20
74 3
214 7
470 11
123 20
431 25
79 26
159 18
270 4
151 10
102 5
303 16
181 29
481 10
55 5
87 15
356 21
321 10
471 15
380 9
238 27
469 13
224 3
386 29
162 8
267 20
72 9
303 13
49 28
458 12
312 5
330 24
57 10
293 19
496 20
472 26
334 28
106 2
419 3
402 4
27 4
195 22
440 26
406 17
281 24
444 20
112 21
315 20
478 11
398 22
131 1
411 12
161 20
373 27
6 11
362 32
146 21
186 26
406 23
426 2
306 5
333 9
345 32
288 22
106 2
147 8
406 25
52 30
276 32
348 2
50 22
17 24
118 22
485 23
293 26
60 26
482 12
71 22
391 30
351 21
395 22
84 1
258 15
218 26
59 22
167 24
127 27
359 20
237 31
118 29
456 1
182 21
420 24
466 23
462 21
159 20
166 6
360 23
229 18
160 3
347 10
98 17
361 9
68 21
3 13
477 31
213 6
247 24
262 29
146 19
381 24
282 26
250 26
24 18
423 32
116 17
361 13
93 13
373 4
169 28
48 17
186 28
7 12
95 20
348 1
342 24
248 11
477 21
468 1
326 14
36 25
10 8
358 30
469 26
465 21
457 16
486 14
123 28
278 30
111 1
310 20
205 21
278 9
54 2
385 15
487 8
172 13
168 13
450 4
258 11
124 27
278 29
60 5
100 1
470 6
314 31
365 26
335 23
254 28
92 11
119 6
410 18
278 1
170 28
212 3
494 28
345 31
296 5
23 16
93 4
309 6
122 14
127 21
372 1
48 27
371 26
244 28
307 18
209 8
101 32
107 18
459 7
68 19
207 19
354 16
286 22
409 24
39 20
216 6
268 27
76 30
133 32
269 31
45 21
119 29
249 17
442 15
27 29
165 2
451 2
385 5
32 5
496 26
180 7
36 11
177 31
436 21
134 1
452 14
33 26
174 9
294 23
340 32
476 24
405 2
374 17
366 17
286 1
178 13
275 9
412 8
176 31
464 5
403 15
191 20
484 28
68 17
183 19
153 6
115 17
435 4
50 13
244 23
13 29
299 20
134 26
443 13
261 22
469 23
173 3
450 12
227 6
489 17
276 13
66 2
49 28
229 30
152 24
432 21
245 23
304 26
144 2
38 8
355 22
419 27
369 8
387 23
385 3
3 5
15 28
254 11
271 11
161 31
454 28
291 22
26 26
427 2
43 20
73 17
26 7
276 2
211 18
340 27
388 30
459 2
113 5
316 15
195 20
9 16
272 31
50 1
96 20
318 18
144 11
239 17
85 14
414 31
27 9
94 18
298 24
167 30
116 30
348 10
162 25
162 1
359 31
285 15
242 3
444 25
197 2
405 29
47 26
280 13
274 21
338 7
128 16
36 8
190 16
405 31
92 10
339 30
480 31
256 26
77 12
458 13
381 27
258 28
384 5
352 22
113 6
284 4
397 32
335 2
407 28
492 22
157 30
299 13
453 31
62 29
106 23
6 22
85 19
117 5
3 25
182 15
214 21
58 18
488 29
400 2
484 19
243 28
221 10
480 13
300 13
257 17
412 18
446 20
376 23
316 26
235 17
48 12
314 26
409 25
202 16
195 13
51 17
176 19
182 16
147 1
48 7
89 31
17 23
307 28
449 10
326 27
323 29
334 32
182 2
288 11
254 18
419 20
123 31
426 28
454 4
137 9
178 13
164 2
111 26
438 15
147 19
445 29
487 14
308 5
372 20
403 1
281 6
280 7
120 25
59 17
480 31
425 5
123 32
203 14
261 4
144 28
106 5
228 4
366 20
464 1
483 23
213 11
392 20
370 31
48 20
435 7
326 7
388 28
151 18
33 31
81 5
170 10
117 18
481 26
285 21
423 11
15 27
233 6
331 6
416 26
381 18
461 10
60 12
358 30
437 14
473 17
270 22
406 26
391 6
424 11
34 14
145 4
184 10
453 22
331 12
448 8
69 16
121 21
255 22
42 23
72 14
411 21
8 32
431 10
405 2
277 31
51 9
486 22
2 11
304 1
10 27
396 19
10 24

