256
142 25
157 28
164 26
30 19
69 24
333 7
461 8
348 32
465 17
373 18
467 4
209 12
221 14
373 3
283 3
483 32
211 27
299 22
384 32
416 20
428 4
82 24
327 17
71 8
237 19
157 27
398 18
87 30
139 23
77 21
370 3
49 20
49 15
306 16
27 17
88 6
173 29
193 31
302 19
142 14
57 31
445 26
16 15
275 14
193 23
427 30
261 23
346 21
25 27
445 19
75 8
356 31
404 20
450 17
14 3
447 10
241 7
227 16
125 26
114 25
204 32
83 9
218 8
477 26
282 1
497 12
304 4
307 12
104 8
116 29
198 26
39 11
156 9
250 20
118 23
301 18
254 3
138 11
366 22
417 11
387 17
354 30
468 32
101 11
267 5
188 17
130 14
107 30
342 20
417 24
71 29
133 32
155 2
351 8
87 15
166 13
383 8
367 18
31 19
421 14
183 4
114 21
37 24
450 6
279 2
189 21
139 5
229 29
294 31
17 29
197 22
205 11
405 19
280 4
38 24
85 28
363 14
88 11
269 1
481 15
107 13
100 1
342 24
93 23
258 1
367 2
143 28
236 19
346 7
482 19
271 6
307 25
115 30
384 23
283 20
134 1
384 9
189 17
264 29
64 21
242 26
178 20
57 1
430 3
131 28
137 5
181 3
386 20
189 1
382 31
336 15
415 19
451 31
148 22
87 11
438 24
344 31
63 25
379 17
155 6
108 15
114 12
86 7
435 18
471 9
300 26
35 14
229 14
20 16
403 6
438 13
286 29
307 8
385 10
192 15
251 3
182 24
439 15
67 13
392 5
245 15
47 12
256 11
469 7
2 27
84 19
415 9
423 18
421 4
463 8
50 9
115 15
428 25
497 30
481 28
235 26
282 1
357 5
407 29
15 4
251 23
198 30
23 4
91 15
131 9
259 25
117 1
411 16
481 4
390 29
499 16
38 9
256 26
169 26
274 24
421 13
486 18
42 12
441 24
303 28
388 17
252 16
137 26
399 9
273 12
281 28
467 27
404 10
268 16
87 10
107 31
66 20
328 31
100 5
442 26
340 21
314 19
184 26
308 2
270 9
426 6
204 8
220 7
466 20
30 20
381 29
263 18
228 2
404 15
358 5
80 5
377 17
343 28
46 3
345 11
231 10
365 14
366 16
392 3
275 9
86 31
409 8
452 21
438 31
167 15
403 11
196 27
343 10
190 5
40 19
203 22
8 31
407 13
355 22
407 17
423 5
136 3
192 31
171 21
294 26
128 32
436 23
327 30
212 16
18 12
254 17
225 30
491 4
338 29
133 25
178 23
89 29
238 8
251 16
261 24
245 32
444 12
62 18
162 21
137 11
228 3
103 1
4 10
288 9
142 28
437 19
475 29
335 12
9 10
119 1
333 4
360 24
99 21
397 24
397 10
143 9
424 29
281 11
190 12
119 12
487 20
354 25
136 13
24 20
478 31
468 22
210 19
438 16
99 22
420 16
367 10
324 10
158 32
68 12
375 7
383 17
446 20
26 9
128 13
429 21
395 16
415 12
223 24
264 9
37 3
20 12
448 15
397 17
2 9
156 24
355 18
89 8
478 18
232 5
14 12
62 9
408 4
364 30
31 15
6 7
13 30
26 28
72 7
417 26
239 8
301 29
314 25
244 31
206 19
99 8
339 28
480 26
339 3
79 25
174 28
140 2
461 17
498 5
87 10
458 5
189 14
269 10
351 4
496 16
191 11
127 21
106 6
126 5
153 4
165 26
139 28
215 24
321 24
484 3
329 25
436 18
402 8
223 12
420 3
12 2
165 18
490 18
448 3
66 32
170 19
129 4
238 19
259 26
111 22
169 11
34 4
160 20
11 23
391 22
453 26
243 5
392 12
90 3
50 12
290 19
90 26
231 11
316 17
237 22
231 1
217 20
212 28
403 14
110 6
356 10
47 26
30 10
182 4
128 19
127 13
302 12
38 28
394 18
372 26
131 18
238 7
70 29
223 12
23 20
117 14
98 16
327 11
101 12
98 5
91 28
497 4
143 23
127 29
92 10
370 14
452 16
421 1
260 23
344 22
178 29
363 7
124 10
254 4
49 31
156 19
279 25
234 1
391 20
161 22
210 19
407 25
194 23
385 13
173 4
439 23
188 5
329 11
490 14
239 3
285 22
381 7
398 11
39 28
326 4
473 27
434 20
399 23
410 11
283 23
11 5
137 14
374 9
213 23
47 7
105 3
344 14
449 10
452 15
381 21
38 22
16 7
85 2
301 18
49 32
428 27
156 20
460 13
381 32
244 19
122 28
461 2
185 29
207 32
247 15
265 29
292 4
459 12
45 32
74 17
195 5
3 2
269 19
231 21
134 18
427 24
25 27
73 22
499 3
197 1
69 9
381 21
444 32
440 17
451 29
433 29
218 12
198 26
250 12
486 15
457 20
342 10
2 30
43 4
396 19
96 17
404 1
177 7
168 4
187 30
481 24
466 2
407 23
35 32
147 8
242 31
135 20
436 8
53 6
487 17
421 14
265 20
262 5
22 13
260 17
250 8
180 3
141 10
434 3
445 28
398 22
34 4
473 2
19 26
151 21
326 31
291 10
394 16
86 12
333 21
476 6
289 3
1 5
92 2
308 20
365 17
425 22
441 18
71 31
275 30
168 20
144 22
245 14
213 10
157 1
378 20
331 26
490 15
299 1
116 6
468 12
14 28
81 10
493 24
265 23
77 28
70 16
93 6
313 21
495 21
54 13
304 28
242 29
66 4
225 25
349 16
12 31
288 4
168 24
447 16
399 15
215 24
299 27
486 27
316 12
432 5
56 23
252 30
232 9
189 16
349 10
352 4
252 11
155 15
270 2
203 16
180 9
340 14
428 5
441 19
156 24
463 8
310 22
361 1
234 5
349 30
438 16
145 21
190 7
312 27
456 2
183 24
282 18
317 13
198 13
155 5
480 21
416 18
34 16
182 7
177 2
52 2
81 4
7 10
51 26
433 18
331 15
345 4
488 14
25 21
418 15
389 30
148 5
391 13
432 32
152 8
306 23
74 18
103 32
360 5
249 32
362 19
258 31
394 13
368 6
281 5
301 25
238 24
325 16
332 17
404 23
216 17
390 1
298 8
72 29
348 24
300 1
454 9
267 32
5 10
469 21
475 25
158 16
68 10
44 20
442 15
234 18
359 23
150 32
318 18
165 9
97 24
226 19
225 8
250 21
330 22
218 32
339 23
15 30
60 14
157 26
356 27
363 26
365 28
222 15
289 22
199 22
201 32
436 13
268 25
6 25
106 11
400 28
449 6
202 32
324 10
361 15
100 3
97 21
439 2
147 11
407 25
112 3
121 7
236 32
435 17
336 13
315 15
336 27
352 1
122 7
395 19
58 14
409 30
310 19
27 4
426 21
5 29
243 21
288 6
364 2
218 11
114 16
137 22
146 12
486 4
367 32
102 8
78 10
133 15
209 3
47 26
91 15
22 13
27 25
311 22
383 8
292 8
116 24
297 1
119 19
380 21
366 25
112 31
343 32
34 31
402 32
36 24
334 13
177 16
366 23
453 32
70 4
95 21
375 4
298 29
26 25
182 7
362 13
38 20
389 19
458 14
206 9
486 31
49 10
250 26
204 18
13 29
149 32
162 15
499 7
71 24
339 28
266 16
397 3
255 21
429 20
130 6
56 7
376 17
480 17
18 15
30 3
160 22
490 29
404 4
483 15
363 1
78 24
373 18
487 19
462 15
43 8
253 2
58 24
202 30
105 28
424 10
306 23
164 31
459 3
134 21
393 28
466 27
327 6
296 13
168 18
432 30
53 16
160 6
311 17
351 15
136 15
401 9
413 24
235 24
482 8
164 11
67 1
197 22
318 16
410 30
101 29
399 25
376 26
115 19
123 1
305 22
443 25
199 20
120 5
227 10
357 22
180 15
371 24
168 28
367 6
25 8
122 20
324 14
333 30
388 23
255 32
65 13
249 11
404 8
399 10
173 27
224 4
30 22
79 13
133 2
478 10
117 20
137 8
301 9
230 32
276 4
379 12
32 23
306 16
199 4
417 15
311 24
427 8
437 13
240 30
302 6
431 22
21 3
210 25
387 3
360 10
274 22
205 21
69 10
92 11
66 29
193 12
352 11
419 1
124 6
210 5
79 4
195 3
410 24
123 16
194 18
162 31
72 14
123 20
228 23
110 5
75 22
224 6
273 2
66 24
3 3
24 18
118 22
384 11
325 15
175 6
340 20
336 7
405 23
402 24
173 23
128 31
17 11
376 13
344 10
36 19
420 31
132 18
129 23
268 1
225 22
175 5
481 10
327 10
468 5
369 12
295 29
442 7
199 14
99 19
463 22
241 2
45 8
123 9
238 15
329 3
36 15
231 13
365 17
106 24
489 22
176 16
322 13
446 25
286 9
63 16
382 15
334 18
26 4
302 19
402 3
429 22
337 27
306 9
68 23
385 32
236 4
43 30
380 5
430 10
237 32
117 10
498 10
44 3
110 21
489 31
179 10
300 8
76 21
68 15
219 16
403 23
215 29
216 3
285 9
464 13
340 4
139 21
382 18
211 27
230 11
353 29
468 13
276 24
461 19
390 12
147 20
486 21

