256
39 11
201 12
449 5
122 29
336 12
223 15
135 31
475 21
90 5
408 1
55 32
206 21
483 4
139 30
493 23
230 15
205 19
243 5
431 8
478 23
139 4
153 21
122 11
205 15
68 5
395 26
320 28
211 27
328 9
440 32
243 22
203 31
304 9
452 30
160 5
204 2
332 24
274 9
187 30
15 18
294 6
79 6
361 25
120 32
341 23
360 31
432 14
382 19
210 1
321 5
113 4
370 12
84 27
100 30
324 10
375 26
227 25
83 16
446 30
127 18
112 14
221 32
251 14
482 16
434 2
32 18
30 25
45 1
247 16
234 11
461 12
392 8
412 2
479 21
27 5
495 18
295 23
385 13
316 3
209 17
20 16
350 9
345 30
13 27
389 6
217 5
205 8
388 21
81 2
325 7
175 15
449 25
33 9
217 8
51 1
152 15
369 25
471 25
394 32
359 2
81 24
131 22
183 18
254 8
88 18
426 26
249 6
82 5
59 22
333 25
75 4
235 7
485 30
7 18
393 17
12 1
292 26
258 7
215 31
442 30
441 27
415 17
93 8
321 15
294 1
315 20
489 14
162 1
107 24
54 7
236 5
471 16
410 29
354 9
443 3
426 11
365 29
423 29
188 16
311 1
100 18
52 20
27 13
412 9
84 6
483 12
382 21
199 8
385 16
416 12
198 21
414 14
385 17
371 21
284 21
405 15
10 9
323 4
21 22
20 25
403 26
276 5
307 30
428 31
377 27
222 30
387 32
487 32
28 21
344 15
94 8
45 15
408 31
491 5
305 30
385 15
364 32
343 6
485 30
64 9
464 14
286 7
125 16
474 28
185 25
314 14
268 6
232 16
429 14
308 25
84 16
143 3
55 26
468 11
107 11
103 15
168 24
125 4
363 26
295 11
470 8
28 17
170 20
116 18
333 19
34 12
466 16
362 16
13 21
410 32
360 12
246 23
251 2
171 10
171 25
364 12
425 12
80 14
3 28
395 31
118 8
251 16
307 24
455 32
145 25
495 12
228 12
382 7
461 28
296 7
221 3
474 21
254 13
442 12
100 32
295 22
319 21
153 29
360 3
148 24
471 26
359 31
381 5
381 17
348 20
27 20
38 8
64 4
405 9
251 28
396 25
73 14
293 21
191 25
332 6
360 18
332 19
204 4
15 20
257 22
111 11
430 29
487 17
292 7
54 14
246 1
143 19
15 19
395 25
291 30
394 27
380 29
221 31
141 3
19 21
448 25
383 1
129 17
74 20
111 11
18 25
427 8
27 25
446 17
497 5
499 15
387 30
467 11
16 11
45 14
355 4
15 30
221 27
458 22
267 5
124 16
277 10
295 7
195 16
427 19
328 5
285 18
358 12
376 30
62 8
259 21
264 17
358 16
120 31
481 26
235 4
373 31
209 31
165 15
110 28
298 2
220 2
355 2
37 15
303 3
2 9
71 1
186 8
452 5
94 20
394 9
239 6
191 4
488 12
202 17
151 19
238 6
433 5
151 1
27 5
123 8
14 25
145 7
472 24
207 6
380 8
98 2
421 20
65 16
347 23
356 5
117 18
71 29
390 17
222 8
26 32
443 3
37 23
441 24
35 19
277 26
450 10
383 6
14 32
129 28
66 20
61 30
281 11
83 26
55 24
437 16
499 16
470 15
170 26
247 20
260 3
321 5
101 8
282 10
3 30
177 28
98 5
101 22
423 19
400 10
190 16
409 1
67 11
427 5
140 21
292 16
252 5
460 4
316 30
317 18
3 17
237 12
286 5
330 4
224 17
37 1
64 6
305 31
324 16
219 19
460 26
214 27
122 22
414 9
119 10
106 13
427 6
425 16
235 26
271 2
186 32
74 9
253 3
83 20
166 9
242 21
311 8
188 32
185 13
73 15
387 2
479 17
224 19
228 18
360 18
119 21
305 20
498 21
274 4
336 7
381 14
416 15
237 11
326 17
407 22
75 13
280 25
309 31
160 28
164 23
34 2
268 30
473 9
99 11
344 26
37 24
363 12
470 27
406 20
371 13
45 9
309 32
202 22
178 13
153 13
231 30
474 14
376 3
114 14
397 2
259 29
385 14
237 31
72 30
2 19
158 26
239 3
74 28
84 23
300 8
444 11
274 17
380 1
215 14
326 31
303 20
396 7
57 4
245 9
477 22
71 11
144 21
101 9
101 4
319 24
123 2
282 16
383 26
100 5
359 29
412 21
361 31
403 17
142 32
397 2
393 19
252 4
128 24
104 24
91 11
479 6
388 17
313 30
478 5
219 16
189 6
200 17
140 30
318 5
249 26
398 18
33 18
381 20
205 1
91 4
111 25
361 22
385 29
120 18
437 22
49 2
171 4
174 30
202 19
90 30
57 7
147 25
340 4
304 1
364 22
44 14
18 12
175 23
428 22
264 9
483 9
342 5
412 27
314 13
210 3
119 26
94 25
410 1
292 29
33 31
310 4
332 31
331 15
229 23
152 29
327 15
9 8
491 16
34 21
237 15
59 7
360 32
119 25
289 27
333 1
121 6
249 5
321 19
311 25
189 22
245 7
300 25
34 23
25 16
95 5
310 1
467 6
9 9
290 1
199 19
321 28
468 5
124 28
500 18
41 32
247 9
55 11
242 20
189 10
7 11
230 1
139 24
190 11
484 3
147 3
157 12
2 13
388 29
264 7
410 28
427 20
145 13
406 6
272 30
207 3
228 28
299 19
335 8
365 18
170 8
500 31
183 17
303 2
477 18
457 26
74 15
246 18
419 11
307 26
449 5
172 16
300 30
394 18
161 31
303 15
326 23
9 24
155 23
77 20
80 1
73 21
119 26
426 9
173 28
431 13
96 30
148 31
424 30
232 32
356 19
266 1
189 26
188 15
288 16
178 24
1 15
224 31
420 18
360 12
233 10
64 13
391 20
279 2
457 27
250 12
397 15
492 21
289 3
279 24
146 5
147 2
59 27
469 26
372 8
274 24
469 29
284 23
104 15
377 32
277 26
223 21
140 22
109 16
96 11
208 10
399 22
91 1
76 11
139 27
238 32
403 2
304 22
269 12
452 17
467 12
122 22
400 17
107 8
245 3
451 8
148 1
157 22
158 13
149 28
31 18
411 25
296 22
471 12
121 18
412 12
2 5
481 29
349 11
113 21
141 23
396 24
263 25
378 24
489 14
67 11
263 13
156 18
43 18
473 3
399 24
306 32
120 14
5 17
225 1
413 5
31 1
357 13
65 10
65 29
111 23
275 21
312 10
283 6
407 3
72 30
343 22
409 22
367 25
134 27
381 11
160 15
207 28
408 3
453 32
175 27
158 5
435 25
379 21
378 9
324 6
146 18
31 3
331 29
319 13
340 20
363 23
314 1
218 29
191 22
396 1
232 18
165 30
226 19
87 8
384 10
257 1
427 7
83 1
183 30
425 26
305 3
372 18
59 1
191 5
110 10
465 5
343 10
211 5
228 21
376 23
58 24
140 24
418 26
444 32
327 5
474 7
7 9
249 10
138 7
166 31
228 19
292 11
316 6
343 23
150 26
154 23
201 5
394 14
366 5
421 21
57 6
175 16
443 19
333 24
213 6
382 9
184 25
215 19
378 1
42 23
478 23
437 10
339 26
499 24
371 3
100 7
17 7
46 23
49 14
94 18
80 3
406 11
500 12
262 25
380 7
108 5
349 28
238 23
78 4
94 20
358 26
226 14
320 16
36 24
1 17
481 16
456 2
195 15
209 24
35 24
110 22
148 26
38 9
348 7
324 29
414 18
486 19
259 21
114 3
25 31
127 21
398 6
95 8
240 3
251 27
95 28
268 22
21 1
183 4
123 10
13 32
243 22
231 26
155 20
500 23
162 14
387 32
412 1
355 7
488 6
129 30
317 17
379 22
405 17
409 24
271 25
267 21
271 9
366 25
193 9
307 14
343 25
117 10
378 20
460 29
77 17
150 25
337 12
434 17
441 7
472 23
115 31
75 13
87 25
13 3
157 19
189 23
216 29
456 5
276 16
309 8
356 26
449 32
337 14
284 1
76 24
191 19
346 2
427 28
58 4
267 26
110 15
65 1
259 16
417 27
287 5
442 30
386 2
185 3
124 13
55 3
76 26
93 25
363 20
56 20
459 18
133 12
276 29
245 11
421 17
125 11
90 6
53 19
308 5
401 23
57 24
185 20
53 14
404 11
297 32
186 23
281 10
174 17
219 14
147 19
283 31
197 20
188 5
198 11
338 27
481 26
258 26
378 2
295 25
76 7
92 9
197 9
430 30
485 24
492 19
138 10
253 7
497 20
435 2
139 20
496 31
370 13
488 27
414 30
231 25
372 11
101 32
251 19
494 11
30 9
217 20
110 13
2 14
112 4
3 30
412 11
73 5
455 20
231 5
342 17
61 21
339 30
485 13
192 18
27 25
314 19
240 11
63 5
84 31
381 6
276 32
288 24
276 7
260 2
315 29
22 7
165 13
388 5
5 19
478 16
4 15
126 23
269 1
336 16
215 4
290 26
211 5
42 6
23 29
195 21
253 24
64 9
132 31
418 29
382 3
20 29
390 13
127 10
185 14
214 11
29 15
445 19
283 22
76 30
138 30
494 10
190 13
158 25
360 31

