256
75 20
179 12
294 15
55 28
402 23
217 14
100 1
128 7
451 13
57 32
42 25
115 3
467 30
357 28
385 12
383 8
63 2
75 5
460 17
480 17
435 20
486 10
20 26
148 18
62 8
109 19
476 31
137 6
309 2
493 5
249 12
4 12
141 30
20 28
59 15
165 21
398 10
83 21
115 14
90 8
286 22
482 21
477 15
55 17
464 27
329 28
274 1
375 18
262 22
366 12
96 26
17 5
383 31
113 6
180 30
377 1
104 7
78 8
181 16
364 4
178 12
207 16
376 6
217 10
327 14
161 31
315 21
119 10
127 28
399 31
285 27
475 12
189 20
319 21
35 10
364 13
78 23
368 1
4 28
442 22
370 31
456 16
131 23
437 6
158 7
120 10
314 2
34 2
146 8
75 24
238 14
244 7
212 31
119 31
399 17
249 4
367 8
155 1
482 12
310 15
278 9
433 19
23 14
297 32
21 11
199 6
12 27
424 28
257 19
142 19
307 14
274 17
298 9
21 19
372 23
418 5
259 26
444 9
19 12
152 27
314 31
149 13
497 12
400 17
318 2
260 32
283 25
148 4
165 1
211 20
351 24
37 21
181 16
446 23
423 5
441 16
299 17
264 27
365 4
400 26
409 15
158 19
395 9
475 8
177 13
95 31
164 19
340 20
314 17
246 28
233 26
175 24
127 7
178 7
454 29
24 14
439 25
404 18
338 22
393 10
414 19
393 5
322 28
124 7
220 1
75 32
407 13
483 5
39 9
375 28
89 10
205 16
79 9
213 4
190 25
133 32
295 21
32 16
460 28
455 27
376 25
483 22
481 17
314 24
477 4
363 30
86 28
297 16
380 13
135 1
317 31
172 15
144 4
79 3
211 21
486 26
117 24
220 17
284 9
468 1
73 27
382 26
250 10
377 25
390 27
49 26
129 25
316 12
128 6
79 26
482 12
275 6
383 2
47 10
379 30
482 23
196 7
164 13
392 24
277 5
402 30
486 10
250 6
154 17
399 4
418 5
499 28
330 17
390 32
250 8
242 4
422 21
446 13
86 26
124 6
118 21
391 28
406 24
109 19
368 11
142 17
91 4
181 25
224 10
148 14
189 21
57 14
30 26
194 11
191 29
328 17
45 19
116 14
210 12
9 18
434 22
66 5
494 14
297 13
167 20
394 7
37 10
464 18
156 13
32 22
177 11
358 25
281 17
23 7
48 7
272 18
384 25
358 21
287 18
150 29
153 27
160 13
197 23
106 8
484 25
401 12
52 3
233 32
83 11
174 15
489 29
464 12
338 21
453 28
30 2
280 10
348 27
223 32
62 20
99 21
169 4
56 16
110 4
403 24
246 21
174 30
225 5
458 6
13 10
389 30
215 25
76 6
107 30
310 4
329 12
416 29
111 24
68 20
463 27
264 9
251 17
294 31
426 15
241 14
364 5
184 2
149 19
344 16
408 13
127 32
264 11
85 7
218 8
94 28
474 5
240 16
146 10
51 11
488 19
212 16
271 3
133 20
5 24
27 4
332 21
500 28
47 32
322 32
87 27
296 9
476 31
488 21
272 6
395 32
32 22
463 15
205 31
74 13
275 4
325 26
104 20
405 23
407 22
266 25
345 17
257 16
448 25
292 23
134 2
182 22
495 4
320 15
443 5
112 25
344 12
174 31
111 7
449 17
156 11
213 12
479 10
171 10
66 30
349 31
351 22
68 22
26 23
248 28
131 31
36 2
498 5
125 8
491 21
328 7
491 1
498 26
362 13
247 11
334 3
181 9
125 29
382 18
135 1
469 14
192 32
443 9
64 15
149 15
344 8
405 2
368 6
155 17
274 30
211 28
496 4
144 24
140 1
473 18
357 21
243 32
296 14
441 24
456 25
118 31
268 26
133 8
275 27
216 17
40 19
8 24
170 15
359 21
27 24
434 15
124 5
135 32
66 23
483 13
219 28
320 14
121 12
121 19
90 13
295 30
467 14
369 20
304 3
444 10
410 13
417 6
257 7
157 2
329 27
343 11
90 26
384 10
317 13
456 10
45 31
387 23
256 27
498 8
334 17
241 23
373 9
480 14
411 32
303 11
126 29
489 15
158 13
276 26
229 20
232 17
186 10
135 29
77 16
352 2
128 21
4 28
453 20
129 12
323 24
454 13
428 11
163 10
167 19
263 15
374 6
167 23
316 5
203 20
136 23
5 19
203 12
114 7
195 23
18 18
378 8
466 1
118 24
94 8
122 13
178 15
54 20
257 1
348 24
464 11
70 8
449 24
328 10
426 18
8 16
391 13
119 32
42 8
40 23
19 1
195 4
8 21
243 20
321 14
427 9
276 24
104 20
267 3
489 13
157 29
340 23
381 18
107 22
45 14
409 7
306 15
110 29
55 32
281 24
145 27
12 4
203 15
347 1
250 19
365 6
183 8
304 24
365 18
189 17
407 25
323 13
404 32
229 10
487 25
333 11
216 32
254 6
163 4
442 32
139 19
169 5
214 32
236 19
86 9
339 16
373 26
408 8
445 5
234 24
497 18
266 16
114 16
185 32
471 27
39 9
137 3
282 6
382 9
280 19
293 27
311 18
280 30
293 12
206 10
359 31
296 5
118 13
496 3
388 6
281 10
427 9
336 28
118 13
76 6
36 21
368 2
34 19
267 30
426 1
56 1
379 3
261 12
463 24
2 26
73 10
479 11
402 14
206 32
30 10
121 25
2 4
114 3
190 25
64 19
205 7
251 23
321 23
282 23
118 16
336 11
269 18
189 11
127 27
394 25
380 14
425 1
205 11
119 6
419 2
360 27
301 11
409 17
473 18
108 15
325 23
281 26
109 13
468 7
419 13
95 10
226 16
382 10
410 12
27 28
182 6
154 22
200 6
158 17
103 13
115 24
412 23
225 12
419 20
106 10
52 17
339 25
72 29
262 25
72 16
12 21
25 9
290 5
430 16
249 4
64 19
311 31
461 11
346 11
78 28
216 29
4 7
109 11
127 22
111 10
9 22
155 26
490 8
462 11
243 18
302 19
276 9
485 12
351 27
114 17
134 10
409 1
88 2
267 18
387 13
467 28
350 25
281 31
417 18
109 23
155 22
169 6
226 26
165 17
336 6
357 9
311 13
161 30
134 19
315 5
155 10
120 32
254 20
194 2
345 6
385 7
415 1
428 25
410 28
421 13
73 9
417 16
245 29
485 3
355 28
251 13
433 6
364 6
473 9
60 29
210 32
167 9
348 14
117 26
241 9
354 9
17 27
48 5
199 5
139 6
184 13
414 4
462 30
5 10
186 16
454 20
359 8
224 15
269 28
316 29
80 13
174 20
143 29
356 30
457 31
99 32
439 20
459 29
141 12
38 23
231 12
278 10
315 5
500 8
192 31
444 3
187 9
218 18
190 13
23 6
271 17
490 22
484 8
462 21
115 23
7 14
342 20
287 21
136 14
444 23
452 31
301 22
4 14
319 13
442 21
42 5
313 23
126 9
183 11
125 17
437 7
142 3
266 20
139 17
65 18
79 12
320 31
6 23
248 8
219 5
369 21
105 1
347 2
181 9
168 5
326 13
287 23
87 4
99 5
304 11
10 26
31 5
112 24
4 3
415 30
400 27
38 16
168 29
86 4
413 29
357 30
209 19
409 23
47 31
223 10
21 16
84 31
413 27
290 16
406 21
193 5
339 31
160 10
467 5
58 31
350 22
321 10
408 17
57 30
87 27
8 23
215 11
362 31
489 11
246 2
207 26
198 14
372 26
255 18
306 4
217 31
77 13
417 1
469 9
290 11
455 5
365 13
91 22
147 20
229 24
473 31
34 27
184 9
84 3
243 17
102 11
396 31
51 24
367 19
136 28
425 2
157 29
259 15
15 25
178 19
1 23
381 2
25 29
290 4
207 4
348 4
46 3
190 4
406 32
114 25
64 18
335 28
179 9
318 1
201 12
139 17
498 3
438 18
287 28
333 29
315 8
153 13
275 2
308 4
250 6
277 29
163 23
236 5
55 1
385 31
252 23
308 13
394 1
474 24
176 18
173 27
338 21
203 4
370 22
347 23
135 3
135 18
233 10
138 23
127 27
394 22
249 5
479 10
297 32
174 1
110 22
463 11
374 1
262 31
26 20
214 17
231 8
310 15
422 23
454 28
173 27
425 2
47 19
415 3
207 12
19 4
137 29
114 10
349 27
105 19
334 30
239 4
221 4
231 22
346 24
41 11
382 2
292 16
220 22
474 6
498 21
93 2
325 22
496 14
284 20
400 30
473 2
33 21
37 19
335 30
150 27
104 27
192 19
310 16
305 28
393 10
128 30
435 32
395 22
329 3
381 12
296 25
217 32
398 17
147 24
487 28
458 22
179 14
189 32
117 17
475 17
294 10
346 4
110 1
10 22
271 2
18 2
447 14
449 8
191 19
427 13
243 16
470 5
237 10
112 25
150 31
214 19
392 23
375 17
355 16
291 25
329 8
394 11
245 27
470 19
141 16
315 27
484 1
155 28
442 3
277 4
57 30
90 8
252 12
301 11
51 31
83 12
102 29
6 26
375 8
133 3
75 11
398 22
83 28
130 21
22 6
320 30
247 13
378 22
77 30
456 19
472 3

