256
134 16
123 4
32 3
338 6
198 7
158 12
107 10
435 6
440 12
381 2
407 28
186 26
19 3
227 13
107 18
11 9
209 30
480 4
276 5
417 9
167 27
305 10
392 7
87 27
362 23
420 12
354 10
149 28
356 12
44 23
29 27
55 29
40 10
180 23
54 8
343 25
374 19
198 5
237 16
447 10
102 27
70 23
324 26
31 15
445 26
493 1
332 3
61 11
432 28
241 26
188 32
58 5
82 19
30 11
242 8
268 7
342 9
149 5
407 15
196 7
309 24
176 28
439 4
215 6
180 7
207 3
390 16
131 24
222 16
290 3
488 21
305 25
246 6
346 32
336 17
206 28
284 13
136 2
321 30
444 16
8 6
70 10
266 24
221 23
64 2
154 31
270 2
379 19
115 20
370 27
320 24
298 12
160 13
177 20
486 20
35 14
122 20
243 15
156 23
77 19
28 30
121 13
40 7
368 6
279 17
308 30
16 22
53 12
390 22
211 12
201 2
221 2
349 15
412 32
481 21
426 28
70 2
8 17
249 7
467 3
464 22
124 31
83 9
358 13
110 9
52 6
314 16
336 30
438 23
222 2
87 15
129 29
45 4
469 25
363 3
319 2
413 26
8 3
174 10
319 31
286 6
297 27
493 12
316 18
82 21
199 13
36 15
177 20
315 21
224 29
432 6
206 16
39 29
338 1
282 1
495 23
378 3
369 27
126 9
152 16
221 31
228 32
381 4
187 31
252 30
75 15
7 24
378 2
345 16
258 26
428 32
45 21
99 1
27 16
97 27
283 6
233 26
277 5
117 24
160 21
77 30
255 24
366 1
481 10
52 26
187 31
45 19
135 27
496 2
219 28
192 9
113 20
215 6
388 31
57 27
403 17
133 22
420 14
142 32
411 5
341 25
375 18
32 21
380 31
22 22
322 17
303 27
340 1
176 28
51 28
330 18
216 14
463 20
163 28
239 17
500 12
22 2
317 21
86 8
431 12
498 12
24 28
38 32
20 5
147 26
148 16
227 12
290 17
203 24
496 17
377 11
372 18
424 24
154 2
440 24
469 29
39 8
440 9
411 19
493 1
232 13
385 23
60 14
351 22
477 19
54 13
397 2
454 9
317 3
330 24
394 22
396 29
493 11
361 4
145 17
312 9
197 20
39 20
221 5
369 6
439 15
254 20
404 16
8 8
18 5
180 12
486 19
196 22
410 12
85 26
464 29
134 25
444 32
268 17
265 21
66 27
115 7
242 18
230 9
89 8
437 24
215 6
343 26
104 8
169 20
9 32
436 3
144 32
18 4
396 6
104 5
189 26
483 14
235 1
31 3
164 3
443 26
241 5
491 4
240 23
383 12
142 7
242 14
198 16
401 21
245 8
257 21
73 3
215 11
303 25
333 10
63 7
47 3
263 21
498 22
47 29
250 1
51 15
178 8
102 30
44 19
285 20
131 5
390 9
367 25
441 27
362 28
178 5
158 12
297 4
442 4
240 3
384 2
33 17
241 15
342 4
185 18
435 7
334 12
12 4
368 16
250 6
159 31
138 9
219 2
176 12
129 11
202 8
408 30
424 20
72 5
283 12
242 13
275 11
392 2
126 28
441 12
489 28
6 10
120 20
411 15
383 16
265 12
403 4
22 15
171 21
295 13
53 9
21 19
463 16
464 1
23 4
316 11
207 21
340 2
45 31
324 7
142 8
67 4
111 28
74 1
384 5
85 16
257 5
466 31
221 21
159 31
389 10
458 23
147 29
273 7
399 8
321 8
388 31
288 26
326 29
131 10
285 7
201 13
24 27
112 32
299 10
190 7
96 7
134 18
296 22
136 30
205 4
438 12
195 17
442 28
141 32
433 14
138 30
318 17
152 5
256 6
403 14
489 2
444 10
443 23
231 10
137 27
385 26
379 15
2 12
303 22
243 15
419 16
220 29
393 3
17 16
25 15
445 21
120 17
486 2
331 28
139 27
2 24
392 28
306 29
51 16
35 17
195 21
25 10
41 1
341 18
64 21
328 13
229 16
101 6
361 3
133 28
398 22
227 17
218 24
34 24
492 32
413 6
224 9
155 5
205 27
174 24
63 21
480 23
152 32
208 21
363 28
216 32
30 2
400 3
177 29
366 32
204 2
409 16
418 20
192 18
262 9
94 29
69 13
467 1
357 15
437 15
70 4
330 27
297 29
345 29
366 23
493 21
192 1
348 2
168 23
83 2
107 28
254 28
453 16
100 21
98 16
27 8
39 16
266 23
288 31
159 5
25 15
74 12
256 29
29 3
312 32
352 18
491 1
297 3
29 8
103 14
283 25
145 9
188 23
359 20
225 18
480 9
372 17
168 15
326 1
402 1
160 21
258 26
62 31
297 6
302 19
419 29
380 8
461 19
326 4
42 18
189 30
354 20
426 13
391 27
69 20
91 12
248 13
82 29
107 2
454 16
128 21
48 31
288 17
74 25
180 23
218 8
340 3
131 2
443 29
220 28
16 23
295 24
363 12
128 13
457 22
432 1
306 8
443 5
340 16
409 11
335 6
90 26
196 12
143 22
445 23
353 24
25 24
279 15
227 3
411 16
192 22
120 1
173 14
441 20
430 1
234 4
326 15
289 13
247 24
362 3
294 19
354 26
66 9
260 12
391 2
327 2
215 10
430 20
8 6
103 21
422 5
52 11
363 20
119 13
271 24
151 24
398 9
437 19
341 24
459 27
69 25
164 16
83 29
375 26
166 9
230 7
17 5
185 32
472 7
192 3
486 27
362 8
403 11
50 19
346 24
325 27
497 8
402 19
284 12
224 5
456 25
387 1
437 27
56 20
225 11
354 30
145 16
445 7
366 31
289 27
206 5
329 6
304 30
484 15
209 3
239 29
11 29
489 23
47 28
207 23
494 32
333 11
479 25
185 8
475 10
259 13
290 23
86 26
21 10
384 29
128 27
393 7
99 21
289 14
128 7
268 22
259 24
112 21
229 16
433 7
325 31
439 7
129 5
412 9
446 7
230 25
269 30
267 24
207 28
13 2
254 8
307 8
232 22
101 16
270 25
218 30
75 9
412 11
33 3
204 26
322 25
254 10
406 17
457 8
428 5
298 13
453 32
45 12
78 17
347 27
29 16
144 31
72 28
157 4
82 28
433 7
144 15
493 10
59 17
365 10
474 26
18 2
322 10
461 15
58 7
449 2
74 32
392 14
351 9
249 25
408 14
187 24
220 15
305 26
332 17
467 21
183 24
82 4
398 2
254 27
404 26
245 29
145 28
326 20
36 27
132 8
460 10
199 3
349 31
308 24
171 30
188 25
109 1
208 22
366 13
165 9
162 13
449 31
248 15
6 12
201 29
79 16
454 17
190 30
131 13
37 29
474 32
6 30
196 17
292 1
174 4
33 3
68 14
345 23
460 18
450 4
338 20
171 20
156 4
149 18
60 6
439 25
261 4
466 5
156 9
221 17
64 14
368 27
439 20
298 22
266 19
409 19
127 11
450 10
142 23
420 29
136 10
85 32
153 10
204 32
159 9
341 30
382 4
205 16
123 10
421 28
100 29
195 2
111 20
360 20
242 7
304 5
340 4
125 28
141 8
3 31
456 11
225 5
402 21
360 5
486 24
264 25
312 14
163 26
454 6
25 11
356 28
424 27
419 20
38 12
79 16
62 11
235 6
75 8
270 3
364 23
66 12
340 14
289 10
151 26
79 20
289 26
355 20
480 14
315 9
185 1
408 2
279 18
384 26
482 1
140 5
260 21
176 7
286 9
304 9
58 30
464 6
167 10
113 10
295 31
14 15
172 9
77 10
119 24
155 20
316 30
148 15
351 8
25 20
140 4
424 17
61 23
247 23
409 15
76 23
138 17
34 13
214 22
110 20
421 25
135 4
410 30
163 8
105 7
100 20
367 23
145 11
114 27
358 14
101 1
76 22
374 9
398 11
218 24
122 10
124 4
78 5
389 32
145 6
278 8
441 16
118 29
423 11
179 28
104 32
64 28
221 13
140 23
227 2
330 20
199 29
307 24
337 24
367 13
393 29
76 21
140 18
122 6
128 8
193 20
283 29
263 28
397 18
326 32
463 31
175 30
459 10
289 27
29 12
276 29
4 27
457 19
248 2
57 8
230 25
459 16
357 9
367 30
326 28
229 13
50 15
302 20
236 30
303 24
449 22
36 16
484 5
447 28
422 27
459 15
103 29
15 8
193 9
65 30
129 1
10 30
47 19
38 7
105 32
398 25
473 18
357 4
278 11
39 27
9 1
202 23
469 8
422 1
152 2
383 20
482 8
310 17
407 3
15 11
38 20
415 22
49 11
465 26
129 24
229 25
204 30
248 21
349 13
185 20
211 19
132 16
163 25
424 21
287 22
431 28
54 1
333 14
172 9
132 32
4 28
289 24
141 8
380 29
408 32
340 2
483 23
162 13
263 17
65 9
227 31
224 16
395 20
437 10
409 4
218 28
427 2
471 23
393 30
407 28
266 3
270 16
421 15
96 8
219 28
84 5
358 20
280 24
419 17
22 3
284 11
91 19
448 17
481 20
263 28
343 12
338 12
331 22
246 22
293 25
289 13
113 10
240 17
101 6
109 2
337 20
64 7

