256
492 6
45 19
251 10
489 17
216 17
395 14
433 7
364 26
114 1
279 4
471 17
46 8
168 14
261 18
235 22
430 6
427 30
153 6
39 29
342 15
453 32
116 30
335 16
147 8
136 17
203 18
241 24
73 13
317 9
10 32
458 31
481 25
117 29
118 3
478 19
261 6
399 13
19 25
60 25
32 11
293 11
300 10
334 20
146 7
56 19
406 26
298 10
454 14
371 15
420 32
233 1
129 19
261 8
215 8
16 11
366 9
185 13
46 22
388 7
224 27
197 1
12 10
367 5
259 17
239 7
436 20
211 20
306 19
415 17
142 27
471 11
443 15
23 20
228 22
178 32
408 18
432 4
220 10
88 18
238 27
156 9
150 30
441 19
40 23
327 9
489 29
39 19
7 9
270 15
174 31
38 14
25 13
205 12
471 24
221 16
470 21
233 31
446 21
278 2
231 20
18 28
105 29
354 27
469 20
49 3
274 22
280 2
259 32
393 25
127 10
492 9
194 32
419 15
100 24
124 31
4 26
402 28
50 7
422 26
230 31
216 12
260 11
153 22
478 26
450 1
11 22
405 32
17 15
194 9
371 30
299 18
163 32
333 12
454 2
433 32
76 1
39 20
143 23
205 21
88 23
429 18
300 29
153 32
359 31
136 17
368 14
306 18
485 14
445 19
96 1
326 15
377 28
358 12
258 11
196 2
421 20
295 12
160 4
239 26
498 19
451 29
12 12
450 13
246 10
139 9
122 16
363 11
31 25
222 28
135 21
485 3
392 16
478 23
431 24
272 20
294 26
348 10
478 29
6 31
190 20
415 15
311 29
13 13
349 14
184 23
2 5
241 9
300 6
147 6
138 15
361 7
492 8
440 13
4 5
395 9
440 17
207 26
438 16
146 2
157 14
269 31
350 17
255 5
79 6
82 20
24 2
350 27
1 10
336 12
86 18
400 6
391 10
331 16
29 5
113 22
158 9
48 3
94 26
359 16
55 16
443 18
233 28
445 25
433 20
440 19
65 23
396 7
148 22
134 25
54 7
66 11
183 1
421 8
266 19
3 25
70 25
102 18
89 22
238 25
29 13
39 14
219 2
400 3
364 10
247 17
336 8
332 30
128 8
498 1
235 28
65 28
445 3
310 9
416 23
405 1
76 12
390 6
81 1
364 4
378 2
65 25
125 16
83 16
351 28
497 17
79 9
93 11
431 26
259 3
300 20
143 19
311 16
373 11
376 32
39 26
198 3
318 10
202 8
278 8
331 10
341 26
38 5
136 29
186 23
19 13
114 1
416 8
248 24
166 31
227 32
228 24
362 10
450 19
297 27
319 20
352 19
389 21
443 16
413 20
474 15
464 15
443 31
10 30
18 8
165 13
435 20
20 9
289 5
63 14
47 21
65 2
391 13
343 29
328 7
312 2
38 16
240 4
358 6
22 4
481 30
324 19
281 19
63 14
16 22
7 22
210 27
16 17
375 14
137 2
464 29
207 9
428 19
333 25
48 14
216 4
243 11
294 27
86 17
444 21
186 2
366 15
372 1
347 2
90 12
300 2
136 6
406 19
304 22
51 15
295 7
230 13
305 8
264 14
84 15
342 29
361 12
367 12
292 10
182 26
49 17
139 28
338 4
98 14
486 24
196 28
266 14
21 15
153 16
164 12
194 30
208 14
417 18
342 20
139 7
293 15
355 7
74 12
327 23
37 4
23 21
443 12
10 7
210 22
450 22
249 20
231 8
253 27
233 26
58 20
468 27
262 22
133 12
218 11
62 26
122 16
338 13
224 15
83 21
8 9
158 4
232 28
415 28
238 4
430 4
223 21
498 24
423 30
23 12
441 5
97 22
20 19
182 15
281 21
28 5
149 13
248 24
425 19
215 30
14 8
161 12
245 30
423 7
140 6
362 4
382 22
197 29
392 27
496 9
495 15
165 11
59 20
374 3
278 20
349 27
436 1
230 24
371 9
402 26
302 15
293 23
72 21
287 12
219 30
488 29
156 32
59 7
415 8
401 25
224 9
39 23
462 25
394 8
125 11
45 14
409 29
312 28
29 22
295 32
232 26
312 31
137 3
157 12
154 14
448 5
10 22
239 31
458 8
6 14
130 6
359 10
238 30
222 19
268 12
366 7
2 13
441 30
399 10
393 25
7 12
485 12
30 24
339 15
59 16
421 17
394 23
78 23
449 31
249 8
19 26
418 16
495 18
361 21
307 22
149 17
297 10
329 2
61 7
165 31
362 13
159 11
363 9
90 23
239 10
378 17
156 11
480 10
357 13
394 23
298 11
476 2
380 4
124 20
322 20
410 31
224 1
290 2
157 11
101 15
420 22
356 23
329 31
224 29
379 30
347 12
364 26
474 27
329 17
34 6
88 31
185 3
11 14
452 7
56 28
414 11
234 21
402 18
455 1
98 30
94 32
361 5
470 22
51 22
134 12
300 9
27 32
383 9
309 15
408 4
238 5
190 27
441 15
236 11
68 25
432 13
129 17
322 18
330 16
247 12
160 2
36 6
381 31
426 13
105 29
404 22
5 30
17 25
184 28
44 27
437 11
264 13
119 25
366 1
160 4
264 3
10 31
356 6
69 22
431 9
466 2
219 19
279 15
119 11
338 14
417 30
489 12
42 19
468 7
407 12
371 30
298 16
469 22
473 25
139 7
62 28
441 32
278 7
218 25
385 23
410 22
33 30
333 30
5 5
185 3
132 15
433 29
138 29
286 18
289 28
217 22
380 1
333 5
227 2
53 24
309 3
265 13
360 13
118 16
453 14
479 32
208 19
365 25
163 14
11 3
426 3
5 1
235 13
461 9
239 2
276 7
180 12
91 3
193 28
107 9
214 5
229 5
347 5
470 5
446 8
311 27
58 31
175 12
4 32
456 26
353 20
492 4
475 18
422 23
493 24
312 22
316 8
479 18
188 24
374 29
279 29
4 8
351 18
479 6
165 6
299 17
17 30
400 24
223 26
10 28
201 13
273 13
416 11
30 31
50 20
236 32
292 19
15 10
268 25
200 21
279 14
153 23
140 25
490 26
374 28
281 2
376 6
442 28
156 12
246 18
431 21
237 14
423 24
215 11
96 6
179 14
412 3
225 31
235 18
468 12
417 13
386 21
154 27
436 1
354 9
70 4
366 3
5 4
410 8
34 9
485 12
435 32
395 27
150 9
224 22
89 25
218 2
137 19
152 28
235 2
456 5
141 1
111 22
313 32
217 18
376 9
58 30
449 12
320 6
432 4
67 8
240 28
345 8
6 5
299 1
206 6
397 10
279 11
343 11
378 27
436 17
260 25
267 12
148 6
157 24
333 12
451 4
359 8
299 21
144 13
309 17
55 25
46 25
415 25
423 12
447 30
248 22
407 10
117 26
304 18
485 24
53 16
412 3
231 6
479 2
159 11
426 5
47 11
397 5
359 31
104 22
380 12
215 18
217 12
192 4
161 28
360 25
463 23
475 1
480 18
270 14
444 19
54 31
18 14
303 32
120 19
385 8
258 32
489 18
135 4
198 7
208 17
359 10
31 25
67 2
138 12
352 6
87 1
276 28
207 6
331 26
484 16
177 21
19 26
419 25
197 28
151 28
228 29
278 18
193 16
119 31
235 2
116 25
79 7
276 17
320 15
110 4
174 11
248 12
304 30
48 32
337 2
108 4
58 1
173 18
80 8
284 10
465 19
339 11
493 22
179 5
72 5
320 1
279 31
140 18
437 15
433 21
236 12
41 13
276 13
247 27
356 14
373 29
281 7
215 25
176 2
437 32
386 4
344 20
27 12
97 31
22 21
439 10
273 11
254 12
44 20
107 11
382 11
71 2
41 14
286 12
383 23
315 20
330 11
431 28
142 11
170 15
259 13
124 31
439 14
431 14
229 17
233 2
367 31
123 11
144 29
326 26
483 1
145 12
151 19
20 32
305 1
158 28
1 6
446 4
159 4
125 19
412 9
349 14
364 23
36 19
83 14
33 5
354 25
81 24
308 24
147 8
492 4
27 5
437 29
136 27
200 24
186 20
469 2
93 8
208 25
338 11
194 6
59 19
103 31
402 10
442 32
373 14
55 20
130 12
76 25
438 15
228 19
442 16
360 3
379 12
15 17
210 32
290 4
106 20
111 27
153 24
258 14
189 28
129 22
155 16
138 13
182 30
67 32
413 19
10 4
346 28
212 19
83 9
26 12
97 24
398 25
40 31
126 20
466 6
250 1
161 23
65 19
104 11
318 1
409 19
12 26
54 23
12 8
427 2
27 27
377 24
476 8
430 25
348 15
59 5
367 19
187 27
413 15
414 22
11 2
260 18
280 21
448 7
4 6
32 14
249 1
157 20
176 26
28 3
481 10
323 23
305 2
482 1
152 23
299 30
420 30
35 19
75 22
194 14
207 1
312 27
485 32
382 9
54 26
35 2
495 18
84 31
219 9
368 2
163 22
383 23
279 13
485 5
102 2
283 28
107 14
467 3
61 4
455 6
109 22
351 32
199 31
106 25
351 29
138 6
194 24
448 5
288 4
325 5
166 27
48 8
404 22
66 21
214 21
282 22
362 1
129 16
419 19
328 5
411 1
486 1
336 5
77 27
421 13
363 14

