256
383 26
234 20
439 19
169 11
231 12
417 4
64 8
475 14
154 10
39 12
175 2
343 23
421 16
358 27
89 5
147 4
322 8
111 9
386 12
475 13
27 28
24 26
151 2
307 4
187 29
127 17
123 13
48 3
392 9
317 1
445 4
452 10
399 26
82 5
193 5
105 27
300 32
161 2
181 27
253 11
16 19
432 22
52 3
384 27
87 21
423 23
220 30
352 2
288 18
254 28
342 22
51 21
189 11
442 21
381 26
88 28
276 27
237 11
201 9
474 7
25 32
21 20
474 28
213 21
9 27
92 2
324 6
194 5
56 11
233 21
32 24
36 16
42 1
338 14
449 31
232 5
59 16
68 28
328 12
144 24
98 31
390 22
81 15
286 20
70 18
276 29
42 24
112 27
140 6
177 32
112 28
412 2
12 27
53 23
462 12
26 12
283 7
333 15
350 26
202 15
339 10
223 20
345 23
315 24
488 23
423 31
250 26
121 29
164 29
451 25
369 1
184 19
95 4
69 28
485 2
66 8
451 21
407 11
327 9
482 6
63 24
264 17
237 4
425 4
409 32
229 9
56 32
483 6
280 27
446 32
172 11
143 7
151 2
121 9
270 19
494 9
358 18
497 27
197 5
50 21
500 26
85 3
42 23
205 29
469 10
140 13
12 3
467 19
332 3
195 13
393 9
137 31
2 13
49 14
258 22
303 21
228 31
312 9
306 32
293 6
369 32
266 28
66 4
246 5
23 9
202 27
481 6
17 10
175 17
179 4
367 25
188 22
72 15
66 13
70 2
354 22
493 4
22 3
55 31
307 13
59 24
344 23
50 32
372 16
481 23
155 23
87 10
292 6
397 9
238 6
66 4
108 10
267 13
468 13
247 19
102 18
486 1
48 7
8 8
258 16
174 8
186 12
310 17
270 10
185 3
375 2
154 10
308 12
462 23
445 1
401 18
218 19
194 25
273 17
388 15
41 29
146 6
173 7
55 26
12 15
4 31
341 2
220 28
429 30
126 5
446 27
122 15
117 7
131 5
368 7
123 24
431 9
337 11
75 19
248 31
334 32
177 18
409 4
25 13
281 30
414 30
380 7
240 4
202 19
237 5
389 27
180 27
479 24
274 18
111 9
344 12
124 12
321 8
119 9
73 16
198 6
329 30
224 25
425 25
291 9
197 3
372 24
201 6
96 2
107 26
199 6
353 18
173 1
206 32
369 14
43 14
115 27
143 30
291 12
467 29
80 19
315 23
243 28
5 26
193 19
247 7
413 23
213 9
123 18
228 31
47 22
408 17
345 23
202 3
322 4
420 21
387 30
408 1
101 8
170 22
374 12
184 18
218 20
371 24
165 2
34 3
220 1
223 8
195 1
50 24
148 9
121 26
55 24
14 31
291 19
300 24
154 16
450 31
231 4
414 8
121 11
458 28
240 29
107 2
161 13
154 32
329 6
194 27
5 19
242 27
446 13
310 3
376 27
322 31
134 23
206 3
34 15
298 13
47 1
410 7
265 7
219 1
392 32
328 8
322 21
42 23
313 20
366 29
314 27
147 12
273 32
54 18
366 11
282 25
459 12
175 23
458 5
316 30
156 19
97 22
267 7
96 7
194 5
267 7
499 29
158 16
468 31
429 10
266 31
450 20
106 32
299 27
369 2
116 8
312 29
205 26
55 9
156 28
113 3
458 12
39 20
235 27
30 27
192 27
225 5
223 2
468 25
97 8
338 20
416 13
276 12
226 18
420 5
133 1
7 15
496 6
410 6
52 19
244 3
290 25
87 28
150 10
384 22
446 13
310 1
221 25
480 30
471 32
30 23
136 9
45 11
82 6
212 13
97 15
431 6
275 21
249 1
274 20
374 15
56 31
79 24
472 27
425 2
14 22
396 25
342 29
483 11
98 18
111 26
500 5
283 7
409 31
51 23
14 28
253 17
459 20
400 18
446 28
75 7
482 10
459 15
114 1
450 8
486 16
109 17
453 32
111 13
274 29
247 16
437 8
60 19
35 8
176 8
135 22
290 20
71 12
291 5
392 28
248 29
151 12
65 31
99 4
168 9
188 14
12 24
265 23
370 15
234 13
130 1
146 3
336 1
370 22
253 25
69 16
341 28
59 2
26 6
433 5
30 4
459 5
244 7
315 5
22 25
10 11
269 19
422 12
75 27
434 23
404 18
382 8
73 1
1 7
98 13
495 19
53 29
223 12
176 17
112 25
437 1
51 1
480 16
13 6
115 14
85 30
299 2
113 12
406 14
26 7
398 28
185 10
473 15
449 28
296 5
48 8
33 22
141 24
422 21
418 16
450 26
405 32
319 17
323 29
334 28
431 24
220 28
385 16
374 22
191 9
98 30
253 30
187 25
494 24
45 19
143 14
264 19
445 6
120 24
10 1
319 5
388 10
408 25
81 9
162 3
302 7
360 2
388 19
298 25
6 6
143 17
39 22
399 31
340 6
454 29
323 9
141 30
162 32
38 11
33 3
217 26
457 13
91 13
327 20
77 8
433 16
184 11
329 27
157 32
304 31
221 6
87 29
40 24
465 25
46 5
276 15
34 4
43 24
280 25
215 21
52 3
280 24
173 8
22 21
480 17
143 4
303 25
264 26
181 28
270 18
428 13
340 29
481 26
288 32
102 30
320 18
204 23
241 12
411 26
57 6
438 19
441 32
132 8
433 28
136 11
241 3
451 13
376 7
314 19
43 24
369 26
421 16
313 17
448 15
126 28
464 19
406 28
155 25
311 11
52 6
493 1
9 12
77 8
226 18
398 24
157 10
334 17
338 2
293 21
72 10
492 3
185 29
142 15
138 32
129 9
102 14
37 14
417 21
197 10
355 14
466 15
212 19
144 17
148 32
37 3
206 20
457 6
480 2
80 5
253 12
10 6
33 22
315 17
363 7
147 17
457 28
431 12
262 30
68 1
362 32
479 7
335 7
308 2
384 31
283 8
150 20
342 3
41 32
483 19
19 13
471 27
92 2
494 21
179 1
465 28
368 23
458 18
81 13
15 4
355 25
304 21
292 25
39 21
152 9
87 30
354 10
348 29
163 29
2 9
105 6
381 28
261 6
25 25
307 32
157 29
40 8
369 4
104 7
368 23
132 30
481 5
215 12
281 17
373 18
70 5
100 30
153 20
491 13
52 21
420 8
162 4
19 2
495 14
289 30
81 24
19 25
256 2
240 28
462 12
22 11
293 5
332 17
184 11
473 3
323 9
295 16
204 25
70 18
287 26
411 11
481 9
279 12
14 6
475 28
334 20
210 2
320 14
70 15
68 14
90 22
286 28
430 1
48 23
186 26
208 32
404 32
229 6
275 18
404 17
421 29
97 19
362 28
24 15
271 23
176 28
184 18
95 17
450 10
463 4
180 22
435 7
209 11
469 31
257 24
232 9
460 20
307 17
95 26
307 25
124 26
76 28
295 10
272 29
16 19
84 23
108 2
333 29
385 9
151 9
376 10
169 19
413 12
211 12
361 1
76 21
351 24
292 5
173 27
93 20
1 32
438 21
398 7
277 14
423 11
274 15
13 6
485 17
473 4
136 22
64 32
318 30
215 25
263 23
375 3
279 32
383 20
188 4
486 4
413 9
94 6
59 2
331 23
235 28
442 14
489 30
433 26
475 3
118 29
386 4
444 4
71 2
379 22
309 17
73 21
477 7
258 15
476 4
281 26
95 31
432 15
432 20
240 22
363 25
495 16
349 18
411 31
467 9
29 23
5 13
347 17
323 4
367 27
395 4
360 6
74 27
72 29
7 28
114 5
168 4
116 16
249 6
139 7
166 3
341 7
323 7
355 2
494 22
296 17
73 15
230 26
298 9
354 24
464 7
376 24
427 15
203 31
220 21
242 1
211 2
111 6
325 30
179 18
391 2
58 11
480 23
164 25
292 25
136 3
335 11
90 9
205 1
288 12
485 13
13 12
166 19
81 22
440 23
160 2
436 9
348 7
208 15
396 31
379 15
457 6
394 27
326 18
43 21
374 15
345 10
426 15
360 10
352 12
116 11
185 23
80 25
170 19
395 29
489 14
299 17
339 4
343 32
494 5
129 19
264 21
104 13
335 23
47 7
466 22
197 15
417 4
387 10
266 13
354 6
258 16
199 12
48 1
112 9
278 32
259 25
64 22
433 23
28 27
437 14
493 13
348 29
113 2
346 6
366 11
484 8
202 2
71 13
426 30
493 7
273 15
299 17
316 4
87 16
210 3
189 14
359 24
462 31
121 15
53 6
357 16
313 19
421 32
11 18
417 20
105 26
106 23
230 6
486 16
117 24
42 17
249 32
44 15
223 32
369 3
205 22
162 18
488 2
253 6
131 13
353 11
62 27
490 15
232 27
458 20
22 15
356 23
399 11
333 13
266 1
395 14
130 32
339 29
341 15
115 19
112 27
58 1
129 31
464 20
373 13
59 11
272 10
17 10
16 5
142 29
253 4
455 27
295 9
499 3
236 25
457 19
284 18
371 8
412 2
124 9
311 2
31 10
300 19
103 31
247 8
152 27
483 6
233 13
250 12
115 5
196 3
35 23
437 10
95 4
295 26
132 25
103 30
38 6
60 20
273 6
87 32
157 5
381 21

