256
252 4
319 8
441 13
476 20
17 15
342 15
95 28
329 1
35 4
176 21
102 2
370 29
497 19
5 32
256 20
327 15
19 29
99 12
146 14
243 30
228 1
308 18
112 21
22 15
364 18
191 14
383 24
166 31
102 14
306 26
265 8
216 24
481 30
95 14
239 1
491 6
125 23
140 29
139 9
235 2
210 13
319 12
188 25
175 13
210 8
498 7
464 14
314 20
379 32
273 22
448 11
287 1
413 18
161 11
439 7
257 20
375 27
444 22
115 10
54 25
449 8
3 32
117 28
59 31
75 19
316 26
94 15
446 30
232 22
261 26
56 21
22 14
443 13
195 2
82 5
234 6
300 24
294 32
255 24
114 13
183 18
54 8
236 32
337 31
161 13
489 17
465 6
498 16
474 1
169 7
441 10
436 16
341 17
359 19
285 12
127 19
253 4
446 28
235 30
455 24
231 19
112 11
304 5
454 9
153 10
35 9
227 26
388 19
403 6
365 19
70 3
5 14
375 30
162 9
435 4
356 5
262 7
212 13
280 9
45 16
491 3
81 5
104 16
136 6
214 28
396 7
195 28
456 5
53 29
29 20
436 13
4 21
55 7
113 30
232 21
470 2
439 6
290 19
369 29
252 10
277 16
68 23
399 4
391 4
344 7
291 32
7 14
328 6
213 21
247 4
301 16
17 32
117 10
486 10
83 9
419 31
236 3
329 3
362 15
86 5
489 28
336 8
373 24
409 29
308 15
380 20
75 4
403 19
406 4
28 20
329 15
346 4
285 6
198 22
96 11
54 8
362 30
283 15
257 27
23 32
50 11
23 8
150 6
166 27
17 22
394 21
344 31
409 20
116 30
477 23
93 2
147 14
123 13
392 19
324 7
294 17
169 5
348 30
446 17
77 18
410 6
159 9
413 31
232 8
376 4
91 4
294 29
126 4
369 13
499 16
135 8
416 3
164 23
473 21
332 25
423 13
222 13
346 2
203 17
14 6
341 8
250 26
44 27
253 12
95 19
456 26
247 27
384 6
190 28
371 25
108 1
261 18
429 26
315 23
387 28
60 31
431 5
212 6
387 20
238 6
419 13
415 1
267 26
74 24
358 32
328 9
440 21
146 12
398 13
498 24
288 30
214 11
70 13
396 1
241 1
142 7
177 4
175 20
205 12
103 18
396 27
379 11
371 20
55 28
336 24
256 8
313 9
46 23
246 1
43 22
426 28
496 14
91 2
249 27
121 12
209 24
134 7
203 20
462 25
475 26
160 2
125 5
51 18
59 32
462 17
133 19
136 16
193 10
1 1
372 29
144 16
137 17
18 23
132 16
447 19
129 30
40 9
430 30
126 28
237 11
440 17
30 23
200 30
300 16
162 4
321 10
103 1
434 9
147 30
452 5
228 32
50 3
36 4
209 1
319 29
303 11
166 8
185 13
53 1
417 3
8 9
224 22
45 5
82 31
426 21
487 17
464 4
272 27
219 20
215 6
276 6
500 29
201 16
10 18
20 6
320 19
14 31
341 22
403 6
304 5
307 22
333 14
177 8
473 32
435 3
137 11
56 20
355 21
319 16
362 19
141 25
69 2
427 13
415 25
331 10
9 13
359 18
110 24
297 2
283 20
473 27
146 12
406 4
488 16
216 5
266 8
233 7
362 19
95 32
340 5
346 8
265 8
393 11
91 18
160 21
125 16
347 2
364 28
121 27
180 24
52 13
44 28
483 9
443 6
236 26
58 17
333 27
137 26
401 23
119 16
156 15
396 26
364 27
106 20
461 1
172 20
433 11
296 32
323 30
197 26
223 14
491 23
428 3
484 12
409 26
92 4
196 27
418 23
97 19
395 9
159 22
69 31
132 12
210 18
453 2
215 31
12 21
285 23
35 5
471 16
74 30
359 6
400 16
180 12
150 6
52 20
491 16
251 26
335 16
131 3
218 22
17 1
254 22
371 1
274 25
436 23
254 2
468 13
274 24
500 19
425 12
83 24
375 25
241 22
144 28
52 25
421 25
441 26
222 16
166 7
152 9
341 30
451 25
262 28
160 2
146 12
369 20
351 7
412 20
156 20
315 20
268 31
128 5
260 25
20 18
343 27
82 27
132 4
195 2
255 2
359 13
290 15
480 16
321 12
83 17
299 17
36 10
483 15
274 7
363 1
372 5
20 17
443 19
485 18
396 19
195 22
343 32
480 31
476 25
214 18
481 8
307 12
429 17
382 31
383 32
199 14
152 26
59 2
369 19
435 32
337 6
370 4
465 25
2 20
353 11
202 25
430 8
200 2
148 29
264 15
176 31
136 31
32 26
125 4
292 19
368 17
40 25
160 29
289 21
148 2
431 21
474 16
208 30
421 20
106 17
238 22
499 29
164 6
123 20
486 2
347 13
246 30
293 5
94 21
269 10
222 23
146 16
410 26
73 23
61 6
367 14
163 21
226 15
98 32
466 3
466 8
287 19
402 19
468 31
160 16
292 29
287 6
428 12
143 24
26 11
382 8
56 24
108 1
74 22
481 8
140 2
203 7
156 20
357 11
155 32
63 26
249 1
235 8
396 29
232 14
135 29
165 30
8 17
323 26
182 31
121 29
100 15
99 19
131 28
434 21
323 24
82 23
196 13
303 3
249 30
12 16
146 5
277 13
153 11
86 26
105 6
6 8
85 25
163 23
60 24
351 14
91 24
157 6
304 3
376 13
344 24
140 25
120 8
345 16
219 11
457 27
192 30
379 4
418 29
342 9
136 4
63 2
180 27
215 31
381 14
239 28
33 6
416 32
146 24
275 32
246 23
38 18
397 28
65 10
308 15
143 11
450 9
372 13
127 18
316 31
380 22
434 4
432 13
64 9
312 18
144 6
273 1
347 29
97 11
334 20
169 24
199 11
384 10
451 2
8 2
368 27
320 25
150 19
1 1
31 9
255 2
426 27
206 4
399 30
34 28
410 7
412 16
25 19
29 7
9 20
93 20
126 32
29 12
366 17
340 12
397 30
273 6
472 14
445 14
132 23
306 29
385 29
500 13
215 4
87 3
120 27
303 5
294 3
372 11
63 28
258 12
157 2
133 17
360 26
350 27
260 7
235 12
427 2
404 18
465 10
68 28
21 10
33 30
52 16
325 31
467 30
426 4
112 26
252 15
339 17
165 2
312 31
93 26
484 4
231 4
190 31
236 18
168 32
375 20
23 23
186 26
133 27
465 20
372 16
418 7
20 10
308 23
332 21
421 7
100 27
466 5
301 9
350 1
172 5
40 23
127 5
388 15
187 12
206 18
67 3
120 26
408 32
121 19
32 1
257 11
43 3
272 20
275 5
164 19
197 7
345 4
279 24
286 9
83 20
226 29
318 18
438 2
477 6
168 4
302 13
490 1
499 29
392 25
234 7
423 10
109 19
457 23
498 31
407 12
438 24
432 7
181 30
184 25
131 28
164 9
480 10
481 22
118 28
102 7
278 25
337 14
143 29
328 21
239 2
424 12
217 8
283 2
429 26
406 7
21 22
195 28
427 23
181 4
398 31
99 19
11 27
264 1
79 3
497 18
176 21
345 29
128 15
142 32
297 23
466 29
320 21
21 10
187 9
494 29
335 24
111 29
230 15
498 8
465 18
477 21
266 22
385 1
300 14
300 12
276 6
265 16
278 1
45 4
337 6
400 16
333 15
16 14
237 9
222 13
211 14
193 32
371 17
73 7
306 32
470 2
489 26
381 30
222 9
82 3
315 1
82 11
343 29
209 11
314 14
132 32
479 24
203 30
253 31
224 6
147 21
195 3
131 23
253 8
204 2
262 14
166 27
16 17
440 16
87 29
357 18
480 24
394 26
389 18
457 24
407 23
8 30
441 26
380 25
490 19
378 11
304 28
94 24
52 29
247 6
341 4
60 20
291 1
1 15
450 5
494 8
263 17
161 20
139 25
248 12
327 6
82 11
21 27
302 12
263 8
413 15
3 8
274 5
276 15
175 25
435 24
285 14
21 5
253 19
189 12
342 8
477 19
498 17
302 19
420 4
198 13
167 5
8 20
197 28
66 28
360 21
243 20
50 27
441 2
477 21
153 10
348 30
93 13
126 10
347 10
309 25
82 31
449 9
267 5
224 20
220 24
388 19
79 9
281 3
442 26
352 23
427 19
76 31
248 1
264 30
450 21
490 31
399 18
324 5
287 11
53 22
482 32
24 13
229 21
283 18
414 6
116 16
185 27
211 24
96 22
377 5
46 11
280 29
8 11
313 18
353 25
356 23
157 15
99 1
183 17
54 16
367 26
288 15
212 14
186 15
471 26
204 13
132 23
165 32
289 9
137 21
46 24
327 26
371 13
86 9
158 11
353 20
12 24
278 24
137 7
234 7
24 25
327 4
123 27
147 15
24 19
404 5
127 14
122 17
359 23
105 24
401 17
243 5
96 12
340 12
482 1
191 17
214 5
364 8
212 22
451 3
497 26
155 19
287 4
175 1
186 27
364 26
88 2
350 19
477 25
267 30
466 17
167 19
177 2
366 20
244 16
326 32
21 28
418 16
459 20
304 24
222 8
82 25
477 15
492 22
324 10
263 1
418 1
319 14
163 12
334 26
204 23
349 4
343 10
383 17

