256
367 12
66 25
26 8
150 11
40 4
191 26
97 22
230 15
170 10
347 7
285 9
500 19
74 5
247 22
416 3
91 26
6 32
395 31
487 24
209 2
167 23
240 31
276 25
57 2
262 7
96 11
419 31
209 1
171 23
162 19
137 8
72 6
260 30
24 14
213 12
476 15
482 11
494 14
239 26
55 5
157 22
251 15
448 11
419 23
117 5
57 26
36 20
247 19
446 3
245 6
206 16
389 16
490 2
149 28
135 11
432 27
56 14
218 19
344 24
473 25
272 17
66 8
361 16
306 22
434 26
315 32
473 15
31 2
288 11
42 11
85 29
417 20
359 14
346 2
326 15
14 1
51 11
256 3
243 2
68 12
463 19
19 4
289 25
249 17
79 2
203 23
319 31
6 9
457 16
230 18
22 4
230 28
174 26
335 8
251 22
444 21
488 30
352 9
363 29
205 25
94 19
308 28
229 25
440 29
16 14
170 5
265 32
461 30
89 31
206 19
400 25
255 28
462 31
16 12
59 28
469 24
478 20
268 30
440 23
95 20
80 8
196 20
367 24
486 31
154 23
497 10
43 24
293 4
358 8
180 16
379 20
271 16
127 26
265 18
301 7
225 20
327 29
76 21
428 25
500 10
455 4
339 29
99 23
352 16
142 15
75 32
382 6
79 8
439 27
426 15
406 30
119 16
70 10
276 14
458 23
135 16
123 9
260 21
307 11
29 28
346 3
319 27
152 9
87 7
91 28
329 4
13 23
431 19
344 23
136 1
481 22
416 7
94 27
324 28
490 32
347 31
306 17
265 10
413 27
48 27
214 4
203 15
175 17
161 26
191 32
23 20
417 10
478 18
317 21
409 10
356 3
344 22
123 32
471 11
311 14
241 16
97 3
102 11
280 30
493 26
261 31
493 17
156 7
186 12
123 14
481 15
52 28
344 2
136 2
412 22
35 17
321 31
447 3
106 6
388 14
196 29
316 12
177 19
362 15
295 13
160 19
167 12
155 30
441 10
175 25
87 13
5 3
191 27
33 20
177 5
245 32
273 12
115 13
383 29
163 29
313 23
155 3
90 29
340 14
450 30
382 4
74 14
499 20
189 11
412 9
155 8
292 15
420 18
228 18
382 22
182 22
416 28
376 13
349 23
387 30
432 32
38 29
358 8
121 22
270 24
114 1
391 5
55 18
310 10
315 4
24 16
89 11
184 17
500 4
383 18
181 27
357 2
319 30
457 7
111 27
322 16
355 29
480 9
374 10
395 17
333 18
36 5
60 11
89 19
102 28
296 15
138 21
204 12
218 25
99 5
91 16
256 13
336 8
57 26
377 7
250 29
72 9
185 20
208 22
42 1
97 10
295 6
194 31
393 15
215 3
295 9
263 7
453 30
138 9
159 30
164 32
426 7
397 26
218 28
235 32
264 31
301 11
268 6
113 21
108 31
3 7
483 9
305 27
215 26
147 29
159 18
485 16
45 5
397 18
336 24
225 27
314 25
361 26
222 13
94 18
151 4
436 17
65 4
419 19
385 14
355 19
375 11
330 23
71 10
385 14
357 25
209 23
486 13
456 15
246 29
240 4
348 23
29 12
266 31
42 22
364 13
396 11
87 9
361 6
451 9
267 19
206 27
33 19
100 24
249 1
240 1
92 20
15 24
499 17
271 29
134 2
289 14
224 31
254 13
384 8
181 23
67 22
181 3
428 24
439 9
476 14
369 28
265 31
391 32
367 9
360 21
295 4
382 22
374 23
454 6
395 23
464 25
372 12
59 20
276 21
180 27
27 4
170 3
282 9
110 17
73 29
1 27
116 6
89 2
72 18
451 26
380 2
426 20
409 13
255 16
185 2
287 3
333 32
206 6
368 7
114 25
284 26
159 3
199 3
92 27
493 10
88 28
159 6
327 24
202 21
103 18
366 17
301 26
197 26
16 24
172 21
356 3
447 3
206 13
113 9
267 25
43 27
181 29
220 3
472 17
440 27
10 13
167 22
207 27
167 6
131 15
202 2
145 8
352 22
145 9
351 27
273 17
469 21
297 20
312 1
312 15
399 6
259 5
483 1
280 10
390 18
192 32
247 8
443 23
186 27
415 28
202 31
280 10
492 24
62 11
48 1
405 18
46 19
363 1
480 22
382 25
255 1
312 25
260 31
451 5
193 13
332 14
108 11
268 31
243 21
253 26
53 1
440 27
171 2
183 6
147 4
371 29
340 22
253 11
140 4
396 13
124 15
282 27
42 17
181 28
81 1
277 26
441 32
436 20
369 14
113 23
385 23
267 20
221 8
322 32
427 13
396 26
296 6
133 21
430 13
324 27
98 4
496 14
20 7
1 4
400 26
403 4
300 13
7 28
40 20
232 30
397 7
220 28
8 12
232 2
368 31
300 5
358 15
207 5
225 19
265 8
172 3
259 28
39 1
343 3
296 18
248 20
257 23
235 4
374 30
405 26
372 32
410 30
498 16
458 2
175 10
49 14
444 19
169 27
423 32
265 7
289 28
262 9
183 9
161 20
166 17
149 2
269 11
471 30
174 32
340 28
206 8
46 21
47 18
483 13
77 11
391 2
463 13
262 25
353 22
404 26
487 25
407 23
463 25
372 28
9 19
188 2
451 1
362 21
298 5
317 3
295 20
444 21
212 13
105 20
479 25
81 9
413 8
423 19
216 18
362 24
209 5
289 31
133 15
359 23
199 19
9 1
86 28
454 5
8 2
64 10
418 5
154 10
336 16
204 11
74 10
479 6
466 27
496 19
269 22
233 27
232 1
16 14
44 17
318 3
378 10
241 12
230 30
477 25
174 17
467 15
450 5
232 7
64 23
365 8
284 1
355 19
189 30
36 28
190 18
339 31
439 11
66 8
176 31
84 21
427 2
447 8
51 22
494 6
108 7
1 23
159 15
258 8
76 9
283 25
350 1
388 20
51 1
159 19
199 26
427 13
348 10
204 2
255 2
363 11
260 19
105 14
70 10
117 13
359 24
114 12
372 29
200 3
157 26
353 28
156 27
184 15
356 28
252 3
289 22
325 4
180 13
317 9
143 6
98 9
185 27
412 20
415 19
34 19
173 10
278 32
369 22
182 8
53 29
186 13
250 22
240 25
291 32
30 25
341 23
137 1
393 20
285 7
363 10
229 19
408 7
214 24
172 31
499 12
31 9
64 12
46 7
60 32
210 5
472 11
419 24
427 11
360 31
469 18
233 10
256 28
408 21
415 11
67 17
302 13
301 13
376 23
371 27
34 24
228 14
482 26
317 13
161 16
323 21
397 19
178 4
194 13
176 32
15 10
225 12
190 9
384 13
223 10
204 21
38 7
466 3
428 6
279 4
458 26
69 22
156 22
62 26
35 17
13 25
331 9
69 16
114 28
437 16
410 4
296 7
422 5
317 9
43 24
289 32
197 5
409 28
158 14
257 28
59 14
445 25
358 25
408 7
168 4
159 25
335 26
227 16
67 8
309 9
139 5
312 15
157 28
242 2
190 31
358 8
120 18
136 1
18 7
300 29
91 30
466 17
115 20
385 21
235 25
141 25
141 4
411 5
172 17
462 9
355 3
460 26
472 15
302 29
193 1
26 31
262 15
264 21
182 16
261 29
192 6
493 4
205 28
332 8
260 13
292 26
464 31
439 3
401 12
128 2
45 25
80 10
347 15
238 8
342 7
148 5
252 25
68 20
396 15
388 31
44 11
472 11
282 10
145 22
353 12
127 1
128 23
407 10
49 8
206 3
494 21
275 25
345 15
405 32
93 8
98 24
322 21
346 27
182 15
137 19
466 7
283 30
469 29
271 2
37 24
260 18
181 10
127 25
228 23
469 21
174 22
308 15
339 14
450 8
496 26
406 21
348 13
110 29
81 25
38 13
208 1
499 28
182 9
117 2
359 13
230 28
2 1
378 12
394 19
212 9
264 13
54 12
9 15
132 2
395 5
410 23
317 12
46 14
236 6
407 18
98 4
477 20
377 23
143 18
385 18
11 21
175 24
464 23
430 7
124 13
115 6
131 15
293 20
280 5
190 11
474 11
26 3
442 18
157 29
376 1
142 30
41 12
153 20
351 26
450 26
258 4
359 8
198 16
416 14
384 21
368 9
447 5
159 29
499 3
325 26
208 6
463 24
338 11
252 20
48 5
13 10
469 12
45 26
79 12
347 14
268 30
22 31
459 1
103 25
347 19
34 6
448 8
302 9
110 9
324 21
457 9
314 21
264 15
147 14
170 21
7 26
411 16
152 21
208 18
29 19
236 30
460 27
57 21
172 22
17 31
26 10
35 8
102 26
198 12
491 15
445 1
8 19
25 31
75 32
116 19
490 19
16 10
90 20
414 17
441 27
107 18
256 22
157 1
439 14
309 22
425 13
278 4
459 6
443 5
90 18
339 23
465 6
232 18
129 30
166 1
428 16
386 27
413 11
95 20
100 7
133 20
7 30
308 17
268 26
349 9
363 11
287 15
392 31
232 8
16 1
440 19
169 26
329 21
72 7
284 27
178 16
399 32
382 6
1 17
307 5
5 9
388 23
348 31
161 23
3 16
328 14
322 8
323 14
428 10
277 4
269 2
183 19
489 32
224 17
212 22
42 8

