256
56 8
399 12
394 16
462 17
256 27
302 26
474 17
416 2
417 31
417 12
358 2
57 24
74 29
29 29
167 27
52 10
431 30
310 32
209 19
484 21
153 18
66 2
234 29
404 2
43 12
101 13
157 2
496 30
374 32
307 32
262 18
114 28
11 31
368 27
397 11
183 29
488 29
378 29
433 1
75 20
304 11
228 25
36 3
190 9
450 16
301 27
57 18
107 15
40 18
490 32
324 24
188 24
124 25
384 13
50 18
384 5
485 31
313 8
37 19
133 2
202 25
400 3
402 18
29 25
479 26
80 31
394 19
466 5
35 9
425 4
307 16
437 23
122 5
14 14
455 14
347 25
282 11
119 15
252 11
475 31
369 30
385 22
24 18
130 27
198 11
494 20
66 6
498 8
383 8
49 1
361 4
345 27
142 19
29 9
314 16
123 2
261 3
295 29
208 16
47 14
182 20
113 20
26 11
139 4
326 15
96 6
82 29
32 31
107 9
468 12
416 14
101 4
301 3
164 4
171 22
117 12
306 18
303 3
340 25
442 13
480 9
202 25
181 18
488 20
146 31
207 17
100 12
440 28
54 20
112 32
17 16
132 18
457 10
356 28
79 25
164 10
38 26
322 6
303 25
357 4
467 24
212 3
223 7
170 16
106 29
56 3
361 27
500 13
472 8
317 6
356 16
459 1
49 17
463 19
441 31
150 32
382 9
178 24
364 31
84 9
480 23
295 8
177 31
156 20
354 28
50 5
304 8
454 20
140 12
407 1
234 28
192 32
269 1
275 20
67 30
304 26
348 7
385 4
245 21
376 10
216 17
158 27
284 19
75 16
378 21
60 8
388 15
283 20
471 29
491 13
267 3
435 14
245 7
342 13
63 9
290 11
345 3
353 16
262 19
255 19
111 14
454 23
416 32
358 10
145 17
127 23
143 29
228 27
83 21
79 30
489 28
128 21
18 12
313 19
111 3
270 5
85 31
219 12
311 5
90 27
277 12
217 7
128 20
9 10
217 7
207 5
306 14
390 31
18 30
454 24
324 23
348 16
445 23
260 19
495 17
61 15
416 29
393 3
73 21
104 25
487 19
345 28
496 22
466 25
491 11
492 19
493 12
74 22
258 29
396 28
385 21
226 8
437 30
342 1
18 22
1 12
108 22
499 7
283 32
320 30
87 15
440 11
150 17
220 27
50 8
10 26
424 31
234 12
204 11
73 13
224 5
428 7
270 30
138 5
94 13
30 8
267 17
110 21
37 18
175 14
297 5
372 20
123 9
283 31
383 11
399 19
280 3
141 9
104 6
157 29
438 14
228 13
210 22
325 31
371 15
184 31
387 19
90 22
11 16
40 14
431 30
56 10
468 24
314 32
178 31
120 15
360 32
171 10
389 27
168 27
346 19
277 28
258 10
445 32
441 4
365 19
126 12
136 1
320 14
16 1
272 28
463 23
187 10
404 15
480 7
185 13
126 1
409 31
178 25
354 2
189 11
341 30
342 16
258 25
277 30
9 8
261 8
235 19
457 30
225 20
413 9
113 30
221 9
476 18
77 25
367 29
399 7
282 25
35 24
253 19
165 10
63 13
85 25
75 1
286 31
328 26
207 20
439 15
164 18
176 29
95 18
357 13
101 19
289 15
30 22
149 30
7 27
470 15
359 8
335 9
342 2
46 12
306 25
178 17
102 25
413 20
98 6
245 2
112 5
36 1
426 17
186 24
99 7
374 30
198 20
306 19
74 7
142 11
391 23
403 9
227 8
392 24
437 28
22 4
21 9
40 26
93 1
378 4
379 23
1 20
15 6
170 32
360 3
22 11
333 4
95 7
239 14
382 23
326 23
426 10
164 29
291 24
189 20
299 3
475 27
346 21
308 27
428 12
177 29
270 21
224 8
419 11
53 25
341 30
55 27
223 14
83 10
178 20
237 32
42 7
479 12
51 26
106 14
305 3
278 26
495 10
289 18
316 22
214 20
71 24
274 26
42 5
11 11
332 31
46 13
310 4
464 32
162 30
190 2
56 23
392 22
320 28
463 19
225 16
495 4
500 20
293 13
328 31
111 15
401 32
236 2
32 19
422 1
472 15
10 15
429 29
429 5
285 11
439 9
123 29
8 2
405 8
14 8
454 4
95 3
279 18
268 6
380 5
354 20
3 8
230 24
468 6
236 28
253 18
465 11
459 16
348 31
272 25
298 29
484 28
283 30
425 3
276 17
443 9
360 26
344 5
433 20
451 12
267 27
341 19
281 11
203 16
13 26
340 15
254 3
406 21
288 23
291 3
339 29
396 10
382 27
342 6
254 24
333 29
198 14
251 22
324 17
309 1
130 12
351 32
174 24
272 14
290 10
228 20
498 27
29 28
214 11
397 3
14 18
487 20
255 14
393 22
394 14
266 8
201 4
111 7
224 26
40 9
499 3
493 8
242 25
79 19
95 4
273 5
57 20
24 19
53 32
388 30
321 30
25 6
121 11
100 28
72 31
61 6
109 1
418 30
277 16
156 28
323 5
184 7
244 23
41 24
326 1
445 3
286 26
372 30
456 19
454 8
313 30
449 17
418 26
123 22
214 30
269 28
262 16
267 25
362 27
4 28
291 5
38 24
270 5
186 1
83 15
456 7
356 21
19 9
122 5
22 23
475 15
223 4
94 21
445 4
351 12
495 10
248 28
69 13
292 22
94 22
448 21
324 15
157 18
279 23
187 21
465 25
443 31
248 32
379 24
343 2
344 1
223 19
72 11
108 27
101 13
292 4
453 11
203 10
457 9
240 19
133 12
155 31
95 6
463 29
298 1
54 1
346 8
83 29
271 18
484 19
94 7
270 31
390 8
8 14
305 7
192 13
154 10
364 28
451 10
221 12
334 22
92 11
106 31
300 16
364 31
98 14
261 23
208 22
191 19
51 15
165 2
135 10
439 6
66 26
27 30
341 25
115 17
95 16
107 10
95 30
232 32
483 13
263 22
346 21
256 5
151 32
490 29
90 17
487 15
22 17
144 14
429 30
498 12
478 12
269 12
278 29
320 20
345 2
302 10
386 17
438 24
181 20
24 26
60 22
128 13
227 19
498 15
232 24
30 29
451 15
337 12
3 20
192 19
89 9
240 10
253 10
213 9
457 20
406 32
98 9
300 16
359 5
182 11
144 24
151 31
66 15
26 16
494 9
266 22
61 29
407 10
34 31
98 2
207 20
209 28
240 12
183 23
361 8
189 12
279 7
450 4
30 20
263 23
396 20
457 13
237 11
122 22
334 7
464 28
74 24
399 22
236 1
264 20
296 12
99 7
494 9
270 7
228 29
398 23
412 10
431 32
68 24
270 29
123 13
496 24
256 14
213 7
326 24
86 22
279 25
48 21
289 5
499 28
53 24
342 17
453 21
464 21
176 5
125 10
317 9
198 21
218 14
267 4
90 21
17 8
241 20
344 13
84 23
396 25
442 25
453 15
361 24
119 25
1 19
38 13
67 3
93 17
349 28
328 22
64 12
9 28
111 25
36 22
399 15
330 28
371 22
438 20
50 12
120 10
151 13
70 25
448 23
1 32
226 28
85 1
375 17
148 5
149 3
179 23
465 8
91 23
494 28
418 11
84 21
296 6
398 9
302 17
83 7
492 16
334 4
300 9
372 11
45 29
129 7
419 29
287 5
132 12
37 29
26 8
438 9
57 19
389 10
31 16
364 18
483 18
301 15
110 8
81 6
396 6
81 23
6 27
175 21
350 27
186 27
34 3
47 14
309 19
152 23
110 7
64 1
416 28
375 17
239 7
383 7
16 3
449 14
33 23
10 2
38 19
256 19
21 30
365 9
440 24
371 18
234 6
142 22
149 32
26 4
174 28
374 18
222 6
63 26
148 32
487 13
471 22
460 7
247 32
172 3
43 14
88 20
328 5
425 20
448 15
67 9
210 32
162 8
113 24
389 1
500 28
297 10
321 12
164 4
431 31
458 1
81 25
101 32
477 29
87 32
327 10
396 21
445 2
172 14
133 28
22 16
287 26
305 8
426 9
379 16
7 16
33 19
84 5
346 4
9 5
187 12
290 10
76 22
491 27
347 4
158 16
311 13
38 12
256 15
288 30
22 26
25 14
233 20
38 30
371 19
214 25
234 15
490 29
441 13
407 7
308 12
7 2
212 32
437 11
358 32
156 11
370 20
285 6
139 10
31 29
220 5
417 25
99 23
113 23
91 11
30 18
139 20
219 14
431 32
21 32
379 32
18 24
356 2
201 26
476 32
355 7
328 11
500 22
381 20
169 3
187 10
220 21
85 7
378 15
446 26
154 4
426 23
276 13
177 24
478 4
59 28
198 26
307 9
164 7
365 28
10 27
29 29
227 1
19 16
479 8
354 28
492 3
154 7
263 10
94 20
333 21
424 23
38 22
431 29
268 27
384 5
197 28
358 3
376 4
379 10
192 28
337 23
362 23
449 12
320 26
363 13
46 14
387 28
219 1
488 31
464 16
115 16
135 4
83 7
200 5
216 19
44 21
425 29
43 5
380 10
118 6
218 12
232 24
451 22
273 30
436 20
161 23
247 24
374 21
158 1
141 13
463 24
277 27
440 11
463 27
237 29
265 10
96 20

