256
211 30
173 23
233 17
147 28
142 15
345 20
173 24
140 25
162 30
332 3
469 4
108 23
58 7
25 6
119 8
359 6
154 23
500 2
135 18
166 8
344 30
183 8
313 2
233 22
419 8
60 31
299 7
42 16
237 6
129 20
258 31
389 19
222 20
500 28
385 17
484 5
378 30
448 2
192 12
163 30
447 14
349 30
241 18
453 1
307 2
36 4
272 12
178 21
367 10
349 4
194 20
332 8
349 19
113 16
15 32
150 17
201 10
58 1
91 27
122 17
296 21
165 27
137 10
412 31
371 32
106 13
295 9
340 3
272 28
35 26
283 32
98 8
237 24
128 3
370 9
75 13
462 7
435 30
433 22
304 3
457 30
423 7
198 2
246 1
418 28
106 24
19 4
387 3
211 7
81 12
319 23
96 12
246 30
81 14
228 5
184 8
146 31
139 7
72 24
16 29
367 1
393 13
324 19
139 30
497 19
465 8
77 32
299 6
294 28
351 17
116 3
56 1
345 6
307 32
429 14
257 15
295 17
31 18
131 9
356 28
443 24
295 4
232 21
341 21
324 28
397 15
282 28
403 30
498 22
245 30
31 25
425 17
353 7
147 12
180 18
463 10
173 9
141 32
53 22
280 13
229 24
19 14
480 10
339 21
131 7
106 1
140 30
190 8
189 20
327 20
41 25
489 13
249 10
469 30
315 32
382 15
276 4
256 11
173 6
83 11
380 16
168 11
422 29
215 18
396 5
477 20
34 1
500 30
298 12
287 8
216 4
6 3
272 17
97 20
58 11
99 2
70 10
160 7
326 30
452 21
267 28
360 32
97 7
285 6
179 24
358 30
443 3
88 2
328 12
158 9
66 20
26 15
373 22
478 2
59 13
122 21
209 29
476 5
191 17
50 21
184 23
114 2
474 17
340 13
384 25
389 17
456 31
288 8
100 21
229 6
45 30
335 9
330 14
409 28
422 23
389 5
217 2
231 6
203 10
194 14
270 7
239 13
349 30
404 24
142 28
309 18
333 23
291 18
305 7
33 2
157 29
183 10
275 13
267 17
334 1
118 23
247 28
31 11
85 22
394 10
269 30
264 9
197 22
114 25
252 6
430 25
271 32
486 1
376 16
225 1
64 14
15 22
402 25
256 2
182 1
212 30
55 7
402 19
380 31
455 23
13 4
243 7
348 16
179 15
332 23
136 15
448 6
409 13
47 4
335 12
17 26
382 3
224 15
173 27
150 31
233 18
66 32
148 5
55 30
340 14
432 3
485 23
476 1
80 6
56 18
454 8
163 27
494 10
469 30
488 22
348 20
483 30
399 30
178 2
159 21
191 14
343 11
173 31
67 8
192 15
17 21
398 3
479 32
416 24
261 15
269 25
474 20
226 21
233 23
178 12
272 4
185 2
395 29
284 25
460 4
287 28
120 29
358 7
428 9
250 24
27 10
352 25
121 5
77 14
332 2
301 7
325 17
68 19
194 8
180 17
327 18
185 2
2 10
248 9
19 5
321 9
367 16
249 11
101 13
396 16
134 16
386 19
181 29
177 14
8 16
82 14
174 10
484 15
160 23
308 6
432 24
74 10
3 15
340 27
203 12
386 9
431 31
147 27
280 31
188 31
31 6
325 16
387 28
434 2
242 21
75 13
72 21
174 19
27 10
381 29
249 23
269 15
93 31
142 16
90 17
11 12
450 27
379 5
494 24
86 7
405 13
112 24
13 9
254 3
150 23
323 6
105 4
281 1
6 30
421 31
102 31
418 4
265 4
444 14
108 13
196 8
41 7
339 25
444 9
295 1
431 26
343 11
61 27
435 30
396 27
13 5
137 6
104 17
78 15
362 5
428 18
48 20
216 10
373 7
34 7
104 16
488 14
350 28
272 5
466 31
491 22
367 24
111 11
232 4
221 6
224 20
3 19
116 14
361 20
229 14
210 28
210 26
129 23
97 16
47 14
418 26
95 16
369 30
458 24
97 19
397 9
178 19
295 13
469 23
484 21
253 26
380 2
243 24
224 7
259 19
457 20
364 23
163 28
460 29
35 21
3 16
81 20
182 23
325 2
234 32
402 18
353 5
151 11
140 10
138 2
348 6
277 7
496 24
294 16
412 21
216 2
464 32
445 5
374 21
499 3
429 28
444 13
33 6
80 28
320 9
274 11
162 18
230 9
341 19
168 28
55 27
17 10
30 18
15 16
82 21
214 26
264 6
495 16
103 30
172 26
494 9
293 19
494 22
15 3
396 19
290 15
417 27
320 7
120 6
54 17
198 7
267 10
276 17
461 23
186 4
356 19
76 20
185 6
21 31
108 17
85 5
71 30
55 22
152 10
76 25
431 21
175 5
438 11
457 23
385 2
30 16
24 6
240 24
379 12
110 18
232 7
234 26
48 21
44 7
18 11
107 24
95 29
144 29
435 16
283 7
297 12
411 4
269 26
231 27
465 17
484 1
387 2
498 26
210 9
188 19
363 30
27 18
278 6
342 1
474 32
235 6
287 29
442 28
498 4
406 27
364 2
11 10
311 20
239 24
253 2
450 15
71 20
276 25
498 13
265 15
444 31
444 23
348 29
342 17
261 7
11 20
340 5
78 10
381 32
373 21
446 11
99 32
2 3
68 23
195 16
173 27
35 25
73 10
205 2
430 21
12 5
293 16
461 6
353 1
389 26
325 6
252 24
54 1
2 29
104 8
157 28
38 27
244 18
424 9
375 29
117 27
293 5
90 10
130 2
298 15
19 31
56 30
250 25
23 15
82 22
150 2
105 24
280 5
149 31
1 28
407 9
262 28
378 31
157 23
144 14
81 27
428 25
284 1
97 22
131 6
135 5
119 28
320 2
292 4
100 12
195 27
260 20
58 1
10 26
200 18
371 28
168 19
120 3
179 5
109 2
98 3
294 17
186 1
466 29
284 18
268 3
424 28
286 1
220 8
398 19
301 32
403 4
418 2
122 5
442 30
110 16
177 11
460 30
367 17
191 14
194 2
480 13
41 6
301 25
265 6
383 5
170 25
88 23
11 13
387 32
291 32
47 11
250 14
180 20
135 2
470 32
32 17
297 32
418 25
332 2
499 3
302 4
203 13
106 21
98 21
369 4
340 3
58 30
477 21
261 15
311 18
290 26
383 26
413 24
387 17
186 17
163 31
52 13
228 13
282 5
1 22
416 21
120 21
134 8
413 2
58 31
328 4
416 22
137 17
213 15
277 6
407 19
441 18
359 16
467 32
344 31
493 27
159 13
435 4
60 23
242 10
422 25
169 13
482 9
369 26
180 29
148 22
287 4
248 14
255 6
137 6
32 2
412 23
446 14
38 1
396 31
326 25
199 22
358 4
3 2
226 22
223 29
471 13
460 18
154 18
135 7
367 27
124 22
61 21
327 10
425 6
377 31
391 31
448 4
107 18
473 32
187 3
56 18
56 27
79 9
284 26
203 2
84 22
131 4
394 25
93 31
178 21
273 28
248 16
167 22
226 4
37 8
38 16
421 21
310 28
6 21
417 12
446 8
386 12
495 11
32 23
301 1
260 5
481 31
497 27
64 22
138 8
485 4
395 22
472 32
109 21
500 5
37 9
376 2
372 22
404 23
308 21
463 23
481 19
277 13
442 8
402 11
291 31
458 5
144 6
240 4
258 23
128 26
387 19
419 18
224 7
12 19
379 31
450 19
121 30
40 30
418 1
493 20
31 22
245 18
231 28
129 21
427 28
134 17
110 9
71 21
227 10
216 9
408 17
19 25
94 26
442 19
203 30
71 25
88 31
259 14
150 31
158 12
347 16
389 8
48 31
141 6
244 4
434 16
372 8
384 1
362 29
328 28
463 26
148 14
416 30
71 17
497 29
493 23
224 25
150 3
395 26
100 30
145 21
141 16
484 20
185 29
201 4
112 11
113 12
416 20
17 18
444 5
66 32
59 25
372 25
263 14
498 2
404 15
246 24
362 18
420 14
278 28
409 6
486 13
1 29
252 25
238 4
86 28
335 24
444 27
352 15
324 2
272 19
344 6
123 13
451 22
251 4
217 11
321 22
384 25
306 23
42 31
34 15
346 29
270 14
279 22
200 30
323 11
181 6
340 27
222 6
48 12
222 32
187 18
169 14
67 6
408 28
368 30
86 30
14 15
207 16
180 6
393 26
228 29
371 32
79 17
209 6
268 14
93 18
324 25
375 10
438 3
349 2
76 14
223 25
344 9
232 32
334 20
377 29
401 24
480 7
192 1
457 3
322 17
265 13
14 19
238 7
273 26
460 20
223 6
140 3
110 19
442 27
199 26
208 23
269 19
429 24
79 9
123 1
138 15
397 3
229 3
305 22
72 17
53 3
446 21
65 4
415 6
54 13
175 21
63 16
4 32
107 26
228 1
334 1
467 7
219 16
217 12
49 4
140 13
138 17
145 10
344 8
207 18
376 14
362 23
29 13
282 3
299 29
216 32
78 18
66 32
229 14
171 5
126 6
82 23
247 18
465 10
341 15
191 13
256 1
155 24
121 24
123 19
296 30
255 17
223 24
21 16
306 27
284 23
1 5
193 23
295 13
188 15
180 27
203 23
283 29
275 7
496 9
174 8
86 12
368 20
99 8

