256
495 14
224 10
104 25
108 8
5 2
483 22
343 20
68 16
64 6
301 4
291 6
83 27
279 6
81 30
253 19
182 31
236 13
20 8
417 15
147 22
392 17
387 30
288 7
102 11
136 14
62 2
227 25
321 1
106 9
314 30
243 31
456 27
252 4
22 16
454 16
293 2
1 16
79 4
134 12
491 1
137 28
398 12
196 30
220 17
322 10
362 1
232 10
247 19
497 28
3 30
491 7
295 11
326 30
279 11
109 29
431 2
320 13
109 12
398 24
20 16
65 10
488 9
403 10
483 31
205 29
348 15
484 27
38 25
220 8
472 32
436 14
73 27
434 13
326 4
65 2
255 5
79 2
129 29
327 8
231 15
448 22
77 7
72 22
92 7
281 3
471 32
20 7
27 10
280 32
489 24
49 31
324 11
336 9
459 10
416 1
44 19
119 20
146 6
438 25
185 6
355 19
490 10
253 32
179 12
219 31
375 32
261 31
246 28
355 17
109 22
97 28
484 7
476 1
109 25
217 25
334 19
151 3
297 3
190 15
287 1
494 17
28 10
63 9
202 21
329 10
38 10
166 18
344 21
2 28
257 11
448 10
141 30
117 25
205 14
116 15
418 21
355 13
214 14
218 3
38 14
429 12
175 18
449 7
438 14
322 18
20 22
339 21
71 7
301 19
465 20
469 2
376 32
179 6
93 4
208 14
497 20
57 8
285 21
42 10
455 15
471 26
336 22
486 23
116 27
385 16
54 10
166 22
177 32
223 21
443 2
250 19
270 27
314 26
311 7
480 17
422 30
91 25
259 24
367 15
418 24
158 32
457 15
253 9
370 15
105 16
108 30
455 5
364 28
135 7
475 2
143 24
63 1
152 18
365 31
252 10
474 29
253 22
84 29
266 25
35 26
117 27
427 11
371 15
190 29
317 8
118 11
411 29
396 15
58 4
285 13
41 2
69 22
187 20
354 20
457 29
25 21
31 3
199 21
445 4
258 5
404 15
72 10
111 27
228 24
78 4
328 10
269 13
263 27
400 17
462 12
357 26
484 3
289 30
139 13
422 8
346 13
123 1
342 1
87 14
253 24
433 28
485 22
328 32
212 8
216 30
287 28
11 19
310 19
452 20
236 17
196 17
401 18
201 19
254 11
164 10
6 16
438 2
1 13
89 21
344 16
238 7
79 8
253 8
399 8
40 26
281 23
66 21
256 26
275 25
108 6
219 5
386 8
102 26
272 7
450 8
346 31
302 1
287 6
16 1
461 3
170 5
141 3
274 32
204 32
109 31
338 27
423 27
334 8
460 21
418 2
276 4
300 9
392 6
482 11
122 27
314 31
35 6
229 24
54 28
208 30
94 29
192 28
119 25
244 10
333 17
191 9
128 11
37 23
428 31
278 22
461 15
396 23
248 21
155 25
408 6
18 10
110 13
221 24
437 8
9 18
329 12
230 12
42 10
327 5
284 4
222 32
398 14
91 5
94 5
2 17
310 19
354 11
80 31
498 4
390 2
137 30
57 14
26 2
484 12
419 31
159 32
215 32
109 21
404 14
253 1
407 2
276 24
332 19
186 13
222 28
186 11
497 27
428 2
340 15
225 2
234 27
102 12
290 14
456 30
116 24
450 26
121 17
133 4
431 7
132 25
98 29
215 26
59 26
468 19
257 8
360 22
427 21
289 28
23 32
465 30
303 23
11 15
491 7
78 10
313 1
278 14
229 4
356 20
485 3
390 5
366 25
230 12
62 26
212 16
113 32
425 15
442 3
41 29
281 14
206 22
30 7
207 11
326 10
398 6
236 3
51 22
239 4
245 8
2 8
87 22
336 3
381 29
1 1
61 14
243 30
431 28
452 5
382 13
51 3
439 26
269 29
239 32
324 16
159 29
143 30
439 30
312 23
107 5
91 19
298 5
489 20
457 20
216 6
421 6
321 19
256 13
403 14
448 14
329 19
51 20
408 29
301 15
159 11
383 9
278 4
286 14
259 14
409 15
283 1
444 27
243 19
396 1
45 19
371 29
153 25
196 20
261 1
131 7
107 21
223 8
45 28
353 15
453 22
481 28
146 17
42 9
475 29
33 3
132 23
244 20
175 15
196 3
139 10
409 26
190 24
333 22
491 22
241 28
3 1
235 32
145 12
36 20
417 17
490 24
323 21
35 22
376 18
488 18
407 1
111 25
28 12
34 10
185 18
17 11
495 27
334 3
231 18
462 15
142 12
398 8
36 16
165 3
366 21
277 28
49 31
220 12
34 2
149 10
379 26
256 5
268 30
364 26
163 29
200 16
480 13
119 8
233 20
130 30
436 30
221 28
497 13
263 6
46 27
452 32
428 3
149 8
148 12
249 14
392 9
113 16
397 20
239 17
367 32
226 14
478 7
489 26
239 15
355 32
365 14
411 29
13 3
44 16
126 4
322 22
92 26
389 1
17 27
117 19
50 31
388 23
141 8
500 23
330 15
218 31
160 20
43 12
391 30
36 4
229 25
33 13
494 29
309 31
103 29
245 17
471 17
179 31
212 23
193 14
385 10
440 32
390 6
420 20
419 7
499 3
15 16
319 16
156 27
18 3
404 31
115 18
451 25
337 6
323 5
55 19
143 30
455 12
327 30
15 5
32 21
96 2
248 22
405 16
393 31
366 8
389 4
21 11
124 9
352 11
442 3
357 28
400 15
467 3
388 5
175 15
197 14
168 29
36 1
200 20
347 29
75 27
44 19
277 27
8 20
465 9
386 2
384 22
336 10
216 28
34 30
198 6
364 26
26 15
142 13
326 24
141 28
278 8
198 22
55 9
385 7
153 31
44 20
408 24
89 11
307 10
68 28
204 19
73 17
181 14
158 2
53 6
109 22
186 11
235 16
363 20
110 4
242 30
255 5
237 20
327 7
317 22
250 12
177 23
453 9
388 26
419 9
259 7
474 12
37 9
35 4
32 17
119 13
2 29
125 2
420 31
484 13
48 9
108 28
407 20
285 3
373 15
291 12
81 8
427 6
324 18
369 11
162 15
331 15
63 7
104 27
109 23
71 25
171 30
232 30
294 24
428 30
70 10
149 27
481 32
120 1
241 8
363 18
178 2
416 32
500 15
426 13
457 32
117 3
230 24
260 15
216 31
188 21
404 21
435 25
264 14
393 4
393 3
109 10
300 20
14 12
246 3
112 6
139 28
32 32
427 8
242 2
330 25
427 14
117 5
322 32
267 30
87 7
24 23
433 4
422 26
327 11
236 6
220 30
17 24
93 19
395 10
437 4
115 11
309 15
75 22
315 1
399 17
204 19
300 24
98 17
433 4
388 12
65 11
394 9
210 6
227 32
320 15
180 18
377 20
368 8
174 14
496 28
287 15
494 6
186 3
158 22
366 17
138 14
356 11
214 29
16 17
373 31
455 32
472 24
243 16
135 28
225 6
488 27
181 5
448 26
276 22
188 13
354 17
275 1
207 16
478 10
428 26
261 31
401 24
66 11
275 20
411 4
181 30
362 13
230 30
431 9
119 22
498 24
294 16
33 32
111 22
73 31
211 17
273 7
269 18
105 15
389 23
394 29
264 16
486 22
417 16
202 31
237 19
358 10
174 14
381 1
103 17
175 17
490 27
127 10
488 8
152 16
98 10
500 18
153 21
59 5
252 4
455 8
311 24
369 24
258 25
120 8
258 22
377 11
444 15
356 27
86 11
158 20
52 22
249 12
494 11
124 14
270 18
85 4
446 6
268 15
258 19
414 7
385 14
113 24
145 4
111 18
327 28
117 2
129 9
286 27
375 29
220 1
191 28
428 24
461 31
190 31
286 27
233 26
97 22
201 5
17 3
174 7
283 27
425 15
7 22
385 22
470 16
82 32
260 25
499 12
408 28
290 9
347 15
418 31
72 18
387 28
281 24
283 19
202 11
177 21
268 10
294 17
369 31
101 4
235 7
52 14
343 25
38 25
215 23
335 10
425 25
226 29
132 8
119 2
66 15
246 17
60 31
421 17
265 17
260 19
324 3
345 26
4 22
206 2
189 8
356 21
112 17
169 15
292 31
280 9
285 5
393 5
415 25
125 31
38 8
382 1
47 18
230 6
459 11
267 19
178 18
463 17
406 23
87 25
473 15
257 2
243 25
454 22
166 26
188 27
313 5
119 11
146 20
408 29
486 23
455 15
352 22
7 10
252 29
158 1
163 3
334 30
267 7
415 12
68 6
338 32
375 32
91 32
155 26
476 16
228 11
358 24
404 28
189 11
161 2
83 3
112 12
80 31
54 18
14 17
448 16
205 2
159 27
193 2
496 29
9 4
155 15
155 6
434 27
64 2
40 27
269 32
414 4
234 24
342 7
292 13
450 24
314 5
142 14
478 6
378 22
65 16
204 3
89 14
265 5
231 24
151 19
159 4
199 20
235 12
491 3
32 16
226 5
104 12
202 25
61 28
67 25
111 18
47 32
259 23
56 14
466 2
192 5
325 22
16 32
281 18
290 24
2 27
8 21
86 14
38 22
141 28
122 19
77 8
154 12
478 21
29 12
470 24
420 27
314 7
206 14
145 27
110 26
361 1
102 27
178 27
444 22
446 30
273 3
85 26
210 3
191 6
210 4
161 29

