256
239 17
40 8
92 17
218 15
91 9
206 13
453 1
121 24
436 16
250 24
162 27
242 24
234 6
244 31
438 4
181 32
320 16
131 32
108 17
394 14
105 27
23 25
403 7
348 27
267 6
494 20
76 15
95 6
88 18
200 1
149 24
53 9
303 7
232 6
235 21
312 16
427 14
452 9
476 24
19 10
101 20
21 28
451 7
189 22
157 4
415 13
471 23
125 1
353 28
35 20
332 26
483 30
179 10
291 26
437 9
248 29
25 32
417 31
439 25
216 31
197 10
251 23
448 32
292 29
435 30
92 11
23 18
228 29
211 14
206 28
179 25
36 19
277 16
381 31
409 4
309 5
226 7
475 13
286 18
29 1
295 24
191 5
397 18
369 4
288 23
255 22
83 22
372 7
94 24
425 14
347 1
162 8
144 12
301 13
106 29
1 12
301 23
69 29
461 17
156 8
67 30
65 22
52 4
360 25
39 1
350 21
17 23
161 8
498 17
441 31
289 1
355 1
336 27
138 32
211 29
247 18
55 3
279 14
450 2
454 32
274 11
224 3
165 16
302 2
196 30
117 13
239 11
425 22
245 10
221 15
207 27
84 1
129 6
218 2
204 19
417 9
177 20
119 29
376 21
354 3
366 30
407 16
144 28
29 12
97 25
195 11
67 26
267 15
344 24
476 7
358 16
375 6
384 26
226 7
414 32
329 31
253 24
235 5
271 19
136 23
364 10
374 30
312 12
181 3
328 28
53 13
400 23
71 15
420 20
393 29
79 29
316 16
160 10
432 6
16 3
353 7
249 30
13 16
69 17
418 12
200 26
285 23
248 11
233 32
354 25
56 17
50 23
468 9
124 19
195 28
317 11
370 1
124 6
328 16
426 1
440 2
66 20
224 10
282 29
185 27
285 4
419 10
463 10
247 26
488 1
77 17
487 23
73 18
32 1
153 18
349 28
83 27
167 10
432 12
318 12
435 27
355 17
288 9
443 22
107 22
326 23
86 32
481 23
273 9
263 18
322 23
369 12
229 28
265 20
335 27
127 13
37 14
326 24
2 24
62 24
401 3
291 19
51 27
349 19
487 31
100 28
425 17
415 6
356 28
165 18
114 24
163 10
125 28
325 26
311 14
86 31
125 32
401 19
202 25
349 29
211 9
348 12
121 31
493 4
294 9
369 15
300 19
408 4
74 24
402 32
470 15
447 22
66 15
472 7
448 12
307 30
472 27
497 12
121 25
271 18
498 4
24 1
226 23
73 4
366 2
183 19
164 1
484 29
180 15
199 23
127 6
136 14
364 29
394 24
325 8
453 22
7 8
119 1
110 27
384 11
368 6
366 11
399 5
463 22
304 9
204 14
18 31
379 13
27 20
68 16
288 12
173 6
347 27
378 16
185 9
135 16
179 24
434 21
200 32
6 15
261 21
432 22
103 23
363 14
434 6
481 5
302 1
367 4
148 16
160 16
209 14
88 7
145 25
167 32
121 4
199 1
232 10
10 10
144 24
315 10
154 19
2 15
300 24
158 15
168 5
482 32
462 29
114 22
442 32
154 14
303 4
442 26
185 3
219 13
323 26
110 24
180 3
134 31
183 23
129 2
460 11
77 13
31 6
231 28
321 24
33 7
87 22
360 7
277 2
303 19
315 8
278 7
79 15
177 5
405 18
462 32
416 6
489 2
431 15
270 15
454 6
77 32
480 20
162 20
217 25
58 16
432 15
378 10
449 26
122 1
359 19
421 6
324 13
424 2
479 5
356 32
198 4
471 5
219 4
284 12
152 29
319 28
27 16
445 7
101 19
32 20
1 8
289 29
212 32
78 14
108 14
473 14
217 11
334 8
278 10
223 10
310 13
365 17
88 9
15 4
227 30
351 32
497 16
256 24
203 25
249 19
118 17
468 23
367 17
474 9
270 16
278 32
440 22
120 23
154 6
270 25
180 17
312 8
112 19
88 14
251 4
328 17
261 31
407 15
448 4
123 9
131 8
352 14
393 23
152 27
457 29
279 32
393 10
163 12
156 6
22 6
290 25
478 30
496 28
28 7
319 3
363 17
50 23
222 7
37 1
341 9
146 19
480 10
60 15
394 23
96 15
324 29
115 18
138 30
37 6
256 12
168 19
156 17
37 26
11 21
250 23
418 23
173 5
285 4
243 22
298 7
296 22
427 10
423 29
224 19
82 11
166 9
449 26
317 5
51 16
262 12
234 23
399 15
427 3
138 14
64 12
212 27
409 22
472 7
406 11
141 19
174 23
87 18
332 20
311 2
287 16
33 8
102 15
426 32
465 8
401 8
351 32
238 19
454 6
441 7
404 17
50 5
91 20
403 22
243 13
303 9
136 4
401 1
266 6
468 3
93 13
110 31
184 12
53 1
409 9
200 32
278 1
93 32
236 27
142 27
411 12
359 2
483 19
486 1
437 1
331 5
173 12
324 25
491 20
49 7
425 32
415 22
348 11
421 20
205 10
266 11
210 16
364 4
235 13
292 27
301 6
403 26
118 2
386 8
158 10
211 18
34 21
135 9
335 27
20 3
321 9
357 26
261 24
425 27
420 1
369 16
394 19
397 23
201 26
323 10
68 13
291 13
9 1
37 31
331 17
233 31
341 13
384 17
160 21
447 7
229 31
2 26
290 31
485 6
32 15
199 27
191 9
255 27
265 28
393 3
200 25
246 4
417 25
345 8
289 31
358 1
310 3
491 15
109 11
292 25
485 2
295 19
330 26
373 18
193 5
40 32
93 21
135 1
118 23
288 26
474 21
127 19
3 21
437 24
295 20
456 23
69 2
453 30
151 21
343 15
293 2
438 21
19 17
393 4
107 28
393 28
176 23
66 6
339 14
493 9
81 12
411 21
50 7
398 8
391 32
247 19
474 4
67 24
312 27
331 27
342 23
350 5
446 4
47 24
121 7
417 18
191 31
350 32
246 24
143 32
339 29
171 24
129 25
7 20
252 9
210 9
412 4
110 13
179 24
492 23
398 4
500 16
291 14
179 8
301 22
23 27
414 25
303 18
486 1
186 5
498 19
329 9
306 26
469 28
297 24
135 15
424 26
486 30
39 13
101 11
190 11
330 19
20 24
349 21
292 10
93 1
280 5
253 18
63 29
273 15
385 31
257 16
245 27
373 31
259 17
474 8
447 15
254 30
286 30
174 29
487 10
70 3
39 6
204 13
247 32
163 23
235 24
142 23
14 18
113 24
338 30
71 28
240 24
454 17
278 11
454 28
245 11
382 3
196 17
235 18
61 9
276 15
168 13
125 17
282 25
304 31
27 6
255 2
402 20
291 19
38 32
294 18
118 12
268 25
112 2
311 12
103 18
170 10
355 30
303 28
235 2
255 13
36 21
378 5
272 32
319 5
115 4
443 8
491 10
101 11
64 11
478 22
496 16
287 26
497 25
338 3
251 16
195 2
304 29
74 11
444 28
235 27
355 5
494 14
239 2
152 26
356 13
319 8
480 13
53 9
46 22
59 32
333 26
433 8
30 6
414 17
249 1
235 31
177 13
152 19
26 3
216 26
284 26
85 11
491 1
91 12
379 30
183 27
255 11
403 12
324 20
108 16
316 7
378 25
423 26
259 32
332 23
181 11
360 25
82 22
106 8
237 16
173 11
398 27
89 12
62 4
468 2
335 19
216 1
127 26
242 22
289 21
212 18
244 27
86 21
125 3
496 17
26 1
484 28
299 16
427 1
336 6
234 6
381 9
382 3
438 31
96 26
400 3
399 19
82 21
319 14
27 2
270 9
334 25
32 29
29 10
345 28
56 30
33 8
378 7
146 7
241 2
244 24
252 11
134 1
479 16
242 21
118 12
113 19
116 32
287 12
454 11
7 25
60 8
296 13
306 9
455 18
386 19
390 14
45 19
174 27
179 28
83 20
427 12
98 10
191 21
38 20
367 28
4 7
435 11
67 16
296 6
490 29
424 11
170 20
253 24
46 31
111 28
78 25
175 24
282 18
264 23
213 10
363 17
260 21
219 3
241 14
52 6
47 31
460 20
146 12
263 31
495 29
170 28
113 1
451 23
414 30
213 22
48 31
46 23
76 1
485 24
130 32
45 24
362 12
96 15
419 22
49 1
435 7
189 7
119 15
145 24
57 10
9 20
136 19
262 27
23 3
26 32
134 14
32 32
277 3
354 16
188 27
312 10
325 12
225 7
195 13
326 7
78 10
58 30
92 3
424 14
269 10
118 7
223 5
398 16
127 19
399 30
357 14
140 13
414 24
475 20
232 16
210 26
190 19
375 21
289 14
247 26
451 16
460 14
216 5
377 26
311 27
7 4
188 30
52 1
213 3
208 25
30 13
458 11
387 8
352 20
333 2
233 12
165 12
161 4
252 21
221 6
163 19
433 22
429 25
303 5
363 10
437 12
131 14
463 21
77 22
192 10
263 20
45 7
319 13
306 14
93 6
484 15
308 28
308 8
252 26
377 14
472 9
358 26
207 16
470 11
485 22
192 27
289 8
25 8
292 10
29 20
59 8
342 6
132 6
102 23
259 26
201 2
142 30
35 24
81 9
483 17
370 22
15 6
114 11
469 17
72 2
141 2
65 6
347 12
483 20
283 10
129 7

