256
454 11
138 1
228 26
136 16
77 20
259 24
47 2
116 12
343 25
238 9
324 10
403 6
284 14
453 20
1 14
124 3
45 26
471 20
27 22
331 3
477 6
330 16
359 5
83 5
221 4
97 12
429 28
394 25
405 22
332 25
279 28
63 27
273 30
446 7
195 17
253 28
70 2
47 28
82 5
332 2
153 13
50 21
280 31
145 16
140 25
144 22
488 3
93 8
444 30
58 18
18 22
309 3
447 23
218 28
188 30
181 4
330 10
272 17
24 5
496 27
97 7
285 16
197 1
343 8
118 4
278 12
265 6
74 15
145 12
90 24
193 6
171 18
352 18
482 23
62 1
94 18
467 2
93 16
458 23
7 31
390 16
62 18
74 24
68 18
131 9
401 11
279 3
196 30
216 29
60 10
5 5
139 3
382 28
338 7
222 9
414 12
332 15
469 13
462 29
326 8
45 6
266 19
500 13
156 28
489 4
197 5
220 31
168 14
418 25
440 12
53 25
103 25
32 19
493 13
459 3
289 20
396 6
178 16
367 22
463 27
253 15
200 32
345 7
73 7
223 1
254 32
421 8
12 32
130 28
149 9
174 1
444 6
342 1
169 24
158 31
415 14
493 18
234 25
332 26
451 22
22 16
181 19
263 12
98 17
400 30
333 5
182 20
346 4
100 30
83 10
496 13
371 8
462 4
177 21
262 31
51 23
35 31
281 5
479 27
41 18
124 13
154 22
500 32
181 20
13 19
61 25
464 19
200 29
387 32
70 20
355 28
486 13
54 19
185 4
145 6
261 4
450 11
277 18
414 17
105 6
424 1
490 3
299 30
163 9
65 16
36 27
55 6
307 5
140 24
492 4
421 29
255 14
19 32
23 16
192 3
413 19
495 19
353 22
92 20
330 12
99 26
427 14
91 13
466 22
428 25
69 32
61 31
70 27
58 12
214 14
423 31
216 17
29 21
62 32
436 4
127 10
109 17
39 27
490 8
132 1
313 8
265 21
374 14
156 4
481 25
33 7
495 16
24 7
168 29
494 11
476 17
489 28
377 11
338 30
235 5
135 19
372 31
123 18
288 22
381 4
147 5
23 5
364 2
368 24
482 17
486 30
185 22
245 2
57 15
131 19
255 29
189 31
15 11
224 6
441 4
422 15
220 20
431 27
193 30
114 18
363 20
483 15
129 8
312 9
14 15
327 8
59 31
98 6
178 21
79 10
128 20
260 31
147 10
430 27
192 11
365 22
346 27
452 7
130 20
11 23
206 10
115 12
204 4
189 17
385 28
54 16
119 17
359 22
355 8
456 2
182 28
99 16
371 26
206 24
165 4
495 14
257 13
486 21
172 10
45 8
145 31
420 20
263 6
233 9
417 24
14 30
212 32
181 10
366 2
285 6
306 15
252 18
91 13
226 11
114 11
22 27
221 9
226 23
70 22
452 26
349 9
288 32
281 4
493 2
58 10
27 11
408 26
128 19
366 2
113 28
476 14
442 20
427 3
30 4
328 9
186 4
298 21
236 26
144 12
223 29
209 1
415 13
379 3
319 32
248 27
427 15
416 16
270 30
238 11
42 9
132 31
241 5
403 16
358 10
407 24
451 16
32 13
436 18
111 26
6 18
36 12
284 27
4 1
497 13
204 26
158 31
116 2
467 10
77 32
119 11
255 25
302 14
286 21
48 20
194 17
458 1
40 5
384 23
146 20
488 17
269 25
35 4
246 17
457 10
176 31
8 6
144 14
67 29
250 18
28 16
370 21
24 30
226 11
304 31
138 23
71 10
287 29
493 8
457 25
57 28
24 5
413 15
226 19
447 19
445 26
122 6
311 18
75 8
256 23
258 26
21 20
3 28
284 16
43 28
444 20
75 31
16 23
337 9
317 23
419 13
461 29
427 31
38 21
158 9
231 11
390 24
446 5
263 13
388 21
172 27
108 30
2 31
84 6
215 28
325 2
13 13
26 27
407 11
291 16
59 26
330 21
477 23
193 3
207 12
247 10
114 31
475 31
329 26
157 4
309 1
381 29
117 2
463 23
172 6
438 30
479 31
382 15
245 10
45 23
5 7
180 27
349 6
437 2
415 29
73 19
277 9
248 9
210 6
267 21
315 4
314 9
174 4
247 22
473 7
368 2
138 11
448 18
52 20
15 14
181 23
41 13
391 16
202 8
349 20
36 32
376 14
308 25
249 31
319 29
49 26
50 18
437 25
24 20
85 22
306 29
477 2
221 11
337 30
171 5
94 14
200 9
259 12
221 11
266 15
80 14
429 5
352 13
330 3
204 10
264 1
178 4
58 14
459 18
172 1
283 29
38 26
437 9
193 5
7 14
48 26
124 28
419 27
192 28
201 7
161 20
108 10
56 9
87 6
411 2
198 17
226 19
26 2
235 15
171 14
28 26
31 23
397 5
125 28
48 13
186 4
493 9
397 24
458 4
117 12
297 2
412 3
400 5
36 15
359 10
80 15
275 2
389 23
411 22
110 6
42 20
370 2
440 22
137 13
453 21
468 30
66 19
124 10
372 3
304 10
217 19
320 15
344 29
366 26
74 23
64 19
474 9
353 6
402 13
162 23
242 10
456 23
64 19
476 19
441 23
17 1
161 20
500 29
44 21
110 1
191 21
84 21
457 8
430 27
276 11
417 21
276 4
176 16
154 11
274 10
282 30
251 10
478 26
446 1
318 28
342 24
80 21
24 13
212 5
99 15
100 23
356 3
238 15
214 15
385 20
336 26
481 2
108 2
39 9
183 8
312 4
216 20
300 11
484 19
396 6
349 31
300 4
221 21
438 19
131 11
274 26
488 22
404 7
64 22
204 26
298 19
473 29
110 20
103 5
134 22
378 6
196 5
38 21
417 27
351 27
149 12
13 9
81 16
435 24
209 30
93 2
5 13
222 22
188 5
411 5
26 4
155 14
169 20
138 1
370 8
132 19
315 16
155 19
115 9
391 3
79 27
33 23
400 2
48 7
430 6
260 32
450 22
29 18
457 14
54 22
357 13
196 7
32 2
417 26
143 3
321 17
494 1
155 5
458 18
331 8
364 22
195 1
355 19
282 19
92 3
489 20
372 16
118 11
238 18
253 28
45 1
452 18
129 18
282 2
11 32
177 26
202 15
390 32
297 11
219 32
210 27
335 29
94 12
187 27
190 11
62 18
363 1
123 11
174 24
281 21
15 21
262 12
180 8
476 4
378 30
216 31
252 22
19 1
206 2
380 31
496 17
332 23
10 18
53 3
209 13
219 31
142 5
495 5
188 22
148 29
163 11
152 10
265 22
314 2
79 5
216 3
338 15
137 7
204 25
381 8
374 32
338 7
432 16
187 15
301 18
35 23
197 6
432 29
60 10
282 18
290 29
212 3
247 12
325 10
389 18
213 10
157 22
480 20
234 26
58 10
499 12
201 7
482 32
359 13
229 32
178 23
340 18
497 6
441 2
387 1
379 31
294 3
1 25
326 26
290 23
471 29
178 3
187 19
155 6
199 11
389 29
253 1
470 26
314 10
275 21
443 13
151 20
39 7
361 4
236 30
98 3
290 27
229 29
286 7
226 12
470 6
212 18
194 21
175 12
295 5
412 9
453 18
324 31
65 8
206 24
186 27
358 31
282 31
7 3
173 28
402 22
198 22
68 7
498 18
250 8
191 17
380 7
223 12
486 27
239 7
290 24
50 12
103 23
438 17
101 14
193 6
104 14
319 11
280 5
264 6
312 18
42 28
449 24
395 30
254 25
476 4
409 5
191 7
59 24
471 19
89 3
13 8
404 19
66 4
203 14
65 3
283 30
58 23
222 4
16 7
436 24
370 12
368 24
206 23
39 9
437 20
43 1
23 27
484 13
482 10
418 6
52 24
355 9
135 24
412 2
255 8
345 8
43 21
36 5
491 14
129 19
405 23
80 28
469 7
368 14
452 1
51 28
40 22
464 6
185 16
28 11
75 32
267 9
436 18
217 30
79 25
57 32
368 4
263 32
402 2
490 25
118 32
208 25
445 24
183 2
399 6
272 29
81 30
441 25
191 18
294 14
2 6
105 25
189 7
409 18
200 6
295 9
437 30
325 26
25 31
215 27
420 6
247 9
228 28
221 18
345 22
391 22
68 11
271 4
65 7
198 24
76 32
284 16
345 1
245 18
319 3
144 3
149 3
443 12
430 11
497 10
380 28
175 27
438 13
55 23
475 20
470 30
447 14
414 15
214 22
364 12
321 12
474 1
250 24
48 11
430 8
8 2
135 18
108 9
479 26
427 17
469 12
355 31
1 28
410 6
277 13
450 9
280 31
417 5
43 20
263 24
212 2
485 30
304 21
122 18
458 4
438 27
148 16
193 8
59 6
66 28
375 31
284 10
141 13
239 19
368 29
359 27
271 3
129 18
139 30
207 5
2 4
227 17
288 23
148 30
225 5
385 15
431 29
308 32
73 6
310 8
47 28
371 1
215 27
242 21
452 20
153 25
295 23
101 10
354 1
132 10
165 32
380 8
388 15
223 4
233 24
252 23
52 14
299 18
324 8
322 31
191 31
80 17
57 32
271 2
132 2
339 5
121 2
96 29
257 18
320 5
349 11
323 28
396 17
17 31

