256
123 30
82 19
416 5
142 23
71 8
152 23
304 27
19 20
422 20
95 30
362 30
203 5
466 4
18 12
300 18
447 14
491 16
461 2
208 22
116 18
137 15
152 16
465 10
396 18
45 10
239 6
396 17
491 25
201 8
340 4
149 14
273 8
166 17
397 17
186 1
355 3
131 10
262 24
380 21
333 16
351 24
34 6
68 32
310 28
383 1
471 32
286 16
375 11
328 15
28 6
487 30
336 30
91 25
417 26
458 29
98 12
24 31
405 28
6 14
63 4
214 22
123 27
129 9
302 4
472 1
321 6
62 16
427 4
309 23
474 22
296 7
425 7
53 17
114 2
246 25
297 11
62 8
161 18
268 10
497 7
142 30
49 7
177 15
59 21
170 8
102 25
454 10
135 18
58 1
415 23
277 23
113 6
130 6
379 14
87 11
488 25
396 32
487 21
363 9
261 20
428 19
200 29
240 10
238 22
434 32
304 2
363 13
103 20
394 29
93 32
60 21
412 15
320 23
231 2
295 12
417 15
206 32
455 25
302 25
446 19
48 26
149 14
18 27
106 23
436 2
242 31
334 14
153 10
256 16
187 2
79 32
124 24
71 27
80 8
123 30
311 10
127 15
432 28
413 25
406 32
290 7
342 16
4 11
129 23
82 3
309 20
122 8
443 1
362 26
416 20
251 2
358 13
388 21
372 25
29 25
148 6
128 22
441 19
188 13
242 25
236 2
428 17
185 22
401 11
447 25
234 6
246 27
426 10
231 26
286 27
130 25
77 17
478 21
240 13
290 13
285 17
86 16
233 22
137 18
168 20
154 30
281 3
344 10
236 7
207 13
185 21
10 1
445 19
482 8
356 23
220 4
499 1
56 7
427 24
68 22
127 1
199 3
324 11
317 15
321 15
136 17
63 1
470 8
483 7
247 18
425 3
330 3
123 9
5 25
428 1
347 11
497 1
165 4
143 25
83 27
208 14
320 10
214 29
481 32
91 32
34 31
46 7
141 4
451 9
69 14
421 11
136 10
15 5
441 22
133 31
472 4
92 27
314 25
431 30
1 25
373 10
239 30
100 23
438 30
228 30
279 8
124 3
417 18
67 30
147 3
232 23
243 8
261 20
480 8
201 24
64 14
217 23
343 16
385 12
217 12
137 24
112 16
262 4
250 32
89 8
230 29
14 8
496 15
379 3
318 12
307 21
5 27
387 3
339 24
127 23
87 23
402 22
23 7
78 8
194 26
19 8
338 13
247 25
159 10
160 16
57 22
60 13
340 15
407 26
422 29
85 8
148 30
206 26
353 23
145 10
152 15
321 6
47 32
26 21
45 25
32 29
354 8
13 30
390 23
223 27
304 7
170 7
349 31
324 9
361 32
450 5
482 3
354 9
42 7
437 10
416 1
390 13
264 14
314 29
172 1
315 23
47 24
129 11
211 28
447 11
271 5
435 9
19 24
485 8
371 13
497 30
241 22
258 20
139 20
8 6
460 6
137 26
10 25
253 20
217 23
494 15
447 13
443 1
272 7
376 2
200 24
131 32
461 9
296 15
312 3
261 15
477 17
480 6
161 12
409 29
283 22
420 29
34 2
46 6
141 5
447 28
497 6
131 9
170 14
408 9
81 12
455 25
64 30
246 4
370 22
305 12
407 12
84 13
437 5
246 21
402 24
268 6
473 11
206 10
176 5
474 8
280 8
16 11
66 29
419 15
266 15
438 29
150 1
465 6
2 26
15 15
105 10
152 14
32 1
71 12
322 9
167 21
324 19
296 21
443 14
175 1
492 28
85 21
485 5
78 2
110 20
240 14
78 3
143 17
451 18
20 8
110 15
77 9
369 28
26 15
289 32
75 4
164 11
272 24
207 17
133 12
293 8
382 2
466 20
330 12
89 14
40 30
388 16
335 28
339 4
122 19
411 25
258 30
355 13
73 18
229 13
81 1
280 22
94 29
190 20
13 14
477 28
180 28
19 18
323 21
77 32
335 23
492 28
265 27
324 9
112 4
246 8
277 9
6 6
122 7
497 14
324 25
37 31
188 19
220 10
263 4
158 13
487 1
40 15
347 15
143 6
266 12
2 22
265 11
264 26
53 20
223 4
85 15
435 32
17 18
486 7
302 19
227 16
143 26
94 14
332 20
299 25
476 32
343 20
158 10
329 26
69 19
142 9
13 32
277 1
229 18
159 6
256 25
373 22
354 18
239 25
54 22
133 5
189 31
472 31
284 4
408 5
406 21
357 22
476 21
150 5
98 28
438 9
44 31
455 5
480 1
81 21
82 13
265 11
392 16
469 19
91 32
379 8
129 4
265 8
220 18
160 30
73 22
22 32
260 4
364 3
21 32
476 26
361 16
76 24
32 12
130 18
124 1
118 32
96 22
207 27
500 19
336 20
316 30
40 27
185 23
17 5
199 20
363 3
288 2
162 3
186 3
440 25
151 13
412 6
143 30
265 10
336 24
65 23
309 16
429 22
359 14
254 29
141 24
467 4
258 24
246 7
122 26
103 29
446 22
222 8
335 2
433 3
290 14
25 14
305 10
147 3
251 29
219 23
368 29
171 13
164 32
419 14
305 17
262 31
238 11
394 25
173 23
447 6
28 19
263 32
128 22
495 18
162 1
121 5
250 3
358 17
262 4
50 27
149 7
21 26
146 30
162 30
444 12
483 23
283 21
155 26
358 25
140 27
65 20
104 22
106 17
431 23
236 4
285 8
495 9
474 28
423 19
161 26
95 27
41 29
91 7
286 25
47 1
171 23
388 18
129 9
86 19
360 22
390 16
409 32
153 30
375 31
17 19
144 15
29 8
339 28
82 32
272 12
253 6
443 20
68 15
485 25
481 28
326 22
191 11
106 3
468 16
121 24
367 25
298 15
152 16
366 14
112 29
417 16
283 27
207 26
133 31
354 9
238 32
335 5
118 20
123 17
271 8
125 5
360 14
32 31
410 29
300 13
238 5
88 28
427 30
73 8
337 6
24 22
309 14
354 14
297 1
215 4
72 7
56 7
112 27
497 17
188 17
245 17
365 24
148 19
478 32
202 18
497 10
91 10
435 1
435 24
273 21
151 8
339 2
126 15
145 18
175 20
270 28
460 22
103 15
277 8
30 2
97 18
55 32
183 2
484 18
73 32
118 19
99 1
280 20
111 16
49 13
459 7
56 6
304 27
228 4
90 1
410 27
135 16
226 13
453 25
138 9
464 4
99 30
416 15
341 18
6 21
162 1
411 6
86 23
376 26
146 1
274 31
3 12
371 20
429 31
288 22
200 3
173 2
16 28
28 16
317 14
97 11
498 31
48 19
73 15
100 15
443 6
125 10
133 27
377 9
170 9
479 1
119 23
166 11
443 18
194 31
79 30
441 12
1 24
362 17
466 10
143 21
335 12
206 31
114 26
380 31
98 6
3 13
212 1
55 14
214 16
117 16
242 21
219 10
249 24
314 18
41 25
474 15
428 3
194 9
113 21
176 30
134 6
130 21
198 32
55 23
284 15
54 29
431 32
118 15
204 31
97 24
91 6
471 26
249 20
263 5
292 10
274 1
467 12
473 21
439 23
279 26
49 17
450 8
456 27
10 7
350 22
255 16
28 5
162 4
92 12
340 31
213 9
159 3
16 19
47 31
158 2
380 14
10 14
389 1
396 11
124 1
208 6
389 27
306 26
362 1
325 5
483 25
166 29
67 1
123 18
339 24
143 23
190 4
400 26
116 11
328 11
244 4
320 28
122 25
385 28
373 25
388 23
97 13
347 11
438 2
332 12
453 14
346 30
477 5
72 21
244 27
35 27
138 15
174 28
331 10
447 32
118 22
262 18
239 9
432 16
282 24
451 2
89 29
228 22
97 23
10 16
253 8
30 15
250 31
354 29
260 32
340 9
133 17
146 23
61 22
398 2
45 1
428 17
349 3
402 29
305 15
137 9
159 22
299 12
369 32
192 28
303 3
61 20
484 30
158 12
487 16
238 31
256 17
220 12
171 21
252 11
236 20
383 26
54 10
153 30
37 13
105 8
227 29
127 2
223 4
106 13
191 27
296 2
359 27
253 29
487 21
355 18
244 25
115 17
474 16
274 11
316 7
202 10
43 12
456 29
463 25
30 2
107 21
303 29
339 16
197 29
264 31
399 11
343 25
8 25
484 9
179 3
11 20
397 18
207 24
374 13
116 23
26 2
227 17
390 25
88 22
94 3
488 4
61 10
208 8
498 4
201 4
194 31
407 18
468 21
293 30
486 24
244 15
129 31
191 22
239 30
455 12
480 30
27 13
124 11
460 9
278 4
149 19
75 3
413 18
20 13
235 25
465 3
367 29
5 6
315 23
187 29
279 3
211 17
411 2
391 2
306 8
234 22
343 8
361 31
53 16
163 8
88 15
322 14
424 10
363 30
420 22
6 2
272 20
207 6
253 13
403 31
469 12
216 15
147 12
121 12
159 23
191 2
114 28
52 17
337 2
274 4
19 7
158 14
199 24
323 15
164 26
213 24
65 1
146 24
208 18
115 7
253 21
316 14
316 23
402 20
485 11
111 15
305 28
497 11
335 15
158 23
248 6
482 13
2 20
228 18
97 6
280 13
146 31
66 9

