256
416 4
21 27
14 5
113 7
347 2
476 24
286 15
58 28
283 11
270 18
198 4
372 15
179 18
379 26
166 1
125 30
384 9
396 18
453 20
24 11
133 19
282 23
477 16
194 4
266 23
173 12
499 20
210 21
126 24
166 3
196 31
224 27
491 24
32 20
479 3
242 32
406 32
234 22
419 7
345 8
93 13
147 23
265 12
472 6
499 25
32 26
131 8
477 30
227 32
417 9
415 14
372 24
385 29
405 27
235 6
339 32
470 21
270 18
397 1
475 3
230 31
89 16
114 17
185 4
424 29
100 18
111 20
9 23
280 22
150 19
15 20
342 12
324 7
70 8
204 20
115 1
254 7
348 23
471 29
262 6
133 6
232 3
185 32
90 8
5 11
478 15
78 11
355 5
134 24
473 25
171 23
473 29
345 8
495 19
204 13
60 29
470 15
431 10
383 24
117 3
110 11
110 31
469 12
440 6
239 16
290 13
54 22
389 2
286 28
64 1
344 11
177 25
118 28
318 8
331 18
90 21
232 27
127 17
14 22
154 8
329 20
365 10
409 29
131 6
488 30
387 31
21 3
495 2
374 24
341 17
98 18
497 5
333 23
381 18
41 11
450 17
330 14
455 6
270 5
488 2
483 18
292 11
288 23
492 18
450 20
70 23
465 6
228 17
392 16
143 8
346 28
5 23
461 19
117 18
247 8
339 25
329 19
231 12
269 14
481 22
405 30
117 6
319 8
18 31
155 24
346 17
455 30
27 27
12 3
145 7
98 31
487 2
317 2
394 25
143 10
7 16
480 27
121 10
170 10
212 24
150 14
176 20
111 15
371 27
197 27
233 27
201 31
424 10
140 9
306 15
247 16
34 26
138 18
375 11
291 11
483 28
496 10
396 2
212 30
432 9
132 28
407 16
235 30
53 26
351 27
360 25
374 5
174 20
398 20
170 17
486 32
332 21
162 27
143 1
344 18
133 15
238 11
11 8
73 23
49 15
125 9
223 27
5 24
214 3
295 11
295 9
239 30
317 20
205 19
124 16
33 29
227 18
147 29
445 15
151 25
345 4
105 3
478 14
462 11
216 5
129 2
93 31
487 9
118 23
220 6
91 32
350 5
373 8
405 9
419 19
13 19
34 2
330 19
431 15
257 30
103 18
155 31
104 29
456 2
184 3
167 26
426 8
442 18
215 30
318 5
104 26
248 6
299 13
352 9
71 21
374 14
494 4
220 21
373 19
22 20
349 28
33 22
407 10
275 18
23 32
254 22
422 13
467 20
429 19
301 20
427 2
377 12
406 12
220 6
271 22
37 19
133 5
97 20
246 15
161 20
315 26
97 8
119 4
307 31
234 23
250 28
485 18
431 30
74 6
223 28
95 27
166 12
31 22
119 12
485 3
99 19
396 7
386 2
462 20
265 31
3 18
354 3
140 32
432 1
138 2
260 32
264 9
311 26
39 9
273 3
59 3
173 7
269 14
172 19
453 8
425 11
450 11
145 29
266 12
5 15
229 24
487 8
40 25
489 30
430 5
452 12
335 20
146 16
385 26
186 2
105 18
144 26
240 25
198 6
68 18
260 17
317 2
492 9
99 25
286 28
445 6
219 4
213 25
87 26
386 20
287 18
381 6
396 1
274 1
330 2
147 25
490 27
391 9
23 21
165 9
368 30
398 22
93 6
302 19
411 31
302 25
29 10
331 28
6 28
220 15
445 14
128 14
33 2
119 11
6 23
363 5
96 32
310 20
74 8
218 4
298 11
181 22
53 27
453 30
466 13
97 19
390 20
400 2
93 22
329 10
153 31
174 32
155 7
288 4
94 25
211 20
376 3
273 24
457 26
189 19
250 1
37 31
212 4
413 8
306 13
105 6
135 30
57 9
113 24
368 18
201 19
301 20
173 14
59 18
151 31
404 12
236 8
390 19
79 10
103 4
246 11
45 1
337 14
373 13
149 21
6 21
23 3
128 27
84 18
28 22
137 15
485 16
74 10
170 1
380 28
240 9
183 13
209 15
90 18
319 30
26 24
439 12
334 26
446 9
456 18
2 28
256 30
167 22
64 12
186 27
312 25
271 14
413 12
216 30
117 22
92 2
61 14
41 7
299 18
163 18
459 13
197 3
354 23
248 17
51 13
211 10
61 14
59 10
17 18
327 21
159 2
274 19
299 2
465 22
151 8
203 22
496 20
28 29
114 15
118 12
59 24
229 31
13 11
444 29
412 15
13 2
40 6
141 31
303 13
288 26
436 26
119 7
241 6
132 23
272 17
370 14
280 23
152 13
237 20
25 29
70 26
70 17
27 18
151 6
167 2
487 18
280 13
385 8
102 28
78 5
116 32
406 19
398 29
391 22
4 8
134 17
305 16
386 31
265 16
364 31
178 2
237 13
306 9
180 31
340 18
131 15
57 20
201 6
445 32
291 32
211 13
225 7
332 18
49 28
497 9
83 18
114 11
334 24
143 18
178 22
475 25
288 19
196 4
188 28
283 18
292 9
458 12
211 25
477 20
89 29
376 15
351 5
193 12
112 11
401 18
168 31
302 3
109 21
146 8
489 9
126 12
125 23
147 32
76 19
299 4
299 14
38 29
366 10
37 14
268 5
119 19
16 8
93 20
268 26
272 12
18 21
239 19
183 13
182 26
211 4
273 14
357 14
362 2
391 18
403 10
39 13
444 26
144 16
29 16
126 8
371 11
48 18
489 7
198 14
340 29
205 29
270 1
422 19
487 1
381 17
174 27
262 6
324 17
5 32
168 30
356 27
477 3
352 5
485 9
339 9
161 3
437 14
456 14
413 6
374 5
330 24
63 19
369 18
200 17
441 3
207 24
109 23
51 8
351 3
213 13
63 21
436 15
155 19
61 3
184 10
63 13
185 5
308 29
214 3
278 6
225 28
154 2
370 24
497 12
442 25
261 5
434 8
207 16
438 15
6 17
405 24
337 25
44 28
346 17
2 3
114 3
310 19
264 15
174 12
250 4
469 18
324 18
57 26
341 18
149 18
466 1
117 31
345 4
298 14
120 24
16 9
82 13
56 29
355 5
104 21
196 12
466 15
177 31
401 29
220 17
66 18
453 22
192 9
45 9
43 12
344 6
101 25
235 16
269 13
236 29
397 28
500 7
154 5
441 18
397 20
102 15
49 18
348 20
407 29
285 17
260 28
358 28
53 8
219 9
385 31
249 21
90 13
199 3
277 31
297 17
3 22
339 23
156 3
495 2
283 7
362 6
406 7
106 22
163 12
483 3
130 3
383 3
331 18
462 31
72 26
132 2
359 14
329 22
360 3
279 14
453 8
36 10
211 21
20 29
316 30
123 10
436 21
16 15
438 17
225 22
86 28
287 25
30 15
310 25
141 5
31 25
80 26
303 26
58 2
14 13
27 20
170 30
345 2
80 14
14 25
347 28
364 26
396 29
452 1
282 25
497 28
185 17
81 19
218 2
12 32
362 18
71 4
204 27
69 27
401 22
291 11
33 7
232 4
399 12
337 24
276 9
343 20
261 7
151 3
412 26
62 22
404 20
9 27
399 29
93 23
10 8
45 3
390 5
174 16
312 10
320 19
47 26
250 11
289 12
489 8
266 14
29 17
34 21
127 16
465 31
82 3
454 6
221 19
106 10
483 25
460 10
355 6
167 17
368 3
208 29
211 1
258 7
141 11
128 27
74 12
338 31
418 31
485 18
134 14
88 20
359 15
121 17
256 31
21 3
298 29
479 12
201 9
98 14
379 13
460 13
317 1
311 6
440 15
428 17
237 19
392 3
413 32
11 20
2 20
290 31
112 21
158 12
357 28
5 15
332 1
39 32
465 6
438 32
348 29
328 16
231 19
382 15
434 5
162 16
276 23
438 7
423 24
50 7
407 11
366 26
223 16
238 11
105 31
295 9
391 26
240 9
45 10
115 30
366 24
469 5
430 27
231 25
206 28
131 4
186 20
201 16
104 22
151 24
464 5
364 14
270 24
178 10
225 12
496 14
123 20
286 17
222 28
405 31
295 7
390 29
235 31
444 30
232 6
249 8
38 21
253 8
216 11
325 12
278 24
85 25
136 10
305 25
385 17
488 27
447 25
215 17
171 3
222 11
252 3
450 18
83 6
301 2
188 9
441 6
297 5
218 12
246 6
140 18
434 27
12 12
356 3
265 10
385 10
280 12
456 5
129 2
135 21
39 26
258 15
287 30
207 28
337 32
229 12
433 22
307 29
394 26
23 30
391 3
143 23
246 19
251 11
340 5
7 23
207 28
61 29
169 24
201 1
219 25
37 8
443 19
448 16
356 2
345 14
80 19
268 17
289 31
51 25
255 26
211 1
25 19
158 14
38 22
254 1
490 26
112 28
484 11
471 23
380 23
437 15
6 8
135 14
426 26
126 9
299 20
493 7
459 6
72 16
359 2
456 9
467 23
484 7
329 15
141 12
121 1
370 14
485 25
272 14
394 1
442 4
85 31
218 27
436 30
390 31
467 26
199 25
116 10
235 17
136 28
4 29
304 22
234 4
230 5
50 31
402 7
166 26
277 11
28 9
172 29
63 6
466 13
423 6
442 29
378 14
384 17
38 20
106 19
327 19
276 8
161 29

