256
215 31
368 4
232 18
460 16
182 7
355 19
306 23
400 31
132 7
365 19
127 26
124 22
309 8
145 24
23 1
409 2
179 24
1 23
114 5
22 23
343 16
386 28
386 13
410 14
159 23
500 22
192 20
455 32
407 15
199 30
39 23
19 13
87 3
479 24
331 8
346 18
80 23
25 29
368 7
38 22
413 10
15 12
13 21
455 23
271 2
348 17
316 18
230 6
237 32
305 27
412 11
296 31
85 25
307 4
459 5
330 27
382 4
326 10
17 16
164 27
489 20
448 9
81 9
410 25
88 11
88 15
69 31
489 21
55 8
457 21
492 18
235 25
333 20
322 13
44 1
340 20
348 19
40 25
167 10
97 2
368 4
253 8
419 29
292 25
240 20
338 15
237 28
159 26
484 8
122 19
465 13
114 28
451 2
444 25
307 5
223 30
76 11
313 10
419 32
319 11
352 16
93 24
79 32
361 26
83 23
144 15
147 18
63 2
411 30
66 29
398 20
242 10
114 30
319 5
157 21
43 16
292 7
300 15
238 24
136 13
346 20
219 17
389 5
90 23
139 11
219 4
295 12
361 28
365 32
292 5
316 14
85 24
321 28
34 26
99 13
230 1
300 1
289 4
81 2
338 7
236 12
107 10
219 23
290 31
146 5
308 10
119 24
125 7
331 6
200 5
178 6
225 18
82 21
17 10
242 15
85 2
114 27
7 17
9 16
267 7
81 18
172 7
21 16
489 27
453 12
132 6
321 4
459 22
369 12
268 14
386 16
87 19
394 26
183 26
93 18
408 29
79 15
223 12
226 15
302 18
103 5
12 11
289 14
177 1
1 32
118 18
295 29
237 24
2 7
441 30
220 17
471 27
131 29
250 29
108 11
238 6
484 5
484 24
423 16
132 11
307 5
309 29
453 1
492 22
315 5
252 31
485 14
37 19
266 30
175 21
188 29
434 23
13 10
146 19
281 5
210 8
378 26
40 10
266 24
488 32
316 19
318 16
460 22
118 9
491 17
98 27
205 23
53 13
152 31
356 25
179 29
372 12
138 3
238 15
146 21
186 21
463 12
464 6
61 6
498 20
374 11
82 2
330 30
350 1
36 13
413 31
325 24
270 30
399 31
68 20
83 26
357 25
461 12
170 5
253 12
424 6
114 5
259 23
343 21
276 30
17 16
444 10
324 6
155 2
424 19
117 23
180 29
255 16
145 13
12 25
444 12
227 13
144 5
204 18
445 27
68 26
18 11
303 17
428 9
266 20
31 7
414 6
207 24
201 11
444 9
452 27
352 2
500 3
14 11
37 31
33 4
272 14
318 26
95 30
382 16
301 29
446 26
326 25
233 23
207 21
295 6
119 18
39 22
196 13
172 8
363 4
187 2
106 25
59 16
102 28
263 6
408 21
467 26
213 15
464 15
431 14
281 18
107 27
371 18
223 7
34 17
98 4
422 27
76 12
106 17
124 9
430 31
77 20
116 9
151 7
411 5
188 11
334 18
362 29
300 12
247 29
373 12
256 14
251 28
126 16
8 1
76 2
279 20
37 23
496 23
325 19
472 17
97 17
362 2
9 5
394 15
345 10
303 1
411 1
284 16
260 7
136 8
432 15
43 29
13 23
7 1
445 14
53 5
283 19
203 11
427 20
250 24
417 20
224 19
456 19
67 3
149 18
254 1
172 5
401 4
187 15
225 3
89 21
227 27
43 13
365 30
80 30
445 28
17 12
175 4
26 17
39 22
146 16
106 2
292 18
353 14
117 9
164 29
206 23
427 4
23 27
421 3
257 21
450 9
384 12
245 29
68 19
287 30
278 8
235 22
102 3
399 26
16 19
274 9
305 12
172 11
342 13
133 30
309 11
371 1
410 19
453 18
101 15
247 6
335 13
447 16
419 30
5 26
112 30
358 24
329 14
446 14
122 15
120 26
13 18
474 14
308 23
455 8
369 13
137 27
33 8
342 8
133 18
237 20
327 3
363 23
476 12
29 9
238 16
378 18
341 28
228 4
482 30
259 22
235 23
109 3
182 26
70 2
500 11
261 26
105 31
333 28
283 21
28 4
360 5
474 4
460 21
51 17
86 17
347 28
407 23
439 5
256 8
106 27
18 27
433 30
341 5
201 3
329 28
347 28
337 28
91 32
224 5
89 1
301 23
481 27
241 27
147 28
130 5
251 20
471 11
121 23
299 10
286 7
253 32
166 5
155 32
237 10
248 21
242 24
111 6
458 23
344 17
346 2
209 8
473 19
130 5
489 32
118 2
258 19
461 7
311 27
382 27
196 9
371 14
380 25
11 18
35 19
294 1
180 22
180 8
180 26
96 16
441 26
498 31
436 18
325 2
425 11
293 16
187 11
261 19
348 16
256 18
478 5
114 21
50 26
12 1
307 7
100 11
172 1
149 11
55 14
205 31
180 9
302 10
11 11
284 22
186 31
444 27
439 25
23 28
54 10
68 4
344 12
459 16
116 23
326 30
432 6
352 27
378 10
181 1
216 32
302 13
207 29
267 1
6 21
485 7
26 24
271 13
423 25
88 15
39 22
412 19
295 8
433 9
269 17
265 4
281 30
88 15
15 22
483 16
494 11
430 7
223 32
239 5
132 15
387 7
240 31
345 30
414 5
410 22
94 14
369 6
444 8
64 6
161 2
329 6
365 10
24 15
310 30
83 1
88 6
167 15
120 31
417 9
492 18
418 25
204 22
162 11
445 17
456 25
122 4
462 30
393 9
424 22
246 31
347 18
180 29
216 7
376 12
35 31
310 12
303 29
441 20
11 29
40 22
193 21
101 18
499 5
138 30
47 31
484 17
272 31
461 16
313 8
471 19
406 24
2 28
144 30
375 26
30 18
323 14
75 7
227 25
120 24
198 6
303 18
114 6
196 2
413 21
262 16
59 15
15 5
79 27
58 25
16 28
367 3
13 17
465 8
217 20
307 30
453 21
299 14
35 31
492 15
207 25
330 25
123 5
381 17
355 31
154 18
378 20
412 2
16 29
481 12
164 8
349 9
248 24
386 22
346 5
81 8
185 2
20 4
106 29
360 4
339 29
34 20
88 9
105 19
173 30
186 21
225 7
157 32
386 18
106 19
123 26
134 19
447 25
466 1
405 10
216 15
394 25
310 22
46 23
436 6
352 6
406 24
360 22
399 9
456 12
179 30
41 20
88 32
168 6
244 1
83 3
19 20
60 17
457 29
95 17
174 26
366 28
225 1
493 7
25 24
331 3
229 23
70 5
62 1
222 21
13 24
468 16
279 19
212 20
483 6
332 16
455 25
87 15
477 28
5 1
231 7
55 8
410 24
128 19
212 21
480 25
152 31
108 22
325 7
369 31
124 12
314 10
100 25
460 28
184 12
428 6
3 30
225 16
457 24
86 13
200 9
97 23
363 12
485 23
22 21
345 29
257 3
426 4
263 29
284 14
200 27
211 26
45 32
465 13
287 11
373 3
467 29
189 26
172 5
220 25
378 5
41 26
279 26
193 1
202 28
338 30
391 32
307 15
335 32
491 22
26 20
108 28
184 16
377 24
321 5
252 14
365 5
387 15
110 3
35 20
259 28
269 21
123 7
287 26
50 29
79 15
344 6
123 32
185 31
235 9
447 6
406 11
482 28
305 8
223 7
107 29
414 11
333 29
153 19
346 23
99 4
481 31
461 15
322 29
102 20
354 16
245 27
211 3
255 19
22 21
58 4
161 27
354 1
211 30
315 12
60 1
479 25
59 23
495 28
288 20
139 25
496 8
103 30
462 9
424 19
185 9
462 13
156 3
189 26
172 31
274 20
120 20
124 30
395 18
410 30
66 8
26 9
283 8
470 24
485 21
430 13
78 31
366 1
409 6
302 1
409 31
16 4
179 31
57 29
460 26
310 21
366 15
437 16
314 2
96 6
3 17
319 20
268 12
368 16
89 13
460 21
96 3
376 30
465 25
50 17
102 19
301 19
45 2
467 22
347 10
8 25
438 14
484 9
361 31
233 9
20 8
150 23
371 21
240 11
161 13
111 31
351 32
81 31
205 19
252 3
460 15
104 22
436 7
454 20
438 22
301 17
82 26
275 8
326 26
138 27
6 13
101 4
364 9
102 12
80 21
470 23
316 9
436 31
364 10
251 21
427 15
461 28
352 11
459 21
452 21
15 9
49 7
16 12
148 13
183 11
173 4
265 4
429 13
91 28
294 21
296 20
95 20
80 10
194 18
326 1
338 13
157 6
307 20
1 2
140 7
32 32
187 13
152 23
53 6
110 14
286 1
65 28
12 16
29 17
386 2
53 7
46 25
461 1
232 29
10 11
496 14
386 14
394 13
352 18
482 21
291 11
217 31
350 8
203 10
136 16
84 8
162 25
100 2
333 11
287 27
405 2
88 30
19 1
31 18
426 28
330 16
483 26
126 12
477 28
62 24
119 1
3 1
125 30
458 18
284 32
4 28
229 19
181 15
423 3
116 4
427 5
119 5
194 32
240 30
276 5
281 6
149 19
378 30
236 8
287 23
431 26
58 8
84 11
258 30
153 22
57 11
22 19
487 24
270 31
237 13
231 10
143 8
152 24
357 12
59 19
258 6
284 20
353 23
110 2

