256
131 13
10 8
2 30
147 26
136 31
336 20
389 16
114 9
56 5
287 13
222 11
127 14
373 5
127 22
244 17
308 2
361 21
18 27
338 32
424 21
86 19
465 19
338 10
263 14
158 5
138 12
204 32
113 8
361 4
313 12
420 32
330 17
288 23
495 6
362 30
154 20
380 2
274 18
48 32
167 25
436 24
288 19
272 29
271 28
492 23
235 19
407 20
43 10
114 13
375 32
10 9
275 26
498 24
311 21
287 9
102 26
132 17
65 23
289 7
386 12
121 25
43 19
388 1
425 22
178 11
477 23
179 7
428 29
2 26
221 20
418 30
361 2
211 25
156 27
111 10
483 28
14 5
110 13
165 10
254 18
37 22
29 7
184 24
243 25
398 20
324 19
137 25
216 31
109 12
402 16
265 32
303 22
112 24
382 8
150 4
118 22
69 2
400 21
157 31
289 10
310 25
221 2
149 16
497 1
11 26
328 15
485 26
404 28
246 6
371 19
273 28
80 1
337 3
445 22
325 2
399 18
198 27
432 10
407 20
454 5
29 26
44 5
115 23
108 4
288 2
106 4
170 29
253 26
16 25
351 32
134 14
326 19
220 5
28 18
388 6
99 4
467 10
280 17
144 7
145 28
68 10
491 5
139 3
447 6
144 13
197 21
250 22
460 2
130 3
299 17
172 9
432 6
390 27
275 18
301 11
317 9
372 11
309 26
254 11
15 9
256 4
25 17
233 4
326 19
175 5
379 14
225 23
188 31
77 10
352 18
84 28
302 7
326 6
465 19
69 31
327 8
190 24
328 27
187 10
489 1
482 15
59 26
233 2
172 22
411 7
391 30
42 32
300 8
153 4
446 21
95 21
396 4
476 20
262 6
81 10
375 10
321 21
119 29
234 27
214 32
17 24
341 3
295 32
426 28
256 3
20 6
347 12
337 2
491 7
188 27
200 14
484 8
50 6
73 23
96 22
278 1
390 18
23 4
257 12
483 20
22 15
213 5
270 2
394 24
500 13
330 23
346 21
219 27
266 3
29 26
428 6
326 5
423 28
205 8
147 7
43 20
41 20
240 14
9 30
421 28
418 22
58 4
414 16
362 4
270 15
245 10
196 22
218 11
269 22
2 23
461 12
434 17
3 2
15 19
159 3
370 8
37 32
43 2
55 9
333 1
147 1
374 10
498 23
164 6
365 5
180 9
61 6
29 15
491 23
426 5
478 15
428 18
426 23
315 29
79 24
9 21
76 6
270 14
176 18
339 8
450 15
216 6
188 9
425 26
287 22
178 24
348 9
129 18
279 28
106 29
91 10
285 10
347 15
91 10
192 10
414 21
152 1
3 11
225 15
368 8
480 1
479 7
353 8
452 8
403 5
192 21
374 21
10 28
235 21
94 2
234 23
418 21
339 16
427 32
346 2
427 1
42 5
4 10
364 31
377 14
216 21
110 17
101 32
13 11
424 18
112 17
316 1
393 30
301 3
69 14
464 3
323 5
252 22
250 19
484 31
85 23
251 2
492 27
17 20
37 20
461 16
448 12
380 8
281 32
362 6
178 13
344 28
33 15
29 31
266 4
113 2
415 15
395 2
417 4
261 13
55 25
304 27
348 11
46 12
67 12
477 24
84 25
95 9
471 3
103 8
338 3
289 32
281 12
361 25
299 21
353 5
193 32
207 16
42 1
372 20
160 12
351 3
224 29
415 11
271 17
134 5
83 27
64 3
458 5
263 20
397 31
460 6
122 23
333 8
419 16
123 2
404 6
376 31
474 15
173 1
307 27
57 18
81 8
308 26
44 15
145 5
389 4
382 11
270 30
378 16
270 12
469 9
29 21
151 19
487 16
99 1
482 23
238 30
126 6
451 10
320 3
314 32
198 23
422 32
112 27
7 1
355 32
405 23
172 16
385 22
83 27
154 8
341 8
329 15
289 27
488 32
225 5
19 2
347 9
241 14
443 16
191 9
75 23
180 2
354 8
107 4
251 12
203 19
3 15
409 31
13 24
250 5
48 29
159 22
61 7
56 7
498 18
4 4
192 15
21 14
450 27
185 24
239 28
143 25
122 11
384 19
151 21
371 30
105 29
296 21
132 23
372 25
448 11
405 15
409 1
388 14
256 13
262 2
312 16
438 17
158 17
67 28
158 26
358 22
170 13
131 25
355 6
282 10
80 14
144 8
314 20
401 9
456 26
118 7
269 4
51 3
228 26
86 25
259 23
203 8
447 25
433 5
38 18
454 13
103 6
160 12
481 8
41 24
222 30
54 10
213 20
268 21
425 10
381 31
148 27
315 3
267 7
99 16
312 21
124 22
2 15
33 18
343 21
269 24
83 6
257 19
277 13
439 6
434 20
440 21
106 10
379 1
352 30
28 7
382 12
132 11
138 29
216 16
441 4
99 3
305 8
170 1
436 28
338 9
131 10
301 29
383 20
461 3
157 12
101 2
343 5
272 17
249 7
164 17
322 7
64 18
470 9
262 1
44 24
125 19
377 5
263 19
104 11
197 8
414 30
1 13
382 20
441 2
462 28
22 3
218 5
260 15
169 6
295 17
473 23
387 29
344 17
311 19
75 4
263 16
157 3
96 2
239 24
371 16
140 20
335 21
477 6
248 5
319 18
357 7
313 23
343 4
95 18
306 1
13 16
9 21
183 12
58 9
140 24
324 23
319 10
339 3
456 14
144 26
332 28
269 8
447 3
151 25
264 32
414 8
228 10
296 2
377 17
34 24
132 1
498 19
367 25
449 26
126 28
299 5
444 19
452 10
178 22
134 9
262 27
421 5
172 12
250 25
273 15
416 4
491 30
58 25
102 11
30 27
450 5
388 29
395 11
486 12
497 8
69 22
370 5
450 6
408 31
90 12
333 13
436 27
270 5
32 31
351 5
154 21
241 25
249 32
83 23
263 3
58 31
188 31
171 17
320 19
187 1
110 27
118 13
46 23
38 9
462 32
341 15
392 22
7 5
273 9
227 31
168 24
70 3
62 32
344 26
22 2
494 16
401 7
28 18
350 13
78 19
157 6
277 32
203 7
40 15
371 30
214 26
253 11
97 11
374 16
400 28
321 29
379 13
356 6
222 1
323 23
367 31
217 19
378 23
425 2
98 7
387 19
37 20
93 29
306 6
424 1
213 28
449 11
169 32
497 6
8 3
189 18
149 25
368 30
379 28
147 20
439 30
138 3
25 2
311 14
400 10
238 8
181 10
55 13
490 3
443 9
73 15
75 5
91 30
98 21
234 1
445 28
130 14
350 14
16 28
187 23
97 8
378 9
461 16
182 26
334 8
151 22
106 29
478 28
166 28
16 19
24 24
126 25
246 11
10 21
338 32
27 10
471 8
267 23
188 8
233 9
71 19
279 4
459 24
223 8
183 14
79 14
50 8
62 11
383 11
407 24
118 9
358 16
188 20
223 7
71 23
248 9
41 14
20 23
133 10
178 24
183 24
225 28
312 11
230 18
209 4
265 31
124 10
470 28
97 20
38 23
202 17
11 18
162 10
444 3
475 6
166 10
377 30
445 28
28 11
233 29
14 22
267 26
119 8
301 28
132 22
234 5
327 17
427 4
478 30
486 13
343 31
166 32
393 26
111 4
136 8
360 18
341 26
491 27
66 31
26 29
332 8
381 26
60 23
350 17
29 3
193 23
190 18
294 30
320 17
205 15
248 1
308 20
394 10
250 27
144 4
359 28
239 24
337 2
250 18
38 2
225 15
353 22
440 14
347 11
50 19
418 21
319 25
88 13
227 22
227 10
465 30
197 3
29 26
204 2
423 21
408 31
323 28
412 3
405 6
373 7
13 6
307 11
367 3
247 1
84 30
314 16
411 15
454 15
100 21
68 18
101 19
373 12
86 4
38 23
246 26
1 2
404 23
144 30
53 3
66 16
68 7
35 26
93 16
120 28
348 23
418 13
366 30
224 23
425 5
497 10
374 9
483 29
156 23
398 24
369 23
344 24
194 6
265 18
366 24
182 25
422 27
13 23
240 28
442 24
348 26
38 30
287 12
350 2
498 20
149 26
414 32
153 7
370 1
97 27
152 6
151 6
228 24
416 23
251 9
482 19
295 15
24 5
391 9
374 28
324 30
106 6
14 6
196 3
379 4
173 30
421 15
307 8
190 31
466 25
431 12
243 9
170 26
157 20
342 18
152 30
404 5
107 13
218 14
355 16
446 11
330 26
201 16
218 31
210 31
35 21
334 1
69 4
394 10
119 27
459 6
104 10
230 26
482 20
364 4
247 25
362 16
378 7
64 19
157 13
130 27
117 27
171 30
22 20
115 21
2 1
262 6
287 4
19 32
291 6
456 25
394 17
113 16
83 8
70 27
152 19
133 21
218 15
306 11
218 24
379 16
344 25
29 2
132 19
102 18
281 5
162 22
225 18
1 12
153 7
250 13
473 27
425 6
37 18
429 11
1 15
178 32
299 14
178 2
456 3
407 24
187 29
114 27
194 18
422 7
36 12
3 17
406 19
50 14
8 6
400 12
489 17
203 27
338 12
421 30
214 15
381 20
247 2
15 25
460 20
491 11
107 17
59 4
271 17
158 6
290 9
137 10
190 27
269 23
275 1
172 20

