256
53 28
344 29
456 21
273 2
298 26
464 16
196 10
161 17
499 16
474 22
10 20
73 1
240 25
473 24
97 10
425 17
201 12
302 25
369 26
142 18
475 17
301 30
150 13
2 24
12 4
169 29
231 1
154 30
89 26
246 1
220 2
186 8
493 31
280 13
412 25
378 11
377 30
260 3
491 22
378 6
441 7
375 15
491 32
345 32
5 2
468 28
463 17
348 15
343 3
168 7
48 25
345 4
427 24
154 1
69 32
122 5
282 8
180 12
375 32
55 32
465 11
307 3
379 30
381 10
133 12
180 28
445 32
307 27
479 5
491 4
196 32
408 9
460 27
452 14
462 31
417 26
233 8
56 3
81 13
36 5
336 27
96 28
90 31
354 17
215 16
320 6
308 27
90 23
166 1
452 15
103 17
257 7
296 4
150 28
100 21
293 8
400 32
271 9
142 25
409 32
320 12
469 23
307 18
245 28
155 17
302 17
269 18
296 24
74 1
143 5
481 19
164 4
175 15
73 16
59 5
376 14
413 20
209 23
106 17
42 24
1 27
220 1
105 31
184 2
311 11
54 20
113 18
23 15
4 3
455 6
428 14
143 24
25 23
410 6
8 31
93 8
349 5
129 5
179 32
334 2
342 12
133 7
309 11
93 28
102 19
225 21
228 19
424 1
422 25
86 17
487 3
288 15
343 32
140 9
432 25
362 9
64 30
227 32
353 4
183 22
218 27
186 22
478 21
402 23
145 27
31 3
17 30
317 3
438 4
84 29
281 21
493 32
143 20
68 27
243 26
300 12
213 25
109 2
297 22
292 25
349 30
423 13
343 11
428 24
47 27
500 11
11 25
374 1
416 9
499 2
395 10
321 23
338 14
148 14
291 15
278 19
464 32
208 6
143 15
438 25
349 17
219 23
281 12
364 20
237 18
205 23
216 2
441 29
307 4
243 17
230 16
440 29
72 3
350 26
133 31
254 25
76 20
191 24
119 6
256 19
472 32
189 19
189 21
91 15
68 25
296 9
205 3
341 24
233 7
193 21
329 2
49 20
121 27
464 19
497 23
298 24
234 14
154 23
467 24
269 26
281 4
183 25
298 7
464 10
65 32
246 18
453 10
149 21
385 16
15 5
34 12
200 28
150 5
42 28
300 22
1 12
374 23
268 31
410 19
405 10
238 6
219 18
296 32
114 20
183 13
264 21
440 19
188 17
167 1
56 18
390 1
102 15
443 1
138 20
452 22
30 5
43 24
231 10
171 28
221 6
472 20
274 32
298 9
204 28
393 28
134 30
20 11
249 18
307 26
18 30
279 3
299 9
350 25
363 17
224 15
226 28
271 15
163 8
311 10
384 31
477 17
188 32
455 8
310 5
173 23
223 15
429 5
476 18
253 10
298 16
124 23
375 26
373 5
314 27
255 5
441 19
417 21
79 15
64 4
335 29
418 21
39 18
429 2
475 21
203 5
9 3
499 15
424 32
272 29
258 2
433 19
256 21
179 6
423 2
425 22
478 2
166 9
391 3
382 22
127 21
342 27
115 20
370 18
63 29
127 13
166 15
223 17
112 5
311 6
494 31
143 4
281 5
340 19
255 21
388 29
9 1
220 31
421 1
365 7
81 31
359 26
401 17
222 16
333 32
398 27
267 16
150 31
52 9
421 26
413 25
391 6
241 14
100 13
50 20
348 10
306 6
79 31
139 12
422 11
184 3
1 10
63 2
200 6
490 24
272 7
132 22
380 9
123 15
385 16
295 8
357 20
142 27
362 4
438 32
454 17
306 19
422 20
104 1
334 30
445 25
52 8
470 15
300 16
261 5
467 31
120 23
359 25
109 4
40 22
207 10
371 5
300 32
232 15
117 17
52 25
373 15
488 22
385 16
285 26
324 3
52 31
277 10
204 9
334 19
135 16
440 5
52 23
148 12
494 4
404 17
28 5
500 28
470 28
155 31
233 30
209 13
124 26
398 19
222 3
274 32
271 1
212 6
304 8
161 29
475 13
45 7
193 12
222 10
132 12
120 28
57 9
500 4
166 30
7 3
480 28
447 18
344 6
276 19
221 8
147 24
352 28
402 4
87 31
58 14
350 21
434 18
209 17
85 30
182 11
465 14
426 3
115 2
272 22
120 21
30 3
392 17
310 9
129 4
267 2
318 16
66 27
373 19
35 21
500 25
104 16
82 5
78 4
150 26
290 26
46 23
388 25
255 25
433 27
296 7
420 13
166 18
215 22
260 18
198 19
22 9
75 15
330 20
354 19
205 11
100 26
165 7
38 8
387 18
154 27
20 30
147 13
411 14
426 18
167 12
280 8
424 6
494 1
210 7
436 6
194 31
16 18
374 17
481 4
227 27
294 26
60 5
135 6
6 8
139 16
183 26
63 7
476 12
63 25
106 26
450 3
385 29
361 30
370 13
221 16
327 31
45 30
159 15
355 20
239 25
39 9
467 25
379 18
360 22
478 21
291 7
468 7
244 12
488 17
20 5
412 31
75 8
84 5
135 31
100 13
135 26
145 9
442 4
246 21
169 3
117 7
2 32
338 13
263 17
209 3
385 28
481 23
427 28
395 25
354 18
285 17
335 26
293 28
157 19
428 21
113 25
135 30
332 8
358 3
149 6
229 13
389 5
196 4
124 30
80 26
140 1
170 26
498 2
102 22
352 5
330 9
425 4
430 21
288 16
203 4
409 27
172 22
195 19
465 30
13 20
147 32
260 32
477 13
482 14
262 21
459 11
1 15
55 3
343 26
422 25
333 6
31 12
127 17
427 19
43 15
339 5
442 26
209 6
207 6
200 8
226 6
411 23
244 1
9 23
362 10
335 22
259 2
49 10
442 31
180 32
265 2
377 26
320 9
328 2
330 19
197 7
388 27
133 11
275 21
421 20
70 16
329 13
325 10
418 2
204 17
102 21
319 6
26 14
118 13
15 27
83 23
353 22
170 30
305 12
126 1
80 16
184 8
228 32
489 17
126 25
445 3
13 19
260 26
104 21
447 14
175 5
181 15
351 22
364 27
145 30
83 32
389 11
336 8
478 24
112 11
368 24
33 28
23 20
474 10
20 28
96 22
300 28
73 26
329 16
8 17
129 15
49 25
61 24
484 2
59 23
493 31
207 25
10 25
317 15
58 20
402 25
382 10
132 14
55 4
93 23
433 10
357 5
442 29
216 2
306 10
224 10
52 6
175 2
362 15
396 32
30 26
424 11
203 12
68 5
15 21
171 3
86 31
483 31
295 2
304 25
176 24
250 19
161 4
492 27
266 4
294 20
389 17
58 31
272 22
199 11
490 30
289 7
100 20
305 23
321 5
347 32
340 16
75 24
372 6
226 5
305 11
284 5
236 22
135 23
171 6
349 20
259 14
438 30
261 30
104 21
202 2
429 29
398 7
245 5
272 6
257 21
489 1
473 12
234 28
434 32
145 3
267 3
272 12
112 16
297 20
112 11
369 24
243 6
246 27
386 10
309 19
298 17
387 22
224 8
81 29
227 17
143 25
331 14
48 19
297 12
362 1
194 26
152 29
348 22
127 9
119 23
79 28
435 13
389 2
436 2
19 26
46 29
6 5
427 21
171 7
249 28
483 22
113 31
82 20
236 9
45 18
495 23
473 6
88 29
439 23
182 5
37 16
322 2
456 12
447 10
322 23
361 25
340 25
495 30
433 10
482 9
287 4
451 7
257 2
471 16
413 1
356 9
232 21
194 3
276 32
16 18
38 16
458 2
348 32
3 20
33 4
460 3
163 27
77 16
300 11
319 20
51 18
216 26
55 6
320 6
253 7
131 27
210 32
372 30
39 26
41 7
209 13
241 3
115 17
494 2
68 16
330 6
190 17
400 8
306 27
277 27
406 4
201 23
347 16
376 2
445 5
160 5
121 17
375 23
69 25
500 28
32 13
106 9
226 1
168 19
427 29
441 28
352 1
299 2
64 6
287 24
294 11
364 26
347 3
500 27
459 8
403 2
180 24
415 17
364 26
288 18
378 16
474 21
221 32
131 32
297 25
496 15
215 19
356 29
449 24
180 15
207 14
101 18
441 27
495 28
300 6
297 10
361 26
258 5
393 20
69 30
157 28
132 15
274 19
284 3
194 3
333 8
396 1
138 20
299 28
343 15
117 27
128 21
113 21
262 13
477 30
46 21
97 21
355 6
368 14
296 17
452 25
313 31
61 18
386 20
285 32
162 13
71 25
229 15
377 26
39 21
375 5
337 15
465 12
45 32
181 28
245 9
320 9
331 13
210 25
296 6
296 1
98 18
449 18
400 5
20 27
382 2
375 2
69 23
261 5
23 6
8 7
426 20
175 20
412 8
324 31
433 4
367 30
337 23
207 21
343 26
379 20
324 13
294 12
295 2
60 25
347 15
435 20
246 13
232 1
48 19
67 32
26 29
361 11
451 12
155 14
497 13
221 32
137 22
415 27
420 26
248 30
393 18
242 10
347 25
147 18
231 9
374 1
498 14
323 24
153 9
93 30
361 6
173 13
179 8
427 18
265 26
68 9
60 1
147 10
485 29
151 3
209 12
323 10
110 13
358 18
325 6
115 9
115 12
33 6
227 28
95 19
337 6
500 32
174 14

