256
370 1
350 18
284 12
438 24
373 16
85 24
308 32
266 9
10 23
323 5
342 12
310 3
277 21
484 7
196 10
354 1
110 19
66 30
2 8
161 30
411 1
237 30
289 30
166 14
28 21
194 9
444 12
259 8
276 18
314 32
207 19
36 5
73 18
414 2
457 22
151 15
170 19
288 22
240 18
108 3
146 21
339 5
156 21
160 32
394 25
255 1
344 30
121 16
95 6
194 7
459 16
121 16
83 1
438 18
66 9
293 23
197 31
299 29
432 6
136 25
134 26
129 9
383 29
245 6
282 10
232 28
485 1
220 27
113 17
93 18
53 1
240 21
367 2
305 18
347 12
327 4
33 3
309 28
204 5
97 1
194 12
77 6
32 8
449 12
304 13
25 16
277 4
308 11
153 21
293 11
256 7
331 5
425 27
408 8
395 32
465 12
35 5
469 23
40 17
414 3
309 31
402 9
54 21
80 7
173 16
57 9
342 31
69 30
229 12
246 23
35 14
414 21
454 19
487 29
3 13
187 32
191 16
248 12
500 27
450 13
402 3
305 31
97 1
213 26
52 2
152 22
19 18
6 32
300 21
316 6
245 26
465 11
293 13
382 12
243 8
168 17
42 12
239 10
196 11
315 23
260 19
184 26
384 22
453 7
34 20
336 10
473 17
416 21
365 9
409 3
332 24
251 25
400 2
363 15
292 5
194 24
347 17
181 26
66 10
264 15
253 12
80 10
252 11
342 24
496 30
74 3
178 13
52 25
18 30
23 25
294 12
212 25
445 1
74 2
26 18
313 6
289 8
355 24
239 13
7 6
150 8
412 31
108 3
255 1
228 30
286 2
345 9
366 5
389 11
151 18
128 23
396 24
206 6
307 16
150 29
381 28
97 29
478 24
107 17
33 31
214 18
412 22
166 25
199 3
67 1
24 31
15 11
314 20
373 5
16 2
137 24
321 5
40 23
289 19
383 21
185 20
490 16
5 31
224 3
413 10
107 21
188 25
207 30
193 15
326 16
101 2
455 13
47 27
71 3
345 9
359 29
252 28
124 5
206 19
15 27
488 10
407 4
94 13
381 14
44 2
345 12
19 4
120 9
498 27
103 10
347 1
222 31
364 17
59 22
395 9
40 30
46 30
261 20
114 1
277 5
198 30
4 5
125 8
485 30
166 24
167 4
252 12
314 20
436 4
37 30
149 24
415 30
77 28
185 30
168 18
347 30
287 18
286 15
325 14
236 26
209 18
206 29
141 31
428 24
95 24
257 15
243 15
288 3
198 29
8 6
138 2
435 28
408 4
186 12
489 21
278 22
174 3
10 2
353 1
241 3
252 13
41 6
371 29
164 5
5 7
286 6
229 12
269 28
291 10
71 31
78 12
328 3
182 5
64 15
125 28
37 28
4 2
73 2
110 8
294 22
259 15
459 23
150 27
122 8
384 24
219 1
244 26
211 17
235 6
163 3
133 16
439 8
129 31
361 14
99 15
55 21
233 29
343 23
443 28
174 26
359 4
490 22
142 28
379 28
177 5
438 1
444 28
296 4
239 16
13 1
162 19
193 27
431 31
481 5
202 14
402 12
250 23
14 15
294 8
118 18
488 7
130 32
135 25
207 29
285 20
413 6
138 17
44 21
343 16
145 8
30 23
103 15
141 20
21 31
211 6
256 7
396 2
482 14
14 8
106 2
407 6
96 1
326 7
317 4
15 13
211 20
359 30
174 16
133 30
434 12
183 29
246 14
278 23
164 24
414 5
441 25
139 32
69 32
379 13
484 29
197 14
288 28
211 17
407 28
6 24
391 16
380 24
469 18
214 24
301 11
253 1
151 7
481 27
58 7
307 9
103 32
87 18
59 1
202 5
492 15
8 2
394 15
369 26
396 6
198 8
61 14
141 19
44 9
134 25
331 20
494 17
443 24
174 13
228 3
169 20
433 12
305 14
415 14
391 26
459 24
210 3
389 10
434 24
174 3
33 32
358 18
140 9
457 17
5 32
391 6
255 3
201 8
500 11
437 22
129 7
330 6
266 18
39 31
150 32
265 26
67 22
411 14
274 19
222 19
402 16
304 5
286 8
68 1
471 32
26 23
398 3
288 15
425 10
213 30
389 13
311 7
303 1
364 32
439 17
206 4
400 9
496 17
217 19
321 3
418 6
137 24
53 20
182 29
101 19
106 5
223 16
147 1
488 30
453 2
446 18
117 13
371 13
381 11
379 13
273 17
398 5
316 26
184 13
482 20
243 15
272 30
354 2
342 13
279 30
118 12
156 19
272 10
199 20
112 29
56 32
225 17
496 20
107 27
241 32
462 31
175 5
300 12
354 26
73 4
139 6
59 6
276 6
319 22
185 2
403 24
369 31
44 4
223 18
394 19
90 11
297 32
291 13
495 20
442 3
479 28
109 5
374 32
70 16
358 2
178 8
197 18
90 1
410 24
242 19
126 3
362 27
298 12
371 13
500 12
211 22
391 23
219 8
55 4
160 12
246 9
375 30
234 24
34 15
480 16
150 25
310 31
379 20
366 25
104 9
60 14
47 11
485 25
270 27
256 9
302 1
469 24
295 11
343 28
197 30
307 26
279 29
60 9
428 2
406 15
142 5
196 8
471 32
156 1
422 28
21 31
264 26
102 26
44 5
90 28
118 32
290 24
216 13
53 11
274 2
25 24
126 21
307 21
104 31
189 14
78 29
452 21
402 2
103 25
350 4
37 7
291 10
363 31
174 31
353 4
76 2
67 5
302 25
1 9
39 13
282 16
102 2
309 31
139 19
300 8
306 12
306 24
13 12
306 10
286 31
337 9
240 7
414 21
480 6
297 22
307 19
486 28
16 10
114 22
408 17
345 17
100 10
160 16
22 30
150 31
180 6
20 27
93 21
163 12
50 11
293 12
93 6
467 16
275 1
465 10
345 1
246 13
311 2
56 32
427 21
490 26
395 5
228 7
145 2
262 19
52 18
254 9
388 5
104 6
5 29
48 21
81 9
145 7
402 29
426 8
109 4
137 11
128 20
341 1
105 2
319 1
360 16
5 11
496 32
260 24
380 31
53 25
452 13
203 17
249 5
33 26
396 25
212 15
385 21
147 1
6 1
349 9
241 9
111 4
165 3
440 4
177 8
4 8
188 27
333 29
335 17
498 6
237 25
104 21
113 3
314 3
67 22
335 19
219 30
247 7
168 18
426 32
177 6
176 12
488 32
4 30
76 29
403 24
62 22
137 2
108 2
144 27
315 15
185 21
276 3
267 11
468 5
490 12
326 17
360 9
376 31
486 31
216 8
115 17
97 3
302 21
52 22
83 26
276 27
251 15
50 9
345 17
61 2
13 22
499 20
198 2
438 3
177 13
422 23
281 7
245 15
75 28
380 9
13 7
127 3
57 32
132 13
397 24
234 13
430 32
132 11
310 17
14 2
74 23
332 26
305 16
140 23
223 11
239 31
377 2
202 5
245 13
185 17
376 31
49 17
206 28
284 31
453 9
204 10
435 23
83 28
462 11
322 16
445 17
123 6
130 16
106 18
8 27
15 31
413 31
188 22
299 11
485 7
471 20
128 17
75 18
496 16
136 30
276 17
82 14
254 31
425 31
436 24
1 18
314 17
69 5
383 11
175 27
469 1
406 32
402 24
9 29
220 13
270 7
77 7
96 18
413 16
40 21
451 9
2 28
157 22
469 31
288 15
257 16
140 7
407 1
346 32
493 5
264 23
411 8
465 30
373 2
25 8
430 19
8 27
443 9
353 15
55 16
53 32
452 12
178 14
288 3
125 9
440 24
247 18
431 27
60 23
292 28
419 17
263 14
4 29
442 28
467 29
51 7
12 10
415 1
212 30
415 4
186 10
280 4
408 26
495 11
217 26
402 15
359 20
60 22
220 18
273 26
202 27
57 9
177 19
105 28
228 11
279 22
373 26
197 16
120 23
98 4
181 31
470 27
15 13
104 2
234 32
272 11
402 28
351 30
2 27
169 29
474 24
494 26
357 11
329 4
437 2
311 17
276 24
7 18
365 26
24 2
189 15
237 19
474 31
372 23
394 9
55 31
340 5
416 16
443 32
172 15
21 26
348 32
318 10
86 22
20 5
131 28
107 3
2 28
158 30
258 27
266 4
269 5
64 16
152 22
279 7
89 15
9 4
446 18
493 31
359 16
343 29
72 21
60 25
232 1
298 1
267 27
301 19
371 12
70 19
74 16
197 6
498 25
449 11
382 21
178 16
157 12
81 16
173 12
4 16
208 30
393 6
68 21
212 23
260 25
461 1
128 1
198 5
66 14
271 3
291 24
39 7
320 31
26 4
462 29
395 21
182 3
494 18
331 17
188 23
485 16
127 16
8 29
440 9
174 2
372 12
10 30
410 29
232 7
172 5
316 18
361 29
205 18
450 11
410 21
329 10
488 24
209 20
484 12
68 29
61 7
121 6
52 26
250 31
21 1
475 4
339 27
36 7
40 14
429 13
474 18
194 6
417 14
309 28
105 20
408 6
19 32
439 30
262 13
353 26
461 31
469 31
162 28
193 5
193 22
354 11
83 7
480 15
153 8
102 13
15 1
126 21
241 29
103 26
253 15
487 21
133 15
216 6

