256
186 22
4 17
279 12
476 32
456 30
179 6
10 5
112 18
473 16
90 23
148 28
251 9
141 29
279 18
173 21
199 22
382 18
383 12
185 22
296 16
292 18
101 21
466 20
399 19
319 32
201 18
451 7
278 11
167 5
276 27
181 10
401 2
27 23
73 23
492 24
202 31
194 26
288 31
69 26
97 15
25 25
205 19
99 26
121 1
242 24
308 22
222 12
335 28
194 4
163 13
127 24
320 4
370 31
479 30
144 19
177 16
76 13
346 10
214 30
143 4
213 6
229 22
9 16
238 18
323 4
238 13
115 9
269 12
15 19
274 30
377 22
177 16
182 14
478 7
191 4
350 32
421 3
41 25
494 6
334 4
177 7
116 4
480 32
479 22
334 24
356 23
53 32
14 14
258 31
129 24
462 30
203 10
260 12
162 17
373 11
272 26
270 4
45 1
475 11
94 21
127 9
223 15
185 16
413 22
79 17
241 16
74 4
274 14
391 27
142 31
486 18
16 23
5 20
3 23
435 12
491 1
249 21
239 29
301 11
78 19
247 30
122 9
465 27
358 15
386 19
470 27
264 5
125 24
397 7
99 23
278 25
243 6
302 5
162 18
188 19
184 10
409 5
106 17
404 7
228 21
314 13
159 29
33 31
197 9
113 3
111 22
235 21
268 8
38 29
341 9
20 28
10 32
181 4
300 32
430 15
224 3
427 2
172 12
368 20
92 4
366 19
73 16
259 20
340 32
121 16
224 32
56 26
419 12
53 14
23 6
301 30
429 23
331 8
390 30
171 22
233 16
388 25
487 14
497 22
146 29
358 21
312 17
306 26
204 10
151 6
192 3
175 24
30 1
423 27
258 25
252 30
332 23
146 6
137 2
348 18
314 1
354 25
321 20
206 12
17 25
101 12
159 19
31 20
483 1
459 16
397 30
81 32
53 2
250 25
72 1
174 1
5 15
362 17
38 11
200 31
275 12
466 30
278 13
473 16
301 31
499 6
345 11
129 17
156 10
141 15
178 18
112 10
192 9
358 2
391 21
136 22
60 9
99 29
449 3
96 2
354 10
299 30
24 11
150 32
9 22
406 30
455 29
220 6
193 1
79 24
338 6
249 21
167 31
234 3
269 29
216 2
127 10
23 26
145 12
181 9
461 7
190 7
159 13
265 8
190 19
435 3
409 11
275 7
381 8
393 9
41 13
123 11
326 9
168 10
169 29
474 21
139 24
248 5
276 8
148 17
58 10
343 18
468 10
96 28
477 1
349 21
449 15
35 2
319 3
96 11
403 29
468 1
436 27
189 24
282 17
28 27
122 27
9 14
340 4
289 20
92 13
37 16
163 7
18 18
125 29
320 7
385 27
271 13
57 12
384 22
148 11
29 21
133 29
210 8
140 11
344 4
191 4
327 18
154 4
187 19
160 30
9 25
497 32
69 13
91 8
391 6
362 19
358 23
455 28
22 14
270 25
381 28
96 4
165 6
255 15
380 7
209 16
163 5
371 3
257 25
182 19
50 27
417 24
241 19
179 15
169 24
479 17
259 3
108 32
176 27
478 31
129 26
146 31
242 29
21 15
181 10
349 19
448 6
342 21
488 28
155 24
319 9
261 5
59 28
204 18
434 18
140 22
219 30
204 9
358 20
311 14
129 23
472 1
276 9
321 20
36 23
475 22
311 19
487 10
455 30
455 4
223 11
302 26
84 13
254 1
433 24
182 29
74 14
341 10
22 17
465 26
339 7
115 6
26 9
371 8
495 9
367 21
271 4
10 26
25 15
498 17
178 8
369 20
37 10
453 10
222 25
467 1
59 18
62 24
386 20
63 32
108 10
97 15
449 2
436 29
221 2
429 22
317 26
1 29
359 5
410 28
73 9
344 28
310 1
67 19
40 18
75 16
263 7
230 7
480 5
36 24
302 16
450 14
465 22
322 11
255 16
107 23
460 2
162 17
411 5
315 22
414 21
301 16
263 2
90 3
399 25
442 12
293 7
22 17
193 3
432 23
426 2
329 9
43 31
5 5
275 28
255 24
412 31
215 11
437 28
269 7
133 6
238 29
305 11
33 9
454 8
147 31
57 11
116 12
169 32
404 11
495 10
130 11
65 8
285 9
352 1
39 24
466 32
260 18
387 32
470 24
312 24
70 16
295 29
319 11
9 11
258 23
232 23
113 28
287 21
148 2
301 18
473 27
462 12
240 28
79 6
39 18
29 8
110 31
145 28
490 1
2 31
359 26
189 24
381 19
368 25
464 1
66 12
139 27
223 6
226 2
439 8
43 8
224 20
494 20
284 15
372 21
285 10
222 2
201 3
448 13
483 8
441 4
51 7
427 10
308 20
427 23
268 29
418 11
473 3
210 32
450 17
392 30
162 2
207 27
68 19
487 30
270 19
449 12
209 31
297 4
379 31
466 14
192 23
340 12
350 21
271 11
481 30
384 30
479 7
208 2
97 30
299 18
324 32
389 8
474 18
400 16
408 5
53 11
304 20
466 21
144 32
155 12
102 6
470 28
128 1
330 4
75 28
293 14
79 18
430 25
71 1
108 18
249 5
281 32
256 18
260 32
186 18
227 15
452 20
218 3
225 7
359 19
379 27
48 29
36 21
361 14
361 29
436 26
333 28
365 24
165 13
191 30
390 2
488 21
465 22
124 9
456 30
191 30
484 27
143 4
419 15
477 4
175 16
241 11
183 21
299 24
433 25
197 31
258 1
15 15
94 10
263 17
471 18
87 31
44 9
326 26
435 18
93 2
270 25
320 12
494 14
299 14
311 24
100 32
384 31
142 13
104 5
229 15
62 11
381 1
395 14
270 10
211 23
291 32
399 22
432 28
432 14
22 10
281 21
309 28
439 23
344 27
59 5
321 16
239 21
76 2
258 9
315 32
59 21
448 14
418 11
405 13
312 18
90 29
399 31
108 25
53 32
83 15
228 27
82 18
103 13
451 16
353 29
180 20
73 15
425 27
209 9
191 16
107 29
316 1
235 4
45 15
79 12
101 6
30 26
271 21
338 10
196 26
190 19
305 23
353 13
105 25
410 23
433 16
131 20
372 13
23 8
3 25
395 23
258 25
136 21
261 21
102 16
367 3
183 27
405 3
252 9
448 29
360 4
28 18
331 27
207 14
166 25
158 21
164 4
189 31
444 25
476 21
256 2
39 10
364 16
325 3
304 8
127 23
355 10
5 1
256 7
390 6
271 20
186 14
463 6
437 14
174 32
6 5
105 24
219 28
339 27
435 31
18 29
9 12
419 29
56 10
75 26
447 2
345 8
483 3
357 27
268 10
34 17
163 26
168 29
106 15
127 20
1 24
452 1
15 22
374 14
396 32
71 14
497 19
178 16
425 2
102 4
268 4
316 26
125 28
14 18
342 12
473 22
135 21
54 5
146 19
422 9
79 25
87 19
259 12
406 32
149 12
79 24
347 23
49 11
82 6
405 27
53 1
320 19
153 5
187 31
152 9
43 10
453 29
156 11
392 30
450 21
125 13
160 23
127 29
293 20
122 29
334 19
74 29
361 18
377 28
376 24
8 23
461 4
399 29
226 27
234 24
35 2
56 26
180 6
254 24
241 24
21 6
402 18
430 14
171 2
13 19
38 12
169 26
35 27
170 29
209 15
436 3
112 23
289 7
24 18
115 20
121 19
393 18
432 26
488 6
331 8
352 20
372 32
70 2
439 3
18 15
494 17
242 1
147 14
248 2
275 6
137 8
200 13
269 27
54 24
436 1
108 24
104 19
11 1
88 17
264 18
300 21
262 17
213 9
126 28
430 28
377 31
147 24
299 28
410 17
375 18
89 18
485 4
164 31
217 24
148 8
61 15
236 10
191 16
82 28
112 28
67 12
134 26
416 4
481 21
136 7
22 4
189 14
268 28
353 12
307 28
463 27
150 14
41 8
201 22
7 8
189 25
4 10
138 23
106 6
447 1
177 17
317 5
326 12
272 10
419 19
381 9
297 14
134 17
221 18
163 23
498 23
4 13
25 1
123 14
463 13
222 19
389 18
59 27
325 22
244 19
408 9
327 21
358 16
245 11
294 11
9 27
462 16
347 2
5 9
467 23
389 28
309 18
430 31
344 10
196 15
349 28
415 23
12 13
487 20
203 8
367 23
126 32
223 8
165 23
440 15
397 4
170 21
457 23
71 32
205 6
91 29
73 5
431 16
129 25
192 7
400 2
394 1
385 4
348 1
46 23
31 6
467 24
146 15
3 12
427 15
37 29
315 18
373 29
45 18
14 4
36 21
293 21
290 5
396 29
429 17
276 19
382 14
215 15
220 25
298 10
479 11
366 17
444 7
389 28
444 2
76 15
19 4
408 12
101 27
148 13
96 27
192 1
368 10
208 4
326 9
437 8
339 19
448 14
393 4
474 16
90 9
314 28
472 1
119 20
376 14
453 7
41 32
299 16
253 22
199 10
11 32
233 17
290 8
335 10
15 8
369 16
60 22
415 27
255 17
455 18
151 15
304 7
254 30
302 22
460 9
435 18
340 15
22 25
198 32
14 32
15 26
372 22
63 26
457 5
171 31
150 9
21 13
363 26
407 4
131 30
368 13
187 19
287 16
187 16
416 12

