256
425 15
432 6
188 23
383 1
225 14
429 3
352 22
488 21
9 4
445 5
195 4
436 15
54 30
466 7
304 7
18 32
297 30
66 20
56 32
12 12
138 9
222 5
34 13
93 26
40 13
138 31
361 30
73 26
23 30
316 30
45 26
53 25
487 2
381 10
270 32
173 15
184 2
99 6
307 11
463 30
283 29
432 7
378 9
408 20
394 32
77 10
261 13
335 15
451 15
492 16
106 12
330 22
113 16
359 27
174 25
117 16
477 20
99 14
256 22
105 2
433 17
291 13
14 13
495 12
191 18
387 9
205 24
438 10
199 24
88 32
172 28
327 5
456 5
354 11
487 19
212 15
343 23
316 32
331 22
23 30
352 5
170 4
476 3
225 2
458 17
397 9
72 16
129 27
352 31
442 14
293 17
109 19
211 24
343 10
437 29
63 20
274 12
48 29
42 4
127 7
140 31
331 32
98 28
442 2
442 31
139 10
240 11
220 22
22 14
491 15
279 5
450 12
340 25
356 29
325 6
83 16
357 18
27 18
225 9
107 6
55 2
103 22
492 10
96 14
88 10
176 2
343 29
269 30
326 20
267 18
458 29
465 30
114 16
471 26
16 2
355 30
323 13
364 14
483 31
179 14
396 22
435 22
183 27
124 8
178 14
9 7
442 25
152 24
20 19
245 31
52 16
105 22
260 16
39 18
130 30
311 21
275 13
319 5
151 30
316 21
183 4
167 20
1 31
31 4
293 28
407 4
79 31
217 6
182 27
432 27
28 22
39 11
191 25
111 9
150 27
373 32
102 24
308 26
210 30
326 6
317 32
345 3
94 1
437 11
19 32
437 19
165 19
201 23
332 11
400 1
89 28
17 3
311 20
496 8
365 25
21 10
404 21
132 21
129 20
123 16
491 3
398 8
386 30
362 1
260 29
401 13
33 1
243 11
444 10
215 5
263 31
194 26
304 25
15 8
97 13
283 31
400 24
242 5
277 4
205 29
216 5
89 24
226 23
295 25
420 21
329 2
447 10
200 6
199 10
386 15
54 4
381 5
200 19
89 16
430 13
216 21
250 20
245 23
486 15
495 10
251 12
291 21
197 6
151 23
55 8
41 5
407 18
61 6
248 18
286 25
294 1
173 15
157 25
221 30
159 20
103 9
39 18
458 19
235 24
482 6
495 14
250 9
499 18
359 2
163 4
126 1
496 7
351 24
419 20
350 6
139 28
338 5
197 11
115 4
254 32
73 32
322 18
353 12
483 23
418 6
206 7
454 29
45 20
57 12
79 10
245 13
209 30
245 18
229 8
337 10
307 29
82 20
82 18
300 16
496 13
61 1
463 26
253 32
22 17
323 20
66 27
169 31
500 17
32 32
124 4
62 31
128 19
262 13
280 17
124 11
481 17
179 16
254 7
155 23
92 25
227 17
247 11
135 10
11 30
326 19
385 19
417 32
233 2
424 8
443 8
490 15
436 28
70 1
450 12
316 25
52 2
402 22
492 24
396 6
406 9
488 22
311 8
6 31
286 1
110 28
328 23
2 31
118 8
156 19
147 23
312 23
68 21
200 3
452 11
412 1
371 32
499 13
7 12
427 16
284 16
223 20
338 21
430 23
500 17
226 14
111 21
196 30
453 16
88 20
194 8
113 13
103 11
97 13
318 4
105 1
263 7
416 25
255 6
259 22
134 24
252 29
20 7
274 20
46 26
228 16
65 28
8 7
154 20
127 27
183 15
423 10
114 15
250 16
388 16
474 9
492 9
265 19
375 31
335 5
252 14
364 24
105 15
334 14
178 16
432 25
247 2
10 20
396 3
79 3
266 8
156 25
128 16
120 31
162 18
275 5
71 22
432 7
212 25
136 5
77 27
453 7
124 30
34 12
220 28
6 18
16 25
94 19
285 21
497 22
370 19
415 4
112 22
466 11
463 29
268 23
371 12
65 19
386 22
366 9
209 11
294 20
236 4
219 12
304 23
169 30
190 27
465 17
281 11
180 31
235 11
485 30
370 17
100 31
498 13
212 22
39 1
134 26
96 16
145 28
270 6
425 15
248 25
464 16
23 27
474 10
441 2
215 26
358 22
417 23
334 32
413 24
336 22
498 4
249 22
331 10
307 23
181 27
347 24
286 18
138 24
331 22
69 1
91 11
62 7
281 23
338 13
118 6
90 31
105 6
257 7
60 15
393 8
321 11
235 19
312 16
218 22
301 2
38 19
64 11
250 13
197 31
389 15
112 27
281 12
372 1
206 15
304 14
22 24
41 20
82 20
479 19
346 7
289 31
22 32
186 19
48 10
209 5
48 21
119 5
240 30
217 18
273 20
395 2
496 23
402 21
491 24
432 20
11 28
422 24
275 27
154 7
341 26
463 28
34 9
420 14
422 5
71 18
8 29
192 3
104 9
136 30
324 31
281 30
490 2
365 20
161 30
290 1
232 4
444 5
184 28
242 18
352 16
3 23
481 22
66 32
138 17
381 30
471 13
295 8
66 16
427 10
29 21
430 4
320 6
377 4
89 26
313 32
134 23
150 22
361 15
401 10
119 17
311 13
145 2
252 10
117 15
288 29
99 29
405 26
294 9
125 2
250 17
173 11
456 23
200 20
389 20
17 4
232 4
300 32
433 4
86 21
434 29
45 20
441 17
301 27
433 10
468 27
214 29
269 1
463 5
336 23
68 17
62 28
32 10
27 24
117 4
364 30
336 28
433 25
61 29
215 5
10 14
27 32
174 4
244 28
116 20
191 31
284 12
186 23
317 21
130 1
176 25
334 24
104 14
344 32
203 2
9 16
91 3
287 25
182 15
252 13
462 6
332 5
398 5
411 6
81 8
499 17
236 4
472 19
154 23
207 28
224 23
419 6
101 26
430 31
88 18
283 9
475 22
293 8
483 7
438 19
446 20
171 13
323 10
371 8
160 17
183 23
143 14
49 32
159 26
230 14
363 8
146 2
478 2
413 24
344 22
374 21
489 13
469 32
390 31
491 22
120 10
284 22
127 8
209 29
14 18
234 12
154 31
417 23
168 22
294 7
31 23
299 20
415 27
35 25
309 25
206 8
402 25
42 24
25 18
16 2
40 29
117 29
479 26
175 26
215 32
8 25
486 26
468 25
128 30
57 13
83 30
216 24
454 17
364 22
359 3
367 6
480 4
442 26
221 20
308 11
435 19
383 8
177 15
172 32
408 16
92 2
341 32
474 3
268 9
124 18
67 15
227 10
178 24
60 14
135 23
36 29
385 26
341 21
472 4
217 20
92 32
221 32
171 14
78 15
382 26
268 1
44 23
198 25
14 13
470 25
475 29
69 12
274 25
272 30
273 20
477 16
500 5
147 18
243 17
312 8
278 32
276 17
426 18
393 3
434 14
291 1
218 16
120 31
472 11
88 4
83 12
311 18
113 2
455 3
386 3
182 27
346 18
335 23
135 19
61 32
88 20
180 9
415 11
499 10
394 3
482 20
2 32
261 30
453 7
24 18
481 10
352 10
367 22
300 29
412 25
272 7
416 28
359 14
454 22
215 27
296 4
174 5
192 18
467 4
149 2
186 1
47 1
307 5
75 10
117 30
170 29
189 13
44 19
414 29
256 17
344 31
28 5
52 23
451 6
419 15
7 16
79 18
344 25
318 6
195 23
256 4
27 8
301 10
194 10
418 2
46 29
204 14
130 3
348 24
272 30
382 15
221 20
184 29
401 21
334 15
139 5
310 29
88 2
438 6
28 12
435 5
468 6
498 9
393 22
380 16
463 5
146 32
73 29
100 5
34 29
419 28
226 4
41 13
394 30
298 17
185 24
493 17
222 7
101 6
40 25
481 14
241 19
37 21
307 8
489 32
273 11
216 6
191 20
14 20
85 4
356 26
395 24
422 24
42 2
433 25
354 18
435 23
392 19
111 18
311 4
242 31
62 13
432 28
64 21
187 16
108 18
269 19
94 18
470 7
416 7
68 13
168 6
215 27
176 14
460 18
129 29
68 30
157 19
294 8
148 8
72 31
226 32
257 3
234 27
305 5
481 8
269 24
429 20
410 5
13 29
90 17
422 6
34 2
212 7
2 31
11 1
114 8
264 14
258 17
300 18
497 8
490 6
131 6
101 16
22 25
261 32
457 6
325 22
111 28
169 16
395 11
36 24
470 16
229 27
148 13
492 21
12 5
114 19
251 18
34 20
30 14
87 18
327 23
327 26
299 3
253 13
229 25
52 30
292 8
276 7
12 4
287 8
452 20
18 18
317 27
326 14
49 24
331 27
175 6
16 1
356 29
17 21
261 16
134 28
51 10
194 11
381 29
290 20
232 11
34 21
209 11
394 13
122 1
484 16
438 27
472 13
471 28
229 11
259 19
486 2
124 8
76 8
12 29
39 19
23 32
143 11
134 9
340 12
317 31
255 14
25 11
46 16
418 27
282 17
489 32
190 8
447 29
319 10
333 9
52 31
133 3
437 18
435 32
373 19
302 24
4 23
206 25
26 7
27 31
355 31
426 8
182 4
12 20
181 28
61 9
50 5
131 3
458 21
466 19
315 32
458 6
94 11
422 27
341 17
129 8
19 23
91 21
278 19
52 7
150 4
395 8
304 25
38 30

