256
242 31
257 26
187 8
473 32
456 12
9 10
108 1
340 17
210 14
8 26
499 12
54 16
487 24
394 4
53 7
443 27
205 12
4 15
7 8
382 26
279 6
184 14
467 19
398 12
60 22
333 27
477 10
178 4
237 19
11 29
274 25
287 30
4 10
221 22
470 26
324 4
196 19
338 6
381 15
189 5
344 21
55 5
110 8
488 30
302 14
338 19
154 17
405 10
266 29
19 11
430 14
187 21
404 32
138 5
110 10
429 18
50 7
330 27
66 29
356 7
18 18
294 15
318 10
180 27
174 23
170 27
96 20
80 4
231 9
136 32
247 16
497 16
250 6
307 3
494 2
33 11
355 2
34 20
227 17
459 16
467 20
207 11
335 26
414 25
206 21
108 20
316 9
100 25
282 14
379 16
419 3
490 2
89 19
149 15
292 3
67 10
438 9
172 28
262 1
40 3
485 12
271 24
104 26
364 1
127 10
364 21
5 10
170 17
432 11
259 31
129 29
333 3
301 28
42 6
89 18
29 17
229 31
225 16
372 24
420 30
182 32
394 14
341 8
130 4
438 28
199 30
417 11
484 29
386 30
131 2
107 11
251 11
161 27
222 32
62 9
381 19
128 14
132 16
41 29
444 6
205 22
396 17
24 3
41 5
108 15
235 14
181 25
252 1
459 17
76 4
318 28
319 1
82 22
265 30
415 4
156 11
349 7
91 24
133 7
280 9
154 2
306 14
350 14
379 12
234 14
384 23
262 6
348 19
3 8
20 13
319 19
35 3
77 17
390 2
108 21
302 13
387 31
446 16
368 8
248 10
130 11
356 31
184 23
85 10
314 32
455 8
279 13
150 11
318 3
416 21
412 21
37 14
176 26
385 31
158 24
348 23
466 8
381 17
258 5
187 28
420 17
55 22
481 13
257 26
447 12
74 6
93 14
7 20
444 16
162 9
375 26
91 9
65 19
341 30
287 19
393 26
371 28
460 32
208 16
353 22
91 7
364 27
388 14
302 27
261 32
135 4
325 1
180 25
399 4
210 9
103 15
447 25
106 18
28 17
473 17
466 27
159 1
450 10
199 3
81 11
66 7
150 26
144 25
130 26
53 8
431 19
498 5
479 31
282 3
267 22
239 20
372 9
413 5
146 3
72 22
125 9
145 27
231 4
307 20
181 15
403 31
217 16
487 12
354 24
54 28
77 32
204 29
392 4
269 25
282 8
467 18
181 11
32 19
250 31
122 10
49 1
393 14
276 11
313 30
203 6
249 15
361 8
79 12
419 12
344 16
391 18
458 3
124 13
185 9
31 27
155 24
183 27
197 10
129 29
87 7
78 32
462 6
491 32
245 18
239 20
461 30
102 2
404 1
111 21
450 25
395 28
220 9
354 20
238 26
128 25
17 17
364 22
198 30
221 6
115 32
234 16
293 31
345 28
263 31
284 8
96 30
19 7
458 24
287 24
58 10
224 18
175 7
255 16
292 27
18 19
286 15
334 22
437 18
126 11
485 1
263 8
291 21
450 4
5 8
147 30
354 10
487 12
456 21
251 20
67 16
6 9
370 7
134 10
368 15
357 8
20 7
135 14
103 29
261 7
172 12
372 21
277 18
404 5
450 27
184 21
274 29
73 8
379 26
301 26
465 5
302 24
331 16
497 6
372 21
392 16
16 16
272 21
473 4
81 7
182 16
143 7
156 23
98 14
272 31
483 24
259 8
423 14
72 19
375 3
28 30
338 7
233 22
39 14
137 19
332 22
234 14
124 13
40 10
126 19
324 1
251 10
244 25
23 31
444 9
110 19
15 19
217 19
260 20
304 32
374 19
65 8
312 17
200 3
262 14
366 1
286 32
370 21
140 1
196 3
141 21
257 15
455 14
254 15
229 1
314 6
248 3
413 19
271 1
114 12
290 11
320 27
298 21
103 1
433 2
224 30
306 24
80 29
453 13
31 5
446 24
339 1
278 23
455 12
215 8
283 4
250 2
430 27
495 13
188 11
34 31
352 4
242 20
304 27
320 10
79 13
381 9
161 27
20 32
206 22
35 29
294 25
146 23
387 20
107 14
419 17
336 6
184 2
405 19
124 25
24 26
193 28
471 18
62 2
469 28
279 23
312 16
343 21
147 2
97 9
303 7
97 27
488 12
68 5
470 23
321 25
96 1
397 18
218 10
111 2
429 10
393 28
313 7
197 31
316 25
64 23
11 32
461 10
144 12
446 9
274 10
458 17
483 22
287 28
15 21
238 4
138 22
35 23
68 15
261 4
79 28
206 5
40 10
291 7
397 28
147 22
206 16
390 16
161 8
387 4
425 8
323 26
309 5
216 25
292 5
464 26
4 21
163 27
186 13
77 18
392 16
455 13
31 12
284 4
372 7
219 16
498 13
61 11
249 25
387 4
457 30
114 28
370 28
355 15
432 23
192 15
358 6
272 5
341 23
432 4
429 14
63 11
394 28
289 10
252 23
386 16
376 11
19 5
126 1
355 13
360 18
83 29
43 22
309 7
113 8
151 9
93 29
23 14
188 7
480 11
337 5
498 16
215 5
160 20
93 6
452 28
411 26
373 13
92 25
392 28
125 30
448 21
254 23
407 18
133 26
232 26
102 22
33 12
450 29
211 30
206 30
198 25
47 18
273 6
250 24
193 10
57 5
295 15
315 1
104 23
438 27
416 23
120 25
58 9
493 32
463 22
281 32
18 19
81 19
465 26
306 25
408 31
1 2
25 23
402 12
114 27
166 29
229 22
181 18
206 9
405 4
223 13
179 12
11 19
382 23
441 8
188 16
402 12
49 18
355 18
257 16
140 2
200 28
411 1
5 21
257 29
136 7
93 27
71 7
277 16
282 25
195 13
268 28
8 24
373 26
469 9
33 20
255 21
327 1
169 27
133 29
91 13
256 31
139 22
138 19
481 3
336 28
239 19
123 6
123 4
460 19
328 8
51 22
280 21
451 16
412 11
373 6
55 16
37 29
305 10
312 9
296 27
312 26
453 27
279 23
134 30
18 9
286 16
247 1
500 21
365 19
131 29
117 22
68 29
434 16
30 1
360 17
95 28
358 8
310 8
122 19
430 7
255 11
410 25
131 26
49 27
172 12
435 4
421 2
292 18
77 5
303 9
145 13
460 30
444 25
194 18
415 11
56 5
189 14
374 31
375 10
18 18
157 16
186 21
306 21
135 2
298 25
170 14
333 13
148 25
101 17
194 15
315 1
36 15
418 17
173 20
34 6
42 15
494 27
119 7
203 9
32 8
189 18
146 6
34 1
150 3
337 7
1 11
295 4
5 21
148 5
356 14
219 13
224 32
475 30
362 22
447 13
29 7
298 18
360 28
22 9
170 2
407 14
360 22
58 4
266 5
393 17
238 19
222 13
174 4
155 23
225 17
279 22
439 1
483 3
112 25
11 25
362 26
302 6
471 23
289 24
268 17
60 13
495 5
318 20
329 4
54 1
276 13
10 10
113 29
364 8
349 23
356 14
496 5
135 30
368 28
405 23
308 28
491 15
449 28
322 9
131 12
385 18
412 31
472 4
239 7
451 15
265 10
148 12
314 15
429 9
410 29
167 21
1 2
19 25
169 5
429 28
68 9
409 7
59 8
354 1
419 20
235 11
461 11
147 10
369 31
159 2
260 17
346 20
38 25
60 15
409 12
358 12
4 22
306 27
498 27
63 12
166 10
302 10
384 12
455 12
375 5
233 6
142 2
97 7
294 4
237 22
199 30
29 2
212 18
116 17
196 23
476 25
328 17
42 19
429 21
166 7
313 10
492 14
475 4
337 5
447 9
322 21
19 27
198 26
36 18
438 24
344 5
148 7
393 18
85 17
390 22
327 30
499 2
8 9
257 32
93 11
268 7
51 14
265 21
15 12
266 16
235 13
420 19
483 9
424 11
337 9
20 16
366 30
185 17
490 22
420 19
348 24
349 31
177 25
351 12
116 24
347 7
428 15
85 22
431 28
180 15
24 31
134 9
68 15
318 1
464 9
343 3
480 11
413 5
7 19
200 7
82 10
177 13
164 5
122 14
472 1
65 3
351 26
439 26
220 4
179 11
197 13
346 12
64 14
184 26
225 31
396 10
133 12
167 32
332 24
94 15
293 10
1 23
59 28
265 11
47 11
461 11
315 2
123 14
268 6
300 16
41 7
149 13
119 15
172 2
307 25
457 31
126 1
445 5
100 5
463 27
3 3
93 6
433 27
47 20
373 26
395 5
245 27
289 19
414 28
16 16
77 4
22 22
133 2
386 32
27 8
230 21
327 31
346 15
389 13
162 25
442 4
25 6
302 13
400 7
125 12
286 29
91 3
254 19
125 12
307 11
191 12
179 29
62 25
127 3
121 12
415 10
195 24
100 13
456 7
63 12
118 9
132 1
7 26
283 15
229 5
133 23
329 24
288 26
392 30
44 20
54 23
277 24
250 12
448 17
79 23
137 4
63 4
256 9
209 23
404 1
331 16
208 11
51 11
401 22
260 32
157 17
254 6
265 3
161 12
412 3
278 16
491 32
371 10
113 16
136 32
16 27
107 7
477 22
69 9
451 25
25 20
345 30
393 17
485 9
377 20
348 30
147 18
346 21

