256
204 1
254 2
159 27
285 14
213 9
485 2
410 20
1 30
48 25
389 5
208 15
329 3
290 22
394 2
183 16
124 22
44 13
319 26
279 15
471 16
132 7
209 9
139 1
162 10
21 10
102 17
344 22
95 1
116 28
239 10
259 18
387 26
442 22
356 5
12 26
64 27
133 4
35 27
332 8
160 28
98 17
284 9
42 30
426 17
70 12
158 4
229 25
482 26
102 17
390 17
366 17
108 10
76 14
472 23
338 7
463 7
95 30
79 29
328 24
145 21
19 7
428 31
199 21
417 12
449 22
116 15
463 7
16 26
365 28
149 10
322 3
192 25
60 30
53 27
126 1
135 24
351 7
243 5
323 15
52 32
168 12
290 10
242 5
224 6
496 20
11 2
186 30
438 21
324 14
132 17
390 30
444 21
328 30
493 31
344 9
126 16
416 11
345 5
423 28
115 15
291 25
440 4
31 9
73 18
218 8
154 3
321 9
51 9
135 16
355 18
440 4
193 11
98 26
363 28
309 25
142 4
306 25
279 8
309 31
393 22
406 26
337 11
346 15
431 8
282 25
310 21
116 26
279 9
391 14
84 8
322 14
3 23
158 17
166 7
132 22
48 21
455 20
319 17
475 17
280 32
385 17
33 4
443 19
64 29
156 16
236 6
77 14
456 2
371 26
404 14
31 4
242 30
39 1
138 25
161 5
473 26
210 13
397 32
167 9
188 31
460 32
152 20
365 31
121 11
228 29
88 7
180 26
96 22
94 17
83 10
353 7
151 10
411 32
65 17
8 5
251 31
380 18
354 16
361 6
331 8
202 18
50 1
451 17
451 4
229 5
150 22
87 16
495 29
347 8
425 22
16 28
24 15
281 5
342 29
407 24
81 12
294 18
341 20
127 3
288 3
175 5
140 17
88 23
461 3
398 25
492 9
264 12
159 1
448 20
185 26
24 1
314 21
99 18
412 21
148 31
283 26
339 15
286 23
409 22
213 2
482 16
70 2
423 32
290 11
431 30
76 30
443 9
474 17
98 26
117 13
288 27
418 27
321 15
405 13
300 9
238 18
24 23
379 19
238 20
169 9
345 32
326 15
337 24
31 2
389 3
383 8
398 20
154 6
207 18
151 6
378 32
139 18
251 9
200 12
388 32
360 13
315 26
75 7
189 26
289 1
104 23
104 25
174 10
71 12
19 17
238 21
164 8
150 6
97 9
254 12
420 5
420 6
2 19
89 14
452 21
470 7
399 22
56 20
35 30
304 25
50 17
301 29
120 18
127 8
2 20
404 1
196 11
7 22
21 19
91 8
323 17
27 17
486 14
144 4
411 3
424 24
339 9
24 11
378 22
26 20
85 5
152 1
456 26
330 12
104 24
300 18
332 2
146 13
111 6
188 25
440 12
184 27
40 3
89 13
413 22
500 1
247 20
129 10
13 22
381 25
230 8
394 21
209 12
82 23
33 17
43 24
84 30
250 15
137 22
96 25
156 27
249 6
450 26
159 27
187 3
283 28
71 28
181 19
67 18
450 23
234 24
71 30
422 32
144 22
362 7
310 1
186 6
122 15
287 20
301 14
170 27
93 32
111 25
223 29
238 28
276 12
15 2
289 8
369 20
345 22
23 10
450 28
64 27
46 14
202 19
175 4
133 4
315 3
244 21
420 6
60 19
453 3
392 25
214 20
376 7
194 6
416 31
309 31
66 11
33 7
405 7
342 9
178 13
280 6
397 11
255 17
245 27
235 16
151 28
99 30
62 12
128 18
435 4
160 4
494 28
470 10
103 20
435 12
24 30
405 32
264 27
228 4
217 2
495 7
466 21
97 31
385 8
356 11
363 32
374 25
263 23
106 29
358 20
349 9
105 25
301 24
412 24
227 8
46 13
199 23
166 19
389 2
370 5
424 4
464 25
440 30
139 30
443 25
437 3
229 2
395 9
113 14
113 20
138 26
264 4
168 1
130 4
182 15
152 13
434 11
253 14
45 20
271 3
92 27
481 12
452 31
53 21
33 21
256 2
322 7
357 29
300 26
396 9
188 8
290 25
218 26
198 26
285 16
100 24
27 32
48 6
307 24
42 11
116 1
212 25
168 16
129 15
257 20
3 16
127 12
416 13
334 14
106 18
433 2
346 7
489 13
289 31
344 6
189 15
183 20
99 14
171 27
20 11
102 18
222 9
166 2
425 3
455 26
468 11
439 29
50 28
205 30
278 12
223 3
210 9
70 32
458 25
386 17
19 8
203 29
68 32
82 4
366 12
373 21
126 24
498 7
295 26
216 12
454 7
390 31
195 4
323 5
404 24
481 30
47 23
14 14
402 23
309 23
334 14
304 24
49 29
338 23
354 2
266 27
196 16
322 22
319 24
246 14
203 15
495 14
113 5
67 27
307 12
133 29
261 28
156 29
236 17
3 14
250 20
248 25
275 1
187 21
64 8
166 7
362 13
368 27
21 14
489 11
13 5
23 17
409 26
285 24
23 31
437 28
407 13
69 21
105 3
126 5
38 11
287 32
303 30
226 7
291 14
354 4
186 24
280 18
54 1
294 28
55 14
51 17
266 11
494 7
225 15
243 23
261 21
366 16
386 15
238 28
304 7
183 13
319 19
139 16
83 8
151 17
13 1
98 15
320 7
205 24
61 31
10 13
179 3
384 4
465 18
443 12
64 30
313 22
144 23
105 2
234 15
362 18
308 19
80 27
253 20
374 13
82 32
486 4
110 21
175 19
194 6
398 30
95 22
491 18
364 24
315 9
54 4
399 21
339 26
43 15
114 1
108 31
152 21
455 1
165 9
391 15
450 17
468 16
202 30
485 18
257 19
366 27
327 20
375 13
94 30
459 27
186 22
253 29
362 27
153 19
40 16
385 17
184 12
385 5
161 1
302 30
168 16
432 10
135 6
362 16
427 16
138 32
442 3
152 15
449 25
329 32
348 1
329 7
416 17
267 21
433 1
198 4
292 9
297 18
490 2
358 17
182 11
380 23
237 12
277 10
188 6
25 11
170 25
269 18
417 27
366 26
159 23
301 10
395 10
228 12
107 29
152 28
283 12
114 20
267 23
205 26
348 5
44 1
434 20
306 6
402 23
199 9
437 28
362 11
449 13
419 15
377 18
47 16
305 28
179 19
402 31
80 13
315 15
470 32
138 31
450 16
446 4
452 2
351 9
65 3
254 3
206 30
404 28
289 17
115 15
483 9
53 15
469 16
37 2
319 31
213 20
66 22
120 5
391 22
33 3
121 2
141 10
268 25
281 12
457 27
227 11
263 7
353 24
350 22
169 5
268 25
140 1
242 15
405 5
81 17
291 29
75 12
230 18
328 10
249 12
404 23
74 7
458 15
250 19
372 22
179 23
3 15
175 28
281 27
228 1
15 7
265 29
450 2
282 21
355 11
412 15
357 21
129 30
115 18
325 6
499 7
476 21
25 18
449 18
80 16
370 23
194 15
387 7
480 1
123 27
51 26
445 11
223 29
277 17
154 25
27 20
307 18
209 20
4 25
341 15
332 22
233 30
196 24
224 20
140 31
10 2
84 22
300 6
230 20
347 31
380 13
238 11
78 26
222 1
102 2
368 26
475 20
15 27
71 26
346 2
288 27
251 16
12 15
381 1
330 11
475 14
303 16
248 21
10 21
313 27
86 4
248 12
484 10
230 2
352 19
116 27
133 6
362 28
120 31
236 22
173 26
363 32
274 26
208 19
282 8
245 3
256 1
278 3
106 20
144 13
286 7
300 19
477 17
414 32
107 10
249 24
211 23
459 12
72 10
470 29
241 11
423 28
59 13
234 20
60 2
325 5
488 8
263 20
488 5
412 7
178 8
430 16
271 20
76 14
257 25
399 13
111 9
493 13
373 6
37 20
307 1
129 15
188 15
110 31
271 21
325 32
181 2
188 27
493 11
496 17
159 18
246 6
67 6
290 15
167 18
223 18
38 27
120 25
93 1
104 28
250 28
163 18
182 10
84 18
464 19
423 23
177 32
96 31
257 13
33 15
211 15
248 16
457 31
325 18
96 32
413 21
207 7
478 24
277 17
266 4
195 12
66 7
207 21
317 15
398 18
89 32
456 29
59 9
55 23
314 26
14 6
198 17
152 19
312 28
291 17
20 6
116 25
60 6
450 17
488 15
78 17
306 1
117 28
149 7
451 2
25 8
187 14
36 19
101 32
118 3
424 13
80 12
426 20
213 19
368 5
425 5
481 14
181 1
297 14
119 27
291 7
63 22
217 26
20 21
149 21
263 9
126 31
464 7
334 4
481 21
432 25
497 28
338 29
212 14
358 3
233 25
177 11
330 29
96 21
413 29
337 8
169 10
370 24
68 23
363 8
255 3
452 3
58 5
131 26
275 9
452 27
193 4
5 14
373 8
74 17
196 10
164 8
76 29
199 3
87 26
191 29
208 10
295 25
283 30
386 1
118 13
267 6
169 31
183 17
222 20
29 10
17 25
337 16
77 16
87 8
301 29
356 4
122 3
124 20
428 14
164 5
402 14
206 10
52 28
314 18
495 27
247 11
239 11
455 7
322 13
330 2
21 18
481 14
188 1
250 19
170 21
11 7
47 32
493 14
103 10
427 9

