256
471 10
449 26
303 12
35 22
36 1
421 20
426 19
331 13
187 21
233 9
46 13
258 10
241 26
111 19
324 31
267 7
189 7
160 23
246 2
16 29
486 28
481 24
179 11
148 13
216 28
310 1
476 15
479 9
36 21
323 28
499 9
6 27
155 1
30 1
62 29
33 3
185 13
162 7
176 29
431 23
41 8
355 32
11 1
84 30
273 2
109 8
346 26
162 25
482 19
457 27
440 21
442 8
206 23
338 25
264 32
475 12
360 5
171 30
14 19
267 26
12 20
261 30
193 3
414 7
465 14
217 4
210 30
379 3
465 24
147 8
484 9
383 31
302 29
416 19
159 22
304 3
261 13
84 22
339 21
128 3
218 28
59 3
58 17
194 14
5 32
101 32
165 7
34 22
387 25
132 18
482 19
68 23
351 19
48 13
499 7
344 8
74 22
142 27
190 15
4 14
27 28
33 23
438 10
360 5
366 19
370 16
277 9
294 4
291 17
168 1
219 31
4 24
264 17
275 26
184 26
147 14
234 20
104 23
97 15
347 31
305 16
162 5
356 19
60 18
147 24
286 25
90 25
8 10
138 2
159 9
264 9
382 17
336 25
19 25
299 2
395 7
433 4
387 9
362 19
138 24
378 12
76 31
64 31
172 13
69 10
373 28
339 10
180 14
442 18
106 8
415 28
46 4
259 25
192 20
231 5
479 20
252 26
426 20
489 26
368 25
483 21
240 21
198 31
495 32
468 8
435 3
304 21
286 2
117 17
34 23
305 32
158 5
418 27
76 18
236 23
166 23
239 29
39 9
175 13
280 10
337 14
80 24
398 17
201 14
341 14
64 22
98 13
258 7
156 17
124 27
479 1
109 18
397 28
6 23
384 1
416 28
202 12
359 16
212 12
465 29
349 1
254 6
101 11
164 20
195 3
499 1
279 31
242 31
310 11
97 2
87 21
413 25
64 16
240 27
387 4
383 19
84 8
33 17
146 4
292 12
187 18
217 9
453 30
492 10
409 28
455 19
156 8
135 15
195 18
198 17
430 32
167 25
216 27
401 25
247 13
405 5
186 17
101 14
282 20
252 22
236 2
389 31
277 19
314 31
249 23
403 26
90 18
42 29
120 27
222 10
487 26
2 4
450 27
14 23
46 9
125 29
322 21
24 19
387 9
273 11
199 32
164 20
97 22
149 28
352 6
434 22
199 19
65 8
37 10
230 27
194 10
67 28
70 18
170 5
278 30
295 24
469 19
468 13
368 28
281 23
337 14
260 31
148 4
34 13
106 3
471 31
321 29
18 10
479 7
198 8
481 29
436 1
303 11
14 22
222 22
444 6
359 23
444 2
230 9
394 7
91 20
486 23
253 31
301 31
42 14
42 10
342 5
470 24
435 23
369 20
128 24
213 14
366 28
344 8
484 29
282 15
305 19
485 1
122 5
491 23
487 4
36 28
65 9
176 23
192 32
155 11
208 3
9 5
227 8
20 2
292 26
284 20
272 21
4 29
257 18
407 11
230 18
423 30
151 26
292 26
141 30
364 16
17 28
273 31
75 32
452 7
297 16
314 5
60 14
313 28
163 20
411 20
13 13
389 31
282 5
356 30
330 28
474 2
443 2
88 26
241 32
236 26
331 25
458 18
218 30
57 5
341 19
328 22
3 9
368 4
249 12
58 14
147 15
424 29
128 15
458 16
254 21
257 28
446 6
177 19
188 26
247 20
404 15
85 11
291 29
190 3
380 15
468 14
129 31
114 12
254 32
476 27
468 4
295 1
298 3
428 13
408 10
364 8
452 9
70 14
253 31
484 12
210 32
9 10
194 2
446 11
397 17
158 21
4 28
129 29
126 8
489 26
286 9
197 9
5 18
331 21
228 6
92 29
117 24
275 3
277 28
461 26
344 18
242 31
273 2
352 11
130 4
136 27
396 4
3 28
301 25
360 4
351 15
465 3
254 7
481 31
14 18
56 13
59 5
407 16
18 6
434 15
450 29
265 21
104 12
449 20
304 32
283 2
259 23
473 20
41 9
394 30
246 9
114 29
245 21
340 19
130 5
465 3
193 10
128 32
349 8
403 24
383 9
158 21
488 30
357 28
434 26
286 32
51 3
336 15
271 7
261 17
151 2
331 11
307 10
342 31
33 28
158 24
132 15
112 3
444 20
351 18
70 24
261 16
238 12
266 17
474 31
409 28
456 19
318 10
49 15
268 13
106 29
200 13
240 16
60 23
483 14
116 16
249 24
23 30
175 29
494 20
371 14
123 26
345 20
439 29
450 10
325 11
482 13
496 17
40 7
460 30
316 15
426 24
303 12
401 9
440 3
477 2
500 11
487 16
39 29
88 32
334 21
247 12
493 2
240 28
148 3
405 27
478 6
230 24
482 6
108 25
228 28
83 24
35 21
275 5
198 19
264 23
331 14
198 7
455 30
354 22
192 26
268 17
292 1
300 17
183 8
397 14
195 3
341 9
252 12
5 9
182 17
331 4
482 1
186 13
22 11
242 29
500 18
382 3
62 21
267 24
144 28
154 31
346 10
419 21
313 20
397 18
44 28
209 1
460 30
313 25
284 15
193 12
268 2
278 17
459 1
73 18
412 14
292 25
275 23
206 12
486 10
137 13
181 18
405 32
443 26
120 23
476 13
214 7
90 15
275 4
239 31
2 10
276 5
259 3
207 16
342 4
417 10
72 30
175 29
89 10
46 21
48 29
225 1
467 14
103 25
66 30
440 7
195 3
63 9
321 6
120 18
313 17
492 25
338 22
361 10
487 10
338 30
130 30
146 8
80 13
188 29
294 23
63 16
46 13
497 30
98 16
380 27
356 11
295 13
240 7
323 31
412 20
112 21
426 26
488 29
358 27
353 15
154 27
342 11
243 22
416 25
158 23
251 5
17 5
410 1
403 8
483 26
243 26
58 12
203 9
228 24
71 32
62 20
198 4
274 1
445 6
133 30
336 11
319 29
131 20
461 25
459 27
198 21
240 31
425 7
151 8
354 9
436 4
149 1
23 26
425 31
315 25
273 27
143 31
355 17
170 19
9 12
461 26
32 32
164 32
494 30
312 4
387 15
115 3
231 13
160 16
307 27
64 7
477 11
373 11
331 22
349 4
21 9
397 1
8 21
212 14
226 7
201 24
121 23
350 4
303 22
359 13
336 26
392 4
480 24
494 31
306 10
2 14
150 30
230 25
162 14
362 4
316 22
55 9
376 21
140 14
266 30
491 25
123 14
264 27
497 9
265 18
450 26
480 3
219 13
459 9
150 1
472 14
382 6
106 2
282 1
139 3
446 9
499 20
214 22
22 27
370 6
364 15
255 11
269 22
404 12
206 17
48 9
222 1
54 19
390 8
423 17
86 16
361 5
288 15
50 17
137 24
447 20
90 21
195 23
174 22
438 7
354 13
259 4
469 29
254 15
352 9
91 13
396 23
225 27
229 11
196 13
46 2
217 7
342 31
197 32
212 30
450 25
174 21
344 23
225 18
353 20
126 3
364 17
97 17
408 30
215 23
42 28
244 10
98 13
372 31
156 27
484 18
204 6
166 15
152 22
144 32
317 25
150 8
494 26
120 21
71 18
355 1
445 2
74 15
238 18
189 26
232 8
351 31
181 16
334 8
405 13
39 13
450 8
104 15
434 12
195 24
409 13
320 10
498 2
396 27
191 4
480 30
459 30
209 24
197 10
323 17
222 6
25 27
401 17
113 14
204 11
42 24
355 29
465 4
254 24
143 16
147 18
218 6
304 10
449 28
171 27
453 8
484 9
415 13
457 11
70 20
186 31
272 12
324 12
96 25
300 14
373 30
211 22
255 14
71 31
366 17
178 22
484 25
498 26
249 23
277 31
466 26
281 21
353 24
177 20
33 4
389 25
125 32
198 4
317 12
434 22
360 27
203 19
476 9
93 24
7 17
394 8
330 19
61 14
130 29
334 26
64 2
418 32
173 31
419 14
234 5
23 5
167 14
288 18
278 4
218 20
100 31
107 29
137 23
314 27
107 11
280 18
369 6
210 13
164 20
234 14
184 29
342 23
186 9
344 31
360 17
450 31
24 12
239 32
427 5
130 21
51 14
407 27
311 24
16 22
447 1
75 3
357 21
333 6
397 32
356 9
441 21
67 32
213 2
179 3
62 25
23 20
70 29
235 24
248 22
205 31
498 16
177 19
48 25
396 32
388 28
52 8
408 15
495 16
276 6
110 21
482 9
300 3
265 22
282 25
283 6
59 1
469 23
487 24
95 10
312 6
337 31
162 21
481 20
216 28
329 22
296 22
162 24
416 2
129 17
290 24
387 16
44 11
434 10
223 20
115 26
10 24
396 7
48 5
178 15
188 19
440 16
20 1
79 32
379 19
484 28
470 6
368 1
77 17
246 19
329 29
184 30
164 3
212 31
11 29
325 7
247 17
34 23
69 28
54 19
170 5
467 24
259 26
208 27
486 2
189 14
166 24
207 17
154 14
39 1
307 27
215 25
183 28
171 28
211 4
50 4
113 28
223 19
53 19
261 31
236 25
56 17
172 23
229 9
32 15
341 14
185 15
243 20
154 21
471 32
489 28
448 1
240 30
323 12
452 31
34 3

