256
101 29
230 22
325 27
209 29
444 25
268 18
382 4
51 20
409 28
267 16
368 19
330 18
308 1
385 25
218 1
148 2
373 17
392 22
475 16
10 30
96 13
484 9
157 26
316 5
453 6
328 8
188 2
38 7
258 2
356 7
290 11
145 31
231 32
212 6
339 5
123 22
202 18
262 2
343 25
126 32
158 26
171 22
315 32
396 28
130 27
398 3
105 10
433 32
281 20
41 23
421 7
404 10
325 9
183 3
93 16
166 31
113 9
152 3
44 15
350 9
150 32
296 14
493 12
441 18
76 17
244 24
348 20
469 16
16 11
42 29
310 20
415 3
396 14
53 3
464 3
316 5
2 23
71 10
190 31
471 1
196 3
112 7
66 24
418 17
434 7
393 28
18 7
370 21
224 2
56 16
176 3
356 5
333 6
23 26
289 9
491 20
411 18
82 32
386 15
261 11
309 29
266 15
164 3
443 23
261 26
278 8
220 26
113 20
411 27
278 3
479 8
386 14
221 15
217 2
317 29
129 18
334 18
156 29
85 2
235 25
448 25
280 23
498 12
423 16
230 24
311 9
467 8
302 23
15 2
497 19
199 5
160 24
74 3
28 10
413 6
354 32
478 2
378 15
229 32
235 19
351 17
371 21
444 16
208 14
41 4
493 15
384 4
122 29
467 25
319 11
115 8
442 28
157 31
419 22
323 9
196 21
401 2
194 16
237 21
154 1
160 30
220 31
149 21
351 7
342 1
345 12
193 26
399 17
309 17
86 23
25 13
7 17
50 20
473 30
304 30
267 31
123 14
357 27
178 24
238 15
228 18
178 32
72 1
473 4
449 22
362 10
43 4
250 16
420 26
82 31
51 12
38 17
37 26
148 26
453 13
437 9
318 2
156 9
42 24
120 19
38 5
316 16
53 21
375 32
491 12
46 5
155 27
418 15
181 1
257 5
449 17
17 10
306 21
359 20
152 30
42 25
15 1
472 11
273 7
390 3
154 7
156 9
222 29
351 22
489 31
238 9
299 7
258 1
279 4
8 6
298 25
471 4
405 6
230 13
288 23
292 30
109 23
102 30
223 28
435 15
411 13
351 9
279 8
17 13
76 28
338 13
424 16
388 12
102 29
357 1
291 8
182 15
298 3
433 16
87 31
434 25
391 20
409 29
243 10
77 6
153 27
394 25
426 1
404 31
101 28
268 15
259 29
494 32
84 10
279 30
144 12
370 19
347 22
407 26
407 24
259 4
102 17
488 27
137 31
54 14
355 25
184 29
121 25
373 20
454 11
77 10
215 6
336 21
428 10
2 26
429 13
97 18
117 24
409 13
179 6
46 17
486 22
201 18
258 9
14 16
428 22
13 10
92 20
54 23
293 12
56 30
20 13
455 20
440 27
92 26
380 26
354 29
71 23
175 28
479 20
243 18
333 3
251 4
454 25
294 19
64 10
172 27
206 30
70 25
341 13
115 24
354 28
437 20
374 3
456 17
2 26
462 30
305 29
110 18
369 27
208 24
456 19
366 25
357 31
158 9
151 4
416 17
443 20
132 17
166 19
373 11
137 2
353 9
398 10
402 18
68 30
401 8
340 26
240 32
404 17
244 3
372 8
263 19
215 22
483 17
333 3
399 21
188 3
261 2
416 22
407 16
475 28
211 3
277 22
214 13
199 10
439 26
469 1
384 11
446 14
415 30
72 22
246 20
268 14
49 4
372 7
19 22
114 9
12 23
30 26
423 4
35 17
150 19
413 9
389 6
103 24
136 6
321 21
285 4
91 13
123 6
140 25
159 21
73 19
143 31
100 13
182 14
277 31
340 13
216 28
399 30
235 22
491 31
470 28
347 12
460 9
225 27
314 12
352 2
110 26
340 9
263 2
46 3
352 21
432 7
316 2
236 3
67 7
309 32
206 3
300 9
328 28
116 13
259 19
230 4
16 14
428 18
91 1
169 14
61 4
213 5
133 24
279 27
378 7
438 31
446 5
452 21
113 11
117 7
237 14
91 8
415 22
30 9
47 14
299 11
1 11
335 21
162 21
35 32
404 8
474 5
61 5
473 13
343 25
395 11
286 29
331 1
59 12
57 9
113 31
63 9
69 2
449 11
214 11
270 17
306 7
169 30
372 13
390 26
433 29
145 11
473 23
271 11
390 19
135 26
34 6
318 26
447 30
184 28
452 13
481 25
400 1
327 31
494 32
188 18
204 28
348 21
10 6
59 19
297 18
104 10
243 13
135 29
242 7
52 17
123 4
154 6
385 32
348 18
399 28
7 27
71 31
131 9
324 13
183 28
234 7
153 20
263 8
368 29
458 8
49 32
7 22
158 15
33 9
472 20
244 3
386 27
37 28
99 4
56 29
184 6
123 4
117 22
327 9
390 24
108 30
68 26
140 29
209 8
433 8
455 9
214 8
195 10
207 5
314 11
425 13
52 4
36 8
285 27
356 10
498 31
463 9
429 26
493 1
478 10
20 28
306 18
476 20
335 6
292 8
296 24
496 31
467 4
219 19
246 22
128 15
389 3
160 13
396 28
305 29
281 20
361 22
57 28
85 32
369 32
391 17
296 27
363 18
270 21
217 27
7 32
109 31
286 32
63 30
124 23
110 32
42 18
490 15
9 30
194 14
154 20
394 21
322 12
414 11
41 10
309 11
326 14
293 11
389 19
348 8
73 2
268 18
131 29
416 32
34 13
17 23
397 10
487 14
221 17
13 21
382 29
11 3
442 7
22 23
9 21
46 1
178 5
399 9
273 18
448 27
479 20
197 31
77 28
444 17
436 4
410 5
481 4
228 10
75 21
308 3
117 30
368 31
370 22
103 3
135 14
153 5
217 13
339 29
384 15
293 19
442 18
340 18
326 31
400 32
315 27
186 27
412 5
429 26
374 31
128 1
284 24
325 12
480 8
496 12
298 21
386 7
194 21
365 27
143 20
122 5
322 28
444 6
64 24
367 26
255 26
150 2
125 30
242 20
489 21
23 26
377 29
229 15
337 25
441 4
60 3
492 25
222 7
114 29
307 28
426 21
177 15
302 5
401 3
461 17
132 23
27 32
243 11
430 4
51 23
263 14
285 14
342 22
41 4
494 19
139 8
111 20
494 28
320 2
159 16
135 22
115 29
149 25
471 3
140 9
301 2
334 17
8 27
294 4
482 23
246 29
206 28
140 20
471 7
149 21
443 7
418 29
499 31
117 9
497 17
341 25
10 6
437 1
201 14
416 30
368 25
358 2
368 9
329 11
160 9
319 6
112 9
10 18
7 22
431 7
234 11
355 24
149 7
112 17
372 28
234 23
40 8
16 8
440 12
450 31
173 16
52 4
60 5
245 30
391 15
124 32
298 2
219 10
120 15
498 27
210 7
434 29
26 9
360 30
497 21
416 9
281 32
304 28
232 32
110 30
427 29
246 8
415 20
373 6
498 10
229 11
304 18
308 30
314 11
147 14
180 22
330 4
381 1
151 25
237 24
86 15
197 19
238 19
499 6
496 8
183 24
55 30
237 26
167 3
232 21
64 3
227 6
222 31
230 5
423 6
188 13
128 16
43 9
346 5
30 26
241 28
417 31
402 26
360 20
260 27
233 11
206 19
68 3
269 22
3 8
263 3
404 15
426 18
311 20
339 5
465 3
404 29
225 25
238 24
225 17
378 21
172 15
119 11
10 23
36 24
134 27
54 17
393 12
335 31
455 25
43 11
103 3
151 27
455 29
114 7
89 3
339 8
74 1
499 3
400 18
150 21
184 20
70 20
387 8
131 29
428 21
111 26
323 13
60 18
1 5
308 22
15 19
201 24
307 15
226 10
233 20
91 12
431 4
196 5
267 18
9 10
350 7
427 29
231 22
450 28
10 5
25 32
107 13
316 10
424 17
323 28
268 17
127 10
276 6
366 30
147 14
87 29
196 9
21 7
350 6
10 23
78 18
87 1
258 14
450 25
146 28
40 2
389 27
463 32
340 25
58 23
406 4
335 26
361 11
380 10
176 1
125 25
274 23
289 15
316 2
416 1
66 27
78 10
325 13
469 21
221 6
355 10
226 29
79 22
247 2
351 22
198 31
26 19
37 7
206 24
108 9
369 5
131 26
478 24
486 23
324 10
28 22
36 5
218 22
42 24
424 25
237 25
219 26
296 12
132 13
311 8
177 27
116 23
477 26
466 26
244 25
372 11
318 23
376 31
372 9
202 3
161 2
472 24
404 7
487 27
471 5
478 7
180 14
157 20
39 11
173 22
263 16
404 17
302 15
319 18
400 5
172 24
310 15
291 1
261 17
452 7
278 29
81 21
374 10
168 16
64 20
397 22
236 5
110 9
283 21
62 10
153 14
446 30
80 16
379 17
365 26
275 22
110 4
302 32
297 17
247 32
160 20
37 7
148 27
284 10
427 9
464 7
282 21
392 18
496 2
54 4
303 24
205 17
387 2
248 7
178 30
42 22
341 27
232 8
77 11
270 3
212 5
285 9
345 12
58 28
2 27
52 8
143 24
216 13
466 7
64 11
161 25
480 21
387 28
193 7
430 14
21 25
46 17
190 10
185 27
81 10
210 4
341 8
444 9
84 21
223 7
403 19
456 31
88 18
150 4

