256
81 6
79 22
336 25
270 8
61 19
242 25
392 30
495 23
56 28
454 27
421 30
361 30
15 27
205 29
76 1
378 8
178 25
281 1
441 10
89 18
208 14
134 19
56 8
241 3
444 26
153 12
123 9
497 21
255 2
174 10
478 15
189 8
359 13
20 24
370 16
301 17
494 18
379 9
413 11
11 28
17 8
423 27
380 16
480 19
177 1
316 18
55 13
309 22
177 1
65 15
492 21
179 13
2 2
385 30
28 32
474 16
411 32
239 22
19 26
276 31
74 4
201 8
300 9
393 8
41 9
78 25
377 21
17 2
314 26
496 1
149 25
441 31
68 27
52 7
248 28
485 13
271 21
300 14
46 17
249 6
353 11
118 22
83 3
311 20
92 22
292 20
478 4
2 6
410 5
336 17
232 16
329 30
357 17
423 2
173 32
339 25
350 5
458 8
147 5
383 2
426 14
329 8
258 6
153 15
86 24
28 10
11 28
319 11
484 18
472 12
117 19
385 26
471 18
101 29
462 27
58 16
8 18
495 25
419 3
136 32
486 7
321 32
18 16
215 14
85 22
361 17
200 29
18 30
291 10
490 4
452 23
343 11
284 9
428 30
335 11
206 4
225 6
168 18
369 14
447 21
419 24
153 11
256 14
492 2
491 2
150 26
380 24
105 32
181 8
217 11
446 26
39 2
152 18
115 20
439 18
325 1
221 13
179 28
351 19
374 17
4 3
135 11
366 15
250 26
122 7
117 7
240 19
440 31
212 26
263 2
115 27
210 19
267 13
15 1
411 12
458 18
262 28
500 7
182 6
229 31
68 5
73 11
351 12
402 26
65 28
63 16
454 28
70 28
364 16
337 6
323 14
243 8
89 19
267 18
344 15
128 3
191 20
69 9
63 22
454 3
337 28
10 6
491 20
362 31
15 30
332 30
47 27
477 19
169 19
460 4
89 19
274 19
138 18
171 4
164 28
178 24
343 24
494 14
471 31
244 13
108 15
378 6
353 15
492 21
97 27
384 2
37 29
316 18
351 15
225 22
314 26
217 1
293 10
46 27
268 25
452 3
215 17
232 16
35 31
440 32
173 28
21 5
332 20
438 6
174 10
47 12
416 8
348 20
29 25
175 25
33 22
375 23
306 3
314 5
329 10
176 26
429 4
266 28
31 20
294 25
217 28
396 32
159 15
44 20
339 2
336 23
195 6
469 28
168 19
44 9
240 3
202 32
266 31
279 29
374 28
205 15
468 24
74 26
46 1
313 12
38 24
458 24
210 14
436 5
60 19
77 27
402 14
318 27
449 21
315 30
372 11
264 7
470 26
317 7
158 13
454 28
129 19
131 2
337 6
418 32
249 19
195 14
124 20
316 12
460 31
246 24
1 21
374 11
50 30
189 8
171 3
107 15
53 21
340 21
155 21
137 19
455 15
404 7
194 7
354 10
53 27
41 14
312 30
376 29
456 8
124 6
206 6
276 31
319 3
351 21
427 7
227 30
169 6
164 23
52 21
72 17
320 32
158 31
377 21
195 24
448 31
309 6
400 16
116 30
402 22
42 9
305 24
414 17
101 9
39 9
445 6
109 12
73 22
246 2
150 5
133 5
463 22
102 6
377 13
284 23
387 21
311 31
297 4
15 9
152 22
401 8
15 9
212 32
126 29
389 7
453 25
224 3
166 21
481 19
98 12
25 4
440 7
26 12
410 16
485 21
445 5
156 32
98 15
251 11
28 31
350 12
363 29
247 5
453 23
423 18
490 31
385 1
133 22
17 14
302 1
102 10
441 29
409 18
328 7
113 23
1 14
186 28
90 16
96 26
10 22
444 7
316 32
132 24
238 20
341 27
352 6
488 24
254 13
34 13
407 6
139 24
311 5
475 28
460 18
145 26
291 32
172 26
268 7
257 21
302 21
247 13
242 18
297 27
130 14
132 17
179 10
148 5
298 26
92 2
395 20
431 17
176 26
142 19
405 26
151 26
346 21
211 7
130 11
137 4
40 8
352 10
390 27
58 31
324 13
148 30
236 26
402 19
32 23
57 20
292 11
345 29
455 19
427 5
265 3
48 20
183 27
21 28
249 10
110 8
78 26
289 22
39 18
280 6
436 13
209 23
395 6
67 22
312 21
286 21
259 1
380 1
83 5
12 15
182 22
402 4
83 26
129 1
83 32
395 18
96 31
448 3
360 26
192 28
210 17
100 4
161 23
409 11
435 32
73 9
97 14
80 3
367 4
4 17
467 10
170 15
352 9
405 12
334 8
87 15
276 22
362 8
368 22
30 7
394 10
271 10
131 26
21 29
409 16
297 31
273 14
289 32
434 29
39 23
344 17
309 27
14 22
406 18
144 19
184 1
92 6
230 18
155 22
218 27
125 26
289 29
331 6
225 28
326 7
382 6
92 22
140 29
64 2
338 23
184 5
95 16
326 32
349 8
426 15
394 26
284 27
151 15
316 19
230 1
193 28
310 16
153 6
93 28
347 26
274 26
303 8
157 8
396 10
312 29
276 17
74 31
91 12
25 10
154 23
47 23
218 16
482 2
157 18
290 27
356 15
237 10
487 29
489 30
102 32
54 29
5 15
140 27
407 8
353 24
122 15
258 15
106 20
413 19
165 14
321 16
320 1
29 18
154 10
187 3
169 8
336 25
71 27
472 17
490 24
36 32
222 22
302 3
385 30
145 13
119 2
273 7
374 21
244 31
170 7
134 7
374 1
215 4
443 18
272 28
9 28
43 14
305 9
113 25
410 5
441 17
74 1
319 8
366 14
474 19
196 7
77 2
427 24
217 1
477 25
301 18
500 23
419 4
39 15
344 5
288 32
181 25
349 11
160 22
264 6
452 12
444 1
233 19
24 17
239 32
141 15
337 28
86 16
443 4
138 26
128 17
126 28
138 26
158 9
391 30
134 22
85 26
74 21
448 13
469 30
449 14
429 29
101 18
244 8
341 10
385 29
158 26
128 3
335 30
296 1
59 25
271 3
358 12
163 29
145 27
195 5
444 7
81 17
488 13
292 12
206 24
148 15
38 32
362 4
413 29
449 23
437 27
317 7
266 15
451 30
313 29
206 17
119 3
5 26
463 24
138 4
323 13
382 32
264 3
84 8
251 8
350 20
454 22
334 7
496 28
333 13
133 6
269 27
176 29
61 22
420 26
157 2
334 11
306 18
133 5
477 12
272 23
423 13
492 24
147 16
243 23
148 11
369 24
330 4
40 26
34 7
439 18
404 24
80 9
73 9
449 2
300 24
228 18
296 3
181 23
58 27
273 13
2 9
324 11
389 23
424 6
25 22
463 5
189 19
489 22
459 26
15 14
9 14
183 21
460 7
451 2
489 23
426 6
68 18
24 12
464 19
229 5
364 7
269 21
85 21
18 19
46 32
356 31
273 30
211 28
104 29
305 5
87 11
286 18
332 26
461 3
460 13
135 20
380 15
228 12
364 17
63 17
128 30
167 28
160 1
187 31
241 20
59 16
222 13
333 25
6 30
199 17
482 2
492 29
440 11
381 19
315 7
416 10
64 18
45 31
163 28
190 15
223 32
82 12
92 31
348 17
60 30
266 5
83 5
458 15
180 10
29 10
132 4
288 19
230 24
122 8
63 15
498 1
58 20
432 26
198 15
302 13
29 11
1 11
28 18
485 31
147 26
52 10
161 27
177 18
23 14
485 5
460 15
74 9
414 17
222 19
136 12
219 12
442 15
126 5
29 15
27 27
476 11
305 4
269 1
230 23
482 14
228 9
48 1
161 29
157 19
71 16
258 13
307 19
360 17
372 28
395 26
62 6
328 26
357 9
50 30
91 7
152 26
323 7
322 32
160 11
70 18
122 15
223 21
377 26
213 24
173 3
350 10
328 21
304 16
477 29
122 28
88 25
237 18
323 15
97 2
389 2
416 18
344 18
142 17
423 10
172 31
164 25
180 19
402 11
379 10
40 16
445 11
476 26
388 6
92 13
132 32
354 27
193 30
388 23
122 22
392 21
256 12
18 27
250 27
474 32
296 13
479 9
491 22
126 18
104 9
66 3
400 12
485 24
469 8
482 22
33 14
86 16
133 23
278 22
373 15
10 21
263 4
465 17
146 30
335 21
10 32
187 13
319 19
204 19
42 18
228 22
411 18
65 23
268 14
276 25
93 1
13 23
477 9
164 30
418 10
74 11
397 8
39 20
430 26
58 19
131 14
396 9
303 12
287 6
153 11
414 21
199 10
156 15
106 19
352 23
168 29
301 4
36 23
335 29
285 29
287 27
30 22
160 8
197 2
253 26
8 11
298 23
444 25
437 6
475 17
424 6
65 29
410 17
267 32
269 3
136 28
318 5
441 1
496 18
274 25
191 14
415 24
192 22
145 8
111 27
120 23
465 5
111 10
341 5
117 1
132 5
16 5
417 13
277 21
298 6
13 8
183 15
327 22
488 15
58 31
294 21
485 10
417 7
131 13
175 27
366 18
351 9
106 8
41 26
384 18
284 8
177 18
378 24
396 25
178 5
315 15
481 11
80 18
97 10
154 28
161 11
429 3
252 3
334 8
268 5
482 27
168 18
221 1
13 20
410 15
420 16
365 16
227 21
1 11
358 31

