256
219 13
216 20
311 15
198 8
31 19
70 4
497 7
273 11
78 32
78 23
103 16
20 2
312 4
298 6
82 26
100 12
375 3
279 9
2 29
296 28
375 25
3 24
419 16
54 20
31 8
355 1
267 18
70 3
158 19
352 7
157 31
242 19
118 17
419 19
201 10
2 27
283 12
446 1
483 20
49 9
131 31
497 17
480 10
179 5
137 27
227 9
185 29
27 26
341 21
272 25
10 25
115 32
481 5
345 31
412 21
328 18
499 16
142 2
94 21
467 22
203 17
226 7
365 24
41 25
48 12
97 9
289 4
201 9
476 9
83 31
141 14
280 15
86 17
320 23
93 22
112 19
183 9
386 19
440 26
104 11
441 28
395 9
263 27
201 6
343 24
476 31
193 19
325 2
380 29
160 8
134 3
323 24
311 20
67 10
337 22
88 17
221 7
210 16
429 10
73 4
193 25
106 6
155 15
219 14
427 31
210 28
353 16
80 12
91 30
265 15
19 9
407 3
335 24
74 15
378 7
386 2
399 20
159 9
274 14
291 12
108 12
463 12
383 26
475 29
391 12
251 9
92 9
500 2
125 29
392 2
423 2
423 1
121 10
78 22
311 32
297 2
219 7
81 5
5 4
277 23
147 11
8 2
387 11
219 19
431 18
364 10
239 23
378 7
72 19
456 22
322 28
3 28
215 3
196 3
342 32
465 20
202 24
429 29
182 23
303 9
109 3
170 27
157 27
262 24
2 29
313 31
173 3
419 27
101 26
457 11
438 21
134 3
97 19
79 14
61 14
242 17
252 7
72 8
310 13
487 15
401 11
337 1
465 7
311 17
221 23
359 26
40 25
500 24
407 27
265 19
312 27
340 23
269 15
322 2
243 28
240 3
458 29
420 18
387 30
338 3
349 29
468 32
41 24
227 31
398 27
265 25
497 20
475 22
366 12
343 28
307 7
307 12
215 2
389 5
159 30
60 19
478 3
98 14
346 8
316 11
315 29
155 23
240 17
428 18
276 3
417 2
57 11
49 11
152 9
223 11
219 22
317 32
161 15
214 18
90 25
101 24
165 31
67 5
384 26
362 11
116 2
445 4
205 25
146 24
486 29
166 8
150 31
399 10
101 20
168 2
197 24
446 1
374 8
117 5
357 26
120 29
460 28
348 8
260 14
371 21
362 1
448 27
223 3
25 11
162 32
216 2
311 5
71 12
376 7
293 13
17 32
409 28
327 8
139 14
249 1
35 30
249 30
325 31
32 29
497 22
392 21
255 18
77 25
237 5
12 13
37 32
144 25
3 6
52 29
260 21
353 22
114 30
127 10
424 19
138 5
56 1
485 30
434 17
135 15
365 22
403 5
377 7
197 15
368 29
75 31
401 7
272 2
380 7
304 32
409 17
428 32
322 28
125 3
324 19
129 1
460 12
441 28
430 2
66 29
90 20
128 14
419 15
355 30
149 26
157 13
451 32
224 28
347 9
378 7
311 15
211 3
390 11
106 11
492 8
319 9
163 2
274 21
345 5
83 5
138 15
402 8
175 29
359 9
177 1
43 32
95 21
258 8
108 31
6 11
238 24
384 1
122 9
37 10
137 7
162 11
210 31
362 4
392 21
256 32
13 27
55 3
255 32
294 14
231 27
165 4
474 12
424 11
408 25
264 1
431 2
171 20
340 28
227 27
456 3
151 4
485 25
278 11
221 15
453 23
221 17
122 27
368 30
345 15
6 25
319 20
386 25
428 25
373 30
308 4
340 14
500 28
366 13
415 30
200 31
240 4
187 14
170 10
407 3
180 32
123 7
199 20
339 26
84 19
336 31
95 23
404 30
351 18
222 25
207 5
483 3
193 5
160 6
426 26
228 5
329 2
455 11
209 10
209 1
208 28
239 18
70 11
247 4
264 25
36 10
389 18
268 5
390 27
147 3
344 18
420 12
76 18
255 8
19 27
132 23
210 7
380 7
217 23
199 12
447 6
301 11
104 1
120 13
199 26
160 15
491 23
418 30
304 16
54 3
338 13
253 31
259 32
326 3
110 16
306 4
461 3
95 12
379 30
261 29
331 8
471 1
350 5
91 5
412 4
327 30
384 31
296 3
63 1
469 20
200 19
432 5
233 6
76 23
91 8
39 25
255 30
297 12
250 23
109 21
234 23
262 10
366 14
464 20
234 16
303 30
58 30
94 22
463 17
104 5
357 31
29 7
356 22
67 29
64 3
117 6
461 3
119 14
140 26
457 29
365 8
158 11
49 27
416 8
124 12
268 4
366 9
442 5
474 28
177 9
386 17
186 23
23 28
376 2
237 5
239 30
296 24
376 16
499 7
59 30
162 3
453 27
327 10
99 8
254 31
188 3
68 30
337 2
29 29
456 14
249 2
367 12
293 18
91 11
384 18
264 10
180 8
424 30
462 3
9 23
297 20
205 16
421 18
158 10
106 21
67 14
362 1
249 14
26 19
297 9
192 32
454 23
480 22
432 25
252 24
359 24
488 7
116 28
456 25
61 5
89 27
118 2
59 10
455 12
409 7
493 32
15 6
175 14
27 10
138 18
398 20
178 13
410 17
496 18
417 13
130 21
35 8
10 2
317 4
29 13
67 1
325 17
23 3
278 1
456 3
179 13
262 28
89 15
500 1
388 20
493 22
476 19
469 29
472 13
300 1
10 10
77 6
150 7
388 23
500 19
193 26
196 14
385 24
477 32
72 28
355 4
85 26
295 13
18 10
42 21
470 19
35 11
440 24
349 31
463 24
169 7
377 16
109 5
352 17
200 31
152 22
339 29
87 25
493 4
102 2
273 12
436 23
322 11
342 6
201 28
222 26
459 14
437 23
415 16
355 22
63 18
372 17
94 26
237 23
414 10
120 22
261 12
344 10
282 25
456 31
341 13
204 23
478 32
69 12
280 19
358 30
280 13
446 18
186 22
460 3
371 31
136 20
338 3
417 32
16 12
454 16
400 21
6 18
500 18
269 3
348 30
472 7
354 13
352 16
450 31
342 1
94 10
304 7
456 16
402 7
444 3
178 19
215 27
72 11
108 1
197 15
170 13
286 8
437 13
119 27
300 8
59 9
289 14
323 29
433 21
419 24
283 25
71 14
131 14
268 31
186 4
45 12
484 2
435 9
319 9
11 26
364 29
10 1
282 16
249 6
260 31
442 27
263 8
96 10
357 31
484 3
178 20
102 18
62 32
434 4
440 28
497 23
216 30
455 1
189 19
62 17
222 3
47 8
218 18
81 31
356 24
321 17
444 14
194 1
161 27
236 20
274 32
402 13
89 1
337 9
263 19
429 4
457 3
320 31
468 28
453 3
316 29
356 31
46 21
467 22
232 2
305 5
285 18
198 29
118 30
1 5
488 30
216 5
256 19
323 20
139 31
398 2
47 9
416 4
358 30
149 13
139 1
297 31
214 2
147 4
232 31
212 15
280 15
367 28
166 21
463 16
463 4
109 13
317 16
304 10
461 8
114 11
256 6
373 26
256 3
153 7
17 4
409 29
494 8
184 19
464 6
314 15
357 18
139 21
149 11
346 13
246 19
411 26
73 31
175 32
153 15
18 2
42 26
318 3
53 21
46 29
498 23
499 2
133 5
379 9
431 20
446 1
387 12
382 31
139 12
138 11
234 3
312 11
432 9
161 29
481 2
57 22
65 3
36 1
191 14
181 22
489 30
2 7
334 15
333 20
290 2
114 19
476 10
297 32
258 9
96 15
15 20
420 3
58 27
479 28
220 11
73 9
489 6
435 18
308 20
293 13
441 2
119 25
35 27
176 29
76 19
235 14
126 14
20 27
313 18
282 16
360 7
444 4
280 7
169 32
350 25
184 14
71 11
58 5
421 29
453 8
207 11
437 20
45 4
366 1
157 4
444 17
354 8
216 21
118 9
220 7
197 32
108 27
410 26
428 14
250 32
178 5
271 10
492 3
422 6
375 2
209 18
446 18
57 6
46 6
46 26
344 14
373 32
65 2
469 8
463 14
75 4
230 17
458 10
11 27
283 21
308 23
407 14
404 31
267 13
193 32
66 16
257 30
191 21
423 7
16 14
81 3
229 6
287 30
235 6
64 29
34 20
359 32
329 26
107 19
63 3
258 12
186 30
418 1
391 8
387 14
77 27
348 6
333 3
343 15
284 27
436 1
482 30
461 14
408 31
256 30
217 17
449 18
82 18
130 32
410 25
230 14
39 29
143 19
415 22
290 6
96 13
367 29
370 7
238 1
245 9
450 5
209 7
66 6
468 8
114 17
416 19
67 18
123 17
177 14
398 6
87 21
42 25
421 27
131 26
392 3
2 25
391 26
443 29
204 23
4 5
491 3
11 5
76 5
118 24
22 27
69 5
360 14
413 32
373 28
290 4
474 27
456 5
205 27
321 20
161 4
76 23
446 14
60 25
422 17
273 4
395 13
404 26
303 4
386 3
63 19
142 29
317 1
253 1
199 1
132 11
100 11
214 9
496 29
65 10
301 17
65 23
30 20
301 24
487 10
210 22
212 31
290 8
151 18
253 26
466 28
412 21
443 5
109 30
249 29
59 13
362 19
96 11
442 20
278 29
285 27
330 24
41 3
375 23
12 7
244 5

