256
340 27
148 25
53 21
484 31
218 11
417 10
449 24
7 14
356 14
411 1
2 1
150 22
13 22
160 31
123 15
96 19
265 3
219 29
447 31
139 1
289 8
334 29
479 24
274 15
365 13
175 18
5 32
276 5
57 15
152 24
369 31
346 6
193 20
154 24
118 29
8 26
200 1
347 2
32 32
216 28
156 30
113 25
66 20
29 18
174 32
5 31
278 18
28 31
266 5
314 23
325 13
141 4
161 7
406 4
458 21
439 18
363 11
478 16
291 6
105 32
390 10
210 3
311 1
341 32
474 22
311 6
326 7
26 14
289 15
381 18
403 15
63 21
222 12
396 24
250 5
31 23
462 21
157 8
33 26
200 26
355 30
156 17
312 9
18 16
111 15
197 25
69 4
130 22
355 17
357 32
377 4
94 2
480 15
462 12
452 17
370 22
374 5
338 17
205 4
136 3
106 32
31 14
295 8
20 18
37 16
105 13
115 7
103 10
153 24
458 28
428 27
113 21
203 23
337 11
158 4
425 11
155 7
140 6
319 27
303 7
387 7
471 29
309 1
447 1
340 28
268 31
434 13
271 20
35 23
394 28
430 10
158 29
476 29
238 30
160 24
352 2
298 23
398 11
451 4
271 15
451 7
261 20
123 32
19 21
138 4
52 16
433 21
4 29
209 13
406 8
280 30
265 1
284 7
387 10
210 22
376 9
400 5
396 14
20 3
382 25
178 17
76 19
493 19
223 21
171 8
273 2
237 5
83 24
403 13
458 21
330 25
125 29
173 24
454 32
286 11
53 32
119 32
278 31
411 32
16 17
127 16
235 12
176 21
439 31
137 4
395 3
433 15
47 25
390 9
1 32
187 17
343 14
32 16
120 2
471 31
375 21
274 5
164 2
277 3
84 25
202 18
83 2
348 26
443 5
482 19
116 20
347 2
325 18
281 13
24 31
283 6
52 25
358 19
62 2
21 25
250 27
122 21
208 9
314 22
57 15
296 17
166 10
334 3
224 3
139 15
69 25
496 20
329 29
39 10
338 27
34 23
133 11
271 17
475 24
194 32
82 14
408 8
335 1
90 18
59 24
8 4
500 19
99 1
207 29
70 12
48 12
335 12
462 13
372 9
393 2
172 10
259 23
73 5
375 26
3 26
241 22
265 1
365 19
421 23
352 10
171 7
297 5
430 11
313 14
399 21
71 26
31 29
204 15
273 6
117 23
215 25
137 27
449 21
194 25
127 29
211 13
295 23
301 20
469 2
229 19
170 15
288 20
479 27
7 12
421 11
378 31
183 14
466 28
218 7
204 13
55 22
493 5
125 10
424 13
111 25
312 32
303 11
184 18
294 22
237 6
164 30
52 2
332 29
181 13
27 17
97 5
150 18
281 18
235 1
219 5
61 30
124 31
480 23
348 13
348 12
190 11
50 22
61 21
110 9
281 21
125 26
421 31
467 2
252 5
258 14
45 26
351 12
32 19
179 8
455 14
315 17
389 28
238 5
96 23
41 17
187 6
106 4
144 20
309 19
124 6
217 32
87 11
391 22
249 13
201 28
447 16
52 19
83 17
135 27
339 3
407 18
44 20
133 11
435 25
434 30
62 30
429 28
68 7
321 5
388 14
224 14
241 11
20 7
267 22
353 1
384 11
130 32
270 6
466 4
258 7
113 27
252 29
170 12
360 7
340 23
364 15
432 16
189 3
278 19
160 23
411 15
389 5
470 31
6 24
214 8
38 3
434 2
367 24
461 2
446 28
324 17
214 27
264 2
409 21
60 20
23 6
111 12
362 16
274 20
219 11
335 5
165 28
398 12
223 18
461 16
361 5
328 22
391 31
31 28
336 10
219 30
59 17
325 25
113 18
492 7
289 6
291 9
297 16
188 20
101 1
391 13
433 3
238 3
13 24
474 20
209 13
410 16
225 26
244 29
36 19
372 8
264 14
128 24
54 4
283 30
316 14
319 8
96 12
274 16
28 8
160 4
144 21
355 16
6 26
409 25
184 16
364 3
145 16
359 26
11 5
56 22
166 2
425 1
133 6
221 16
149 20
396 32
300 6
364 21
52 28
198 11
403 13
386 7
256 8
449 14
88 24
443 30
81 31
218 5
269 14
373 17
21 8
61 8
221 32
477 12
47 10
211 5
438 4
347 18
43 11
311 22
2 2
87 26
176 17
295 4
446 19
213 31
286 5
138 6
400 2
130 30
139 8
246 1
287 12
122 21
91 16
310 24
241 29
26 17
405 16
212 10
338 8
168 27
252 14
480 15
271 17
448 26
300 13
190 2
489 11
118 15
298 32
22 11
28 23
159 8
218 14
133 7
350 25
29 1
310 1
104 20
321 27
193 9
96 6
410 32
248 32
14 10
307 19
288 26
434 14
469 15
19 17
206 16
105 22
469 14
446 32
346 7
474 14
91 1
476 24
356 3
231 13
324 21
404 31
74 9
260 14
339 7
495 12
498 7
482 6
217 23
241 22
397 31
303 11
487 22
339 31
57 25
63 4
310 10
343 27
6 14
277 9
232 7
240 10
73 21
47 1
352 20
202 8
206 25
87 16
486 21
238 6
197 25
274 26
470 12
241 20
217 29
172 13
491 15
30 15
188 4
56 15
67 5
138 8
113 8
168 11
500 5
344 9
57 25
54 31
232 22
354 29
14 13
453 20
491 30
123 30
261 18
68 24
286 2
303 19
429 22
201 5
227 12
477 23
13 14
161 8
176 6
248 21
94 12
249 13
33 11
114 10
400 22
473 17
387 31
435 31
245 31
447 15
383 15
105 15
453 26
342 32
483 26
372 17
141 28
13 14
194 6
467 1
159 23
482 17
65 20
64 9
255 18
335 29
433 28
383 29
409 32
216 19
165 15
319 30
59 31
331 16
161 1
49 31
439 2
216 11
297 31
368 7
288 10
39 16
493 13
308 25
349 7
144 5
314 14
22 32
497 12
327 17
352 31
327 2
404 30
349 21
320 32
103 12
269 30
31 14
266 7
14 22
213 17
479 2
175 28
249 11
204 16
31 19
302 9
49 14
399 1
110 2
464 28
29 8
57 8
197 3
250 27
288 26
423 18
340 9
118 28
119 21
367 13
79 25
6 27
78 28
227 7
473 26
102 10
126 27
413 22
185 30
236 20
475 27
90 18
255 19
106 22
231 24
374 13
344 23
140 21
134 2
459 15
408 29
312 29
423 8
206 19
385 2
430 27
100 11
377 30
429 26
431 3
157 21
172 1
387 23
421 29
380 16
331 19
144 2
171 2
217 1
24 13
170 25
163 29
176 19
326 32
224 13
115 29
265 18
381 11
300 17
23 31
236 17
318 11
346 32
148 26
216 31
366 1
476 13
357 27
271 23
106 11
143 28
375 3
357 3
261 20
111 20
39 19
340 4
429 22
47 9
451 3
99 21
499 30
197 32
428 31
242 18
313 24
105 15
142 26
497 6
321 4
389 31
158 29
66 18
266 5
14 32
79 1
384 9
38 20
136 22
399 29
351 27
260 19
102 13
120 26
7 25
57 11
3 18
475 25
152 24
385 29
308 3
129 11
391 27
123 19
484 17
403 22
435 3
492 20
119 20
486 1
404 10
224 2
108 18
326 31
142 22
275 1
24 24
491 3
422 9
293 1
189 3
442 4
61 29
363 20
396 4
156 27
242 31
57 9
281 22
459 26
296 1
370 3
488 4
85 9
29 25
17 5
424 30
44 32
95 31
15 10
106 7
493 15
253 1
47 21
134 29
454 1
90 7
452 21
239 8
338 23
265 6
335 28
16 3
23 30
489 14
451 2
412 11
293 24
195 7
197 1
48 26
461 1
177 4
65 11
300 18
33 12
460 27
103 27
449 1
436 29
366 30
31 1
33 15
293 19
217 5
407 24
342 20
400 30
131 13
284 2
70 8
197 21
35 19
355 31
128 6
420 1
380 26
474 12
328 26
490 28
106 17
308 27
468 11
317 26
375 32
232 21
268 8
325 10
79 24
488 14
173 3
402 32
412 15
315 3
492 9
135 5
257 18
248 28
352 24
173 19
367 16
375 30
184 15
139 18
82 15
171 3
385 12
158 13
299 13
387 2
333 13
91 13
314 6
312 26
253 28
244 19
444 18
105 3
20 23
92 6
221 18
60 22
185 9
254 23
393 16
329 9
13 31
313 26
108 28
491 32
164 30
182 3
407 2
85 15
233 24
232 29
289 27
410 5
359 19
160 24
7 20
476 31
258 21
344 21
116 11
280 7
272 5
385 23
451 13
309 31
496 24
487 12
182 13
109 20
263 12
143 1
459 11
287 16
111 23
284 14
169 23
357 8
227 29
322 1
414 2
211 13
169 26
45 10
446 9
242 4
272 8
329 18
206 3
297 16
449 4
394 25
346 18
261 20
342 30
101 23
64 19
16 24
212 28
286 17
64 31
69 23
262 25
268 24
215 8
135 20
347 4
132 4
481 12
467 3
178 11
281 9
82 28
324 9
207 1
302 26
339 14
308 5
470 23
272 32
490 2
199 8
138 31
231 26
426 2
292 19
116 21
195 9
220 27
342 7
331 11
48 26
216 16
122 29
282 25
368 4
2 15
311 31
101 22
257 22
91 20

