256
239 24
8 19
301 9
260 13
90 2
244 6
233 24
158 28
96 4
385 19
55 20
35 10
401 28
253 23
453 29
268 3
301 19
57 9
467 21
177 5
86 24
218 10
79 19
198 10
138 18
452 9
302 3
190 26
210 11
228 2
399 19
57 27
269 25
151 32
133 24
496 3
99 13
388 30
439 17
55 21
371 3
473 8
49 14
373 2
104 16
123 31
447 7
405 7
496 28
6 12
87 9
346 1
65 26
66 20
22 5
136 12
183 4
415 11
121 19
44 9
91 14
431 5
49 31
103 20
94 17
171 12
461 13
69 14
454 10
85 15
310 8
71 20
31 13
278 27
476 9
79 2
339 9
454 11
48 16
430 1
16 28
25 25
320 25
58 13
430 6
452 16
213 22
435 23
62 1
245 1
385 20
306 31
184 7
109 3
167 6
224 22
490 16
214 9
192 19
434 9
264 17
416 4
462 27
422 7
267 11
412 3
342 9
374 25
328 10
108 6
372 31
231 17
282 9
21 21
67 14
297 19
394 21
10 3
267 16
230 9
450 17
183 23
209 12
167 8
242 10
85 5
308 8
177 21
464 13
413 10
207 6
64 24
126 18
455 8
209 4
276 26
176 26
300 12
218 30
476 27
444 32
275 15
227 19
44 22
351 12
424 25
369 27
9 10
264 11
89 12
498 32
481 1
174 20
260 31
302 31
201 25
295 23
199 5
277 10
415 7
50 26
388 6
28 16
116 32
210 32
467 7
68 16
231 25
283 18
483 20
225 15
180 15
157 19
95 13
120 13
115 17
50 18
439 26
249 6
425 26
257 3
16 4
42 6
268 21
88 18
408 8
432 20
386 4
318 8
76 1
193 3
106 26
44 8
23 21
449 11
102 17
190 14
85 31
67 16
407 10
454 27
21 1
106 6
177 19
238 20
211 2
442 4
23 10
63 14
130 23
344 11
420 5
404 28
468 11
207 22
180 12
392 5
397 29
458 17
123 23
176 2
328 26
1 19
307 16
100 32
426 23
222 13
180 2
200 31
448 19
372 31
66 4
179 10
316 13
386 15
35 30
272 27
383 20
65 25
335 12
328 9
458 1
457 29
26 29
135 13
63 15
452 12
474 14
294 17
118 15
79 29
444 14
219 2
474 3
218 4
150 17
272 15
446 1
96 19
237 6
296 11
440 11
130 5
228 11
406 18
158 20
202 5
186 4
131 3
406 32
170 19
97 18
161 2
22 12
216 14
190 19
260 5
461 13
246 21
16 31
238 17
486 19
477 19
62 27
33 27
159 27
21 11
200 13
500 29
141 31
182 10
430 1
162 14
181 23
430 4
57 7
72 7
309 9
417 14
7 14
188 29
356 20
123 19
241 18
127 25
41 24
266 2
100 15
63 4
186 17
180 26
363 27
488 16
151 25
393 6
206 5
26 13
140 9
319 24
474 13
316 10
456 17
187 27
360 26
186 5
446 5
138 32
320 30
331 2
382 12
331 27
156 9
351 7
209 5
27 10
317 14
400 20
275 30
178 30
39 11
30 32
284 31
292 15
496 14
276 17
197 23
167 8
167 17
499 15
389 13
408 5
70 11
180 24
393 5
329 31
424 22
267 31
229 30
161 16
31 28
305 4
394 11
431 16
340 25
434 16
157 22
489 31
148 12
70 8
377 11
175 32
460 5
358 20
350 10
116 12
305 4
459 23
390 26
110 9
22 4
13 23
237 13
405 24
20 10
480 8
428 6
399 20
446 4
279 11
125 10
378 18
165 5
480 27
430 13
487 15
484 27
333 8
203 25
308 31
415 31
322 22
292 13
433 13
476 16
383 29
457 12
234 6
448 21
28 13
153 2
32 17
217 32
208 3
453 23
345 27
153 7
412 24
387 25
32 2
408 26
18 32
26 11
337 21
315 4
54 32
82 29
308 2
300 7
272 20
382 5
174 18
135 30
330 29
134 13
438 29
479 28
108 12
58 1
180 5
12 1
192 9
21 19
446 25
365 14
276 22
334 26
484 28
387 17
192 12
229 21
264 3
436 3
62 22
19 14
218 7
326 29
327 11
111 25
371 7
342 14
425 23
299 4
346 29
276 9
408 16
17 15
211 13
246 32
150 20
365 27
498 27
479 9
241 5
301 7
415 6
460 7
168 27
450 13
295 29
401 31
81 17
225 31
425 30
266 30
86 11
292 11
25 14
111 9
210 19
227 29
52 2
315 19
296 13
83 19
193 19
145 21
456 29
267 32
43 17
454 12
15 21
414 31
367 9
7 20
435 21
52 19
270 19
409 18
335 4
8 7
30 20
4 25
372 14
217 10
154 22
245 24
118 11
410 12
183 28
264 13
500 15
159 6
33 4
187 31
263 26
98 28
197 1
481 28
222 13
186 12
218 26
247 11
440 25
23 22
276 22
443 4
452 1
249 5
20 31
203 10
332 8
130 4
252 26
299 22
158 4
53 7
118 3
413 1
11 7
383 15
424 25
118 32
129 26
212 29
4 6
134 15
418 11
66 21
76 16
198 9
200 10
311 17
253 32
225 7
362 7
253 2
135 6
13 24
439 4
264 22
341 25
480 22
216 21
131 7
261 20
24 24
430 30
128 10
409 24
148 3
15 5
260 29
122 4
264 9
347 7
354 15
480 2
297 3
230 15
485 26
106 24
301 31
46 24
216 18
336 24
428 14
468 23
350 5
310 30
1 32
196 11
47 3
392 19
369 1
121 14
463 2
65 11
261 26
247 8
268 18
43 31
283 26
234 8
451 15
301 11
403 9
361 29
171 32
495 16
77 15
449 27
192 1
357 16
327 7
484 6
36 22
288 22
240 25
154 14
268 2
196 22
450 13
174 21
160 32
216 12
282 32
478 29
380 11
481 26
289 4
299 9
341 3
494 8
311 27
473 2
453 13
303 6
77 8
78 4
143 29
176 20
308 21
453 28
191 29
245 16
396 20
156 24
482 21
20 16
148 20
426 12
160 8
205 24
408 11
324 22
427 11
178 3
355 26
126 30
414 18
229 21
265 4
100 26
236 11
242 7
463 27
186 30
98 3
62 17
25 17
407 19
87 16
389 25
417 18
190 30
88 2
342 8
5 29
450 29
412 11
327 6
61 21
347 6
107 24
15 3
144 29
285 2
208 10
375 20
391 16
157 30
38 2
330 22
142 7
486 5
173 21
278 21
29 13
242 31
236 16
117 12
28 21
313 23
426 7
210 25
455 26
146 8
215 27
237 25
457 15
261 17
239 7
361 11
15 31
253 22
210 9
333 26
121 14
324 27
184 26
67 10
399 8
185 14
391 14
322 3
348 2
476 30
120 24
204 26
290 16
88 4
28 16
89 20
417 12
398 17
445 32
442 24
28 11
161 10
252 10
116 19
63 31
184 19
279 23
20 12
46 27
271 29
379 11
72 7
123 30
99 27
285 17
114 4
371 22
433 18
107 25
220 10
491 19
204 13
493 7
41 14
34 7
110 12
22 25
410 8
2 9
62 19
253 20
154 19
301 3
96 8
487 7
429 17
273 12
450 1
58 22
154 19
152 23
206 13
147 16
168 5
328 22
491 16
257 12
54 17
82 5
316 8
19 8
249 3
227 22
407 5
391 16
227 6
26 21
67 20
252 6
24 27
463 14
10 3
158 11
128 7
267 11
159 25
39 7
75 5
308 29
401 6
392 32
91 17
264 29
440 23
243 28
445 29
477 26
128 2
220 19
225 18
401 23
270 15
493 4
204 24
28 28
349 11
435 7
187 14
300 30
64 6
441 20
302 2
313 1
403 16
387 11
369 16
213 10
226 29
185 17
208 12
237 16
482 7
199 16
221 26
146 24
243 6
144 32
355 24
325 10
192 19
88 8
350 21
198 32
209 30
60 5
446 28
28 31
319 10
299 23
427 28
26 1
233 25
65 8
329 1
49 24
303 4
79 21
140 16
284 9
362 3
321 23
139 32
289 1
426 3
51 12
234 4
373 31
449 13
110 13
29 22
148 31
497 2
39 17
58 6
189 31
165 5
429 7
356 9
315 13
156 29
485 9
292 5
411 28
145 12
368 29
177 11
59 26
445 14
162 30
271 2
272 27
210 16
293 9
120 7
198 3
323 14
368 3
390 18
206 2
298 6
410 30
292 24
351 28
417 32
89 24
65 20
326 6
115 19
191 27
429 4
361 28
273 8
70 2
210 27
47 23
52 32
184 16
275 11
283 28
250 4
83 11
435 4
440 26
230 30
136 15
73 16
262 17
280 7
358 17
457 20
347 1
63 26
56 10
416 26
233 14
61 23
332 20
74 7
397 16
105 32
462 5
83 7
22 6
405 7
350 13
487 28
73 13
78 28
90 25
318 26
214 18
488 29
77 10
168 17
217 8
208 22
448 31
252 1
152 8
52 26
220 2
401 1
290 10
124 4
27 17
53 8
171 13
285 7
454 8
424 14
75 7
199 26
273 30
195 9
309 2
482 24
487 22
172 16
64 20
359 2
88 16
329 6
156 13
209 17
120 4
482 2
114 32
68 15
481 22
15 1
359 24
168 25
229 16
324 12
339 27
233 6
298 22
388 5
230 24
413 22
79 18
395 4
425 18
282 13
427 8
397 29
495 4

