256
335 11
37 4
291 11
157 4
301 18
72 21
70 4
34 21
241 16
293 28
53 15
89 11
496 7
358 8
338 29
370 9
479 23
200 9
329 32
448 6
73 11
250 6
422 23
243 23
78 15
158 2
357 26
397 24
372 10
311 10
82 29
234 12
439 29
32 19
492 32
100 12
350 17
409 24
335 11
138 13
38 31
394 22
393 26
98 24
396 12
325 9
292 18
241 26
194 8
53 9
455 4
452 17
353 5
428 27
215 21
451 8
211 21
350 11
486 11
219 17
410 3
414 30
453 14
135 2
129 3
35 28
191 30
240 27
50 19
433 17
435 28
220 25
80 21
100 29
219 6
150 21
212 7
182 28
68 8
14 8
355 8
131 17
237 14
439 7
388 31
255 6
106 14
171 9
247 2
102 1
291 19
93 14
313 6
222 12
294 7
279 24
486 22
44 18
131 18
212 3
204 14
44 10
144 6
346 30
187 23
354 13
49 19
35 1
424 4
444 5
342 31
216 23
484 3
252 22
92 32
336 4
133 32
457 8
297 30
165 12
101 3
16 29
21 18
214 12
157 9
365 30
231 12
28 26
191 28
32 2
95 7
429 7
450 17
355 11
391 19
434 3
241 13
343 9
351 28
57 19
65 5
357 11
352 4
361 30
15 20
28 25
110 4
188 32
45 14
158 3
412 31
129 21
243 3
413 9
379 17
452 3
93 12
237 5
395 17
338 14
192 1
222 30
173 5
213 25
302 6
355 18
312 31
218 14
305 2
499 31
303 18
125 7
313 14
339 11
14 13
320 2
245 30
359 17
302 27
337 20
440 3
169 3
25 10
8 2
15 6
364 29
307 1
64 19
406 14
178 11
282 21
476 7
390 10
147 20
404 32
147 3
26 11
297 3
200 21
232 30
162 3
235 17
287 30
439 16
51 32
463 5
317 6
63 6
124 1
249 19
192 31
74 2
61 26
120 28
26 7
178 8
149 20
360 12
61 26
331 27
118 21
147 14
435 9
491 10
418 12
288 9
338 17
178 19
435 13
10 24
351 7
351 28
98 22
139 10
360 1
473 9
114 3
114 16
328 8
309 21
47 20
205 29
309 7
487 15
383 28
406 6
183 5
85 28
170 7
142 9
191 10
209 28
232 6
55 23
278 3
155 32
311 8
412 27
446 10
417 32
246 14
413 8
282 5
411 12
71 8
332 18
369 5
269 29
362 24
363 23
38 30
19 16
81 18
22 18
180 18
353 1
260 22
56 17
114 10
344 5
222 16
298 2
68 2
394 29
241 17
124 19
478 10
182 18
423 12
435 22
141 19
230 28
256 29
145 2
455 8
406 24
367 27
469 10
472 23
67 21
323 26
47 20
183 8
209 29
431 7
59 16
133 8
323 1
277 23
462 11
159 7
258 21
125 26
163 28
440 5
160 22
122 22
413 32
286 13
260 16
319 14
139 12
310 10
44 26
132 13
168 30
75 5
19 19
150 17
146 14
261 30
203 18
215 12
37 16
292 12
68 11
318 30
414 15
371 1
416 7
313 11
144 31
359 22
289 12
194 30
301 26
91 28
187 14
323 27
157 30
223 28
76 32
282 29
18 32
297 21
6 9
367 10
199 13
15 23
84 5
273 17
366 15
92 9
20 18
479 25
231 9
252 23
444 13
147 21
389 16
97 18
404 7
247 31
39 26
293 11
174 9
211 27
280 6
295 19
67 6
327 5
178 31
455 22
315 14
434 23
397 19
449 20
345 3
254 12
160 7
210 25
463 16
224 6
73 22
41 11
143 3
139 9
149 10
442 12
47 7
18 19
257 10
94 18
13 24
189 8
98 18
357 12
169 20
154 21
301 10
83 4
264 13
116 13
18 9
80 12
283 25
210 8
415 4
197 15
207 21
302 24
134 22
67 6
293 20
246 18
117 24
389 9
252 32
497 26
412 12
37 22
376 3
437 6
254 21
420 32
369 10
467 14
435 25
7 8
105 12
173 9
283 13
305 7
416 5
360 19
80 4
372 20
346 5
245 11
145 13
262 2
442 32
219 20
113 2
455 5
181 19
289 16
39 30
54 10
246 21
132 18
12 4
281 30
368 29
160 32
245 18
229 30
353 16
62 9
377 12
385 29
347 26
372 29
119 1
43 24
41 2
393 13
233 13
262 12
402 17
464 18
398 12
184 19
343 1
419 11
464 8
128 10
329 19
47 23
128 13
14 8
466 23
220 19
283 29
150 12
106 9
34 15
9 13
105 15
165 28
274 24
327 1
438 3
251 8
305 6
276 6
250 1
76 1
291 31
154 17
246 11
257 7
113 13
347 26
320 31
241 21
139 23
345 24
425 7
115 17
177 18
250 26
334 18
98 5
388 23
417 25
361 13
264 26
290 18
191 21
121 7
53 7
201 29
390 21
195 28
409 15
245 26
500 30
335 2
54 26
348 22
207 25
347 18
34 28
431 4
448 19
6 24
13 6
248 22
386 22
257 30
165 29
303 12
283 2
113 28
211 5
10 13
373 20
238 14
343 1
129 30
423 26
141 12
395 8
189 24
181 18
277 1
150 11
213 8
68 25
268 7
489 21
399 25
484 17
118 22
9 22
467 3
435 7
366 13
346 15
312 10
204 24
427 13
19 23
285 14
167 24
216 12
32 7
220 19
103 10
44 7
139 26
41 14
320 23
106 13
165 30
394 4
357 32
72 23
162 4
313 5
259 24
188 6
142 19
8 20
448 31
206 27
264 3
12 23
209 1
451 29
386 25
92 19
368 15
469 14
223 13
210 13
161 1
475 2
155 10
250 15
385 15
393 32
405 16
83 9
224 25
337 14
81 4
56 9
295 8
478 5
9 7
349 25
435 3
322 25
157 15
247 21
26 15
392 14
98 10
395 14
211 27
135 19
11 26
91 17
417 16
173 21
458 5
445 28
196 7
37 20
337 27
96 18
126 27
144 7
165 22
248 7
268 14
369 14
127 20
434 8
231 18
320 25
479 9
136 30
31 8
377 3
159 24
81 12
310 20
210 22
465 6
52 24
395 21
214 26
436 3
417 10
457 28
58 11
352 22
108 18
217 24
453 31
307 9
362 32
108 28
294 4
85 17
155 19
469 32
500 12
219 12
422 23
4 23
461 11
24 8
441 9
403 17
171 13
425 17
28 20
308 1
307 12
18 17
222 22
33 10
242 19
489 23
277 28
345 9
199 25
156 3
313 14
31 7
470 11
367 5
42 2
170 20
269 23
12 11
24 20
212 13
498 8
131 14
396 16
214 10
196 5
84 8
482 30
342 11
272 5
152 5
86 21
364 19
7 27
345 22
123 16
499 20
311 5
450 26
104 23
299 27
236 14
158 13
199 16
372 18
412 7
486 25
343 13
203 5
428 7
82 22
158 28
373 13
61 10
174 20
337 9
463 28
58 16
140 1
471 31
430 18
385 8
231 31
320 21
279 27
184 29
148 17
144 25
309 24
194 3
220 2
159 26
305 32
153 5
176 8
307 18
209 8
77 3
122 12
224 9
143 19
465 22
99 28
14 32
164 16
242 31
89 12
416 14
319 32
190 11
247 20
304 32
391 20
98 1
127 25
117 5
79 13
263 14
40 8
437 27
335 14
437 8
281 16
21 3
124 6
297 22
261 8
29 20
183 23
368 26
447 28
282 26
416 24
407 15
172 19
10 22
372 2
485 24
2 17
454 1
270 7
198 15
54 11
386 9
353 21
398 15
440 31
380 23
75 14
161 22
480 14
307 31
172 8
206 1
352 16
1 14
262 22
356 3
128 29
255 32
197 12
335 32
35 22
194 1
500 26
410 3
228 32
182 23
211 23
275 31
398 23
36 27
176 7
178 12
335 8
487 19
288 25
370 30
387 7
134 18
268 19
216 7
110 21
97 25
488 19
87 17
497 2
396 21
216 9
180 10
356 10
432 3
191 13
464 17
67 29
314 18
491 21
385 1
482 21
125 21
352 15
353 16
184 16
76 23
24 3
300 8
125 27
22 15
235 10
95 25
286 32
338 21
492 2
229 29
203 13
293 30
415 22
457 10
97 17
348 29
139 31
352 31
229 13
281 31
62 11
115 28
486 32
328 30
26 4
302 24
112 11
337 10
92 1
475 4
177 18
160 4
468 3
430 8
88 15
10 5
141 28
200 3
279 15
308 28
286 25
235 1
55 7
274 2
216 28
390 24
421 5
207 28
264 29
435 23
403 8
351 3
271 27
21 30
429 4
205 27
289 12
315 31
362 5
193 25
188 6
321 13
334 11
348 17
367 11
447 17
430 2
164 21
200 24
454 4
364 10
398 24
301 25
198 7
153 22
91 28
175 15
152 5
142 16
457 32
486 28
481 11
53 4
171 24
31 16
435 22
134 25
249 14
397 3
448 13
392 19
92 19
153 16
427 26
447 11
154 24
138 10
50 2
129 1
293 7
196 20
109 9
412 9
115 28
7 10
208 3
304 15
317 29
394 11
102 28
477 15
123 27
240 21
304 4
97 21
231 4
28 7
473 19
47 3
98 26
204 21
304 8
455 16
316 1
214 25
40 14
24 15
156 31
391 4
335 23
112 13
130 31
255 6
281 1
244 30
410 20
34 21
307 20
36 30

