256
256 3
425 26
451 26
237 31
189 28
259 4
45 17
221 16
280 18
271 27
136 22
289 13
153 13
109 7
134 12
229 5
362 13
194 16
242 19
3 31
286 29
122 14
381 19
317 9
44 11
95 27
17 19
376 21
43 24
91 20
147 19
268 17
175 21
24 5
243 14
51 21
138 4
62 23
218 31
383 25
317 1
292 9
63 27
205 17
2 23
484 21
465 27
361 8
63 4
408 22
114 14
38 27
333 11
473 7
329 15
15 18
35 18
182 1
324 23
405 30
33 20
326 22
342 22
489 29
421 8
414 10
409 27
489 5
253 21
495 14
20 10
79 18
167 24
355 7
498 3
316 27
351 21
380 4
178 12
448 2
319 17
336 7
15 16
319 16
136 22
201 7
175 27
61 25
242 11
331 32
377 2
122 3
138 9
419 31
424 6
117 6
431 12
468 1
275 22
64 30
303 12
417 9
394 29
318 24
447 32
227 19
498 16
50 23
52 28
154 11
37 22
68 23
73 27
264 27
24 7
460 27
295 28
303 24
408 4
175 30
472 5
29 5
100 6
307 11
397 16
477 1
81 4
252 5
430 15
203 14
397 23
132 7
94 10
379 10
110 13
59 17
306 23
401 5
164 15
408 28
19 4
197 3
132 20
456 5
18 6
218 22
376 25
457 14
339 27
175 16
239 29
380 24
320 20
301 15
338 12
99 32
147 7
11 22
446 10
43 27
327 12
80 11
313 12
376 7
222 14
98 13
282 21
208 29
108 32
288 9
419 22
357 26
32 11
47 21
184 9
495 2
349 30
268 25
110 3
163 15
44 20
143 26
440 31
130 15
62 1
47 9
6 31
250 17
121 16
69 28
385 19
370 13
137 9
97 26
132 3
428 27
74 3
204 29
125 10
263 30
306 1
18 32
64 7
52 8
415 21
340 15
183 1
87 23
197 31
416 20
145 24
207 22
118 2
82 26
447 28
279 21
152 29
416 27
415 3
399 25
87 6
331 30
2 1
440 14
451 4
230 31
403 16
16 20
49 5
113 28
440 3
452 28
39 3
158 2
185 24
486 28
497 1
245 2
437 12
48 32
243 17
38 9
416 18
16 16
150 8
311 22
371 26
33 9
480 6
418 1
98 4
492 26
424 20
296 4
123 11
303 14
323 1
214 26
246 18
201 7
209 20
336 3
477 12
44 9
58 21
325 15
216 4
452 27
255 3
55 21
441 1
446 7
49 24
500 18
241 9
41 1
416 20
232 8
96 15
200 17
235 24
11 27
43 6
293 17
209 19
378 21
56 7
264 20
334 27
250 6
19 30
227 30
17 10
178 16
84 21
116 26
457 30
324 7
440 9
148 12
315 29
500 14
199 27
326 1
230 7
310 24
216 12
34 20
345 27
48 12
143 3
302 27
141 25
98 4
93 25
431 28
121 14
129 23
45 10
351 30
380 29
225 19
48 10
31 29
172 10
376 19
92 13
413 12
6 14
15 6
458 29
357 26
375 10
397 19
143 7
396 3
111 4
321 11
230 27
107 17
132 14
67 16
363 16
159 32
45 10
169 3
118 6
432 16
215 12
114 1
279 17
231 21
333 24
103 2
106 5
18 22
43 21
313 13
268 31
476 32
496 16
18 14
373 30
309 3
129 31
148 27
135 6
500 3
133 14
84 15
163 22
328 5
38 8
313 13
314 28
320 14
487 14
423 32
139 23
298 19
357 5
378 4
175 29
162 7
182 10
397 28
199 24
252 8
215 16
244 5
55 31
190 22
104 12
253 22
46 22
361 23
347 22
246 5
318 31
179 27
356 32
195 6
151 22
141 22
362 32
98 16
151 11
309 10
250 25
348 23
315 8
49 9
297 6
385 14
53 23
464 12
342 30
314 13
456 30
414 25
42 27
84 28
149 13
297 26
157 4
396 19
351 29
483 7
238 7
464 6
134 28
402 19
437 3
171 12
20 32
208 29
446 12
104 30
388 29
195 28
44 7
15 11
35 9
245 4
68 5
118 13
488 27
27 24
233 30
168 28
133 7
17 23
18 16
24 9
20 11
301 12
161 19
162 19
15 6
170 10
318 31
282 9
157 21
433 21
358 4
345 14
326 9
420 28
480 24
452 4
366 8
267 18
418 4
424 21
37 25
366 19
84 20
11 16
160 27
481 25
394 21
358 8
37 10
267 20
73 6
219 2
174 5
167 7
264 22
227 17
386 25
7 5
444 29
209 19
164 25
119 21
365 16
480 9
253 30
268 25
20 19
466 17
471 12
135 31
73 18
239 15
306 17
279 21
465 7
351 4
175 17
389 11
296 20
291 25
318 15
429 21
397 11
381 23
230 27
305 23
80 3
465 21
139 23
337 32
230 15
435 28
359 27
147 31
43 25
259 32
347 7
48 7
433 24
314 7
146 18
169 30
13 1
314 7
375 27
458 20
189 9
212 8
67 22
406 17
498 28
320 21
202 3
291 19
350 24
149 12
74 21
73 30
301 26
440 11
36 10
483 29
142 14
476 20
255 9
169 16
396 20
300 5
59 31
83 16
398 15
255 31
251 3
408 23
213 32
78 16
97 32
176 26
105 15
297 15
383 17
314 26
305 2
227 27
260 21
122 21
96 5
480 6
55 15
249 3
86 30
71 22
89 30
123 9
101 28
255 3
88 20
465 16
385 27
458 20
203 20
153 18
160 28
496 30
370 20
37 24
273 19
489 13
204 28
405 28
235 11
139 2
78 27
418 19
145 27
310 3
158 14
349 5
445 12
87 19
439 3
122 15
229 22
423 4
425 15
440 7
337 30
333 22
32 26
80 12
476 14
226 2
203 2
154 4
269 8
314 11
362 31
269 30
248 19
226 5
369 1
183 25
94 19
323 21
116 22
4 32
291 13
77 30
155 6
493 27
322 22
482 23
92 30
329 7
145 22
363 17
70 22
274 19
412 24
491 20
497 6
471 16
74 19
485 32
480 13
355 5
486 32
40 21
289 16
267 13
273 6
2 26
27 7
356 2
370 18
317 10
43 7
357 8
37 5
48 17
21 2
21 18
89 16
434 29
427 1
366 3
34 7
392 32
141 7
201 10
296 22
79 14
156 12
306 21
480 29
61 1
458 25
358 30
493 24
126 7
48 3
470 29
209 5
492 21
164 28
210 3
61 17
149 13
428 6
113 11
10 5
111 31
253 29
364 5
316 21
16 11
184 21
443 32
401 2
93 4
329 18
375 14
146 23
162 29
180 26
184 29
446 18
359 26
466 22
147 1
414 10
495 1
350 17
193 22
74 21
166 15
290 32
348 8
266 21
360 17
282 11
337 11
189 7
128 10
120 2
139 5
287 21
334 8
422 6
90 23
14 23
453 31
350 32
90 11
160 10
263 1
344 7
371 16
497 15
390 8
124 4
500 27
12 17
250 29
62 31
484 15
297 24
230 10
88 19
112 11
120 14
392 16
324 22
199 32
112 24
287 20
467 19
350 19
175 15
115 25
290 2
15 2
34 20
84 17
267 31
423 2
421 6
53 32
280 16
268 31
191 6
330 2
44 31
488 27
278 2
159 27
52 25
4 29
121 7
261 19
134 7
124 18
497 5
149 8
280 16
18 26
174 24
479 13
378 14
139 3
272 25
425 19
174 25
111 30
367 27
180 4
53 3
405 13
183 6
28 26
173 26
284 10
97 14
267 6
432 29
333 11
406 5
229 7
37 11
372 28
209 19
107 5
57 20
14 28
269 5
53 13
290 8
139 14
154 13
64 17
161 28
343 30
4 23
144 29
409 7
148 5
417 22
433 14
117 26
65 1
339 29
178 28
9 4
218 26
72 29
450 24
176 4
298 23
362 25
423 26
308 10
442 24
28 6
49 8
172 13
233 30
82 22
341 14
77 2
455 8
338 16
379 21
47 20
396 12
469 30
233 12
92 2
351 7
399 8
114 6
364 22
283 29
107 28
238 3
33 16
330 27
447 9
235 17
88 26
104 8
152 32
35 31
9 22
361 8
137 18
181 16
172 16
297 18
439 22
313 7
78 30
193 4
54 16
221 2
261 16
49 32
12 28
358 16
469 2
131 13
396 4
456 27
479 8
48 29
138 32
91 3
354 4
294 3
415 26
48 27
42 13
291 25
32 24
424 24
218 31
308 13
422 31
383 20
219 18
20 4
142 18
126 15
245 11
253 7
137 21
186 14
101 28
82 8
475 13
335 12
263 2
360 12
108 30
435 6
376 14
385 1
416 14
363 20
281 31
171 29
267 28
446 19
35 15
350 9
383 24
405 6
29 12
181 25
210 16
18 25
421 7
101 28
412 7
348 12
77 10
460 24
225 17
62 27
431 4
119 26
299 23
311 20
491 15
20 12
310 9
136 27
439 28
270 3
50 5
246 6
486 22
173 18
462 7
172 5
350 15
58 4
17 28
179 7
414 2
58 8
87 21
306 25
280 23
431 17
44 9
159 9
234 19
443 3
269 6
439 2
256 4
470 25
419 28
131 9
50 17
56 8
233 17
364 21
287 27
45 2
323 27
63 32
238 5
102 6
118 9
328 30
92 13
498 11
296 20
343 5
168 2
332 9
462 12
117 24
342 1
282 8
68 4
71 9
348 8
162 17

