256
122 1
41 26
223 22
219 15
350 24
495 16
461 29
207 15
432 29
435 1
493 24
431 22
193 1
116 16
225 8
25 6
456 13
295 14
346 30
256 12
17 6
371 29
54 25
367 5
361 22
58 1
181 20
418 6
240 21
29 8
416 10
162 4
470 12
253 24
321 13
215 29
110 29
17 20
161 4
148 9
37 29
225 5
396 30
90 4
378 31
303 14
228 24
17 29
124 1
364 12
129 22
485 31
14 1
254 6
236 9
398 28
310 22
341 21
467 10
396 5
104 3
490 15
366 2
28 29
126 31
137 15
173 17
493 6
325 30
64 21
498 25
184 11
435 16
216 1
306 23
97 1
161 22
92 19
443 27
219 25
65 23
323 13
179 19
127 24
264 30
64 21
2 27
272 4
123 31
41 4
301 9
40 14
427 19
340 21
453 14
289 6
265 19
106 11
481 4
298 20
273 13
357 23
312 8
62 18
466 30
65 26
91 24
79 5
87 6
237 23
180 6
56 24
340 14
90 29
393 4
64 18
452 24
292 23
399 1
48 4
455 28
334 5
216 4
413 30
386 1
192 29
26 16
360 30
261 21
390 13
188 9
22 8
77 5
402 31
166 6
43 4
413 32
368 20
343 16
133 12
132 5
292 22
424 27
227 16
452 12
188 7
272 26
130 20
22 12
175 3
333 21
362 17
296 13
429 22
212 21
218 12
237 9
205 12
364 19
47 19
398 23
157 17
296 7
369 13
170 23
60 2
111 21
450 30
354 22
247 29
143 20
112 3
177 8
243 32
98 9
58 23
375 10
368 14
352 12
339 1
278 10
226 12
170 20
497 31
257 27
292 19
411 3
130 11
423 4
478 4
12 27
219 11
452 2
408 20
321 18
380 14
347 22
337 25
485 1
95 17
279 18
344 9
493 25
127 31
48 28
286 7
342 28
149 26
89 9
153 9
358 32
358 21
489 14
277 29
230 3
418 9
109 17
401 9
437 4
367 4
335 8
246 21
8 27
26 32
7 26
209 28
209 30
420 14
464 28
22 25
419 23
405 19
51 18
479 15
37 1
322 19
200 28
399 11
166 20
359 24
453 19
387 6
484 3
63 27
354 28
344 28
227 20
150 25
109 8
468 25
176 25
16 16
60 18
286 9
42 4
248 18
62 19
359 6
293 9
196 18
357 19
270 23
343 27
63 11
251 22
96 10
171 15
5 2
228 19
307 5
138 10
467 12
40 13
449 16
98 16
182 26
387 15
388 9
73 30
31 11
332 22
101 2
88 13
231 4
99 13
140 21
443 30
288 18
283 16
166 32
83 3
185 1
149 8
49 25
225 28
248 24
57 24
57 21
156 28
164 3
28 31
195 30
113 22
156 7
421 17
478 3
371 30
324 3
437 12
443 9
303 30
69 24
241 25
356 25
116 3
3 28
173 17
317 29
382 8
31 10
144 8
304 10
21 15
236 9
351 7
322 1
220 18
12 25
366 3
209 30
237 11
477 6
111 17
398 32
117 5
145 16
140 20
478 17
279 5
321 29
243 10
485 15
31 21
127 5
67 23
230 28
249 26
417 27
350 2
54 2
94 2
430 18
349 11
98 23
119 26
459 26
412 16
28 30
292 14
42 26
340 3
13 4
180 21
2 6
95 23
199 28
456 24
125 12
34 14
135 17
492 21
218 11
388 17
196 7
250 10
389 1
212 21
232 8
182 1
273 32
139 19
167 14
451 8
249 12
13 27
488 28
328 5
258 19
153 14
98 18
395 26
194 2
90 21
349 23
9 21
250 11
296 17
240 18
208 17
81 12
223 25
76 26
477 13
117 18
490 6
235 16
51 21
194 12
57 26
263 30
219 24
64 22
280 32
111 31
496 3
59 26
463 18
268 24
22 32
273 24
449 11
247 3
139 24
490 8
186 16
113 32
116 12
269 15
331 27
234 26
125 24
396 24
481 7
231 6
398 23
13 10
213 4
196 32
403 25
399 12
289 11
195 16
38 31
150 1
397 11
398 22
26 13
461 10
307 27
8 24
397 12
253 17
483 12
164 10
485 22
29 13
276 32
28 22
390 25
386 23
60 15
160 5
428 24
443 14
162 30
142 2
25 6
222 24
194 2
97 22
151 21
302 23
200 29
92 18
5 1
80 24
111 19
353 10
210 11
476 27
448 29
132 16
362 13
331 19
90 7
84 5
256 9
167 15
213 6
248 26
86 7
133 20
417 13
290 2
131 21
348 30
85 23
254 18
184 20
353 17
67 12
365 22
173 15
128 25
140 4
454 25
406 3
477 3
275 10
300 6
234 32
187 14
330 16
263 25
228 3
138 30
403 30
467 3
385 22
311 32
173 13
305 3
55 5
253 29
250 8
438 11
403 5
300 29
268 22
97 23
381 30
492 7
440 6
61 8
256 3
51 20
339 31
358 29
339 26
426 16
218 27
70 8
191 17
204 19
487 25
9 31
90 29
353 17
162 13
204 29
135 31
197 30
165 6
70 32
220 19
443 1
62 9
408 12
85 12
266 31
116 7
289 25
479 1
86 4
405 1
409 28
247 17
217 28
362 18
267 21
485 9
369 18
73 29
1 10
240 27
432 11
393 5
59 3
213 12
214 18
285 6
9 11
430 5
146 12
362 32
224 26
473 21
243 25
221 8
258 24
362 10
166 2
262 4
180 18
72 9
443 28
367 15
90 4
379 12
439 9
499 15
438 19
459 13
72 19
276 13
490 21
370 11
94 3
82 25
309 29
17 23
360 15
406 30
31 24
37 1
376 19
483 2
62 17
198 17
471 1
313 12
313 19
318 10
165 4
30 9
404 2
428 24
281 5
65 3
320 29
131 28
191 18
213 20
406 10
236 5
234 1
392 30
83 6
303 7
313 8
424 8
81 15
331 25
387 19
171 14
199 30
105 30
267 5
493 16
78 21
104 23
129 4
208 7
57 26
161 17
193 28
436 10
490 23
486 28
13 29
434 24
162 18
453 8
207 5
303 4
173 11
447 13
254 14
215 22
16 32
382 8
163 29
185 5
435 19
380 28
179 9
11 8
203 7
119 17
407 5
396 4
179 14
84 28
348 3
445 3
378 22
274 28
495 27
44 5
129 32
228 27
88 18
350 2
200 16
402 3
240 6
390 3
491 21
202 14
123 15
404 24
324 26
392 22
488 19
99 32
210 26
478 26
416 27
143 3
294 13
425 29
194 10
303 4
139 29
226 21
3 1
465 14
10 32
496 13
494 30
168 4
419 5
205 2
471 23
301 8
95 9
1 20
391 3
176 17
11 9
493 9
233 17
191 3
164 26
443 2
131 27
65 13
107 1
235 30
319 19
45 26
111 9
53 13
52 4
29 10
332 2
279 21
330 9
363 2
358 5
355 24
119 7
36 30
391 18
7 29
156 31
474 31
300 3
119 19
458 8
116 18
21 14
410 26
66 28
47 23
428 29
410 31
171 18
124 9
419 22
122 7
384 27
193 27
473 15
237 3
310 9
424 30
98 25
236 12
456 18
438 19
387 16
281 17
145 12
470 3
237 31
489 21
389 13
155 22
344 28
496 17
96 11
39 25
103 6
60 22
407 6
292 5
197 25
202 21
32 15
255 5
465 32
241 5
276 7
418 7
490 17
476 5
183 6
482 29
139 1
194 1
390 26
190 26
262 27
278 21
265 5
265 21
276 17
433 15
104 19
22 25
115 13
30 30
214 27
82 28
403 12
100 1
465 1
230 22
31 8
370 3
392 3
375 15
491 16
69 10
362 18
391 4
290 32
273 15
282 27
58 20
334 6
32 10
298 14
375 1
121 8
475 32
82 26
30 29
361 10
370 10
40 8
197 25
31 14
184 32
380 17
200 13
398 7
362 28
344 20
376 8
183 30
179 5
51 20
41 31
158 6
132 25
22 21
25 20
354 24
216 9
301 7
445 30
497 10
245 1
245 20
8 23
322 15
395 8
246 27
487 31
197 14
451 14
150 8
121 3
387 20
235 7
102 31
385 7
40 29
143 4
453 14
63 2
188 21
349 30
244 15
40 16
305 19
9 30
170 29
161 24
317 11
95 10
278 3
220 17
311 22
453 15
364 15
388 31
175 25
40 18
275 24
413 3
274 29
237 3
402 1
202 10
495 24
339 20
478 3
293 25
272 25
403 27
463 23
390 9
231 21
111 21
360 27
436 21
296 24
279 17
272 17
118 2
480 12
390 2
366 26
246 6
278 32
272 24
290 25
228 4
442 26
377 25
213 16
286 12
335 4
56 30
248 21
371 28
128 20
185 14
293 22
483 30
429 18
161 11
267 21
442 24
78 6
360 2
129 29
297 27
413 8
420 20
376 23
239 28
254 11
349 23
56 27
320 21
288 9
407 22
73 12
465 10
18 29
292 6
173 24
165 25
144 24
449 27
78 27
226 24
314 30
434 5
108 1
57 4
85 23
301 5
15 6
159 20
442 26
381 26
93 25
403 16
481 31
459 30
241 32
445 30
110 2
275 21
483 27
112 11
146 17
428 20
30 30
395 23
91 31
288 7
172 2
271 8
244 1
265 25
412 26
38 29
291 24
90 29
495 9
44 4
317 23
3 14
112 29
20 10
23 20
384 18
349 6

