256
349 5
336 2
3 8
96 23
496 30
32 23
389 24
349 1
315 9
342 8
417 32
345 16
330 4
38 30
268 31
364 4
47 7
446 29
110 1
112 17
46 27
3 22
242 3
238 5
275 12
480 8
331 20
55 28
479 21
49 19
51 8
66 21
314 27
146 27
403 5
231 25
103 18
234 16
140 4
104 31
403 31
310 25
110 28
96 9
160 13
39 2
260 16
159 2
319 8
200 5
264 7
21 10
220 11
413 11
78 13
125 28
303 14
268 29
2 7
205 25
63 31
223 7
50 17
100 24
388 3
441 3
433 25
368 32
419 4
11 16
500 19
31 27
273 30
67 10
365 27
286 23
365 28
101 6
92 4
486 3
203 26
481 15
90 16
287 21
332 25
208 3
135 15
337 11
240 19
32 16
25 22
383 5
29 3
7 29
387 8
451 13
269 4
223 18
483 9
218 6
9 10
349 12
368 5
254 3
440 10
63 4
307 25
57 15
483 19
159 1
406 10
309 26
97 8
235 31
244 17
245 17
82 13
100 17
129 17
407 8
490 5
236 24
117 20
335 24
58 17
320 31
158 5
340 6
364 2
185 27
378 9
63 11
373 6
407 5
367 14
273 16
486 24
4 15
3 14
202 16
386 29
374 24
353 5
1 12
286 1
27 24
465 17
474 29
103 29
42 13
398 14
176 27
377 3
337 15
72 14
438 14
411 11
353 11
375 1
331 20
390 29
27 10
297 13
43 3
85 8
71 18
453 11
216 25
481 21
207 29
442 4
362 12
158 14
467 28
418 13
395 15
357 26
365 21
274 31
108 14
194 6
339 26
128 10
474 29
458 24
13 32
27 2
103 8
439 1
67 28
69 17
367 21
234 3
282 15
489 1
216 6
418 26
179 22
460 16
6 1
35 10
168 1
391 11
448 25
191 10
388 24
178 30
388 4
336 21
270 32
57 14
209 27
391 3
372 10
242 1
471 24
246 10
40 20
260 31
168 31
204 31
266 2
161 1
145 28
322 22
376 10
251 32
56 10
175 19
195 20
155 29
248 28
7 3
239 26
478 26
420 9
313 13
414 21
190 14
172 3
324 11
92 6
335 16
419 13
278 2
128 21
130 11
184 4
366 31
106 15
180 21
375 16
62 1
316 15
198 20
465 17
238 28
299 8
407 5
432 13
182 20
469 4
138 16
151 11
278 4
197 6
133 16
301 26
64 25
148 29
160 24
486 9
371 4
321 30
352 4
314 14
15 10
197 21
285 23
7 7
455 24
372 19
479 32
132 22
344 19
6 3
94 31
400 28
126 28
93 10
323 2
363 22
187 7
342 4
109 8
238 23
255 21
1 5
484 20
478 12
466 12
330 15
326 25
375 12
300 3
281 19
373 11
164 15
257 17
234 13
56 27
132 23
431 12
247 3
468 21
94 5
60 27
344 9
4 30
188 7
36 8
129 4
314 32
171 2
148 4
139 8
79 18
366 13
253 24
127 28
336 28
357 11
143 20
132 10
121 7
300 16
139 9
268 32
72 6
374 24
45 16
275 7
281 28
336 29
103 2
457 31
34 25
37 20
364 28
173 28
487 12
491 17
104 30
76 28
47 17
451 12
164 17
270 32
68 5
181 30
271 21
460 4
301 5
331 24
164 19
351 2
178 29
126 18
451 2
13 29
354 31
144 18
39 26
313 26
370 13
275 4
481 19
295 13
435 29
296 22
479 22
100 13
339 9
142 13
278 10
341 28
468 17
1 22
102 29
463 7
158 5
463 10
27 17
271 13
234 26
59 28
416 26
220 2
86 5
98 12
366 22
347 21
126 19
42 15
363 24
50 24
445 32
10 19
472 24
432 29
49 2
417 32
203 32
421 28
349 14
3 18
308 13
103 9
399 16
12 14
500 13
133 4
276 6
118 27
125 21
452 14
242 16
341 16
207 14
84 19
131 18
473 30
287 11
75 29
70 30
150 1
350 15
68 21
276 26
371 17
86 6
426 4
393 10
475 4
379 30
6 18
496 26
151 14
256 21
170 30
162 20
450 27
454 2
135 21
55 30
481 8
383 2
23 24
376 30
227 2
55 16
467 10
266 2
35 13
194 1
50 8
228 8
366 21
221 17
261 3
210 14
118 16
203 21
219 26
138 1
388 12
381 14
298 26
175 12
18 5
388 16
224 31
419 13
147 31
293 28
117 10
353 10
298 23
226 32
337 15
165 12
111 17
429 16
42 8
239 15
324 7
478 23
93 20
339 24
238 32
499 18
189 27
440 2
257 25
206 1
232 2
168 2
266 5
101 27
404 11
217 23
169 7
477 22
294 15
353 12
2 31
89 23
53 24
28 9
397 25
106 24
454 21
173 11
425 9
377 4
315 14
258 4
140 6
97 13
401 5
20 2
151 21
444 27
340 16
67 28
408 12
419 2
1 11
80 25
215 17
105 6
402 22
365 17
448 1
177 16
409 21
453 7
157 9
317 20
72 3
436 31
259 2
192 15
297 12
183 31
80 3
244 25
353 12
373 20
68 5
351 16
97 19
90 1
51 22
453 18
141 4
453 7
445 16
157 17
267 27
456 22
182 19
30 22
11 22
37 10
155 11
258 19
41 15
208 24
457 8
417 29
251 25
347 15
217 23
140 3
45 15
33 14
497 6
111 31
316 11
437 22
385 2
424 18
96 27
221 20
142 17
148 12
210 18
291 18
348 26
112 25
228 12
470 8
410 9
83 13
431 15
46 8
268 9
445 31
452 1
415 5
153 2
41 26
260 11
139 27
464 31
203 11
98 25
118 27
309 24
83 19
422 8
258 21
449 18
404 20
366 6
48 3
435 8
232 26
270 7
5 21
325 7
127 14
435 17
281 31
296 15
334 14
195 11
110 7
145 21
246 14
34 17
232 1
381 12
366 10
390 14
87 22
133 29
339 19
309 11
310 21
334 3
174 16
85 3
22 9
148 15
443 17
411 6
205 23
341 11
497 2
144 31
295 12
147 26
343 8
104 16
264 29
498 29
316 30
71 1
15 22
159 29
455 14
482 23
64 19
433 4
404 25
346 11
204 29
184 2
152 7
401 31
76 2
203 15
184 25
284 6
47 30
6 21
363 3
363 15
13 12
190 9
224 20
467 7
380 22
177 19
288 25
297 31
179 11
458 26
475 29
59 17
182 32
225 5
402 16
323 23
235 4
183 30
47 17
384 6
150 12
160 1
489 8
152 31
306 13
28 21
349 22
5 2
353 10
426 22
169 24
20 19
464 10
212 18
54 19
140 31
7 15
140 3
255 31
13 8
251 24
396 19
329 1
184 1
482 26
138 2
61 2
256 12
63 3
386 5
413 21
319 19
323 2
265 25
304 21
193 10
20 28
356 24
488 16
232 5
353 14
174 25
379 25
289 25
247 2
409 16
50 32
282 24
241 23
153 1
27 17
450 23
432 6
98 8
49 6
444 29
199 18
165 1
398 25
369 5
478 22
360 15
357 21
251 21
391 23
493 22
99 31
316 18
452 25
153 24
94 5
252 16
66 8
220 31
221 9
163 26
218 22
77 18
15 15
374 21
81 27
174 11
13 21
60 28
106 21
315 11
13 6
491 14
185 10
96 13
150 15
455 15
132 15
292 14
209 6
255 1
236 12
319 24
473 6
211 14
294 5
128 18
146 18
439 22
32 11
235 13
145 9
400 28
71 27
478 19
60 12
419 31
215 29
394 23
466 8
116 28
184 28
121 21
65 12
159 8
94 13
129 14
285 16
217 11
274 18
485 10
129 15
332 20
139 30
30 12
33 14
419 17
241 20
45 21
451 15
253 20
299 17
485 15
112 9
437 9
99 21
70 23
175 26
70 13
127 20
473 27
301 31
227 9
282 16
197 16
326 25
127 25
33 3
207 8
164 32
29 6
268 2
488 23
499 6
459 17
213 27
488 25
174 22
405 11
337 29
187 3
106 29
139 30
276 1
282 11
192 22
52 20
259 11
458 18
300 12
86 8
51 13
228 32
139 32
382 7
289 4
489 18
85 3
31 32
176 20
150 3
325 25
382 32
91 31
193 19
107 18
106 17
203 26
84 1
317 25
167 21
385 16
350 29
486 21
180 21
396 5
232 17
29 13
304 31
304 32
361 22
125 11
270 15
152 21
167 28
169 22
425 9
193 22
225 22
6 32
191 18
84 2
474 32
238 17
83 25
124 15
302 32
113 19
427 28
127 29
84 20
130 8
404 22
133 1
352 7
384 22
244 4
315 25
431 4
345 1
445 24
160 10
419 8
21 5
388 3
290 27
498 19
330 18
241 30
382 20
156 17
485 27
84 31
467 23
202 27
231 30
482 6
96 9
366 4
245 17
466 14
75 28
305 12
217 9
69 30
488 13
214 4
327 2
122 26
164 3
308 14
173 6
136 8
42 1
87 26
105 16
24 27
219 8
434 23
224 14
32 11
430 2
34 1
395 15
402 26
33 13
303 17
350 26
324 31
142 2
381 10
166 32
276 28
435 9
319 22
415 6
220 16
299 13
452 9
111 9
102 11
414 9
200 7
194 19
358 28
137 30
433 6
345 9
185 3
269 19
436 7
409 23
379 31
111 6
252 29
35 9
215 4
109 2
62 19

