256
287 3
138 18
330 21
46 32
131 28
490 28
17 18
428 1
268 15
382 25
184 30
361 32
452 15
15 15
45 10
392 23
20 1
52 1
129 21
245 28
373 10
215 1
348 14
446 27
224 3
192 20
256 12
135 32
478 29
358 26
138 25
57 17
482 24
61 14
57 17
73 29
95 31
169 22
280 30
408 8
293 3
263 32
354 13
459 7
397 13
57 14
121 17
394 30
72 14
268 20
463 20
260 25
127 13
350 30
394 29
113 10
208 31
438 13
123 8
96 19
268 20
404 25
264 29
194 11
455 1
315 9
301 14
325 7
354 14
36 4
430 9
285 9
375 22
402 18
322 9
16 17
500 4
181 31
272 31
449 10
187 7
346 19
41 18
117 14
195 29
493 9
153 30
465 11
203 6
376 16
214 32
317 9
367 9
179 2
223 16
216 6
94 29
100 10
83 17
232 13
221 8
253 17
205 6
103 24
435 23
487 25
74 7
65 24
4 8
429 22
223 4
339 12
57 19
6 15
7 13
267 15
312 16
303 25
441 25
480 31
87 22
227 4
121 24
451 12
387 20
53 21
375 28
128 23
34 21
273 16
221 32
470 21
263 28
253 3
380 28
429 3
49 24
478 13
299 1
496 13
12 25
497 10
144 32
21 1
461 5
68 21
36 13
417 18
160 21
352 27
104 21
357 1
140 3
25 26
319 5
326 22
273 6
67 16
1 31
444 25
232 31
346 7
251 22
65 18
135 12
300 26
400 9
94 11
47 7
180 13
343 9
194 7
382 32
382 19
347 5
47 2
39 24
196 13
358 32
50 24
380 9
285 11
61 11
22 27
201 25
471 27
410 8
361 15
276 22
25 6
122 12
403 28
167 14
152 16
210 5
71 25
253 24
219 30
86 24
272 18
293 31
384 18
110 12
344 13
189 1
62 26
144 24
173 14
266 28
38 19
376 4
415 12
463 13
145 28
77 1
37 21
363 24
422 4
367 5
413 3
485 2
216 16
142 16
142 31
63 27
381 10
138 27
418 25
131 30
352 11
330 1
279 28
12 4
368 27
317 16
285 13
253 25
133 10
92 26
152 19
304 24
444 17
30 17
393 25
127 29
423 12
189 2
500 20
253 7
430 13
498 11
426 6
419 22
348 10
183 23
16 2
235 24
278 32
376 27
480 22
119 27
310 19
456 9
358 32
379 20
481 4
206 6
477 32
315 24
133 9
175 5
334 29
164 27
376 3
485 20
41 11
110 26
113 9
214 3
124 16
462 20
319 19
361 27
290 19
323 26
375 1
126 4
109 25
23 24
328 19
191 20
462 24
273 26
364 14
396 8
77 17
295 15
23 20
393 20
182 27
438 1
63 11
116 23
352 2
359 31
497 25
102 18
201 30
383 16
359 7
255 7
487 18
33 26
57 29
173 10
492 26
146 18
25 14
429 8
103 23
258 3
335 23
260 31
232 31
303 30
273 5
228 27
106 24
472 26
388 1
252 11
458 13
285 30
362 5
209 9
499 10
267 9
176 31
72 19
21 22
348 1
282 19
255 16
38 15
401 30
223 12
304 8
253 4
14 18
152 10
282 2
40 5
39 19
427 18
474 31
335 21
443 32
100 25
207 17
423 24
414 21
463 22
29 27
9 2
33 1
115 6
366 30
418 12
221 12
365 22
494 3
366 8
19 17
133 17
306 7
184 15
256 11
140 24
213 29
325 17
365 3
115 30
297 32
134 17
228 6
62 21
401 15
157 11
96 29
143 1
399 3
471 30
325 19
437 17
463 13
486 11
52 24
56 16
131 17
216 2
391 5
431 31
407 19
209 18
79 3
106 17
29 1
131 17
39 3
94 1
180 3
179 31
30 18
282 16
127 13
222 25
477 8
159 3
90 31
441 8
421 6
496 6
474 6
358 24
397 23
216 24
381 2
362 18
332 3
274 22
343 19
178 31
498 4
257 19
406 21
458 2
447 17
331 32
135 29
136 31
139 15
310 12
301 11
281 4
17 30
293 27
400 6
233 9
9 25
187 10
390 20
443 8
301 18
107 27
314 30
317 32
149 14
175 29
148 8
432 4
213 24
226 21
397 22
213 5
298 24
22 27
247 24
226 15
441 9
185 22
278 1
410 18
478 32
226 5
391 13
344 12
232 5
420 32
378 28
236 8
235 17
66 30
73 4
84 17
476 21
119 17
121 28
383 3
463 16
279 2
265 15
161 32
43 12
180 13
415 3
300 26
24 21
335 28
8 2
460 3
38 18
292 11
309 22
313 8
281 19
329 1
65 21
97 20
272 32
380 6
190 19
335 21
247 21
160 31
439 28
441 12
253 20
338 26
257 2
185 14
93 9
434 21
205 14
468 28
157 7
161 15
229 32
263 32
368 19
82 10
98 30
486 26
106 11
411 26
325 19
251 1
311 21
277 23
418 29
342 15
443 19
273 28
202 31
147 5
13 24
431 30
101 4
460 6
442 10
272 26
317 6
386 23
58 15
494 28
259 31
402 13
41 6
224 2
264 2
367 21
301 21
386 14
416 9
459 5
67 18
327 15
104 24
213 17
226 18
340 16
97 21
389 1
470 4
83 30
38 9
362 30
97 3
239 20
444 30
220 30
279 22
448 6
110 16
247 19
70 2
23 18
31 31
154 16
78 20
85 7
36 30
453 24
45 15
495 12
92 3
201 27
112 20
456 5
159 22
260 4
140 26
97 14
248 7
21 25
338 10
292 22
403 4
357 7
286 24
138 30
418 26
452 17
189 23
454 16
313 13
131 4
346 8
325 29
330 13
269 7
154 20
244 29
155 9
59 9
156 21
22 25
238 29
157 27
435 30
478 31
322 28
402 15
187 18
463 16
275 32
387 20
143 18
188 10
286 19
90 25
295 23
217 20
287 26
310 5
483 23
320 1
247 5
27 21
299 26
301 21
73 27
352 11
20 24
364 6
138 5
98 16
415 15
315 13
188 17
274 30
263 21
30 25
165 13
442 15
398 18
387 30
280 11
36 23
130 28
456 11
56 26
402 27
220 28
375 15
192 24
280 19
444 10
315 5
218 24
423 27
201 22
436 20
252 31
483 1
74 6
351 26
195 4
452 6
319 26
172 11
178 32
465 29
465 7
433 30
239 20
296 7
369 15
123 8
53 5
204 7
246 18
460 9
157 19
354 19
440 2
337 29
181 25
442 9
284 26
178 30
433 29
312 21
55 30
476 23
38 3
437 12
84 28
76 8
158 1
419 26
158 23
418 2
408 15
186 15
437 15
64 21
187 15
226 21
161 5
52 14
232 8
185 27
88 12
111 17
41 29
194 14
487 32
92 2
174 25
288 22
344 27
183 18
78 20
475 22
460 18
287 31
217 28
210 28
83 28
401 19
200 22
25 10
409 16
284 3
96 27
44 15
422 2
173 31
337 7
440 13
228 22
191 16
49 4
452 24
71 24
458 22
149 10
160 2
301 11
140 1
13 27
39 26
113 15
136 17
413 11
97 12
153 8
288 17
39 7
36 10
90 18
231 10
179 30
147 20
332 14
80 13
173 2
482 5
385 30
85 5
44 18
289 8
321 12
101 3
314 32
320 15
333 11
344 12
144 3
343 16
128 18
24 24
391 1
288 3
474 17
424 6
258 24
417 26
139 5
140 20
357 8
410 21
214 25
200 25
95 30
184 11
315 3
226 2
64 30
332 1
90 11
258 15
318 19
276 4
395 3
111 27
226 24
440 27
125 15
296 11
385 27
145 27
38 23
256 1
88 32
341 1
342 7
375 12
125 22
319 15
416 6
122 2
301 25
284 13
403 15
496 19
262 12
338 7
362 9
251 21
32 7
125 18
41 3
237 5
500 11
388 16
484 29
113 13
421 12
61 27
327 16
314 4
196 27
90 29
447 16
358 11
282 6
204 3
185 24
191 32
494 26
303 18
438 31
466 10
311 22
237 5
434 18
428 1
404 17
389 14
208 14
180 21
80 19
15 28
174 30
299 12
487 10
497 13
368 26
338 18
339 26
18 20
327 29
104 22
461 17
284 12
90 27
361 17
50 23
136 23
284 7
242 11
388 30
251 23
403 12
285 6
14 30
217 16
247 13
422 7
165 9
79 26
371 19
275 16
165 22
495 29
196 8
423 11
326 29
190 28
112 10
173 13
127 26
317 1
62 2
136 2
146 26
331 12
4 5
288 20
219 2
320 22
221 22
349 14
118 2
478 26
215 10
354 17
391 2
270 8
259 25
381 12
470 4
124 29
20 19
492 2
396 32
4 28
405 24
14 7
93 19
252 3
492 5
203 31
479 4
390 9
228 15
345 13
186 12
169 25
230 25
147 17
472 18
92 12
205 21
250 1
447 17
159 3
310 21
25 28
185 6
228 20
36 24
109 5
391 9
278 32
289 24
96 24
277 28
340 17
496 21
481 23
442 19
233 27
203 25
242 31
170 25
151 18
393 19
278 19
239 19
255 28
182 2
491 18
241 22
142 13
123 18
179 16
464 27
18 11
19 31
53 16
79 27
97 7
313 23
106 8
133 12
283 19
61 21
124 10
455 6
38 21
239 24
492 27
330 13
221 4
471 13
239 1
328 20
372 20
62 1
395 18
188 29
212 24

