256
373 24
168 19
422 6
314 26
267 10
99 1
251 31
331 28
167 9
443 26
225 26
8 16
287 32
443 6
464 18
490 13
73 10
443 11
451 28
272 5
18 22
57 4
337 27
155 27
319 13
180 24
342 31
363 17
362 17
366 2
175 20
366 11
365 12
445 11
63 24
383 12
290 20
51 2
178 13
480 17
153 16
392 31
50 14
327 12
411 4
89 1
251 26
35 19
261 32
281 11
399 12
107 4
307 5
165 12
214 1
184 10
156 3
64 29
329 22
468 15
286 20
27 16
9 25
3 17
244 31
296 15
150 18
182 8
262 23
496 7
343 15
45 6
254 24
54 2
202 10
24 7
77 30
374 10
462 24
58 14
215 21
200 32
458 13
24 28
431 27
398 25
197 18
122 26
254 32
235 23
49 10
293 5
159 18
414 29
98 8
178 32
28 5
27 2
461 6
409 20
272 30
164 9
100 10
122 25
313 29
159 17
466 11
189 13
320 3
245 5
278 18
80 5
2 3
494 6
360 2
205 8
60 5
304 15
358 17
363 22
133 21
234 19
175 26
75 26
376 7
263 5
444 2
310 13
152 15
258 12
205 11
495 16
35 2
274 28
74 4
413 31
360 22
361 22
67 15
231 11
457 13
447 12
39 24
196 18
59 9
201 23
119 15
378 1
196 3
44 2
490 12
32 29
453 16
86 16
178 32
166 18
161 8
385 27
368 20
240 6
236 9
40 15
339 1
7 7
271 11
8 8
210 7
460 23
282 21
386 19
64 31
444 32
14 32
274 5
111 6
158 14
306 5
404 4
317 11
382 7
165 17
346 10
131 17
240 12
405 5
74 25
27 1
192 9
48 18
273 18
183 23
208 4
331 27
187 32
225 17
234 25
161 20
467 24
440 2
407 9
183 1
313 9
349 24
101 1
25 30
406 31
156 17
398 14
428 9
133 16
153 19
245 25
2 11
308 9
268 19
137 18
47 17
11 19
9 11
143 17
336 5
92 27
365 17
329 32
73 21
296 17
31 24
94 12
102 25
325 13
467 5
23 29
114 25
112 30
347 2
6 11
6 29
25 27
290 13
14 6
166 9
291 8
52 32
432 1
284 8
78 3
420 12
319 1
336 14
358 6
388 12
216 21
16 21
467 21
445 9
167 2
493 17
10 17
192 29
401 7
400 30
429 15
429 8
56 12
381 13
150 4
332 1
13 32
457 7
152 22
311 14
215 32
478 32
200 13
220 32
496 31
282 28
142 6
375 29
326 24
313 3
375 1
191 19
344 24
366 19
253 8
17 3
331 30
247 22
163 30
334 30
437 19
137 10
176 28
126 9
471 14
179 13
434 14
84 13
221 25
124 17
476 32
143 7
133 21
40 7
59 17
8 15
487 29
424 27
360 29
367 10
190 14
26 24
267 21
252 31
409 3
163 13
218 1
43 31
398 14
349 8
307 9
302 1
205 13
159 28
477 30
245 18
423 26
141 5
231 13
379 27
323 17
375 17
49 25
243 6
351 19
253 5
151 2
153 31
130 32
122 22
189 30
124 7
488 16
355 6
360 13
208 11
477 7
75 13
203 9
471 5
259 31
413 22
481 14
116 14
229 14
420 9
455 11
231 2
10 25
363 22
21 7
256 1
357 26
373 11
146 31
464 28
270 24
165 30
293 5
211 17
74 14
437 28
24 7
174 18
455 4
107 3
458 6
323 22
395 16
225 32
390 16
147 11
415 12
260 12
296 19
228 1
100 21
248 24
387 25
361 26
309 15
20 6
384 31
432 18
242 28
317 27
47 11
494 17
126 13
372 5
223 24
493 31
468 1
2 6
365 30
399 21
32 27
291 31
113 22
192 6
81 32
188 27
174 5
439 32
434 7
276 16
262 9
182 9
213 3
286 1
396 13
102 11
455 16
193 31
465 24
124 21
95 3
23 1
344 25
272 25
123 3
136 28
167 22
316 19
204 18
160 24
138 9
230 4
356 11
214 28
158 5
68 25
351 30
373 14
402 24
322 21
190 14
112 5
479 20
439 26
381 10
133 2
62 19
313 9
137 6
440 30
214 19
398 16
96 14
110 6
265 3
226 31
92 9
367 18
264 25
104 32
107 28
365 20
302 5
289 10
54 32
436 19
87 29
35 2
307 32
235 15
278 32
81 18
149 15
291 4
456 14
408 10
334 4
433 23
301 25
277 18
5 8
325 11
248 7
476 14
206 19
181 7
22 9
204 26
60 27
434 31
240 1
280 17
316 4
412 12
489 8
174 21
103 2
83 18
60 10
108 13
120 28
247 14
400 11
311 27
297 4
177 12
288 32
313 8
20 4
71 32
467 16
352 25
93 18
270 24
195 9
268 23
16 23
308 8
169 10
226 5
66 27
204 17
210 12
308 29
295 11
88 25
474 15
181 11
224 27
422 27
31 6
437 7
56 20
314 28
65 15
40 10
145 15
187 3
463 18
287 9
76 27
370 22
17 18
172 9
352 1
363 15
282 19
281 1
394 2
412 2
336 27
292 25
46 6
39 4
27 25
116 19
51 13
356 28
387 7
160 10
471 6
472 13
320 12
441 29
197 9
374 29
155 9
365 12
346 15
411 5
79 27
327 26
363 30
197 5
412 24
339 10
377 6
486 20
414 3
464 30
483 13
494 13
206 14
41 3
464 7
275 3
329 29
172 8
486 16
292 29
75 26
131 3
292 28
350 17
98 5
166 8
1 8
421 6
221 13
109 17
115 15
79 20
188 14
487 5
321 6
274 3
112 8
197 31
75 26
311 1
62 28
456 14
339 28
472 24
40 28
448 27
166 26
450 21
331 8
82 3
65 27
397 12
314 9
282 4
342 24
412 31
420 12
20 22
95 31
373 15
274 20
141 4
49 22
348 19
377 17
381 9
487 25
321 12
73 30
188 2
46 19
372 9
318 12
426 5
86 11
47 4
322 27
3 11
128 30
453 12
483 18
296 25
314 8
269 11
218 20
4 27
258 12
431 4
471 32
340 32
358 26
119 8
276 9
402 3
175 14
406 21
391 1
125 9
317 17
295 14
404 30
500 10
229 10
441 31
341 20
107 19
369 1
230 32
198 11
46 16
40 15
380 23
355 16
487 23
101 17
408 4
282 11
369 23
392 25
61 29
292 19
283 24
96 8
303 29
198 24
16 9
354 15
167 21
102 29
231 30
489 15
410 27
101 14
133 13
439 5
77 18
64 23
242 11
74 32
303 15
96 18
7 29
416 22
9 29
382 28
71 31
82 28
493 2
257 9
26 15
21 22
129 4
460 10
446 9
265 20
155 32
417 14
13 4
391 13
201 20
464 27
494 17
250 10
431 30
314 32
405 31
58 13
122 1
402 16
254 30
167 32
230 8
273 26
119 15
466 11
287 14
441 20
178 26
118 16
400 15
416 4
117 5
40 15
193 5
10 14
310 32
58 31
315 26
132 18
345 30
456 11
231 1
262 8
290 27
220 17
162 7
196 22
459 3
220 15
27 1
301 9
109 10
227 7
39 31
208 11
160 20
69 6
264 19
1 13
61 4
446 22
58 17
352 20
228 15
371 26
152 31
442 16
380 9
34 10
379 14
5 2
109 9
279 20
255 19
128 8
203 29
389 32
418 8
128 1
163 22
250 6
20 28
425 27
212 10
168 10
403 24
479 23
97 17
86 27
91 10
370 25
138 31
257 19
350 12
51 28
233 13
29 20
344 21
2 11
115 17
496 21
193 30
380 9
434 21
343 16
30 5
21 4
471 1
426 8
160 9
388 12
277 4
347 28
73 12
26 23
368 25
407 4
346 22
200 3
455 15
6 8
255 26
355 21
302 1
248 5
257 31
408 29
255 14
356 27
453 29
69 21
105 27
232 10
465 4
432 27
326 29
254 4
315 13
156 16
389 19
281 21
94 4
381 20
442 8
378 10
320 30
418 24
272 22
225 8
433 12
6 10
296 4
337 30
220 4
78 28
450 2
456 7
45 32
242 22
127 7
84 10
64 29
221 28
2 1
423 10
156 5
191 19
40 31
413 23
74 30
422 24
347 1
270 3
416 24
81 6
482 24
191 2
368 15
233 6
411 31
155 26
435 2
368 10
428 28
436 2
269 17
229 23
437 22
210 16
361 18
97 11
157 3
240 28
49 8
245 31
330 16
376 9
449 4
442 16
23 18
81 24
438 9
462 19
11 7
78 11
312 23
65 32
313 32
196 10
331 28
24 13
43 32
277 27
495 6
71 1
447 27
364 25
164 6
111 2
496 12
396 4
66 1
331 27
320 30
444 7
318 11
163 4
70 7
55 12
8 9
285 3
479 4
43 6
473 5
167 21
192 19
332 18
375 26
488 18
188 15
196 17
101 10
68 3
148 18
86 28
450 26
314 29
18 24
422 6
212 9
310 11
151 17
364 13
155 7
422 2
485 22
50 14
327 5
108 15
443 29
482 16
63 7
172 20
206 14
421 25
34 19
23 16
75 31
412 13
89 25
422 26
302 31
11 13
144 22
103 26
162 4
181 8
82 21
155 7
150 20
55 23
362 1
218 8
315 1
17 4
313 2
329 7
465 3
243 4
160 13
397 9
132 5
397 25
133 11
55 26
330 29
168 3

