256
326 12
291 13
223 2
7 28
402 21
114 2
228 27
259 23
435 8
321 22
21 7
268 26
426 17
266 19
345 23
112 6
414 30
238 24
223 32
99 20
449 28
10 4
323 8
454 29
67 31
78 3
9 5
80 3
318 2
385 18
148 4
331 25
101 8
48 32
15 3
299 27
210 8
343 20
427 24
289 29
422 2
432 27
415 27
421 28
208 17
393 19
152 3
267 20
494 27
279 16
313 6
27 26
89 9
258 28
368 30
212 22
263 23
424 5
6 12
260 13
500 12
124 15
78 10
458 23
408 21
283 32
18 17
446 6
381 7
325 24
100 25
241 2
31 28
243 32
211 6
453 2
358 12
64 31
169 18
210 25
110 28
148 31
4 17
436 4
499 5
335 26
297 8
312 11
91 2
67 10
111 23
363 24
298 27
107 22
152 12
42 17
11 6
91 18
486 18
453 13
138 15
434 18
362 1
465 25
2 7
106 9
401 12
284 30
98 22
163 17
409 1
213 7
450 15
488 27
181 12
271 22
227 13
456 16
153 4
392 15
450 9
471 6
169 22
399 26
496 21
367 12
321 11
27 26
234 10
57 26
454 27
83 16
383 22
119 20
309 7
394 2
211 24
311 3
469 9
497 24
326 7
72 18
293 22
268 10
463 32
291 20
2 18
447 1
115 2
272 32
132 21
385 22
380 8
73 24
460 21
16 13
135 19
283 11
36 10
453 6
373 23
266 2
468 28
462 15
481 21
358 4
101 14
306 20
141 18
32 5
150 27
237 32
337 15
62 20
420 30
221 32
109 18
370 28
402 3
10 10
416 23
494 32
313 7
200 25
380 31
405 29
481 14
164 5
12 5
40 20
91 16
427 23
450 20
478 15
331 28
232 14
58 5
465 22
227 32
175 2
98 11
338 22
72 25
394 20
78 17
71 32
397 25
218 2
497 7
48 3
34 7
276 20
208 28
313 22
256 23
96 25
270 21
283 25
434 8
128 11
313 18
30 25
399 31
406 23
293 9
425 7
435 8
270 26
291 2
280 30
273 7
103 26
307 5
234 8
412 30
102 4
263 27
136 25
229 21
407 30
197 7
200 12
382 29
125 17
254 20
422 22
130 4
419 21
260 1
380 20
218 14
99 12
316 19
493 1
127 19
418 4
82 1
307 7
289 19
339 26
187 5
272 32
136 30
456 16
46 16
271 27
169 25
95 4
103 11
232 18
337 1
257 22
469 3
437 29
345 19
3 27
387 6
51 31
19 14
122 1
341 16
179 25
260 1
49 19
63 32
148 8
281 24
373 1
318 25
210 14
436 20
397 2
41 3
48 27
452 13
475 13
412 22
357 4
130 1
238 1
185 25
296 1
140 4
65 9
477 30
322 8
189 30
85 9
16 9
288 16
153 30
316 17
119 32
440 9
429 9
293 1
265 16
281 16
107 1
212 15
323 13
346 15
455 31
92 10
415 27
141 27
492 20
335 11
480 30
211 20
154 27
372 6
146 20
173 28
200 12
187 18
121 32
385 3
166 24
396 4
206 5
351 9
344 9
11 11
311 5
82 12
279 17
234 8
308 6
176 24
494 14
381 10
97 9
392 11
444 23
194 17
27 12
50 19
81 12
45 27
485 27
58 15
283 23
187 15
49 26
450 14
427 14
7 19
151 2
489 22
36 11
447 19
78 32
285 10
259 1
252 27
159 10
358 6
452 32
384 28
109 25
393 31
218 31
113 28
500 14
314 24
136 24
302 13
459 14
223 1
118 26
312 9
135 5
70 3
416 1
438 28
489 7
114 30
433 10
426 5
179 11
24 14
202 5
379 24
114 17
228 31
426 19
211 13
263 20
499 26
436 12
405 12
470 14
482 23
96 3
39 14
497 22
292 14
90 22
209 11
122 28
489 15
31 16
311 5
183 9
471 23
97 19
246 6
245 11
320 24
485 22
169 25
123 32
30 4
129 10
470 26
378 23
149 20
10 3
200 8
120 22
14 32
249 32
485 9
338 1
388 23
366 4
155 1
16 21
404 24
274 18
246 3
184 26
410 13
408 14
88 7
335 18
446 11
417 11
279 26
87 18
280 32
74 31
292 25
471 4
84 16
421 1
99 28
278 8
500 22
321 27
64 24
244 2
90 28
292 21
266 22
386 5
181 27
331 21
399 21
20 3
249 12
367 23
247 29
58 14
182 19
388 13
386 20
458 11
143 25
47 4
126 5
305 3
243 11
131 18
140 14
328 4
293 22
290 31
190 23
340 3
429 19
320 18
210 29
493 21
26 27
112 3
323 32
161 30
255 27
411 10
144 2
485 32
283 6
178 9
472 9
195 5
96 26
418 1
143 18
9 12
301 13
22 11
240 19
392 22
177 22
91 21
391 11
108 14
200 18
498 12
6 32
276 21
410 5
110 16
103 10
71 3
294 8
229 2
478 21
231 7
274 22
327 1
248 14
190 16
275 3
323 25
82 10
85 27
290 2
246 4
368 4
350 1
112 19
46 5
199 25
95 16
450 5
488 13
411 29
144 17
419 22
317 1
415 22
195 13
151 5
152 2
108 22
31 19
80 4
308 14
204 2
453 9
379 13
350 25
173 17
325 8
163 18
92 5
247 2
485 29
78 1
415 14
490 1
404 29
372 23
402 32
169 6
432 31
498 29
187 27
478 31
262 20
4 9
420 22
342 9
147 16
245 17
309 30
209 28
358 20
127 3
359 11
112 27
45 26
423 31
132 4
445 21
243 13
449 15
402 6
271 20
413 31
312 17
304 20
285 21
452 31
419 26
409 30
452 17
343 11
239 10
126 11
70 5
335 26
383 25
308 9
136 20
223 16
293 2
319 17
186 10
339 12
432 23
337 23
403 32
109 21
357 15
175 7
103 22
444 5
98 31
341 25
175 19
384 23
440 11
395 9
324 21
432 23
479 28
490 17
3 14
373 4
184 3
138 14
260 9
326 5
388 30
294 26
80 5
232 3
231 22
347 3
358 30
13 20
250 6
420 20
304 8
463 15
190 32
329 2
385 14
158 16
172 3
37 27
480 24
326 22
245 8
468 22
154 17
289 31
334 12
6 9
351 9
328 28
124 20
489 16
309 3
483 12
301 7
287 12
138 4
194 10
283 25
335 16
493 7
190 31
34 32
315 4
220 30
276 15
149 28
203 18
114 29
493 3
56 3
46 1
390 15
427 17
252 9
312 16
88 14
422 1
401 21
209 20
82 4
166 3
451 32
392 29
257 16
331 32
163 12
208 24
319 10
428 2
99 8
165 2
93 31
10 1
27 6
168 4
201 21
190 8
53 25
420 17
465 2
472 27
329 15
382 7
165 26
68 11
401 25
300 21
23 13
189 9
27 8
8 27
40 18
82 16
278 5
400 18
454 15
72 19
402 30
281 22
115 1
328 23
137 11
359 15
287 31
59 9
106 2
244 1
115 5
237 29
178 16
338 15
211 26
265 28
67 26
177 13
450 16
47 18
334 13
96 16
155 22
433 16
71 28
404 10
352 32
430 9
480 19
364 14
380 24
153 2
377 25
478 10
36 16
263 1
132 26
340 6
215 8
397 6
151 5
175 3
144 20
235 19
74 2
16 18
430 8
103 10
52 1
484 7
456 14
307 12
160 23
77 22
270 6
215 1
478 9
275 13
196 13
300 2
311 31
427 8
39 5
397 6
461 4
29 21
182 19
60 25
333 16
418 7
313 9
227 30
373 9
467 13
65 10
42 3
284 32
466 14
200 27
264 9
446 32
133 15
478 28
319 27
179 21
469 32
369 7
133 13
399 7
161 3
216 6
338 24
373 15
173 9
369 24
85 7
79 13
441 9
408 28
423 18
348 3
429 12
85 14
308 23
364 17
297 4
22 30
431 27
141 31
319 21
391 19
323 13
471 16
229 6
227 23
167 26
41 8
141 1
361 28
311 8
268 16
303 2
445 5
36 25
188 30
446 26
108 8
250 14
87 27
307 1
481 9
238 10
272 30
350 4
178 1
208 5
324 22
86 28
447 1
57 30
178 2
415 13
473 28
214 32
494 12
76 7
197 26
348 4
395 25
452 16
61 19
17 8
372 26
4 2
427 24
303 24
413 21
93 1
233 30
148 6
30 32
52 30
93 27
45 15
448 8
59 12
6 19
244 2
380 23
47 6
306 2
114 6
270 2
306 6
363 6
432 8
233 23
469 29
382 6
311 5
361 9
188 7
147 3
96 7
29 10
36 6
47 9
255 1
206 17
22 9
218 17
164 26
436 21
274 25
498 32
497 6
305 12
224 3
319 19
329 7
165 21
33 7
217 23
379 7
51 13
195 28
205 30
421 4
342 10
160 11
130 24
49 18
44 28
88 18
295 29
208 11
485 4
373 13
231 24
327 1
356 1
253 32
83 17
404 16
219 31
467 4
71 11
337 26
138 8
475 20
44 2
94 20
126 15
433 32
70 19
340 9
484 28
336 18
469 11
341 7
154 27
90 32
173 30
337 11
201 3
446 9
196 28
328 9
358 28
380 15
371 8
55 2
367 30
271 15
333 19
225 18
122 30
209 18
239 9
160 32
59 26
388 14
497 3
279 30
327 30
132 13
229 2
254 8
427 32
282 7
338 11

