256
352 3
485 26
295 23
458 25
486 9
137 25
323 13
240 20
376 19
162 10
51 20
102 25
179 19
172 10
376 8
438 4
59 2
153 17
420 6
397 9
194 29
418 12
22 9
452 13
107 1
214 30
108 11
462 18
53 17
35 5
229 17
156 3
98 4
491 10
121 28
422 22
272 19
34 1
495 1
41 22
153 3
463 20
273 8
397 10
409 31
106 17
107 21
127 1
272 5
222 32
356 27
409 24
334 22
124 8
482 5
485 22
123 15
393 19
75 13
72 15
424 9
323 26
289 17
86 20
269 3
155 21
154 8
456 11
209 3
370 19
447 15
324 13
153 17
168 19
209 27
413 8
120 31
14 32
387 27
172 4
110 6
132 27
241 3
305 10
17 22
492 12
380 3
236 1
235 23
111 16
494 20
279 21
462 24
224 1
95 7
4 16
221 27
170 25
73 14
262 1
147 29
256 7
272 4
411 18
246 25
153 11
248 24
203 30
427 19
410 1
173 1
224 5
399 25
58 23
218 31
263 9
276 3
95 27
362 21
256 31
229 13
198 25
44 8
390 18
30 19
491 19
63 2
447 13
311 20
487 32
175 25
96 14
119 22
348 32
398 19
87 23
215 8
307 2
35 4
228 9
346 6
119 8
135 17
72 1
273 22
325 23
158 8
248 9
314 11
108 7
401 6
189 28
329 11
373 28
42 16
280 3
169 30
146 28
166 29
100 18
274 28
236 32
48 11
60 1
281 15
71 18
213 4
149 1
458 9
256 28
325 31
238 13
136 8
148 10
100 4
91 22
23 3
9 2
161 28
282 2
86 9
327 30
316 31
191 25
199 26
124 31
185 18
368 20
97 19
325 28
114 24
273 21
94 5
410 6
52 24
399 10
248 25
139 11
51 5
187 30
479 23
124 23
376 7
38 32
210 7
19 15
130 12
163 23
276 25
328 16
468 3
21 15
155 31
481 18
192 27
159 2
181 10
388 24
477 1
27 10
287 18
212 4
41 27
490 12
151 22
347 2
100 19
36 18
230 8
311 21
34 17
146 19
103 13
122 11
309 1
468 20
398 11
215 14
257 17
105 23
226 20
228 29
22 7
430 23
130 17
375 16
61 32
82 27
256 11
445 25
55 24
364 28
443 2
241 7
134 2
458 23
149 21
387 26
152 1
125 9
409 27
148 17
75 25
484 6
284 16
246 14
192 9
142 10
39 18
184 28
79 13
235 7
382 5
453 29
141 17
17 21
279 29
370 5
97 17
35 24
132 8
422 7
93 15
308 27
148 32
154 19
188 8
157 13
213 25
453 17
37 14
254 20
338 11
372 30
179 2
18 26
390 27
337 26
205 16
112 8
339 9
430 27
5 19
447 29
47 16
273 20
73 18
103 6
352 30
47 22
84 24
44 9
206 16
454 26
375 21
262 14
33 27
444 13
481 14
457 24
141 22
315 25
107 17
326 3
94 1
192 13
140 7
1 10
466 22
255 21
74 4
258 7
263 9
495 11
294 28
122 19
385 12
351 23
56 9
153 10
401 17
30 32
79 11
237 13
188 12
237 10
63 2
368 13
398 2
68 31
369 25
329 13
329 28
96 32
208 28
385 12
444 31
351 3
149 20
419 8
283 15
449 13
204 32
170 25
382 17
495 30
129 8
355 13
355 14
193 6
49 21
373 21
195 27
367 27
14 5
31 12
495 19
493 2
147 18
2 20
102 16
481 10
171 27
39 25
488 3
290 17
159 14
381 10
89 27
48 22
87 6
454 17
57 26
130 11
311 11
82 12
478 14
345 17
249 11
377 16
465 7
124 4
180 4
181 28
454 16
426 28
306 19
120 14
176 29
416 22
83 21
453 1
410 21
413 10
384 25
246 12
455 25
175 19
225 27
458 26
435 31
70 32
113 1
453 28
494 4
329 4
216 17
488 25
430 20
487 5
41 28
364 11
452 31
333 16
245 11
58 3
25 31
270 26
19 14
481 28
441 6
88 8
90 3
485 27
179 3
35 3
54 15
65 17
289 10
33 5
392 10
64 28
68 9
257 6
407 10
450 7
47 1
207 4
315 15
211 25
13 29
211 14
495 8
422 23
377 30
20 4
247 3
35 14
119 20
252 1
381 21
224 11
89 22
266 23
472 12
396 20
73 10
401 19
85 30
54 1
128 5
228 2
359 3
40 17
406 3
354 18
343 25
64 11
6 9
185 17
157 16
312 29
390 4
499 10
385 24
435 28
328 14
90 2
276 13
15 5
123 4
466 5
444 17
247 9
210 15
129 14
215 28
298 24
3 24
281 31
200 11
103 11
81 24
65 8
172 31
389 18
298 2
110 29
87 4
245 12
342 29
365 16
164 2
363 22
309 8
256 8
210 14
387 10
401 31
350 8
381 30
217 30
295 14
122 17
385 30
380 3
238 20
282 17
257 25
122 14
140 25
425 17
439 7
343 11
113 12
411 1
281 11
22 7
305 23
160 9
360 19
415 13
487 29
201 27
397 2
12 20
403 29
88 1
99 30
31 8
121 29
408 17
272 6
328 32
276 15
116 16
377 19
84 7
283 25
310 3
162 9
66 20
109 25
256 8
435 31
475 31
79 22
308 2
15 7
277 23
473 9
278 21
479 1
416 9
349 29
291 19
397 32
426 10
212 26
417 14
172 31
53 18
272 28
304 15
50 20
281 22
176 10
74 22
122 5
414 3
65 8
333 6
263 26
319 31
143 31
472 10
125 24
268 16
87 15
238 20
2 2
361 30
427 19
331 21
275 17
223 24
152 11
5 31
16 11
241 23
409 8
176 5
88 27
484 18
13 18
14 11
239 14
192 30
160 26
418 23
322 8
478 2
46 10
240 21
8 28
71 28
43 11
152 2
41 19
360 14
208 25
420 23
246 31
316 6
188 5
192 2
224 9
335 29
354 2
181 5
405 28
480 31
202 31
133 10
117 20
499 21
364 14
123 17
232 30
218 4
22 17
281 13
281 7
13 10
40 25
346 4
148 13
446 25
307 2
295 28
421 25
100 32
63 26
97 18
159 6
417 24
75 25
276 15
163 12
341 6
184 6
497 24
215 11
384 29
372 18
296 1
471 7
428 17
116 16
30 22
190 23
305 12
495 16
470 14
71 18
211 31
200 28
438 10
2 5
434 17
351 30
17 1
476 17
409 4
320 18
217 21
88 6
476 23
305 26
92 16
311 22
482 2
213 3
275 22
443 17
439 29
142 23
169 17
103 13
60 7
367 13
135 6
150 27
388 6
112 31
181 30
133 2
284 5
284 10
411 11
470 1
371 7
7 4
80 30
468 11
236 14
415 30
288 8
184 15
222 11
6 2
69 2
64 8
186 7
113 32
425 11
148 24
193 23
39 8
468 10
411 23
340 9
424 11
93 12
5 30
106 6
215 30
351 2
229 13
329 22
484 25
424 12
252 16
342 10
92 21
148 10
363 11
30 30
169 2
449 13
287 31
183 30
432 25
335 1
421 7
354 17
472 21
240 15
448 29
217 27
93 12
392 27
54 22
444 10
247 1
394 22
299 8
239 26
313 17
242 5
292 15
489 23
427 16
337 7
12 29
265 28
120 5
410 29
282 14
98 16
98 28
413 12
271 23
477 3
280 31
168 31
17 28
185 16
236 25
22 23
278 22
203 29
146 8
274 19
169 31
307 2
66 7
365 29
426 18
123 5
264 6
127 28
298 23
427 13
35 32
131 4
86 21
61 15
297 26
10 17
408 4
435 18
238 31
162 7
492 12
219 31
426 13
387 19
7 5
107 18
113 1
205 26
422 21
132 18
302 9
386 6
160 20
35 22
471 4
412 2
183 7
69 32
327 27
182 22
471 16
79 3
377 27
484 6
252 4
219 29
108 24
114 24
128 24
17 30
195 8
263 10
410 31
337 1
489 27
274 24
158 28
394 26
338 22
183 5
345 21
494 4
209 3
423 24
107 7
137 21
219 19
30 28
82 7
68 10
237 17
381 10
248 27
280 2
4 2
378 8
67 7
355 3
182 6
314 4
420 14
292 26
200 22
470 17
40 17
55 28
82 27
373 13
61 8
266 4
466 20
115 32
366 22
10 3
451 27
38 6
124 30
360 7
3 21
160 14
217 18
373 6
500 13
479 1
249 32
328 30
239 15
449 13
116 30
355 30
132 21
435 31
426 2
133 4
474 28
173 27
357 25
192 25
141 18
473 25
118 28
454 4
446 18
164 13
211 31
478 6
115 13
448 4
410 9
319 4
224 23
278 17
239 29
141 19
343 1
120 32
264 1
315 6
179 19
122 1
201 28
83 3
216 10
58 21
462 12
212 22
70 21
470 16
310 14
38 32
426 13
463 9
434 1
102 32
459 32
204 3
175 6
177 2
168 10
218 1
461 14
370 22
418 27
189 19
300 7
82 21
235 16
266 32
173 11
483 3
442 31
494 4
324 10
61 19
256 27
176 8
208 9
246 9
236 2
408 11
12 13
112 27
385 29
118 13
447 25
243 17
491 20
60 26
258 25
9 17
399 32
228 26
80 21
434 11
111 29
202 30
182 21
220 6
245 18
178 23
142 32
283 32
8 27
297 17
315 5
277 5
340 24
22 12
329 31
438 3

