256
266 13
417 12
58 22
6 30
14 1
438 17
496 31
1 17
428 14
305 6
186 17
465 15
118 1
493 23
169 8
406 14
380 22
389 10
268 31
499 25
371 12
441 14
471 25
419 22
411 31
51 24
271 15
98 28
299 14
466 15
461 32
253 9
193 21
334 32
239 24
296 17
471 32
179 13
29 29
191 31
171 29
238 9
108 27
180 26
128 22
77 28
221 5
132 9
173 21
77 12
148 32
224 15
312 26
411 24
350 29
130 16
194 11
164 5
405 28
410 12
193 6
119 5
18 11
177 3
67 21
306 11
329 9
185 20
283 19
331 24
48 32
4 9
30 31
393 14
362 10
465 10
140 31
318 25
37 27
199 8
451 8
170 3
385 10
270 19
300 32
150 11
263 17
87 8
172 31
225 9
281 13
439 24
124 32
428 20
102 11
115 9
334 12
35 2
341 1
88 17
108 30
339 31
242 14
162 29
256 27
298 20
427 24
159 18
343 27
414 17
269 32
201 22
16 3
24 32
391 11
348 3
52 11
369 22
316 6
58 3
268 23
311 7
90 1
96 5
259 29
81 31
389 13
333 8
15 12
463 18
170 23
256 30
201 20
367 24
5 4
290 25
279 16
467 8
421 22
4 11
423 32
410 15
216 30
270 27
301 28
488 30
246 31
395 18
218 13
165 10
185 3
198 11
406 32
34 2
430 30
209 8
473 22
366 9
63 11
271 27
218 14
36 24
204 19
113 29
191 18
346 15
84 8
41 5
411 11
19 28
316 19
43 4
48 24
180 26
394 14
176 8
411 11
427 6
141 7
238 28
20 8
410 11
331 3
296 21
229 22
433 20
392 19
35 15
235 3
252 12
16 27
443 11
489 17
244 2
112 18
313 15
269 6
86 7
376 9
191 20
194 11
499 5
450 30
227 8
248 26
15 15
256 6
393 24
30 9
225 13
470 21
272 18
315 21
188 2
89 18
146 26
353 28
422 26
29 16
41 24
329 19
243 28
216 31
31 14
123 12
386 32
348 21
329 26
69 8
352 5
246 17
142 22
492 27
455 5
414 15
148 18
401 2
29 25
229 32
214 7
19 31
295 10
460 23
28 28
343 31
37 24
79 30
241 26
297 27
442 2
393 26
156 9
35 32
113 27
447 6
318 9
277 8
331 24
438 22
115 28
292 19
71 2
385 31
143 9
209 25
242 1
378 29
246 12
285 10
379 27
36 8
196 20
159 22
399 12
439 29
228 30
368 26
451 32
313 25
284 17
29 17
474 2
126 27
22 10
280 20
140 19
447 7
478 9
416 16
52 6
93 27
83 28
281 1
63 13
478 2
317 10
426 14
116 31
212 25
164 12
240 12
10 6
342 4
142 14
67 1
463 31
176 22
118 16
282 20
252 15
81 24
321 7
210 4
261 13
276 13
116 7
432 22
404 9
317 25
234 11
441 9
42 20
94 3
275 19
395 30
338 11
94 26
185 27
445 22
427 24
222 31
86 25
372 9
129 12
237 23
422 25
59 31
145 28
326 15
230 24
445 15
46 2
428 19
44 4
28 2
443 9
216 24
105 19
220 1
126 32
447 20
485 21
362 5
212 19
399 30
258 31
212 12
84 20
386 27
363 5
301 18
365 28
389 13
103 9
405 12
416 4
127 32
60 17
380 8
27 23
65 13
325 16
440 21
267 21
387 26
441 11
139 5
55 19
125 21
487 29
236 3
232 31
6 24
55 6
415 17
368 3
69 16
106 20
452 21
36 19
354 32
229 24
280 3
18 20
291 5
285 23
111 16
93 8
159 3
205 5
431 8
403 16
116 25
359 27
85 11
109 26
222 10
281 14
120 26
257 3
6 17
141 4
409 13
84 7
231 24
344 1
64 18
364 23
458 19
97 22
321 30
183 6
395 31
43 18
465 20
128 22
44 12
290 4
352 5
223 6
364 22
299 27
163 22
457 17
88 2
366 4
463 21
450 5
363 28
426 11
347 10
353 19
25 26
194 13
218 32
14 25
481 24
360 28
326 4
468 21
73 17
321 3
233 2
447 24
317 29
126 12
130 2
406 26
471 19
382 24
15 24
473 7
59 4
342 28
351 13
297 12
494 9
14 2
442 21
25 6
185 27
421 22
332 14
467 23
277 21
194 19
448 30
489 26
349 27
242 8
343 6
179 4
210 32
266 23
152 30
408 4
144 13
149 20
358 8
130 26
168 23
276 7
341 5
324 21
151 21
444 5
158 14
181 7
314 14
369 1
439 25
153 3
309 29
410 30
120 31
152 31
213 3
105 9
247 5
298 5
197 25
242 19
363 18
73 20
71 22
492 9
422 24
443 18
297 32
99 24
242 6
407 19
381 27
63 15
291 24
228 24
101 29
46 23
94 2
342 12
411 29
376 4
329 31
413 9
22 4
244 28
113 22
422 17
13 8
176 15
196 19
142 16
223 15
462 28
157 15
331 7
487 26
103 31
376 31
291 22
230 7
13 11
36 30
391 12
121 26
203 4
468 32
463 26
235 24
357 31
78 27
161 17
393 15
231 12
482 22
17 15
260 17
257 23
166 20
47 19
213 29
102 25
296 9
74 10
192 7
272 6
469 13
186 21
399 4
481 8
289 1
295 20
230 15
47 31
402 13
181 15
341 7
499 4
51 24
18 14
206 21
363 31
73 8
387 28
316 19
55 4
68 25
356 5
456 2
191 9
346 20
323 22
210 29
25 8
97 6
205 18
183 8
328 27
319 3
430 26
285 25
442 8
389 21
500 24
402 15
53 3
266 23
284 27
48 16
86 8
350 22
149 16
209 9
138 12
247 32
365 31
256 2
87 8
306 18
340 11
128 32
453 1
118 4
219 9
44 28
364 9
446 9
276 14
193 1
33 27
184 30
173 23
55 31
287 21
197 30
67 16
369 12
69 18
107 11
355 2
295 10
394 24
434 1
245 2
286 30
268 1
379 21
112 25
51 22
145 3
375 12
275 15
435 3
284 5
333 26
43 19
60 16
218 21
309 15
471 18
296 18
414 6
30 9
458 25
274 11
31 16
370 13
446 12
351 30
196 28
219 22
162 26
378 24
123 22
46 5
131 17
182 24
366 28
273 19
496 30
481 14
398 18
35 11
357 9
276 13
420 31
494 18
476 7
165 6
408 14
394 2
254 32
434 19
491 26
497 14
455 2
215 4
31 21
399 16
338 22
292 1
372 29
42 12
360 26
149 31
119 27
9 4
470 26
194 20
351 27
297 9
20 27
361 14
464 27
289 13
136 24
409 4
69 31
59 24
8 31
398 31
101 22
202 18
51 24
29 1
438 5
58 13
40 22
210 15
28 23
7 31
282 7
22 2
69 16
481 29
491 15
55 7
488 28
161 19
3 29
291 4
70 28
100 1
117 10
315 32
12 9
159 13
439 32
495 20
464 7
436 30
409 10
44 25
97 28
287 24
449 29
243 26
129 11
478 9
356 8
93 19
464 7
11 30
134 13
113 21
184 32
402 8
389 22
340 14
205 10
289 9
259 31
22 31
429 27
335 28
142 15
2 17
381 13
211 27
369 31
463 12
223 1
496 7
366 19
300 6
165 24
75 3
175 16
161 31
447 7
239 12
274 8
45 10
104 11
20 13
281 19
228 7
403 11
318 8
262 1
41 26
409 27
52 15
63 28
37 21
58 7
448 23
367 28
189 2
302 4
294 15
246 6
289 8
300 2
119 13
427 28
190 27
126 1
121 32
452 21
48 30
284 20
44 10
43 20
119 21
144 25
131 13
490 23
389 13
377 3
202 27
166 31
341 20
132 29
331 27
469 7
296 12
430 12
253 8
275 32
168 22
488 30
11 21
217 23
117 13
257 26
99 23
61 27
66 24
251 28
478 7
478 10
323 27
169 7
379 19
298 30
65 29
344 11
465 16
325 18
208 25
251 2
355 3
96 24
354 18
168 12
268 21
309 10
404 9
369 18
271 22
31 3
7 10
261 3
489 13
404 20
166 31
353 20
317 16
292 27
349 31
206 25
307 26
262 2
490 18
47 28
500 2
447 26
155 11
328 4
292 16
191 29
442 12
328 14
47 27
132 28
429 13
364 12
202 21
297 7
107 32
155 14
273 1
463 11
159 2
274 2
77 5
110 30
64 14
128 10
408 19
5 1
448 24
424 5
345 24
44 19
267 14
408 23
298 6
170 24
215 15
110 24
463 23
161 2
360 32
136 12
103 16
456 18
212 23
402 20
302 1
358 5
142 5
311 27
338 28
99 16
479 12
47 29
130 28
467 6
199 10
109 13
445 28
202 32
294 20
63 31
400 24
367 2
36 30
184 5
9 14
277 3
193 27
280 27
382 30
16 17
51 16
233 31
39 27
355 28
242 17
130 1
337 29
34 4
26 30
245 18
203 29
373 4
195 20
274 13
101 29
9 23
264 25
349 22
379 19
337 32
120 10
465 12
314 2
179 31
419 23
225 10
147 5
221 10
452 10
270 8
134 18
54 17
370 18
50 29
309 22
72 8
203 28
235 5
386 1
355 28
40 19
277 10
27 17
379 14
194 8
381 31
277 18
427 3
40 20
99 8
65 26
127 8
58 1
284 19
329 14
450 24
421 19
406 23

