256
458 15
285 27
194 30
62 1
430 14
492 16
457 6
324 15
457 30
9 8
54 30
397 12
400 1
361 28
41 12
275 26
234 19
221 16
500 6
456 26
4 4
113 20
173 16
222 5
41 22
344 14
367 21
346 22
397 30
29 18
306 7
139 3
214 31
466 9
493 2
346 24
73 11
159 13
246 12
226 7
461 29
84 19
365 13
149 6
487 25
51 20
332 1
182 25
400 8
109 4
125 3
443 13
265 5
293 6
184 10
500 16
143 32
174 23
364 10
268 22
351 18
345 2
211 31
78 18
230 26
205 14
344 15
402 8
99 18
470 2
64 25
129 2
256 18
64 4
328 20
173 30
353 2
63 23
100 24
376 5
381 28
34 13
78 11
184 28
480 1
161 23
178 13
452 17
295 16
404 26
199 13
3 7
150 21
318 13
56 5
77 28
125 2
12 10
248 28
230 7
52 2
122 21
383 21
14 13
88 25
2 6
49 28
41 18
420 10
446 27
50 14
114 14
335 30
228 26
25 29
161 20
50 30
9 12
354 14
312 22
142 29
431 11
168 7
388 7
180 26
117 30
411 23
255 22
60 2
31 12
290 15
363 28
472 7
123 30
244 31
323 26
451 13
428 19
428 31
409 3
204 26
336 31
108 11
212 3
276 2
102 10
433 12
257 28
187 11
285 6
17 11
19 4
212 2
290 11
317 14
97 24
427 13
134 22
227 9
52 2
439 5
419 27
469 15
478 3
406 15
288 2
221 7
93 16
456 26
274 8
284 7
144 14
155 21
448 9
178 27
234 8
356 21
190 16
327 23
182 28
281 25
210 30
331 2
137 7
388 7
262 3
133 13
84 31
386 19
19 31
234 16
30 13
256 7
116 7
237 13
370 2
469 31
223 4
233 11
438 28
473 23
494 29
308 13
243 5
312 1
107 13
365 8
133 20
58 20
406 10
248 28
15 4
206 9
219 26
448 16
261 4
59 18
377 10
387 27
410 30
232 16
242 12
207 2
271 4
325 25
409 20
304 24
139 13
12 30
151 19
217 27
83 19
221 23
492 11
429 9
304 12
472 17
459 14
270 22
293 6
258 30
17 1
477 15
273 20
216 19
151 25
38 29
411 26
43 7
216 3
7 11
335 7
415 5
8 12
374 5
333 7
2 9
395 22
207 20
169 3
442 15
59 19
255 5
440 29
75 15
472 26
377 14
412 19
302 19
178 12
219 14
362 24
210 25
253 13
276 22
43 17
444 9
252 15
273 15
199 24
198 10
281 22
179 16
217 9
462 6
212 25
108 5
104 9
181 29
437 8
130 3
377 21
283 28
475 24
22 14
255 7
195 31
497 14
430 5
410 15
310 9
275 29
45 23
438 10
439 26
33 4
57 9
344 7
240 27
246 14
492 12
184 30
238 16
115 23
244 32
58 30
496 12
174 21
414 31
118 20
189 14
271 21
115 15
435 26
285 25
319 16
32 27
165 14
182 24
288 30
155 9
183 31
381 20
43 22
319 16
146 11
13 32
103 19
382 25
185 22
69 19
293 21
357 18
74 23
441 5
168 31
58 14
97 2
205 15
83 19
150 32
381 27
496 27
493 13
20 25
247 4
32 7
392 24
200 25
278 32
178 1
87 11
146 27
376 15
322 2
77 7
38 30
337 1
292 14
113 11
358 15
103 17
250 6
129 13
311 22
293 28
407 11
426 4
61 17
106 14
110 19
409 19
492 21
31 7
278 32
446 8
206 32
228 3
393 32
108 3
466 28
394 12
278 3
275 10
323 1
424 5
415 12
283 2
280 10
392 2
161 25
397 22
236 32
173 29
332 8
35 21
31 29
20 8
303 14
349 18
26 8
262 32
307 12
401 19
209 9
348 29
481 28
439 25
367 11
49 26
94 19
346 20
67 13
135 14
363 11
347 8
459 20
32 5
3 8
407 20
76 10
284 17
497 2
477 32
184 29
265 29
311 7
252 30
179 10
247 13
221 9
133 7
52 28
499 26
299 2
117 19
11 29
283 16
474 11
75 10
135 7
286 21
153 22
174 32
275 28
76 19
216 32
377 31
223 4
25 30
133 5
248 15
245 18
2 31
140 12
228 2
119 13
422 31
402 8
454 1
219 10
375 7
89 12
405 4
331 29
185 19
422 16
309 2
313 31
236 28
90 7
281 28
328 18
479 21
1 24
109 28
165 8
6 10
87 6
417 1
191 13
231 4
236 19
129 28
201 5
203 27
179 19
350 30
388 16
291 29
464 7
460 8
234 25
233 32
78 29
88 32
101 18
231 4
61 8
235 21
76 21
403 22
123 5
464 11
432 6
251 27
4 30
375 26
378 19
409 19
108 25
75 24
18 21
248 14
16 26
191 7
123 17
197 21
197 16
311 9
413 5
227 32
474 5
5 23
60 18
158 7
114 28
226 19
388 25
413 12
307 3
494 1
47 14
229 8
201 20
76 17
452 18
381 26
255 9
128 14
150 25
332 3
368 17
98 4
382 22
11 28
464 32
172 10
398 16
105 10
439 32
63 27
186 11
168 8
179 3
253 13
80 8
295 15
344 4
54 1
253 32
116 16
420 23
226 13
39 10
266 9
214 16
219 27
270 22
190 13
33 22
129 20
229 7
262 20
167 20
149 3
231 16
135 18
403 12
170 13
393 20
269 30
263 24
208 29
77 25
185 5
190 1
72 10
87 26
342 17
1 18
24 31
105 6
85 7
369 14
299 5
189 8
71 4
111 26
40 11
27 8
148 32
388 7
338 14
256 7
431 12
372 18
191 24
463 27
187 7
380 17
295 9
256 13
224 22
347 11
405 25
338 16
292 25
326 1
254 22
363 4
41 30
489 11
62 11
357 20
485 13
436 28
157 28
348 32
261 14
346 17
270 27
420 30
463 22
246 24
31 5
400 11
194 16
154 23
43 26
206 11
450 14
10 26
185 14
189 25
107 2
462 1
272 9
142 14
330 27
450 8
199 1
283 1
440 8
351 10
1 1
213 7
50 26
260 22
135 25
382 2
38 23
470 22
428 31
43 29
201 8
321 24
192 23
144 24
242 14
317 30
402 21
396 27
103 4
240 21
456 30
330 21
168 23
154 19
261 13
56 14
40 20
361 28
330 28
67 7
349 19
16 23
264 8
405 22
67 1
454 6
470 32
218 17
434 4
232 11
68 19
8 3
14 28
42 15
75 16
265 31
343 24
25 10
191 6
323 9
130 8
482 3
263 8
235 29
71 22
95 26
104 30
300 13
321 26
311 15
301 15
169 11
207 2
452 5
179 18
6 12
254 27
406 32
390 32
416 12
458 2
301 29
463 1
382 23
294 4
29 2
471 18
441 25
95 32
425 25
18 10
432 11
121 17
342 6
328 6
322 5
471 22
402 6
426 11
68 15
178 1
17 32
498 29
28 4
348 21
68 13
86 31
339 2
187 1
68 30
290 25
355 12
66 4
45 4
390 13
414 27
413 2
271 30
386 18
205 26
102 28
302 4
270 29
245 8
173 12
173 2
404 7
425 18
134 30
165 23
434 6
146 22
8 12
107 5
65 19
478 3
82 4
354 7
272 10
10 28
114 18
109 25
413 9
190 2
354 30
273 15
432 10
484 11
185 22
183 17
252 13
415 21
440 24
387 15
70 8
358 23
282 6
51 18
498 25
91 20
94 11
490 25
132 6
315 8
415 18
417 3
10 11
351 13
451 18
363 4
485 4
54 18
185 8
311 22
196 22
237 22
116 11
18 20
404 17
267 10
34 19
336 31
14 3
343 32
276 5
39 12
276 28
378 16
47 32
345 3
293 14
88 21
12 5
360 7
141 2
84 22
309 28
216 18
310 30
341 17
466 19
196 9
322 25
404 16
113 29
166 13
34 9
165 1
358 8
311 2
354 22
24 30
17 11
187 14
1 31
410 10
109 26
59 30
382 10
353 10
414 31
103 15
271 23
343 20
495 21
330 8
251 13
361 27
443 19
93 31
129 6
261 1
311 27
370 17
484 10
38 10
92 16
344 15
259 7
46 5
43 23
452 5
79 16
412 26
62 8
168 18
357 32
278 12
98 15
212 30
72 21
479 32
241 30
82 11
64 15
455 31
354 26
251 8
69 2
9 10
17 25
23 22
456 12
245 18
150 28
487 17
56 21
440 20
342 29
498 22
148 12
364 17
209 22
136 13
480 25
462 32
173 16
73 8
135 21
33 20
272 7
209 32
335 20
327 13
21 17
434 28
480 21
372 1
114 3
169 1
3 3
293 11
114 21
155 13
34 11
384 25
58 4
336 12
444 11
272 8
191 25
483 22
205 14
358 23
212 3
263 11
9 23
93 22
272 7
74 21
286 2
461 3
253 5
86 28
163 6
11 9
266 5
22 11
198 20
141 2
110 23
328 26
162 32
443 25
19 17
441 24
178 25
146 22
401 7
330 11
292 20
415 10
37 17
380 10
168 20
199 25
126 22
98 23
298 32
423 28
260 27
119 1
468 12
219 16
50 8
431 30
443 13
103 19
485 26
417 32
205 7
132 22
493 9
321 18
473 27
105 24
458 31
21 9
190 15
144 27
490 18
284 16
123 30
263 27
71 31
111 3
497 18
457 1
323 5

