256
214 25
233 12
160 14
69 16
450 20
31 27
72 9
62 19
142 26
260 11
259 28
264 2
395 17
500 23
423 29
48 24
418 29
371 29
82 3
104 15
306 23
261 1
51 7
431 8
212 23
106 22
378 26
284 1
450 19
103 28
128 23
211 5
283 22
121 28
372 12
246 14
210 18
54 32
180 1
304 24
379 25
213 8
482 4
232 27
483 31
154 6
337 9
6 7
446 10
334 21
53 11
346 23
288 16
374 20
440 29
211 6
142 23
425 7
271 21
54 17
343 23
66 7
423 31
297 28
400 14
389 28
60 18
66 19
189 8
166 16
320 16
445 25
299 2
436 1
378 1
25 8
399 6
250 22
12 26
393 11
27 1
214 30
71 24
284 19
423 22
387 2
325 23
407 11
404 26
43 13
182 27
204 16
360 1
253 3
202 22
485 32
130 19
165 8
182 13
311 8
398 29
197 6
83 3
197 11
296 27
471 21
158 11
409 21
183 9
92 5
10 4
112 20
126 1
43 31
77 21
262 14
253 15
47 4
413 3
174 13
334 4
389 19
22 5
211 25
162 30
89 11
378 32
14 23
180 25
14 12
113 27
229 30
233 12
201 26
370 14
58 11
369 6
45 31
95 4
299 24
409 19
130 2
290 32
493 18
404 14
77 4
132 22
233 17
285 1
214 14
10 15
209 31
420 21
325 30
212 19
121 25
361 23
110 22
98 18
323 13
311 4
220 7
409 17
159 25
89 32
198 31
198 30
33 1
11 25
483 10
331 19
194 15
205 28
44 30
257 11
154 12
118 26
10 6
178 8
70 26
95 3
420 20
25 20
260 19
12 18
108 22
197 30
236 13
457 8
407 5
350 20
280 31
285 1
196 22
12 1
284 14
383 7
101 3
359 21
293 6
102 17
64 10
54 31
403 6
134 1
74 23
220 26
153 1
198 24
170 2
316 5
19 27
360 16
309 6
480 18
439 9
206 6
83 15
357 9
472 10
145 29
473 28
102 21
220 16
177 18
361 4
398 31
394 1
350 27
326 17
156 17
114 13
470 12
323 26
384 14
316 28
190 4
243 32
468 19
443 4
56 31
488 25
237 5
62 11
435 31
267 10
355 20
154 5
279 16
354 18
473 1
41 7
12 4
158 28
98 20
123 25
458 6
309 14
343 10
280 9
313 19
71 23
482 8
195 5
404 25
126 20
421 3
390 29
302 31
412 27
350 22
107 3
348 3
1 6
341 8
170 21
30 32
171 32
316 6
476 31
266 25
298 22
471 12
470 32
86 9
226 28
267 12
94 26
451 14
155 27
226 12
295 15
416 25
322 19
182 17
153 27
102 2
337 4
489 2
196 23
39 29
214 9
105 15
418 23
253 32
345 18
247 31
436 22
455 14
96 21
406 24
139 7
50 31
431 6
485 14
316 11
398 13
179 18
188 20
56 24
371 24
269 29
242 8
483 13
165 26
37 19
326 15
429 11
354 3
116 14
336 12
64 26
460 10
235 19
189 19
438 15
246 18
379 32
262 29
388 14
291 12
348 8
154 25
194 7
487 1
48 11
240 11
56 4
352 14
50 16
136 32
302 10
45 9
73 10
245 20
436 27
87 23
354 24
411 19
451 10
208 18
72 31
461 23
350 16
120 24
56 4
239 29
489 7
93 21
441 10
224 8
224 6
158 6
253 13
476 27
170 11
201 9
482 9
219 11
324 2
434 23
445 24
292 17
455 24
197 15
73 12
270 5
433 19
78 14
51 1
388 20
88 20
312 21
452 26
103 20
220 1
358 32
208 29
301 22
385 21
408 21
121 25
105 17
308 2
238 10
87 6
430 14
417 25
446 21
271 32
348 14
436 17
5 24
58 29
157 2
6 17
398 18
445 15
178 20
388 32
314 18
245 27
351 29
335 32
233 5
344 24
298 31
489 31
274 22
311 3
487 12
199 12
441 27
442 31
99 10
238 12
7 2
358 26
346 24
5 15
1 24
362 14
331 14
304 12
247 7
238 25
282 32
321 15
283 30
45 9
295 10
496 2
467 25
11 8
396 19
242 12
215 28
46 1
305 5
500 12
315 26
136 29
377 8
23 19
422 23
243 12
52 14
221 10
294 7
329 22
450 7
85 4
378 26
412 10
331 15
233 9
352 25
93 1
176 15
239 5
33 14
17 4
275 29
453 1
320 30
258 29
56 22
136 5
176 3
466 14
309 3
2 25
419 27
241 26
61 11
247 14
164 15
381 19
351 30
359 14
319 8
290 30
13 9
10 12
323 15
397 28
25 15
292 11
197 12
93 17
362 3
54 14
453 15
168 27
472 18
325 6
345 18
367 21
243 4
249 5
202 25
48 3
395 19
373 15
222 17
200 20
155 29
165 3
391 32
262 22
61 6
151 9
403 29
113 17
244 29
62 18
358 21
24 28
152 32
47 5
65 10
160 3
350 24
30 17
359 3
454 7
80 1
323 30
473 12
331 29
500 4
366 29
204 1
461 31
488 3
432 16
104 27
475 17
119 24
397 9
498 7
248 1
307 30
114 3
209 12
199 17
39 12
65 7
304 5
301 12
383 8
195 18
27 13
291 21
24 3
473 29
37 12
153 15
142 27
474 18
62 16
410 21
440 15
47 7
203 31
386 26
283 13
275 9
453 13
305 29
104 25
53 24
201 22
187 14
472 24
395 21
35 1
485 2
335 3
69 1
82 26
326 8
90 5
376 31
17 12
223 32
160 19
464 8
480 30
405 23
13 20
188 27
308 20
373 2
407 5
382 24
98 28
55 4
12 14
82 16
313 28
352 28
430 7
184 22
316 24
64 24
91 23
226 30
275 14
243 1
242 1
372 16
36 22
379 27
59 20
278 27
115 25
194 28
295 25
305 2
169 29
141 27
119 11
9 29
316 23
277 10
79 20
249 18
425 11
364 11
290 22
205 12
122 27
299 13
127 24
230 3
324 7
258 6
89 22
39 8
220 31
165 3
315 9
264 27
243 32
426 16
121 10
435 2
380 2
362 23
189 28
5 12
166 22
305 18
231 19
213 23
10 10
453 4
142 12
266 5
47 3
416 31
173 15
113 16
288 14
262 8
121 31
191 10
84 3
95 31
42 20
469 7
185 13
78 14
488 7
62 3
238 6
405 22
32 1
165 3
47 11
498 23
249 28
157 28
238 27
146 19
58 14
33 10
386 2
420 18
157 9
112 18
310 20
7 1
237 11
11 3
301 12
153 29
251 25
381 5
412 18
119 1
344 16
415 25
465 2
306 25
18 29
70 24
285 16
372 5
99 27
359 15
94 31
300 13
172 4
185 11
261 7
107 20
158 21
37 7
410 22
299 32
111 9
459 3
296 14
119 18
64 13
497 14
339 12
206 2
179 10
148 3
248 23
247 6
479 3
84 1
124 10
168 10
102 22
332 10
307 18
495 11
278 27
232 9
138 17
330 20
382 22
107 9
436 13
386 22
487 25
302 6
55 21
48 20
446 27
257 13
181 24
475 10
94 14
426 24
346 28
251 23
289 1
207 28
413 13
137 27
265 7
361 7
111 16
179 5
286 23
161 22
390 7
276 32
44 17
67 17
12 1
319 28
378 5
23 14
173 8
189 22
302 9
460 8
308 22
172 1
425 28
411 26
22 22
149 21
90 15
157 18
236 11
401 17
204 4
402 32
287 6
165 24
490 17
203 5
114 11
94 18
262 28
56 8
393 4
200 22
123 1
435 2
183 20
322 26
463 15
114 1
165 14
392 2
106 22
155 4
172 12
461 6
455 32
217 23
220 8
328 22
124 19
51 19
302 8
248 28
446 5
216 10
343 19
468 16
404 18
19 8
73 8
361 3
347 25
225 10
196 4
111 8
18 21
182 27
384 5
434 18
494 17
143 28
459 6
487 11
435 30
438 19
189 30
237 11
78 13
453 21
217 19
296 6
76 21
53 3
258 22
492 3
339 15
438 9
96 8
159 11
281 4
93 9
97 18
356 22
494 8
299 14
222 6
444 1
423 20
460 20
185 23
134 15
437 19
172 25
346 10
267 31
278 31
299 14
392 26
400 14
313 14
95 27
143 14
35 13
237 30
448 10
297 21
148 25
3 15
469 1
149 19
31 6
446 5
3 1
187 22
74 31
451 9
237 22
410 20
10 23
469 2
272 5
242 23
202 29
238 14
297 30
257 27
15 18
359 21
390 29
271 32
248 13
484 20
314 29
311 4
243 24
337 18
248 26
285 25
174 14
323 18
111 7
352 13
132 11
345 9
459 11
188 2
188 15
246 25
268 28
28 30
39 32
376 15
294 24
439 15
385 13
493 15
191 12
323 10
406 27
47 29
486 26
274 29
257 19
377 20
279 17
385 1
472 32
455 9
271 22
84 27
6 24
1 21
271 3
370 25
46 16
393 3
354 18
407 18
389 19
337 19
39 21
187 19
333 2
127 11
239 18
110 24
137 14
144 12
137 10
436 14
485 24
416 2
197 14
299 13
456 23
307 3
356 18
357 32
339 15
142 9
397 15
24 9
213 12
292 13
237 23
234 13
258 9
59 23
322 1
95 21
344 2
475 3
247 11
90 5
18 11
13 26
334 12
298 22
259 22
98 11
20 27

