256
25 11
211 11
189 23
478 5
194 10
128 20
2 13
273 25
458 11
470 19
176 27
393 10
188 29
454 15
320 22
128 12
324 19
207 8
365 8
448 22
397 19
13 30
455 13
191 13
95 12
355 14
170 19
27 29
215 20
315 10
301 15
377 8
133 11
339 9
470 27
258 2
213 6
116 12
406 22
136 8
169 22
122 6
88 12
194 22
184 12
187 8
154 19
312 26
498 30
338 15
140 31
185 5
216 16
224 21
457 7
325 5
52 18
314 3
297 11
292 28
70 22
316 16
392 19
213 5
128 11
60 8
497 4
472 13
395 27
185 23
109 29
327 28
306 4
150 11
350 21
434 3
270 9
346 17
227 27
254 11
313 9
326 13
408 29
373 30
195 26
4 23
418 14
314 4
25 15
178 30
107 19
144 12
360 18
240 22
252 17
144 16
9 17
224 4
117 21
421 3
6 20
169 3
457 10
498 17
148 19
206 26
138 14
333 1
43 1
286 10
121 22
61 10
250 20
249 19
84 14
233 21
445 14
216 2
87 29
234 15
240 32
192 21
141 13
77 11
301 10
180 29
143 12
254 5
375 19
315 7
24 11
399 32
152 18
221 15
31 19
325 30
246 4
350 30
392 6
420 28
139 27
169 14
190 30
230 4
128 8
374 15
294 5
323 10
90 15
388 4
349 20
93 18
79 18
331 7
219 22
218 6
52 26
491 21
160 4
9 7
467 2
290 28
210 4
409 28
358 28
271 19
211 32
4 6
157 19
316 8
288 13
85 24
419 31
284 30
498 4
216 12
378 25
75 11
320 12
238 14
335 5
236 22
76 3
39 20
73 6
459 29
386 7
404 24
469 31
85 6
331 25
281 8
157 24
146 13
395 24
6 9
96 25
126 31
479 24
254 16
369 13
116 15
107 31
262 24
409 27
245 31
499 14
150 3
85 24
335 7
31 8
59 10
432 13
148 27
52 25
166 1
317 21
27 24
355 20
203 15
338 11
354 32
324 19
47 28
2 17
386 24
425 17
361 24
333 8
118 32
261 27
304 5
119 14
352 1
174 10
236 15
353 29
199 12
295 17
436 25
477 9
180 25
469 17
109 21
400 2
185 24
213 20
89 11
22 24
156 3
346 27
57 22
331 31
77 5
203 8
273 16
185 13
284 9
345 24
454 20
470 18
256 22
477 8
216 6
487 11
396 32
113 25
233 27
263 22
272 6
321 28
497 13
200 28
10 4
24 19
492 13
452 3
378 8
294 1
130 8
168 21
316 16
181 28
279 4
209 10
261 14
297 29
238 13
240 15
244 11
61 7
107 4
185 24
292 18
133 25
110 4
149 1
283 26
324 29
477 13
462 5
266 11
197 19
107 24
102 6
199 2
437 25
174 21
345 17
451 9
89 32
128 21
336 30
418 27
323 10
395 32
482 32
394 14
163 32
466 20
54 8
277 18
172 26
314 16
118 12
344 18
27 3
295 10
85 20
225 27
458 11
42 11
279 4
321 29
287 30
408 8
153 4
181 4
190 31
44 7
110 11
217 21
62 31
202 14
74 2
52 15
397 1
26 23
380 18
171 7
335 2
358 19
317 7
366 2
237 9
17 14
500 1
186 1
95 32
206 16
17 21
403 13
53 24
291 25
125 21
303 23
94 12
149 27
254 30
268 22
127 4
40 26
368 5
186 2
464 7
482 5
351 16
245 15
163 20
39 15
52 5
301 30
57 13
408 2
166 19
4 16
163 27
417 26
119 2
196 3
344 13
415 2
264 23
301 2
398 23
268 18
236 20
447 12
368 6
305 9
232 4
325 14
54 1
128 29
195 3
107 10
203 5
436 10
383 28
95 5
278 26
82 13
429 4
8 12
85 5
180 32
324 12
414 6
449 21
50 15
215 32
236 5
380 3
234 30
110 24
42 16
41 23
252 29
206 20
116 2
276 27
310 31
355 15
476 19
467 5
149 25
236 24
449 7
259 10
377 24
361 6
107 17
97 3
221 22
322 20
444 13
334 25
195 20
327 15
342 9
251 6
325 23
78 29
453 24
158 1
407 6
451 22
122 3
76 2
348 13
381 15
493 2
395 3
254 13
413 27
217 4
289 21
2 30
17 22
257 22
135 3
247 29
176 16
131 15
61 22
499 5
473 19
7 11
382 28
144 6
206 12
309 22
105 2
63 17
116 7
499 14
334 1
334 1
465 8
464 1
145 10
318 1
305 12
188 18
435 3
331 28
42 32
190 14
301 4
471 24
275 5
17 20
417 14
468 21
17 3
110 18
393 27
482 9
454 29
234 12
351 16
83 13
55 24
242 16
376 24
123 6
384 12
257 1
193 12
33 14
7 10
75 27
272 16
447 9
429 28
316 11
447 27
375 26
22 17
61 13
180 15
398 4
26 10
216 19
230 24
132 4
94 30
338 5
465 32
294 25
167 1
376 5
211 26
318 13
70 6
481 18
413 11
165 14
384 24
8 9
331 31
52 16
196 9
345 9
376 2
257 2
98 4
211 29
86 4
393 7
258 1
256 30
103 12
459 31
3 11
303 18
309 19
313 5
447 21
369 3
294 13
68 24
109 10
404 14
158 28
200 23
20 12
288 7
227 30
313 26
416 11
267 17
25 11
433 24
88 1
498 21
277 29
328 29
47 31
430 20
378 30
322 22
437 29
224 31
58 32
96 2
354 2
50 7
145 6
202 12
134 23
316 18
467 12
147 25
374 24
68 4
409 21
353 29
497 20
360 11
315 19
380 28
169 29
250 1
114 31
396 7
1 11
8 8
354 6
480 32
82 12
183 18
288 27
187 17
314 10
43 32
500 6
499 16
54 29
332 3
51 27
117 16
290 32
223 27
278 22
74 3
453 28
52 1
346 2
377 3
135 11
490 7
44 29
6 17
441 6
467 19
416 27
246 5
58 24
200 31
374 25
397 14
233 21
418 10
390 30
89 1
416 14
11 23
270 28
259 2
205 25
53 1
11 22
325 13
470 4
107 27
149 12
20 17
8 22
310 21
83 6
421 27
180 27
161 29
299 24
159 23
348 19
475 3
212 28
131 21
175 25
375 27
296 23
407 3
332 5
200 30
318 12
116 29
403 9
446 29
196 24
407 15
370 10
105 17
181 31
114 3
176 20
382 27
234 8
126 21
356 21
183 22
296 10
22 6
426 11
454 17
126 21
368 11
242 16
428 2
59 1
480 6
232 1
56 30
1 29
234 20
357 4
85 17
418 27
406 31
277 24
316 7
220 15
101 9
6 12
86 12
272 13
149 32
278 17
321 22
89 14
337 30
174 18
302 31
380 3
433 16
66 12
114 5
282 7
449 24
94 22
203 30
99 20
221 16
260 25
357 16
298 13
145 23
466 26
61 9
153 18
57 22
445 14
207 23
236 7
14 6
41 16
47 31
419 31
70 6
11 18
378 28
470 2
131 28
320 7
484 24
388 28
245 21
62 7
59 29
310 24
478 10
491 4
44 10
494 21
291 24
390 4
164 3
394 6
146 1
336 2
388 4
21 4
408 6
287 2
379 24
241 4
149 31
84 8
492 9
156 23
433 1
302 20
403 31
389 1
259 4
30 22
299 30
482 30
484 4
23 6
215 23
421 27
346 16
406 29
433 29
471 25
105 13
312 31
319 4
259 10
479 32
427 14
42 24
187 1
27 10
90 21
176 14
455 21
70 16
210 22
272 4
70 8
304 25
87 27
284 5
200 2
485 2
243 2
238 26
254 20
491 7
209 2
56 23
39 17
375 8
478 18
279 19
226 27
131 32
205 6
8 24
380 8
85 22
221 18
51 10
438 17
168 14
59 4
160 9
52 10
48 26
384 26
280 21
260 23
272 8
28 23
423 3
475 24
29 7
329 7
21 14
324 32
115 10
115 31
330 23
12 1
400 3
54 27
355 14
293 10
481 13
109 20
227 31
263 7
129 19
38 21
61 5
41 27
94 23
301 31
25 1
151 28
59 24
307 26
221 7
243 26
271 3
457 2
285 23
456 6
13 21
266 9
205 14
100 6
313 28
72 17
64 2
113 31
130 3
92 30
221 26
403 28
389 3
341 29
429 4
290 2
493 28
366 17
213 13
199 13
69 26
214 4
196 10
458 21
448 25
26 20
87 9
11 15
287 11
351 4
499 13
361 7
48 14
39 16
247 13
137 3
211 26
150 2
379 8
82 14
360 7
197 18
35 16
272 26
410 11
93 8
115 1
102 30
382 5
125 8
229 9
294 23
314 16
196 4
255 13
221 22
236 18
412 2
329 7
295 26
9 23
350 7
191 15
488 5
443 17
404 4
77 22
314 27
345 18
434 27
490 15
64 17
128 23
347 32
362 13
45 14
28 26
197 26
197 24
494 27
500 10
14 1
447 24
467 3
189 24
241 6
110 12
255 5
131 9
44 32
93 29
213 24
334 1
190 30
445 15
373 32
432 22
372 22
65 26
20 21
294 20
135 23
268 17
140 2
341 31
93 13
123 13
257 17
66 22
190 6
480 6
157 28
448 5
493 8
70 9
469 15
476 23
266 27
343 1
492 31
291 28
319 26
93 15
222 22
372 23
371 8
325 31
467 24
407 19
487 1
323 27
339 23
57 20

