256
447 28
115 19
348 27
424 7
143 5
130 26
165 1
70 10
166 11
247 2
153 11
142 20
495 1
251 20
346 22
372 17
438 10
75 29
440 26
435 22
463 4
108 15
428 25
241 13
128 15
190 12
397 4
124 16
352 26
367 10
244 2
342 1
280 28
465 15
265 31
5 19
314 20
58 5
288 26
186 15
488 31
47 32
58 26
479 6
247 18
459 2
139 8
170 30
67 30
489 23
236 17
262 29
456 11
142 15
320 19
362 11
53 24
246 19
429 25
224 3
274 6
17 28
333 6
34 15
24 6
433 31
366 14
160 25
364 29
415 27
331 4
45 31
35 15
345 11
219 8
490 16
101 18
107 25
43 4
35 26
161 12
29 30
161 20
198 17
192 29
263 30
240 16
256 27
450 13
89 4
20 18
11 1
435 29
257 26
109 32
247 9
111 11
499 3
166 28
499 13
160 30
230 24
421 6
26 10
438 22
37 5
44 31
281 10
15 30
11 27
181 22
244 7
236 10
265 30
289 28
258 29
377 20
52 5
325 5
18 10
42 26
70 1
452 19
415 18
240 13
441 12
386 16
62 2
129 26
23 29
441 8
421 13
471 12
317 19
400 30
408 10
239 10
26 14
32 20
8 11
69 12
42 2
187 7
427 19
132 1
435 21
433 8
93 3
179 18
402 3
95 17
372 6
342 21
375 21
41 18
495 9
385 20
414 23
194 13
89 26
141 24
102 21
83 14
32 17
307 13
43 14
445 30
439 23
311 5
11 27
251 10
311 19
245 12
58 23
416 18
468 5
373 29
185 7
114 16
420 9
352 10
26 25
376 8
287 26
480 25
240 2
154 22
217 31
477 30
41 25
123 4
153 24
428 21
154 9
405 21
165 32
239 6
404 6
209 6
3 25
339 18
270 32
495 14
446 7
463 18
215 26
345 27
137 20
56 14
17 20
67 13
67 1
75 11
270 31
364 4
323 14
217 17
398 27
282 11
33 9
33 32
34 17
466 18
353 9
311 1
184 1
253 15
33 31
277 6
462 8
277 20
46 29
80 3
55 2
137 24
310 9
187 11
250 16
364 30
377 26
322 20
107 10
14 27
253 26
145 6
282 9
201 23
118 29
121 28
346 5
111 7
130 9
201 7
5 12
332 17
441 1
144 31
78 6
38 18
151 26
247 32
306 16
462 7
284 14
447 9
43 21
487 32
410 31
254 22
102 9
146 14
441 9
293 18
150 6
52 13
215 26
436 32
301 2
147 20
331 9
416 1
205 10
248 26
440 5
379 17
289 20
139 21
369 11
99 10
464 10
22 14
151 2
401 12
355 19
239 17
343 27
410 24
408 17
13 12
362 32
444 2
471 26
231 15
216 29
209 19
182 14
60 8
187 13
487 17
211 18
430 26
232 19
305 15
199 1
190 24
412 22
414 19
419 16
221 19
324 25
165 17
11 5
40 21
37 11
442 15
456 7
356 7
413 24
29 27
329 15
375 24
56 12
326 18
283 11
108 6
179 9
314 9
201 13
386 29
83 3
187 18
49 19
428 1
54 13
423 2
27 13
326 30
288 3
407 18
401 19
175 16
491 12
268 7
193 21
279 15
331 13
17 31
359 24
43 9
400 26
146 30
466 3
359 30
326 10
323 18
484 6
305 22
189 25
16 9
77 30
360 4
462 24
490 9
171 1
85 19
350 26
200 31
257 11
272 2
28 11
307 15
296 20
336 32
184 31
421 24
348 32
371 5
7 29
481 5
97 29
451 22
351 7
464 19
413 16
188 4
34 6
302 9
457 21
368 4
43 16
104 14
67 22
50 5
38 31
454 14
299 32
283 17
406 23
107 22
186 22
461 31
492 10
251 20
454 14
440 16
406 19
385 12
220 15
249 26
317 26
447 7
309 10
468 31
180 26
88 5
72 13
435 11
162 9
10 20
154 21
111 19
47 32
383 15
134 15
228 26
388 14
416 32
255 23
114 22
309 18
150 32
102 28
294 19
120 7
82 26
456 9
184 2
392 10
120 21
400 23
326 31
225 13
335 27
328 28
117 20
353 10
219 10
202 28
421 9
166 2
446 29
46 14
475 17
47 14
165 15
145 18
85 9
435 11
51 2
423 19
101 19
285 7
81 2
182 25
10 3
206 12
172 4
141 30
392 15
443 25
485 15
398 10
159 8
44 26
445 26
80 29
93 8
215 9
405 4
377 19
447 26
426 6
185 22
115 17
104 13
485 1
348 18
362 18
66 29
419 2
223 23
259 3
66 1
339 7
221 11
89 11
148 22
136 1
431 18
261 14
10 25
474 25
478 23
215 3
444 21
257 10
483 3
480 9
339 22
223 7
236 7
429 3
28 32
67 6
17 19
491 15
275 1
235 21
3 17
351 10
82 27
463 16
473 30
316 32
463 6
74 18
52 23
81 7
270 23
240 7
30 31
165 20
399 27
112 21
348 31
199 17
69 17
196 22
455 24
205 1
253 26
467 9
132 7
87 6
397 27
40 6
261 32
434 23
454 1
411 5
7 9
433 24
474 21
321 8
492 1
196 8
6 26
400 10
412 31
39 29
17 26
438 17
133 27
435 18
268 17
239 26
158 11
53 19
151 29
410 10
101 1
238 23
471 1
96 26
327 14
394 23
415 24
471 31
406 13
484 13
454 6
151 23
97 23
93 15
280 2
241 16
458 10
190 28
318 5
14 9
270 11
191 24
90 6
82 20
270 6
20 15
491 6
185 27
225 13
186 16
482 2
87 16
459 5
71 20
265 32
124 27
343 27
422 12
180 8
279 17
273 31
24 23
468 4
202 32
41 27
399 30
16 14
313 6
318 24
453 26
319 21
320 1
95 6
93 14
97 11
426 25
21 29
483 13
361 32
384 17
274 27
274 21
324 27
466 25
322 19
74 8
347 6
301 21
135 21
66 23
467 31
451 8
292 29
476 28
321 31
256 22
345 25
235 32
467 4
160 4
470 10
428 28
127 20
256 25
324 17
195 6
16 29
277 11
281 32
162 21
315 17
195 23
297 21
31 28
332 14
51 14
275 10
117 5
409 25
13 4
397 11
374 24
55 22
70 32
106 7
288 20
499 30
282 32
114 32
59 10
354 25
247 4
291 31
381 31
439 5
431 32
304 12
451 22
305 25
45 22
103 9
181 22
166 19
249 24
478 15
429 31
119 23
163 9
389 11
460 12
491 10
367 30
45 1
356 21
189 8
463 24
436 19
245 22
309 1
85 23
3 13
173 21
39 23
234 23
433 5
310 16
434 12
421 2
493 32
30 5
380 32
324 23
487 8
120 23
116 24
285 22
420 2
443 6
496 8
441 25
368 30
352 25
278 20
130 22
252 15
154 27
3 22
1 1
249 29
487 5
28 4
186 24
433 4
461 28
155 25
356 22
355 27
174 32
183 7
253 2
314 14
268 4
235 12
8 32
240 26
52 28
117 29
271 1
217 15
329 11
336 16
245 30
95 14
173 25
73 17
62 10
182 21
53 1
300 16
456 8
405 3
11 6
95 21
274 31
215 2
34 10
138 10
443 28
47 3
360 11
243 13
356 17
453 32
45 32
171 16
495 24
358 9
301 16
489 2
467 32
380 24
457 21
481 16
452 23
218 3
498 5
435 21
237 15
113 5
490 3
484 21
210 5
193 22
496 26
140 2
237 27
165 1
239 25
296 30
24 2
352 17
326 14
225 26
376 25
398 9
472 17
53 21
73 26
395 8
427 2
234 11
404 2
59 10
247 27
183 10
72 6
142 1
23 30
14 14
55 23
114 18
143 19
58 27
264 16
486 30
189 11
204 12
321 18
437 7
320 27
40 7
208 9
491 18
398 32
479 28
266 21
329 28
463 19
474 18
42 24
267 19
382 22
26 14
287 19
324 19
433 3
201 13
43 32
222 17
399 29
244 21
349 25
72 23
311 6
240 12
209 22
434 30
179 28
348 17
274 31
275 26
386 28
198 12
19 4
220 25
176 8
433 16
388 29
186 10
254 13
401 30
134 19
255 12
350 6
128 27
477 31
32 6
230 26
141 20
353 13
368 28
28 25
403 19
9 16
464 22
216 16
75 29
254 13
364 15
135 3
77 23
97 29
472 26
190 12
277 18
324 25
273 11
149 23
117 5
466 24
270 1
500 12
381 9
376 4
208 10
438 32
472 7
96 27
212 17
259 13
30 30
189 14
285 21
180 5
197 9
185 18
177 4
13 5
140 20
4 3
102 14
335 29
328 30
220 19
419 30
379 16
411 3
454 3
255 1
300 15
130 4
268 18
371 28
215 18
372 30
209 13
159 23
249 30
176 32
377 2
297 15
246 24
26 15
106 8
35 1
435 24
240 22
470 10
186 32
120 1
401 16
381 8
74 21
249 25
301 21
195 17
232 12
8 21
342 2
240 8
18 18
40 6
80 9
219 25
192 10
173 4
369 5
355 30
385 16
43 13
80 17
134 7
380 5
271 21
106 23
448 8
36 27
85 15
347 27
231 10
345 31
186 29
11 24
7 28
495 17
284 11
489 5
237 28
410 12
292 15
370 11
342 9
430 2
372 8
81 30
370 1
209 31
137 31
446 23
318 29
43 2
219 7
370 23
454 15

