256
270 8
320 4
343 29
123 27
202 23
488 6
204 15
500 22
252 14
393 1
253 20
374 22
461 23
210 16
280 10
189 22
353 4
309 15
228 27
469 9
105 25
22 4
163 10
109 22
39 25
163 7
356 20
449 5
270 10
232 6
35 16
303 4
131 19
286 18
245 27
342 29
415 7
8 25
384 24
343 7
468 5
65 27
244 9
491 2
374 18
119 5
345 1
148 19
383 25
36 31
39 29
179 5
240 26
30 19
5 12
249 32
80 6
498 7
178 25
40 32
414 14
164 11
430 11
437 32
447 1
142 22
201 24
290 32
209 23
267 1
394 11
36 17
180 26
500 30
226 31
113 27
401 32
453 26
438 2
346 12
214 23
221 30
11 27
58 31
33 16
284 19
42 31
251 10
56 26
431 9
493 3
124 5
22 8
222 11
317 23
46 10
110 23
296 28
129 5
190 1
380 25
439 13
496 22
142 15
143 28
36 7
318 27
27 31
86 9
1 11
371 31
284 12
165 27
99 5
135 1
157 18
465 24
435 16
489 20
363 27
204 22
118 13
260 12
64 17
96 20
451 19
462 15
298 6
17 5
270 8
241 15
17 29
374 23
17 18
83 11
344 26
480 13
10 15
309 17
435 12
137 26
74 22
472 28
76 16
472 5
343 4
123 16
268 24
366 12
209 16
366 21
85 21
365 15
435 25
167 2
281 3
107 2
105 2
77 20
269 28
376 8
111 11
175 31
346 28
366 11
340 32
459 20
428 31
370 23
200 1
436 28
43 18
333 27
323 26
30 3
161 6
406 20
108 32
354 17
472 27
211 7
302 25
86 14
196 28
296 15
344 27
374 30
476 6
237 30
171 6
92 20
375 10
307 26
281 24
139 4
82 5
266 12
222 4
317 21
159 28
311 26
194 12
91 1
445 15
170 16
297 29
299 31
462 9
357 15
116 3
346 17
47 28
284 4
315 20
36 29
415 26
326 4
85 12
480 22
95 1
145 15
262 7
265 3
399 5
317 14
319 3
414 14
126 26
337 28
1 9
116 28
70 13
375 7
60 3
36 18
355 32
248 32
474 13
191 20
485 19
89 24
373 30
21 18
51 21
141 4
81 4
319 31
48 29
157 8
399 32
465 2
223 25
369 4
225 3
271 21
270 23
364 10
360 16
492 11
93 8
166 1
240 12
175 27
28 3
246 7
226 27
180 32
423 8
495 23
163 25
59 32
475 23
73 3
158 4
449 10
48 26
127 23
449 9
73 12
336 19
254 13
233 25
9 31
37 15
5 11
472 31
130 22
189 18
132 27
470 4
300 1
45 14
303 1
79 7
173 2
249 30
474 5
415 26
487 23
189 23
1 16
258 10
457 10
387 29
496 16
20 8
372 29
73 6
409 11
105 9
416 5
211 26
186 29
75 12
279 27
367 19
126 24
112 15
421 22
23 5
354 10
64 21
458 32
103 3
491 7
3 22
411 17
499 20
41 2
120 31
40 2
97 6
461 12
452 25
58 30
1 7
219 8
339 13
404 21
247 18
499 25
151 6
314 22
209 22
427 24
25 18
313 5
335 17
181 10
6 18
463 6
352 14
422 18
62 21
483 8
70 1
408 12
94 9
73 31
279 23
130 19
169 15
275 31
419 7
493 8
396 15
282 15
340 27
289 21
231 7
60 20
103 28
223 13
244 32
351 2
498 32
176 30
478 11
373 13
257 5
320 9
171 1
103 15
7 23
263 9
13 31
240 4
494 27
16 29
110 26
111 15
401 18
477 7
88 9
275 13
213 6
201 31
399 11
97 1
46 16
346 30
386 5
25 7
399 16
467 24
257 1
319 2
215 19
388 14
495 26
498 7
107 14
293 5
353 18
466 26
453 15
307 14
247 24
420 18
223 22
357 16
167 15
341 9
321 24
34 27
241 16
373 15
81 6
56 21
259 25
182 23
183 5
104 25
24 23
426 2
260 19
429 2
309 1
158 2
348 32
148 8
75 29
287 11
390 10
440 24
214 13
62 8
313 17
28 12
39 10
434 18
88 30
428 28
483 29
229 22
480 25
418 10
249 20
61 22
397 20
137 30
324 26
209 17
214 4
176 16
189 9
253 8
323 20
228 5
117 32
486 12
36 23
2 12
458 10
273 6
265 13
167 28
310 7
76 15
111 8
478 23
212 31
131 22
410 2
42 2
165 20
326 25
282 3
336 20
240 5
297 8
369 28
443 23
338 15
53 12
474 3
451 5
113 1
423 18
438 20
252 2
343 1
154 17
107 30
68 14
450 28
201 18
179 23
348 25
365 13
168 26
283 6
227 15
50 25
120 7
316 19
293 19
151 2
487 21
287 6
454 32
269 22
406 24
1 25
20 17
357 19
407 19
9 9
237 30
485 1
397 12
79 13
162 6
338 32
486 13
53 28
64 6
297 29
325 29
426 12
366 26
382 24
125 22
108 13
448 32
69 24
95 32
236 9
81 17
256 30
401 13
209 9
334 10
285 14
154 26
1 19
196 22
290 32
124 9
32 31
340 25
470 19
452 25
43 28
481 2
449 6
458 18
198 31
15 18
300 32
396 4
187 31
386 28
262 5
77 9
283 12
245 24
54 24
308 24
79 24
246 12
21 7
37 10
346 23
404 17
70 7
149 8
241 14
436 2
246 8
146 20
131 11
131 17
438 26
280 21
429 1
396 14
80 28
371 13
38 18
273 7
424 17
215 28
10 18
369 15
365 7
486 11
405 12
31 18
257 3
210 22
39 5
487 10
92 25
394 17
483 19
88 2
291 6
274 1
155 26
407 15
156 17
365 16
360 20
106 1
410 7
154 24
124 24
418 11
348 23
196 26
181 19
440 12
436 25
476 14
206 26
460 18
478 20
125 6
423 2
306 28
397 27
132 20
450 21
86 1
63 25
331 20
63 22
419 2
334 10
439 31
479 10
104 13
426 17
146 4
310 23
384 26
113 19
225 2
267 11
62 17
443 28
424 14
13 2
355 30
87 30
237 14
395 12
226 4
420 11
20 14
25 7
435 17
269 20
402 31
174 19
363 32
207 19
473 31
332 28
417 31
325 25
188 31
492 5
391 32
135 10
493 15
312 19
499 8
438 16
114 3
214 20
79 16
466 15
343 26
230 11
420 2
411 3
477 6
223 3
17 21
128 17
219 27
288 1
18 9
468 7
40 17
310 14
305 32
20 15
129 6
405 16
359 27
358 7
272 24
53 5
288 20
149 14
118 24
222 15
217 29
469 12
73 15
225 13
110 20
375 6
197 19
137 32
297 6
390 13
425 15
61 8
474 5
69 16
349 2
430 29
182 19
172 10
233 32
131 14
491 17
431 12
488 7
243 16
264 16
204 8
278 12
251 32
325 3
47 13
312 12
89 1
78 16
98 30
7 32
3 1
437 29
36 20
203 22
59 14
114 31
5 3
230 3
494 26
277 16
430 8
368 14
284 25
481 18
107 11
461 1
188 1
246 23
172 32
353 23
118 18
197 2
208 30
81 22
184 9
93 29
149 32
335 24
405 7
313 15
6 26
323 29
226 12
267 14
220 31
332 25
288 24
310 4
157 30
49 12
451 29
157 23
101 19
382 21
9 23
219 10
24 17
58 9
313 25
498 8
147 25
220 7
60 25
282 5
123 2
260 29
322 24
375 26
258 32
482 3
302 16
132 5
445 18
426 29
366 3
140 32
104 3
298 11
239 15
231 17
112 31
137 14
258 31
59 32
267 21
486 20
444 13
97 4
158 6
496 7
296 3
239 3
345 12
62 32
467 28
148 10
486 29
363 16
147 30
463 25
166 16
37 21
268 5
201 26
358 24
4 17
183 6
404 31
278 1
314 12
460 14
321 22
450 12
41 4
309 19
361 26
154 9
434 29
233 6
402 22
182 22
242 24
147 25
242 12
461 20
19 21
221 12
218 10
227 14
265 31
112 9
360 1
225 5
241 29
279 19
398 8
48 24
175 2
488 20
470 9
27 4
73 7
31 6
268 5
399 29
291 18
361 26
478 22
295 14
394 9
212 4
236 7
135 14
305 10
381 22
422 8
465 14
154 8
135 30
104 5
306 15
246 30
396 7
455 6
293 5
466 20
344 29
115 2
314 3
451 11
396 29
102 16
218 31
207 29
380 3
237 21
57 23
55 24
57 5
346 17
61 11
57 16
216 31
85 17
293 28
75 24
260 12
251 1
135 30
329 6
472 30
403 16
400 13
35 16
169 4
157 26
395 5
337 22
235 26
490 3
309 1
418 12
92 32
396 22
181 9
92 28
494 22
383 25
302 18
348 18
149 8
403 3
68 20
4 14
217 30
180 1
58 9
296 9
469 23
227 5
267 26
153 4
163 11
4 16
156 4
137 17
59 12
199 23
483 11
428 11
48 20
75 5
408 22
457 4
412 11
377 11
352 9
142 18
267 10
181 15
201 2
79 23
209 17
385 11
183 17
241 2
124 31
390 31
36 19
259 31
233 11
477 1
367 23
302 5
116 19
259 12
152 17
426 32
318 15
50 28
327 30
286 2
308 3
184 15
225 2
141 18
280 22
98 30
88 3
483 11
233 21
222 8
430 23
243 7
457 16
450 3
137 31
84 8
114 4

