256
235 6
167 30
78 5
378 4
356 9
262 2
447 23
438 2
434 4
308 9
400 23
233 16
304 11
260 32
31 18
171 17
164 2
90 9
278 31
392 13
16 2
354 18
76 12
415 2
155 14
366 22
200 14
205 7
192 32
250 30
102 21
190 9
462 27
209 27
98 28
223 1
457 21
426 21
72 4
42 14
266 31
131 21
4 7
320 3
151 1
269 24
193 14
72 10
441 16
244 2
231 11
2 8
247 19
220 30
118 17
247 7
19 13
52 26
415 23
420 25
143 28
372 12
350 15
341 18
222 25
31 9
255 20
492 1
310 11
22 27
323 8
162 9
200 29
418 6
287 29
383 9
229 14
116 2
49 9
71 26
245 5
426 3
484 17
203 29
479 32
219 21
195 24
197 26
296 30
359 6
303 29
363 19
347 2
460 7
286 6
16 10
482 2
380 1
210 14
109 13
157 19
193 19
263 30
96 30
355 11
344 21
195 18
187 17
35 26
287 29
379 23
54 8
96 18
28 9
367 4
197 12
19 22
226 1
483 10
190 13
128 1
346 26
90 8
215 5
382 1
149 32
155 6
176 14
339 15
111 22
43 11
81 9
400 30
193 18
331 6
423 26
119 32
484 24
151 30
36 8
50 28
496 21
90 15
10 24
77 24
485 15
279 13
383 2
75 31
264 17
309 18
419 11
305 30
338 23
451 30
191 24
261 6
408 26
60 14
482 16
389 30
459 7
383 21
49 21
268 28
417 24
201 15
206 29
88 3
163 6
268 17
390 25
242 9
434 9
418 3
141 27
233 23
325 11
291 9
127 30
36 3
485 16
230 22
92 29
85 31
207 24
311 32
436 5
448 2
57 30
136 5
24 4
499 24
334 6
221 12
347 4
355 24
344 32
373 31
104 5
393 30
13 12
109 12
312 5
317 28
126 17
269 25
172 27
348 2
408 16
169 3
176 27
290 7
310 6
157 22
323 2
75 7
309 16
282 28
444 31
339 21
255 23
217 2
226 28
135 17
484 16
239 31
178 12
381 4
394 9
401 28
290 11
50 22
10 19
69 13
281 8
21 31
218 13
165 15
5 3
280 20
102 18
498 28
250 22
119 15
118 23
358 8
345 11
209 27
89 14
11 14
389 8
108 18
472 12
253 28
71 32
315 32
401 32
7 14
393 25
292 19
495 5
474 16
55 22
250 12
311 16
217 23
143 4
157 11
448 9
442 30
292 21
393 24
272 24
342 9
376 1
379 31
134 20
414 20
33 23
35 12
126 23
246 29
427 10
87 10
14 12
243 25
136 3
497 20
238 22
424 10
26 22
336 27
153 21
51 17
115 13
84 16
40 30
360 30
435 18
43 25
326 13
105 29
123 1
72 9
142 11
326 12
500 25
30 8
113 20
393 23
369 20
170 4
157 18
77 24
179 7
244 32
107 32
169 1
301 12
441 22
439 26
313 22
278 7
294 30
274 22
320 26
161 26
253 26
223 29
113 13
151 32
405 21
55 9
338 31
16 30
1 10
248 21
96 9
7 29
119 21
426 26
126 26
279 11
107 29
59 3
254 10
278 22
318 1
434 19
39 17
137 19
459 8
204 26
260 2
294 22
194 7
20 4
156 2
50 19
151 20
185 8
317 23
265 27
295 26
141 21
350 29
224 4
12 15
361 20
340 18
353 6
76 24
57 24
22 22
198 24
213 30
279 6
196 27
368 10
92 12
27 29
137 6
249 12
232 29
123 3
467 8
308 6
347 16
125 24
173 6
243 14
408 13
119 23
415 18
149 26
345 31
447 5
128 23
333 23
155 15
133 1
282 1
367 21
8 3
200 21
17 27
418 12
167 20
230 14
225 2
439 1
404 29
254 3
431 22
93 6
244 18
410 26
370 12
6 1
471 25
261 23
203 22
262 26
417 3
303 13
221 13
62 4
126 19
359 28
104 31
345 11
380 7
224 1
234 17
330 32
490 22
42 28
120 23
61 20
146 27
381 30
104 14
341 17
460 7
488 7
354 13
261 21
439 21
334 4
417 23
228 14
104 25
98 23
424 30
463 9
373 11
286 32
136 6
408 23
29 27
9 18
79 13
466 25
457 27
393 6
165 32
279 29
240 28
195 7
386 29
83 18
351 20
85 30
198 32
284 6
238 16
311 1
413 28
37 29
131 21
94 7
252 21
267 12
100 22
6 9
470 1
446 25
12 10
10 13
225 10
138 3
437 8
483 21
280 27
422 26
152 19
408 3
239 3
246 23
136 32
379 9
44 25
129 19
58 23
468 11
284 17
449 24
257 15
273 28
153 30
149 24
208 20
207 23
230 8
489 13
55 11
174 6
395 22
357 5
440 24
439 11
280 27
147 32
21 15
275 17
112 15
329 27
479 3
469 24
338 29
277 17
28 26
194 10
103 14
226 27
225 28
469 13
402 7
392 30
33 7
447 32
89 23
167 23
161 11
331 2
296 19
94 15
408 8
244 26
189 6
256 26
485 25
270 23
43 17
160 20
179 2
423 12
84 13
38 16
76 16
446 31
326 3
45 13
326 4
447 31
109 26
132 10
130 29
332 17
413 19
100 4
301 22
211 12
463 16
332 26
320 13
260 1
315 4
82 25
295 20
211 16
285 14
201 31
94 24
439 22
226 18
449 30
263 7
114 9
111 5
466 22
73 25
426 31
232 3
231 3
90 13
282 3
282 10
289 3
217 15
233 10
320 17
172 6
44 17
363 14
433 16
287 5
405 24
243 4
423 26
14 16
266 23
386 32
480 18
126 32
456 26
342 31
243 17
61 2
1 19
291 21
102 17
289 10
140 27
346 2
208 19
426 26
210 3
373 9
189 26
89 20
60 18
123 30
294 23
439 2
309 13
430 10
9 14
120 4
100 1
414 28
27 23
133 28
205 13
129 13
206 13
241 25
498 19
418 31
249 20
436 17
288 21
318 28
434 13
148 9
253 5
44 32
455 24
367 19
32 31
404 10
63 32
354 8
358 24
202 26
479 5
14 11
205 3
266 26
120 5
375 28
177 6
151 3
446 22
290 1
216 21
418 31
188 12
42 5
247 12
354 13
84 7
195 9
401 29
278 24
225 4
392 10
274 14
384 7
115 1
399 23
69 17
313 8
292 26
356 30
449 9
114 21
279 1
173 24
473 30
51 29
306 2
302 11
188 18
149 18
414 23
336 7
67 28
442 2
354 26
247 26
358 9
186 17
373 10
316 5
160 22
245 9
160 7
43 7
436 3
352 9
89 32
183 32
187 29
365 16
422 32
194 23
176 23
267 16
89 14
96 8
300 20
64 27
238 2
9 17
500 24
374 28
251 8
447 18
32 28
329 25
275 10
436 2
253 22
201 1
136 4
440 7
487 23
449 17
164 1
249 27
20 26
454 15
30 17
60 5
64 32
366 6
262 13
139 10
354 23
206 5
338 17
127 16
351 11
400 30
235 1
28 3
474 13
377 27
233 16
416 8
175 29
485 24
433 19
449 10
17 10
127 2
150 25
178 32
32 17
365 14
429 20
20 11
77 32
405 29
183 4
457 30
304 17
145 8
120 22
226 12
451 32
490 25
308 31
304 27
447 21
105 32
264 24
130 8
224 14
1 6
58 9
467 17
101 24
449 28
409 10
356 11
377 21
163 32
215 27
375 1
339 3
240 22
306 9
294 17
255 2
139 8
102 25
24 2
68 16
274 28
349 5
187 1
177 9
113 11
167 27
255 17
169 11
459 22
363 4
207 9
45 29
280 14
301 8
199 5
479 12
196 16
304 6
404 8
435 16
74 17
206 29
458 6
175 8
52 25
167 2
358 15
454 17
60 18
144 10
326 15
434 22
302 5
107 13
421 9
425 30
494 6
26 27
60 32
218 7
441 12
72 26
298 5
138 21
482 2
318 12
256 19
329 13
340 27
465 4
328 21
457 29
223 27
123 6
34 24
96 18
427 19
123 28
43 21
284 12
394 13
331 5
204 23
205 23
298 9
6 21
410 26
297 24
296 7
117 14
462 8
155 32
378 10
315 16
242 10
295 19
50 18
283 21
136 7
499 25
359 4
409 12
318 29
455 17
475 31
294 32
134 29
27 31
78 25
134 3
142 9
305 24
406 11
148 1
277 23
326 31
2 6
459 23
291 13
284 5
336 5
405 17
25 3
36 6
124 29
124 29
301 28
308 30
218 32
451 22
454 24
333 15
213 31
126 31
55 13
472 22
485 8
63 18
306 22
315 5
470 31
46 23
70 21
180 32
12 18
133 9
461 9
272 6
107 29
380 18
157 7
255 25
78 13
2 24
118 1
16 20
311 29
62 24
118 29
19 5
427 12
298 23
468 5
264 27
169 32
440 9
198 18
465 20
363 11
11 32
339 6
271 9
439 28
380 20
425 23
388 7
402 5
441 21
457 25
147 9
200 26
301 29
132 18
376 10
436 26
177 6
264 28
274 2
131 13
109 15
403 12
109 4
385 18
25 25
254 7
170 1
257 18
405 12
439 13
85 30
166 29
351 5
208 16
482 15
129 26
245 31
290 18
335 22
255 27
70 12
381 15
16 1
413 8
228 3
200 32
429 26
425 3
498 20
255 4
322 15
273 31
265 2
124 15

