256
227 25
477 20
380 15
272 1
197 16
40 26
261 11
459 22
179 20
37 10
440 30
283 19
439 18
123 20
70 6
450 16
107 6
71 2
12 15
14 28
346 13
37 18
323 31
455 1
26 23
94 5
308 4
203 22
54 17
337 23
431 30
122 21
63 9
374 22
387 24
133 20
144 5
41 27
15 11
171 20
337 5
356 21
344 14
242 29
235 19
223 21
68 25
405 19
389 30
204 23
17 25
210 25
209 14
479 32
96 13
115 24
117 11
428 25
380 22
61 22
452 8
334 23
480 18
149 32
16 17
346 4
393 31
44 5
156 14
176 3
23 23
386 11
113 6
155 24
187 24
162 2
351 23
156 30
233 1
49 24
361 18
131 25
448 23
205 27
196 1
57 30
375 22
413 23
459 11
182 21
134 27
282 32
338 14
165 26
446 25
169 30
106 11
410 25
325 18
359 5
198 15
442 8
61 10
410 31
125 12
16 22
434 9
94 23
438 18
192 3
323 32
40 20
11 21
185 11
267 31
59 24
310 17
388 18
58 29
240 14
240 3
144 14
256 25
148 1
198 20
428 20
403 3
152 29
120 20
452 30
378 22
349 31
362 20
260 32
385 32
157 24
458 16
1 13
92 9
258 18
192 17
13 14
355 12
211 10
351 18
211 17
375 28
119 13
147 31
212 31
82 24
7 31
20 27
104 15
7 25
104 30
101 5
496 27
484 22
133 15
71 11
415 13
254 13
33 21
263 4
135 8
464 9
235 3
352 18
149 6
402 17
260 18
73 15
160 4
312 16
390 10
135 16
178 32
189 15
140 7
158 7
147 13
267 21
307 18
70 32
180 15
60 27
324 4
193 11
187 12
127 25
237 21
232 10
352 4
476 8
75 10
470 25
106 28
453 5
58 18
220 5
344 19
27 31
410 7
353 28
426 3
376 6
443 28
427 11
231 7
138 9
240 31
377 5
46 13
109 7
202 12
191 29
458 9
415 19
139 4
167 32
98 2
429 29
353 20
187 28
462 24
92 9
134 5
397 15
149 22
134 15
185 32
247 31
245 6
361 23
133 31
299 14
125 27
474 29
434 16
264 7
335 28
447 28
28 28
499 16
201 32
230 17
159 9
379 7
194 32
138 22
470 20
407 30
366 13
423 28
392 18
46 3
97 17
46 12
40 8
4 28
379 25
124 6
265 27
144 14
94 9
135 23
420 6
361 10
274 15
437 13
24 6
243 13
30 13
96 1
36 19
308 27
388 8
156 12
286 11
314 27
284 28
497 15
341 5
340 18
343 28
483 19
314 13
487 23
69 22
412 13
33 19
223 20
2 6
275 27
380 24
369 3
388 6
218 20
74 9
46 29
389 4
283 6
308 13
396 9
202 19
333 10
378 27
357 31
136 28
370 15
219 14
30 6
455 3
38 29
7 31
297 15
314 7
448 17
199 16
349 20
2 13
486 7
439 26
462 6
325 31
89 8
272 6
353 31
68 6
459 18
324 19
321 5
185 20
462 11
315 14
134 5
47 27
399 1
313 16
59 9
394 27
32 26
468 29
244 7
274 18
460 6
308 24
438 28
104 31
226 14
265 3
438 7
478 29
295 18
400 13
278 26
55 10
311 6
46 10
408 7
107 4
472 30
203 22
257 6
12 30
428 32
192 5
438 29
405 13
162 13
289 8
302 32
453 24
217 22
17 17
372 27
48 8
240 14
105 16
260 16
181 7
244 12
255 21
245 12
117 22
168 26
197 29
101 13
80 29
350 20
145 30
422 32
65 5
294 1
360 1
136 32
91 31
115 17
264 19
356 20
117 19
137 5
491 5
166 2
406 19
369 14
236 2
94 20
154 27
172 25
439 4
256 1
390 3
373 21
433 13
385 29
103 21
214 14
462 19
15 27
245 4
268 21
377 21
484 11
99 28
395 9
315 27
417 32
225 26
61 17
222 29
58 4
169 15
269 10
353 32
200 5
371 12
429 7
32 1
277 15
272 20
371 26
26 32
493 10
281 13
110 30
201 7
177 26
493 18
203 21
81 7
442 19
74 18
197 17
486 10
87 13
349 22
46 10
97 31
327 13
443 12
230 20
159 10
217 7
203 15
496 11
25 21
233 6
10 22
55 24
107 21
456 27
450 10
180 30
392 22
126 18
497 19
181 19
465 17
158 23
372 21
450 20
145 30
346 14
315 16
353 17
392 9
79 14
310 14
443 25
319 21
238 4
127 15
174 3
19 15
110 30
187 27
138 11
296 11
337 11
234 29
235 29
349 6
22 22
423 21
62 22
385 24
409 15
70 14
454 4
117 11
182 31
325 19
486 28
5 2
82 22
362 1
418 3
482 28
220 24
256 6
349 24
433 5
2 2
43 23
293 15
221 6
313 5
496 22
17 20
471 6
293 21
266 27
247 11
2 14
355 5
99 15
396 15
312 1
236 6
56 21
364 24
206 32
321 18
474 29
405 12
286 14
480 8
260 22
2 29
44 20
17 22
411 28
377 22
12 20
279 19
492 14
343 2
317 7
251 2
203 23
290 4
56 13
243 11
347 29
75 6
452 7
235 18
206 31
435 30
75 1
136 26
206 26
115 27
344 13
16 2
224 9
386 7
426 16
446 24
224 24
217 28
315 23
37 32
266 20
89 8
388 13
257 2
54 28
468 6
292 23
295 11
140 12
146 21
12 3
40 7
462 8
410 24
58 15
500 19
122 20
14 21
164 27
306 6
346 17
319 29
460 17
4 7
497 25
367 24
443 6
94 20
161 32
384 10
302 3
393 15
322 22
487 22
380 25
407 5
269 5
214 16
41 9
30 17
69 16
396 27
301 6
266 1
493 25
235 18
383 7
272 17
384 2
42 12
50 32
340 3
376 17
398 24
473 8
453 25
323 16
255 12
189 1
140 25
21 22
178 20
352 9
460 24
207 9
351 4
152 18
278 11
447 24
442 27
455 10
16 21
446 6
456 14
142 12
167 31
321 16
270 29
145 21
112 3
81 22
162 4
355 12
110 9
319 15
276 1
149 23
253 18
412 21
79 2
8 5
272 32
293 17
204 13
121 15
343 1
480 20
136 11
147 17
339 1
499 22
237 23
256 22
444 8
402 7
277 9
323 8
440 31
440 4
107 28
310 25
464 22
157 31
476 11
399 18
268 13
280 12
248 19
197 11
406 10
417 2
210 28
81 26
58 32
145 5
431 14
465 22
95 9
48 2
424 2
236 31
195 27
46 18
253 11
336 7
44 13
192 6
344 17
107 1
144 27
65 11
260 2
24 11
2 20
128 29
369 31
115 3
81 5
208 6
107 16
344 2
148 19
459 3
159 5
243 19
371 8
433 7
41 28
337 18
379 28
467 4
31 9
14 19
445 26
444 27
265 3
405 4
174 3
254 24
132 8
338 6
7 6
132 23
226 28
441 16
136 23
55 18
43 25
128 12
290 28
242 26
62 2
317 19
213 2
271 12
417 20
345 24
230 29
174 27
500 22
262 15
76 29
4 11
237 4
458 6
407 27
431 28
197 27
407 1
168 25
104 4
136 28
211 5
480 9
23 16
54 9
466 10
453 30
248 25
453 9
66 31
107 28
30 31
446 8
415 17
464 10
400 12
170 15
168 29
199 15
128 20
475 10
381 27
415 16
319 7
36 16
429 27
231 30
149 32
246 24
140 5
433 3
160 6
1 32
103 7
370 14
303 4
27 23
122 29
15 16
11 30
175 7
396 9
249 17
284 10
460 23
54 8
313 30
198 10
245 16
364 10
381 10
457 20
53 10
200 7
221 19
320 23
353 28
355 29
464 6
446 19
412 20
18 20
417 7
389 13
14 13
274 19
122 2
154 22
363 21
444 3
267 32
181 32
331 23
72 6
172 2
68 23
369 17
158 5
300 7
445 13
3 6
59 8
151 4
2 17
269 25
447 31
60 11
6 18
13 26
35 28
447 14
470 15
39 27
451 22
377 3
354 19
316 1
207 14
328 24
330 28
4 16
483 8
254 24
157 26
65 16
153 11
497 6
177 27
100 11
428 1
225 18
207 20
398 13
357 21
472 30
173 20
165 11
391 6
142 19
387 19
90 19
421 31
364 22
177 24
428 9
292 13
238 10
44 11
263 1
211 26
142 15
209 11
389 7
76 27
350 15
441 27
205 9
229 25
310 18
384 30
362 7
242 19
24 9
233 6
241 27
372 7
178 12
189 2
383 32
448 12
282 8
374 15
249 31
259 14
360 22
499 9
168 20
171 11
229 23
181 5
197 16
203 26
483 27
144 13
359 23
300 8
479 30
478 15
128 28
488 11
229 7
411 12
78 13
291 22
335 7
127 19
374 5
109 16
72 8
277 26
194 20
421 28
101 23
102 12
338 6
418 3
280 8
166 5
260 4
367 22
482 21
477 31
25 21
415 24
40 11
229 25
118 18
257 15
252 30
150 25
151 16
359 14
99 9
491 11
36 13
304 22
53 8
224 25
68 2
25 23
32 1
192 10
106 4
72 25
361 17
150 4
492 12
145 23
236 3
301 32
343 32
141 15
88 8
324 3
206 24
466 21
304 9
90 10
308 21
118 12
438 19
31 5
127 32
223 18
162 27
485 17
479 5
251 2

