256
2 30
189 15
309 11
153 25
249 20
384 14
9 1
485 16
250 32
63 5
318 13
377 26
309 26
61 28
222 1
272 7
322 12
266 31
351 6
199 11
81 6
492 21
31 4
148 32
184 19
404 9
483 20
322 16
77 10
383 27
175 30
225 8
318 22
478 32
112 28
470 20
110 2
485 8
141 12
271 8
46 10
176 29
157 18
172 10
231 22
236 5
411 4
105 28
302 18
99 21
110 5
308 15
382 16
210 10
128 28
346 25
5 1
405 1
370 32
246 13
333 13
209 8
293 29
175 10
99 30
210 28
342 5
278 7
13 31
96 16
318 1
16 30
166 29
186 19
200 8
339 17
116 16
128 4
416 26
205 26
427 10
73 24
283 30
194 3
188 14
286 21
434 25
30 15
425 16
190 17
499 32
361 10
279 24
374 27
493 26
208 8
344 9
391 18
482 29
272 2
78 5
26 23
413 8
166 18
123 7
314 13
234 2
86 21
13 3
59 9
389 2
276 32
250 15
209 16
455 4
253 20
92 6
246 4
37 15
341 3
117 22
131 27
31 5
215 15
175 29
400 3
242 7
498 8
45 18
427 31
389 7
234 28
160 28
336 25
94 20
207 31
34 10
413 32
406 7
459 20
251 6
347 32
236 24
187 1
402 29
483 30
143 17
474 15
48 25
203 21
188 1
203 21
450 11
489 23
241 3
287 19
156 1
187 19
328 25
375 1
486 18
371 24
74 24
134 13
4 12
465 27
449 20
116 22
282 4
105 15
402 23
217 13
375 19
151 14
128 18
283 1
235 13
296 4
348 30
132 19
469 16
245 21
263 28
167 1
315 23
123 4
13 15
476 3
446 15
440 13
4 30
389 2
226 4
397 13
465 20
127 10
475 12
202 6
83 8
486 6
490 20
465 10
298 25
240 3
419 28
19 6
105 27
363 3
443 11
107 31
138 14
44 32
457 6
201 31
317 10
288 11
293 13
160 31
45 32
37 11
283 16
236 19
314 22
69 8
208 4
219 29
113 14
308 9
359 1
311 32
46 11
334 7
55 29
133 27
244 5
413 22
76 20
117 30
245 29
349 8
64 11
148 16
181 31
448 11
315 31
66 9
61 19
403 31
244 19
65 11
55 29
217 11
476 9
224 24
221 12
23 5
343 2
312 15
328 12
265 31
370 3
207 18
81 21
396 4
495 8
15 29
288 15
383 19
267 14
334 27
234 8
271 16
229 19
302 8
194 22
402 7
248 12
344 13
216 7
4 6
50 30
463 17
452 9
99 2
7 12
205 16
491 27
19 27
261 28
126 10
237 8
368 9
135 7
17 19
449 4
116 26
242 26
186 13
127 12
411 25
419 11
76 9
441 6
479 18
117 5
7 17
484 11
41 30
85 13
24 30
429 8
383 18
69 1
214 3
204 12
31 3
90 2
383 27
403 14
84 7
318 6
76 29
464 16
270 1
25 10
434 13
285 20
326 17
236 27
252 32
163 14
62 28
444 12
134 22
157 1
69 10
307 20
274 22
111 32
170 31
189 19
439 25
271 8
177 26
303 28
297 9
414 26
420 25
154 26
54 30
122 10
136 32
117 13
50 32
304 11
214 20
26 9
168 4
268 21
5 18
476 22
90 25
11 30
97 20
415 31
178 16
124 25
168 5
73 5
320 17
139 1
424 12
37 16
163 25
140 12
78 19
469 4
208 15
177 28
347 23
158 20
330 2
188 21
226 16
65 9
192 8
429 4
71 18
411 2
474 22
253 19
368 13
218 19
403 22
435 29
40 8
476 18
77 27
218 14
127 31
50 10
338 31
137 24
148 31
493 25
448 5
23 28
317 1
94 12
338 28
172 2
472 24
99 12
162 24
202 28
450 15
310 27
433 18
47 28
345 11
52 4
136 31
459 32
167 13
375 20
432 19
85 11
194 7
303 27
203 16
347 20
458 28
291 11
305 1
322 29
79 26
441 26
300 31
18 22
155 4
25 19
438 30
341 31
496 19
190 2
350 16
202 32
247 4
402 23
32 15
52 14
448 20
176 31
94 1
268 29
436 29
187 26
106 11
208 29
374 17
151 31
488 20
86 10
195 7
137 26
62 20
187 29
31 14
460 24
406 15
224 18
371 2
67 4
141 2
429 10
375 31
440 18
134 6
448 8
364 28
257 1
271 7
286 21
9 25
276 2
323 32
107 18
261 29
21 13
151 21
266 17
83 30
238 4
435 29
247 14
268 11
223 6
2 12
42 6
252 6
127 10
169 26
119 5
110 16
34 20
144 7
136 23
208 6
146 6
262 5
440 26
451 2
271 32
21 25
165 16
482 12
197 2
377 20
282 26
11 23
98 6
466 17
84 1
310 22
315 24
326 26
305 8
267 15
432 7
91 12
410 4
387 14
425 27
125 11
249 3
373 2
493 30
282 4
11 8
9 5
367 18
78 15
314 24
301 1
130 4
340 19
167 3
348 12
489 1
2 17
311 22
286 11
212 4
83 18
11 7
398 9
129 19
251 18
170 19
186 7
294 29
393 29
103 24
404 28
64 29
32 27
130 30
29 5
237 19
414 11
406 11
475 18
489 9
327 6
127 20
12 17
240 4
381 15
144 20
138 19
392 21
433 1
190 18
214 18
276 27
376 29
494 14
66 2
278 16
344 17
107 19
325 19
111 13
393 18
192 10
312 15
402 17
307 16
58 20
73 5
203 29
366 20
2 15
29 32
27 28
184 1
227 16
331 5
416 19
442 27
456 25
393 26
349 23
153 10
423 9
91 25
25 16
320 15
90 32
158 28
72 29
101 10
200 15
338 7
358 3
73 29
383 9
22 4
15 30
341 9
103 27
265 11
90 12
5 8
136 6
147 7
354 31
356 13
382 29
167 15
323 19
403 25
407 1
140 26
302 9
62 4
115 3
235 13
262 7
88 25
105 22
103 14
333 14
363 2
2 13
304 8
472 26
381 26
334 28
151 24
204 21
243 7
391 9
375 4
420 6
401 28
47 27
333 15
165 3
444 18
76 31
490 15
157 26
276 18
93 27
329 25
343 4
467 5
252 17
88 27
154 4
46 16
195 31
283 7
425 14
376 16
325 17
250 5
438 6
322 31
8 31
327 14
74 21
286 13
485 25
496 26
65 29
41 27
123 7
469 28
401 24
251 1
61 9
57 18
230 26
380 13
28 6
290 25
202 11
278 30
151 13
27 31
17 32
29 4
94 25
39 26
45 9
70 25
493 30
306 30
208 26
310 15
243 3
40 25
377 13
482 16
441 13
446 1
280 7
448 17
323 2
367 15
479 4
175 27
266 17
45 25
166 2
59 8
157 14
56 17
266 22
412 18
250 14
15 13
184 22
253 18
152 7
77 2
111 7
304 12
231 20
200 32
406 10
360 26
60 7
446 17
8 10
383 29
419 21
489 10
358 6
311 1
64 27
342 22
342 30
49 24
345 4
24 6
62 31
15 5
1 9
149 1
170 23
117 8
427 6
393 21
199 11
497 22
294 23
436 7
336 12
58 4
288 21
134 29
315 8
321 24
108 21
176 1
352 20
68 22
101 24
414 3
15 31
61 8
101 4
294 8
183 11
319 30
136 20
170 18
100 26
469 11
163 32
188 26
140 19
291 12
67 25
391 13
319 7
240 11
150 1
58 24
439 28
154 10
180 15
228 11
165 4
337 23
192 32
192 23
131 30
422 29
390 16
129 12
466 28
478 31
104 7
299 6
115 12
468 18
126 11
424 2
242 16
320 17
136 7
115 2
345 9
166 26
52 6
294 14
365 27
484 28
10 2
213 4
233 16
121 7
226 16
352 8
155 32
252 14
34 31
259 10
107 12
316 30
69 9
27 17
83 23
104 4
144 13
419 5
348 27
439 22
82 18
393 9
313 20
230 23
214 5
428 24
264 3
182 1
203 32
469 14
70 29
229 14
241 24
442 4
38 28
13 28
21 21
412 30
105 25
384 26
129 19
490 13
406 7
429 32
82 29
97 28
321 30
217 1
177 26
1 6
241 29
37 1
122 4
446 26
441 17
395 25
492 4
165 25
258 17
208 16
342 5
343 6
482 19
427 22
420 11
75 32
291 28
272 24
411 30
341 27
398 4
124 17
471 24
489 17
233 1
68 22
353 10
439 6
320 1
195 7
143 21
102 18
232 5
49 15
294 26
49 16
477 28
284 3
460 9
27 28
173 18
117 13
207 11
62 22
272 12
468 22
228 1
199 16
146 16
158 7
489 6
334 5
378 22
263 21
446 26
380 6
87 32
346 6
402 3
171 21
366 23
439 13
411 17
256 28
88 25
347 8
471 24
244 32
353 19
36 10
500 3
267 22
262 32
379 11
370 22
40 15
392 10
32 2
318 23
358 26
404 32
37 14
439 13
425 4
491 32
441 10
226 28
427 3
23 26
353 29
411 12
331 26
221 6
103 15
205 24
148 12
219 8
185 14
168 5
301 18
68 29
351 5
4 26
483 19
139 19
271 1
79 25
350 19
167 20
41 27
116 8
330 2
76 30
491 3
122 31
105 5
88 15
185 19
436 15
117 26
205 19
474 31
340 19
434 10
127 18
376 18
366 9
75 9
218 2
387 7
60 31
231 27

