256
267 14
124 28
352 27
241 22
281 30
486 18
393 24
462 6
136 10
58 11
382 32
347 2
248 19
400 4
29 10
172 7
123 15
179 27
73 3
72 10
113 17
207 21
432 24
87 31
337 24
22 31
27 28
316 22
459 11
430 27
441 21
485 11
247 3
389 12
434 20
25 6
368 15
254 12
251 20
70 7
336 19
9 2
459 5
340 29
391 17
459 3
73 23
450 7
458 18
490 31
150 6
140 9
97 29
20 27
85 30
137 28
180 6
281 30
322 20
110 24
92 16
99 8
363 8
335 32
237 32
414 30
190 1
255 26
297 26
188 13
215 20
300 7
173 5
236 2
256 30
410 28
265 20
363 19
407 17
150 19
225 15
381 22
319 23
403 12
112 2
496 7
265 32
73 14
432 16
283 27
5 8
386 26
403 25
248 21
149 30
156 25
164 24
138 27
226 28
98 29
481 29
163 18
444 15
35 31
247 13
62 11
65 15
372 15
47 16
480 16
221 11
68 24
374 22
366 15
97 23
435 14
260 14
27 15
36 29
78 26
433 7
385 29
437 8
316 28
79 15
31 3
429 18
35 26
7 12
400 24
215 18
385 22
135 3
28 27
323 17
156 7
447 24
104 12
500 15
219 22
213 17
81 21
402 19
146 9
366 21
216 32
82 4
257 5
362 25
443 4
93 18
142 32
342 13
127 9
163 17
122 23
297 22
219 2
20 24
458 6
260 9
317 18
124 26
262 17
62 20
372 26
153 30
397 14
258 3
186 5
71 20
499 19
213 6
269 17
81 30
470 9
251 26
34 18
63 15
63 4
350 22
334 6
447 22
496 29
457 9
329 11
44 27
98 5
396 18
193 29
443 10
21 21
151 30
271 22
52 9
41 13
266 22
402 17
456 5
121 4
134 13
290 9
479 11
285 7
252 1
55 11
490 7
91 13
332 5
206 15
397 26
135 11
324 12
79 27
137 7
42 30
351 11
298 25
70 19
407 17
59 1
71 29
239 26
41 10
226 10
304 11
195 18
489 18
178 15
500 14
469 9
435 7
76 16
351 9
166 30
21 21
422 20
125 5
105 25
82 10
262 6
8 4
175 8
178 20
414 1
17 10
70 11
52 29
387 15
493 28
12 29
128 9
456 32
445 28
268 27
94 25
264 25
337 22
449 18
494 22
42 10
96 27
17 15
107 15
401 27
454 8
464 26
49 7
185 29
331 17
19 8
333 22
228 5
424 32
386 21
390 8
130 21
390 18
483 25
400 32
447 10
499 10
139 23
329 27
40 19
127 10
434 20
44 25
480 11
189 14
87 14
293 28
414 22
66 4
30 13
335 1
170 10
386 24
232 26
131 19
224 29
385 5
216 28
22 8
98 22
413 4
491 9
103 4
90 12
3 12
133 10
300 14
23 21
462 18
103 24
81 26
200 1
187 4
244 28
315 1
269 31
376 19
487 2
366 4
498 28
399 6
409 26
135 23
235 24
389 29
39 13
366 3
285 20
358 8
111 16
220 31
102 11
341 20
424 6
367 25
426 6
106 6
315 17
469 13
336 5
89 23
177 31
317 29
358 30
340 1
197 11
199 26
5 16
89 32
245 3
53 22
72 22
356 7
250 24
139 14
32 28
164 12
386 28
372 11
153 11
63 5
121 10
202 9
301 10
404 13
96 32
419 20
318 30
110 27
301 12
356 16
179 11
95 32
498 2
11 30
28 21
54 32
334 31
124 22
396 15
235 20
39 5
363 4
130 32
274 22
423 6
317 18
500 31
369 22
376 27
351 11
452 21
254 13
11 17
123 27
459 5
102 13
361 20
204 10
287 14
475 29
311 3
162 2
201 31
11 32
409 10
182 8
470 19
349 16
367 23
238 1
179 23
174 3
154 29
84 28
58 10
1 28
348 6
382 12
396 20
327 29
105 20
368 26
498 24
406 8
186 19
40 8
334 21
458 19
442 21
279 27
450 7
71 9
144 20
48 16
47 30
196 4
85 15
429 22
279 6
297 20
329 5
384 2
401 5
500 10
382 2
45 23
260 27
480 20
270 19
295 20
105 14
171 1
256 20
475 2
137 19
202 17
311 17
330 16
277 6
405 14
311 29
341 15
415 4
326 4
50 4
352 6
165 14
195 12
325 29
158 26
143 3
278 6
147 28
17 7
141 13
433 7
222 25
21 32
296 22
172 17
21 27
499 9
248 29
457 9
65 2
238 7
324 11
12 22
326 32
244 6
301 16
417 22
300 1
361 3
339 24
292 15
258 10
396 26
186 12
282 30
169 3
308 16
237 16
165 19
199 32
380 27
84 4
224 23
437 5
330 27
468 13
485 14
262 32
83 27
435 8
48 23
86 27
298 22
378 10
236 25
370 32
131 25
263 3
39 7
291 8
177 2
340 10
187 9
245 21
399 20
336 26
338 5
357 16
95 30
449 2
14 2
297 9
474 4
351 9
462 17
380 11
102 4
4 1
172 28
261 15
483 17
220 25
221 28
308 15
162 32
349 15
426 17
171 27
408 1
411 30
365 19
212 3
214 27
107 1
166 23
307 5
315 23
321 28
102 4
202 11
235 26
290 4
399 16
411 30
185 1
27 1
315 2
367 8
304 5
265 18
44 23
470 2
449 18
245 31
121 7
17 23
200 2
219 10
470 25
256 2
153 2
54 12
372 5
199 31
245 27
496 4
238 5
350 30
106 2
440 10
244 5
433 8
466 27
245 23
131 24
292 11
134 26
454 29
266 9
31 6
319 11
2 20
195 15
94 5
148 13
230 24
193 14
39 23
16 15
297 26
135 5
133 32
286 26
476 27
90 22
264 5
236 9
464 15
319 9
435 7
294 32
210 6
178 28
496 21
382 9
43 16
85 19
487 10
260 10
124 14
172 3
110 31
356 9
41 2
334 31
344 7
139 5
464 12
4 8
212 10
456 14
105 28
428 8
261 12
257 8
241 16
122 10
39 21
478 27
355 3
54 30
289 24
103 21
63 2
64 2
343 11
380 4
410 15
243 10
50 27
405 18
483 26
343 25
207 13
99 5
483 12
462 24
399 4
376 5
22 7
235 16
309 22
15 22
476 29
91 30
312 15
167 2
224 10
314 22
182 12
46 4
120 28
139 26
423 6
479 4
304 5
12 28
382 6
181 29
339 15
382 26
469 9
443 5
262 20
178 7
223 20
310 22
83 5
212 13
314 14
153 22
106 4
81 11
393 2
195 11
236 1
380 13
477 30
101 26
281 10
384 16
353 9
197 11
493 20
292 23
449 8
424 18
459 28
392 19
117 3
82 13
15 1
409 11
487 9
432 15
490 3
122 15
359 3
481 24
430 16
10 23
271 25
136 1
288 4
432 17
318 17
461 8
177 21
26 15
81 21
134 14
123 27
468 1
129 21
184 19
276 5
289 27
477 16
275 17
303 14
373 24
274 29
303 15
53 16
317 13
136 26
406 26
409 22
239 17
26 18
447 13
467 11
347 19
159 2
59 13
383 3
285 13
115 3
459 15
267 23
151 22
77 21
160 5
134 10
225 19
23 24
459 17
258 6
284 28
483 6
81 21
477 13
21 7
303 27
258 1
106 16
471 2
168 6
222 13
83 26
459 9
469 30
446 19
427 29
346 9
126 22
125 10
142 30
45 17
476 6
365 9
413 7
318 25
168 15
233 26
337 4
207 25
313 28
383 3
84 25
351 25
6 7
163 16
472 19
444 28
360 16
232 12
347 14
204 2
440 9
264 4
332 30
433 12
473 7
438 16
395 24
468 13
114 10
252 2
336 27
237 19
206 32
319 32
221 2
66 9
162 29
288 21
2 8
340 18
239 13
85 13
416 8
237 2
34 20
467 13
386 31
268 24
22 30
143 11
311 24
255 9
92 30
169 13
466 29
270 20
489 30
188 13
258 25
286 23
264 16
11 26
158 2
241 11
215 7
125 30
147 7
202 18
125 2
183 10
82 28
293 7
158 28
179 31
256 32
57 32
419 23
21 28
197 9
458 23
199 27
288 13
313 25
83 5
63 29
26 24
68 10
418 17
150 16
343 25
263 3
128 29
466 16
460 18
112 30
424 7
500 28
7 24
404 17
101 14
57 10
314 5
296 3
53 25
31 4
201 1
294 9
326 31
180 21
124 16
54 24
306 9
111 8
217 6
105 29
184 5
294 25
137 25
431 30
385 13
437 2
106 6
118 11
193 1
419 20
440 17
215 5
229 29
409 25
395 5
113 22
25 27
278 18
347 8
407 4
21 15
169 2
276 14
112 24
434 10
136 30
206 22
470 19
231 14
231 21
94 32
54 27
102 23
484 12
390 26
31 18
84 19
91 27
188 30
179 14
436 30
347 1
219 12
279 5
398 30
425 11
57 2
461 22
160 16
309 22
37 16
311 16
390 26
183 2
455 29
51 30
378 25
235 12
416 17
397 29
374 9
156 10
151 12
439 2
264 32
211 4
439 30
272 16
127 30
109 13
18 31
323 19
407 9
342 27
421 14
487 7
411 30
76 1
110 15
222 5
466 25
24 28
158 27
435 12
304 28
364 17
202 2
215 17
446 1
135 3
498 1
365 4
467 24
172 8
10 6
152 19
178 19
82 19
26 25

