256
41 9
92 28
363 24
486 24
26 13
358 19
441 17
69 20
344 20
309 31
253 2
66 13
209 18
257 31
473 4
464 22
488 11
477 14
258 10
321 20
23 11
46 7
83 14
199 2
6 19
253 30
160 18
182 1
379 3
51 8
210 3
365 17
421 13
398 15
7 3
314 13
101 7
343 7
325 13
313 22
252 9
439 19
86 29
483 29
115 18
316 4
400 32
224 32
224 17
202 2
43 15
110 31
226 1
30 10
345 14
83 12
258 17
211 15
197 17
159 11
78 14
338 21
357 1
353 25
34 2
14 4
421 8
423 6
280 8
251 20
145 13
424 10
409 30
448 10
178 3
268 16
284 2
436 29
18 24
425 19
194 14
479 10
265 25
315 28
204 29
20 20
101 15
453 5
428 20
466 25
358 2
212 6
43 12
486 4
287 22
463 28
51 13
297 24
45 19
211 4
27 2
299 23
24 19
340 27
2 9
408 28
242 27
205 12
266 2
48 9
155 6
236 25
154 9
224 22
495 3
297 10
16 15
352 20
197 27
194 6
348 1
261 13
220 1
77 1
210 8
241 24
485 13
421 30
9 32
335 15
430 11
228 6
77 24
189 25
122 6
174 21
335 31
410 2
103 26
242 1
461 11
28 13
459 8
82 11
444 28
25 9
250 17
170 30
184 6
302 25
92 19
126 18
113 15
331 16
224 20
380 8
54 7
128 20
59 29
34 22
180 23
374 29
163 12
458 14
253 15
2 28
85 19
121 18
365 31
265 8
375 16
271 16
106 2
496 4
162 1
17 21
291 23
121 29
286 10
150 18
188 16
86 25
482 26
174 3
361 10
286 11
137 25
366 14
158 29
406 24
94 10
12 20
164 29
189 1
414 26
191 30
193 32
78 11
185 31
225 17
244 22
483 32
66 21
121 8
413 30
395 14
152 10
242 7
242 18
468 12
471 26
109 20
137 30
42 17
492 10
70 3
275 28
114 13
104 14
268 1
316 18
226 19
271 15
133 1
248 32
372 11
313 20
234 17
221 27
122 12
392 3
298 2
446 15
210 14
348 1
418 7
342 27
481 13
462 18
181 9
269 24
279 10
383 16
30 27
342 27
166 13
45 19
251 27
77 28
392 28
141 21
439 14
303 27
298 24
236 6
325 29
381 19
86 7
171 31
69 12
470 6
97 22
48 7
208 24
158 23
400 30
259 22
484 26
460 5
177 28
463 17
52 7
160 29
310 6
455 14
341 20
316 9
142 11
135 25
191 17
448 22
294 26
131 25
119 26
262 4
489 8
352 12
418 23
28 27
340 3
309 13
258 28
321 31
190 4
100 8
452 7
173 1
104 7
374 19
97 23
74 21
210 9
329 11
436 8
58 27
190 14
159 32
45 28
50 14
287 21
318 18
47 18
186 27
497 11
429 25
397 2
381 30
426 13
437 9
417 14
340 30
63 10
109 3
329 27
192 3
159 5
56 10
351 6
60 15
152 16
291 17
489 19
6 26
84 22
479 20
139 6
309 29
167 14
159 20
428 15
314 22
63 10
143 9
463 2
111 30
41 29
366 1
128 28
499 15
17 29
62 20
498 18
208 16
287 15
363 6
421 25
152 15
46 26
248 16
200 14
325 12
315 27
473 26
414 7
4 6
299 9
437 4
434 9
311 25
363 22
138 19
202 25
117 15
287 24
106 14
278 10
429 16
472 5
385 25
223 16
19 13
304 23
20 17
451 3
161 21
356 7
447 5
291 8
155 17
131 16
266 4
393 23
351 29
299 27
305 6
326 19
246 1
130 2
70 8
448 26
97 27
232 3
63 31
310 17
303 9
180 13
52 24
467 31
492 29
489 9
138 3
471 20
147 4
149 20
384 24
298 8
102 13
374 16
107 20
232 26
328 31
182 7
186 8
133 10
264 30
326 6
140 12
137 2
248 13
2 27
84 3
462 21
31 11
52 26
222 3
251 25
249 24
280 22
431 4
315 2
385 16
447 32
288 31
162 11
71 23
165 14
313 6
42 7
164 5
184 14
431 18
138 7
217 5
465 7
33 27
193 9
271 15
293 6
426 10
92 24
468 20
2 24
85 7
178 8
192 30
337 18
499 27
301 24
95 21
214 7
395 6
396 25
249 24
74 2
345 13
21 32
476 30
295 24
121 20
12 16
37 20
433 32
26 25
103 13
349 20
247 28
426 2
464 14
181 18
51 25
406 7
188 30
297 14
293 9
306 20
80 18
4 24
229 21
97 7
1 29
499 20
244 20
389 12
301 14
97 15
446 26
125 30
383 25
467 12
41 12
331 24
114 6
484 14
67 32
25 27
80 15
166 20
150 3
383 2
476 27
4 21
480 4
258 11
253 29
242 29
348 20
117 5
462 4
7 20
235 7
446 30
405 28
489 22
18 15
207 13
349 6
117 29
41 19
247 5
451 28
142 22
263 22
463 8
413 13
103 27
499 9
460 7
364 9
12 1
319 18
77 32
131 13
200 31
123 2
20 13
285 5
75 11
122 29
123 18
5 13
180 27
329 3
461 24
439 28
276 2
41 4
481 3
101 28
193 15
477 4
148 25
224 30
11 1
258 21
378 2
414 29
468 22
400 28
138 10
251 5
299 3
469 11
461 25
162 5
143 2
421 2
102 16
363 29
341 24
449 2
85 18
479 20
308 30
183 21
419 5
61 18
223 1
200 11
301 2
392 32
351 24
85 29
307 32
269 23
271 9
69 16
283 23
111 2
128 18
386 26
226 14
115 29
179 7
187 7
28 22
422 10
241 7
182 20
158 30
46 28
19 2
135 1
12 14
94 11
243 23
37 20
276 15
120 18
169 23
285 28
236 30
426 25
416 11
24 9
261 21
205 15
183 15
135 14
288 16
185 26
206 29
350 9
223 29
139 32
127 19
291 31
332 32
339 20
27 2
24 19
282 32
121 12
419 15
362 10
334 18
236 3
470 17
223 24
257 5
287 32
487 18
246 7
145 20
270 27
297 21
13 10
21 13
246 3
91 15
144 24
356 15
314 13
167 5
368 12
453 27
159 32
84 8
462 28
339 31
251 15
23 3
416 7
100 13
481 10
119 21
114 26
207 27
150 2
167 10
1 8
24 23
411 15
62 12
186 24
102 32
90 28
403 29
19 18
18 11
191 4
179 28
314 2
435 3
463 21
332 15
220 15
121 2
165 2
353 7
285 22
138 30
282 8
230 20
393 3
354 20
87 29
443 4
270 5
66 32
478 18
46 21
456 18
31 29
51 3
323 11
41 8
60 10
204 1
177 8
240 26
383 10
414 10
429 19
202 18
118 7
243 31
432 3
180 18
23 2
196 1
416 12
156 19
261 23
468 17
307 23
171 25
236 32
366 12
471 16
361 4
302 32
455 17
6 18
194 32
216 22
224 31
329 7
162 22
90 5
230 28
39 16
436 26
336 22
141 2
425 1
97 26
308 7
459 1
37 12
192 12
245 31
438 2
146 27
367 3
79 28
482 25
348 17
94 27
422 22
192 10
291 32
424 22
43 14
263 31
385 22
34 26
221 19
55 26
70 17
100 12
368 25
469 23
349 22
101 15
500 12
320 2
136 27
239 18
476 13
108 1
307 25
194 23
111 20
392 24
372 11
32 15
423 8
158 11
413 22
245 8
106 17
405 13
159 32
418 19
496 13
347 14
17 12
180 15
491 19
11 2
265 10
452 31
41 21
162 13
71 2
421 12
174 29
268 29
172 21
319 8
413 1
173 5
408 25
407 10
275 25
111 8
310 26
430 18
23 15
7 25
349 19
472 2
455 27
58 11
275 12
146 15
96 6
467 23
170 5
252 9
142 10
188 31
276 21
153 18
60 15
94 20
289 13
133 15
303 19
369 21
418 10
115 10
184 21
368 13
157 32
353 22
185 4
101 12
361 5
109 28
467 6
179 19
266 3
349 24
353 26
496 19
287 14
488 18
42 27
27 27
178 19
200 3
271 4
174 15
108 11
402 26
484 24
180 2
242 13
169 15
302 5
69 8
126 28
410 20
114 24
70 16
166 29
358 32
273 31
418 8
313 23
454 25
250 13
250 8
217 18
142 30
434 22
458 8
469 31
283 6
302 8
225 31
324 6
255 4
465 12
476 13
195 13
277 16
265 30
139 18
296 12
351 5
341 20
344 17
174 6
243 7
33 11
146 17
253 4
304 21
127 31
197 17
411 6
117 4
351 23
9 18
239 3
431 3
19 2
92 8
104 10
223 20
4 20
344 4
471 24
176 5
278 25
418 1
346 22
216 32
344 24
46 14
286 8
217 16
453 4
200 16
345 6
44 32
141 7
308 15
34 27
207 20
207 8
352 16
213 23
452 9
494 1
342 7
176 6
435 16
217 14
36 21
407 3
261 11
465 24
157 7
402 11
14 5
191 13
364 15
283 3
311 16
367 13
406 10
62 12
374 27
177 25
339 11
339 3
129 3
18 13
5 12
352 2
232 10
86 3
148 16
114 15
347 8
315 21
374 12
296 11
154 25
7 21
407 29
443 24
351 17
24 8
232 27
77 11
120 23
261 28
382 18
282 5
354 4
185 11
471 24
473 21
156 23
469 19
175 31
302 17
223 13
84 10
404 1

