256
315 27
162 20
346 12
32 24
402 17
288 20
257 2
144 24
178 9
104 9
92 1
486 14
159 9
227 19
2 5
25 4
451 23
407 9
62 18
212 32
370 15
363 18
161 18
489 14
330 9
254 10
485 3
239 16
340 1
370 29
73 7
9 4
285 23
320 30
409 11
161 10
382 15
256 10
28 4
231 26
40 13
131 21
427 25
372 26
37 5
459 30
339 23
133 7
85 12
321 21
186 1
123 15
4 26
460 15
325 15
240 9
379 10
241 9
90 32
71 27
56 25
88 15
347 24
369 27
375 25
128 24
170 14
479 9
479 30
55 3
332 31
167 6
368 7
367 10
222 17
436 10
317 27
24 23
94 12
297 20
81 32
379 30
25 17
126 19
499 28
158 26
178 32
40 2
435 14
207 12
194 14
137 6
368 12
376 25
52 12
280 28
300 22
85 24
219 30
179 21
241 32
46 19
363 13
168 5
194 30
157 23
219 5
452 18
305 23
398 8
203 21
191 14
38 27
177 16
336 15
324 16
246 18
198 13
158 21
109 24
442 1
442 28
410 10
97 22
72 22
273 2
374 31
127 20
89 20
19 16
214 7
203 16
64 1
420 21
469 12
424 7
145 26
274 18
111 15
471 2
216 3
308 14
205 18
353 25
441 3
68 7
417 6
466 32
22 17
53 27
264 32
105 8
45 2
165 27
248 31
41 20
377 32
257 1
485 1
77 22
35 32
284 12
266 17
283 11
189 31
129 28
367 5
212 23
111 28
270 22
363 14
25 27
361 9
24 29
93 20
474 12
244 13
79 25
61 1
147 29
252 8
53 30
360 28
232 18
491 5
32 17
162 16
444 30
41 7
71 1
66 12
260 13
153 2
21 21
255 8
462 2
147 10
475 26
129 18
180 27
411 19
324 8
470 23
298 26
437 32
495 22
411 6
15 3
296 7
128 10
406 9
407 28
306 9
410 22
290 1
256 16
3 27
124 20
49 29
334 13
288 8
339 6
433 5
465 20
91 32
277 25
384 7
252 25
267 9
326 9
453 29
108 27
12 15
131 8
3 28
397 6
143 23
192 15
291 20
303 5
451 31
81 26
466 17
226 20
197 31
492 2
131 20
160 18
34 10
54 13
105 14
30 7
36 29
322 30
80 24
410 2
258 31
215 27
379 12
159 7
342 10
428 5
101 4
466 31
229 15
23 18
320 28
80 31
125 13
384 8
228 30
86 26
340 4
412 10
444 2
144 25
72 24
257 8
363 19
158 7
445 16
424 29
84 16
175 4
108 23
115 32
56 20
25 15
352 12
464 7
358 7
431 25
382 28
452 24
114 6
187 14
493 22
26 32
317 5
487 1
111 14
316 14
5 24
264 24
127 19
2 16
333 29
264 23
324 8
310 5
177 12
198 1
458 28
97 6
276 3
402 26
388 5
255 17
408 2
100 31
96 6
222 12
90 22
494 25
53 16
201 9
3 14
101 28
325 9
438 8
484 7
189 27
260 7
467 7
164 19
405 27
224 19
187 25
316 8
225 4
39 13
152 18
26 20
353 3
153 14
302 8
481 11
210 32
137 13
110 25
447 11
59 22
345 25
334 4
129 30
83 23
186 18
60 3
337 21
413 1
54 15
476 22
57 10
477 9
66 27
345 20
453 20
385 1
500 22
160 12
127 10
499 28
179 10
226 31
322 3
356 32
57 7
113 9
368 10
157 5
28 18
148 8
257 32
480 16
101 11
236 7
84 30
242 14
291 32
128 5
458 11
192 18
314 24
478 1
97 10
318 4
339 29
307 31
201 18
203 17
128 10
232 15
171 25
176 13
292 8
277 25
286 20
466 3
328 3
336 12
133 9
252 7
321 26
270 1
48 20
26 7
409 9
442 3
229 17
95 25
272 32
325 10
43 27
360 30
85 15
146 9
51 25
392 28
158 21
96 29
484 13
84 4
229 25
174 22
493 20
182 1
491 30
174 6
148 21
107 21
432 12
153 26
352 12
409 22
56 17
418 7
329 21
134 18
229 15
367 22
279 20
338 21
257 31
6 9
247 29
489 22
68 25
364 12
389 4
133 4
128 18
187 17
255 20
14 19
331 8
56 5
131 29
229 11
107 19
143 14
51 15
383 22
476 18
389 12
370 1
159 9
275 25
305 25
17 26
363 15
401 19
307 27
15 11
122 10
121 24
179 11
99 25
141 14
11 1
289 32
254 7
80 20
496 1
408 12
54 22
62 27
392 12
189 23
254 26
380 19
426 22
397 24
322 29
449 24
122 29
63 31
387 31
106 2
231 29
245 24
134 6
442 26
25 7
284 7
292 15
5 17
424 21
92 17
142 12
429 15
128 31
341 11
337 30
248 27
310 25
203 11
2 4
320 15
126 19
305 10
469 13
486 4
61 2
489 18
469 29
168 21
111 12
315 24
305 10
366 2
258 4
409 32
64 16
138 17
35 2
310 3
102 20
247 14
225 27
68 1
355 31
345 17
95 19
264 19
73 26
365 30
49 1
293 4
204 10
5 18
223 14
93 24
461 27
42 21
129 5
82 11
47 10
447 13
437 3
392 25
192 20
394 24
380 19
56 3
468 16
173 7
225 9
218 30
159 3
222 23
219 7
269 10
433 27
258 13
129 21
433 24
108 26
116 27
12 11
274 8
82 18
22 22
414 11
343 28
202 5
358 20
71 18
389 27
44 19
75 9
499 11
196 15
333 15
445 16
185 6
27 18
15 4
424 16
491 26
351 28
182 28
315 9
37 12
107 25
202 10
457 4
40 32
158 24
167 27
420 7
24 30
117 23
346 32
22 16
157 17
379 23
284 25
443 25
248 1
253 1
434 17
353 30
64 22
197 30
168 28
81 16
414 29
434 27
292 11
298 20
179 20
490 7
72 8
487 16
185 15
472 18
151 20
443 14
186 4
444 25
459 16
248 24
276 13
334 7
488 27
218 18
10 4
184 26
343 22
253 19
260 24
145 2
400 19
476 21
78 27
141 21
146 21
112 21
421 30
191 24
428 20
130 6
319 1
223 2
335 7
188 26
50 24
356 9
123 11
237 32
101 10
440 14
266 32
370 30
349 28
298 20
171 31
417 6
91 23
151 21
317 26
19 27
374 10
19 28
56 32
399 24
133 15
253 6
242 6
287 10
385 24
69 15
362 22
396 21
328 26
229 9
88 23
363 5
324 5
12 19
136 26
386 12
452 14
369 21
463 20
486 19
91 27
106 1
392 21
257 27
251 29
215 2
84 5
354 19
458 5
286 13
126 15
213 6
161 9
474 15
88 24
174 7
366 3
483 1
483 27
327 5
75 30
274 10
470 11
417 11
343 2
372 13
76 16
250 12
368 11
63 20
182 28
338 19
366 32
155 20
410 14
433 16
227 30
494 12
37 22
475 23
315 14
403 6
133 20
478 20
227 12
159 32
479 32
307 4
167 5
43 24
146 15
412 28
385 1
420 21
18 30
355 12
91 14
73 7
261 2
426 31
293 1
99 19
284 17
466 31
69 13
378 7
335 29
290 7
397 9
343 18
454 6
97 16
307 14
470 19
423 16
406 28
36 16
338 15
260 4
121 20
164 3
246 10
139 28
421 28
448 11
153 10
460 10
149 2
271 15
185 5
218 6
112 13
445 14
423 20
457 8
235 32
246 1
321 8
220 25
123 31
4 16
272 19
377 1
81 15
391 9
43 12
206 19
64 2
456 18
57 16
233 27
87 2
475 23
214 22
500 12
65 19
463 28
21 19
108 25
337 10
217 20
457 14
386 12
423 5
210 3
456 22
122 2
124 24
300 1
494 7
376 2
5 7
97 30
29 25
478 26
202 23
97 23
468 18
382 19
174 31
221 9
237 18
22 12
142 1
48 23
324 23
396 32
113 20
57 22
196 19
359 14
81 27
260 12
288 5
142 1
436 19
293 24
408 18
383 13
338 14
35 25
352 26
193 1
422 21
458 25
135 4
218 15
474 9
319 9
470 24
425 17
26 17
428 14
234 10
482 19
91 29
436 26
298 4
110 3
228 15
40 31
86 1
133 15
86 7
171 23
263 31
163 8
163 14
221 16
103 15
171 13
423 14
486 32
437 32
495 8
366 30
230 32
142 19
362 7
165 5
485 23
127 3
67 18
440 19
389 6
45 3
234 11
368 24
391 32
371 13
172 4
270 13
39 7
467 17
342 24
285 10
262 23
325 12
256 28
319 9
306 31
407 19
34 27
462 20
282 32
12 1
420 9
410 6
395 12
62 28
211 10
414 17
313 18
4 8
1 26
64 14
389 27
49 2
301 10
197 14
46 20
239 13
340 28
126 10
375 8
322 10
89 11
262 17
324 21
321 8
143 8
482 7
58 22
304 22
243 28
292 8
411 18
104 10
381 6
335 19
473 24
44 29
94 21
462 29
274 6
93 24
17 26
150 15
307 5
284 13
156 7
189 14
308 8
315 4
77 9
147 25
9 18
110 2
199 3
371 16
204 3
91 20
240 4
498 10
44 6
298 7
60 10
264 4
482 10
259 30
282 29
107 18
299 12
244 21
138 18
172 21
280 10
264 15
353 10
120 20
247 13
446 26
255 13
377 8
490 4
145 7
244 27
413 14

