256
147 29
180 9
3 28
53 21
99 16
261 30
102 7
222 6
47 1
474 13
141 3
481 13
96 7
457 6
414 23
22 12
367 2
444 2
153 20
422 19
224 10
440 25
28 1
86 6
125 19
430 29
85 3
121 17
169 2
278 18
284 31
346 10
352 17
223 28
489 32
106 8
382 29
388 25
57 29
187 29
235 16
149 4
378 2
204 26
347 9
184 26
131 9
335 7
169 14
190 29
405 16
72 22
192 3
47 9
135 13
281 14
200 30
245 14
199 4
179 1
280 18
230 18
390 28
96 19
473 26
419 22
433 19
163 20
153 25
224 20
145 1
361 1
286 17
126 28
404 20
84 31
18 21
296 31
376 8
169 25
29 32
226 9
282 24
288 6
301 24
73 21
368 25
493 21
241 2
192 28
274 11
30 27
87 10
49 14
421 10
162 17
9 19
113 26
479 20
223 27
263 24
427 2
432 4
486 25
389 5
168 26
303 14
156 13
227 13
203 7
126 32
299 30
455 15
275 29
162 21
415 13
496 5
406 28
464 4
100 13
272 7
218 23
168 26
315 10
282 29
244 27
85 6
244 15
156 14
323 22
70 1
94 14
281 15
493 13
242 28
301 26
62 30
440 22
95 18
179 28
123 15
486 11
168 13
97 8
302 3
493 28
359 30
437 7
84 17
87 30
76 11
43 13
257 6
70 31
439 1
79 5
375 16
119 2
497 7
217 22
337 5
21 11
146 25
390 14
89 4
259 20
67 1
5 23
486 2
377 28
26 15
337 16
223 15
442 27
374 26
368 30
219 1
461 32
49 26
297 2
177 23
153 11
59 21
417 28
435 22
320 24
452 24
360 2
314 25
244 27
162 12
453 16
204 1
448 4
262 28
241 22
151 26
33 9
254 1
105 4
446 28
148 26
283 3
423 24
11 23
487 12
482 11
404 13
203 11
288 4
446 21
105 24
126 25
157 27
438 5
419 15
36 26
484 18
424 3
117 22
73 27
457 26
245 28
90 15
414 21
114 12
109 11
307 22
207 3
465 28
223 15
231 6
300 18
131 3
120 32
360 12
202 24
449 31
232 10
97 25
119 31
356 7
429 7
165 11
477 13
483 16
363 17
161 2
278 12
440 22
391 27
293 4
318 6
390 5
335 15
46 13
49 1
384 21
267 16
315 16
380 5
295 22
9 19
107 23
98 26
36 8
196 12
432 5
125 13
266 32
11 7
116 7
415 31
239 14
250 26
425 9
350 27
222 19
25 20
497 11
225 20
314 32
415 29
137 16
122 14
203 4
64 26
395 26
373 5
159 6
186 3
455 28
153 12
246 10
208 22
356 12
477 5
56 7
118 16
134 11
297 4
74 16
358 24
189 22
101 16
55 26
134 9
173 15
37 2
168 20
11 11
379 31
395 10
230 16
181 27
306 21
51 8
336 28
199 13
489 27
224 11
289 13
404 9
347 8
231 18
387 1
240 25
80 11
403 5
350 27
171 20
60 29
387 19
332 25
123 8
88 26
67 8
407 6
188 1
261 26
471 7
159 14
115 26
48 1
398 18
452 28
405 11
493 31
109 16
227 28
348 10
281 10
41 27
235 1
292 27
498 14
345 20
323 31
97 19
180 10
120 27
266 8
345 30
18 1
285 28
388 4
262 17
397 22
59 27
382 6
329 16
315 21
239 14
188 16
212 19
181 3
349 30
58 17
55 15
201 8
170 13
323 15
461 24
85 7
54 26
73 7
49 31
259 12
228 14
475 11
164 19
121 12
101 22
260 11
104 13
346 14
401 29
56 21
92 32
83 5
310 7
379 2
394 6
497 17
287 7
412 19
126 8
18 10
62 26
84 1
90 6
290 30
154 10
54 21
41 12
241 2
143 4
412 24
461 16
360 27
231 3
253 16
7 11
137 8
400 12
84 9
205 22
182 18
275 23
102 7
222 31
369 20
314 12
455 10
39 19
224 17
289 17
180 31
99 24
214 30
240 14
190 20
375 11
154 1
457 11
315 2
301 15
246 10
314 32
239 21
218 23
177 7
291 5
153 1
24 11
238 31
16 3
411 26
149 24
390 13
170 32
134 11
239 3
436 8
283 7
108 20
489 1
358 3
493 31
19 32
229 32
483 32
386 17
133 14
456 18
490 9
429 7
447 31
206 7
71 12
409 2
191 9
166 25
379 6
411 13
378 31
208 4
382 13
104 22
126 27
239 19
387 23
441 22
186 2
420 28
337 8
137 12
428 31
428 26
312 26
258 9
476 17
400 21
57 31
74 22
413 16
500 28
330 32
337 27
438 12
474 14
435 19
153 2
265 28
371 20
417 32
265 12
444 8
100 12
19 9
33 31
336 8
434 30
323 10
384 8
377 14
238 7
320 14
376 16
322 2
159 30
77 31
334 16
439 9
19 13
310 27
239 9
434 5
14 9
294 30
368 3
255 5
185 10
347 17
9 28
362 27
109 19
442 2
310 32
431 29
40 28
83 22
236 25
154 10
477 8
147 16
322 17
153 18
178 7
270 18
370 20
204 26
70 5
124 7
228 6
411 15
145 26
101 4
362 30
481 18
53 19
385 14
83 21
380 28
35 1
297 28
132 25
234 25
497 17
284 1
114 2
195 22
187 19
489 12
401 6
89 21
152 30
327 27
10 2
494 13
58 3
152 22
143 29
242 23
445 13
215 2
71 6
19 9
408 16
9 8
181 17
113 12
422 31
66 32
348 28
32 1
54 19
298 24
272 4
186 28
268 5
478 30
14 20
447 1
355 27
81 23
403 5
219 25
335 8
460 2
47 3
290 32
25 24
499 4
331 5
216 10
437 29
140 18
40 14
74 19
392 26
281 18
50 11
322 32
135 1
269 21
123 3
485 24
350 11
147 20
19 26
481 23
406 4
108 6
409 26
44 24
39 32
298 17
27 19
176 29
104 17
397 22
355 5
77 12
216 8
87 30
289 27
393 23
39 28
344 15
385 19
99 8
414 16
216 28
218 7
156 21
39 9
399 9
285 23
448 28
254 18
86 31
453 14
89 11
181 16
141 30
22 31
341 19
190 28
79 16
2 6
80 25
138 14
137 27
9 21
422 2
322 15
304 18
188 20
468 5
27 21
286 4
403 6
335 1
237 5
352 2
350 19
482 24
113 27
410 5
55 7
382 20
42 6
2 17
281 1
301 28
133 22
355 8
267 21
480 27
157 23
445 3
465 22
346 9
396 11
197 30
289 19
30 6
468 23
263 16
55 11
55 12
205 10
427 27
302 26
178 23
440 18
317 24
251 18
481 23
268 13
152 12
459 5
238 22
415 8
174 18
118 16
9 18
341 15
497 23
192 2
305 23
351 5
386 25
134 14
451 17
247 3
160 25
135 13
483 2
452 20
371 6
87 15
95 28
165 3
274 4
468 30
190 22
50 7
271 23
145 29
287 15
175 2
299 6
47 21
63 2
140 25
271 11
163 30
6 3
308 23
386 4
208 31
445 21
353 7
291 25
288 17
239 2
374 14
475 32
170 13
122 10
321 8
388 11
257 25
13 5
23 18
44 2
176 32
486 21
55 32
25 10
204 20
359 1
5 18
53 2
74 2
335 3
65 30
81 14
114 26
90 4
195 25
69 27
324 26
399 30
33 27
423 8
390 18
17 14
467 9
420 32
94 26
286 18
476 15
183 13
164 16
429 18
108 21
228 32
403 26
161 7
253 4
23 2
217 23
388 23
311 31
74 8
60 24
61 15
430 24
328 13
219 12
302 15
104 10
462 14
359 10
293 23
409 3
105 1
57 8
11 23
150 13
270 29
500 22
448 9
129 7
225 20
382 18
378 17
259 15
491 30
164 19
432 5
301 12
49 13
231 28
75 24
348 32
145 11
229 32
479 2
218 7
57 23
80 22
83 19
124 5
160 27
411 3
211 11
331 4
271 1
23 25
145 6
392 13
420 13
232 2
330 17
452 2
399 31
171 13
73 26
110 32
432 8
379 19
83 17
254 9
473 20
402 9
349 25
109 8
117 32
17 18
492 16
183 22
202 9
427 31
350 20
62 22
407 32
276 13
500 29
46 1
156 23
441 8
91 30
123 20
241 23
5 13
458 24
326 19
244 4
137 2
139 15
227 18
138 30
238 30
234 19
462 9
433 6
244 24
303 30
83 32
356 15
128 25
126 13
175 6
57 28
315 7
362 29
92 23
246 22
340 19
316 17
367 17
55 10
124 25
179 18
252 26
292 3
402 6
36 28
139 32
91 17
138 32
345 30
155 6
263 10
420 26
147 18
178 17
99 17
409 1
6 1
14 2
95 11
67 18
194 17
425 29
361 23
292 13
496 18
146 6
144 9
187 22
202 9
194 20
165 14
280 27
466 13
172 17
263 2
394 28
146 19
444 18
233 20
62 28
33 15
337 32
475 31
317 16
239 26
31 32
464 22
278 21
306 21
193 24
390 7
375 7
405 11
392 1
258 21
68 2
215 28
318 25
278 22
68 1
348 10
272 23
259 25
443 32
349 16
483 2
74 9
124 14
231 31
318 16
171 9
130 21
140 19
425 29
136 20
285 23
441 28
497 27
308 24
114 32
279 16
97 28
156 8
181 11
438 22
226 24
86 11

