256
205 17
169 3
471 10
36 21
333 27
56 10
247 11
29 25
178 19
367 29
240 7
344 7
385 22
58 22
169 1
362 29
165 7
4 31
372 31
183 32
134 6
377 4
69 30
465 18
140 19
491 27
37 22
385 29
300 30
314 16
463 20
45 15
206 12
114 9
438 32
336 3
386 17
303 22
322 3
51 29
449 21
43 14
79 23
258 22
73 28
197 19
247 17
13 8
492 14
84 6
274 23
352 19
483 14
464 20
272 14
116 5
259 6
58 13
85 27
418 17
386 6
43 4
411 3
287 18
385 26
35 30
289 31
20 23
392 23
427 28
348 26
88 6
52 17
498 28
311 19
496 1
233 14
32 15
296 15
396 32
188 23
41 24
169 12
451 32
394 25
75 6
122 26
51 17
10 29
12 21
315 23
369 7
396 24
189 20
70 21
223 14
367 16
437 31
175 19
446 29
467 25
162 29
386 12
465 28
112 25
68 23
335 4
325 19
187 18
274 1
450 24
218 16
463 18
202 2
245 11
410 15
19 31
3 21
486 24
152 18
296 31
228 30
6 4
212 28
417 21
300 26
185 9
33 19
23 22
488 31
233 17
329 3
319 24
7 25
3 6
254 30
376 17
279 5
384 11
425 9
327 28
370 11
93 11
10 31
488 17
381 32
246 9
323 16
244 25
368 14
487 17
395 2
305 6
447 21
16 7
193 14
94 30
57 6
316 22
152 8
266 32
227 7
445 9
427 8
230 30
138 32
119 32
281 15
409 7
463 20
97 31
118 15
217 26
432 4
91 24
39 20
467 18
219 31
166 17
155 27
290 28
314 28
175 27
331 32
173 13
359 14
300 20
164 8
1 15
103 27
30 22
151 29
259 9
463 32
365 1
171 6
408 20
414 23
430 12
18 15
240 8
224 3
56 23
110 8
185 21
351 11
354 17
415 16
221 1
387 17
494 9
90 29
245 23
187 10
98 8
276 26
284 19
432 11
89 6
246 14
106 20
192 3
448 30
274 28
482 32
104 31
421 2
80 5
48 14
190 26
174 6
39 5
168 14
499 1
363 32
382 12
192 5
278 23
30 31
159 31
415 30
190 7
159 25
203 23
238 24
56 27
209 2
423 21
63 13
485 2
369 2
245 32
142 27
50 7
277 8
33 23
174 2
229 4
194 7
390 32
27 9
46 27
390 25
463 25
241 3
82 17
16 6
20 9
52 6
179 25
481 20
223 18
285 12
190 15
86 15
262 16
376 7
347 1
127 25
69 4
312 18
328 31
328 4
188 23
269 22
59 21
429 30
459 30
233 28
396 26
78 25
282 1
167 20
70 30
492 26
13 7
140 20
482 3
187 13
197 31
386 8
260 11
37 26
84 13
365 19
290 30
339 15
247 9
50 32
298 14
305 6
196 4
2 25
114 16
197 31
347 7
66 2
101 10
175 24
74 15
366 27
332 20
286 10
208 11
245 2
80 2
371 12
197 32
452 11
264 9
473 30
435 14
67 31
491 25
70 12
131 31
278 18
490 15
244 13
250 4
258 17
241 21
456 10
500 32
452 3
260 28
224 22
313 30
80 31
234 9
70 28
287 15
30 24
262 9
176 23
112 18
43 17
62 3
494 25
258 13
28 9
72 27
62 16
97 17
390 14
141 23
398 31
9 23
406 2
51 25
336 10
14 31
366 15
229 19
192 2
7 3
354 6
321 7
313 21
55 2
99 15
364 12
325 29
126 2
346 32
162 22
189 4
412 3
454 20
117 25
477 20
215 30
53 24
244 14
156 26
271 14
196 7
453 20
359 26
101 32
253 14
89 2
289 8
200 3
139 24
239 15
291 22
444 4
341 15
413 24
188 31
454 15
169 30
254 7
336 22
435 16
320 27
233 20
23 20
54 29
248 17
480 22
450 23
85 18
314 9
489 13
180 14
236 12
200 29
227 3
399 25
474 22
35 3
29 21
490 31
422 1
431 29
127 20
27 15
373 24
60 13
193 31
7 32
438 6
472 28
92 14
176 25
439 7
475 12
119 17
106 12
53 24
144 7
119 27
94 15
362 13
55 22
243 21
37 20
118 17
196 1
378 3
330 1
433 20
488 4
472 21
147 21
480 23
407 22
313 16
440 2
4 30
284 6
407 12
278 12
328 9
437 26
47 6
226 20
273 5
87 29
157 5
121 4
375 11
437 11
27 28
65 22
73 4
480 11
167 21
207 11
433 3
404 7
112 29
162 32
193 16
332 25
481 12
40 15
331 20
246 17
55 6
90 7
9 1
458 23
177 8
373 17
10 4
440 17
108 17
208 32
201 12
352 21
343 19
91 13
218 28
381 20
145 3
251 9
39 12
32 24
223 32
28 28
384 31
204 3
272 27
143 16
302 26
356 29
237 6
317 18
134 6
78 2
20 32
135 10
387 10
477 29
421 9
192 12
323 3
147 22
9 17
417 3
134 8
307 22
422 7
176 15
172 13
36 19
432 26
101 22
187 29
278 12
433 9
115 12
215 5
201 7
401 6
385 31
93 7
256 26
18 27
272 25
35 24
84 18
181 8
135 20
464 24
179 9
232 21
152 10
406 20
373 14
173 25
44 6
152 32
483 13
230 7
209 1
118 16
434 14
179 25
17 27
332 31
39 16
340 22
361 13
97 9
106 2
194 6
387 1
449 5
365 30
327 17
146 8
69 16
94 23
500 22
241 23
157 19
246 8
24 31
296 17
43 13
390 8
50 24
432 22
496 20
232 7
73 17
470 5
308 3
91 7
25 12
342 13
462 3
380 6
45 7
458 8
427 7
175 5
474 23
178 25
458 13
347 14
138 13
374 29
83 13
456 7
148 1
491 21
235 6
298 4
396 15
219 31
453 25
3 18
55 28
99 25
441 9
394 6
113 24
226 4
84 5
154 27
181 29
191 8
218 9
47 14
95 21
140 12
361 14
177 28
25 7
428 17
424 25
246 4
292 24
435 19
208 17
457 1
437 28
8 14
340 18
119 26
170 6
37 18
103 2
297 28
192 32
444 23
249 2
355 8
365 1
267 20
229 7
312 29
74 27
171 5
224 5
51 17
251 3
127 29
152 15
480 12
351 4
162 7
317 28
342 29
157 8
104 13
183 4
402 16
438 20
373 10
64 19
258 2
361 28
167 25
363 22
208 25
273 5
15 29
237 12
121 29
316 9
129 2
344 18
309 9
157 5
146 29
455 12
34 12
491 28
180 17
50 7
269 10
459 7
411 11
343 31
439 6
107 16
359 18
153 23
435 6
200 12
30 18
335 31
469 30
467 32
382 12
386 23
189 17
285 27
391 15
334 2
136 32
101 26
94 17
365 12
414 12
459 23
69 14
210 26
323 16
37 24
247 31
206 15
471 11
238 9
469 3
246 13
362 26
154 19
451 22
334 32
433 21
11 30
438 12
391 12
451 15
167 21
53 17
483 27
67 12
88 19
290 13
343 16
31 5
310 17
366 32
48 27
288 6
152 21
481 14
40 11
320 2
479 9
430 2
247 12
33 6
383 27
19 29
30 25
425 11
233 27
334 24
441 29
42 12
401 14
485 16
157 20
498 23
28 3
300 31
127 5
312 13
211 22
437 8
434 10
430 22
4 28
150 24
88 11
387 9
416 27
132 16
378 9
411 10
260 30
384 26
98 11
98 32
81 14
399 14
99 25
32 26
296 17
397 11
75 19
75 18
357 11
414 27
39 8
492 30
89 11
387 7
125 28
198 21
370 13
71 32
129 6
422 24
486 10
10 16
305 21
401 9
495 2
99 17
193 6
183 14
168 5
320 5
405 25
349 10
317 27
445 9
224 2
72 21
388 2
120 8
18 5
408 20
38 19
248 15
300 18
364 8
203 15
464 23
403 4
84 12
435 8
368 30
98 20
71 21
21 22
232 10
414 11
105 32
497 32
386 21
486 9
468 8
135 7
146 29
298 29
460 8
460 28
94 13
267 24
245 3
57 28
380 7
467 8
126 3
187 19
463 24
463 18
211 17
416 28
337 2
288 21
297 28
124 14
156 30
53 9
380 18
80 11
284 10
446 29
213 24
123 3
156 9
309 14
33 12
222 5
289 1
17 22
108 8
475 4
233 8
368 4
341 15
74 16
345 31
384 5
3 26
83 6
442 27
23 26
467 28
46 19
457 23
340 24
406 11
31 3
46 6
306 10
49 20
361 13
102 4
301 8
101 23
113 30
126 32
71 24
83 20
50 23
382 18
159 8
408 9
482 13
291 15
190 3
18 14
83 20
145 31
75 13
265 8
490 6
175 32
185 1
27 7
352 29
476 6
400 19
50 13
39 28
19 20
30 29
129 12
8 17
494 10
369 31
269 6
352 23
269 1
404 23
123 15
55 30
116 22
184 1
186 14
357 29
449 26
93 1
498 8
201 15
181 13
453 2
130 17
96 22
193 15
192 23
457 31
116 16
52 3
441 22
372 13
146 16
34 10
100 11
189 32
226 1
72 6
22 29
186 26
98 6
320 29
396 5
387 15
52 15
161 4
232 32
140 21
203 22
466 30
260 14
453 25
226 8
367 16
76 20
69 21
134 16
166 21
220 12
40 8
194 20
115 29
84 27
5 2
484 14
292 15
327 28

