256
23 18
64 30
356 13
184 16
145 25
198 6
257 28
165 2
68 28
470 16
345 13
350 14
13 15
77 31
131 2
67 5
331 27
22 26
71 29
246 12
341 19
321 29
223 21
234 14
328 28
154 29
304 7
162 28
321 10
6 23
395 21
307 30
259 28
263 21
88 32
248 13
303 16
229 1
256 7
18 20
18 11
108 9
377 25
488 5
358 30
351 13
122 21
330 32
40 32
412 8
304 20
408 18
79 28
482 7
302 31
270 3
374 9
343 26
497 15
299 2
380 25
310 29
10 23
232 29
435 15
28 22
154 23
195 5
275 24
419 20
26 4
99 31
64 1
1 12
475 23
117 26
151 27
206 28
417 17
61 7
284 28
292 1
375 2
21 5
13 15
428 15
478 14
289 29
171 5
304 29
291 21
203 10
347 12
453 31
401 29
318 28
453 1
472 11
95 1
327 27
135 6
497 1
484 22
5 2
130 5
354 21
81 20
66 7
20 2
41 28
383 10
103 23
319 18
13 13
270 15
223 1
148 16
17 7
209 29
488 30
33 6
462 25
101 15
391 24
397 4
39 15
493 9
317 23
419 5
427 12
223 10
92 6
73 12
353 29
185 20
322 9
385 12
34 18
310 32
457 10
59 28
188 16
192 28
418 30
36 9
150 18
198 21
480 10
405 4
402 9
375 31
9 16
358 18
449 4
318 9
77 20
456 5
483 8
324 9
109 32
97 14
321 2
203 8
415 3
335 16
47 2
242 27
173 24
449 17
471 30
229 7
345 29
367 20
36 11
228 8
402 12
106 26
321 24
374 23
266 12
254 4
269 19
218 29
150 10
265 4
283 6
371 24
382 21
455 5
427 6
412 8
209 1
402 29
176 3
115 17
186 24
104 27
418 18
99 20
339 4
187 2
209 1
249 10
146 3
358 20
88 25
104 24
490 29
176 17
483 6
310 12
213 21
474 6
438 29
197 1
288 16
398 8
496 26
289 5
52 30
417 3
118 20
138 15
80 13
476 14
306 1
81 14
49 31
499 27
331 12
115 26
135 28
465 10
361 17
271 16
250 7
254 3
262 11
178 9
55 17
254 8
289 14
81 5
92 7
27 6
478 25
391 12
356 31
242 8
459 4
331 28
254 8
279 3
474 16
207 8
312 32
91 16
145 3
492 25
454 19
10 27
11 29
247 31
107 28
434 10
203 29
477 8
200 3
174 22
414 20
405 17
339 12
28 31
370 20
71 23
390 21
458 16
333 24
118 11
395 20
356 17
20 25
256 19
439 1
244 13
160 5
133 6
348 29
184 29
32 27
244 21
39 5
24 31
108 18
309 14
397 29
302 20
349 21
134 15
337 14
343 8
230 24
197 1
340 16
145 3
486 16
495 24
292 26
246 15
11 31
252 15
71 25
322 15
461 8
409 1
185 24
496 6
431 20
342 2
424 2
492 13
78 26
285 5
355 26
472 30
288 15
124 18
128 14
480 20
105 29
237 9
344 28
406 2
276 19
395 19
288 6
459 5
75 3
438 17
477 29
350 20
131 26
474 18
123 5
50 27
193 26
71 20
221 16
161 4
426 23
194 21
496 21
430 26
99 3
55 19
275 24
339 9
229 12
367 23
264 32
281 17
405 19
344 13
178 25
473 3
263 6
168 11
22 17
180 17
463 14
47 17
490 9
345 22
48 19
273 4
330 29
472 10
108 23
211 17
23 7
240 30
52 11
396 6
355 11
46 13
161 24
109 30
181 21
219 20
368 31
243 25
396 10
283 11
233 25
139 15
379 14
392 10
488 19
355 18
214 4
214 22
196 26
375 28
127 5
455 22
84 6
42 31
467 16
185 15
168 3
306 6
53 9
328 8
484 30
438 25
138 23
422 29
325 32
412 31
240 6
296 7
119 1
5 26
161 13
284 24
364 5
78 32
138 13
159 9
142 32
21 11
99 14
315 7
89 30
225 16
296 24
3 14
356 27
499 8
400 15
48 23
427 29
382 32
233 28
388 18
488 8
5 18
201 3
212 1
397 28
321 4
455 7
457 10
33 24
30 8
442 17
398 24
53 19
284 21
171 31
362 10
283 2
299 27
37 18
476 5
445 12
328 31
322 24
412 18
443 25
490 20
369 23
456 21
18 3
409 24
113 15
49 7
488 27
82 20
208 29
12 24
56 31
254 25
475 29
82 5
458 3
153 30
310 4
451 3
198 27
366 6
333 26
409 25
464 14
400 31
250 4
26 17
250 11
33 24
295 18
345 28
37 21
282 14
456 12
24 29
146 9
166 15
6 14
3 21
267 18
195 4
165 8
172 23
350 28
194 24
170 10
100 2
386 13
403 21
316 30
197 29
166 19
143 7
140 17
195 27
251 13
274 23
460 18
385 5
1 27
156 26
116 15
227 2
487 9
194 18
406 7
467 11
105 25
445 24
310 11
150 12
379 16
178 10
221 15
350 13
141 10
95 12
260 1
109 19
302 3
104 15
193 18
482 1
383 10
40 20
417 10
103 11
465 32
337 25
194 2
257 22
191 11
442 3
24 14
253 21
204 24
235 24
130 28
44 20
346 16
407 26
477 5
260 17
492 24
477 18
134 13
223 4
288 8
478 3
418 26
339 5
438 25
369 27
493 20
430 26
199 20
451 27
48 22
319 27
158 19
76 7
232 19
466 23
314 16
33 15
25 15
352 26
499 16
232 27
335 1
32 6
200 6
412 11
44 11
138 9
377 17
343 28
11 24
182 29
455 10
407 16
288 30
497 31
181 29
481 16
241 13
253 17
346 20
391 13
98 32
293 27
241 3
286 19
147 8
279 1
385 26
284 9
499 25
163 4
361 31
399 17
7 7
245 29
18 28
445 24
163 30
294 11
428 7
358 26
250 12
379 31
377 10
11 28
146 13
407 22
19 17
311 22
159 7
82 16
394 26
495 29
319 24
163 23
219 4
172 12
360 10
454 20
416 16
111 21
340 13
419 7
173 17
236 19
487 13
211 25
398 9
437 29
345 27
463 31
323 2
382 14
388 20
121 31
151 16
215 31
100 29
201 25
213 32
307 4
456 13
80 17
426 16
69 22
170 31
184 8
369 29
25 12
252 22
58 19
229 28
245 32
109 21
156 5
84 3
224 31
183 3
243 4
22 28
229 28
46 12
35 26
329 24
21 24
409 14
334 17
54 26
168 2
226 8
186 1
490 14
347 24
64 14
132 2
457 20
481 2
124 31
120 8
426 32
383 2
422 9
174 23
146 2
340 16
17 29
32 18
286 15
29 26
172 4
139 4
224 23
481 23
485 32
2 11
92 28
448 13
452 30
43 6
315 26
173 7
110 4
40 32
434 32
449 13
432 19
436 27
409 21
205 29
220 14
7 19
293 19
27 13
428 1
46 14
302 6
276 16
273 11
11 27
234 7
15 13
249 23
23 1
71 23
401 30
488 4
453 13
214 15
377 5
400 10
234 9
491 5
316 23
175 6
321 24
488 24
425 4
490 11
244 24
230 1
349 5
404 5
349 25
132 9
109 3
498 14
83 32
202 3
103 32
428 7
283 20
462 27
151 11
210 27
214 7
391 23
359 30
215 28
262 14
284 18
80 22
211 27
121 16
265 11
139 4
498 5
107 15
184 14
114 5
4 27
35 2
93 21
391 12
304 20
357 20
21 9
221 3
451 29
198 31
64 32
258 25
460 25
223 3
474 32
239 13
367 17
426 11
370 12
118 21
467 15
112 3
115 16
273 25
173 22
483 20
157 24
500 24
456 18
463 21
410 1
109 12
326 14
86 23
349 12
71 23
382 19
357 16
366 29
264 14
450 30
329 6
337 12
74 5
50 24
73 15
236 26
86 9
67 15
311 32
226 10
434 19
416 15
306 29
271 9
23 29
166 11
326 27
31 31
499 20
286 23
390 14
456 27
286 23
497 21
290 3
182 11
33 25
217 23
229 4
111 31
208 5
306 1
483 32
136 29
119 21
255 20
146 3
186 24
437 22
232 14
108 9
152 13
361 17
183 21
356 1
396 19
421 29
299 3
240 18
87 14
59 18
217 8
256 14
339 12
287 10
121 27
334 16
239 18
140 9
487 19
65 26
261 14
434 24
92 17
197 15
382 15
224 30
163 19
55 21
374 13
423 22
87 16
265 13
154 5
97 8
103 30
373 28
499 22
127 26
330 27
472 3
134 7
364 32
377 10
148 22
110 18
95 29
382 16
373 3
468 30
26 10
335 10
489 5
55 23
126 4
142 6
150 27
496 5
422 5
282 13
474 3
195 5
439 32
132 8
314 7
485 11
224 31
440 21
355 18
179 32
433 28
133 26
446 17
446 15
1 11
492 14
321 26
246 12
317 5
423 26
31 23
172 27
429 23
467 23
308 25
318 28
317 27
173 10
79 18
185 31
400 20
256 8
65 30
479 5
434 5
214 13
11 1
219 15
347 21
73 30
33 27
97 1
193 13
167 31
90 3
201 25
230 8
208 2
13 19
378 7
291 3
411 18
475 25
92 25
17 5
178 25
259 14
102 19
394 4
73 23
322 13
323 27
432 14
196 25
272 1
95 23
15 17
216 5
337 7
13 21
175 18
105 9
315 6
235 24
177 11
394 14

