256
266 4
60 13
227 6
198 23
131 10
449 25
447 10
325 23
363 19
308 12
462 31
170 13
86 12
136 24
63 22
244 5
1 31
445 20
120 15
498 15
312 2
363 30
188 20
453 2
314 4
93 15
451 7
439 32
366 22
387 24
223 10
460 4
137 13
155 12
103 32
210 18
302 1
376 13
316 4
242 25
439 27
403 9
301 2
276 18
119 30
297 2
496 5
269 16
365 27
91 11
426 21
232 27
77 11
67 8
286 21
372 21
495 6
317 15
319 5
312 30
106 8
131 9
68 3
436 28
173 19
398 22
31 2
29 27
440 23
202 26
107 1
154 25
198 10
99 13
414 6
306 16
222 8
324 25
38 16
221 6
490 26
363 8
451 11
478 7
190 3
320 12
455 13
101 8
294 11
20 4
461 29
431 30
464 10
470 13
217 10
414 26
12 13
77 30
19 2
408 24
436 3
356 6
51 8
246 5
6 1
404 2
294 26
499 1
291 21
462 28
362 31
65 1
355 22
391 2
47 2
433 27
377 28
76 19
447 13
123 21
86 30
122 11
63 21
339 26
293 24
65 6
27 9
83 1
122 5
106 21
122 27
355 10
382 14
277 25
251 19
485 8
129 2
418 7
78 28
248 30
56 20
228 10
145 10
166 26
282 12
138 19
14 28
105 27
274 25
75 4
131 31
63 27
369 28
302 22
87 1
168 10
65 23
427 17
204 29
326 13
68 24
91 13
159 27
327 28
427 26
159 30
164 9
168 24
52 25
478 27
370 1
484 14
391 23
494 22
207 7
282 26
338 32
206 17
271 12
132 13
285 11
458 29
363 2
480 23
298 1
257 19
157 20
452 23
2 29
344 28
468 13
481 1
53 26
153 7
70 29
223 10
427 29
302 25
10 26
407 23
294 31
326 27
255 9
349 28
426 29
464 9
21 12
49 21
334 26
99 11
190 14
108 28
354 26
256 7
247 3
169 12
29 6
490 19
123 23
39 20
235 6
292 27
1 4
32 22
97 10
88 18
451 20
253 32
309 1
18 31
375 3
446 3
384 16
186 22
478 4
405 24
429 4
170 25
92 1
115 4
183 14
474 1
453 2
141 13
438 6
167 4
48 21
215 16
400 28
289 9
327 14
292 7
93 17
387 24
14 13
372 28
407 17
180 27
274 28
472 20
330 18
375 9
102 29
160 9
192 29
81 22
494 16
476 26
185 27
122 18
215 13
245 1
41 8
184 14
244 3
377 5
496 24
301 26
192 5
154 12
409 19
105 10
310 29
339 2
147 20
43 29
304 31
186 28
211 25
362 10
79 10
378 14
193 26
375 21
138 9
472 30
467 32
151 28
360 10
270 18
153 16
219 29
451 12
4 21
328 1
466 30
307 11
479 11
372 18
235 2
86 30
259 20
134 6
179 25
103 12
203 11
464 25
63 10
28 31
426 7
135 27
260 9
85 14
440 8
147 18
169 24
380 8
487 13
189 26
209 27
317 15
249 32
35 12
193 10
82 6
268 8
360 19
157 4
321 4
104 31
121 20
403 4
51 1
216 7
406 21
233 31
391 6
2 10
497 7
339 26
16 3
145 12
485 17
375 21
248 26
124 9
102 10
72 8
266 28
95 4
268 15
98 18
12 31
83 4
497 14
437 17
380 30
444 4
234 10
373 2
148 12
406 17
225 21
252 30
468 6
217 31
377 2
97 8
265 11
248 5
304 8
329 7
469 16
251 19
90 3
240 29
322 29
337 2
473 4
91 1
286 32
379 30
473 15
253 1
358 16
54 17
388 26
196 28
154 2
262 3
420 1
331 17
497 11
490 14
106 16
114 23
91 12
256 16
171 25
4 20
360 21
40 31
439 27
307 24
32 8
38 31
421 24
43 5
238 32
90 15
168 31
438 30
47 25
173 5
53 29
96 25
437 27
363 31
222 17
170 17
441 15
56 1
278 30
481 7
186 23
210 13
125 27
462 31
43 23
239 4
367 26
64 3
25 18
30 10
299 23
202 27
258 9
303 11
59 31
402 4
57 7
300 10
461 25
204 19
99 11
302 1
332 17
120 24
143 5
453 5
199 27
383 32
411 25
47 9
171 28
416 12
262 27
409 2
328 28
428 2
258 10
447 10
298 6
445 28
66 2
232 4
52 30
276 30
150 14
487 13
121 18
400 10
469 12
307 32
123 30
277 13
167 3
322 1
140 22
256 17
15 28
173 18
305 24
232 15
269 22
479 13
323 18
122 19
37 32
290 3
13 19
391 4
141 4
496 29
330 31
337 16
90 1
262 19
308 17
53 28
414 27
316 12
408 29
379 8
364 16
306 25
438 25
260 23
260 31
63 21
357 31
285 23
112 6
45 23
242 9
495 27
127 26
242 14
99 4
33 18
492 30
42 21
238 5
359 18
259 29
290 32
24 10
266 27
323 30
53 4
406 3
70 8
61 4
121 19
135 9
472 26
342 14
407 28
18 25
429 21
390 18
392 17
144 9
399 10
318 27
382 11
202 11
310 26
318 6
420 21
434 15
430 19
108 28
58 14
453 26
402 10
56 21
458 7
153 4
16 2
158 29
396 27
52 29
472 21
486 31
173 15
486 23
397 9
290 15
70 6
292 23
139 19
319 8
397 7
451 9
144 9
13 19
319 12
95 23
285 16
385 9
350 2
411 31
167 17
53 32
498 20
263 5
43 1
232 31
404 23
203 15
143 12
438 1
483 16
455 23
464 12
76 29
265 30
263 23
242 7
371 4
11 13
228 1
65 19
195 20
493 6
219 7
317 4
152 7
39 30
418 18
149 29
19 22
182 9
196 8
448 2
367 10
50 18
214 27
52 8
286 13
157 16
235 29
11 26
124 6
344 1
255 32
385 5
257 22
406 1
193 29
222 7
14 16
4 15
442 28
338 23
156 3
83 26
319 25
276 2
198 11
482 21
314 30
429 31
136 6
227 16
390 32
91 7
275 14
185 24
205 11
443 16
17 21
250 11
173 29
129 11
495 14
27 16
180 23
230 31
493 12
198 30
108 4
341 26
86 25
98 26
47 32
2 15
120 19
102 32
127 6
366 21
395 8
280 30
51 18
444 27
169 10
128 8
281 28
362 30
345 19
360 23
54 1
158 5
111 31
168 1
192 14
209 22
277 24
364 19
53 15
221 6
300 5
201 5
168 14
150 20
224 25
255 17
369 16
301 11
22 25
419 17
354 31
354 26
319 25
309 31
376 25
296 31
229 17
107 29
410 5
260 30
117 26
114 22
277 3
316 22
87 11
66 32
213 12
273 31
488 5
106 11
462 1
390 26
249 12
290 15
456 6
496 13
267 25
58 8
227 1
397 21
311 3
456 20
234 13
258 17
309 15
288 14
116 5
16 32
376 29
374 32
58 25
404 1
34 13
72 12
389 4
425 24
134 20
427 19
460 28
292 17
251 31
242 26
459 5
81 18
414 7
17 3
379 28
499 16
436 10
24 21
390 28
376 19
31 22
94 15
337 9
111 27
315 28
304 9
461 13
458 2
43 11
48 17
450 7
333 14
116 28
210 29
155 13
232 5
238 21
27 18
61 17
13 3
341 32
499 13
52 4
378 30
134 17
15 20
471 15
321 7
406 2
147 32
318 18
448 15
54 23
480 2
463 12
192 19
160 14
159 23
350 12
157 31
313 3
270 19
73 18
73 26
471 28
241 32
449 28
194 19
14 14
172 25
17 24
335 4
405 10
91 22
381 15
89 17
473 6
328 1
300 28
22 10
471 18
58 4
301 23
478 31
276 9
347 29
12 1
24 5
26 26
22 31
64 14
451 24
320 18
80 11
178 17
388 4
66 29
271 15
400 28
237 23
249 3
171 4
115 19
380 13
12 2
399 20
363 25
463 2
479 3
152 24
199 32
7 21
188 2
335 15
229 15
466 1
5 24
293 19
182 12
463 22
425 9
121 28
414 19
173 12
329 9
251 8
216 29
496 3
238 30
194 27
252 23
147 28
294 31
78 24
463 13
21 23
105 21
230 22
427 15
261 28
227 3
487 30
120 30
48 29
163 17
175 6
399 18
373 21
112 14
372 26
194 24
165 15
88 2
168 18
148 5
121 6
291 15
19 6
440 3
267 6
159 25
367 26
114 11
454 26
393 25
3 18
272 3
236 27
413 4
224 20
36 25
138 14
303 28
236 19
426 22
196 17
146 3
346 24
5 23
189 5
179 3
39 30
210 22
160 10
381 3
33 32
79 22
242 2
30 1
328 15
182 11
391 3
289 8
290 26
238 10
394 12
169 20
365 18
58 32
351 2
259 23
206 29
257 15
422 30
127 17
240 4
124 11
338 8
70 32
57 16
457 31
75 21
86 4
354 27
167 32
285 5
291 30
114 3
140 31
332 26
136 11
277 11
405 2
22 7
445 19
134 10
233 16
378 2
499 4
313 22
139 25
442 25
290 27
475 1
442 26
398 9
81 22
187 25
491 4
311 24
138 20
337 6
4 30
40 22
149 4
19 4
152 5
216 17
15 23
221 24
52 10
236 20
143 18
321 21
482 11
420 11
279 12
193 2
322 24
487 10
435 2
109 22
466 9
26 4
71 22
140 14
67 27
106 29
149 14
193 2

