256
169 6
166 13
23 3
18 13
194 10
206 17
199 3
316 10
188 28
98 1
65 25
327 24
41 17
45 2
440 31
478 4
448 15
68 14
322 13
222 19
466 19
187 12
405 19
270 21
150 27
397 2
475 3
253 12
455 5
453 26
403 31
354 7
277 13
172 30
62 14
464 15
172 19
395 21
5 16
169 18
382 29
219 29
139 11
76 17
471 20
338 17
14 7
427 31
316 11
92 13
344 12
107 23
410 21
443 2
16 19
271 14
27 5
458 13
163 17
461 29
116 7
209 22
193 4
124 32
438 15
88 5
474 7
499 23
47 6
500 31
404 10
312 7
110 21
299 28
5 16
108 8
262 5
453 2
8 16
166 21
495 13
429 24
151 19
55 14
220 6
112 16
28 23
258 29
395 8
113 15
371 16
222 12
240 19
290 27
102 15
43 32
411 7
416 14
102 6
111 17
227 6
148 26
348 21
95 6
17 15
196 19
278 9
371 18
443 12
264 29
466 27
344 20
481 19
289 26
432 27
255 3
176 10
264 27
11 18
320 27
416 19
413 30
432 11
211 22
294 26
474 15
484 14
487 21
280 3
398 24
230 24
222 29
258 21
280 32
195 23
146 6
466 6
303 5
193 17
474 6
43 12
97 30
469 23
194 24
209 32
459 22
447 8
195 24
369 10
323 3
276 16
24 9
378 11
489 6
43 7
259 5
114 31
315 10
437 20
181 14
303 16
287 10
23 21
453 19
158 24
453 30
95 29
26 28
7 19
393 1
181 12
338 10
6 8
79 31
363 19
144 14
250 14
415 25
115 23
15 32
494 32
205 21
296 3
412 2
449 17
202 13
308 7
274 5
394 8
311 9
462 14
274 28
236 12
188 30
406 30
473 16
21 26
192 24
112 19
321 16
111 27
188 30
265 17
83 15
16 5
267 17
199 12
244 14
79 31
135 24
485 7
439 25
136 10
173 27
437 9
158 31
219 5
317 4
361 31
494 12
143 8
409 21
3 8
126 9
83 12
120 3
71 7
423 18
392 11
157 12
292 22
79 22
215 7
345 15
145 10
303 7
153 23
480 3
214 29
439 4
421 11
66 27
321 1
400 32
287 24
96 30
74 22
440 8
68 12
362 32
326 16
350 6
78 1
485 4
490 19
291 6
37 13
252 13
49 11
273 23
59 24
265 16
41 8
419 8
339 12
23 8
500 12
142 1
257 22
220 10
252 11
7 5
71 14
497 3
408 29
305 26
488 13
97 32
272 31
191 7
499 13
126 6
289 27
426 5
96 10
142 24
212 28
340 10
405 12
252 32
161 4
130 28
125 2
380 4
445 2
210 11
135 24
144 7
306 21
319 2
418 24
453 17
311 20
262 27
183 5
230 7
421 19
491 25
437 30
292 21
291 6
175 13
41 14
199 14
238 29
99 32
32 7
488 6
46 10
408 25
114 26
423 22
348 1
430 32
486 10
16 29
427 18
405 11
359 28
164 1
324 7
308 12
17 15
401 7
396 17
143 6
150 29
247 21
330 9
281 27
102 8
295 32
338 32
346 24
155 1
348 18
475 23
37 20
302 14
406 29
450 24
262 7
464 29
95 17
389 15
164 22
375 2
369 16
157 30
463 27
426 31
493 5
317 9
244 26
170 17
19 19
48 24
217 27
140 20
8 24
390 23
17 24
480 1
179 25
154 14
151 28
156 31
184 32
376 23
442 29
75 16
164 14
239 8
336 27
395 19
406 29
365 31
400 1
11 27
333 29
424 11
96 19
330 23
402 17
57 11
101 19
302 28
456 1
348 7
271 30
338 12
378 2
154 14
398 9
60 26
181 15
269 28
265 14
258 18
6 30
361 10
500 22
74 15
406 9
97 16
366 14
56 32
340 5
225 17
225 20
171 17
470 15
236 2
240 29
251 25
10 15
350 9
125 7
315 26
47 12
58 21
49 5
8 8
173 32
477 22
219 3
6 20
141 18
273 12
438 7
124 8
338 5
160 26
100 7
195 26
90 28
262 10
68 1
230 9
204 10
342 18
408 3
461 28
292 25
427 2
460 10
381 21
226 24
462 25
14 32
27 15
112 32
445 27
409 10
475 32
231 32
386 30
367 22
185 22
431 31
91 14
364 31
390 21
11 15
470 20
210 32
331 9
283 27
204 31
300 6
7 22
198 16
19 8
441 11
425 19
369 20
464 16
338 1
24 8
407 17
224 29
488 30
289 15
180 8
165 27
374 11
212 19
118 2
486 31
136 22
133 20
277 17
87 27
153 6
314 32
455 29
28 6
442 32
416 17
364 1
303 21
455 26
159 5
95 32
335 6
405 19
85 30
267 27
148 20
133 25
331 23
350 14
232 15
377 16
468 20
228 10
328 26
488 14
458 30
481 32
16 2
463 28
271 21
123 22
148 23
82 26
45 3
39 8
426 20
423 17
359 6
366 15
388 29
376 29
139 9
341 30
446 15
105 8
31 15
189 11
185 10
360 17
405 11
209 30
18 15
426 4
337 7
414 20
348 14
272 30
350 12
491 31
266 19
214 29
174 2
179 6
375 10
143 23
140 15
460 17
37 1
385 17
28 6
448 11
291 20
212 8
183 2
138 25
148 11
449 21
456 27
235 23
368 17
109 24
431 1
16 27
305 28
192 8
402 15
206 20
62 25
184 1
470 1
397 14
24 13
142 23
323 28
161 10
456 26
49 10
42 9
205 26
316 16
178 5
238 19
261 32
356 20
396 5
116 24
146 31
488 20
322 10
367 2
351 27
455 20
412 20
316 8
194 31
363 15
200 21
309 28
252 12
107 19
341 2
142 2
65 13
477 22
290 4
71 8
222 18
95 1
373 22
101 18
245 31
140 24
415 1
107 6
464 1
16 28
138 1
142 2
137 18
439 2
17 14
122 18
239 4
371 3
478 27
29 14
137 20
17 12
468 23
421 32
39 9
87 24
445 24
230 22
402 16
211 30
381 32
8 27
400 2
82 29
52 18
98 20
481 14
91 25
292 16
84 26
300 18
357 32
102 10
29 19
458 12
272 22
423 31
161 14
360 14
198 27
55 19
451 3
464 13
39 3
404 18
84 19
496 13
3 13
230 7
451 15
122 14
229 29
205 21
218 12
482 20
179 32
414 21
274 6
373 29
484 29
286 4
183 17
212 1
229 5
68 27
480 25
105 24
437 21
96 31
428 13
422 6
316 23
86 13
416 27
401 4
87 23
319 5
467 22
158 4
322 13
226 13
469 6
360 26
194 15
412 26
235 9
79 6
19 25
491 27
327 27
186 9
77 4
385 24
385 18
443 18
322 24
211 3
54 2
48 23
229 19
220 11
143 15
365 25
19 3
447 25
97 16
109 14
487 13
421 11
91 31
133 28
234 27
54 19
264 25
386 12
411 25
159 5
459 7
418 13
81 16
173 5
200 5
54 18
478 22
261 16
40 25
331 10
87 9
412 14
337 5
46 12
458 16
4 4
78 13
245 30
137 21
186 28
50 20
373 11
65 9
94 29
229 4
82 19
160 1
369 13
494 26
300 3
469 7
70 30
224 22
407 16
435 28
47 4
183 23
362 24
256 7
56 32
82 25
151 22
481 19
442 30
284 25
128 20
395 6
149 18
363 11
181 5
498 11
132 21
350 21
280 1
151 31
440 5
323 18
178 15
460 27
129 15
211 12
346 17
305 18
75 12
252 3
168 2
186 24
282 15
144 1
343 7
247 14
231 21
224 4
223 3
378 15
130 16
459 19
192 11
173 2
134 32
225 6
25 18
453 22
148 8
218 14
94 20
123 24
88 26
231 11
233 24
13 14
47 19
40 7
438 4
208 19
340 12
372 4
45 20
22 28
272 15
33 9
259 4
41 10
353 27
156 25
83 13
150 25
195 6
219 28
105 7
55 12
414 6
160 15
102 9
354 21
123 19
441 25
246 29
79 18
104 22
239 10
458 16
166 1
281 1
284 30
367 10
33 24
116 24
294 9
76 16
441 23
238 25
283 23
214 17
284 13
299 18
206 8
114 23
408 22
311 4
131 29
233 28
161 28
207 26
416 19
453 32
185 10
441 23
376 14
32 8
174 14
385 15
289 26
305 29
244 28
92 2
496 12
389 12
24 16
462 11
82 14
351 10
160 3
436 23
148 7
398 9
500 23
403 9
484 27
337 31
174 4
305 14
455 29
177 22
492 30
473 13
256 11
190 3
465 22
301 28
296 23
136 16
185 26
436 28
448 28
99 10
403 27
143 13
299 15
39 3
309 3
215 24
185 5
330 25
234 18
112 21
180 23
28 20
488 27
236 3
438 10
408 20
440 2
401 26
369 3
28 29
301 11
444 17
499 13
485 8
254 28
464 6
46 32
149 1
158 8
319 16
421 15
139 20
128 3
450 32
329 9
376 9
71 15
113 1
91 1
4 25
44 4
130 13
15 22
325 28
366 16
119 14
74 14
350 13
148 15
49 21
275 8
105 10
95 22
118 17
166 18
381 18
145 6
354 23
492 11
330 25
174 29
346 23
410 7
299 25
493 15
33 12
123 10
169 13
59 30
253 20
111 6
489 3
347 3
265 6
373 11
398 6
247 4
144 16
290 30
64 31
141 21
254 3

