256
433 23
417 15
112 7
356 15
226 12
127 3
471 20
355 29
66 25
312 13
157 30
119 30
15 9
202 18
158 4
445 26
323 9
356 30
23 32
312 28
127 6
171 29
393 9
9 7
173 1
195 6
398 14
119 12
270 4
218 28
128 26
369 2
374 29
235 16
288 10
199 6
187 9
214 7
97 27
241 18
247 32
303 24
101 25
408 2
93 1
149 4
138 18
21 27
446 3
462 9
4 20
498 26
381 15
472 13
137 13
450 3
352 20
379 24
377 30
173 9
114 22
392 23
191 16
317 20
370 26
220 29
289 9
414 9
131 21
350 32
301 19
2 12
255 28
455 19
17 28
451 22
449 6
232 23
105 28
478 6
177 5
198 2
265 23
338 3
199 31
14 12
338 4
151 24
247 26
426 24
85 4
97 5
69 25
375 29
80 4
498 9
252 3
426 20
157 19
114 3
154 24
354 3
347 5
286 25
314 3
60 18
438 29
134 14
189 16
382 8
63 11
376 26
425 25
181 5
268 2
435 29
273 21
263 19
349 24
416 22
462 27
263 31
483 28
256 11
255 21
291 29
367 2
482 11
171 2
223 6
307 21
210 28
1 32
402 1
223 25
362 16
144 28
434 10
371 25
1 1
177 7
145 11
308 18
37 2
139 3
119 22
119 8
229 32
151 30
468 29
299 22
408 10
157 25
271 8
381 7
356 29
413 5
303 21
478 27
254 9
449 29
118 20
200 14
187 11
327 18
427 1
39 19
270 24
27 29
427 28
163 6
168 16
134 31
352 32
13 25
284 22
477 5
381 25
98 27
231 28
276 9
253 19
343 6
362 6
266 8
129 5
69 24
60 23
470 23
18 15
367 29
296 4
53 12
224 18
446 30
277 17
314 9
387 1
255 12
378 16
387 6
152 32
153 7
214 19
473 11
457 12
383 4
387 7
279 10
436 20
119 4
148 12
445 7
88 27
338 17
422 5
322 30
384 19
488 25
301 1
179 5
4 9
8 26
347 22
55 6
65 9
197 12
456 21
450 32
43 4
360 25
364 6
242 11
360 25
195 28
393 5
416 4
285 7
489 27
412 31
468 4
419 8
39 27
9 1
270 11
480 9
71 11
162 24
441 5
245 23
32 9
211 31
237 7
73 9
329 32
472 32
163 14
311 18
116 3
394 1
74 21
366 16
419 23
308 19
252 24
197 27
392 3
434 12
253 30
205 9
342 28
228 32
417 14
409 17
61 2
269 30
378 26
481 20
365 20
6 12
43 14
102 11
460 31
62 24
41 10
496 26
293 7
89 14
113 10
94 5
151 14
10 1
200 14
324 24
130 26
235 12
383 8
458 23
223 12
406 3
137 14
348 26
476 20
343 8
285 4
464 8
1 13
316 24
315 27
319 28
320 17
319 27
241 29
397 31
148 30
429 28
407 28
417 31
415 27
322 12
398 18
487 15
462 26
154 24
292 21
423 8
377 26
18 29
370 18
431 29
419 27
4 26
486 13
60 5
31 29
100 5
370 2
31 12
239 24
311 14
8 22
345 17
179 22
353 4
127 8
268 22
494 23
75 24
191 6
380 10
218 11
354 16
268 32
271 6
271 29
239 3
18 8
367 32
297 31
447 4
206 2
25 8
485 7
179 27
436 26
452 13
240 17
240 15
392 22
216 7
295 6
497 4
241 27
212 10
433 6
17 31
224 5
190 32
491 4
438 22
129 30
430 32
398 30
78 30
383 1
156 5
98 12
45 19
366 12
80 30
117 8
492 24
136 1
103 22
400 17
255 32
134 12
247 27
205 12
172 28
468 27
320 18
182 8
256 11
323 31
401 4
282 4
483 17
425 18
246 8
330 16
204 15
35 6
493 4
478 1
383 29
195 30
362 1
418 17
479 24
155 19
31 20
123 22
204 27
303 9
222 8
300 9
94 19
79 30
130 32
454 20
500 25
213 10
229 22
34 3
74 9
290 8
476 12
469 32
162 3
480 7
254 32
160 31
318 30
285 7
145 26
310 24
238 10
209 10
356 27
377 13
283 2
384 30
429 17
289 18
327 5
324 29
252 7
427 21
72 23
367 32
301 20
212 2
49 24
356 28
366 24
184 20
249 28
258 5
124 14
470 30
18 13
382 21
480 21
189 23
371 3
471 27
434 14
61 19
305 8
90 23
351 22
170 23
397 27
479 28
177 16
321 26
444 19
315 15
215 23
178 17
262 28
108 15
33 8
381 13
287 15
211 13
448 13
439 20
11 29
215 15
68 7
381 7
441 23
138 31
49 27
92 6
166 27
357 30
422 21
238 16
59 13
48 6
33 30
53 31
254 7
230 5
6 22
35 6
8 32
453 24
42 20
70 15
446 18
108 15
366 22
426 9
498 25
134 26
458 7
424 15
305 5
235 26
466 29
108 5
497 4
233 22
455 26
97 4
431 16
266 16
253 15
72 6
163 6
483 28
244 23
34 24
59 28
62 21
240 17
201 20
80 21
274 10
438 14
433 24
277 30
164 2
240 31
131 18
292 6
225 15
372 22
287 22
377 24
158 8
368 3
204 27
347 5
332 5
50 16
4 14
165 3
207 24
106 22
9 5
155 21
284 22
490 26
307 26
121 21
185 24
27 28
138 13
420 21
9 17
436 13
147 16
383 13
207 16
394 15
237 28
447 8
425 12
293 28
357 17
400 5
252 6
133 25
150 32
61 3
373 16
375 15
299 29
75 5
245 29
71 1
220 21
352 9
156 8
80 4
260 19
256 31
256 8
103 9
292 3
267 24
10 25
386 16
250 32
312 2
132 6
326 20
102 9
348 25
24 31
472 7
257 3
145 8
467 27
472 18
261 27
273 14
83 14
77 8
469 16
177 9
473 10
304 14
382 23
182 1
429 1
187 5
231 11
252 13
281 27
306 1
165 6
310 8
439 10
431 32
329 24
360 13
461 3
226 19
313 31
99 13
115 26
481 2
172 28
394 9
158 12
493 11
481 23
422 4
392 32
327 25
163 10
373 24
200 31
170 4
61 28
456 28
109 32
21 25
371 10
233 16
317 9
54 6
379 11
69 31
31 11
343 1
284 27
20 31
165 1
346 22
13 17
253 17
292 13
401 10
390 9
393 11
210 19
356 16
273 24
210 7
170 4
200 21
119 31
287 23
112 20
212 28
488 28
244 19
88 21
292 30
129 20
36 14
482 23
278 3
166 11
409 15
243 16
491 13
179 21
495 14
464 15
117 11
22 20
81 18
208 24
439 5
259 22
378 17
68 15
199 25
198 27
271 8
67 9
300 25
93 22
90 4
56 14
358 14
417 10
39 9
365 13
165 11
154 30
67 13
401 13
157 6
224 11
37 18
391 32
90 15
185 15
242 25
384 31
170 28
240 4
276 8
388 16
430 17
334 13
465 26
465 1
183 32
399 11
181 29
258 26
123 30
300 28
182 3
166 27
187 1
410 2
212 13
254 25
41 31
341 25
172 30
477 22
345 3
424 14
15 9
499 9
474 15
204 28
185 29
358 15
125 20
185 4
268 2
477 29
228 1
165 23
474 14
456 27
368 11
48 15
411 14
371 24
48 27
243 13
443 9
455 20
72 11
255 27
428 19
499 11
252 12
257 17
9 12
247 8
294 18
258 8
44 13
292 27
55 18
175 29
486 2
268 21
120 7
248 24
457 6
406 12
261 3
285 9
78 7
497 4
177 6
279 24
234 10
162 24
104 25
341 21
318 4
498 5
334 25
188 3
342 30
498 15
312 10
75 13
165 7
112 9
177 27
60 30
312 17
402 31
409 10
208 2
53 29
367 23
449 2
177 18
351 6
96 30
160 23
403 32
241 26
164 9
108 7
179 24
295 28
38 32
25 9
133 17
301 7
315 25
257 31
391 7
369 10
121 20
8 15
351 29
92 26
17 28
440 11
323 22
478 8
141 10
457 22
283 21
476 1
358 4
440 24
191 4
437 15
335 1
37 9
45 4
402 1
31 1
460 17
278 17
65 11
495 9
396 21
129 27
373 10
307 20
437 9
119 2
11 13
22 19
193 30
378 22
330 21
138 9
261 12
282 29
38 20
197 21
52 2
7 28
15 13
88 12
161 6
177 11
215 14
69 7
467 19
353 8
207 18
141 11
109 10
496 18
49 12
282 4
369 21
227 24
453 14
187 22
224 15
136 6
264 29
344 6
355 8
229 21
242 29
231 22
142 6
200 2
270 13
493 30
121 4
225 2
385 23
187 4
329 22
45 32
378 21
25 32
140 18
496 21
326 19
435 20
304 18
361 9
466 26
415 31
277 27
160 13
254 22
269 22
19 25
26 29
257 26
332 9
7 16
129 25
54 7
4 25
48 32
282 22
421 8
452 21
186 19
210 19
308 18
373 18
494 30
74 23
151 10
499 2
85 27
194 26
42 5
346 25
412 19
454 29
174 1
233 28
367 18
2 26
271 22
352 13
475 25
367 10
34 1
135 26
343 4
107 28
376 5
325 11
283 2
323 17
387 24
20 21
349 25
279 12
99 26
88 1
110 26
50 20
318 20
465 20
363 32
396 30
228 4
229 26
53 15
170 7
310 21
44 15
414 10
482 28
7 17
436 20
22 6
463 3
21 20

