256
90 3
370 11
387 10
56 2
220 27
173 32
112 3
235 9
147 18
334 9
88 22
371 29
136 2
159 13
396 7
394 5
281 7
347 19
133 2
276 4
164 24
439 3
262 2
355 29
231 25
189 23
70 19
35 21
244 17
1 15
295 30
327 31
9 1
445 21
426 4
344 29
372 27
215 21
160 10
245 14
462 22
208 15
344 23
235 28
491 3
430 30
333 29
212 5
133 13
185 31
80 16
351 11
162 26
436 5
339 16
211 4
113 22
182 13
216 20
248 19
354 17
344 22
137 11
230 10
415 18
32 7
442 2
297 11
151 16
128 29
412 2
140 4
311 17
184 3
88 23
437 26
108 4
331 20
38 9
217 5
326 4
447 27
482 27
426 32
327 21
473 10
242 28
465 12
137 29
430 16
79 2
369 26
497 24
134 19
464 10
339 25
450 1
260 19
379 25
266 5
237 14
146 2
54 27
381 22
259 27
265 9
380 14
79 1
37 16
115 4
265 9
140 6
89 15
348 3
435 10
376 19
203 21
352 32
131 1
445 5
247 26
282 22
47 16
354 11
423 8
434 23
272 9
253 24
176 20
31 30
213 2
133 20
278 4
23 5
68 8
353 30
233 22
292 7
345 9
213 3
317 30
306 32
422 22
152 29
9 18
59 6
291 11
193 8
26 11
180 18
386 21
111 18
18 2
248 15
251 8
481 27
161 10
210 11
399 17
383 8
394 1
333 20
483 5
456 25
91 7
306 1
371 24
298 5
170 10
455 4
61 3
42 22
425 23
8 11
464 6
82 9
331 30
245 17
142 24
25 17
186 18
413 25
98 2
297 3
311 15
38 28
37 3
297 29
181 16
488 32
193 25
353 27
187 5
40 24
148 20
264 25
246 24
241 15
442 13
461 4
139 22
327 12
280 15
192 16
426 15
104 19
100 24
493 30
256 24
169 23
300 29
87 17
312 32
239 13
68 15
209 7
48 15
86 27
10 25
138 27
308 25
405 15
400 26
248 11
133 32
409 28
200 16
328 16
27 10
468 26
116 12
152 27
415 17
193 24
218 31
210 17
423 31
135 7
216 10
181 8
297 18
132 5
289 15
212 15
229 15
408 16
411 8
211 21
500 31
100 1
85 29
445 20
127 15
34 18
460 10
190 1
7 29
309 27
483 24
461 3
402 17
407 32
132 29
340 15
371 31
52 24
452 32
167 22
427 4
272 6
265 1
346 8
485 10
270 7
25 11
178 7
451 28
294 18
404 26
416 18
276 15
433 19
167 19
157 29
150 16
330 3
240 8
390 12
33 11
42 18
389 27
40 15
6 29
124 13
466 32
387 14
62 7
320 28
270 8
172 15
107 26
37 6
233 26
421 17
85 3
26 25
385 25
368 19
398 7
3 11
234 29
308 20
412 24
375 29
307 7
451 22
104 28
111 32
265 12
452 25
198 18
26 10
394 25
176 31
235 27
6 5
271 1
468 26
292 6
214 23
444 1
364 11
4 6
234 16
209 26
469 30
367 26
340 20
90 3
403 16
397 28
348 20
424 11
201 20
361 3
18 28
283 21
203 30
58 16
257 11
177 21
24 19
274 15
155 31
82 25
243 14
168 2
349 15
257 14
158 29
168 11
272 18
259 30
439 25
466 27
83 22
124 10
389 29
173 15
464 10
303 10
83 26
295 24
412 23
333 10
19 20
96 11
153 19
320 19
23 21
341 13
279 28
414 19
65 14
61 20
191 7
233 14
332 7
57 7
282 9
164 16
444 4
294 32
318 2
390 32
250 30
148 32
46 1
194 18
147 18
489 5
468 1
462 23
99 22
246 4
462 13
32 25
372 13
352 5
142 9
232 4
175 15
419 32
440 21
33 30
70 21
274 30
93 20
40 27
105 17
275 7
46 18
323 13
334 23
458 12
471 21
219 5
68 17
68 19
453 20
444 11
324 17
264 28
304 27
163 13
440 21
179 9
446 17
253 3
379 6
458 6
103 28
198 30
313 14
380 17
69 31
491 9
391 2
364 19
409 26
455 8
314 17
184 19
337 4
242 8
202 3
417 4
375 22
473 11
231 16
155 4
26 22
248 28
399 15
314 19
489 12
358 22
104 9
265 29
181 30
8 22
204 16
185 30
389 25
468 8
212 3
123 21
472 22
356 14
332 30
381 12
289 26
474 5
131 10
185 15
95 4
396 6
467 28
80 23
292 11
326 27
373 8
443 4
169 30
66 1
171 18
24 4
35 13
56 13
86 8
179 28
283 30
182 29
357 5
455 12
11 17
354 28
80 20
431 21
298 16
453 12
145 32
131 12
325 22
196 2
129 19
294 7
152 31
11 9
87 22
8 17
98 26
332 29
361 11
129 30
110 5
478 27
261 24
434 17
498 29
198 10
59 15
389 31
317 19
71 15
364 26
500 13
143 11
342 32
445 26
13 15
255 6
309 3
154 14
303 11
426 4
128 25
195 4
47 31
415 29
118 30
250 13
443 9
299 20
100 12
105 4
150 11
306 2
225 7
403 31
109 24
83 4
164 21
104 6
491 30
30 32
499 24
76 5
24 3
76 7
470 5
86 7
391 19
428 28
349 22
346 9
361 28
249 29
56 20
438 3
73 4
6 11
247 14
364 26
308 7
244 29
471 9
247 26
72 10
329 20
59 14
433 11
306 9
295 25
384 9
259 12
52 29
378 6
198 5
271 25
384 30
133 22
46 23
67 1
108 3
241 30
273 17
436 26
57 15
290 20
167 13
247 2
17 20
367 18
421 5
70 4
2 30
361 7
136 8
16 19
26 28
112 26
280 23
227 4
333 5
127 27
269 21
68 25
52 2
350 32
422 19
127 7
176 28
322 3
119 21
109 12
444 4
294 27
470 24
410 31
92 20
153 12
464 21
348 15
358 13
339 28
319 17
54 14
156 15
360 14
211 4
270 18
39 31
228 1
138 9
15 18
228 23
441 3
91 1
58 1
337 32
80 12
416 29
205 28
360 9
197 14
384 2
76 19
380 11
135 22
496 17
99 15
167 3
266 18
179 3
58 16
422 13
375 17
269 19
260 20
143 21
50 7
274 1
301 22
483 11
375 30
435 17
53 1
363 30
210 22
344 3
409 1
255 31
305 24
361 29
355 12
225 12
234 6
84 10
355 23
320 5
396 14
405 32
206 8
117 32
13 28
34 1
428 17
55 13
16 15
149 18
474 25
478 11
222 9
92 25
479 7
9 19
16 18
174 2
385 15
489 21
102 2
169 6
14 19
262 25
193 26
455 27
134 8
373 15
344 25
135 15
227 4
49 19
409 18
316 13
12 20
393 10
177 21
495 7
487 32
275 7
369 9
197 10
160 6
60 32
386 31
178 28
190 14
58 22
447 1
94 31
176 2
128 9
398 22
247 28
81 13
266 13
250 3
154 5
384 13
116 5
111 17
84 12
370 14
101 29
366 2
331 2
383 2
246 24
431 24
367 11
364 21
163 25
95 12
374 30
84 1
450 3
134 1
346 15
378 15
375 28
196 5
137 19
14 6
210 28
225 29
158 32
61 28
201 7
339 22
188 31
266 5
469 7
373 14
458 19
316 32
346 12
389 10
442 10
215 7
50 11
431 11
378 19
379 2
349 13
355 28
491 13
24 11
223 5
125 8
351 20
364 4
303 12
29 28
357 27
247 26
33 5
465 14
372 11
192 16
59 6
108 2
370 11
360 5
231 4
476 5
276 19
480 22
294 20
174 19
454 20
260 18
448 16
100 15
418 15
243 17
188 10
378 6
184 29
2 3
425 21
199 24
20 15
481 5
38 30
167 16
277 3
181 9
2 32
247 12
422 21
248 2
190 13
167 18
65 16
492 9
348 26
392 11
220 13
32 10
230 6
453 27
476 25
83 26
265 25
249 6
318 32
147 11
324 13
232 20
184 15
81 32
265 28
250 16
48 25
445 18
331 17
136 6
382 14
487 2
398 3
35 19
82 14
426 13
198 25
145 22
84 29
117 16
48 30
35 32
351 24
225 21
228 28
190 17
429 25
458 14
263 25
245 29
26 30
101 31
30 9
456 29
321 8
164 29
142 11
316 28
30 12
376 9
251 9
70 15
445 11
356 28
223 28
404 8
473 32
323 15
101 26
319 13
54 23
141 7
385 4
390 2
347 17
226 21
181 3
127 26
378 31
185 16
138 12
200 19
443 30
317 19
3 11
316 24
173 8
306 1
264 31
174 26
311 12
411 8
398 17
321 27
75 21
375 9
296 2
175 10
299 27
133 21
329 28
413 6
107 10
410 14
265 8
36 23
335 22
418 32
186 30
359 21
94 5
325 17
362 23
479 4
193 23
164 21
262 4
22 20
498 32
442 22
367 9
336 25
274 10
136 3
343 18
423 25
282 19
325 27
449 3
154 25
117 22
14 10
97 7
450 6
170 31
355 12
71 7
440 4
296 28
6 22
273 29
426 3
379 23
49 24
257 27
320 18
372 29
455 8
220 24
62 9
350 8
277 28
310 24
467 29
495 5
95 32
253 32
26 15
474 30
162 15
276 22
308 7
166 26
115 21
370 28
126 7
295 18
491 17
321 1
61 28
281 31
287 5
379 28
368 20
385 25
286 17

