256
244 18
53 29
334 25
62 17
212 21
309 12
77 12
397 30
485 11
356 1
58 7
142 2
397 5
83 22
135 18
378 6
423 10
322 28
135 19
400 14
144 25
201 16
272 14
369 28
176 16
320 13
79 13
247 3
445 5
12 4
414 29
309 24
170 11
444 8
217 31
2 4
51 14
284 26
3 32
282 19
80 17
263 6
266 13
484 14
337 31
493 6
235 26
290 32
488 17
60 32
75 29
268 6
466 23
3 5
258 20
499 5
237 21
198 2
122 17
415 18
175 32
412 9
265 21
17 28
285 16
307 19
340 30
40 21
328 23
477 10
326 15
126 14
440 24
267 5
356 30
370 23
145 13
143 21
185 7
160 5
86 10
32 1
244 15
434 27
113 14
360 15
237 18
204 32
161 11
88 16
356 25
250 4
442 5
260 6
403 7
299 1
88 2
117 23
252 22
106 21
312 21
359 32
302 30
427 14
236 2
34 15
174 3
294 31
27 9
93 18
323 15
122 31
72 18
445 31
492 6
391 11
367 21
406 32
163 8
334 26
197 11
193 2
1 26
337 20
39 5
161 17
23 22
327 2
223 4
268 14
321 19
72 3
259 1
207 25
160 16
171 16
258 27
430 6
348 18
137 22
398 29
303 8
430 21
365 25
400 8
70 1
494 30
111 1
322 5
25 6
60 11
41 13
409 6
427 25
439 11
346 12
212 20
459 25
129 27
145 32
159 23
452 28
60 3
108 17
83 21
66 27
31 11
163 4
280 25
48 7
356 9
258 11
245 5
207 5
391 20
252 1
122 4
405 29
322 24
265 12
348 3
250 11
289 13
170 28
353 9
490 8
313 20
126 13
464 21
281 22
388 21
107 17
292 19
41 29
78 25
368 22
487 14
156 7
382 13
47 30
393 4
146 5
135 23
114 14
307 2
156 18
130 26
54 13
328 14
385 21
103 17
182 1
426 9
420 23
13 10
244 9
353 25
462 4
364 31
289 26
172 20
216 22
261 13
426 24
215 11
345 1
119 22
461 24
215 8
202 19
197 1
132 30
38 9
241 9
19 17
422 6
325 13
195 17
258 29
25 20
283 21
492 1
246 20
296 8
332 5
39 12
293 22
281 30
466 9
82 4
50 8
377 30
492 4
162 13
44 22
424 6
258 19
430 20
219 29
167 2
221 21
281 5
78 22
47 7
82 8
230 23
483 19
60 3
30 2
427 21
111 15
102 1
117 31
224 7
107 14
88 27
447 21
43 12
430 1
271 7
69 28
198 23
458 17
229 3
330 8
263 9
210 16
161 22
246 28
13 8
125 4
30 11
468 1
299 1
13 9
464 9
68 5
484 18
417 24
216 7
71 11
39 20
194 23
106 8
434 6
143 26
69 17
481 1
449 27
489 17
199 8
394 6
112 25
495 1
292 11
479 15
41 21
494 14
67 11
377 28
420 4
57 25
396 25
229 4
371 25
8 21
21 13
39 12
333 17
364 21
447 18
339 15
358 4
425 16
283 17
275 30
172 32
42 7
424 14
114 11
191 30
215 7
78 25
194 15
490 30
387 4
399 5
127 21
408 15
384 22
203 15
244 19
342 9
145 5
407 3
59 29
84 14
159 9
230 20
275 15
261 25
7 32
237 5
120 5
35 23
186 17
161 13
315 18
214 28
119 12
70 5
420 29
154 10
17 24
133 28
454 14
452 24
257 17
296 32
185 14
378 14
271 27
151 1
392 16
44 2
187 25
391 2
117 24
239 26
131 7
425 21
468 8
248 32
268 8
99 12
77 21
26 19
219 20
284 26
391 15
324 29
144 2
238 28
461 8
245 8
198 9
28 2
101 7
389 8
22 32
24 3
168 13
297 2
76 8
347 2
111 22
98 30
235 27
13 16
310 14
139 15
130 18
376 6
496 17
450 6
456 1
116 3
225 28
360 12
196 30
469 26
228 10
59 10
252 15
361 5
32 15
271 18
220 3
391 24
115 4
233 2
16 4
396 16
463 7
243 2
164 7
463 23
480 17
57 19
444 25
143 27
120 10
488 7
116 3
406 30
422 26
151 10
189 2
29 28
152 20
161 11
334 24
58 10
348 2
396 7
234 19
118 1
156 13
396 7
187 5
352 21
143 2
398 27
399 22
334 10
49 19
216 3
322 21
48 17
90 7
312 16
333 25
28 20
237 23
462 20
428 29
32 26
166 5
252 32
206 10
465 3
284 29
489 5
157 16
125 7
182 12
422 15
216 5
206 9
428 28
228 23
332 3
424 22
39 3
413 32
112 30
202 7
262 6
351 10
429 32
16 11
263 5
477 15
442 26
135 5
53 18
223 13
472 10
86 26
172 22
457 24
79 27
382 12
200 9
110 21
412 5
91 18
266 23
356 19
452 22
75 5
203 17
241 26
146 18
35 5
27 12
304 26
2 26
445 5
474 26
33 9
383 23
262 8
393 26
354 29
311 16
53 22
428 17
39 25
322 2
241 8
269 25
453 18
286 6
174 19
155 15
495 29
181 20
184 18
77 29
122 28
20 14
253 11
318 31
371 31
420 32
338 12
360 7
309 9
40 19
255 10
41 21
83 5
356 10
498 21
7 3
172 18
144 32
473 13
270 31
155 30
158 17
229 21
135 6
13 2
372 23
71 24
219 17
336 19
271 18
211 1
304 22
154 4
9 14
464 18
173 27
467 10
111 24
347 1
85 27
122 20
330 12
71 28
197 6
326 23
91 20
95 11
269 8
46 29
226 29
55 2
479 29
79 1
68 9
37 16
488 2
459 21
202 13
68 10
139 30
216 9
281 22
475 26
409 32
326 18
233 4
383 19
253 30
4 20
238 20
324 9
198 6
245 3
15 13
148 5
58 11
233 26
24 32
239 28
431 9
418 27
148 32
78 12
465 1
72 3
120 3
483 9
380 8
419 26
244 22
398 29
280 11
490 31
190 9
439 8
497 8
487 28
359 16
396 4
144 7
82 3
65 16
284 16
143 22
190 10
472 7
38 11
69 28
258 26
460 4
82 20
403 4
451 17
483 22
140 2
16 25
92 4
137 15
228 31
133 29
17 16
207 14
58 20
285 3
237 12
362 14
403 16
89 14
229 3
51 20
400 31
441 8
498 21
422 21
207 26
493 27
9 20
481 3
179 17
233 19
213 11
437 27
62 17
468 26
300 11
10 23
437 26
246 10
378 20
363 32
73 15
11 22
258 3
352 8
459 28
203 15
382 27
286 32
367 17
437 30
475 6
69 3
99 18
401 12
333 11
264 18
469 6
43 27
468 30
14 26
181 28
97 31
206 18
210 1
190 22
90 29
296 18
279 26
324 11
74 8
293 17
265 14
314 31
340 29
404 9
58 21
421 30
351 26
239 16
50 17
409 24
445 32
149 11
302 12
402 31
332 10
267 12
307 4
107 30
64 6
203 21
446 11
127 12
248 1
207 30
145 32
289 29
23 29
312 24
261 29
254 28
110 4
391 29
303 17
266 6
211 32
487 16
442 13
304 14
329 22
339 30
329 31
62 20
415 1
231 3
289 1
470 3
356 5
19 11
61 24
376 11
104 10
279 1
326 22
86 3
295 24
480 32
402 25
31 17
118 29
343 22
245 17
8 1
377 22
463 9
162 26
208 5
52 14
13 25
271 19
383 13
374 26
392 32
255 30
444 12
35 2
481 23
302 25
83 6
218 1
115 27
235 2
199 30
11 4
162 17
162 17
49 31
258 9
162 28
66 13
439 32
95 8
231 32
112 13
426 13
62 20
412 8
417 6
433 3
173 26
411 30
194 15
369 20
251 26
167 29
339 22
268 21
229 18
384 28
367 25
372 12
404 15
427 32
245 23
98 29
8 20
251 26
319 23
5 25
204 27
89 22
480 17
30 12
58 30
251 32
74 15
55 2
257 29
149 17
43 3
122 3
106 8
104 24
194 8
49 13
334 5
143 18
197 12
373 23
85 4
382 31
98 1
340 14
269 32
59 16
234 12
66 24
403 13
319 16
480 31
344 21
356 30
478 24
10 3
158 18
326 4
308 23
328 15
128 32
135 2
111 16
217 32
263 31
196 22
214 31
300 10
340 23
99 25
59 16
19 28
406 32
459 17
118 2
212 26
86 14
135 16
417 8
372 4
322 27
113 20
94 12
297 13
419 3
101 17
355 32
396 20
167 11
324 21
344 3
234 13
84 8
125 13
423 12
32 21
266 8
132 31
407 4
495 21
174 16
5 24
419 17
491 13
459 15
221 6
53 14
83 1
26 15
489 4
406 28
44 31
163 31
86 21
454 8
246 8
379 14
359 5
354 10
86 24
220 18
466 8
464 16
112 21
458 20
140 23
471 16
237 17
210 18
406 16
254 15
495 16
104 21
133 26
406 6
121 21
227 14
101 22
485 4
382 26
164 2
156 6
409 5
471 30
418 28
485 15
378 3
7 5
184 19
142 21
60 15
418 14
348 6
180 25
433 13
126 32
286 2
82 30
378 28
164 27
279 8
170 32
479 8
340 2
18 2
454 17
244 31
214 11
92 1
127 13
306 21
472 27
238 17
137 27
456 20
261 2
151 30
93 5
309 5
494 30
118 28
254 21
170 12
155 30
64 2
138 25

