256
124 25
321 14
8 5
11 24
429 8
354 12
284 29
208 9
276 18
120 26
103 24
195 24
222 5
465 5
434 8
281 1
121 17
170 20
294 32
320 22
283 13
89 31
473 24
495 16
205 22
90 3
133 28
138 3
12 10
211 6
474 3
354 18
444 20
73 9
55 16
458 26
268 31
460 4
194 30
340 31
68 29
409 32
64 27
406 24
352 8
225 21
459 2
122 30
305 11
138 8
290 3
401 22
345 24
149 23
313 12
493 8
268 21
432 32
151 9
111 19
305 19
31 27
264 13
16 9
51 29
280 16
303 16
101 32
243 30
390 27
89 10
287 17
134 10
392 13
258 6
139 2
188 5
28 11
173 19
223 7
251 2
415 14
385 27
53 23
116 2
34 1
175 20
413 8
241 32
444 14
157 18
264 28
251 11
498 7
390 25
498 12
426 4
45 11
130 5
141 22
242 18
154 16
197 6
428 1
221 11
139 9
453 30
424 19
248 9
329 5
493 6
129 27
441 9
81 7
474 5
168 19
99 17
187 27
90 26
436 26
336 10
390 32
179 5
194 14
85 11
415 14
200 3
348 25
67 12
63 24
352 26
107 6
106 13
97 31
110 28
4 9
309 25
437 11
409 26
116 9
4 10
422 20
72 29
48 23
400 10
30 24
395 24
405 12
132 29
194 9
384 1
38 28
293 26
30 21
455 30
45 23
27 19
14 19
291 21
441 23
22 22
146 32
310 10
415 17
403 20
34 30
156 11
330 12
396 31
352 22
356 28
160 3
66 21
185 29
85 29
251 6
94 32
373 31
149 15
196 15
98 9
337 21
151 6
52 22
376 31
247 32
3 23
466 8
431 22
128 20
126 22
325 3
125 30
474 30
188 17
176 14
249 24
390 11
29 2
148 1
48 10
340 26
4 1
470 11
158 5
6 7
327 22
353 15
379 10
428 31
346 24
204 18
467 13
196 12
386 27
104 14
441 11
335 4
303 8
434 32
253 11
94 7
269 14
381 19
272 1
417 17
412 28
415 6
65 30
77 22
305 28
87 29
178 10
392 16
77 14
439 29
116 20
259 24
330 24
383 25
300 27
421 15
271 11
292 31
445 5
136 1
252 23
345 6
496 28
261 16
413 4
105 1
83 15
264 24
2 2
216 29
149 25
363 19
471 31
105 11
227 4
15 2
314 7
111 25
447 28
233 11
423 21
91 21
51 3
121 9
204 28
57 32
472 16
474 23
278 2
209 16
170 12
185 31
434 24
144 20
167 32
295 17
416 9
297 22
443 17
222 15
105 3
350 32
402 32
222 31
253 23
34 6
6 30
405 19
365 28
375 7
127 5
471 14
405 28
359 24
388 1
346 24
211 19
272 20
370 13
142 19
275 31
396 4
96 28
423 17
51 29
343 17
317 14
70 13
285 1
420 20
213 9
16 3
312 3
238 13
131 7
155 18
257 23
389 32
202 11
16 9
459 7
281 7
24 23
348 28
483 23
331 23
32 26
469 27
336 14
375 11
288 6
76 24
284 16
99 13
127 7
89 1
325 14
212 32
424 27
211 26
177 9
452 16
91 8
254 30
329 17
96 8
362 3
11 17
339 21
481 13
75 18
253 7
143 20
302 2
226 32
471 31
405 10
314 11
45 24
124 5
400 16
340 29
94 10
257 4
310 9
100 25
10 29
339 24
168 5
69 30
4 19
500 12
164 9
254 12
232 30
284 7
449 27
243 30
176 15
326 2
292 17
74 17
129 24
157 29
256 1
394 32
468 21
167 15
57 1
43 29
150 10
123 10
153 6
343 8
68 8
165 11
445 2
364 5
354 4
221 21
96 26
220 23
210 31
398 11
159 32
407 28
469 9
109 13
246 11
301 2
323 29
376 11
407 7
191 24
110 16
72 14
229 32
472 23
30 9
57 28
12 7
51 17
195 27
305 29
461 17
458 23
274 9
401 12
424 16
495 25
207 14
442 7
209 10
77 10
486 29
481 26
299 27
182 18
189 6
286 26
295 11
136 4
427 17
451 2
332 17
87 30
10 32
176 11
145 1
12 27
237 25
332 32
23 29
381 8
202 30
417 24
260 16
267 26
292 9
240 31
161 22
364 23
57 32
93 30
496 20
388 28
96 11
471 31
435 11
34 8
16 6
188 15
353 26
313 21
171 4
471 27
81 15
353 13
78 17
394 13
253 1
8 16
351 3
170 17
329 19
125 21
4 24
323 13
117 11
353 19
390 19
470 6
9 30
311 14
471 28
10 19
337 2
422 7
348 16
324 16
146 16
372 26
463 7
358 23
181 6
218 31
384 23
392 25
360 22
478 2
258 32
404 14
209 22
132 4
473 11
231 6
106 23
471 32
1 4
499 13
389 32
455 1
254 15
165 9
400 30
147 21
333 30
102 29
431 22
96 23
40 19
373 26
485 27
417 5
171 15
17 7
334 28
183 3
22 31
404 13
193 22
282 25
303 3
270 6
320 21
488 24
395 24
61 15
203 9
215 17
96 4
487 5
407 30
220 8
368 19
52 24
376 21
289 26
420 6
263 15
126 27
302 1
462 22
251 4
191 2
92 22
401 11
66 3
248 1
438 3
259 29
379 26
174 11
164 9
428 18
183 9
380 29
425 30
198 24
357 16
345 21
25 29
379 31
255 6
227 8
444 18
32 2
471 21
44 30
149 27
412 20
376 27
20 12
132 1
179 25
309 27
141 21
323 11
127 21
496 18
472 23
191 32
317 13
60 4
295 17
183 26
244 2
348 19
209 12
331 16
24 3
466 16
176 1
34 10
217 9
155 17
171 29
44 23
358 3
199 20
15 25
209 22
438 32
372 6
91 27
89 14
193 31
129 20
343 22
22 19
42 24
451 29
225 18
403 30
301 13
85 7
481 29
277 30
52 4
268 7
202 24
256 27
262 17
466 20
398 11
367 4
367 9
356 23
163 18
24 15
359 4
481 3
252 17
461 27
257 4
297 18
287 21
204 17
141 26
356 10
8 10
181 6
39 12
464 13
146 15
367 28
94 15
46 17
456 30
352 20
85 12
169 28
256 17
272 4
394 15
138 13
349 26
275 11
206 14
143 3
77 17
58 14
207 27
219 30
109 10
77 25
421 22
416 21
322 31
424 15
166 5
467 6
231 13
456 4
183 6
342 23
458 3
132 20
353 2
30 21
123 2
358 32
55 1
424 28
164 11
442 13
112 5
398 14
353 1
481 11
302 22
497 27
424 5
126 20
330 31
441 17
465 22
200 23
126 3
247 21
321 28
321 28
152 18
125 17
422 25
243 23
130 28
333 5
220 31
181 5
465 1
205 29
122 4
152 11
230 6
388 19
289 32
334 1
278 23
149 3
267 11
274 29
482 10
153 5
416 25
306 5
305 30
13 14
118 20
25 7
413 24
249 26
471 7
494 8
393 10
299 11
384 4
111 26
177 8
122 21
448 7
325 25
141 25
382 6
1 30
456 5
169 5
466 12
139 23
239 7
452 29
393 20
108 24
257 13
119 10
81 30
157 25
22 21
93 28
406 29
161 5
358 14
417 31
173 19
486 11
289 21
300 10
476 7
389 20
247 31
462 19
424 14
231 18
414 28
201 27
268 5
31 25
246 8
152 10
206 13
33 19
425 28
380 9
294 28
484 21
126 25
219 21
62 18
198 7
125 18
497 4
315 32
221 8
327 20
182 32
212 6
378 32
249 13
240 2
376 4
434 1
168 29
254 2
454 27
260 26
53 9
173 3
136 25
130 14
468 27
197 11
376 31
19 32
183 18
18 19
481 23
263 17
307 8
434 32
171 25
189 15
301 22
293 8
458 26
249 26
233 2
308 20
372 14
84 10
436 21
316 20
107 15
120 30
150 21
25 24
98 22
246 14
427 22
186 24
460 10
365 4
231 21
3 10
202 10
360 1
390 15
257 9
457 24
262 19
281 2
278 26
351 16
479 1
61 28
365 20
302 9
415 16
253 14
338 31
207 13
295 21
223 19
297 24
279 2
138 23
343 19
140 26
290 22
174 7
134 18
426 23
119 17
318 23
462 31
29 20
203 20
468 6
226 4
309 16
321 6
414 8
64 21
61 26
375 26
408 28
476 25
146 6
377 23
20 6
470 17
358 32
224 1
301 9
89 1
305 9
406 30
128 30
475 16
175 29
126 22
60 21
266 9
398 23
19 21
332 20
317 21
364 8
366 24
193 26
477 9
66 30
418 18
55 24
85 17
444 10
14 11
14 20
59 23
274 18
180 5
417 16
498 24
388 15
148 8
168 8
428 9
209 21
482 32
441 27
344 32
480 22
239 2
489 29
256 18
226 3
70 19
283 15
126 10
429 25
101 4
100 32
385 5
224 6
424 32
284 19
400 4
328 10
461 16
138 28
281 20
355 23
358 17
269 15
10 2
460 10
497 7
489 17
71 28
99 14
228 22
465 27
349 8
468 29
312 9
229 24
320 23
442 1
71 19
216 32
260 23
41 24
85 17
341 8
92 31
353 7
24 21
1 13
313 4
385 20
425 1
215 8
195 25
477 29
71 24
196 30
366 4
289 10
116 29
161 32
271 6
82 15
182 7
223 22
402 3
117 22
72 20
126 26
192 6

