256
38 26
18 10
79 32
293 6
89 22
88 31
386 25
240 1
372 6
330 14
37 15
319 9
50 4
182 4
35 10
227 29
439 32
410 21
491 22
190 20
375 29
110 8
186 17
53 9
414 14
366 7
236 5
351 25
260 28
61 22
105 31
218 7
234 23
412 29
180 21
156 23
230 1
370 7
317 6
175 7
7 5
33 14
77 27
231 16
118 3
333 26
281 23
116 30
29 27
238 25
480 9
319 1
361 12
475 26
462 21
408 4
41 12
62 1
26 24
156 27
286 21
420 26
391 19
79 23
414 17
331 29
413 29
453 2
337 3
451 26
427 26
117 16
1 14
288 10
173 32
224 30
284 23
23 30
29 14
444 22
122 3
186 22
423 14
159 7
416 17
408 7
170 29
14 14
406 5
399 15
448 26
240 23
468 3
404 25
68 8
142 13
474 32
74 8
317 25
7 29
193 14
427 19
494 24
384 20
296 23
182 32
460 13
326 32
387 10
276 30
281 5
494 26
96 12
1 17
152 15
497 12
477 15
58 6
418 30
221 1
428 26
308 3
27 22
314 21
215 25
219 15
62 28
248 1
483 8
421 10
459 29
182 19
43 19
404 16
384 17
25 3
230 16
198 16
465 7
373 3
156 23
25 29
6 24
225 25
224 14
326 22
266 23
116 21
450 31
120 25
347 20
144 25
328 1
36 8
55 12
175 6
202 27
278 20
175 31
48 18
352 13
431 21
84 14
425 13
268 13
365 27
392 32
43 3
52 26
215 7
338 21
20 7
291 14
246 1
152 5
66 23
370 24
119 21
97 20
485 17
144 5
479 31
61 29
106 4
450 12
70 27
412 22
326 14
239 27
371 14
68 32
244 17
488 14
241 28
461 5
448 32
277 22
491 13
150 32
301 8
119 26
386 10
311 3
435 17
486 5
290 29
297 1
45 28
99 17
367 15
213 3
163 29
296 13
30 10
452 26
45 22
403 18
303 2
345 21
114 18
246 16
438 30
140 26
177 30
118 15
297 30
61 27
374 9
315 3
154 18
436 2
187 15
331 5
404 7
429 1
208 18
124 5
67 32
478 7
1 7
138 9
480 6
459 30
258 9
108 31
390 28
460 32
234 19
268 25
317 29
357 17
222 9
373 29
96 19
235 4
149 24
97 29
274 15
334 11
32 25
146 17
484 9
349 29
99 20
205 20
164 14
496 30
394 24
378 29
422 28
140 3
336 12
51 17
495 24
195 18
176 4
446 4
149 18
80 7
114 21
366 21
198 29
14 23
229 11
283 30
355 18
72 26
362 30
2 24
209 4
233 5
388 10
248 20
176 7
134 1
463 20
417 28
360 7
454 4
173 4
442 23
362 1
420 19
191 25
78 19
469 18
487 4
339 30
95 22
265 16
154 31
79 11
239 19
353 12
230 1
132 23
256 5
388 7
215 22
448 32
180 28
453 31
327 11
104 21
157 32
500 22
299 7
232 25
369 16
432 14
461 19
473 8
55 28
242 13
141 13
412 24
160 28
338 6
7 18
258 7
13 30
176 15
336 28
199 28
195 11
5 27
45 13
222 20
188 16
220 24
356 12
148 4
199 5
205 13
130 3
71 7
72 15
157 3
210 28
314 20
338 6
411 2
295 16
333 26
299 21
162 27
388 1
374 6
497 6
143 27
40 5
325 7
163 21
221 28
188 6
276 21
352 30
259 30
169 11
331 12
347 8
474 30
152 3
320 13
276 22
331 16
26 7
130 13
135 31
412 11
384 23
51 15
76 21
84 1
252 3
64 30
258 17
184 18
87 31
262 26
464 4
381 13
98 31
29 4
213 1
258 32
331 13
387 11
469 26
3 32
236 22
22 6
306 25
255 24
207 20
457 10
459 26
362 32
200 15
139 20
183 17
63 5
57 1
271 29
419 25
449 22
42 26
499 19
174 17
442 8
120 27
401 26
88 6
485 11
4 28
254 2
224 16
255 8
265 21
156 11
2 32
40 27
425 27
94 10
143 23
329 15
137 1
340 4
195 1
214 26
152 11
440 7
283 2
6 11
70 17
433 3
469 20
318 9
362 11
343 25
149 3
119 18
104 14
213 10
486 3
199 9
245 30
363 7
331 28
277 21
85 5
175 29
33 20
149 6
254 23
250 31
218 4
392 29
178 4
322 31
382 8
4 19
10 22
357 4
438 10
296 30
194 15
278 6
314 30
472 32
473 9
174 14
293 13
362 30
372 15
336 22
54 3
232 27
57 32
459 10
73 22
367 23
76 32
344 6
125 7
309 17
92 2
286 28
250 7
205 29
329 20
78 11
231 25
1 15
101 3
484 1
65 30
291 28
197 19
381 25
153 5
418 8
374 7
479 19
202 27
448 2
427 1
116 5
186 17
147 18
279 10
162 11
331 9
335 3
439 7
51 19
108 4
39 17
23 29
456 24
52 19
457 6
131 5
486 12
393 28
305 7
113 15
366 11
271 24
173 17
118 7
3 9
43 29
206 21
58 29
492 17
267 4
438 1
372 31
417 28
258 9
287 30
187 20
16 13
203 20
17 8
262 32
397 4
412 10
72 21
466 3
281 20
363 26
332 14
196 32
350 17
469 12
26 31
491 21
316 9
432 8
216 2
55 32
201 3
65 29
139 14
187 28
113 5
341 21
135 13
192 28
341 28
323 11
371 5
111 6
357 7
369 28
440 20
36 12
242 4
264 12
130 7
151 18
351 28
390 29
380 26
320 4
445 30
290 15
306 13
352 14
147 1
438 26
496 5
429 9
424 13
320 25
347 27
499 29
166 16
34 29
321 17
468 30
199 14
284 16
214 32
370 12
208 7
149 19
131 9
143 18
473 14
459 7
136 21
220 29
48 29
49 13
457 25
338 27
478 21
11 31
108 8
254 19
390 14
221 24
182 31
425 11
29 19
177 20
395 20
169 11
148 9
163 29
85 32
111 6
472 1
456 8
204 13
98 21
462 31
316 16
385 21
150 9
327 10
429 14
74 13
164 13
165 14
177 22
177 32
367 32
112 31
283 8
235 1
112 5
403 8
44 27
20 13
404 2
222 32
419 19
132 6
16 32
111 8
249 31
35 16
491 7
142 5
166 24
357 9
128 3
56 15
250 11
215 1
125 17
336 27
83 11
181 2
466 19
346 31
282 16
182 16
378 27
248 3
254 25
24 14
215 27
404 24
358 23
468 18
259 23
80 9
473 12
291 11
403 20
5 16
367 22
159 25
64 18
139 1
362 6
50 5
445 10
392 6
424 20
487 6
366 2
374 11
178 24
481 12
151 29
467 14
22 25
114 1
382 32
253 20
118 15
172 6
108 19
215 23
126 1
64 16
470 9
34 15
453 14
430 11
498 20
324 27
372 29
307 22
393 27
201 2
213 32
71 32
138 17
202 24
41 17
107 18
54 32
361 26
5 26
312 22
186 28
76 25
276 10
366 20
292 22
177 13
141 27
28 7
87 2
42 27
346 4
489 11
491 13
108 15
490 8
348 19
111 19
288 26
156 25
54 31
71 2
155 3
181 23
341 7
264 6
246 9
233 14
212 11
286 23
217 31
294 28
154 32
190 29
290 9
445 7
496 3
276 18
78 4
184 14
427 31
152 12
260 28
461 27
459 18
345 31
372 15
443 1
42 8
169 7
181 18
229 24
480 21
177 25
164 17
179 2
11 26
317 22
417 5
444 27
22 1
402 6
427 20
474 28
327 3
355 11
108 15
34 7
439 11
496 27
423 6
396 9
207 9
55 19
489 14
350 3
286 7
460 28
446 13
236 20
427 26
131 2
172 32
473 11
226 8
65 4
345 32
285 11
24 11
377 21
188 10
79 6
476 30
389 9
322 24
45 25
65 27
486 25
190 2
199 4
129 7
119 21
74 19
375 14
93 28
166 21
329 24
458 21
133 26
429 30
174 25
406 2
351 16
326 13
201 28
160 26
286 22
154 8
33 13
13 5
484 22
257 12
421 18
468 1
264 29
210 29
73 20
26 8
211 24
316 19
227 3
92 21
456 26
428 32
478 16
465 13
117 29
124 17
491 24
145 26
340 14
42 8
173 19
187 3
474 2
498 29
180 1
417 28
38 12
475 31
283 31
327 31
364 3
491 10
394 31
459 13
488 24
348 13
122 3
247 20
388 4
296 8
185 32
55 30
407 29
89 5
320 7
291 23
217 17
240 2
415 2
194 26
401 2
266 2
280 21
117 7
256 4
438 28
327 16
14 13
373 22
273 8
16 19
430 5
343 29
194 17
218 20
363 22
281 16
491 24
492 12
430 28
223 12
39 18
211 16
134 7
153 15
478 1
173 11
105 4
427 10
476 4
37 30
113 17
318 16
80 17
415 6
408 9
377 3
390 11
202 24
22 23
134 31
227 6
258 27
173 16
480 29
180 1
338 12
185 7
451 25
168 21
126 3
206 14
225 23
440 23
470 9
133 19
164 3
261 17
41 1
456 32
285 19
388 23
483 17
129 25
41 20
150 6
223 11
19 27
449 10
225 15
475 29
225 26
67 25
58 27
122 9
479 22
352 26
380 26
290 9
118 18
156 31
347 18
473 9
29 10
379 29
396 5
110 24
490 24
309 7
135 10
263 13

