256
411 10
155 10
341 20
400 16
320 28
198 29
16 23
220 10
444 21
66 14
321 11
411 14
29 11
110 13
338 12
81 17
297 4
202 10
159 1
209 7
400 11
343 20
425 14
261 29
427 10
466 27
413 12
292 21
378 26
73 12
397 2
168 25
241 21
34 27
173 27
81 17
1 3
192 5
189 32
145 19
481 11
213 29
190 21
334 12
110 18
487 18
263 18
50 23
78 12
106 26
178 18
26 10
461 13
102 5
372 15
115 21
61 3
97 14
183 2
169 4
40 15
1 6
12 31
9 5
338 14
43 15
151 8
44 19
489 5
111 32
447 13
64 11
404 5
109 6
442 17
82 25
136 30
135 31
336 27
440 5
108 2
391 6
401 10
221 29
283 15
249 1
408 16
88 11
324 4
248 26
176 25
98 19
115 16
162 18
78 21
179 17
434 9
295 30
207 15
75 1
197 23
69 24
338 12
266 26
55 18
279 3
46 4
393 32
312 6
314 29
6 8
426 15
412 4
125 2
438 7
458 14
225 3
442 2
386 7
75 29
72 13
23 2
81 19
129 4
321 18
132 18
285 13
469 9
480 13
166 1
143 12
255 15
354 20
280 27
254 11
383 18
207 21
295 7
172 19
382 32
217 10
21 29
126 17
401 6
433 15
226 15
394 20
293 7
27 13
189 1
279 24
310 13
328 4
476 19
378 29
342 26
426 3
299 28
203 27
9 16
117 6
414 2
66 27
108 32
483 9
76 29
220 17
97 11
488 28
398 10
485 15
15 30
305 25
461 4
216 25
347 28
55 16
46 24
318 5
415 16
301 23
412 12
375 21
419 27
284 20
284 8
258 6
178 19
315 30
126 18
311 8
65 21
435 10
188 1
115 2
404 27
444 28
139 31
176 29
237 31
76 28
79 17
21 12
451 31
245 24
68 31
399 29
123 22
242 30
438 20
116 5
475 23
360 21
81 15
21 13
198 32
188 20
132 9
31 19
247 7
158 23
34 9
447 24
94 24
318 19
248 21
427 26
343 23
186 32
25 30
92 18
153 20
349 12
192 3
366 2
358 8
104 15
136 10
398 13
442 27
463 13
499 21
114 26
379 19
117 16
4 4
477 12
191 6
291 18
56 21
24 17
384 11
7 11
29 5
451 22
323 21
362 14
5 7
15 20
273 31
139 8
42 3
135 25
292 9
318 16
433 29
464 24
468 31
38 28
227 24
169 1
104 18
222 21
4 20
344 16
70 10
107 20
300 9
344 20
17 21
291 14
354 2
469 25
224 7
20 2
346 4
351 10
69 16
410 12
12 5
51 21
438 17
192 25
249 19
328 9
400 14
66 25
224 27
425 15
41 4
101 30
483 19
187 27
226 4
474 5
52 32
318 21
384 1
226 8
396 25
396 27
375 6
399 22
348 3
396 32
118 20
477 12
150 4
354 8
463 11
112 15
54 5
3 25
290 16
420 25
485 15
331 15
128 5
308 19
255 7
66 12
403 15
175 32
410 28
279 24
410 19
386 15
171 9
103 28
172 6
348 32
188 6
218 8
110 17
494 16
432 12
87 18
306 17
441 11
344 24
86 17
462 8
67 32
416 5
296 7
42 15
95 30
173 20
249 30
189 30
498 28
5 8
9 2
401 29
24 4
168 14
349 29
137 19
113 4
436 24
138 1
402 16
58 26
44 2
60 8
252 5
55 8
196 15
418 4
11 21
192 31
254 28
159 22
158 23
441 5
382 3
422 20
14 3
61 21
137 4
140 4
380 30
495 20
108 20
23 23
205 30
149 10
309 15
200 7
282 24
59 19
422 16
150 12
311 19
344 23
386 28
186 30
381 4
45 5
444 7
459 32
485 15
457 29
413 8
111 2
500 14
61 25
1 26
60 15
124 4
461 2
91 30
479 23
178 15
311 25
441 21
120 25
227 32
422 32
436 24
37 7
53 21
59 2
11 3
68 26
374 21
495 4
26 25
286 19
347 21
27 28
217 2
64 12
426 9
435 9
369 11
147 5
272 13
326 14
323 22
415 20
126 2
11 27
86 17
58 1
245 24
72 13
434 15
256 27
472 2
219 24
217 17
464 12
421 2
269 12
387 31
291 32
296 22
14 26
450 7
18 10
359 21
6 24
75 14
150 26
7 20
89 27
436 13
210 32
46 30
451 4
365 10
295 28
247 28
245 4
83 14
389 1
202 2
232 5
359 9
174 30
452 15
440 31
167 30
94 8
331 9
495 23
490 13
59 16
152 7
283 10
417 31
26 22
268 1
246 15
193 24
196 4
182 3
382 32
488 32
263 27
224 17
365 25
249 3
152 4
78 26
338 30
104 23
315 23
324 13
349 32
332 16
12 9
383 5
64 18
72 14
40 11
286 29
359 26
31 10
137 8
443 10
157 26
41 24
121 24
384 21
83 7
69 26
431 23
339 22
320 2
23 20
57 32
468 15
45 14
277 21
310 27
359 26
321 31
289 5
466 20
465 12
90 29
494 8
483 4
217 27
445 31
14 17
250 29
268 22
182 24
179 31
466 9
457 6
139 9
78 28
269 3
3 22
75 12
82 18
31 26
212 20
241 25
476 22
261 3
488 30
138 22
285 12
406 21
389 4
337 27
499 25
213 5
167 27
349 12
48 31
397 23
206 29
39 22
479 3
276 30
93 18
483 29
369 16
117 13
283 13
279 17
262 3
485 20
130 5
379 9
416 3
288 21
116 14
154 18
477 2
263 17
47 1
445 15
484 29
375 2
69 2
250 14
144 6
461 1
271 31
302 14
114 9
306 1
118 12
26 6
93 32
14 31
384 2
405 15
74 7
336 7
432 1
324 12
22 21
200 16
123 21
477 20
293 31
168 19
446 5
208 22
480 14
28 3
31 32
81 13
210 32
99 14
204 6
421 6
58 4
369 13
325 18
268 21
184 20
83 25
480 31
370 28
12 1
174 26
180 15
350 5
374 24
234 14
74 10
7 23
478 7
311 6
276 3
122 7
218 1
439 13
347 12
360 10
408 6
455 11
492 9
328 1
456 1
146 29
419 32
160 24
379 22
49 30
252 22
465 13
78 3
222 20
415 1
485 26
318 32
261 25
448 20
378 7
352 7
432 30
27 23
17 13
264 17
262 4
291 14
40 28
333 9
496 31
194 12
272 15
123 28
172 18
323 1
473 3
423 28
148 13
198 21
57 29
433 3
180 11
396 16
443 32
480 22
178 1
269 22
36 12
333 23
461 32
459 21
34 29
40 1
182 1
49 2
402 26
408 29
204 20
152 10
235 4
435 17
8 32
214 19
299 22
453 7
405 31
396 22
496 11
175 5
228 11
118 9
56 10
413 8
33 17
109 15
400 16
179 23
451 4
6 25
142 18
359 14
73 26
40 12
245 26
96 16
436 21
452 8
90 28
103 26
280 31
389 31
458 7
290 28
163 31
8 4
104 19
201 32
324 20
95 16
453 26
391 17
403 22
84 12
206 6
114 29
100 14
16 18
272 17
317 30
303 1
237 30
43 18
286 30
381 8
138 18
422 12
426 16
222 25
167 19
46 32
263 1
485 10
54 1
138 31
42 8
47 31
50 17
272 3
158 20
66 27
337 11
175 6
162 8
122 21
26 27
312 8
368 1
270 13
257 11
143 30
199 9
132 24
129 11
434 7
55 3
433 3
338 7
357 7
354 6
327 7
201 15
371 28
139 32
340 15
250 19
396 28
375 8
47 20
430 12
142 16
331 26
431 28
33 27
18 14
468 29
469 32
187 3
235 25
182 3
71 11
261 18
231 15
345 25
490 11
313 27
462 19
409 12
162 21
30 15
382 6
375 22
165 21
392 32
89 25
178 19
356 22
477 10
276 29
418 6
447 6
100 1
224 20
4 5
152 18
268 10
31 30
87 27
407 23
298 31
255 27
6 18
116 22
251 20
6 29
9 25
102 24
65 26
468 4
414 19
453 17
356 11
379 27
30 1
273 31
483 31
154 16
341 9
321 11
12 23
111 20
483 9
332 7
390 23
318 31
121 31
40 5
105 30
271 14
54 15
313 28
273 6
376 29
438 16
56 10
226 14
25 20
82 8
458 23
6 4
330 7
250 5
455 10
138 9
192 31
471 4
78 3
173 5
60 22
353 7
115 26
336 28
490 10
495 7
92 1
278 21
331 11
141 17
233 26
361 12
320 15
279 18
277 23
54 16
116 10
154 11
336 10
222 17
259 8
475 18
420 1
123 14
131 31
386 31
41 22
138 16
280 24
461 21
70 23
96 26
420 26
416 3
91 9
283 21
56 10
50 24
214 12
77 20
435 3
59 3
60 28
38 28
464 19
452 1
13 19
70 8
500 29
391 14
325 29
142 21
134 8
208 15
215 16
191 29
246 21
327 10
296 17
349 3
67 20
496 11
198 29
214 18
254 28
139 30
481 1
162 30
324 29
461 26
5 15
391 30
103 21
259 18
285 11
361 7
110 24
133 4
124 3
209 13
302 19
11 22
479 28
396 26
245 32
192 5
210 10
202 16
2 9
413 3
123 21
489 17
332 26
244 32
320 8
388 25
2 22
255 13
274 2
486 10
209 25
470 14
462 15
433 32
483 29
102 10
322 10
42 29

