256
200 16
329 2
199 17
222 17
105 26
470 4
484 21
153 8
387 17
346 18
372 11
280 3
464 14
326 20
395 29
265 30
176 9
15 22
169 32
298 30
45 16
257 8
184 13
147 14
37 28
219 13
299 14
7 10
339 12
241 13
444 5
326 20
97 8
49 6
427 15
243 32
318 3
203 1
464 22
423 12
45 13
112 23
139 6
308 21
154 29
414 25
53 11
272 14
283 21
471 25
19 21
384 32
267 31
40 6
140 14
82 4
455 9
27 21
163 26
273 32
234 10
116 23
129 4
140 7
208 22
323 26
26 23
117 32
497 24
374 8
322 23
319 32
499 5
72 13
383 28
328 20
382 4
106 26
183 13
272 30
410 30
171 11
152 15
79 8
146 16
135 11
110 26
94 4
2 29
121 28
213 28
204 30
243 25
307 5
258 22
18 7
23 24
454 7
326 28
174 12
187 29
290 16
114 32
403 19
252 3
351 20
323 30
261 29
214 7
194 27
496 3
138 15
103 19
45 32
326 2
103 24
378 1
11 19
332 25
458 27
140 20
399 26
361 31
230 6
78 23
397 1
338 2
91 20
328 3
71 1
205 30
368 2
270 30
425 29
494 26
387 17
41 5
446 29
148 32
326 9
302 2
297 15
459 24
282 22
226 21
142 30
230 13
216 15
90 20
303 32
373 1
68 25
178 26
165 9
41 22
49 14
416 25
185 26
436 30
364 10
22 5
295 3
218 6
305 27
1 27
94 5
500 10
489 1
379 17
1 27
347 25
112 30
97 4
339 1
114 6
398 19
59 16
90 28
54 6
286 14
353 16
483 28
393 15
28 27
328 4
41 6
280 28
491 12
152 25
112 1
31 21
103 9
405 8
68 26
438 25
67 14
232 25
493 32
372 4
98 7
251 14
76 2
494 14
109 9
246 25
113 4
81 27
68 17
259 15
146 16
340 17
337 15
113 5
399 16
52 8
386 14
338 1
35 31
230 27
179 20
215 15
455 32
5 3
484 11
9 26
162 24
194 22
271 18
30 21
494 1
368 23
438 17
192 28
239 5
467 21
396 9
59 15
328 12
77 24
30 1
145 16
137 26
393 31
347 31
279 12
59 14
219 13
407 26
320 13
330 30
266 22
171 4
280 14
239 20
161 5
292 21
16 12
346 24
186 25
34 28
32 21
166 6
441 8
11 8
68 29
102 21
122 12
157 21
269 7
108 30
219 27
438 30
179 32
494 16
328 11
384 27
323 21
313 31
120 31
227 15
219 12
372 12
451 28
240 15
478 7
352 13
98 30
282 8
425 31
195 20
6 2
314 8
126 14
295 17
153 13
136 7
52 3
211 14
238 18
72 31
1 8
263 26
417 21
77 1
23 23
296 28
201 1
60 14
87 10
275 27
226 30
313 13
268 19
278 29
177 21
71 29
476 6
478 32
82 22
84 12
28 19
336 4
340 11
406 2
100 16
368 9
441 28
453 12
55 14
64 19
282 2
111 30
171 4
1 32
345 29
60 4
315 19
452 2
493 25
283 16
240 30
268 20
34 12
387 8
5 6
22 26
435 8
247 14
71 20
209 3
184 24
490 30
366 13
4 6
1 2
301 12
140 12
419 25
491 29
112 15
458 25
133 9
116 31
202 10
126 2
304 1
382 17
159 3
438 30
457 2
151 29
382 30
177 12
462 31
309 21
162 10
57 22
362 12
24 7
61 6
29 32
310 2
213 4
8 14
333 12
291 32
73 28
125 17
324 19
415 16
363 28
249 20
73 11
295 5
377 20
98 25
275 15
166 3
79 30
488 19
193 31
98 17
302 15
365 1
13 16
108 7
59 9
498 28
171 25
228 3
204 9
156 30
435 21
317 9
198 16
276 27
286 13
7 8
299 12
416 27
3 24
38 5
232 27
44 18
383 31
152 30
299 15
416 30
332 28
246 21
239 1
271 25
98 26
316 8
353 7
59 31
106 4
267 29
334 3
442 17
433 2
154 8
104 9
317 19
152 10
316 15
139 22
267 24
67 6
483 19
164 1
125 10
488 20
310 2
54 20
242 22
197 31
421 4
464 1
87 11
3 30
357 21
339 31
228 2
408 10
28 16
251 5
45 14
396 30
263 13
105 32
286 5
251 31
305 6
147 31
32 9
292 9
141 14
215 8
91 11
78 3
398 28
123 18
269 30
295 24
318 32
239 11
404 21
13 12
406 8
450 10
308 5
178 13
75 24
168 1
366 5
283 27
276 9
56 9
274 27
280 15
454 22
46 29
211 2
269 4
69 18
53 25
459 30
29 9
474 24
49 23
441 12
454 28
88 29
464 26
63 3
304 16
465 1
225 3
111 21
290 11
210 19
259 28
424 7
404 5
483 13
88 27
136 13
342 11
253 26
288 32
400 12
183 20
144 27
38 14
251 28
285 21
22 27
184 29
182 20
194 32
392 29
290 23
377 15
453 17
288 5
296 4
184 31
403 27
89 13
285 8
472 1
356 21
315 11
289 28
478 18
11 29
466 20
99 22
283 20
175 10
496 22
257 7
152 4
209 13
304 9
136 23
117 15
119 4
381 27
279 23
93 26
431 26
293 6
104 15
285 22
497 16
99 5
162 31
116 22
195 23
67 30
45 7
320 23
466 4
422 9
410 30
90 13
423 14
74 6
309 10
303 21
489 6
261 14
356 1
371 14
147 1
379 4
324 22
354 17
101 11
237 19
140 26
55 31
60 16
440 4
337 31
376 17
348 16
178 7
364 32
104 7
189 30
54 8
31 3
152 11
34 17
493 21
214 27
87 17
26 23
344 2
473 11
38 24
59 15
226 10
115 17
284 15
310 25
166 32
96 13
322 9
57 7
5 7
213 16
247 11
322 11
452 26
13 30
465 15
408 14
345 26
370 8
28 11
317 29
370 28
214 19
244 6
61 32
392 26
43 3
216 20
81 15
157 1
360 29
16 24
14 8
493 7
191 25
413 15
417 26
122 30
29 13
252 5
465 15
214 27
133 1
371 29
448 27
10 27
204 13
278 1
88 3
304 2
143 24
137 15
54 26
41 30
475 16
22 19
286 32
297 15
16 27
483 15
250 8
474 13
368 27
225 7
373 20
85 23
448 25
426 29
330 18
434 24
461 27
94 30
42 23
164 26
261 23
224 6
490 17
314 18
152 31
16 8
270 32
243 29
172 4
421 10
337 18
157 21
161 11
394 6
493 30
111 17
408 7
115 17
87 8
106 2
170 26
114 24
73 8
360 17
227 13
450 31
134 26
211 10
208 4
348 4
13 14
305 20
348 11
169 11
50 6
24 24
99 21
11 24
196 2
120 6
150 1
484 12
26 22
281 30
150 4
137 26
142 21
286 5
63 18
275 17
431 27
184 22
287 22
257 11
267 20
404 5
296 20
256 13
285 4
110 2
220 11
152 25
39 9
201 30
242 12
66 16
274 21
405 20
498 17
394 32
240 14
384 23
389 19
60 9
27 13
311 30
267 6
458 22
250 18
259 7
485 32
366 2
128 27
22 29
135 19
240 15
64 32
261 32
114 8
329 8
341 19
237 11
452 26
264 5
204 18
43 8
401 32
150 4
30 31
4 5
289 28
39 17
71 23
156 12
323 24
324 19
474 24
121 1
106 29
329 29
462 15
200 31
131 13
94 8
223 2
28 28
397 30
68 23
69 27
150 19
59 21
405 28
237 1
13 30
465 1
2 11
416 29
493 30
106 10
409 20
387 17
43 7
206 26
101 2
333 31
16 7
75 24
478 31
149 30
4 21
183 21
243 14
262 7
495 27
25 15
46 27
43 29
398 13
198 30
374 10
100 2
476 15
13 18
337 17
295 9
478 13
401 4
426 14
307 4
28 27
27 22
445 17
162 22
169 7
192 11
93 15
488 32
317 4
373 10
365 32
198 26
496 14
265 6
112 7
193 3
105 27
64 22
140 9
243 8
288 30
54 32
225 29
299 9
393 16
46 21
43 3
302 26
45 10
311 12
341 8
498 17
426 6
346 13
138 17
77 29
22 6
8 26
375 27
139 3
34 20
227 24
483 4
113 7
445 16
386 29
131 31
82 24
296 19
473 18
15 25
414 17
382 10
134 32
432 12
374 13
160 24
40 22
479 20
20 8
279 13
60 25
491 17
317 15
420 21
424 6
41 13
322 10
110 32
30 25
431 11
357 10
207 8
83 29
252 26
312 30
62 8
291 17
216 7
191 27
99 30
421 7
154 22
264 32
401 25
156 32
400 29
273 6
112 8
494 31
161 6
97 7
381 19
127 4
197 21
83 19
134 31
137 27
448 8
402 9
45 18
32 4
126 16
105 17
363 10
452 24
255 12
450 27
286 20
231 22
244 29
480 25
167 32
15 14
367 13
314 7
30 29
410 11
205 18
243 3
112 10
294 10
93 23
353 18
318 3
415 17
99 14
141 25
361 28
230 20
128 28
342 5
92 4
163 4
265 9
215 16
451 32
446 7
103 30
125 32
84 31
37 30
285 25
298 25
36 27
224 27
422 6
171 14
169 13
161 29
90 23
365 8
87 6
286 13
311 6
312 2
301 28
279 17
377 20
81 8
306 21
75 4
74 1
445 2
430 1
378 3
184 10

