256
241 20
237 12
73 32
326 26
14 12
83 21
135 1
368 22
148 5
295 23
258 8
322 29
107 7
4 13
244 27
181 4
302 17
7 2
53 16
339 26
115 26
434 13
366 9
114 22
326 21
72 31
104 17
212 30
419 11
391 2
225 3
145 19
339 19
104 3
187 15
308 29
68 10
402 1
42 11
446 31
127 2
154 27
466 25
144 9
283 2
46 8
456 15
90 23
45 13
37 3
487 21
236 2
438 9
339 15
355 24
402 18
357 11
416 11
123 3
207 5
297 28
116 8
146 5
250 11
250 23
125 12
335 12
142 8
348 16
306 7
467 3
388 32
113 3
498 15
65 28
492 9
307 31
317 1
312 14
495 21
56 23
148 14
331 13
217 22
472 11
84 3
81 19
114 26
125 11
280 26
166 27
402 28
378 18
276 29
136 6
101 3
241 16
137 31
241 5
452 24
375 16
2 28
6 27
1 23
429 28
172 10
51 17
270 16
143 1
320 2
19 28
24 3
19 20
33 7
13 20
323 7
371 24
46 5
143 22
211 23
178 10
17 8
158 6
359 28
34 2
281 12
301 1
14 7
316 14
282 12
382 12
419 4
131 20
332 21
362 2
196 27
275 12
470 5
201 24
436 22
209 29
138 21
373 15
31 16
49 8
220 30
119 14
385 22
453 9
374 10
462 21
56 21
132 5
373 16
56 24
418 20
376 7
476 16
57 3
140 17
170 27
90 29
496 15
390 8
43 27
114 32
184 21
92 15
46 12
351 21
124 4
69 23
26 16
99 30
402 6
391 28
96 28
64 7
306 9
242 32
215 31
56 18
228 19
65 13
315 31
77 2
34 9
288 11
41 30
492 10
123 22
365 2
66 28
12 27
380 22
423 7
312 26
344 7
328 24
15 10
26 20
431 23
88 3
469 20
456 9
70 3
46 2
500 15
214 12
334 1
469 4
243 20
437 31
23 8
198 13
406 12
480 28
134 28
406 3
47 30
415 12
292 8
402 3
423 11
6 32
263 14
67 18
458 31
444 28
266 5
368 23
216 8
211 18
119 16
452 17
329 30
133 12
29 10
263 27
204 28
410 30
94 28
323 11
478 30
382 32
259 13
118 18
152 8
175 22
444 22
139 4
195 3
96 24
8 30
26 31
477 12
380 2
263 11
324 1
320 17
188 10
306 21
256 17
133 30
79 20
408 13
51 6
339 6
177 26
207 15
112 28
138 19
457 32
45 9
344 5
485 31
498 22
188 9
451 16
35 13
99 26
97 25
395 7
499 28
484 1
126 23
240 3
289 25
366 6
329 2
402 25
92 23
159 19
4 21
302 6
489 4
331 25
253 29
371 27
500 30
307 1
152 23
239 28
299 5
125 15
18 10
495 5
129 21
92 32
261 25
169 9
145 3
185 25
427 31
351 23
112 13
403 15
259 26
407 17
450 11
35 3
261 6
279 21
34 30
20 3
115 24
395 19
390 12
359 24
486 29
446 6
69 5
64 12
46 30
236 27
353 27
165 29
4 3
1 25
17 4
35 23
411 6
93 20
213 19
171 26
363 25
499 23
21 19
462 26
32 30
264 24
24 16
348 23
74 4
267 18
71 10
72 1
435 16
484 31
318 31
48 16
327 23
315 19
461 8
264 24
177 31
80 28
158 3
78 31
127 1
173 13
350 24
30 24
260 1
134 9
371 13
461 21
227 31
395 11
402 18
31 11
36 18
278 29
388 24
424 26
404 12
211 1
191 20
240 10
456 13
231 19
53 11
375 28
317 14
170 14
427 8
148 15
13 30
7 13
485 6
414 12
377 12
344 20
67 3
73 19
307 15
201 7
197 11
342 1
344 8
83 23
415 6
437 8
7 15
180 23
225 25
82 5
273 13
372 3
359 21
361 29
303 25
376 28
488 5
364 27
432 10
305 27
28 21
478 18
184 21
377 24
453 10
360 17
235 20
64 5
232 8
258 10
189 5
385 4
53 1
358 21
46 15
35 25
403 16
459 6
20 19
345 16
144 25
197 18
492 20
323 19
387 24
108 27
416 1
102 4
241 28
304 10
474 6
211 12
201 13
166 24
207 14
192 26
270 8
432 17
351 2
335 21
37 31
16 20
287 13
271 31
132 15
16 17
116 10
185 9
98 14
388 20
63 7
6 1
170 25
445 8
394 20
461 18
74 12
233 16
148 27
238 32
281 21
236 29
331 12
417 20
121 4
84 20
235 21
368 24
229 4
276 6
295 28
51 8
415 27
431 30
489 4
45 30
125 13
370 23
200 30
234 17
441 17
208 11
109 23
431 17
90 2
458 17
145 12
456 3
494 15
324 27
258 29
104 10
1 17
188 32
110 10
224 14
442 19
429 31
357 27
239 3
416 5
35 24
408 10
322 22
432 25
236 10
217 7
275 29
163 19
269 4
88 12
25 21
275 9
283 7
163 2
281 30
70 27
341 21
361 14
230 28
11 25
333 27
155 24
296 21
274 20
292 5
407 9
241 29
121 12
16 20
397 12
65 18
315 6
294 11
419 16
170 25
44 11
360 7
314 11
219 11
70 19
447 28
31 7
361 11
414 28
286 30
375 15
479 13
108 21
67 6
352 29
307 11
91 18
445 8
172 12
342 25
26 32
272 24
30 12
58 24
211 32
457 14
398 4
478 1
412 17
382 27
133 4
9 19
57 22
330 16
469 11
172 30
310 28
253 15
279 22
134 14
357 27
279 2
378 20
110 21
152 8
255 16
31 19
210 32
68 27
167 8
61 23
233 14
486 25
209 24
499 2
105 3
136 31
313 25
491 6
5 22
265 27
130 24
374 7
235 21
82 5
477 6
91 1
12 12
398 16
192 8
117 8
454 13
383 14
117 25
392 18
218 32
84 19
303 25
242 13
398 27
290 10
316 12
286 19
160 3
250 27
430 19
202 20
471 8
353 3
308 20
412 14
252 32
76 10
452 25
443 5
491 8
426 19
167 24
337 10
246 7
232 4
305 6
263 23
17 23
65 13
211 13
54 30
324 25
367 3
150 29
328 4
96 21
298 23
316 27
292 6
73 4
441 25
309 31
355 21
21 7
353 31
99 26
44 30
387 3
49 4
423 8
27 3
480 29
133 8
163 24
61 23
151 21
167 3
407 29
488 7
143 24
10 22
98 1
15 4
167 19
223 2
142 13
460 22
277 28
269 31
219 9
377 14
181 3
32 15
415 7
13 2
63 26
151 16
279 9
347 29
80 25
386 21
169 1
194 14
140 6
88 15
142 1
432 10
211 11
260 2
38 13
239 16
498 25
111 32
405 17
73 28
377 26
57 13
155 26
194 22
64 6
4 13
302 31
379 8
102 14
193 27
262 11
90 32
171 8
387 4
360 27
411 32
269 15
484 15
69 6
68 8
163 8
40 16
358 10
31 15
408 32
301 17
6 18
132 13
293 15
104 16
181 14
239 29
333 27
75 5
104 15
88 10
66 31
285 27
397 15
234 32
390 18
176 24
276 32
424 28
30 19
220 22
392 26
215 28
236 29
180 19
283 11
308 32
246 20
271 18
407 4
149 16
389 32
43 24
335 10
84 12
196 31
278 28
316 20
15 12
280 23
242 27
313 26
262 10
141 20
51 15
91 11
47 12
375 5
347 9
259 22
425 10
436 22
245 12
193 28
303 24
306 20
238 18
445 12
28 26
87 22
336 22
481 6
361 11
27 3
415 25
489 7
442 12
40 7
175 4
298 13
260 19
225 13
424 13
200 31
458 23
85 14
168 21
379 12
419 29
86 17
393 6
24 23
498 19
373 8
499 30
205 18
476 21
106 19
449 22
54 7
148 6
52 23
202 6
194 24
39 15
156 23
205 31
117 6
446 9
429 8
10 1
53 21
413 22
88 22
19 25
120 22
130 15
332 23
304 13
6 22
360 21
125 16
192 25
469 5
82 1
284 7
382 4
428 22
197 3
7 4
7 6
233 24
500 5
170 8
145 27
497 12
187 9
419 2
362 15
218 3
136 17
385 17
188 4
14 13
30 17
452 32
350 8
375 10
452 4
357 29
422 13
100 13
326 3
190 23
257 20
333 32
260 1
112 24
233 22
184 10
498 19
2 27
170 32
400 6
124 20
70 1
461 9
357 22
39 27
324 28
306 4
391 17
224 11
364 8
480 11
422 5
33 27
27 23
150 3
28 29
386 29
22 22
469 10
131 16
276 22
155 17
313 5
498 29
399 9
196 14
260 21
206 16
39 17
50 9
363 1
165 8
25 2
94 2
268 8
353 15
382 27
124 22
255 1
434 14
333 22
235 28
246 13
88 25
377 17
177 15
214 5
338 14
83 19
435 18
359 31
392 24
349 31
489 24
339 31
313 8
52 31
115 29
339 14
433 7
339 21
305 16
154 11
345 32
425 12
437 23
122 16
78 3
399 27
278 13
341 30
260 12
136 23
40 7
76 29
41 2
285 2
169 10
340 14
377 8
497 25
103 2
345 12
440 23
450 29
331 30
158 23
181 22
465 17
324 16
397 8
10 29
61 2
471 20
395 15
16 7
364 26
361 16
1 12
302 11
221 8
240 2
74 17
227 10
345 18
282 13
266 11
273 2
320 15
78 27
294 17

