256
273 30
5 15
392 25
122 31
183 12
486 9
73 22
309 28
498 17
316 16
301 20
363 23
110 21
480 23
146 24
213 18
442 2
401 21
18 2
451 24
461 9
360 22
462 24
5 23
248 16
266 13
495 25
363 13
457 22
107 30
106 12
372 3
389 16
83 6
145 10
309 29
174 28
342 15
40 2
446 27
166 11
39 20
191 10
468 16
95 3
101 12
98 28
450 26
447 5
95 27
270 27
48 31
274 9
429 9
87 18
452 28
437 10
115 31
243 15
126 18
9 27
389 30
254 11
443 1
223 21
143 28
143 18
138 4
431 6
81 5
292 16
120 20
225 14
206 12
168 32
157 12
114 25
133 15
235 31
67 17
315 10
152 1
251 5
225 21
207 17
401 2
188 24
77 24
106 6
231 1
169 31
301 30
284 21
1 26
212 27
327 6
480 22
187 31
119 11
115 5
67 12
26 26
387 26
17 8
439 20
117 4
338 21
241 9
201 13
343 28
364 13
290 11
350 8
277 28
238 28
348 12
111 5
57 9
178 21
193 29
376 25
76 26
225 32
38 21
261 4
189 20
104 18
170 18
157 7
125 10
42 13
197 8
197 25
352 15
381 32
343 21
352 10
322 4
85 15
205 21
295 9
172 2
74 6
203 18
140 32
475 13
152 15
184 28
127 3
74 19
79 20
263 26
185 20
210 6
499 22
170 21
10 2
190 23
387 9
16 18
72 2
58 19
12 17
422 22
127 24
496 21
115 15
339 8
46 12
125 4
313 6
336 30
339 14
256 13
122 27
250 29
464 27
267 11
251 28
316 30
387 7
286 30
421 32
5 23
23 17
362 11
274 18
8 29
427 27
189 20
237 7
92 16
449 30
378 12
249 25
429 12
4 26
193 20
190 13
242 4
29 4
399 18
153 22
118 19
225 23
330 5
97 21
365 29
482 14
96 10
435 16
421 6
90 29
213 3
161 3
342 5
410 20
343 26
202 4
344 26
266 17
238 22
297 18
259 22
196 26
211 6
230 20
271 19
96 3
449 25
141 26
297 10
234 19
463 23
451 14
212 16
182 13
282 2
255 24
107 30
97 22
283 26
301 13
496 24
387 32
4 20
86 13
429 7
291 32
457 21
401 12
309 11
320 10
412 22
481 3
227 17
188 21
255 32
413 22
87 16
46 7
31 15
95 31
5 17
406 17
478 11
480 10
241 19
227 32
225 19
22 27
135 25
312 13
48 16
491 15
227 24
77 1
222 7
420 26
55 29
186 28
483 5
169 27
315 23
79 31
453 28
342 12
309 9
328 12
80 26
490 23
409 14
119 22
88 22
355 11
215 24
378 25
408 11
476 19
293 14
465 10
5 10
185 29
162 12
373 10
386 2
104 22
132 22
276 3
112 26
65 30
374 19
226 13
341 9
207 29
254 16
378 31
329 26
275 11
278 3
436 11
361 19
308 20
260 11
62 19
65 3
48 22
69 6
274 17
474 1
393 4
4 19
190 8
184 28
174 17
111 5
475 3
499 27
314 31
217 11
129 9
1 1
422 1
302 32
181 19
28 30
354 15
196 23
214 27
359 8
192 17
348 6
143 3
152 8
457 5
182 17
1 31
465 11
455 22
470 16
41 9
61 30
231 28
141 12
486 7
183 1
319 31
47 9
81 6
268 1
418 1
473 23
335 2
193 30
203 10
129 31
362 25
341 8
296 17
387 9
331 6
162 13
452 16
461 4
109 4
420 31
380 20
297 3
33 21
208 12
354 12
182 15
376 6
158 23
206 8
303 12
465 8
36 16
375 12
151 12
279 22
362 19
166 30
225 30
350 20
285 15
119 19
121 2
192 18
16 14
25 22
433 6
486 17
257 20
20 8
47 11
329 8
309 6
269 17
192 22
316 12
24 2
294 32
131 22
125 26
235 10
167 27
491 12
339 3
216 7
358 30
9 7
374 13
384 10
349 15
112 32
255 3
301 24
483 3
237 19
428 15
460 10
490 10
450 20
253 21
390 22
130 10
500 23
214 8
497 18
162 32
429 16
446 17
168 4
11 20
239 14
227 18
384 12
352 13
247 8
201 25
65 18
34 25
185 24
152 9
13 21
492 26
433 9
22 12
69 29
207 3
322 1
208 1
352 15
93 11
366 13
439 19
327 4
199 7
71 10
43 4
366 22
377 2
322 6
101 10
282 12
400 12
444 32
12 24
370 25
98 4
249 4
18 3
359 32
437 2
417 23
217 6
216 1
432 10
342 20
279 8
191 31
79 11
138 30
282 11
398 3
94 27
414 3
73 12
30 6
53 10
192 17
80 8
361 23
149 23
394 3
178 9
309 16
71 30
401 20
157 3
82 22
149 27
213 25
266 26
434 19
40 26
439 19
237 20
333 17
354 18
163 7
14 20
342 12
269 2
139 25
392 20
27 32
214 7
113 20
332 22
2 3
23 8
193 15
91 29
143 4
455 18
30 8
129 31
256 21
465 18
26 4
466 28
248 19
142 28
214 1
257 11
48 32
7 24
390 13
117 13
245 3
42 26
390 2
145 29
270 25
391 3
316 20
198 31
238 31
274 12
16 11
18 3
310 8
154 23
121 14
435 5
340 32
490 26
497 22
226 23
94 4
265 10
323 23
324 29
357 2
216 20
128 29
286 21
257 16
339 25
209 14
445 13
101 26
482 14
420 27
68 29
175 28
274 21
498 14
261 7
195 24
78 26
61 16
462 25
155 24
397 27
425 13
115 18
274 12
123 21
155 2
58 5
225 23
29 15
428 10
429 18
117 14
295 21
369 24
345 27
56 29
238 20
433 28
357 15
152 3
251 14
372 20
338 1
139 10
319 14
155 3
40 20
104 10
152 13
442 21
347 17
441 28
180 26
492 9
432 31
219 10
300 15
194 29
187 8
2 29
101 25
455 20
484 14
178 19
382 31
335 1
319 24
16 18
1 19
238 24
1 5
169 28
47 30
288 1
249 30
441 26
2 27
193 1
304 10
323 2
192 26
118 22
285 29
212 1
344 1
272 32
405 24
348 23
6 19
387 26
480 19
455 5
425 32
317 21
221 24
118 17
149 23
126 1
423 13
273 2
490 24
314 18
187 29
49 4
499 31
150 31
114 16
311 30
455 8
118 24
471 7
144 15
173 13
255 16
310 15
213 7
422 18
44 20
390 32
356 29
379 21
71 16
312 29
381 19
212 31
146 2
437 17
4 2
409 30
409 22
136 1
368 17
351 20
369 32
355 28
332 17
80 22
76 19
487 13
9 22
11 14
84 15
294 7
260 27
197 32
124 16
141 12
241 19
255 5
82 17
36 14
342 15
19 1
357 21
77 6
55 23
223 2
238 17
76 21
423 12
17 26
104 21
389 28
351 3
8 24
104 31
49 21
9 8
65 13
424 2
434 6
432 5
467 29
377 15
18 31
166 6
48 21
246 29
316 32
283 15
379 18
217 28
182 25
199 27
294 30
240 23
452 19
235 10
44 15
164 1
113 18
298 5
302 31
449 22
490 31
144 20
469 17
499 22
437 17
248 14
319 11
309 18
362 31
391 13
358 19
317 26
236 18
482 9
8 30
358 13
365 2
68 13
214 15
334 26
263 18
232 13
420 12
202 25
286 25
37 23
499 17
465 14
170 14
474 17
80 20
377 8
37 29
128 6
11 21
251 9
42 6
206 2
225 19
446 27
203 31
5 21
187 1
138 17
267 24
237 26
147 30
141 31
410 20
136 4
228 2
44 14
72 1
435 24
8 8
10 30
66 3
263 21
187 20
313 17
215 5
150 21
14 10
247 27
409 22
194 5
472 10
110 31
338 32
42 29
127 8
259 13
270 13
297 12
476 5
113 11
9 6
255 11
404 18
149 12
235 3
300 30
432 1
100 21
156 18
318 7
249 12
327 2
152 19
177 23
435 9
169 31
51 32
169 30
277 14
117 23
12 25
421 27
29 16
415 25
365 32
171 25
11 17
482 2
323 7
289 25
299 25
403 29
232 32
6 8
241 3
371 28
391 19
398 19
14 4
455 3
396 9
343 14
473 21
420 27
187 8
255 9
368 10
186 24
81 31
459 21
313 29
276 27
323 5
326 17
336 24
67 11
109 13
489 25
437 8
432 27
319 6
108 14
195 9
489 23
483 4
299 8
128 26
202 15
450 15
139 6
363 17
368 7
465 8
255 30
467 18
24 29
224 27
175 6
275 15
45 10
462 7
257 18
121 18
244 30
41 30
207 7
438 19
225 10
282 11
7 9
369 31
237 20
365 15
361 28
278 21
101 15
452 21
180 28
370 31
493 6
156 28
164 9
274 24
199 7
71 25
7 31
87 20
382 16
358 10
443 31
351 15
226 26
103 13
225 8
32 13
234 7
416 25
484 21
137 2
300 19
238 10
497 17
253 2
128 31
323 10
449 9
316 10
178 26
283 22
241 2
323 14
204 10
223 23
131 23
220 26
417 18
87 25
134 32
494 1
154 4
182 26
45 1
128 14
118 26
328 26
427 6
36 2
239 14
169 13
468 16
2 12
197 9
500 2
280 29
442 5
12 11
386 12
323 1
482 4
126 29
150 20
310 5
34 16
294 14
121 21
293 2
496 30
62 3

