256
439 30
97 8
32 26
42 18
191 12
308 8
393 18
206 18
445 30
32 16
340 22
206 8
498 16
94 9
218 11
36 20
168 25
111 4
78 21
377 32
296 16
475 8
373 4
458 25
349 17
40 8
374 1
219 19
396 1
435 21
3 15
268 18
455 3
73 24
383 9
299 22
189 29
69 25
156 22
82 32
366 25
395 11
366 21
110 9
129 24
374 31
366 5
153 12
223 5
203 29
378 25
486 6
477 15
478 20
432 15
339 10
32 25
388 1
50 17
9 2
393 6
309 14
227 17
282 17
389 28
258 2
337 31
35 9
149 5
149 17
275 15
378 26
424 13
202 21
114 3
150 6
296 22
467 18
122 12
175 27
84 16
480 28
26 3
84 27
231 32
255 25
423 4
311 22
100 12
170 13
426 31
422 22
481 5
447 26
488 9
316 23
52 16
342 6
14 22
104 24
361 10
100 3
193 2
332 28
478 1
209 27
24 26
328 20
222 23
309 14
395 1
484 23
476 22
228 1
103 27
436 31
392 7
450 16
1 25
227 22
486 19
232 25
417 32
216 10
186 24
199 20
352 27
82 7
360 5
167 26
343 30
480 2
193 25
169 13
414 28
22 11
34 17
259 26
16 14
292 5
349 26
485 29
376 2
27 3
79 10
252 5
351 20
359 11
12 23
235 29
478 24
175 32
213 9
165 24
406 28
133 27
2 21
307 9
386 25
316 28
230 7
89 9
150 7
475 6
177 10
438 15
169 9
18 9
45 6
461 7
342 29
409 23
61 23
71 6
251 10
114 17
157 2
413 10
352 11
467 4
300 17
182 21
17 31
201 9
85 29
67 6
105 15
472 9
393 26
315 20
132 16
476 20
481 28
93 24
478 12
211 26
168 13
98 20
295 10
448 15
311 11
8 31
193 15
284 30
225 22
81 12
25 20
347 21
295 27
188 20
202 6
401 1
142 26
256 29
148 16
19 10
422 31
76 18
209 15
51 21
456 31
140 8
38 30
40 32
129 7
308 30
329 32
51 30
58 18
110 29
213 5
366 26
7 13
100 15
152 26
500 31
485 3
143 10
329 2
206 25
261 29
138 21
72 20
410 21
198 12
389 6
500 22
396 18
399 11
72 30
348 3
360 28
62 2
206 6
388 15
198 12
127 19
88 6
227 17
383 12
220 11
185 11
377 16
76 3
278 28
28 30
218 27
161 3
93 30
20 32
480 5
479 22
404 10
156 30
266 22
405 22
160 25
56 32
21 28
14 2
131 1
127 20
132 24
331 24
5 30
55 1
419 1
442 26
302 17
303 3
338 31
256 6
295 24
385 31
147 7
317 9
143 31
328 2
82 18
201 11
360 15
71 18
491 32
303 24
313 1
63 22
311 18
147 21
481 32
124 27
486 20
107 12
234 31
106 8
444 6
254 31
413 28
136 3
39 26
399 11
42 21
1 24
130 27
309 15
382 32
441 31
223 12
347 4
334 24
475 25
461 28
136 17
403 7
480 18
209 14
292 26
190 28
306 7
291 30
281 16
249 30
391 15
473 25
130 18
392 29
286 12
184 1
77 15
44 16
380 8
137 27
205 30
315 18
144 13
327 25
480 11
350 10
397 30
310 11
479 17
483 24
257 30
389 25
104 32
444 11
35 4
6 7
405 28
453 4
128 7
176 3
206 17
181 10
198 14
480 28
247 26
144 27
480 12
39 3
463 26
270 17
61 19
439 29
150 15
216 21
374 28
87 7
120 3
180 26
313 4
345 15
473 8
413 20
371 27
91 29
284 4
33 16
338 4
12 3
66 11
467 7
322 13
17 18
24 29
463 32
208 31
394 28
499 22
188 25
460 6
202 3
489 2
290 30
57 29
16 23
231 22
413 13
386 10
50 17
478 8
244 5
170 29
68 12
146 15
37 1
32 26
347 28
175 20
49 32
140 24
58 23
45 18
479 15
399 32
191 32
39 15
412 12
275 4
228 29
86 28
25 6
205 32
341 15
211 26
314 3
305 3
73 30
341 27
484 15
78 10
319 32
460 18
27 3
413 2
155 7
369 27
320 17
402 12
304 13
253 13
315 22
340 7
111 4
289 30
474 26
267 32
37 31
226 3
313 6
317 31
192 1
349 23
110 19
375 17
215 7
381 13
388 12
119 14
455 19
91 1
476 18
424 4
288 17
74 16
491 10
270 2
427 6
397 28
220 27
152 22
101 8
166 29
456 20
338 2
42 21
190 17
490 2
232 21
466 26
80 8
399 17
342 13
170 2
64 14
212 19
27 28
451 5
4 14
180 2
19 30
122 17
442 27
26 2
91 3
331 18
299 29
222 20
110 23
229 17
484 16
92 7
455 30
407 3
299 2
4 25
159 25
377 13
439 26
478 1
393 8
402 7
240 19
330 13
217 14
374 13
201 1
415 7
358 29
317 8
110 12
472 29
296 9
73 22
102 22
466 30
209 7
36 32
341 29
1 2
126 10
462 6
42 32
333 7
252 21
406 25
321 13
333 4
77 29
54 23
158 15
24 14
238 24
18 14
276 26
339 30
95 28
431 12
379 15
386 22
264 31
343 4
19 3
403 32
432 32
478 17
179 9
159 4
412 12
197 20
397 32
293 7
39 19
330 22
338 3
47 5
61 25
388 11
416 14
378 27
450 31
139 28
208 9
395 7
176 15
10 24
330 10
266 9
229 15
138 30
365 8
370 17
277 9
356 28
398 5
390 3
292 32
326 11
177 28
321 28
15 11
128 24
188 17
416 16
44 29
185 16
441 14
185 5
162 28
408 12
476 21
258 3
28 12
469 28
7 30
260 17
472 11
69 27
131 8
427 26
241 23
286 9
17 10
249 26
213 12
441 4
156 19
159 19
134 19
239 4
416 6
13 23
236 29
250 10
268 28
244 8
490 13
392 22
350 28
388 26
499 20
453 6
26 3
41 3
90 7
151 5
480 27
96 27
447 13
432 26
224 7
74 25
407 17
71 8
457 30
21 19
285 30
313 23
436 17
173 21
335 31
382 2
189 21
28 15
173 31
201 8
190 10
108 24
442 14
204 6
339 32
57 28
49 17
138 29
73 10
361 23
337 10
220 1
70 19
364 30
409 24
489 22
189 5
46 26
478 13
380 29
324 24
292 9
156 9
61 8
442 21
486 26
163 21
7 28
155 10
326 23
285 30
365 1
262 26
454 20
362 25
408 17
472 7
261 23
331 29
58 32
242 27
254 16
451 20
339 21
481 4
372 29
330 24
89 3
497 22
34 22
79 5
246 30
343 31
233 25
179 18
149 12
185 18
27 27
365 6
92 1
381 27
109 10
50 25
5 2
90 2
107 28
331 28
422 17
62 14
402 21
295 2
12 11
155 27
318 23
108 21
363 8
223 19
402 32
19 30
169 24
295 23
480 5
478 13
2 12
258 31
132 24
304 31
235 18
385 8
328 24
312 30
332 10
364 17
157 26
342 9
193 12
99 4
113 16
276 6
467 9
16 26
289 3
93 3
480 17
278 27
321 5
200 8
474 7
88 22
500 5
306 16
416 28
68 32
183 3
141 6
228 8
99 12
178 23
390 29
372 23
167 16
107 14
47 8
484 14
413 19
266 26
379 1
473 22
61 31
288 5
156 3
413 3
382 22
1 27
451 32
141 9
267 11
39 5
30 10
2 14
357 3
11 31
152 27
32 4
490 11
116 29
38 20
455 27
322 24
394 28
179 6
92 6
485 26
462 2
152 28
308 32
82 22
446 1
5 17
148 10
147 12
194 8
143 5
159 8
104 24
87 18
289 7
431 13
308 1
287 3
60 30
22 25
467 31
226 3
295 29
168 10
488 18
329 7
10 19
446 17
242 17
450 7
211 25
303 22
477 1
33 20
238 26
28 17
21 5
27 7
478 31
460 9
408 1
299 5
479 29
85 29
277 22
103 3
118 21
60 6
198 16
333 19
146 5
491 2
317 22
36 10
416 24
463 3
488 1
443 10
357 27
390 9
412 8
323 30
249 3
475 18
326 28
84 27
372 7
340 8
296 4
334 15
223 4
237 18
260 23
379 1
57 1
249 32
112 20
349 4
158 32
9 7
335 25
158 26
371 29
245 26
224 18
80 26
77 24
211 25
346 6
453 30
210 1
73 13
328 26
33 9
449 5
320 19
337 17
192 27
325 12
224 13
366 27
198 18
470 17
130 31
350 2
420 27
487 25
83 22
118 23
151 10
360 14
52 24
298 7
255 10
30 6
374 15
133 28
41 18
184 10
121 1
308 12
295 14
236 1
311 21
344 1
122 19
134 25
250 11
119 28
405 17
334 10
99 2
201 31
271 16
365 3
120 20
135 10
317 18
291 3
427 2
440 4
40 17
425 29
356 27
145 16
247 26
389 10
147 30
336 13
177 16
12 29
371 30
62 3
219 16
18 21
189 9
397 4
233 21
17 20
67 25
199 26
194 28
11 12
233 10
108 5
398 7
409 28
116 7
159 19
174 4
331 7
336 31
442 4
251 10
156 2
322 26
483 19
145 29
206 13
190 22
490 31
136 18
207 32
220 25
438 14
392 24
460 7
199 29
146 9
211 1
118 8
359 4
251 15
444 24
84 6
121 13
220 9

