256
465 11
231 22
330 30
225 10
159 1
325 7
181 28
272 9
322 26
409 14
180 9
384 5
494 20
161 29
143 26
254 16
437 21
105 26
50 25
355 24
325 12
298 17
3 1
261 25
378 30
130 9
150 9
205 27
441 21
56 27
75 5
42 19
497 14
128 10
327 15
106 31
14 31
212 32
176 8
44 25
141 29
314 10
38 14
137 2
87 28
412 17
204 6
23 25
451 14
246 25
484 3
484 21
458 7
217 1
166 12
389 19
137 26
152 14
276 32
3 10
183 10
22 27
71 28
87 2
45 20
354 5
387 17
229 24
31 13
180 5
57 16
59 1
474 18
218 17
202 28
110 12
189 19
122 20
26 24
337 22
244 14
302 2
379 19
177 21
327 16
309 23
275 15
427 8
429 4
348 18
419 17
365 4
291 3
219 16
398 11
442 5
96 31
122 22
273 30
235 16
153 3
334 12
114 29
379 18
460 11
23 31
387 31
486 30
225 24
49 27
462 18
115 25
85 5
235 1
34 25
308 15
215 22
318 12
106 12
221 17
126 31
443 17
482 16
394 30
187 26
180 8
136 23
409 28
31 15
428 28
315 12
454 1
81 3
209 18
171 9
102 4
24 17
160 5
28 1
210 7
199 26
214 6
36 14
405 10
116 28
333 2
271 15
311 7
261 15
388 31
299 26
79 30
90 22
178 9
495 4
183 17
481 29
230 12
18 22
433 6
169 25
415 24
403 9
290 24
243 22
446 14
371 24
67 24
466 13
280 4
336 15
356 12
359 9
183 20
422 11
213 14
83 32
381 10
352 3
353 31
52 22
340 6
174 22
85 27
354 28
450 17
326 17
356 20
93 18
116 22
356 32
455 31
455 8
128 7
358 8
105 1
481 16
182 10
53 2
496 7
481 1
447 7
101 19
46 9
44 1
58 32
489 1
42 31
348 5
305 17
500 9
465 8
56 22
338 29
467 21
219 19
130 25
457 6
171 19
127 15
163 12
114 19
48 11
150 19
175 22
303 26
215 19
357 22
116 18
434 30
379 20
381 28
169 9
441 23
191 15
405 14
251 18
60 6
24 17
45 10
15 27
427 5
466 4
202 21
181 12
367 27
139 3
418 11
435 23
350 6
425 6
183 31
124 18
177 19
303 29
49 9
419 31
397 4
462 6
169 23
85 11
53 16
133 7
382 23
181 27
44 1
485 14
484 24
172 4
458 2
232 6
494 22
185 22
238 6
339 18
140 12
440 13
499 8
15 20
490 15
111 26
151 15
315 14
406 6
497 15
163 16
221 16
230 25
249 31
254 32
224 26
363 11
86 5
438 24
92 15
146 6
164 20
500 15
134 25
316 18
120 27
210 28
486 7
96 15
257 17
26 20
94 24
346 15
452 15
130 19
209 11
97 5
275 12
203 32
353 6
389 12
348 18
163 10
240 26
272 28
310 5
179 20
36 12
434 23
158 8
381 23
42 1
443 16
277 13
75 17
162 32
452 18
265 2
47 9
75 18
204 4
466 19
491 17
110 25
339 24
192 15
486 17
48 8
401 28
72 15
156 5
290 7
446 31
424 16
263 2
161 10
85 22
404 28
478 26
352 12
281 19
239 30
127 10
45 3
313 24
2 16
52 31
426 18
401 29
341 3
402 2
333 2
331 8
413 29
249 16
180 17
10 2
146 5
55 18
163 15
157 24
186 5
11 19
58 19
15 22
426 12
455 2
254 14
345 10
150 10
134 17
474 27
247 8
131 29
13 6
20 2
13 9
82 19
372 27
286 10
240 27
302 7
320 3
332 4
72 29
109 5
161 7
52 31
258 30
60 6
31 7
143 32
487 12
270 10
214 23
96 22
117 9
500 12
451 15
452 22
163 28
431 23
494 26
82 15
367 17
373 26
423 27
145 5
239 10
471 12
469 2
257 17
314 28
373 20
290 12
489 20
235 3
479 9
456 32
331 19
52 11
424 6
70 4
438 12
481 24
463 13
325 24
238 2
179 26
105 29
137 30
272 11
68 26
451 28
161 10
198 8
336 25
389 25
40 23
416 8
86 27
173 7
302 18
252 4
75 29
300 15
6 16
433 25
25 12
96 2
165 1
101 8
265 22
109 20
20 4
176 25
254 16
219 15
313 7
387 11
31 18
97 28
461 17
108 10
264 8
23 16
200 19
132 1
316 24
472 19
115 15
440 25
198 10
423 30
332 25
248 18
347 32
249 11
225 1
144 12
264 30
120 15
493 19
483 24
342 3
143 4
453 22
324 15
443 3
12 15
407 20
340 5
455 13
412 3
297 3
371 20
425 10
78 17
92 17
76 5
15 18
92 3
3 4
321 6
366 29
276 32
444 19
229 2
203 20
133 11
398 19
114 22
344 32
442 23
104 14
71 2
439 2
288 6
429 21
91 10
145 30
270 32
332 14
189 15
341 5
89 22
175 23
116 18
246 17
156 5
426 2
22 29
240 9
158 8
121 12
18 13
317 27
56 24
488 13
386 8
417 31
269 8
29 8
313 10
145 1
326 22
398 19
286 5
7 19
361 24
246 30
244 6
16 16
62 31
396 3
182 12
273 2
107 21
38 12
426 2
444 11
103 13
449 9
182 24
35 30
435 25
419 18
194 18
181 27
288 28
54 21
92 30
270 26
127 31
321 16
340 16
155 23
457 23
35 14
410 25
179 28
201 5
226 15
234 14
1 5
334 6
489 17
232 14
474 22
269 15
261 12
262 31
254 26
370 32
207 3
61 17
123 9
185 12
359 10
105 32
290 2
265 6
362 8
240 28
205 32
334 2
467 7
84 13
313 21
212 7
232 4
108 22
237 12
405 3
62 25
306 3
447 7
481 12
418 28
495 11
79 16
292 5
275 11
321 23
180 29
309 23
8 20
468 12
60 12
191 21
380 16
175 30
66 31
338 4
226 16
310 20
364 25
53 22
179 9
76 2
257 8
472 5
152 3
212 27
310 30
35 18
398 5
219 3
216 24
150 29
240 19
449 7
115 9
92 14
77 7
355 22
254 7
302 9
265 9
319 23
415 17
468 20
414 22
478 25
94 28
273 21
290 5
491 25
277 22
50 30
452 20
39 9
82 12
314 3
204 20
477 26
189 32
281 26
333 3
434 2
238 6
314 11
483 16
283 23
237 8
112 32
440 6
97 21
193 26
423 5
97 15
14 17
46 11
90 3
257 27
156 10
433 26
372 11
273 23
25 14
190 21
401 25
490 21
354 11
462 4
431 27
379 12
195 32
442 21
302 2
11 6
191 15
279 31
209 7
69 26
264 18
426 1
239 7
365 24
301 3
71 31
237 13
27 7
225 32
419 14
18 10
187 12
224 17
474 17
220 30
222 11
4 23
351 26
413 32
37 14
246 11
296 30
260 22
116 4
142 31
213 23
316 4
70 31
216 12
175 11
289 24
270 24
394 32
237 11
187 1
372 32
84 3
117 3
341 1
382 14
119 22
492 6
345 5
28 13
456 19
347 25
450 12
388 24
88 1
354 10
249 25
58 12
243 6
378 19
258 19
416 4
205 3
365 1
320 13
461 23
447 4
19 8
275 31
443 26
383 32
488 31
372 13
315 19
422 24
49 24
155 5
259 19
371 4
259 14
368 32
317 14
379 19
413 17
445 20
367 15
3 14
310 11
250 24
341 11
19 1
54 25
353 29
235 12
140 30
117 15
269 29
24 31
120 16
151 32
495 25
243 22
222 28
224 31
379 28
198 1
156 11
274 1
415 4
436 6
205 4
412 29
189 15
471 16
223 10
223 1
342 29
66 8
368 21
90 10
408 15
495 12
38 4
424 32
479 23
358 8
466 25
360 26
56 31
461 6
156 24
198 9
352 28
116 12
108 22
317 32
492 31
431 29
282 22
185 9
416 2
148 5
162 19
387 1
41 7
50 24
234 12
397 18
215 16
157 22
217 17
189 9
488 31
441 17
324 1
381 31
18 8
324 28
239 2
452 11
260 2
475 6
101 3
431 19
234 19
488 23
411 29
363 18
499 3
19 15
132 27
265 5
131 16
32 29
1 28
147 25
337 9
458 9
195 20
455 29
326 2
83 8
322 17
338 25
451 28
495 22
458 19
83 24
403 26
456 19
449 27
367 17
427 8
425 14
211 19
402 32
25 28
328 18
132 1
18 30
224 16
368 17
327 14
269 5
267 28
483 28
30 2
352 25
25 5
430 4
7 15
475 11
18 10
81 21
170 6
434 5
314 5
74 24
454 30
220 25
121 18
436 15
255 31
311 28
267 12
367 26
274 1
8 3
347 32
143 20
38 8
261 27
229 14
342 30
231 13
254 3
466 9
353 17
180 23
352 10
106 10
71 27
262 7
21 20
18 19
476 11
91 32
405 7
273 22
204 23
10 26
205 32
498 10
48 9
424 27
475 2
468 21
260 13
327 25
189 1
443 8
251 5
103 16
55 19
105 15
81 7
216 1
294 9
194 21
242 10
91 4
351 18
316 6
286 19
390 30
339 9
341 29
69 11
448 24
169 17
382 5
19 13
386 28
13 15
4 6
400 30
25 2
3 1
212 12
335 5
318 5
137 14
465 26
101 13
181 21
317 22
222 19
362 31
350 22
389 29

