256
62 23
385 4
392 31
178 15
328 30
150 31
83 11
461 6
204 11
18 24
330 31
186 8
280 12
400 12
155 10
212 9
20 21
28 16
467 21
454 10
218 31
264 24
461 5
282 16
15 3
396 24
129 21
115 4
297 27
232 27
80 15
19 3
243 14
214 21
102 15
355 20
269 6
119 22
194 8
97 24
50 12
256 11
425 14
290 1
88 29
375 11
316 30
118 14
291 31
119 13
498 1
212 26
294 10
199 16
82 20
399 27
139 22
13 31
228 19
487 11
27 26
334 26
107 3
104 1
133 10
493 14
398 12
100 15
238 22
30 7
93 5
153 8
286 6
498 29
24 5
32 6
198 29
244 20
19 7
404 31
420 1
133 25
304 20
211 1
381 5
211 18
21 8
409 2
85 30
23 4
242 6
157 31
122 8
94 32
450 6
142 29
98 10
389 17
209 28
442 6
340 24
267 8
219 15
369 11
432 7
262 14
148 23
464 13
374 30
112 12
259 10
44 8
231 29
108 16
32 9
233 23
257 11
286 31
377 6
130 4
249 23
185 24
365 29
17 11
58 16
62 28
233 29
375 12
389 26
107 16
87 15
346 3
393 3
169 17
137 10
280 21
245 5
132 13
113 16
347 26
128 12
189 24
365 23
27 1
100 29
25 18
27 22
380 3
353 21
39 1
50 7
225 30
283 32
255 11
356 1
268 15
213 24
46 21
222 9
181 29
57 5
359 16
279 2
354 19
490 5
471 20
63 7
37 21
254 27
91 21
244 2
295 8
165 9
384 6
265 16
410 21
325 16
108 15
210 22
85 7
206 19
294 4
305 11
464 30
473 22
371 32
115 21
375 15
209 2
368 13
26 21
498 6
249 5
304 22
270 20
360 19
498 22
446 30
336 13
211 4
166 13
228 24
450 10
410 30
212 25
335 29
258 12
290 18
140 21
315 10
36 2
236 13
31 18
186 22
442 4
378 32
181 29
91 18
58 29
491 17
481 25
61 2
8 14
95 20
294 25
409 9
139 24
213 17
177 30
91 7
146 32
282 18
276 28
159 1
224 17
158 13
326 30
146 13
68 1
332 13
205 28
394 19
236 10
216 28
356 10
86 9
477 7
30 4
91 28
288 26
40 21
222 21
163 20
50 30
312 1
294 12
121 31
63 16
145 2
471 16
287 13
352 19
275 17
366 21
272 25
31 23
98 20
28 32
471 13
341 26
309 6
2 9
25 4
488 13
193 3
168 15
219 19
93 1
455 22
210 14
462 4
240 27
491 15
170 30
195 22
95 8
348 28
284 32
11 8
392 3
82 7
385 24
281 17
144 27
138 13
312 20
92 11
362 7
170 8
248 20
245 26
367 24
142 11
315 20
274 2
59 27
116 7
358 32
476 9
482 29
206 1
416 5
48 30
435 5
161 14
80 1
228 19
349 29
301 15
372 14
73 6
132 24
429 25
436 4
193 17
368 22
266 16
399 29
265 5
29 17
367 24
181 26
110 9
462 6
248 5
187 8
319 26
359 23
362 22
150 19
415 25
304 24
4 2
344 20
239 20
44 25
183 21
198 21
457 7
406 20
47 13
375 21
114 26
463 24
379 4
382 21
333 17
176 4
91 31
308 25
242 27
285 29
279 2
421 12
344 10
143 18
122 26
107 28
251 17
63 1
33 28
126 17
480 1
404 30
172 11
102 17
266 6
41 20
219 29
335 14
491 30
304 28
347 6
199 9
182 9
281 10
204 30
282 16
59 14
457 30
100 3
346 29
296 27
465 15
51 15
428 29
128 27
357 2
344 15
126 22
316 19
91 27
312 25
258 14
262 23
303 29
477 25
78 32
387 10
286 9
192 10
182 4
148 30
497 4
444 15
369 3
29 23
482 16
35 7
414 20
157 8
9 21
216 10
405 18
331 2
243 10
107 32
45 15
313 18
98 8
16 10
219 32
128 8
87 15
142 12
162 11
420 18
283 19
459 19
89 13
433 31
163 31
106 3
145 26
100 30
377 19
59 11
10 7
146 1
405 32
300 22
290 31
440 8
206 2
315 22
39 15
476 5
137 17
111 26
202 27
375 10
29 30
377 31
324 6
339 24
13 10
497 14
61 20
78 26
38 16
411 4
490 2
480 10
170 14
111 27
4 26
4 21
271 24
275 26
106 17
377 2
454 29
124 2
13 5
131 6
296 9
477 17
130 16
114 27
101 29
225 5
210 25
341 12
312 11
277 13
79 21
387 20
229 30
398 1
62 16
142 21
273 14
493 2
277 30
257 26
182 17
334 15
413 22
74 25
140 30
493 26
206 19
453 3
240 2
27 17
434 9
157 10
138 9
311 19
107 7
496 32
252 9
31 32
206 8
92 29
158 29
266 23
315 2
149 31
272 28
207 21
196 20
262 25
216 8
451 2
343 22
462 6
126 16
313 27
299 29
379 28
341 12
171 7
66 11
413 17
346 20
393 9
187 2
226 2
429 12
76 23
122 5
68 31
232 1
134 10
137 16
338 21
8 24
187 9
178 32
261 8
423 29
64 25
158 17
362 6
317 29
209 30
325 24
388 20
8 21
290 20
385 3
472 32
486 3
168 27
110 32
38 20
432 18
492 25
94 5
378 30
142 26
199 2
214 23
226 9
311 19
217 15
493 4
142 14
50 21
344 7
88 10
42 15
187 5
163 28
90 5
42 11
478 20
48 15
382 1
116 21
139 20
443 7
371 17
164 29
245 28
431 25
241 29
407 31
61 14
410 10
462 19
380 15
247 32
482 16
404 21
24 19
280 7
377 30
255 13
274 27
400 29
35 12
233 26
270 25
363 3
443 24
334 22
466 28
453 3
59 21
247 15
251 30
253 31
380 11
371 21
357 18
209 24
261 9
37 6
86 23
61 4
426 30
53 19
325 14
190 3
214 12
169 8
314 5
294 5
279 17
197 20
286 10
231 31
198 27
428 19
17 12
162 30
85 15
184 1
72 5
144 29
161 20
100 26
85 9
18 7
57 22
350 27
471 4
241 17
198 28
155 14
360 25
7 16
235 27
205 2
415 20
294 15
159 1
252 31
137 5
458 2
187 31
240 25
91 20
29 32
351 12
354 22
204 24
358 10
50 22
447 17
261 8
243 15
336 7
366 16
467 19
17 5
333 12
162 19
439 6
415 14
77 32
55 20
127 8
69 9
177 7
197 5
458 23
60 21
285 1
117 8
451 21
256 3
93 9
410 31
311 8
24 31
443 15
167 29
194 15
449 19
306 29
11 3
84 10
408 16
346 28
323 28
8 3
283 16
347 20
335 25
367 26
396 1
140 10
229 30
500 2
56 13
174 6
420 17
488 7
329 25
202 23
333 17
433 19
13 4
158 15
288 32
56 19
184 16
96 28
381 20
293 28
400 27
205 15
75 16
497 11
377 22
258 29
111 26
323 7
321 20
321 25
207 28
495 18
275 7
5 23
38 10
294 25
116 19
460 14
190 28
297 10
6 26
126 24
447 20
90 16
131 18
80 25
341 18
78 24
368 23
122 17
232 32
46 3
266 17
388 19
164 8
225 29
89 2
488 20
2 17
7 28
190 10
321 15
363 30
498 19
332 19
339 19
386 12
409 3
240 5
458 8
332 18
276 13
383 24
160 8
192 2
368 10
455 24
264 5
85 29
399 9
231 26
331 1
473 16
267 1
388 24
320 31
109 11
343 28
210 10
227 10
19 6
135 21
133 10
142 18
10 16
338 20
481 20
208 14
111 23
222 22
402 21
421 23
487 31
354 1
117 20
450 19
26 28
460 22
185 1
227 10
344 32
285 25
436 17
482 22
319 19
396 20
447 32
82 5
430 27
481 6
15 14
33 8
217 32
401 13
296 4
298 15
395 19
167 22
279 12
376 9
54 23
168 4
290 6
285 19
36 13
117 14
251 17
293 3
492 18
72 15
173 5
277 23
155 4
249 25
295 24
381 13
98 29
200 3
150 24
105 1
453 13
87 31
369 3
21 12
276 16
498 8
313 23
367 11
70 11
252 8
90 4
64 15
32 4
73 1
99 5
218 31
250 16
105 14
386 30
182 6
69 19
461 1
157 11
52 2
293 15
294 22
286 29
420 18
472 20
350 27
21 19
325 10
74 22
91 20
55 16
473 31
303 5
208 11
112 11
389 4
413 22
490 10
390 29
367 18
253 13
136 9
135 4
394 1
241 8
20 11
108 12
270 26
128 9
72 31
439 16
347 11
345 28
252 23
96 15
300 8
39 19
324 25
98 1
85 15
405 12
485 32
447 2
125 7
434 28
17 28
212 7
426 16
402 26
142 26
500 13
49 2
79 17
414 21
293 19
367 25
454 27
412 21
457 16
179 6
288 31
466 23
262 7
406 7
420 12
12 7
340 1
308 23
489 2
299 1
72 13
182 17
367 17
129 3
185 31
269 12
206 10
322 3
124 7
129 16
126 9
314 10
257 30
88 25
195 10
377 18
254 18
142 28
355 7
147 3
281 7
362 2
500 15
452 31
261 13
18 7
277 4
204 29
453 15
129 31
380 13
264 13
415 17
104 1
379 6
11 28
368 16
145 27
110 1
342 18
233 7
108 1
42 7
393 10
305 17
344 12
377 23

