256
216 23
449 5
78 16
456 2
343 30
459 29
365 28
246 12
98 4
379 1
351 9
362 4
488 3
362 7
484 14
272 15
353 24
227 22
379 26
7 1
264 13
378 28
56 11
327 6
422 5
194 29
345 3
428 20
498 25
434 17
135 1
31 11
424 17
120 30
495 22
226 2
442 27
237 10
78 3
207 19
471 20
123 19
159 15
498 28
191 31
192 13
135 10
163 22
182 22
415 4
111 16
137 13
243 1
254 16
139 4
22 9
63 17
275 13
47 32
432 5
54 19
414 28
196 8
301 22
62 3
257 8
355 30
76 29
470 9
472 1
492 13
421 3
137 4
479 27
171 23
272 1
33 17
264 5
464 13
458 21
131 18
197 1
163 16
285 13
305 8
445 4
101 21
54 17
264 21
272 27
295 11
11 19
431 22
259 18
42 16
419 17
486 3
361 16
90 14
280 10
105 8
246 9
293 19
294 20
35 5
342 17
311 8
360 9
182 26
134 31
186 32
451 11
370 32
318 20
161 22
57 1
25 10
322 25
453 3
225 3
31 26
316 21
474 23
433 31
144 22
81 25
470 12
203 23
195 29
150 23
174 7
323 14
8 32
367 12
110 19
299 8
212 2
184 13
492 24
43 7
34 8
168 3
359 2
193 29
94 3
111 15
253 9
317 24
429 3
424 10
329 18
234 32
187 13
429 10
385 23
16 18
150 15
272 16
405 12
412 14
362 30
117 22
307 25
78 15
319 17
124 15
74 9
38 20
126 26
141 26
141 12
131 14
191 30
298 11
421 9
296 23
435 20
248 13
196 25
327 6
177 18
160 10
11 2
361 16
15 25
349 11
9 19
297 31
232 22
497 24
6 32
286 4
204 26
32 31
210 10
265 27
160 24
136 22
325 1
157 20
349 13
198 29
335 22
407 14
291 3
69 9
47 19
440 22
92 28
352 29
181 24
39 32
244 27
361 8
375 25
259 19
373 25
284 3
302 10
124 25
445 21
93 15
251 12
444 18
355 23
494 12
115 5
79 30
411 32
277 25
308 32
359 29
196 26
239 5
184 15
293 16
259 29
322 9
269 1
54 15
263 7
10 5
283 5
86 9
380 7
329 27
454 12
71 29
181 22
497 8
376 30
195 6
26 20
346 2
132 7
269 11
1 10
475 24
70 17
328 17
127 1
488 28
48 2
80 16
219 24
444 26
217 14
431 15
6 12
36 21
378 32
235 31
434 14
14 23
474 21
304 20
201 19
31 32
52 6
328 11
37 7
68 18
260 3
348 21
478 15
254 32
39 8
234 24
401 19
178 18
291 21
325 28
475 19
239 27
168 10
1 21
188 8
162 4
270 5
64 24
243 1
455 1
9 20
456 29
286 6
135 12
466 19
419 1
370 2
171 29
427 31
93 27
442 22
414 16
114 21
163 13
146 29
489 30
156 5
266 21
282 8
220 3
63 7
391 32
148 29
468 18
435 13
40 1
18 9
292 28
134 22
340 19
422 20
136 1
476 9
221 1
153 20
356 11
78 6
498 1
159 5
151 29
229 30
321 19
199 12
82 4
269 21
462 18
100 5
470 32
201 6
332 29
130 3
271 19
285 16
136 11
85 6
239 5
31 4
263 9
375 4
60 16
116 1
37 32
173 19
291 18
48 30
430 17
13 21
88 9
320 23
443 24
212 25
273 30
92 19
323 11
83 18
314 14
459 26
413 23
208 11
356 4
29 22
136 9
190 23
189 13
149 3
117 8
311 1
306 23
275 12
221 9
213 26
407 15
235 3
154 31
374 13
50 22
498 21
294 11
112 14
48 24
464 28
324 10
256 5
28 14
460 32
239 12
133 13
195 12
315 32
162 28
208 11
293 14
99 14
244 10
271 15
322 10
10 1
360 5
477 19
295 20
339 9
459 11
381 25
338 3
352 31
235 4
61 15
469 8
465 8
221 23
59 18
321 32
390 20
333 22
270 23
5 24
363 8
431 19
468 24
437 24
119 19
231 31
50 11
42 30
114 23
100 8
8 20
240 26
303 12
467 13
402 24
384 32
287 6
6 30
434 6
425 20
317 15
434 26
57 24
231 11
90 10
46 21
306 25
198 4
60 29
236 5
340 20
76 18
285 21
231 22
227 4
121 19
14 27
260 11
30 2
297 31
375 6
419 8
331 1
492 2
485 27
203 16
198 10
301 7
211 15
52 25
242 5
183 4
79 22
30 16
135 2
430 1
371 32
393 5
316 20
295 28
462 13
475 28
126 11
494 20
10 29
476 11
69 22
358 31
451 27
458 1
268 27
298 3
235 10
43 26
73 13
202 10
185 32
397 15
303 6
350 4
139 14
414 3
187 28
58 14
214 15
74 18
254 15
472 4
60 26
241 20
351 18
222 31
118 2
49 28
360 15
83 10
428 12
56 30
471 13
251 29
480 25
18 5
47 1
72 31
354 4
442 32
254 15
91 7
133 11
494 24
241 32
341 20
275 12
282 18
213 28
134 20
60 27
276 27
343 31
417 20
10 10
252 23
373 18
189 9
184 30
200 21
461 32
92 8
139 25
185 3
109 6
246 8
172 13
478 26
219 26
209 13
456 32
47 28
5 32
36 13
269 3
113 26
126 8
317 12
429 25
319 21
22 4
408 29
289 30
58 27
483 2
439 26
430 10
469 18
73 24
122 5
90 30
274 27
290 30
183 6
442 21
458 19
120 21
155 8
306 4
415 9
182 9
78 7
42 23
44 26
402 22
159 8
251 28
410 24
374 8
109 15
148 22
278 20
487 16
175 28
200 29
432 25
146 6
343 23
260 22
5 9
255 15
356 30
446 18
397 3
61 18
486 21
127 19
328 17
250 2
405 21
295 16
329 4
49 11
330 16
261 10
25 11
200 8
20 2
349 29
168 18
478 21
322 20
119 13
69 9
354 17
169 12
12 10
439 21
372 9
72 20
306 28
147 10
328 6
3 28
138 14
289 15
27 18
71 9
462 7
217 12
463 14
463 22
87 6
238 10
374 14
442 31
257 28
184 12
309 18
464 3
412 20
413 2
66 19
286 3
473 27
194 15
240 5
113 30
114 14
135 23
11 4
165 4
367 29
407 32
90 22
474 13
326 18
290 15
73 24
121 29
430 31
184 25
27 16
346 12
145 28
126 24
260 22
479 30
342 9
153 32
107 30
284 8
216 26
26 20
1 6
184 2
164 27
98 6
162 15
329 7
274 18
18 9
448 24
11 25
232 3
424 30
493 4
473 16
133 26
495 13
496 18
62 3
397 7
349 22
305 25
420 30
335 25
463 18
284 13
274 16
339 2
205 15
257 18
38 1
175 32
21 10
414 26
181 30
444 21
71 20
409 15
29 23
279 23
80 23
167 18
78 18
403 18
188 23
311 30
47 14
461 3
359 14
352 3
387 27
271 30
246 4
152 30
126 18
469 2
492 23
411 13
492 5
55 8
323 1
109 17
202 1
287 5
295 14
451 25
136 30
194 21
253 1
6 26
275 6
435 26
461 13
391 4
361 5
335 11
161 15
403 19
364 13
275 30
30 29
394 1
298 12
397 26
432 7
280 30
228 14
28 8
263 30
344 11
214 22
10 6
325 16
88 20
453 14
49 22
439 6
499 4
381 11
138 29
297 17
74 29
334 17
416 24
370 15
423 15
141 24
457 9
195 12
356 3
258 12
481 4
401 15
135 2
225 4
298 10
392 23
250 18
472 9
173 21
276 11
276 28
230 24
436 9
479 31
423 28
250 3
487 26
233 6
283 10
97 24
331 29
451 24
214 22
96 22
466 23
37 13
342 2
176 21
42 7
271 21
94 28
219 1
22 8
54 16
261 14
236 3
138 22
22 23
311 25
293 20
44 13
73 1
298 4
14 24
106 8
156 12
8 2
280 25
325 17
184 25
334 15
27 8
456 20
378 14
369 10
246 28
202 2
500 4
417 17
191 15
1 6
74 28
219 5
388 16
389 27
332 18
342 3
249 13
110 23
415 2
500 28
93 22
181 25
53 1
457 19
323 1
440 8
464 30
452 15
405 32
274 21
118 19
447 10
411 12
344 25
386 32
40 10
249 16
422 13
373 11
247 31
187 22
295 7
47 18
353 32
290 30
392 3
92 10
272 15
245 12
31 2
163 27
312 31
494 13
415 26
315 9
413 2
50 31
4 16
156 28
251 1
186 2
351 9
331 15
131 32
294 30
409 4
436 12
218 1
9 12
147 15
144 19
176 17
469 23
140 32
239 15
421 12
384 3
200 27
97 11
142 10
196 26
197 31
326 14
263 30
397 25
8 12
23 28
436 27
66 28
467 4
318 27
227 25
9 3
267 14
313 12
347 20
14 4
342 11
309 16
24 10
217 19
449 19
418 17
82 32
312 8
139 21
138 18
33 30
496 32
455 32
411 2
167 16
197 4
114 21
315 1
414 27
372 19
122 1
99 27
476 14
306 3
94 3
332 14
292 7
129 11
486 24
252 24
315 16
363 1
156 13
269 2
60 20
284 21
133 22
87 20
347 16
222 4
186 9
269 17
231 30
279 20
289 6
219 27
181 5
235 25
110 28
258 25
347 13
201 3
478 27
87 4
30 12
467 27
65 23
395 3

