256
343 16
48 1
252 28
87 10
113 15
188 26
84 23
86 27
33 14
182 23
333 10
459 23
284 30
405 21
246 32
36 8
355 31
181 14
186 23
48 27
458 7
260 13
122 13
351 26
494 32
344 14
390 6
197 17
403 29
245 20
72 20
440 11
215 4
384 12
238 15
50 31
370 26
440 19
6 18
200 32
174 27
29 27
197 17
291 3
177 15
99 9
166 18
379 20
9 10
132 14
397 5
145 14
194 24
460 4
225 11
403 26
53 15
16 5
8 30
200 12
44 30
136 14
187 6
441 3
480 32
292 8
457 28
493 2
223 20
53 28
314 7
49 2
386 9
115 21
74 14
280 18
463 20
31 25
281 31
195 8
247 10
487 3
126 3
56 24
134 9
147 19
63 8
313 4
464 27
44 21
444 24
6 18
91 4
258 3
359 4
335 1
141 25
363 18
4 6
466 17
26 28
436 29
159 24
92 18
230 24
11 25
163 12
282 25
404 19
179 18
490 5
422 2
38 20
248 25
201 29
29 7
28 12
371 27
267 2
160 20
301 18
20 7
390 21
271 13
339 26
258 28
314 15
162 27
314 17
95 26
325 28
296 4
291 2
390 10
332 10
405 28
423 9
151 24
225 1
456 4
370 1
95 24
95 28
90 16
368 5
126 24
308 9
248 6
291 25
7 14
242 12
457 29
188 11
328 16
28 24
179 5
52 18
136 7
233 14
110 25
410 31
348 17
360 11
18 18
436 5
123 5
140 7
193 3
186 21
90 29
360 5
313 3
246 29
261 2
26 31
134 27
457 10
3 4
280 32
317 23
100 19
244 19
370 28
417 11
160 7
119 27
479 7
282 32
231 6
405 12
264 27
42 1
224 16
388 23
268 25
70 19
495 9
458 4
100 26
418 20
232 20
482 10
171 11
137 29
9 10
361 20
284 14
344 7
298 24
361 13
288 10
135 26
242 4
146 22
318 11
157 29
303 22
111 25
105 15
77 17
140 29
236 27
191 24
133 8
311 30
404 30
423 18
231 25
482 20
62 19
143 22
199 29
207 21
473 11
408 9
275 27
338 31
174 16
90 22
367 4
151 10
201 26
11 23
442 16
11 31
142 9
72 17
153 30
353 25
441 8
25 3
159 6
429 24
241 22
341 11
121 32
228 25
269 15
308 10
82 26
64 32
174 27
268 6
116 20
450 32
232 30
475 30
188 3
425 24
273 1
387 17
108 22
270 24
204 25
437 2
246 8
213 19
338 16
244 26
99 21
361 30
370 27
71 21
90 15
189 22
464 15
458 15
40 15
151 8
155 7
381 24
439 9
318 16
72 1
81 26
457 2
204 7
128 18
87 25
325 7
282 16
349 20
210 25
318 4
484 9
299 8
372 25
308 10
364 7
454 17
104 31
238 23
441 13
137 31
434 9
302 19
100 26
306 21
94 8
373 17
448 3
144 15
259 7
212 2
385 2
270 13
428 3
499 4
224 11
246 21
299 7
223 10
253 13
59 18
4 23
275 3
453 26
121 19
73 9
388 13
350 6
297 9
164 28
348 23
282 13
395 25
196 18
330 20
498 32
293 17
22 7
303 14
189 3
240 1
459 20
217 20
285 6
140 32
161 7
39 6
284 1
374 7
402 32
278 15
295 30
103 21
341 17
494 5
384 2
289 30
213 17
2 13
370 13
148 22
480 2
324 7
323 25
445 20
104 6
327 23
143 1
419 7
38 12
11 5
349 15
114 1
8 19
409 21
108 25
259 19
298 6
405 28
334 5
196 22
70 18
40 12
302 22
47 3
221 29
111 14
208 9
482 11
191 27
295 26
3 9
440 12
338 4
420 12
44 23
313 17
340 12
381 25
309 15
184 1
335 2
302 22
370 28
460 5
378 31
414 8
159 10
31 21
401 26
372 21
268 32
113 23
35 1
100 11
419 11
75 26
428 25
147 22
12 15
62 9
213 23
268 19
32 2
423 13
100 6
81 11
329 5
326 15
186 17
409 20
207 4
209 6
64 28
283 15
166 20
315 22
375 6
304 10
231 15
190 2
372 22
401 25
463 14
267 32
150 32
455 24
363 32
193 30
223 24
352 4
23 2
469 21
99 32
155 13
350 20
215 2
114 27
422 4
44 32
427 5
215 21
252 1
44 24
206 14
271 9
357 26
74 9
42 16
301 12
205 22
392 11
223 9
237 16
284 12
184 14
324 14
90 11
179 22
370 12
103 17
293 20
286 30
340 23
242 4
227 10
142 2
68 16
326 24
360 21
287 15
170 18
144 3
36 10
96 29
58 27
397 10
362 22
419 9
361 20
193 15
309 6
408 16
401 25
383 20
45 9
154 14
130 30
324 21
471 8
422 28
470 30
433 15
352 12
235 32
215 3
2 28
464 29
455 29
197 18
124 1
358 18
306 20
279 29
356 21
400 25
481 5
447 21
403 10
468 10
361 31
416 22
262 20
474 4
96 6
53 31
262 15
200 19
102 30
47 9
79 19
86 3
19 24
175 10
181 23
411 9
29 30
254 14
409 15
5 32
100 6
75 25
24 14
279 21
104 25
433 30
475 30
92 2
253 22
267 21
112 29
473 32
206 26
281 11
156 30
118 27
399 8
467 22
318 29
398 1
274 6
454 32
52 29
93 24
14 11
237 30
387 9
469 1
139 10
207 10
239 20
253 9
220 23
410 17
168 7
161 9
340 14
188 15
362 9
47 27
491 19
56 26
47 21
470 29
126 4
183 4
203 11
352 18
357 9
162 20
271 18
464 26
139 4
353 8
136 15
431 30
237 26
355 27
10 16
172 11
203 30
202 10
140 25
31 8
17 29
372 15
218 23
397 13
338 17
60 5
203 22
451 31
328 25
73 29
481 16
176 27
449 21
144 20
134 31
288 14
71 23
437 8
493 5
348 7
137 8
7 19
101 13
129 12
114 9
117 14
297 16
480 5
372 12
37 17
150 20
155 4
334 27
211 22
479 31
360 19
318 7
305 2
175 21
198 24
337 22
233 21
309 13
230 8
188 18
185 1
441 23
260 14
485 14
451 15
28 31
281 17
381 5
467 23
221 32
47 21
329 19
190 25
195 3
168 22
388 24
422 24
394 25
453 30
151 7
192 18
417 12
227 9
408 21
204 8
60 14
37 8
232 6
228 31
348 31
160 27
99 10
414 4
114 22
74 8
120 13
146 1
89 28
37 8
268 8
328 3
193 12
66 21
145 9
351 24
187 6
78 29
295 3
481 17
208 2
376 19
22 17
419 6
244 28
310 27
47 29
189 24
56 6
164 24
46 30
43 21
79 32
73 18
314 17
486 25
310 25
51 32
382 30
293 21
277 18
488 27
442 12
414 21
282 29
48 31
294 26
263 29
61 4
98 26
240 15
246 6
443 29
233 16
470 9
153 18
479 20
420 8
167 30
269 16
262 8
479 20
258 1
280 26
428 29
44 24
163 5
273 17
437 1
133 26
381 5
3 3
128 23
483 22
256 7
446 13
270 20
276 15
16 15
197 24
487 28
167 21
28 11
106 1
295 6
74 19
226 5
238 1
499 32
498 14
322 27
326 19
70 26
470 2
360 10
233 19
257 7
347 4
41 12
452 27
393 30
213 26
454 2
174 28
169 16
261 6
318 2
285 24
39 26
325 3
271 17
97 7
11 27
14 7
99 14
89 23
195 13
313 12
103 10
303 15
361 15
465 3
148 13
418 11
354 18
437 8
354 1
354 24
179 23
266 1
36 30
120 14
358 8
229 24
121 31
435 10
93 27
12 29
351 5
131 12
226 19
31 23
303 32
442 13
454 11
110 26
264 5
71 17
364 32
433 28
330 15
317 11
469 16
367 15
312 13
374 9
267 12
115 17
491 12
105 32
466 10
285 29
146 32
54 25
155 22
345 28
56 25
462 12
193 12
194 28
28 19
393 22
26 3
418 8
415 3
311 4
88 32
313 26
451 14
242 29
55 6
144 6
451 30
485 7
285 10
498 1
300 6
310 25
249 28
192 23
102 6
246 9
97 26
274 3
127 20
207 9
305 23
290 23
308 30
101 28
155 31
460 2
192 18
278 12
201 25
306 10
323 28
194 3
313 20
170 28
187 4
472 31
430 18
450 13
91 18
385 22
500 4
199 20
465 17
483 1
149 1
170 7
44 28
242 16
183 15
499 21
342 15
63 12
436 8
212 14
414 32
123 9
292 26
456 24
2 27
125 18
431 2
473 22
9 2
181 11
180 16
263 1
2 18
144 29
189 4
166 18
155 13
367 6
314 22
406 15
316 22
168 10
175 24
219 20
409 4
78 8
79 29
461 16
18 20
220 6
163 21
12 26
377 18
467 6
403 28
4 23
253 20
464 8
15 31
315 4
434 24
11 20
232 19
147 1
279 14
307 29
454 30
462 3
47 21
20 21
152 28
371 1
399 11
36 25
221 2
188 10
93 7
221 13
373 31
425 31
436 19
296 13
252 17
71 30
389 23
303 21
318 29
149 32
359 28
480 15
237 20
288 21
70 20
5 18
226 14
445 29
364 12
402 16
200 24
117 1
414 31
481 31
444 9
298 2
16 22
85 32
149 8
80 2
380 21
11 13
366 3
470 1
398 19

