256
248 17
30 11
410 13
367 24
45 6
297 27
341 24
274 10
55 13
72 23
353 11
190 4
51 24
162 18
163 6
108 18
382 13
281 20
29 11
155 26
136 11
436 16
50 14
137 12
354 16
186 27
482 31
430 28
74 16
465 32
397 4
498 10
60 14
421 9
276 7
366 7
377 21
386 18
214 14
233 28
434 30
274 23
144 19
299 17
146 31
157 22
187 2
320 18
135 28
390 6
19 27
172 19
260 1
173 17
282 1
392 11
27 1
482 26
220 20
443 21
246 27
259 20
308 10
382 10
21 31
203 7
230 26
286 9
282 30
313 7
418 5
130 28
73 19
170 24
242 32
361 23
414 23
271 21
400 16
14 4
126 12
163 7
441 4
343 30
257 8
136 30
64 21
322 16
227 15
484 12
454 20
307 7
166 13
87 9
432 24
188 9
315 22
264 7
297 30
328 25
465 7
431 16
80 16
220 2
94 7
126 11
398 16
413 3
212 11
479 23
98 22
51 4
16 14
370 4
124 13
69 16
363 19
320 14
454 31
452 31
241 29
445 30
360 25
52 7
207 10
65 4
399 27
271 10
133 16
430 20
40 10
195 14
200 2
48 29
52 11
51 4
427 3
133 18
203 32
60 29
269 20
416 8
442 6
81 22
29 30
181 16
359 12
173 2
389 24
62 13
422 24
288 8
310 17
337 20
160 16
476 25
371 15
96 17
280 16
238 8
38 15
375 20
146 20
158 6
471 19
30 13
387 2
240 4
442 13
412 1
324 7
29 31
482 24
359 9
152 20
69 21
70 7
288 27
194 29
453 5
220 18
409 26
3 4
153 4
428 20
397 12
155 29
298 16
401 24
396 28
307 8
444 13
463 23
443 8
380 7
172 3
81 28
56 11
432 24
379 15
124 19
110 6
403 3
117 3
266 12
206 5
180 13
449 2
84 23
149 23
490 21
413 22
104 20
4 15
27 14
246 22
360 23
131 15
466 15
417 19
463 15
155 14
475 7
135 30
198 23
224 27
307 12
108 27
307 15
149 10
197 6
187 28
101 26
22 22
268 27
500 2
265 31
223 3
461 29
1 2
492 20
48 30
64 11
412 30
470 1
407 22
306 6
277 2
115 27
27 6
89 31
464 29
33 22
295 1
395 31
355 6
223 30
387 18
409 27
359 2
63 22
99 32
211 7
478 25
173 24
206 21
382 5
317 18
59 16
111 13
258 21
190 32
218 20
469 26
430 32
207 8
93 17
64 15
180 9
479 24
248 4
317 22
57 29
395 3
96 25
419 26
321 32
389 31
387 10
16 1
37 19
12 29
231 15
135 26
467 17
318 23
148 30
48 28
470 18
170 6
151 12
123 23
399 23
361 30
220 13
306 8
303 5
236 1
244 14
147 10
334 12
128 18
449 11
37 2
469 11
335 7
498 5
441 1
172 18
34 27
382 27
499 28
359 6
420 18
308 22
164 17
381 27
122 9
170 15
451 2
421 17
108 14
298 4
166 17
53 11
63 18
241 13
469 4
351 9
53 6
158 16
298 31
63 24
71 16
134 17
221 30
362 24
323 23
79 25
479 16
391 17
417 8
158 14
435 16
126 31
165 19
259 10
173 25
85 24
52 6
320 24
123 9
155 14
339 9
286 5
216 8
414 25
11 19
370 25
78 27
136 22
481 6
407 30
214 32
101 5
413 28
92 8
453 10
333 3
330 26
312 10
497 29
30 16
295 7
304 16
97 31
465 13
184 3
82 1
66 30
365 7
306 32
218 30
53 2
400 27
223 7
280 27
435 5
78 17
411 18
304 11
24 4
287 20
343 1
456 8
106 25
442 23
480 27
20 1
412 20
415 22
482 30
205 29
206 26
349 12
367 13
178 27
272 12
302 22
388 1
226 10
281 11
256 17
178 20
145 1
47 11
427 32
456 7
296 9
116 9
480 11
297 9
77 4
324 18
386 32
486 23
57 11
277 8
379 6
439 11
247 1
285 29
365 28
155 28
252 2
156 23
104 24
239 16
224 18
409 21
125 19
219 25
13 11
345 23
153 27
117 23
472 21
423 28
492 21
347 19
198 27
325 2
158 7
185 13
328 18
341 9
192 11
337 32
110 1
298 6
20 22
12 23
18 14
178 25
362 8
251 23
378 19
212 20
341 9
268 16
194 1
324 29
371 25
292 32
45 17
93 20
58 32
54 15
389 27
83 14
107 17
161 4
259 28
223 27
472 23
118 29
155 2
253 1
102 20
209 18
336 5
62 9
257 15
319 17
50 29
99 12
233 3
195 15
482 6
441 2
464 19
174 18
500 23
494 13
174 18
450 14
207 3
106 27
330 13
311 27
325 9
238 22
19 20
252 9
53 13
158 20
103 7
133 18
109 23
406 7
32 27
496 30
70 9
52 15
377 3
129 30
475 14
111 22
1 22
346 26
258 7
421 32
37 18
165 10
384 14
132 15
129 3
5 6
79 4
448 32
122 28
157 17
145 15
442 9
184 3
50 6
493 15
153 21
376 22
378 7
91 13
25 11
487 1
416 26
289 3
21 10
290 21
358 6
499 31
283 6
437 16
475 9
154 16
14 29
149 27
491 7
252 24
310 22
248 1
303 28
440 7
298 1
203 31
15 29
306 21
235 30
480 13
227 2
40 4
218 32
130 1
131 5
428 24
471 15
16 9
63 27
300 16
184 10
366 2
407 11
198 9
265 25
53 15
366 17
230 24
484 15
144 22
296 15
405 14
97 5
390 7
227 5
370 26
395 4
311 21
406 16
293 22
389 17
12 2
289 21
337 17
156 16
90 23
254 19
216 27
119 25
361 21
350 23
459 12
466 9
396 7
481 28
393 1
384 32
122 13
349 27
1 24
494 2
306 8
140 17
450 10
181 2
307 6
392 13
125 17
385 16
80 13
59 20
233 23
431 15
319 7
369 31
134 18
112 11
461 20
163 26
361 4
72 27
373 19
283 26
172 28
369 27
384 20
278 21
74 32
27 12
339 11
414 4
108 9
115 21
128 9
478 25
472 9
359 21
216 26
46 31
13 22
341 28
45 6
68 18
177 18
213 11
192 6
191 24
355 29
368 10
285 25
26 17
450 21
305 29
82 18
403 2
467 19
193 16
212 13
333 28
410 30
107 26
227 21
401 17
453 28
119 21
168 28
345 21
232 9
133 29
202 11
258 1
277 27
384 20
267 16
80 4
465 22
277 16
482 13
124 26
500 26
374 28
238 19
488 5
71 1
134 21
155 31
293 8
45 4
475 31
95 10
339 32
91 31
455 8
496 14
209 19
172 15
14 29
5 30
81 27
474 2
199 8
309 3
263 25
370 10
368 25
143 26
228 18
172 6
9 3
111 26
366 26
152 3
246 8
84 23
82 29
244 17
37 24
475 19
257 25
240 8
365 15
181 8
320 24
125 24
223 31
397 16
221 24
318 14
407 18
144 1
310 28
473 18
291 3
349 3
495 32
22 11
174 10
302 13
258 30
173 28
217 21
419 21
469 28
106 11
341 6
215 27
341 27
348 19
486 16
30 24
488 31
191 29
309 20
358 10
474 14
397 14
98 15
478 14
254 3
293 23
36 3
97 8
194 28
7 27
344 16
10 27
142 20
195 22
396 32
367 25
81 3
410 15
429 7
448 27
173 20
129 17
99 1
84 20
372 18
322 7
181 31
397 15
235 24
124 26
495 3
202 4
105 23
310 22
201 13
420 5
349 32
81 23
476 13
90 27
310 23
414 31
445 2
17 7
253 16
160 16
334 17
27 23
323 4
176 3
444 27
396 16
346 28
442 25
196 15
19 6
293 20
200 26
94 16
268 14
207 32
297 17
140 15
183 23
10 18
485 2
156 32
97 5
60 23
173 3
421 15
112 10
475 11
155 24
26 2
265 25
201 2
477 17
384 15
155 2
220 31
199 11
19 19
375 26
37 11
332 14
441 4
375 27
106 25
482 8
302 23
68 27
160 8
47 7
258 17
140 21
339 10
351 13
337 13
138 5
475 2
182 15
117 8
330 18
84 27
205 26
261 24
444 8
371 30
315 20
42 22
104 28
144 6
441 28
30 14
204 8
399 18
271 19
441 32
89 25
466 29
466 11
269 5
146 19
250 32
267 15
266 14
22 21
28 18
92 5
392 15
265 14
32 3
157 25
338 5
201 27
241 2
381 21
426 23
500 7
190 14
465 11
339 30
67 14
300 14
275 15
305 31
332 28
277 28
160 2
436 4
120 1
377 1
37 10
379 28
476 12
301 4
375 4
130 21
357 17
451 3
471 31
21 26
442 1
142 14
262 21
461 30
105 22
234 10
491 20
177 15
31 14
110 21
173 19
50 1
19 12
12 1
458 4
143 3
181 16
352 6
416 1
27 25
2 32
14 20
223 6
162 18
223 20
10 3
362 15
276 9
262 7
221 3
170 3
470 14
202 21
496 22
485 22
490 10
486 15
182 8
248 31
313 7
114 31
217 24
85 12
208 7
130 8
417 28
347 14
1 28
207 28
17 23
74 30
29 7
212 30
118 32
404 7
134 14
309 14
345 17
46 4
91 11
183 32
326 21
245 15
429 15
378 1
494 27
303 6
361 10
287 15
177 30

