256
306 29
37 3
347 31
233 14
216 31
498 18
125 32
270 18
123 22
460 17
194 2
107 14
478 21
467 10
264 18
275 1
114 23
167 29
422 8
334 5
350 27
294 3
430 15
96 24
457 4
268 22
305 27
159 18
119 17
295 31
238 2
7 16
380 2
16 13
277 21
289 14
31 6
304 8
349 4
215 25
159 6
306 11
60 16
96 15
440 23
265 1
460 11
380 15
148 27
344 20
95 12
50 29
66 17
288 6
104 2
70 26
40 11
76 7
42 32
129 25
414 1
157 13
16 9
267 23
283 22
87 18
446 12
354 19
192 18
128 16
199 21
261 26
275 13
337 24
212 21
148 1
210 8
201 1
44 7
239 19
281 1
56 30
16 17
440 8
106 7
207 21
115 31
42 25
303 14
408 22
47 31
490 24
414 2
332 22
213 14
136 5
99 11
70 26
303 17
25 29
427 23
65 17
198 30
281 32
188 24
218 14
298 11
341 27
101 28
20 21
93 23
157 23
49 26
9 28
438 17
316 32
116 8
404 29
189 24
16 16
427 17
461 4
292 1
286 8
324 14
408 5
164 20
311 5
345 11
120 22
204 23
497 3
166 4
483 2
287 26
82 9
83 14
140 6
47 9
321 10
434 8
490 26
495 9
14 7
471 29
472 14
271 16
196 16
219 14
289 13
28 2
273 18
264 32
39 30
40 3
383 30
438 21
275 4
25 20
122 15
124 5
21 2
412 12
329 6
246 1
338 1
339 6
438 18
373 8
115 12
186 21
237 19
221 31
406 5
2 31
92 1
323 16
370 22
179 18
215 20
19 12
252 21
13 5
162 21
16 20
148 21
476 9
323 17
247 28
293 25
458 8
225 28
347 27
365 18
144 11
5 30
482 25
222 6
297 23
230 9
362 26
365 18
114 4
238 8
119 22
460 25
118 25
60 20
131 5
193 30
355 10
140 5
306 13
34 30
448 4
118 13
493 3
350 30
374 31
317 4
173 5
124 18
165 16
457 15
460 10
272 2
51 7
354 20
124 16
161 23
355 23
231 15
465 1
452 30
371 16
385 19
396 29
36 16
44 9
206 31
494 10
168 4
92 6
103 3
113 7
137 7
97 28
165 21
152 32
102 26
235 19
269 3
199 16
394 26
296 16
96 9
281 23
36 8
340 2
439 16
457 3
122 5
146 10
466 25
253 11
23 24
109 31
322 11
446 11
400 6
18 27
86 18
314 26
22 13
463 4
309 3
238 18
324 4
68 1
32 4
411 14
159 8
196 20
178 26
399 22
87 24
128 12
418 1
145 3
298 32
102 10
230 11
387 9
426 22
45 10
274 20
363 20
179 3
264 12
404 6
489 26
429 17
161 6
261 10
488 30
265 13
15 10
132 2
399 5
59 27
366 16
102 5
468 8
491 11
340 2
96 20
235 12
296 31
74 21
404 25
318 16
2 25
366 29
438 12
189 16
410 15
180 20
135 3
495 25
81 14
222 28
366 20
51 5
202 24
421 26
37 11
477 22
423 2
22 28
457 18
59 19
468 10
82 18
88 32
430 24
114 3
343 15
458 26
343 8
221 12
469 1
206 9
146 24
139 7
191 23
81 29
313 24
339 14
2 18
174 19
446 27
434 28
469 11
385 27
402 6
278 18
214 27
167 28
314 5
230 4
251 26
105 4
358 7
161 27
72 30
141 1
176 2
157 32
317 17
159 30
498 32
440 28
123 10
275 12
262 24
292 8
314 16
279 3
42 28
233 13
329 9
482 17
151 10
352 23
30 10
184 16
2 3
91 4
432 1
411 25
220 30
409 9
449 11
407 2
182 7
455 31
216 28
367 26
425 30
184 30
432 3
185 17
194 23
408 17
491 2
22 15
372 10
95 12
320 2
162 26
344 28
12 23
255 6
128 27
299 31
484 10
30 5
14 7
147 13
51 18
91 32
200 14
353 22
133 29
351 6
26 31
113 13
457 23
118 5
397 20
247 9
350 4
253 23
54 7
136 1
388 18
28 23
187 9
437 23
257 3
465 26
333 29
22 22
148 23
78 4
258 28
128 7
156 24
322 9
483 1
165 22
182 9
161 16
277 25
38 21
235 2
370 28
135 19
61 18
233 10
29 18
17 1
449 4
240 22
233 22
226 21
296 7
293 24
478 13
256 27
305 10
221 14
409 27
416 21
488 8
310 32
490 3
24 18
350 24
59 18
189 28
331 24
246 3
495 23
44 30
89 16
92 13
226 12
15 29
173 18
493 30
370 30
160 17
271 6
360 21
91 21
168 29
88 17
44 27
487 15
332 23
286 31
236 27
127 10
356 11
456 28
280 13
329 8
421 7
301 5
483 3
33 10
164 4
266 31
202 32
145 22
30 10
160 25
145 30
219 28
436 30
199 16
350 15
359 6
329 3
402 15
401 2
16 4
54 17
122 3
236 14
344 5
252 12
382 28
493 32
99 17
273 13
496 6
175 22
243 15
364 21
369 28
430 20
180 27
16 1
442 19
271 21
367 6
492 20
269 9
347 23
413 15
15 24
92 29
113 31
395 4
331 7
443 8
146 30
95 29
127 32
115 13
24 5
270 20
229 18
500 11
256 20
46 10
171 13
310 23
323 16
314 29
318 24
265 15
230 7
327 20
98 25
252 25
273 17
488 21
262 7
280 9
250 25
490 4
313 23
406 16
354 19
140 27
327 16
337 32
114 19
411 27
307 18
332 7
386 31
136 3
158 27
15 31
239 28
31 23
154 28
38 23
7 18
233 25
81 25
388 23
435 10
257 21
15 4
23 28
111 22
250 8
424 8
378 2
471 8
417 20
344 30
334 18
335 26
34 16
486 1
314 28
274 22
12 4
362 10
391 28
396 28
91 15
107 8
37 5
376 9
52 19
110 1
272 21
154 13
212 11
429 9
410 22
94 21
193 23
10 23
278 29
426 20
280 20
188 28
108 11
120 15
485 9
247 32
173 8
264 32
242 24
260 23
97 6
127 5
12 8
75 14
245 12
9 16
31 28
339 22
462 14
500 2
186 18
405 19
349 12
446 10
211 26
92 15
263 10
299 26
205 13
415 21
224 8
324 22
323 14
243 9
471 14
434 17
339 11
219 23
358 20
128 25
221 31
431 11
140 26
257 25
454 11
497 30
446 17
283 21
334 30
257 25
119 6
461 10
232 11
200 6
194 32
362 11
250 4
249 6
373 25
438 3
28 10
356 21
106 18
445 24
15 5
244 26
95 24
147 26
86 2
267 31
377 28
397 31
124 30
368 28
150 1
174 25
442 29
354 4
19 22
339 29
351 10
222 5
489 24
474 2
418 29
56 26
72 9
272 23
450 27
43 27
147 16
480 5
97 1
340 27
482 2
351 16
463 13
480 11
144 18
228 29
46 11
207 5
439 14
164 24
469 14
339 3
273 6
407 9
2 14
335 27
275 26
19 25
462 30
39 9
303 14
370 28
253 28
169 11
405 28
283 17
241 21
192 5
142 26
382 31
344 16
329 22
105 3
207 14
197 17
375 15
215 28
51 23
171 11
361 31
254 3
300 14
115 3
6 16
440 31
250 3
307 7
105 23
277 7
181 9
259 27
324 21
2 2
291 12
148 12
98 17
294 25
246 5
91 15
16 23
342 2
17 28
196 17
114 16
283 22
297 14
52 16
366 5
49 13
76 28
308 26
96 5
126 9
213 13
295 29
451 4
346 27
339 5
440 17
216 2
98 12
467 22
483 17
406 11
489 10
226 20
359 17
452 20
365 1
404 16
245 2
499 26
25 18
334 8
142 17
241 7
413 24
92 23
392 22
278 4
331 7
379 1
380 14
376 16
346 20
255 10
337 18
383 17
443 32
28 4
117 1
26 13
328 6
127 31
467 4
450 25
111 24
189 2
9 12
85 19
47 16
444 20
297 31
448 3
394 28
26 14
96 15
242 19
20 29
493 14
124 18
134 10
121 30
75 13
90 28
335 8
203 27
371 11
457 31
441 22
146 18
64 21
368 29
367 20
25 23
225 25
4 7
86 16
384 13
456 13
24 27
461 18
421 15
76 13
353 8
430 6
481 5
90 24
150 32
87 26
18 12
26 29
374 20
496 21
476 8
82 7
94 22
76 22
76 19
242 17
18 3
278 18
16 16
49 9
27 20
394 5
299 20
65 16
235 13
280 6
364 5
60 21
106 3
322 30
137 11
166 14
85 3
3 20
162 7
468 1
38 30
233 24
133 5
211 23
61 11
280 4
55 7
232 9
177 1
398 29
467 19
318 24
5 8
3 7
74 7
207 8
184 11
151 20
291 6
34 32
204 5
127 30
355 27
270 19
115 11
343 6
229 24
485 18
35 7
104 12
309 30
71 16
304 18
159 22
435 12
445 6
208 24
247 26
134 9
92 12
35 26
181 16
297 13
349 15
4 24
291 32
465 13
156 28
286 18
213 20
358 6
209 13
81 28
127 14
324 18
313 22
356 10
473 28
10 5
187 9
476 5
177 16
189 24
411 15
497 28
46 6
281 27
271 29
62 25
278 25
318 2
94 21
287 19
177 1
91 27
13 19
191 17
210 15
224 13
205 17
244 31
426 8
357 8
88 14
148 13
6 10
10 19

