256
371 10
126 29
388 8
86 19
96 7
21 32
156 13
84 17
239 24
175 24
118 9
9 28
452 8
372 27
118 23
289 8
196 10
180 16
345 1
30 32
3 26
168 10
259 19
207 21
270 25
109 3
277 5
162 32
32 5
378 1
435 22
340 27
136 12
66 16
340 11
272 19
200 15
352 10
393 22
307 10
142 11
252 14
235 10
201 27
150 7
267 9
448 3
215 27
182 12
267 25
430 26
363 25
180 7
439 8
476 1
437 10
363 28
239 25
453 4
215 19
370 14
187 5
144 29
104 29
236 10
197 29
111 32
497 10
126 23
65 1
31 1
422 1
40 1
194 1
304 12
447 13
445 13
193 8
89 16
264 16
369 25
192 27
20 32
472 29
475 20
449 13
388 7
102 16
235 7
124 10
54 2
62 11
406 6
438 22
254 22
169 14
14 16
305 5
399 12
381 5
164 29
230 19
403 31
330 9
477 17
174 22
374 7
380 31
341 18
124 2
371 24
419 20
355 23
120 22
351 24
478 2
32 11
416 23
241 22
423 13
198 17
451 24
183 2
202 3
351 10
320 25
173 19
308 8
165 3
133 11
130 22
232 14
169 32
448 9
393 2
330 26
170 24
365 9
461 7
79 12
96 15
384 16
193 16
147 9
470 19
76 12
241 31
113 9
454 28
21 18
133 6
492 15
481 28
359 22
126 1
253 17
39 4
193 15
179 23
440 5
470 11
100 18
173 8
322 7
475 10
28 31
44 3
113 12
227 3
317 32
408 1
277 18
57 17
381 23
159 24
87 16
186 10
189 10
101 26
336 19
204 8
386 19
234 30
474 8
321 31
16 4
211 24
377 3
112 21
58 14
428 20
250 13
34 30
323 14
300 6
265 27
373 18
305 23
351 10
418 15
420 5
250 7
76 7
453 3
235 2
161 7
6 14
479 19
51 9
228 2
459 32
408 27
493 8
437 32
342 15
366 25
139 32
95 15
94 8
105 32
409 1
194 30
378 25
8 25
473 16
334 15
227 22
466 32
305 26
267 14
460 12
259 27
247 5
17 16
104 25
372 21
90 21
130 7
441 2
99 14
373 25
400 31
26 5
22 10
471 28
328 6
420 30
232 18
142 8
210 14
221 17
110 26
201 19
480 18
228 31
407 4
215 26
403 4
23 32
273 29
64 4
274 3
389 2
352 3
105 21
480 9
197 17
338 10
31 2
391 23
100 25
210 22
306 28
257 16
240 5
172 23
481 14
137 9
451 12
455 23
105 26
84 5
374 1
402 13
90 8
15 1
292 28
206 18
40 14
425 19
343 13
433 27
394 1
247 8
260 14
250 12
487 29
369 17
106 30
117 31
414 31
88 5
58 21
154 17
459 23
79 21
27 11
179 28
283 17
115 23
478 32
110 5
401 18
325 26
304 17
404 21
275 23
125 8
340 15
485 14
209 27
302 7
278 16
6 16
256 4
454 30
39 8
198 31
97 22
148 8
166 16
468 20
246 21
475 17
371 19
234 7
226 31
165 19
14 14
62 14
345 8
355 19
283 12
26 7
277 9
131 6
224 10
85 30
42 19
406 32
370 12
194 19
174 18
449 24
83 6
161 15
377 15
162 27
418 19
242 26
211 16
135 19
321 23
108 23
129 29
478 14
152 28
296 18
233 4
217 12
106 13
94 22
243 27
345 20
145 18
353 8
309 11
142 25
409 9
47 9
113 5
239 13
400 22
294 12
482 6
299 3
238 17
420 12
499 8
491 24
53 11
351 25
181 24
194 21
92 32
477 4
116 19
320 3
453 13
499 2
122 5
372 3
41 27
42 32
259 12
35 27
374 21
24 10
228 5
494 11
160 27
22 8
37 30
494 21
306 24
274 28
493 25
490 17
288 12
424 22
63 6
208 13
194 3
342 5
151 20
91 11
158 29
290 26
158 27
387 3
331 4
390 15
305 28
207 16
263 15
489 29
440 20
113 14
131 31
406 29
142 1
295 31
461 24
48 22
71 6
432 5
446 22
75 6
405 17
45 23
263 25
491 19
432 28
188 2
410 17
195 11
441 5
405 13
425 32
222 15
238 26
247 15
327 5
284 31
305 8
397 20
64 7
474 11
342 5
409 27
105 11
5 6
91 13
150 11
213 20
361 18
377 11
132 27
483 19
285 4
298 13
59 25
271 28
59 21
396 15
67 20
421 20
249 8
332 11
230 12
474 11
345 10
401 28
256 4
94 28
375 7
72 29
103 26
168 2
306 23
480 29
414 9
148 3
116 15
265 1
227 10
287 23
291 32
399 22
275 32
85 9
87 24
433 5
349 28
54 31
14 22
231 27
138 10
441 13
208 9
449 18
146 24
5 4
275 27
481 25
450 9
49 32
424 5
429 17
284 10
131 17
219 9
223 28
90 8
312 9
72 21
83 2
348 3
5 2
193 30
374 22
254 26
30 6
106 26
154 29
291 4
185 2
348 23
217 29
126 5
85 14
141 31
267 4
457 19
313 29
108 30
495 22
311 8
391 20
333 16
156 3
179 28
336 30
450 1
314 16
433 30
125 29
269 11
412 29
13 4
226 13
465 12
334 23
95 28
394 19
119 25
105 29
92 25
174 5
345 19
320 29
88 16
201 12
38 24
81 23
39 2
23 27
229 4
481 31
431 26
453 9
126 5
345 5
349 30
313 21
208 29
321 31
428 9
3 6
484 19
368 26
92 30
228 32
97 4
346 31
285 14
427 14
58 11
330 15
492 27
303 23
127 20
345 2
496 31
223 28
133 2
205 4
183 9
247 31
344 32
361 9
241 3
242 31
409 8
409 20
66 15
302 24
186 31
449 30
197 32
365 14
465 13
405 32
205 20
482 1
243 27
381 32
129 30
486 10
45 10
141 6
456 7
153 26
441 22
175 1
125 15
466 21
311 31
440 16
374 18
268 4
264 24
155 8
121 32
133 26
385 14
127 1
216 28
334 24
381 16
292 5
250 6
445 24
184 13
131 21
158 22
376 9
249 27
16 2
374 1
387 3
274 25
451 1
144 28
496 4
495 15
232 8
100 1
7 23
413 6
191 10
239 3
194 8
301 1
61 22
209 3
284 14
163 26
322 15
369 5
182 31
308 26
458 7
442 5
190 6
306 8
127 4
298 32
235 6
380 19
124 1
445 19
422 16
141 28
414 1
412 15
224 19
212 5
478 1
349 23
210 18
398 20
402 8
7 32
145 19
283 8
327 7
27 32
186 7
343 19
379 27
398 6
177 9
339 6
114 19
172 15
45 26
11 26
265 21
285 13
255 11
233 25
498 15
181 7
129 19
134 27
481 27
165 26
343 11
311 12
41 27
131 1
52 29
382 20
9 19
280 24
289 20
196 14
122 8
321 22
251 14
461 7
188 17
240 10
479 31
338 23
385 16
104 12
312 17
307 28
207 30
435 32
450 3
281 19
358 1
25 4
258 25
43 21
461 10
179 3
184 20
457 32
187 16
207 14
101 9
169 3
451 28
302 24
86 15
174 7
387 18
255 29
34 21
293 18
430 15
136 6
338 13
33 4
356 16
225 28
104 26
263 30
349 32
157 18
350 31
228 29
380 2
85 26
482 9
111 20
348 31
25 25
191 29
413 6
148 13
354 4
30 32
157 26
383 22
163 13
496 3
25 3
76 1
140 26
485 7
321 32
349 5
221 15
253 21
436 13
121 21
4 7
108 16
232 19
473 11
427 24
489 7
195 16
411 22
325 15
288 21
431 32
341 7
26 26
487 2
198 27
454 21
461 10
212 1
404 9
291 26
4 23
132 26
46 6
384 15
140 11
367 2
159 28
72 24
357 2
349 26
17 15
106 29
216 17
21 19
353 7
300 25
441 11
406 3
176 1
61 3
312 19
237 22
338 12
357 2
218 6
451 10
360 8
414 11
77 3
45 17
449 8
489 6
330 27
80 1
387 24
171 6
270 7
371 24
67 8
5 32
137 20
221 32
363 14
422 19
272 6
220 25
365 12
314 30
306 5
50 1
236 32
242 5
331 1
316 25
44 21
236 20
128 32
27 2
293 28
133 29
469 24
489 13
263 18
378 9
250 7
113 17
202 14
341 12
170 17
132 21
181 27
96 12
26 26
353 7
125 1
87 21
40 23
129 27
432 10
223 29
136 11
17 22
40 1
73 6
217 5
478 21
275 2
408 25
399 13
471 16
97 1
468 5
335 5
143 30
454 1
446 30
51 6
131 2
170 19
355 23
111 1
487 22
258 11
186 28
155 12
31 3
64 15
91 2
447 5
163 32
449 24
45 15
421 15
293 2
82 23
180 24
331 3
429 24
61 26
96 3
473 30
169 16
328 12
137 30
344 15
378 21
110 26
143 2
301 19
324 10
434 27
277 32
373 14
204 9
23 11
351 12
276 16
383 20
483 12
229 10
170 14
470 32
380 1
13 16
399 4
265 28
395 25
448 27
98 19
52 13
301 14
116 4
477 18
31 23
221 8
489 23
69 30
374 28
70 22
331 17
426 3
152 24
488 7
438 1
249 21
205 21
447 4
329 31
374 15
86 18
322 22
336 11
31 29
42 17
299 17
273 12
171 12
247 14
375 20
95 11
377 27
376 11
323 24

