256
23 24
133 1
106 9
12 26
325 17
154 18
224 19
302 30
43 20
344 26
23 11
285 10
176 19
12 27
193 5
310 12
420 26
264 21
414 20
226 30
468 3
160 3
237 13
152 12
48 19
77 6
225 9
115 1
339 18
155 15
226 21
98 17
258 6
21 16
489 19
113 28
329 28
498 10
436 29
197 7
143 25
404 12
337 26
120 27
496 6
57 1
238 3
70 8
220 22
371 32
188 3
15 29
311 24
434 6
160 26
81 2
254 24
373 18
354 24
116 29
118 20
273 23
30 14
54 29
136 20
308 11
463 22
43 21
37 12
18 32
309 6
202 22
286 14
3 15
418 18
191 3
494 7
241 27
9 23
124 24
422 19
170 32
457 9
8 21
392 14
41 25
327 22
114 16
167 21
102 8
438 8
470 11
107 3
306 3
209 29
462 2
211 27
218 23
47 21
12 23
454 32
343 21
145 28
244 23
276 2
247 22
137 8
144 23
130 5
61 2
229 18
24 16
357 5
310 15
169 17
45 27
76 19
255 4
47 18
383 30
195 25
387 28
48 19
278 10
183 11
219 24
212 14
407 8
334 12
323 11
241 27
329 12
310 19
240 28
284 10
381 23
454 12
14 1
2 3
382 20
333 21
447 9
46 17
316 20
273 6
86 25
209 2
180 14
348 19
77 23
244 1
461 29
76 30
402 9
469 7
113 13
439 7
49 29
116 5
216 20
206 13
400 10
66 15
135 1
202 31
247 29
20 4
494 11
385 23
24 1
233 16
210 24
46 2
8 13
326 3
400 16
227 11
149 28
82 16
408 27
346 18
431 13
65 16
312 22
22 11
358 3
322 3
278 15
29 13
380 10
211 27
237 29
282 18
80 31
21 19
349 14
344 15
83 25
55 18
414 4
80 3
34 21
190 31
119 10
299 30
423 25
481 12
297 30
397 12
476 29
66 20
134 2
454 4
374 32
461 7
288 16
409 9
292 14
336 7
167 18
112 10
495 28
101 31
353 17
371 20
117 8
355 22
401 9
318 2
168 14
412 11
170 17
480 1
270 27
75 21
152 11
230 22
278 18
141 31
30 31
162 14
150 25
247 15
177 28
176 8
194 24
355 7
260 6
27 5
352 14
169 11
288 22
1 29
79 21
399 8
3 13
457 24
281 24
54 5
471 22
356 28
169 30
230 20
395 9
308 2
210 17
249 13
374 13
413 13
241 4
116 19
76 9
246 20
480 16
16 18
381 3
466 17
433 15
328 3
303 27
425 12
463 17
8 17
273 1
493 29
288 16
255 19
384 24
422 23
3 29
165 11
11 22
135 31
176 30
474 27
301 6
490 3
70 30
451 18
474 15
206 1
255 28
475 22
163 24
353 26
388 21
252 18
498 31
45 13
200 18
3 20
415 13
115 12
194 9
381 7
360 10
427 22
249 25
103 23
500 23
280 3
323 20
136 20
418 4
345 13
49 7
321 11
191 23
150 28
351 18
50 22
467 8
175 31
80 22
330 15
436 5
169 23
492 5
282 9
336 10
230 29
177 22
51 3
336 29
103 10
434 32
248 9
184 10
319 7
255 28
46 11
109 6
301 24
370 10
361 18
412 22
294 4
343 20
306 22
248 4
215 30
116 30
286 11
88 12
413 6
104 6
32 8
24 16
163 21
118 31
302 13
168 19
116 30
291 21
39 22
33 18
423 28
67 24
298 22
16 22
496 11
372 11
182 7
415 16
139 20
423 1
412 2
387 15
100 25
151 18
419 27
243 1
182 18
253 27
463 28
41 2
238 12
41 23
158 7
466 12
338 20
88 25
330 31
127 21
355 9
270 5
312 9
466 25
174 30
176 32
189 4
298 30
479 14
196 32
144 25
135 13
253 23
433 2
401 11
66 11
187 27
380 22
199 21
47 28
266 2
212 10
289 29
231 19
50 26
458 29
290 28
229 30
18 13
327 6
219 20
25 9
79 32
459 17
100 13
353 5
78 8
22 18
128 20
188 13
29 21
73 30
88 17
212 2
461 26
375 19
134 23
139 28
154 25
192 9
453 24
321 18
311 26
99 2
445 6
466 25
282 22
495 10
190 18
327 2
447 17
32 24
452 15
143 29
119 31
210 12
230 18
453 21
76 32
182 24
41 4
197 31
389 7
44 31
100 18
80 2
422 20
478 9
134 12
478 8
306 11
175 32
68 16
132 7
383 9
367 19
312 15
97 5
105 24
483 12
213 2
101 11
377 6
7 22
50 24
466 27
374 16
94 30
471 13
288 13
38 2
480 1
68 16
253 4
420 7
79 16
1 28
118 29
109 13
91 18
312 16
365 6
47 6
479 30
35 6
74 8
272 9
124 23
333 13
363 32
315 9
235 27
472 9
44 5
181 10
442 24
189 2
29 23
468 31
456 26
477 30
425 12
286 8
438 30
128 28
221 7
93 12
109 8
12 24
348 8
285 2
35 25
447 28
412 10
274 3
267 30
248 3
349 6
91 11
3 30
290 32
12 10
235 5
150 30
272 29
141 29
138 3
233 1
442 4
202 24
363 13
169 6
11 30
495 25
8 14
319 13
425 26
31 23
302 8
256 26
380 24
482 2
274 10
306 24
358 11
135 20
475 3
33 6
24 4
438 7
229 20
180 29
438 10
15 11
93 6
164 20
369 25
341 22
211 22
209 16
5 27
491 23
498 27
316 29
402 26
404 14
361 23
486 26
348 28
241 16
121 8
115 29
401 24
131 3
453 31
30 13
34 20
288 23
42 31
403 12
60 22
425 5
92 3
422 11
262 2
230 31
270 29
223 10
152 13
132 32
396 29
413 5
384 16
459 29
6 13
72 6
19 1
338 14
111 7
401 32
125 18
106 18
178 25
415 1
385 6
285 16
410 13
60 17
100 14
421 9
231 21
22 29
193 23
414 23
322 2
378 6
148 20
43 1
16 17
6 16
354 2
384 23
190 19
259 9
313 19
97 27
227 31
347 27
33 32
425 18
278 7
3 21
490 13
101 5
353 22
108 18
99 19
172 4
138 14
280 6
165 29
48 7
199 22
162 15
5 18
437 22
240 23
58 17
336 31
437 32
468 9
246 11
239 25
410 32
51 26
177 7
270 4
457 16
469 14
402 14
56 30
107 23
481 13
228 24
379 28
207 30
60 8
116 31
73 22
174 7
419 3
189 4
426 25
211 31
467 16
72 6
154 14
20 2
46 3
153 4
263 15
122 2
163 9
472 23
466 30
209 12
200 9
275 5
245 1
371 7
449 14
84 30
472 8
87 21
202 23
293 8
301 26
490 27
354 9
401 32
458 13
55 5
209 26
134 22
166 12
368 10
150 8
419 21
259 5
341 24
447 1
480 32
250 9
414 28
429 11
275 23
275 5
395 12
362 4
493 24
236 28
197 9
15 8
209 17
472 5
289 7
386 8
370 31
236 31
90 32
449 20
254 32
397 17
411 22
380 11
341 3
114 14
203 9
5 7
457 32
16 1
98 17
364 11
239 23
250 9
467 18
396 12
273 20
72 27
254 16
437 22
270 11
335 29
383 23
439 11
19 14
436 28
206 19
83 13
102 16
125 32
381 16
491 18
164 7
188 13
366 17
214 7
27 5
311 13
91 6
451 17
55 2
225 17
389 19
57 30
490 17
409 2
404 7
227 3
313 31
187 2
243 17
17 9
153 11
381 15
76 11
204 3
69 12
243 1
438 15
298 31
183 26
500 30
456 19
5 13
345 15
150 31
443 22
59 19
493 27
42 16
121 1
402 17
376 4
349 9
294 14
91 16
55 6
414 7
372 14
483 8
460 32
154 27
150 12
349 22
354 14
265 11
338 23
367 25
162 12
377 12
65 7
135 32
261 8
334 4
169 24
200 17
299 17
31 12
269 23
293 2
473 6
448 18
76 7
375 21
86 11
44 10
70 27
473 30
430 14
313 23
121 12
227 28
69 17
71 25
191 8
162 11
273 6
325 8
128 7
436 29
449 28
66 2
10 15
199 23
196 32
389 1
227 19
440 7
75 2
335 10
77 25
280 21
458 16
400 9
154 24
1 7
167 10
472 8
456 7
318 20
386 11
172 16
25 15
111 32
324 21
69 25
441 28
305 10
156 9
334 1
244 22
115 18
104 15
289 23
461 22
414 26
16 29
161 29
399 31
196 27
216 4
327 32
167 31
406 10
187 27
335 6
129 17
191 16
387 15
142 19
289 16
396 4
344 21
48 23
31 27
317 6
210 3
106 29
125 15
50 8
453 16
93 25
185 4
164 31
114 14
474 22
65 29
58 8
129 25
354 4
52 14
109 17
312 14
341 17
76 19
100 5
478 4
313 2
327 5
289 25
134 18
194 14
482 7
161 31
208 19
474 19
184 10
223 16
148 16
136 19
158 23
455 3
130 20
1 1
96 5
249 9
402 6
482 3
193 10
49 12
8 2
214 28
456 32
391 3
203 10
29 16
464 12
199 25
455 23
401 22
339 17
334 16
91 19
178 3
308 19
238 24
100 11
211 31
238 29
361 25
330 22
152 5
77 26
237 31
400 22
432 10
286 17
181 28
283 11
362 30
437 11
109 16
401 7
443 31
271 15
431 8
44 30
244 4
284 9

