256
14 4
427 13
202 12
98 30
418 31
315 12
369 11
61 20
18 31
404 15
205 15
121 7
350 17
438 32
461 12
103 18
211 13
334 8
301 24
41 30
466 24
269 30
470 29
425 4
4 20
170 28
51 10
298 8
243 23
156 31
318 26
380 16
490 14
291 30
497 28
359 26
39 4
147 20
308 7
347 27
250 9
223 28
10 24
404 12
459 11
158 16
20 26
156 9
455 22
299 11
129 1
412 3
488 26
27 4
332 13
162 25
93 20
437 7
108 24
58 26
250 28
193 5
457 8
129 27
146 19
361 14
288 8
441 23
385 7
274 32
43 24
500 8
171 12
442 22
127 31
47 4
66 24
348 14
439 21
432 28
255 12
358 26
267 26
21 19
320 10
218 18
433 10
201 12
357 6
85 24
493 16
63 30
223 3
80 5
239 19
97 29
7 10
239 17
307 7
276 2
256 21
339 17
414 12
496 19
33 28
458 21
211 4
435 17
430 30
298 28
228 22
13 14
51 15
7 1
213 2
334 4
478 20
360 20
415 15
14 16
287 15
176 21
342 22
134 24
475 27
143 3
176 11
436 14
109 14
286 13
427 15
141 5
494 4
148 1
59 29
60 29
335 19
193 28
197 22
299 27
460 6
373 31
300 13
64 9
454 25
81 9
319 5
489 9
73 4
73 27
500 24
327 10
218 7
361 18
401 24
85 12
305 9
347 12
321 22
364 15
259 9
359 21
17 3
241 21
334 5
423 5
296 5
18 6
472 18
427 8
389 3
231 5
24 29
149 32
339 4
470 1
456 4
25 25
378 18
265 11
430 28
395 18
436 28
443 11
142 13
278 22
84 5
75 27
289 11
450 19
86 8
427 26
451 8
218 17
421 30
391 14
169 10
279 25
49 21
363 18
442 21
72 17
353 2
483 25
72 4
472 25
55 30
402 22
201 3
38 29
453 32
323 25
65 9
77 14
174 20
7 31
284 6
491 32
427 25
480 18
108 3
7 7
349 28
20 5
379 1
22 31
336 12
303 9
296 8
70 17
23 20
287 2
358 29
145 32
453 24
486 17
427 28
75 27
103 18
175 21
2 32
163 17
391 10
441 31
49 14
359 11
438 30
80 27
478 12
282 15
199 11
195 29
110 21
251 29
214 22
45 23
473 4
403 32
229 32
254 29
205 12
51 14
461 18
288 3
57 2
425 31
40 15
84 18
239 18
66 8
111 30
18 28
21 4
151 13
467 24
377 16
367 15
17 12
408 5
322 28
78 30
423 17
216 22
118 14
191 15
257 14
145 18
441 13
249 3
118 24
346 2
91 28
273 3
243 16
263 20
348 12
161 6
309 28
479 30
181 1
461 29
174 25
62 22
473 3
56 30
230 17
436 32
317 16
278 19
91 9
327 10
84 23
411 16
215 9
170 27
410 26
184 23
438 5
401 22
407 4
352 32
61 19
307 1
346 1
287 32
329 25
226 28
452 24
156 2
377 25
264 10
306 19
72 3
44 12
152 30
280 11
290 4
141 28
68 30
384 22
274 4
171 7
476 30
190 11
491 30
455 26
203 20
201 7
2 4
98 13
397 1
360 30
420 20
486 7
190 21
397 15
433 11
17 24
40 18
38 6
124 4
135 22
103 11
304 12
282 14
312 15
482 15
68 18
375 5
444 20
274 20
82 18
406 22
465 5
155 10
178 22
197 9
456 3
351 7
458 1
364 5
367 2
144 26
451 22
339 10
285 24
86 10
21 27
315 17
140 5
190 9
99 6
333 6
388 4
164 21
20 32
465 18
225 12
171 19
329 9
420 9
324 25
182 8
200 16
180 19
317 17
7 15
106 12
320 29
227 31
189 18
10 10
483 30
113 13
260 22
14 12
406 21
36 16
33 23
435 20
425 19
285 4
369 26
475 20
235 29
23 7
298 16
428 16
118 5
136 29
334 17
408 23
190 12
30 2
382 5
137 11
419 25
90 24
163 28
179 9
116 29
23 5
85 31
248 26
47 15
430 28
236 30
322 5
485 24
350 10
20 26
24 18
259 1
281 5
28 20
373 19
160 27
111 28
49 10
297 27
93 11
326 24
268 8
104 16
203 1
117 26
290 13
363 12
105 20
172 9
103 28
331 22
291 18
62 15
151 6
286 19
288 31
70 23
462 5
158 4
125 31
89 31
267 8
314 23
447 26
207 1
381 26
366 11
183 7
362 5
489 3
76 28
109 1
183 7
22 24
438 10
466 7
264 32
330 18
307 8
415 21
28 31
254 29
318 24
172 3
269 16
177 20
287 5
44 29
207 25
161 21
63 10
171 10
210 8
255 32
479 5
380 22
20 2
250 13
69 21
367 21
284 19
236 15
179 28
391 2
344 31
382 22
177 16
436 18
107 26
253 5
63 4
442 2
265 11
270 30
464 28
226 3
382 26
169 4
241 28
1 8
110 26
194 2
137 29
375 31
22 3
179 20
259 28
369 11
163 2
412 6
477 26
76 10
99 25
474 7
156 18
478 13
208 11
255 20
3 1
143 29
108 21
460 10
293 5
92 23
170 28
432 3
493 3
60 7
103 25
485 14
359 26
227 22
485 9
465 11
313 27
363 12
280 23
489 32
355 9
378 32
436 17
22 24
167 14
74 14
466 10
231 16
19 21
445 7
141 14
342 6
220 24
77 23
378 6
422 8
146 11
108 17
459 9
64 14
62 5
99 28
46 21
407 16
490 16
419 6
465 8
287 4
315 28
183 13
429 16
128 14
255 27
210 21
216 5
42 25
261 28
360 22
173 31
221 26
470 27
143 10
102 10
469 1
145 7
313 5
311 32
350 17
27 15
129 30
183 7
370 27
14 10
452 18
348 20
347 21
15 10
454 16
271 10
88 23
129 28
339 7
44 12
355 22
98 27
163 12
357 8
278 3
465 21
56 24
252 31
332 22
96 9
438 26
263 21
132 3
277 10
329 12
361 31
241 14
369 19
293 26
138 30
448 11
298 15
266 25
109 14
371 20
86 20
421 8
332 28
238 24
373 18
279 25
452 3
394 9
273 30
250 15
255 29
365 12
51 26
157 24
79 19
215 29
334 24
12 13
39 14
477 24
19 7
348 15
478 22
495 30
279 24
364 14
292 4
141 30
358 29
205 4
175 32
452 20
259 4
377 9
417 5
60 15
311 16
109 20
205 19
390 23
50 29
220 29
481 29
387 30
361 15
329 8
66 1
395 4
448 27
121 20
475 12
150 10
143 31
73 31
65 14
182 27
67 25
159 11
465 17
440 14
192 8
213 13
400 15
433 11
230 29
210 8
288 32
341 3
174 14
129 14
79 22
56 5
415 31
395 3
463 22
408 14
454 4
263 5
79 11
200 28
99 13
363 14
324 20
168 9
321 17
87 27
310 30
248 20
60 14
159 11
180 6
28 1
390 18
485 28
188 20
127 2
297 25
376 12
44 31
117 12
43 11
115 21
48 6
280 4
207 30
130 22
208 5
18 13
3 27
416 18
38 30
180 14
382 3
306 2
301 14
141 16
328 19
400 31
320 11
482 11
321 15
412 12
324 22
328 10
284 31
367 29
488 14
7 17
304 4
146 17
85 31
152 8
97 3
286 9
433 8
295 21
82 18
484 9
487 23
82 22
257 13
295 16
198 29
465 10
316 18
310 16
100 25
163 1
363 28
465 7
271 27
400 25
316 27
109 19
398 19
276 6
343 26
250 24
74 22
245 21
175 26
140 23
14 26
27 12
454 31
23 24
101 14
428 4
8 17
422 25
431 30
263 1
471 20
164 13
77 25
433 15
314 5
81 4
226 27
55 19
449 1
255 17
350 26
169 22
422 10
466 12
343 12
476 30
91 4
358 7
252 10
122 13
362 26
244 12
161 31
470 13
79 8
10 13
110 18
490 11
323 15
235 2
387 2
479 25
201 8
496 32
477 21
369 31
22 28
130 2
114 7
291 25
27 12
325 16
181 6
18 23
472 16
20 14
314 22
187 22
185 6
170 14
2 2
352 7
205 21
205 23
283 23
215 9
498 19
296 30
56 18
384 11
269 12
385 18
105 31
152 30
104 29
303 29
62 22
479 26
338 11
436 4
29 30
281 2
40 4
407 7
93 19
474 22
398 10
147 30
132 14
143 11
322 5
191 7
154 9
1 3
204 16
315 20
290 19
462 29
374 20
128 11
10 21
180 3
162 6
261 5
328 27
379 29
52 21
384 25
441 4
48 16
23 2
80 32
456 25
493 9
260 32
147 18
72 18
380 17
208 20
377 11
395 3
35 14
175 10
150 19
5 1
111 32
58 6
339 21
82 27
46 9
154 16
314 13
222 14
161 25
185 17
315 15
291 9
376 9
471 2
432 31
74 30
2 4
83 29
348 32
375 21
356 17
289 2
457 6
363 26
142 15
154 32
330 29
8 25
113 26
82 32
305 28
289 22
491 31
350 22
386 9
435 6
309 15
411 21
436 21
234 17
23 24
384 32
36 23
409 24
73 18
396 9
349 20
386 11
407 16
29 16
164 11
33 16
241 27
88 12
419 18
104 18
61 11
497 28
81 9
447 17
451 10
381 7
230 23
490 16
354 18
279 29
36 20
340 20
458 15
303 29

