256
378 27
273 16
154 11
486 21
441 10
370 26
169 1
378 18
366 14
142 7
154 17
28 12
481 7
22 3
189 23
97 6
442 5
185 31
499 18
236 7
43 25
416 27
45 18
496 22
451 10
164 4
98 24
312 10
146 9
257 6
251 9
399 16
221 32
491 27
457 2
9 12
386 1
414 18
70 18
44 16
399 3
476 20
102 3
278 24
323 10
433 9
238 8
469 30
119 7
28 23
36 24
74 1
164 8
202 9
249 25
105 19
156 12
346 21
70 3
356 24
360 9
168 29
472 24
258 22
446 17
164 5
25 14
105 32
429 23
273 13
255 1
379 10
160 4
19 25
51 10
324 18
14 15
211 1
479 8
74 4
105 2
109 1
179 13
168 3
371 8
339 18
20 13
387 19
292 25
259 22
131 26
456 20
277 22
481 15
133 10
30 21
495 26
217 25
203 21
483 9
28 9
50 4
241 21
78 5
45 1
78 15
122 1
23 2
50 23
4 19
408 2
123 11
23 28
427 1
280 30
150 11
434 3
206 27
191 4
59 4
472 24
114 29
21 20
343 14
490 14
456 10
83 7
300 10
474 22
182 17
487 19
411 25
234 9
95 12
252 17
363 15
492 1
19 32
464 9
286 30
411 13
351 5
23 26
450 20
227 24
248 2
18 31
486 31
127 12
379 18
436 25
304 3
69 10
291 13
387 16
338 9
20 16
493 15
41 27
390 23
278 6
184 27
500 17
398 10
452 4
207 23
368 26
18 21
35 28
173 21
87 10
421 6
401 10
500 1
208 22
411 21
231 15
483 30
115 8
411 27
359 1
157 7
330 10
367 28
185 27
489 15
252 13
81 28
174 8
444 25
173 18
421 23
448 28
336 31
487 26
481 14
214 9
128 19
15 14
111 23
236 31
174 11
359 26
138 1
185 1
469 30
286 6
112 18
497 8
500 3
397 8
384 27
468 3
357 2
356 27
385 23
417 30
77 4
163 6
12 23
350 28
56 24
73 8
73 1
171 24
256 15
51 19
381 14
150 22
56 5
408 8
448 9
349 28
304 27
294 15
61 7
498 5
130 11
488 6
491 26
273 14
76 27
237 17
397 22
398 24
94 21
243 21
481 3
269 8
305 18
450 13
56 32
333 22
370 28
387 20
329 24
310 29
186 2
213 26
135 18
385 16
266 15
121 3
69 21
382 13
302 32
90 29
131 10
42 8
446 13
415 26
292 28
30 21
473 2
263 19
55 31
187 25
274 7
271 30
47 4
419 32
187 4
56 1
485 14
20 18
230 3
56 29
10 1
53 27
179 31
441 21
314 15
109 11
137 7
132 15
235 18
234 13
261 10
442 2
239 21
27 16
99 30
44 21
167 28
295 1
263 27
133 24
66 2
14 30
472 9
89 18
399 26
331 15
463 12
108 25
436 3
372 23
68 19
347 30
363 25
134 9
227 19
200 28
360 1
198 27
61 6
241 3
459 11
322 2
46 1
474 21
415 2
367 3
112 21
272 2
205 30
98 32
24 9
427 3
213 20
417 18
409 9
232 24
79 5
141 8
334 18
457 8
311 7
434 7
240 10
396 8
463 18
79 22
494 2
72 3
129 20
480 14
497 7
109 15
468 29
51 17
66 19
400 1
33 2
299 20
243 14
420 17
391 2
394 25
3 29
91 24
304 14
225 12
484 9
227 31
137 17
103 18
487 7
78 27
40 24
495 18
274 10
190 4
411 7
400 14
399 22
101 18
263 9
354 23
361 24
401 21
60 4
198 10
210 24
268 17
355 18
234 20
175 3
144 6
5 19
203 11
237 23
456 11
479 25
301 15
240 22
187 23
409 8
48 2
363 4
218 14
77 19
49 16
225 24
41 29
439 7
483 19
397 2
377 27
99 30
417 10
231 11
341 11
42 32
108 17
203 29
474 24
479 30
235 3
66 27
135 32
369 5
382 29
258 14
195 32
287 31
398 29
417 10
359 26
477 18
214 12
494 7
163 28
61 9
378 26
23 28
333 3
480 10
359 6
323 21
297 2
367 14
182 27
283 5
444 32
210 30
495 4
196 13
379 8
257 29
85 23
268 25
373 24
482 23
337 25
487 1
118 29
179 23
487 5
191 10
276 17
439 14
308 11
278 18
94 14
442 19
164 6
151 28
309 13
118 25
141 28
481 30
308 7
408 14
324 15
76 15
203 30
369 18
352 22
47 26
32 17
180 7
402 22
83 18
314 20
58 6
156 2
63 7
49 23
109 20
273 12
470 3
401 30
188 17
336 22
402 23
426 21
61 27
262 31
388 12
195 21
381 2
187 20
164 31
118 28
458 14
159 19
68 16
469 3
16 4
192 9
22 30
349 22
296 6
429 4
389 7
332 2
176 14
417 15
456 30
315 29
127 17
44 26
88 32
152 31
19 19
223 28
312 3
177 8
385 5
143 25
431 2
394 18
344 14
297 27
47 11
416 21
139 7
70 27
174 9
181 8
416 32
287 11
326 19
186 10
420 28
335 2
154 28
308 13
242 20
499 20
418 30
165 24
224 22
486 9
307 11
292 26
422 18
152 11
393 22
161 28
17 23
13 14
426 16
370 27
275 1
11 32
282 23
452 2
260 9
254 10
455 26
343 28
327 7
327 15
184 27
234 12
185 7
222 2
418 19
333 25
459 11
88 17
221 15
98 12
328 27
250 10
452 24
362 31
86 12
349 25
378 23
173 22
181 30
375 18
336 19
346 3
253 2
91 29
176 4
305 7
242 30
137 18
497 22
324 19
389 28
407 6
106 15
179 14
324 17
440 28
464 9
158 32
70 16
393 26
287 5
100 16
102 16
73 22
437 16
236 5
420 19
90 29
221 4
367 13
25 10
408 24
90 5
407 28
164 19
257 6
495 20
181 24
444 22
250 8
353 21
57 16
479 22
1 8
266 23
448 14
172 27
129 17
271 27
124 18
334 32
439 4
236 11
480 23
76 9
262 5
417 10
404 4
316 32
299 25
270 30
74 21
304 10
406 22
440 17
63 17
409 29
305 4
471 16
378 7
364 23
179 20
309 30
27 32
338 1
260 19
126 29
252 21
238 13
58 9
185 16
302 13
472 14
292 19
93 9
45 20
160 3
87 32
156 30
443 29
494 22
304 28
238 23
104 23
211 26
3 31
133 24
44 21
113 27
399 1
356 31
12 3
17 27
334 32
268 32
369 21
329 12
84 6
78 32
392 4
349 26
386 1
402 13
437 22
468 27
423 11
129 10
189 25
236 14
21 27
149 21
116 1
264 31
246 1
386 1
480 22
234 5
419 11
350 11
353 25
42 23
491 30
60 15
167 4
404 15
150 8
279 13
84 2
464 13
86 9
21 5
139 6
133 21
93 26
411 17
150 4
423 20
474 6
374 24
481 29
30 7
32 8
395 11
53 30
499 10
263 3
54 5
125 22
457 25
372 23
217 1
171 15
365 28
324 22
135 29
367 24
287 22
175 21
217 7
243 23
216 25
86 29
257 2
158 21
278 1
283 2
402 5
336 22
300 3
355 18
315 29
301 1
471 7
486 19
53 8
105 28
436 2
240 28
399 10
108 28
278 26
373 11
195 12
148 30
219 11
132 13
223 24
486 25
259 3
435 11
402 20
283 9
229 30
380 24
271 19
7 17
228 16
431 10
291 27
120 9
433 23
246 11
386 3
404 12
405 14
159 14
377 29
142 22
314 25
85 1
359 31
337 22
174 11
212 9
49 7
177 9
433 6
340 10
4 23
314 12
80 12
65 5
264 14
414 1
430 6
365 16
440 17
78 18
24 5
430 32
323 10
405 7
380 28
424 23
338 5
495 21
412 27
373 23
469 18
456 14
135 24
242 27
225 3
40 4
311 5
23 17
278 11
239 29
22 6
244 23
103 22
276 26
148 4
393 24
138 8
218 12
19 3
50 7
481 17
46 11
261 13
275 3
495 17
399 29
26 18
227 32
231 30
346 23
206 10
346 23
85 19
318 15
373 8
402 25
308 31
495 13
367 29
459 2
133 13
82 3
351 16
490 5
366 27
311 15
72 9
117 20
71 6
315 16
153 24
148 5
366 11
233 1
263 31
298 20
251 31
406 9
390 23
34 27
82 8
177 21
500 13
13 11
431 11
218 31
98 1
247 23
211 19
47 18
21 24
221 28
74 26
224 4
224 17
218 1
101 7
310 8
391 30
374 5
204 11
256 9
308 6
115 22
333 22
343 9
209 11
476 3
392 8
98 20
308 3
272 16
413 9
212 28
106 9
476 13
28 3
461 31
85 20
204 1
89 27
121 21
461 13
431 9
500 28
320 11
47 15
67 7
24 18
466 29
214 2
142 13
376 30
427 12
177 31
228 25
177 21
266 29
1 4
193 20
428 32
306 30
455 24
136 6
1 6
310 3
395 11
455 10
53 26
82 25
364 1
198 16
213 31
380 21
362 17
212 1
84 6
262 30
241 2
219 6
351 5
308 13
331 22
218 23
347 11
316 6
312 1
101 32
179 1
237 32
53 28
181 32
169 30
378 30
43 32
355 5
328 10
341 19
127 7
245 14
357 24
183 28
276 8
44 22
116 16
198 24
431 22
155 12
23 20
213 18
332 11

