256
436 22
350 12
118 20
200 26
418 17
118 3
131 28
61 2
82 4
475 17
99 13
360 8
253 16
333 17
462 6
92 26
303 29
205 28
41 24
381 14
253 14
365 15
398 1
144 3
145 10
152 15
103 23
70 15
90 22
3 7
55 31
300 21
387 5
480 11
112 5
237 4
62 9
98 27
377 1
290 13
63 17
319 1
451 16
223 12
494 14
442 32
320 18
109 6
450 4
485 17
448 9
277 26
25 6
320 25
115 17
126 17
401 32
45 7
184 31
242 21
492 4
76 23
129 8
369 10
272 13
490 19
425 14
284 5
140 32
201 26
64 2
134 17
122 26
167 17
444 9
185 4
444 24
450 32
296 22
1 11
170 2
341 22
256 9
394 3
80 23
352 23
124 5
311 25
162 30
253 21
238 13
244 17
401 18
104 4
11 24
466 9
445 10
330 8
134 24
298 25
22 5
60 5
133 22
242 6
199 6
103 24
135 18
468 23
391 23
82 10
378 7
138 7
56 15
226 2
42 24
254 19
24 9
60 5
35 21
154 17
146 4
373 12
158 16
166 24
115 27
153 20
497 18
18 17
109 8
94 6
471 11
65 26
12 16
354 18
276 8
482 29
319 10
405 32
398 10
376 32
169 24
207 5
22 13
69 10
24 6
483 18
361 7
191 4
374 9
473 25
256 22
274 26
160 30
50 25
99 17
272 11
304 10
284 17
406 4
158 9
366 9
126 26
391 5
153 5
213 17
265 28
430 18
41 5
67 14
349 22
218 20
432 6
450 15
50 19
271 16
488 28
200 21
65 6
281 17
354 5
193 7
460 6
360 21
63 7
294 7
92 32
383 27
385 24
294 26
390 28
493 5
51 32
342 11
134 18
35 15
467 27
309 22
52 13
130 10
447 12
377 14
139 11
116 15
442 17
308 11
472 17
60 2
344 9
340 21
374 6
168 16
304 24
118 32
496 15
321 22
374 25
183 4
159 11
386 4
207 26
135 7
198 30
404 25
446 20
222 31
469 17
11 25
216 20
480 12
226 32
357 28
201 4
463 27
338 17
311 8
394 13
426 19
490 22
483 15
73 24
105 1
444 27
17 16
94 16
223 16
148 27
123 8
118 9
206 11
433 32
203 2
164 32
268 21
309 31
439 29
158 16
126 30
362 22
113 24
490 7
479 21
265 17
484 31
37 29
41 18
409 27
499 8
75 7
429 15
221 31
320 26
114 9
331 24
438 3
135 3
129 21
63 10
417 18
128 29
439 16
274 11
115 1
122 5
391 14
127 11
121 30
192 26
242 27
413 4
317 31
106 6
363 29
191 23
418 22
436 28
189 1
406 15
333 24
47 7
281 6
389 17
471 21
487 9
307 27
392 11
150 17
272 12
369 30
495 27
483 22
346 24
490 28
178 23
131 25
101 23
250 14
16 32
274 18
432 16
104 19
54 5
24 10
469 16
139 19
382 26
244 32
497 29
331 22
111 13
398 16
75 11
405 10
219 30
443 18
257 7
177 6
151 8
487 27
295 22
433 1
451 20
108 31
465 26
472 3
102 2
490 8
220 14
118 22
71 12
440 23
458 12
489 29
167 11
431 9
304 4
341 14
95 8
52 7
89 32
486 6
97 27
366 12
369 31
254 19
246 9
470 28
160 6
16 6
136 14
138 16
365 23
45 8
278 9
370 31
324 23
408 8
182 17
87 26
459 20
192 25
236 21
260 15
322 11
72 10
276 2
249 9
40 21
100 21
93 29
387 4
176 23
187 5
419 30
110 22
169 9
434 13
166 1
151 23
171 15
296 2
284 24
438 7
41 25
343 9
210 14
253 9
24 23
93 10
416 10
171 5
354 12
341 15
500 11
358 22
417 5
468 8
401 1
374 9
146 9
277 15
446 29
91 25
172 3
114 7
88 1
23 29
240 27
312 24
410 17
113 30
25 4
378 17
189 19
69 30
319 10
40 16
226 2
436 25
16 10
188 15
38 10
395 21
277 22
220 10
226 25
363 27
264 12
27 32
343 4
137 25
293 8
481 18
9 16
471 12
169 10
330 2
219 5
335 23
134 2
384 32
386 7
314 22
338 4
453 16
287 18
397 19
117 17
153 2
496 15
353 25
280 7
222 10
259 16
197 4
462 32
455 11
178 28
200 24
460 21
399 6
242 15
381 30
171 29
187 31
7 12
183 2
74 16
487 28
164 11
279 17
115 2
175 16
1 27
307 28
27 14
410 20
352 26
329 27
174 16
393 32
259 15
169 12
330 11
367 29
190 5
469 32
230 8
95 3
18 22
394 16
311 31
15 30
296 19
36 13
210 16
500 28
354 12
3 28
27 13
380 12
218 5
371 23
344 25
381 13
70 23
460 16
281 30
394 13
168 5
249 18
209 5
49 18
120 20
449 6
272 5
213 17
381 27
436 20
252 32
140 1
294 27
405 11
72 30
207 7
430 15
320 22
55 5
404 3
420 20
172 23
236 25
180 32
171 15
43 6
486 18
95 4
132 23
58 3
148 4
146 21
218 1
67 5
333 18
151 28
377 14
295 29
410 26
80 25
292 15
2 21
8 4
408 12
446 5
194 13
80 23
22 26
156 12
274 28
113 4
444 1
449 10
101 23
63 25
143 10
7 12
482 6
444 22
5 9
206 31
334 2
241 23
435 12
146 24
236 30
335 31
246 11
268 27
345 10
231 15
35 25
335 16
102 10
109 15
18 31
157 7
304 1
409 26
145 30
149 20
311 11
410 25
117 25
459 22
358 5
300 20
129 30
111 26
263 8
40 25
238 20
335 5
445 28
482 1
149 14
172 20
464 5
72 12
461 30
393 30
70 5
61 30
30 19
131 9
94 31
129 31
70 31
223 6
58 32
306 19
185 25
370 4
409 17
80 25
470 16
38 15
368 6
440 22
473 2
394 18
444 30
249 18
188 19
379 22
379 29
304 31
13 13
63 18
317 18
142 10
465 32
28 21
129 3
434 29
92 7
371 4
52 31
401 31
441 11
336 3
315 27
234 28
367 4
101 3
289 22
320 21
273 3
141 26
17 18
206 9
456 4
496 27
46 32
450 19
26 13
9 17
128 22
372 14
389 24
29 13
65 28
486 2
47 10
91 3
52 16
23 19
76 22
366 21
413 7
311 31
451 28
335 26
413 26
276 10
29 24
182 29
151 23
282 17
145 24
112 28
372 30
406 27
4 27
419 8
289 22
58 20
49 20
21 1
449 20
466 29
99 32
422 30
166 23
150 22
427 1
209 22
451 31
96 18
89 30
221 26
243 31
469 3
374 25
104 31
285 13
3 23
68 20
188 2
479 2
247 25
154 8
54 32
274 29
57 30
14 10
239 13
260 3
251 25
196 18
11 8
275 18
66 10
289 18
279 15
295 2
375 20
37 20
52 14
280 4
171 10
89 2
254 20
320 4
185 31
210 3
198 20
60 4
29 25
221 8
171 7
389 14
462 17
177 13
234 17
325 8
454 29
17 15
113 13
414 29
203 7
343 17
458 19
368 23
307 8
350 17
454 6
374 7
162 31
132 19
211 4
2 8
368 3
74 16
59 7
128 25
462 11
365 7
429 28
109 7
171 26
211 16
47 21
391 20
487 10
306 1
329 32
212 12
30 29
28 16
123 7
52 16
329 17
355 13
500 19
343 15
273 10
146 11
490 20
379 16
261 4
24 9
195 23
137 4
223 16
15 21
22 27
133 7
335 27
459 22
153 6
356 25
207 2
448 12
93 2
23 18
213 10
294 8
484 14
335 18
297 30
254 19
268 10
169 2
76 11
139 17
132 27
209 30
200 12
385 16
37 3
145 18
156 27
361 11
72 3
196 5
396 2
187 23
187 15
468 15
37 15
195 9
453 7
6 4
263 15
295 31
1 20
400 29
82 8
295 21
307 3
373 10
292 15
69 14
469 24
92 22
494 26
26 14
41 3
301 19
125 4
453 2
387 1
282 4
464 4
324 18
270 17
176 9
311 28
391 28
483 18
137 25
120 14
478 12
44 23
166 1
226 14
146 16
322 31
283 22
206 10
407 8
6 2
36 25
381 6
300 16
260 4
44 3
449 13
94 32
151 11
364 28
376 1
339 6
139 29
335 1
431 1
172 32
379 23
456 31
485 11
474 20
42 21
178 30
242 3
186 4
29 29
120 4
262 10
305 28
283 3
96 13
84 3
352 6
326 4
220 22
62 18
257 28
414 30
445 7
204 22
399 12
31 10
191 16
179 24
43 25
486 7
377 29
257 17
30 2
36 6
243 1
147 31
404 28
284 21
67 27
478 13
274 28
186 21
3 8
460 22
29 5
36 5
14 4
485 3
78 8
496 28
321 30
23 4
202 22
424 28
349 2
436 22
113 29
438 8
336 21
13 4
194 24
473 27
43 29
453 32
329 5
292 13
442 22
76 27
323 8
262 27
105 29
145 5
169 26
184 29
331 8
72 8
95 8
434 26
1 30
109 9
38 20
33 4
65 4
474 20
311 20
410 19
136 30
484 9
136 3
161 6
67 4
341 9
276 14
2 16
363 27
160 13
362 12
380 23
151 13
18 26
440 23
80 16
481 3
232 12
434 28
433 16
475 29
12 10
398 26

