256
369 3
327 9
4 11
119 13
405 2
259 18
477 16
219 18
382 32
265 6
63 23
364 16
296 10
251 24
104 15
396 8
17 22
408 16
492 7
136 25
496 14
342 16
245 16
18 15
487 26
496 10
376 24
233 16
197 20
427 29
234 2
476 18
395 20
121 23
114 28
487 1
353 24
285 6
240 18
428 22
287 7
479 26
486 24
37 31
399 15
187 12
136 30
85 7
249 29
269 10
312 11
323 32
286 27
465 9
260 24
455 22
371 29
411 28
348 24
242 30
262 20
433 22
442 5
280 2
221 24
256 24
6 22
400 3
36 28
168 27
312 10
44 18
258 30
241 26
253 7
407 27
114 32
264 11
356 11
449 5
442 24
312 3
133 19
237 28
131 16
166 2
229 5
327 31
366 31
296 23
253 14
337 31
41 32
125 17
142 21
177 11
128 16
381 24
255 17
131 17
225 8
30 25
60 4
143 14
126 14
396 7
140 20
449 8
183 13
280 28
498 12
462 13
148 18
89 30
162 23
138 2
71 31
43 10
22 17
407 3
475 26
229 26
237 13
349 31
102 25
446 27
288 31
75 31
100 11
336 18
86 9
351 32
491 13
137 8
282 32
11 28
197 19
425 6
120 21
204 25
253 30
319 17
260 25
327 12
260 11
325 5
487 15
204 26
124 12
341 25
383 11
216 4
146 8
217 29
412 12
485 9
273 7
57 5
47 7
96 2
397 12
354 4
150 9
65 21
249 29
29 31
460 32
414 5
235 10
221 3
254 21
15 30
359 3
262 25
305 17
415 26
480 32
141 22
29 25
402 29
461 23
259 28
378 29
80 29
6 32
463 27
4 9
137 14
399 26
471 19
107 1
460 6
356 8
67 8
304 5
12 21
455 31
240 16
147 16
148 32
471 10
263 3
438 19
40 28
148 22
391 22
98 26
44 22
302 22
41 1
282 1
73 20
175 5
272 25
336 15
324 2
29 18
132 10
336 20
154 16
33 20
441 31
97 32
436 14
446 16
355 15
380 3
167 14
295 6
226 26
356 30
288 12
487 31
54 19
442 27
158 27
454 6
457 26
434 12
300 27
219 22
309 11
284 11
4 31
412 30
60 4
131 19
207 9
118 4
291 3
170 28
385 11
250 21
25 7
84 12
413 27
181 9
253 24
196 28
246 3
337 14
430 19
4 21
288 17
248 22
32 22
230 16
392 19
257 4
161 4
443 25
494 15
145 2
291 20
206 28
151 22
193 28
65 9
68 4
169 8
281 12
437 10
468 28
192 32
448 20
267 14
128 1
217 13
62 3
464 31
42 22
13 7
398 29
283 1
280 7
484 24
355 4
274 14
304 29
101 31
169 15
344 28
183 8
420 17
418 8
363 8
349 3
398 14
155 28
63 30
482 22
346 20
22 23
361 25
435 13
279 3
32 2
251 10
238 6
458 19
405 9
318 10
399 7
203 10
394 5
339 4
367 28
415 20
154 24
416 5
440 2
43 31
371 5
37 12
19 2
115 23
18 24
380 21
147 23
174 32
199 4
471 21
48 26
304 17
365 19
141 20
116 28
127 23
32 27
94 10
8 32
325 6
140 32
146 22
138 23
29 17
182 24
253 25
237 13
134 1
479 30
108 19
161 6
433 25
100 10
94 28
86 2
337 1
474 26
214 23
4 10
299 9
445 12
118 17
312 11
337 22
24 5
88 1
30 16
81 10
398 26
89 3
296 5
411 29
110 24
83 13
421 26
149 2
137 22
250 28
16 3
441 8
383 25
428 16
252 32
393 1
385 29
335 20
109 5
300 30
220 3
330 29
468 31
358 32
96 15
255 20
45 11
355 23
427 2
191 11
345 31
179 25
268 14
409 28
258 28
94 14
294 3
322 25
105 7
364 21
489 18
16 6
165 2
164 31
207 2
121 3
141 20
279 28
313 7
135 18
99 16
103 32
207 8
153 19
454 16
363 3
338 14
180 30
451 3
296 17
401 5
207 5
68 14
300 24
376 22
5 22
366 8
218 24
31 14
234 29
89 17
131 30
326 6
131 13
356 23
285 12
47 16
296 18
181 15
197 16
233 17
382 10
308 27
373 7
172 10
27 4
54 1
390 24
170 28
360 13
298 32
133 12
487 8
161 11
227 5
75 27
410 32
260 13
406 4
407 1
237 21
188 7
145 5
374 26
449 1
43 18
376 31
294 15
306 26
381 28
163 19
194 20
262 25
140 11
436 19
447 9
183 15
167 28
415 12
345 19
272 27
313 11
413 2
213 31
411 18
102 25
252 16
496 22
100 12
384 4
34 11
60 4
169 26
247 11
117 20
298 16
330 2
238 7
419 19
313 29
100 30
106 7
413 1
216 21
440 28
400 9
282 3
393 30
36 11
32 32
82 5
391 12
494 8
358 8
282 22
445 29
287 26
232 32
354 31
64 6
398 11
118 31
273 26
480 8
1 4
311 2
396 21
345 14
180 30
153 22
75 25
194 6
498 21
265 12
224 24
349 13
494 30
4 14
180 7
277 28
198 27
113 18
139 10
483 10
215 19
131 26
232 17
3 29
101 3
136 24
446 24
149 27
6 16
56 13
486 28
216 32
418 4
129 4
341 15
225 20
245 12
345 12
32 11
261 32
465 16
160 6
436 28
348 29
163 7
125 32
86 16
35 23
371 15
262 32
125 6
119 30
45 31
49 12
161 17
264 21
261 3
386 8
434 25
136 8
339 12
447 32
155 6
130 13
496 15
88 17
80 30
194 5
20 22
404 4
255 27
156 7
441 17
62 26
125 17
173 7
160 8
238 22
453 27
190 32
461 14
272 29
187 29
369 7
59 16
238 25
291 2
31 7
286 12
309 27
140 1
77 23
452 7
464 20
385 13
56 10
134 3
238 5
144 6
379 18
229 20
218 31
213 8
306 7
191 6
465 14
446 1
332 14
59 15
5 8
151 20
141 21
91 22
457 22
335 3
139 15
154 16
434 11
307 19
421 9
204 17
30 29
277 25
102 24
7 11
131 1
370 15
293 20
500 13
397 30
287 15
248 5
94 25
11 20
123 31
248 2
167 17
179 31
137 8
130 15
238 20
152 16
382 4
419 5
397 12
66 31
54 14
475 24
198 17
47 17
267 7
498 29
423 16
228 32
308 17
406 9
321 29
4 6
205 27
287 17
442 12
135 31
17 18
142 31
298 1
387 17
187 32
201 29
412 8
372 7
489 10
115 29
38 7
362 6
245 12
398 6
352 5
32 16
346 26
286 23
66 28
411 32
408 20
64 11
391 24
389 19
417 31
39 6
325 17
252 5
252 1
458 19
33 14
175 26
15 16
373 32
336 23
35 7
246 26
265 5
237 1
367 17
359 6
311 4
10 2
308 17
210 18
216 7
255 6
472 5
53 16
200 32
331 2
482 16
35 22
416 12
250 11
276 21
392 18
348 5
499 31
161 21
420 24
155 14
117 26
294 18
322 21
409 16
430 23
283 17
488 19
236 2
333 23
402 12
301 13
328 27
255 4
211 27
216 9
200 24
343 26
205 12
190 26
19 4
356 25
436 27
351 15
284 7
385 17
110 13
285 1
188 8
277 22
66 32
115 9
27 1
462 32
472 16
49 6
123 8
142 6
450 9
80 30
27 24
270 1
353 11
425 12
446 5
289 19
396 31
127 27
211 29
358 10
92 18
23 30
13 13
123 26
9 22
47 3
369 5
375 17
75 4
112 32
352 29
234 12
155 12
374 26
152 31
47 19
340 18
160 8
86 18
165 18
187 24
480 20
380 23
480 10
6 32
177 1
344 26
308 22
121 17
215 13
467 18
367 30
35 15
361 32
160 6
65 7
237 4
106 24
102 29
273 19
28 9
168 23
210 31
221 6
212 27
306 30
400 17
336 14
403 32
257 30
73 29
112 1
69 29
128 26
6 24
129 21
52 32
256 1
122 24
147 13
114 24
363 30
328 6
151 6
97 24
496 10
80 7
182 20
28 2
318 29
265 26
65 25
93 28
281 22
147 31
251 5
83 13
126 30
162 12
344 22
35 7
131 23
297 9
262 16
326 23
356 2
228 29
258 8
444 19
238 11
169 32
203 7
452 16
365 29
307 8
222 30
46 17
456 26
17 29
166 2
352 21
135 3
145 29
103 9
135 8
31 31
179 1
258 18
264 10
94 10
181 31
411 30
371 26
419 7
287 32
284 10
309 11
68 5
163 22
245 21
213 31
155 3
359 24
224 14
385 1
192 17
336 30
494 14
172 5
297 14
200 28
447 24
350 2
165 12
388 9
12 20
36 19
195 6
430 10
368 11
87 11
435 10
216 9
331 31
193 11
196 16
411 2
456 12
360 4
476 27
232 23
198 19
357 4
13 19
162 12
305 24
142 23
373 29
19 23
96 11
386 7
159 8
137 2
259 12
85 10
94 16
277 19
83 9
387 27
123 4
178 23
147 27
370 27
27 12
425 18
303 18
265 17
309 1
426 12
396 22
5 17
325 21
483 7
266 25
205 24
268 6
167 22
52 28
136 23
127 1
200 29
222 32
241 11
216 30
450 11
175 10
303 24
87 30
110 28
358 31
91 18
196 1
243 4
144 23
178 3
291 1
51 8

