256
125 23
274 20
77 21
266 28
248 9
190 15
162 25
31 27
185 3
482 25
217 7
367 2
46 21
385 3
164 9
132 12
103 22
175 12
490 21
287 25
1 13
271 18
289 1
477 1
87 2
57 28
340 4
497 6
96 13
224 31
406 7
102 20
112 9
39 6
217 6
190 25
154 5
435 22
465 23
119 8
424 15
355 32
302 31
1 9
83 12
359 32
282 17
348 14
89 18
199 21
415 16
77 8
404 23
214 25
125 20
420 5
210 2
164 20
328 8
260 10
91 3
102 4
283 29
469 11
38 3
27 5
259 11
372 6
466 9
382 14
120 29
342 30
278 21
193 29
372 12
219 14
126 16
186 32
120 2
130 25
173 8
461 23
111 9
296 20
269 26
221 13
330 19
70 20
419 26
64 3
269 22
104 19
101 1
302 16
295 28
229 7
291 5
453 21
373 24
180 30
425 9
234 7
315 19
362 1
268 9
227 16
59 19
282 3
471 20
83 21
219 27
287 17
203 23
262 12
339 13
421 31
397 18
369 15
160 30
148 15
359 18
166 5
56 32
279 23
235 25
495 1
375 6
313 18
372 22
5 10
71 5
325 23
282 13
30 25
275 21
219 17
254 4
49 10
183 27
188 21
40 10
221 6
315 6
343 11
163 19
248 29
327 28
52 12
265 25
400 19
313 10
171 18
354 23
375 16
249 26
305 4
96 25
406 18
114 32
300 25
299 16
361 9
119 8
85 19
196 24
273 12
454 7
74 15
365 24
46 14
214 2
105 21
79 26
274 24
110 2
320 12
121 5
384 27
444 8
326 12
304 18
351 1
245 20
415 21
428 12
426 29
162 19
153 8
244 22
283 5
499 15
464 7
487 4
414 30
167 15
273 10
392 32
226 24
251 24
449 30
452 14
170 17
108 10
56 12
100 22
56 22
144 32
273 22
219 30
412 13
128 28
355 11
11 32
7 14
424 15
291 27
32 5
191 28
134 2
491 13
435 22
183 27
417 31
60 23
492 3
372 7
359 26
341 25
9 19
482 16
5 17
10 29
233 20
28 2
445 30
451 12
267 17
162 8
291 21
170 10
248 1
104 22
118 32
326 19
143 20
410 19
432 12
35 24
471 6
233 20
431 7
499 22
167 4
233 5
436 26
90 15
147 29
140 20
489 18
94 15
477 8
129 8
275 16
275 17
225 23
364 24
42 2
205 20
225 9
17 29
42 6
195 28
3 15
156 31
4 21
473 4
104 13
91 14
116 9
327 17
75 2
200 28
404 20
28 8
44 8
140 29
353 15
477 15
21 8
345 28
232 25
207 24
270 9
417 1
365 3
429 15
433 24
407 8
87 26
315 6
329 19
419 13
141 27
388 29
230 8
388 29
401 22
148 6
94 25
258 14
307 23
248 31
370 6
278 25
291 21
438 31
47 32
4 7
102 7
199 27
474 26
144 14
383 11
247 12
207 25
433 30
247 20
456 28
38 2
72 24
178 18
151 28
69 2
114 11
396 4
205 21
101 28
447 11
491 21
458 9
401 14
414 27
273 2
263 26
307 10
490 24
47 8
411 12
145 20
490 16
39 26
260 19
394 6
121 28
251 18
284 7
171 10
298 31
271 24
105 13
449 10
264 28
85 22
315 25
49 28
120 31
349 11
77 10
437 13
477 11
478 9
189 28
14 18
442 28
101 18
64 10
343 11
397 11
352 11
359 8
366 10
190 26
61 22
456 5
166 8
387 31
248 31
494 1
117 19
396 25
333 3
266 31
285 6
454 12
224 12
239 21
494 24
155 10
45 18
402 14
245 28
56 9
418 5
105 10
336 5
251 28
311 4
46 20
382 3
287 25
15 18
46 4
305 28
61 22
161 26
263 5
305 15
101 14
71 22
108 10
410 26
277 32
225 31
371 6
25 18
63 15
35 12
398 11
159 30
392 19
475 3
427 11
177 4
353 3
437 16
209 18
169 17
121 5
11 4
203 16
353 9
278 23
76 16
77 26
337 1
256 4
475 2
442 19
61 6
453 29
105 1
398 29
498 31
18 32
362 12
247 22
336 13
452 7
52 12
496 8
348 11
403 14
136 25
28 17
490 21
397 19
493 27
367 6
165 16
350 26
455 20
91 14
324 26
404 27
273 19
467 17
353 13
498 9
213 30
37 3
358 5
149 6
79 3
44 23
251 17
120 13
192 30
199 4
455 14
242 28
205 32
52 29
429 9
45 17
426 29
195 23
218 7
337 32
210 8
39 28
476 6
220 27
72 2
34 26
224 28
105 16
335 32
484 7
409 17
256 14
313 10
469 14
497 1
178 26
388 4
221 31
77 28
233 12
210 23
26 13
246 26
360 12
342 7
47 2
427 10
83 4
455 19
121 3
59 30
212 26
365 16
12 10
372 17
441 9
215 26
365 24
152 16
391 13
122 21
242 13
90 28
140 17
79 32
51 1
410 15
287 30
46 18
419 9
246 28
53 8
29 5
271 8
344 2
24 10
450 1
366 20
441 5
140 11
264 22
7 1
156 5
151 2
295 5
174 24
280 27
352 21
495 30
340 19
487 16
156 21
480 17
32 12
25 11
438 24
64 1
165 4
89 23
477 27
383 14
127 27
228 18
175 7
303 10
413 14
229 20
430 9
292 9
480 24
483 10
159 18
214 7
469 14
489 25
389 24
95 27
238 14
344 32
396 26
277 12
287 2
79 8
66 2
176 29
389 2
314 8
56 15
222 8
33 11
321 5
286 7
287 19
440 10
434 8
127 26
347 10
67 18
481 4
499 1
381 12
18 6
139 21
425 32
449 17
422 29
229 11
387 19
81 22
348 14
365 30
428 16
239 2
341 24
330 19
80 6
282 25
255 16
22 31
132 10
487 25
442 3
112 8
285 32
209 16
58 26
106 21
137 20
330 9
267 27
19 2
72 25
295 11
72 8
209 23
489 24
108 22
114 19
313 15
114 25
382 31
446 11
7 26
35 9
262 9
199 29
203 3
285 5
301 28
16 21
411 28
408 2
489 6
440 13
124 5
173 17
76 23
344 22
404 26
122 18
382 1
150 12
147 2
432 15
141 27
159 15
154 15
272 6
440 3
146 7
468 23
419 11
141 18
328 28
491 30
61 13
326 26
160 32
143 8
270 24
242 16
186 24
494 22
93 17
372 15
199 31
409 14
85 17
231 9
92 10
214 25
150 3
362 13
362 13
104 15
492 22
262 9
297 28
338 9
392 22
127 3
252 27
60 29
435 14
101 23
67 10
383 12
56 32
377 13
452 12
103 15
29 24
472 13
471 21
66 31
74 12
157 30
431 16
366 17
209 30
95 20
483 21
343 18
73 23
10 32
51 24
467 3
475 6
256 2
302 5
12 4
364 32
53 22
87 26
11 11
235 13
274 29
82 29
458 22
187 11
29 21
430 3
168 16
136 7
201 2
243 16
165 26
83 5
252 29
486 22
316 20
218 5
140 3
57 29
156 20
267 13
332 8
383 31
451 23
421 8
160 15
67 28
473 6
392 24
318 29
189 9
300 14
74 31
261 14
91 8
225 1
452 9
404 3
407 30
57 12
357 16
194 28
391 2
73 10
93 2
362 5
227 21
243 24
155 3
133 13
270 6
453 30
118 20
260 20
61 24
55 22
383 25
341 17
470 17
406 19
6 31
47 28
131 9
383 5
143 24
381 21
77 29
486 10
392 17
421 32
412 28
369 14
280 5
270 13
325 23
163 7
145 22
414 7
202 21
263 9
16 27
257 8
179 14
341 6
338 13
21 5
440 26
246 27
450 15
468 19
41 6
309 25
43 26
163 25
222 9
89 25
419 29
384 25
290 16
18 7
485 2
79 4
279 28
143 25
338 6
207 14
443 3
266 6
88 4
230 10
204 30
250 14
366 2
70 3
357 3
133 13
328 19
117 31
386 15
39 23
424 1
304 30
111 9
351 30
348 32
359 23
453 9
24 22
94 9
324 26
383 32
143 14
18 23
168 31
221 2
477 24
302 24
9 4
52 24
462 11
495 8
301 20
132 4
117 25
472 1
175 22
452 25
268 18
427 15
76 19
345 5
142 18
36 30
262 28
65 23
338 12
246 7
211 14
166 7
454 22
471 24
343 7
296 14
96 30
249 7
72 13
75 25
90 7
67 19
50 11
277 7
394 7
377 20
104 23
283 25
32 1
37 22
379 32
188 30
258 32
145 13
28 15
246 9
181 28
172 22
146 4
469 28
322 9
495 29
91 9
334 10
86 6
200 16
405 3
290 2
322 18
195 13
356 20
169 21
103 16
118 20
140 6
139 29
135 30
90 13
114 15
199 15
348 22
15 24
136 12
118 25
441 8
9 28
103 25
184 9
221 26
304 28
91 11
376 13
132 17
450 13
443 16
148 18
397 26
394 28
317 3
192 1
26 24
404 4
80 12
36 24
241 7
215 3
485 11
56 24
111 9
65 26
356 32
195 28
225 20
487 29
302 10
149 31
229 24
158 16
491 13
164 7
384 26
414 4
172 25
188 31
29 32
188 24
463 2
487 23
322 9
79 11
2 15
154 18
334 11
93 9
4 8
259 11
338 24
458 5
196 9
495 16
248 26
459 6
416 25
100 17

