256
153 18
367 24
84 25
2 10
232 11
252 24
244 18
486 16
412 2
307 25
482 15
148 28
316 32
314 26
193 4
362 18
101 20
121 13
92 7
450 24
205 21
483 1
155 13
436 6
238 19
242 7
221 17
290 24
168 20
261 12
131 2
57 11
405 6
267 1
356 12
172 28
121 6
212 7
326 12
396 31
94 9
337 30
229 7
405 8
230 6
107 16
491 16
294 28
45 17
96 32
480 19
163 28
124 23
430 10
374 13
216 31
313 13
484 13
31 16
288 12
405 7
175 28
262 20
495 10
84 18
409 32
60 3
367 27
297 29
336 26
473 12
192 30
160 19
178 10
267 30
153 23
64 15
270 25
498 8
482 6
57 10
497 28
164 31
3 5
363 26
186 4
445 22
473 28
256 10
145 10
319 25
45 10
475 18
58 9
282 3
258 18
132 18
10 24
320 4
312 11
53 25
222 2
226 14
101 22
47 2
355 30
394 31
99 1
65 9
397 10
47 22
387 23
111 8
178 22
259 9
316 8
337 13
161 15
82 5
248 17
210 2
198 32
1 20
176 17
304 8
262 7
429 20
381 3
396 10
172 6
46 24
317 18
228 21
148 30
442 3
142 31
497 27
458 5
486 29
413 10
408 14
140 32
25 12
78 28
429 26
426 6
89 14
59 20
423 23
329 28
101 30
218 29
308 24
297 6
12 21
435 24
86 30
459 3
445 25
234 29
138 31
50 2
457 24
245 15
166 6
446 7
43 3
67 27
190 4
348 14
424 14
473 26
207 27
324 19
319 25
375 4
420 16
385 4
383 26
106 21
55 27
167 1
65 29
151 23
96 26
160 24
483 8
85 17
414 12
191 21
168 17
392 27
192 29
166 7
258 15
123 20
25 21
260 6
373 15
48 17
112 31
44 15
190 24
487 7
35 2
39 6
446 19
493 18
411 30
212 4
133 18
183 21
326 10
98 22
56 21
18 32
351 13
466 24
40 12
347 6
481 25
480 31
19 12
416 25
481 7
300 21
164 18
270 29
128 3
38 19
364 24
54 10
320 31
458 8
323 32
285 23
40 24
433 3
87 4
339 12
178 23
32 1
176 9
33 3
372 15
338 3
330 7
152 9
262 13
360 16
264 29
238 4
260 27
214 23
222 32
118 8
246 1
444 30
6 5
224 21
399 21
315 24
304 2
80 1
279 16
500 26
436 21
197 31
463 2
245 13
166 22
436 23
67 27
332 32
59 20
152 17
320 10
388 3
135 8
391 25
407 18
159 2
183 15
240 21
469 21
329 18
50 20
396 32
199 28
39 13
487 18
66 22
7 5
485 6
420 27
258 2
321 16
371 19
327 3
147 15
299 8
280 32
295 7
168 9
106 30
250 16
100 19
454 10
471 30
451 3
368 13
420 4
328 7
42 26
105 29
300 31
368 7
454 30
310 29
359 15
31 28
211 10
126 4
87 4
305 2
338 24
98 10
212 9
252 17
431 24
293 10
110 16
13 19
26 30
388 20
88 10
195 10
47 28
165 5
267 13
22 5
493 19
66 32
396 29
308 30
172 29
407 9
112 23
47 25
92 10
224 32
203 26
329 5
89 22
86 20
166 15
164 6
78 5
65 29
45 21
150 20
325 32
52 28
327 22
277 10
384 32
301 18
122 18
187 14
327 32
269 8
230 24
2 15
364 18
131 28
438 4
327 22
188 10
50 26
328 6
135 31
29 12
148 30
417 6
64 3
309 12
86 19
468 23
49 31
153 12
91 14
163 9
204 18
499 21
67 18
282 14
240 30
489 31
164 21
277 7
499 9
262 32
475 21
171 28
264 31
407 14
116 21
326 15
271 8
275 17
353 28
390 8
70 22
183 21
282 11
163 32
43 12
216 14
357 22
97 20
412 15
177 31
423 22
50 9
178 16
382 22
84 23
474 5
1 4
89 22
114 19
266 32
378 21
377 30
70 21
409 29
327 17
211 6
439 8
294 4
288 7
497 3
150 22
375 10
477 31
283 6
269 20
98 14
380 18
84 17
151 28
485 9
429 8
78 19
307 28
186 6
250 14
316 31
356 14
400 28
356 7
274 28
230 7
122 2
400 21
114 30
48 31
379 28
146 20
46 20
383 3
46 17
117 1
235 20
403 23
7 26
317 16
86 22
354 31
211 14
263 9
303 2
275 17
138 12
341 11
371 19
118 24
59 30
481 18
409 7
428 31
344 4
47 21
493 4
487 16
153 5
28 28
411 30
192 4
73 16
434 7
459 27
63 5
488 23
310 8
129 29
163 28
332 21
105 25
460 3
28 9
192 31
272 14
60 15
353 4
347 30
426 1
41 8
173 16
382 27
424 26
71 30
334 23
146 6
431 9
28 22
69 15
216 20
24 15
155 12
110 1
366 27
9 2
375 5
285 32
15 8
118 22
145 15
192 22
240 26
247 27
431 15
190 2
7 5
476 5
293 1
13 26
323 5
415 29
53 11
305 8
259 22
209 23
224 8
397 23
373 11
81 15
161 26
4 27
187 31
179 15
267 3
136 25
415 2
138 16
100 18
91 30
67 19
465 10
50 1
104 26
59 16
428 3
158 23
238 8
113 28
322 19
311 29
319 5
210 32
248 9
101 10
19 23
136 27
160 21
399 31
458 5
151 21
27 24
19 4
3 31
384 20
361 30
484 28
122 13
191 22
1 12
207 27
162 27
57 2
379 15
436 29
263 14
73 26
245 28
405 3
74 28
422 11
333 5
318 27
449 32
176 6
151 14
172 13
428 21
338 23
35 13
495 22
211 3
439 31
158 11
406 24
483 23
18 31
436 7
473 12
46 8
185 17
234 17
213 29
289 10
171 7
322 5
472 16
84 10
191 5
105 16
176 27
274 29
253 1
231 18
445 9
77 29
325 14
189 21
175 17
86 29
4 19
362 19
143 9
89 17
37 17
280 9
131 5
257 3
466 8
164 18
116 13
390 8
254 27
476 4
111 25
477 2
319 2
293 13
134 17
497 22
277 28
234 11
385 3
493 6
182 1
111 25
249 4
236 6
282 27
134 9
123 10
358 29
447 30
458 20
234 6
453 14
434 7
268 2
381 5
19 18
269 29
210 17
332 9
222 30
7 31
358 21
464 15
125 18
217 26
193 26
388 14
312 1
184 31
342 28
43 8
477 7
192 22
31 3
482 13
136 32
459 5
172 19
60 4
36 32
378 9
429 29
226 32
437 9
23 30
324 1
341 16
80 8
189 30
54 2
214 10
213 21
386 20
447 1
179 10
72 20
62 25
172 7
444 12
399 22
89 18
235 13
225 30
312 5
423 30
286 5
259 6
161 20
381 31
89 16
292 20
467 26
364 19
344 4
98 15
477 7
168 15
467 1
376 7
9 7
348 11
139 10
144 3
249 9
109 17
288 8
53 26
457 16
244 1
427 10
247 12
232 14
318 2
158 6
180 19
196 11
461 22
132 12
484 17
332 24
273 11
195 5
225 32
93 16
304 7
161 14
478 8
315 12
294 9
193 17
139 28
204 23
73 15
406 8
419 22
499 32
60 29
368 4
196 24
104 27
35 12
252 16
360 3
159 29
39 11
329 5
90 8
127 22
71 28
69 21
325 27
32 17
464 24
20 19
63 7
362 13
91 21
461 6
31 23
306 1
322 14
97 7
370 31
277 12
311 25
280 11
116 20
19 11
415 15
293 25
365 10
426 7
471 2
256 21
208 13
422 25
251 26
144 16
445 28
411 19
468 26
241 7
205 24
365 23
2 14
448 26
163 21
173 21
462 12
486 13
193 31
50 19
128 5
414 16
316 28
30 19
217 31
218 2
382 10
392 27
91 7
452 14
415 20
90 16
256 11
249 24
185 2
242 1
342 11
88 5
34 18
291 26
240 16
23 5
90 19
207 16
309 18
137 20
134 31
303 5
5 31
188 18
200 5
58 5
287 1
401 20
114 32
421 1
199 8
177 8
414 3
172 18
393 20
297 26
90 8
118 27
354 25
340 6
437 29
298 11
393 19
246 15
242 10
63 32
313 20
432 10
474 31
300 10
466 32
447 4
251 32
2 13
220 9
10 20
237 27
82 1
357 27
339 30
345 30
390 21
493 5
87 6
127 26
388 20
37 18
147 32
398 20
244 9
340 29
477 32
59 26
261 4
89 15
217 25
352 30
293 28
278 11
14 4
468 17
348 29
86 14
496 19
198 7
304 29
491 24
317 25
393 29
168 5
27 29
265 23
342 10
426 28
288 19
227 24
43 22
316 5
124 15
315 5
49 18
209 23
101 29
439 26
305 11
326 4
195 27
414 32
500 11
7 23
334 26
98 32
11 1
208 18
223 27
306 3
492 23
161 21
243 8
290 12
262 11
83 24
57 8
491 8
390 18
399 15
287 12
303 25
409 18
135 27
236 32
106 24
158 22
24 9
421 25
152 14
279 2
489 8
433 28
447 26
181 13
45 23
341 23
115 5
60 25
435 20
41 28
375 14
10 22
450 14
62 9
464 16
186 32
231 18
283 6
440 7
374 20
281 10
386 12
166 17
496 13
92 28
492 14
438 25
67 31
283 16
192 2
24 17
401 22
347 28
283 14
498 13
325 31
74 10
26 4

