256
263 1
491 4
124 10
405 27
415 15
332 16
384 20
213 25
213 12
190 5
350 2
180 26
309 23
230 24
72 3
311 27
91 2
118 11
43 2
489 17
420 16
188 24
108 5
132 16
368 21
60 1
266 28
167 2
98 28
253 1
434 16
355 32
69 24
90 27
198 14
271 9
250 10
272 1
210 15
380 30
427 3
146 24
30 24
470 15
411 18
148 16
489 10
72 17
178 25
371 27
443 21
195 4
303 3
400 12
221 19
441 20
69 7
43 19
102 4
77 17
86 16
412 22
282 15
483 27
496 17
37 14
198 23
481 4
401 20
363 10
362 24
473 26
94 7
232 27
379 13
263 32
88 11
37 21
9 27
179 32
224 3
293 17
150 29
272 18
356 2
23 21
141 23
351 22
362 26
133 8
94 27
203 2
421 27
50 30
462 5
137 1
147 10
309 32
406 4
50 22
417 12
182 30
419 24
143 32
170 3
371 23
374 13
296 2
15 14
75 28
278 28
364 24
493 12
424 10
455 9
363 20
396 9
281 22
280 3
297 17
402 27
64 3
443 31
420 14
56 3
137 29
58 5
461 2
24 12
151 31
60 10
202 7
410 2
473 17
108 17
342 9
140 9
487 18
115 15
391 19
105 8
207 14
380 3
415 27
402 25
85 1
430 10
472 19
471 4
232 15
416 5
291 31
181 2
137 19
388 15
317 32
406 20
357 1
42 27
392 4
39 20
108 21
466 11
11 8
374 10
218 2
370 13
196 26
490 16
197 29
211 17
72 20
240 8
105 26
402 16
429 20
323 32
112 32
319 15
428 24
68 29
185 6
357 25
339 22
64 11
74 6
252 13
94 31
276 14
124 21
45 20
469 31
292 16
359 30
406 6
5 22
134 14
115 11
422 25
188 13
340 18
315 31
110 12
285 18
457 21
62 21
164 14
71 27
314 17
416 27
418 13
396 24
462 10
394 31
315 1
71 6
46 29
448 16
144 32
41 32
344 6
304 28
336 7
314 17
7 14
219 13
354 27
180 19
476 5
49 6
357 27
295 23
356 14
410 31
326 6
303 1
255 18
28 30
332 18
90 15
423 25
115 24
127 30
442 22
218 26
244 6
312 6
328 11
132 1
370 1
38 8
329 17
129 29
234 17
50 28
151 12
188 25
451 6
410 12
119 23
85 22
52 24
252 24
119 15
468 12
43 30
363 15
150 11
79 27
7 24
262 25
451 9
273 5
114 6
496 9
12 20
446 24
180 25
295 14
431 6
489 21
471 11
196 16
397 14
207 16
254 32
412 8
417 25
309 22
70 28
466 26
236 28
497 27
108 31
416 27
256 32
363 7
310 18
50 30
184 32
109 5
76 21
492 8
409 24
225 10
104 27
411 3
454 19
457 9
401 4
451 21
331 18
87 12
223 16
345 2
244 22
194 15
30 18
14 22
485 18
267 28
132 2
130 1
288 26
350 5
161 12
401 31
465 19
482 32
326 19
445 17
336 7
91 17
176 20
302 32
46 4
452 17
449 25
466 25
371 27
129 15
466 21
226 3
367 23
470 8
237 2
113 16
256 23
436 31
11 5
443 16
157 26
436 13
178 17
193 4
419 1
135 17
349 32
19 27
270 20
259 31
105 27
78 29
277 14
143 27
454 25
46 26
182 10
419 4
438 11
259 5
284 25
445 32
104 7
51 14
302 29
232 14
383 25
118 7
26 5
150 24
49 11
293 15
232 23
90 14
322 24
378 13
445 6
88 8
136 6
273 5
298 32
194 24
17 28
43 30
276 32
225 28
90 6
406 30
228 27
343 29
47 28
357 3
245 21
242 12
434 31
316 28
222 1
115 22
172 17
484 27
52 8
123 26
77 32
167 9
375 1
409 13
432 14
115 28
414 24
407 27
222 22
282 20
230 9
385 18
109 28
200 9
280 2
6 16
202 24
216 28
384 29
200 19
94 22
342 11
21 20
205 3
321 27
390 30
439 30
155 27
346 27
59 29
380 4
36 29
439 4
360 18
80 31
488 9
224 17
31 1
280 23
191 12
277 24
354 19
205 24
262 14
66 16
230 14
88 22
230 14
221 2
200 24
352 3
324 20
72 18
172 23
292 22
303 25
293 12
135 1
367 24
251 21
420 24
82 27
449 11
384 5
104 7
320 12
122 27
235 29
52 18
395 20
119 21
116 19
56 22
111 3
498 1
59 21
45 24
275 5
154 22
366 14
241 5
417 6
32 23
258 11
408 20
130 14
53 9
140 8
495 18
382 12
315 32
260 11
431 14
55 25
191 24
46 31
457 30
496 28
464 5
422 27
257 4
100 1
148 7
268 10
340 18
485 10
293 20
216 8
277 3
12 4
42 5
454 22
222 6
337 21
406 23
259 2
14 22
322 5
300 10
155 19
443 3
497 11
383 16
310 23
334 17
182 12
81 28
77 22
437 18
190 10
228 24
208 1
9 13
253 8
322 19
447 16
398 23
499 12
358 12
142 24
333 28
271 17
163 3
67 23
464 16
144 27
408 11
283 20
232 32
224 13
294 22
317 7
316 23
174 17
178 20
216 30
195 10
275 5
185 21
307 32
300 26
339 11
153 21
123 28
8 26
436 6
367 4
196 26
270 30
206 28
389 18
309 31
259 7
439 7
127 29
91 31
46 1
337 26
49 7
433 9
8 29
62 14
472 25
259 26
330 17
41 6
238 13
152 28
136 6
439 14
38 9
392 24
309 21
485 29
391 6
117 27
286 18
476 1
139 15
202 32
403 14
186 32
443 9
487 14
131 29
43 16
157 7
455 13
367 24
26 21
209 14
359 30
172 23
454 10
273 24
129 3
249 14
166 31
3 28
472 5
281 7
4 29
301 27
254 7
250 19
275 14
272 10
303 31
320 8
456 4
263 17
118 4
250 7
406 20
138 14
88 26
392 12
207 32
50 32
210 23
90 32
108 17
469 14
8 8
165 23
83 20
399 16
291 5
186 24
252 24
425 16
93 24
283 7
211 32
462 28
334 23
256 25
116 4
350 23
68 26
289 22
145 20
54 3
188 27
335 15
414 31
482 3
427 24
9 13
299 15
261 12
225 4
276 12
443 9
166 18
343 15
12 15
494 13
274 25
7 12
323 25
218 5
131 32
420 3
337 19
313 21
54 22
464 2
81 30
306 3
120 12
53 23
487 18
399 12
430 9
71 16
177 32
408 27
136 16
150 12
398 14
420 31
55 23
132 4
140 10
234 3
85 22
93 15
387 27
34 16
396 16
271 4
96 19
83 15
358 28
54 3
249 25
409 12
207 1
291 2
330 20
309 30
365 29
189 15
392 6
418 27
30 28
414 5
218 28
355 15
431 12
33 32
84 18
187 18
334 25
487 27
204 23
280 20
48 4
170 11
42 31
281 31
478 2
195 8
42 21
474 20
12 7
355 3
152 29
384 9
221 6
351 32
369 26
47 16
450 20
58 7
6 30
413 12
31 7
383 28
211 8
248 26
418 2
168 5
347 15
257 19
124 15
47 16
89 5
111 6
161 24
380 10
357 16
353 20
102 7
311 16
295 30
385 28
364 4
133 30
454 13
480 5
348 2
273 4
119 19
473 31
403 20
296 31
495 29
498 24
87 1
259 17
70 15
297 29
46 13
494 3
21 10
279 20
351 27
155 17
286 31
451 24
330 23
446 20
99 8
123 21
456 17
418 5
375 18
310 16
346 27
122 22
480 25
234 15
155 32
3 32
367 14
127 16
404 13
224 22
220 14
186 27
227 15
51 29
20 32
225 29
367 30
231 30
450 28
380 9
55 11
396 25
40 31
469 27
299 12
296 30
389 25
396 23
288 22
420 7
158 32
24 16
45 22
221 19
421 25
303 11
187 2
248 26
72 12
20 10
111 3
91 15
147 30
318 2
284 25
445 9
436 12
168 20
425 4
326 17
192 32
23 30
178 30
455 1
189 10
323 31
492 17
2 7
103 19
276 2
407 16
30 2
39 1
173 27
288 27
11 32
330 6
357 27
7 20
108 12
489 6
198 9
46 23
323 4
17 22
237 19
170 14
468 32
166 9
375 18
343 5
285 28
122 13
31 13
156 18
176 29
271 1
329 12
72 19
168 32
100 20
67 13
226 6
33 15
378 7
48 16
495 16
244 21
325 2
97 28
115 24
476 9
144 28
404 15
158 3
7 22
179 1
82 24
458 14
146 20
224 6
407 31
377 14
187 17
127 19
33 1
54 4
329 1
16 29
264 13
155 30
282 21
194 4
88 3
329 18
338 5
131 25
123 11
98 21
60 21
295 8
169 16
451 30
248 10
434 31
491 24
484 24
125 25
339 24
32 12
149 17
72 31
317 18
138 15
206 5
343 12
140 23
199 22
360 10
408 13
309 22
85 4
373 17
173 8
420 24
231 17
72 2
199 17
199 24
155 24
32 1
255 7
359 29
113 11
250 28
215 14
473 27
54 29
359 14
260 19
281 22
51 12
495 17
444 9
437 26
448 4
298 2
491 17
6 7
79 4
178 17
369 18
296 2
346 22
351 18
284 19
447 10
335 30
435 26
486 3
228 6
190 13
339 16
33 5
486 23
304 23
108 24
164 19
298 22
408 8
115 16

