256
399 1
313 12
215 8
107 12
459 17
354 19
212 5
119 26
428 2
281 26
318 17
34 18
237 12
435 20
89 10
420 3
306 20
50 17
19 24
228 17
156 10
239 23
218 9
456 22
383 29
355 16
53 9
86 5
40 24
292 13
477 19
171 11
146 29
155 1
376 22
345 28
167 20
102 13
440 2
382 6
146 16
78 10
476 23
486 12
386 6
348 14
192 6
496 30
238 18
206 22
236 14
349 6
485 2
138 29
359 19
450 32
459 23
53 26
393 23
301 26
20 28
492 19
18 31
252 3
341 13
72 24
359 8
181 27
222 15
119 12
41 25
436 3
299 20
433 28
378 1
469 5
85 28
164 30
151 7
60 11
76 24
270 14
255 30
128 8
120 31
408 13
371 31
11 5
182 11
212 28
380 21
160 8
344 23
269 10
442 4
188 17
311 21
302 26
259 5
393 30
379 20
242 25
494 25
270 4
399 29
87 14
13 30
445 1
273 25
202 18
393 30
230 23
198 31
120 4
163 17
186 6
312 11
494 22
383 27
333 6
96 23
263 8
220 8
168 8
124 18
205 28
463 26
71 32
20 2
320 27
202 5
428 22
135 29
23 18
36 3
151 15
329 9
442 12
324 30
40 16
35 12
315 29
234 29
360 29
427 31
287 16
387 22
197 18
135 15
39 10
129 25
4 9
453 13
357 17
258 8
76 24
343 10
492 24
479 16
181 5
86 11
236 17
181 25
494 19
3 4
188 24
424 19
440 28
487 20
4 9
43 11
240 14
173 20
165 27
139 25
407 16
16 18
48 4
426 1
214 17
276 17
412 31
443 7
427 1
499 6
377 21
65 9
130 5
52 7
239 30
343 29
117 2
490 13
405 24
409 26
48 17
222 15
235 12
13 9
445 15
147 21
256 31
289 5
299 24
383 1
85 10
385 2
435 10
218 16
493 26
161 8
162 19
54 25
398 11
113 10
281 15
15 28
321 27
273 15
199 11
7 7
232 11
336 31
469 21
210 21
31 22
57 24
104 18
292 6
28 17
195 21
15 13
48 12
216 16
306 26
327 9
196 14
55 8
428 7
288 25
188 10
211 24
66 22
205 17
19 5
113 10
245 32
126 8
167 29
316 4
106 18
136 22
403 31
37 11
417 24
23 32
198 17
51 3
251 32
119 1
340 20
38 28
415 32
79 29
356 26
404 18
387 12
467 10
434 3
176 14
382 22
158 27
283 4
341 13
315 16
357 6
395 23
441 21
410 4
93 17
265 16
282 8
239 8
497 4
454 4
226 4
369 31
414 31
442 27
239 5
66 24
262 12
342 11
472 3
426 16
71 10
411 21
397 26
452 1
173 6
64 14
93 29
132 6
287 14
260 6
34 9
473 27
340 10
53 19
268 18
226 30
372 1
42 12
138 14
161 22
251 16
412 27
8 15
200 7
172 32
24 13
488 8
204 28
161 12
490 28
234 16
321 25
408 11
224 9
208 16
58 10
108 1
4 11
216 3
113 11
14 28
92 10
483 31
33 19
402 18
126 7
293 7
443 16
161 3
96 8
50 22
29 17
326 20
328 5
86 12
428 24
428 7
453 10
17 5
109 14
210 10
257 23
32 19
202 32
365 30
411 7
303 23
275 8
322 18
21 32
394 28
359 5
170 23
286 6
499 10
307 16
480 7
210 3
114 12
203 14
61 9
244 27
256 11
194 9
472 14
336 25
13 30
389 10
208 11
71 14
68 2
414 7
292 3
58 1
238 12
235 22
76 2
364 19
348 18
260 8
123 3
36 8
493 29
169 20
99 32
406 26
321 31
65 8
145 10
369 15
85 23
32 8
284 20
195 4
157 22
303 3
252 10
266 24
114 27
148 12
378 13
230 26
75 6
161 11
119 9
453 3
335 29
66 23
84 4
102 20
65 4
370 17
93 32
116 19
422 19
270 19
167 3
200 9
144 12
312 22
93 12
464 19
452 2
397 23
141 2
126 30
253 32
78 18
483 21
404 24
456 1
258 6
24 21
215 11
316 2
429 20
141 24
187 21
125 15
479 30
285 21
27 21
304 8
438 18
148 9
393 3
218 18
77 13
458 23
259 5
316 23
385 4
283 31
400 7
357 3
228 29
187 30
234 10
209 23
479 1
364 3
459 9
224 11
321 25
177 11
305 24
118 21
300 16
463 19
10 32
133 26
164 11
343 13
12 28
68 14
408 3
212 30
363 3
105 31
467 9
465 24
477 10
312 28
333 31
178 15
446 3
284 25
481 30
358 1
177 9
334 20
59 30
6 21
332 26
307 27
94 27
422 2
205 29
197 29
359 11
83 24
389 18
117 25
492 22
65 8
102 7
456 8
296 13
284 3
274 14
277 7
212 14
437 12
283 5
157 5
359 19
149 27
457 13
320 20
90 12
319 31
282 22
202 21
438 1
408 7
74 20
78 21
234 22
405 12
498 9
212 9
299 12
307 31
476 22
406 25
10 13
255 19
350 28
72 4
292 31
350 9
366 23
354 19
292 30
318 6
170 14
202 32
241 16
75 17
338 16
133 7
56 32
341 30
47 32
397 23
94 10
55 16
25 28
262 12
17 32
161 30
313 30
6 5
74 28
473 19
263 30
109 7
197 17
428 23
65 4
433 14
273 12
321 13
99 31
169 32
14 9
5 10
43 26
230 20
145 3
378 32
12 30
430 28
286 9
302 30
236 31
64 24
278 8
9 16
170 29
195 3
357 12
360 11
413 26
218 26
496 3
317 27
80 30
66 14
306 7
271 17
305 22
400 14
422 12
310 3
436 12
274 13
55 17
43 28
426 21
25 5
207 13
279 23
290 20
208 15
63 14
339 31
164 6
153 1
498 10
27 25
465 8
429 12
137 28
339 2
436 27
187 6
407 5
132 16
161 31
494 19
317 28
293 16
421 29
268 18
406 18
55 27
446 15
94 18
158 12
347 25
498 25
87 12
350 26
303 22
57 24
84 5
479 24
408 19
321 3
169 26
320 15
300 13
57 25
198 7
28 17
159 9
281 29
484 6
463 14
139 15
433 2
95 23
450 6
162 14
28 14
347 27
404 27
112 24
391 5
378 23
409 29
499 30
281 19
171 15
120 30
465 5
235 15
167 24
412 4
453 27
9 12
138 12
298 29
76 24
113 1
310 22
341 13
63 22
291 21
68 30
246 1
166 17
295 29
164 3
12 13
349 17
268 18
136 29
86 31
104 15
368 2
72 28
222 22
33 12
218 21
273 28
337 11
296 3
123 19
189 6
279 2
358 22
375 18
462 1
408 6
363 15
331 18
187 20
271 27
267 16
171 7
155 3
329 22
138 23
261 10
289 7
67 18
437 30
343 14
458 19
167 12
229 25
457 11
252 3
134 10
418 20
261 29
163 1
374 28
244 26
329 20
25 16
381 29
393 8
62 10
474 29
21 26
429 17
469 1
203 10
402 4
109 26
44 19
103 18
422 18
403 19
81 11
202 9
443 14
184 17
295 9
85 11
63 1
291 7
397 13
484 11
316 12
460 16
215 30
129 12
111 11
442 19
162 31
4 28
440 11
460 2
400 24
400 22
261 6
344 25
386 11
307 2
122 7
413 20
32 17
176 19
423 29
389 16
464 32
392 7
283 23
489 30
99 20
495 7
430 14
367 11
368 2
16 13
144 28
29 11
320 32
21 7
24 2
382 23
153 1
94 11
328 6
468 6
469 26
488 18
3 10
65 30
379 8
211 18
212 11
401 15
146 25
477 5
182 11
360 27
335 25
473 2
386 13
291 22
106 18
456 13
484 4
330 6
451 20
236 14
482 20
397 7
408 17
352 6
435 7
480 6
367 4
135 28
448 14
309 22
55 24
366 26
283 11
252 6
439 23
99 28
326 15
251 21
220 14
26 26
164 25
275 18
161 6
133 12
39 29
365 17
57 2
483 15
277 10
276 11
424 7
486 9
369 8
333 20
41 23
94 8
419 12
85 11
481 5
39 3
362 23
464 22
485 30
108 5
31 24
475 6
258 20
54 18
400 10
66 16
448 19
496 15
230 16
297 15
353 15
81 22
442 4
483 30
193 14
38 7
325 16
380 2
27 25
412 30
23 25
218 2
339 5
188 8
348 9
482 8
375 7
265 28
310 7
445 11
189 26
77 25
49 29
299 12
241 14
353 23
38 22
85 16
338 8
147 14
312 13
237 7
43 18
206 28
452 27
206 12
188 23
357 29
443 31
164 7
216 16
298 17
290 22
332 31
357 22
164 13
458 1
207 20
106 20
56 9
414 21
49 2
247 25
190 29
411 5
224 2
220 1
230 25
254 17
488 18
390 3
278 8
403 16
51 20
248 10
65 17
71 17
466 9
221 15
358 31
359 9
256 7
453 17
291 30
397 22
167 6
281 13
337 27
132 8
43 31
345 11
244 15
423 1
84 3
68 29
125 2
21 32
208 13
68 7
30 16
128 24
101 20
492 2
443 32
177 29
354 25
295 13
140 1
158 31
63 29
15 3
354 31
418 6
211 17
412 20
300 7
435 20
447 15
189 9
402 29
225 11
90 11
56 29
87 5
303 13
141 21
187 30
55 16
407 29
440 14
4 31
357 26
342 15
68 7

