256
497 6
437 9
323 24
466 11
448 29
360 9
335 27
91 31
198 29
474 8
123 15
490 25
209 4
477 26
380 13
169 29
174 10
5 12
237 15
142 32
131 9
57 5
428 15
427 21
339 12
452 9
218 29
201 22
272 5
483 16
469 4
380 3
461 16
342 13
206 4
233 8
336 21
5 15
139 15
239 14
35 30
142 20
335 23
234 26
371 24
257 12
219 20
334 7
20 27
228 1
362 32
413 10
304 21
312 22
51 27
123 29
92 25
41 18
459 26
384 9
341 20
20 12
276 1
442 11
380 5
223 25
184 19
290 23
255 26
281 10
4 15
94 11
167 22
225 21
259 8
306 32
99 17
215 2
30 28
224 13
29 23
353 4
285 7
51 16
96 7
49 19
85 30
249 28
128 25
228 2
284 13
189 27
62 11
460 15
411 8
351 7
482 31
2 6
49 4
9 4
86 13
446 31
51 19
274 30
371 9
267 11
238 32
241 19
210 32
241 16
87 27
262 4
145 32
38 30
19 30
41 13
455 23
275 21
385 4
34 19
252 16
465 1
107 1
139 25
109 19
288 7
321 30
115 6
165 20
363 31
49 3
139 27
241 21
359 1
164 32
436 4
44 16
256 30
457 23
318 17
125 30
111 22
359 1
263 23
80 29
409 5
379 32
335 24
164 14
300 12
289 11
95 28
487 18
186 11
96 15
359 17
460 17
370 6
398 32
44 5
460 17
457 26
352 8
13 3
189 9
46 1
251 28
13 13
342 22
31 21
200 17
213 16
62 10
181 19
65 17
287 4
29 32
214 16
239 14
98 27
390 32
255 9
135 23
229 8
464 12
117 16
352 1
27 29
411 19
223 19
135 6
351 3
457 20
246 11
141 4
473 23
339 31
23 29
346 19
301 1
362 1
324 26
97 14
478 11
113 5
186 3
414 20
262 14
99 23
268 7
202 28
121 28
318 27
217 15
246 29
324 11
137 31
172 29
53 26
444 13
54 5
263 7
16 20
392 30
383 11
204 4
250 1
328 31
171 24
434 8
412 29
375 16
107 22
132 7
399 19
27 12
55 2
122 14
313 5
35 31
23 15
483 20
119 2
191 9
57 32
409 12
232 3
367 22
32 6
201 7
425 15
234 15
368 4
253 5
220 7
79 23
229 5
366 3
74 28
488 30
31 28
449 22
30 3
156 21
17 8
343 1
286 13
123 6
136 11
186 23
162 12
301 6
29 23
89 22
426 20
84 13
323 28
422 12
51 13
116 7
284 27
359 10
387 21
223 22
356 24
80 17
375 25
110 19
399 30
209 32
477 28
132 31
379 14
2 21
482 10
347 14
428 1
187 10
38 5
39 21
20 10
113 30
498 26
1 16
124 25
72 8
204 27
251 10
108 16
363 2
221 25
355 28
266 5
313 15
301 3
399 4
321 7
269 14
436 17
66 23
181 13
11 28
191 5
318 15
364 4
388 13
92 30
436 21
486 13
11 10
303 5
309 27
123 13
293 11
198 6
173 6
198 31
466 24
295 7
38 23
166 21
447 5
370 10
114 19
482 28
492 5
89 8
259 11
229 7
473 18
260 22
7 29
180 24
197 23
106 26
337 7
11 15
28 32
368 5
235 14
320 14
486 32
378 16
471 10
147 31
235 2
292 17
215 8
65 19
150 6
496 10
441 26
472 24
238 15
312 12
392 27
401 13
39 14
473 5
87 19
155 17
228 23
414 18
270 10
56 27
499 16
108 27
261 27
258 2
121 13
173 5
52 6
241 2
55 13
302 10
35 8
166 19
106 27
56 27
408 8
497 19
367 24
49 31
34 31
477 27
227 13
19 18
426 15
219 5
324 24
326 26
180 7
472 29
70 16
12 5
491 12
439 13
112 4
335 21
294 11
3 12
164 13
2 9
484 16
273 23
444 26
368 7
89 28
259 2
219 26
190 1
130 29
417 9
468 23
89 1
266 12
484 25
168 9
221 19
409 14
309 32
443 25
326 7
368 8
244 30
206 14
498 7
414 10
427 9
368 11
493 1
162 20
265 14
165 26
480 21
331 9
276 13
169 25
8 20
36 27
325 1
36 14
427 17
291 21
181 22
72 1
495 21
353 15
62 17
96 2
441 14
386 24
403 10
316 14
293 15
364 13
296 16
142 22
52 16
427 25
293 10
109 27
230 13
250 32
181 17
37 1
475 10
336 25
327 7
342 15
58 13
87 5
308 20
426 28
215 4
296 7
201 12
350 11
69 11
426 21
295 10
222 25
235 13
201 5
412 22
31 9
99 13
173 30
400 6
117 2
450 12
324 22
168 9
432 16
123 9
188 14
170 25
390 4
318 23
168 25
484 26
49 14
370 13
340 5
170 4
234 27
220 14
121 7
82 16
326 9
113 25
326 10
274 27
242 23
9 21
171 29
459 15
426 20
143 21
449 12
73 30
283 8
443 23
30 1
10 3
433 30
219 30
108 12
176 21
434 9
109 16
29 23
378 14
247 24
219 3
184 27
80 10
82 11
424 15
103 5
169 19
407 11
496 10
83 7
214 24
207 6
324 19
241 5
189 7
73 3
237 32
49 8
277 30
42 8
444 28
484 28
30 14
202 29
107 28
48 20
4 18
346 27
489 22
379 5
128 27
435 4
410 3
31 2
464 29
89 11
68 21
222 6
166 11
474 25
411 5
148 26
275 5
444 27
282 18
143 21
329 5
272 6
411 3
128 6
227 16
132 22
140 21
391 6
479 29
134 5
237 9
6 23
478 17
477 7
327 15
20 15
47 19
244 25
297 27
182 19
87 13
317 14
221 3
87 32
275 16
440 32
353 2
226 6
450 7
440 20
25 7
430 8
102 22
232 14
396 30
273 26
430 9
412 11
499 26
202 10
70 13
489 2
142 30
103 32
120 18
219 25
353 21
420 18
26 31
55 25
416 31
255 6
267 26
200 18
367 25
391 28
245 3
209 19
296 3
182 4
205 4
412 13
400 27
362 1
333 28
198 21
95 12
446 1
173 9
126 23
397 12
327 5
98 15
83 14
50 8
309 6
164 12
162 3
254 15
192 30
142 29
334 4
396 11
449 12
275 22
458 19
294 20
16 15
23 14
284 20
214 12
29 1
15 10
495 28
268 6
206 1
278 11
349 9
170 9
240 8
222 22
467 31
185 18
406 11
283 9
482 20
485 22
224 11
403 23
119 22
256 32
283 30
214 27
410 31
427 26
179 32
51 1
15 23
330 12
294 16
460 31
312 8
137 23
295 19
457 25
61 9
88 31
450 1
473 11
36 27
360 6
398 18
210 24
497 23
183 10
354 23
64 9
290 28
404 16
91 12
200 23
424 31
345 25
292 13
436 31
419 7
392 32
409 9
432 1
491 26
46 4
312 17
361 14
161 12
389 27
475 5
105 11
431 5
475 2
321 6
400 23
57 3
110 5
391 13
221 9
359 14
429 22
226 25
475 10
404 32
340 26
156 20
128 6
96 7
160 8
364 7
6 24
202 20
236 20
360 32
177 6
425 9
92 11
245 30
388 4
133 24
229 32
23 1
226 3
311 13
238 18
443 8
298 28
63 5
88 26
193 12
492 17
220 27
119 20
352 15
463 21
86 19
272 16
251 25
430 25
233 28
439 24
115 20
171 29
120 2
98 28
225 21
281 32
227 7
259 7
405 9
63 26
116 14
302 14
35 27
131 11
102 17
146 24
156 21
244 27
278 10
439 3
134 3
298 13
469 21
291 30
481 13
67 24
390 32
314 32
303 12
395 16
364 12
472 31
208 27
145 22
408 15
192 2
301 25
254 26
101 32
495 10
248 13
29 5
133 6
265 7
489 15
190 12
50 29
222 26
228 3
447 27
449 6
380 2
182 9
223 11
380 17
216 19
333 20
468 9
290 28
251 10
242 5
482 3
305 31
400 24
69 10
371 18
39 14
323 13
87 13
355 30
465 10
297 25
165 8
114 22
347 16
84 12
156 21
82 21
267 10
196 20
31 30
409 2
168 23
494 2
479 4
423 31
121 15
443 9
186 24
443 24
272 30
323 27
90 17
239 4
238 27
247 12
352 27
393 3
89 26
124 19
437 3
361 9
469 8
46 7
359 16
390 6
365 1
409 30
469 15
365 10
433 24
29 1
118 2
155 3
159 7
125 24
29 6
356 25
289 17
355 11
92 29
481 12
457 17
113 13
239 10
334 8
441 10
308 18
135 10
116 6
444 9
93 24
78 28
173 26
53 15
216 12
123 20
452 7
288 32
207 3
41 8
50 9
106 17
391 28
22 14
237 10
450 29
289 3
333 17
244 5
340 32
380 10
359 7
393 23
247 3
25 15
343 2
472 28
134 18
391 11
71 24
120 21
12 21
399 12
73 19
228 4
306 32
226 4
290 30
14 12
420 18
175 10
463 18
61 4
359 28
251 1
283 2
153 6
482 12
490 27
398 1
318 15
176 11
70 6
364 12
353 8
473 11
397 16
24 22
383 30
113 1
15 3
207 19
40 24
218 25
446 27
98 16
21 25
10 27
442 2
26 15
9 2
25 25
137 21
214 4
134 30
4 16
424 6
315 8
454 32
196 15
351 25
366 3
270 24
313 15
101 2
209 1

