256
191 6
22 16
368 11
212 28
474 22
155 3
499 12
50 19
267 31
394 23
474 13
334 17
477 13
153 32
307 8
359 17
281 25
408 32
479 12
176 25
349 10
235 23
385 32
482 20
30 15
330 3
387 24
363 16
128 32
355 15
239 21
283 19
297 31
371 16
162 14
80 10
227 2
61 11
301 10
466 31
416 8
37 18
163 20
221 2
267 15
428 25
492 15
227 16
253 29
267 22
494 6
275 32
11 31
387 8
376 8
346 31
351 6
149 13
485 17
155 11
296 30
459 3
144 14
426 24
486 17
309 20
390 12
255 29
270 29
268 18
493 9
492 19
198 32
208 7
213 14
137 16
295 20
146 23
485 3
186 10
467 27
153 9
282 16
313 15
48 8
400 16
44 16
87 29
235 2
127 31
7 20
158 25
63 31
443 7
78 29
368 20
327 13
104 28
428 32
10 7
347 10
219 22
357 25
483 7
450 21
242 8
76 19
460 14
54 15
36 19
383 4
26 1
276 2
168 11
249 5
381 8
290 7
337 6
255 15
89 24
280 18
11 11
80 31
345 21
225 12
263 23
283 13
19 30
474 18
112 14
214 25
21 4
443 18
149 30
28 21
253 3
418 20
14 10
234 6
130 30
89 5
268 32
237 10
133 30
471 5
135 16
441 32
187 27
13 28
284 16
276 13
199 22
152 32
43 17
125 28
46 21
120 1
288 16
98 17
269 4
369 24
103 17
411 6
247 7
329 3
166 16
419 8
149 14
131 3
10 11
67 11
320 30
219 19
394 20
231 26
87 23
269 9
111 7
330 18
453 14
240 3
466 2
186 2
283 17
9 12
71 3
198 26
112 32
349 13
83 15
223 9
382 23
209 12
170 31
53 10
400 16
444 9
153 22
331 31
298 15
430 32
117 31
462 16
394 6
437 16
92 3
496 25
1 9
317 22
447 1
144 18
13 11
415 1
420 5
156 5
287 9
141 3
212 30
334 5
115 14
285 22
280 12
31 9
188 19
302 26
419 29
184 3
88 6
152 7
46 3
428 28
391 16
438 18
21 15
411 15
393 11
44 12
326 18
156 10
124 18
351 23
106 14
177 21
335 28
52 28
486 7
415 9
250 20
182 2
475 16
108 31
138 19
242 16
77 30
181 8
207 27
94 28
417 23
209 27
450 12
483 16
294 13
164 7
101 17
16 3
289 23
293 26
125 10
93 13
135 1
253 21
156 18
357 4
320 1
174 26
380 20
205 29
405 32
67 1
64 10
431 16
56 3
482 8
460 18
233 19
199 9
139 14
386 23
277 2
263 14
475 2
106 3
166 2
250 32
366 17
313 4
17 8
222 10
400 17
423 4
331 13
320 10
326 5
316 10
262 23
52 32
424 25
118 22
370 3
321 27
32 30
234 20
1 3
397 20
191 23
383 22
292 2
491 29
111 30
219 12
88 30
108 12
130 13
101 15
444 21
437 3
406 6
226 23
476 18
10 26
292 1
39 11
298 13
200 8
187 14
280 30
391 31
137 32
167 9
222 26
362 22
288 15
179 17
377 2
486 15
171 10
483 10
212 16
90 27
392 32
384 11
254 18
113 6
497 19
183 30
241 12
227 8
14 13
393 31
262 26
129 9
359 27
346 23
94 7
185 1
415 25
7 4
194 19
113 27
398 23
260 18
190 11
369 28
95 17
446 5
343 6
141 13
36 30
475 9
272 20
466 10
80 20
57 21
443 22
315 12
316 7
181 14
265 21
413 7
162 2
67 16
283 23
408 6
396 31
150 24
42 23
205 29
439 14
97 17
283 32
72 14
190 24
455 22
152 3
16 17
76 7
20 10
493 28
379 17
310 29
56 11
495 8
27 29
225 23
17 23
386 8
457 27
43 31
380 11
482 12
211 5
330 27
267 14
10 29
210 15
377 5
373 12
229 31
8 1
21 21
312 11
316 28
333 27
30 21
257 27
108 31
420 17
49 14
110 14
386 28
228 3
288 20
486 12
350 21
321 7
221 4
481 5
251 21
99 24
377 3
495 8
173 18
124 26
155 22
131 8
405 3
302 16
162 23
60 8
484 8
86 20
67 30
92 9
82 22
300 27
248 18
498 25
263 26
198 1
207 24
309 31
38 18
6 16
101 9
63 20
148 4
139 26
417 31
234 18
124 2
160 12
383 14
348 22
131 21
414 21
224 30
151 6
388 32
313 24
73 11
275 24
226 17
490 14
347 19
491 3
108 11
398 7
12 17
488 30
493 17
182 16
179 4
329 30
339 9
257 11
219 31
187 32
147 20
437 30
398 12
20 26
282 13
200 13
365 27
286 1
439 27
424 25
150 5
34 32
97 10
103 32
24 13
111 23
316 12
220 5
327 19
274 12
7 29
104 27
11 1
431 2
207 10
418 24
458 16
47 27
445 1
222 1
141 24
195 12
231 10
373 25
356 14
368 26
323 27
436 1
211 14
134 21
219 28
476 5
207 3
435 3
23 24
175 16
339 25
471 18
486 11
182 29
45 14
54 3
224 9
199 3
206 5
55 13
236 3
305 10
53 15
296 7
394 15
90 20
191 17
357 9
107 15
369 19
440 27
17 3
263 24
449 25
400 28
245 27
34 21
280 2
287 15
12 8
397 30
115 4
14 32
468 8
10 16
123 9
110 15
463 13
58 16
341 1
415 9
295 8
133 30
385 31
1 16
450 9
201 32
188 26
239 23
38 12
343 28
48 16
2 31
176 16
274 32
220 24
100 11
487 4
440 7
354 20
322 7
393 3
71 8
88 5
439 29
409 5
136 4
436 2
170 16
49 15
127 32
334 23
282 4
162 18
246 28
217 32
22 1
90 8
393 29
253 7
154 29
315 17
172 30
426 2
361 2
488 28
242 22
418 11
345 11
300 3
298 1
158 8
477 3
263 9
275 27
51 24
231 25
217 23
115 26
96 3
320 7
166 29
256 15
287 21
14 3
43 31
455 24
482 3
298 21
4 24
315 26
352 6
271 24
300 9
413 19
63 12
181 9
144 21
311 15
241 16
221 31
339 19
334 20
309 15
268 32
54 23
218 21
128 12
324 23
224 29
25 30
320 1
366 16
493 29
98 29
204 14
367 26
196 16
214 20
182 21
316 4
63 13
492 6
372 4
320 11
256 4
84 7
49 14
242 25
478 19
478 21
360 16
75 31
248 28
411 29
120 6
16 27
462 24
76 9
27 28
131 26
91 26
60 3
15 22
236 16
196 17
377 8
408 19
462 31
442 24
436 29
449 27
95 14
310 23
94 12
270 8
321 16
438 5
203 8
386 14
148 1
150 28
136 29
178 14
416 27
321 23
31 2
153 14
179 3
352 5
150 21
496 19
332 13
203 22
89 16
323 12
20 32
259 24
233 20
457 24
406 9
350 4
398 30
117 25
316 20
201 14
88 8
140 12
185 22
305 9
133 4
8 20
451 26
159 31
405 15
34 26
244 3
301 1
385 14
69 32
385 21
369 9
169 12
96 17
201 20
477 5
231 12
485 26
453 3
420 17
110 14
370 9
336 6
345 16
87 2
124 20
34 28
148 18
500 15
406 8
198 26
385 25
217 5
166 9
215 9
377 24
390 2
28 6
416 9
1 26
138 4
177 31
468 8
225 7
270 18
370 24
216 26
452 16
326 1
453 5
53 17
216 31
427 28
372 26
320 24
47 13
496 32
479 27
399 27
133 29
37 14
340 24
460 3
387 5
259 31
177 11
20 5
457 2
340 12
491 3
200 13
467 31
112 25
361 19
352 25
383 32
50 2
343 13
216 29
498 6
420 26
488 11
418 25
88 29
124 6
119 7
318 13
221 30
234 29
144 25
129 30
28 27
451 14
391 2
450 24
195 5
414 22
159 15
330 26
144 18
27 10
480 17
199 29
478 28
485 29
72 14
498 11
496 24
320 14
317 1
126 31
490 23
44 20
73 2
450 16
179 12
330 10
24 16
210 9
163 31
473 30
12 30
184 19
121 31
244 13
475 5
151 4
111 31
168 32
272 5
251 18
444 8
459 12
311 1
320 1
419 25
58 10
466 5
288 11
299 27
375 2
252 2
89 26
72 28
397 31
224 8
144 16
431 10
339 6
326 14
66 8
154 4
25 28
420 12
58 11
195 28
492 6
309 16
11 28
40 24
426 11
111 9
282 13
375 20
486 28
130 24
148 7
379 20
254 2
336 7
368 6
95 23
179 31
495 9
487 18
300 20
148 30
333 22
303 15
401 28
110 10
43 13
17 13
281 18
423 32
433 26
497 27
205 15
133 23
67 19
84 23
235 3
128 3
12 30
477 1
274 26
146 12
47 26
89 7
284 7
294 4
4 10
94 16
20 22
258 14
49 13
304 15
276 24
53 7
417 1
403 14
170 17
6 32
210 18
246 21
308 11
60 23
32 21
223 11
83 12
489 19
377 28
117 8
279 17
290 8
49 21
237 10
93 14
286 14
39 15
499 22
274 26
213 13
63 19
60 25
118 16
479 22
43 11
497 30
263 11
369 11
183 25
232 3
51 29
280 5
252 18
139 5
336 7
33 26
137 8
246 22
491 28
100 2
170 8
207 32
86 3
446 16
31 29
394 1
398 2
374 5

