256
62 1
67 25
106 29
322 24
157 4
84 14
414 23
1 26
175 13
421 18
38 9
168 21
140 7
226 14
461 29
255 2
337 25
322 14
33 31
105 22
354 28
287 3
238 16
101 20
136 5
157 25
217 5
482 9
199 11
486 3
339 32
180 3
264 30
468 12
144 21
41 30
112 4
468 2
467 28
465 14
441 26
479 13
150 20
69 8
18 10
358 5
497 13
383 32
390 23
408 6
275 12
235 26
127 2
87 1
474 16
399 30
25 21
126 6
40 31
225 5
100 22
265 17
470 16
208 12
350 27
245 16
267 19
361 21
236 4
190 17
499 4
326 27
168 24
252 31
498 12
115 29
409 12
397 2
27 29
237 32
423 29
203 29
163 23
434 3
362 7
459 12
414 1
438 1
88 5
491 13
16 1
237 16
484 22
302 6
90 30
89 8
223 19
53 9
58 22
135 3
312 30
483 5
230 20
157 21
109 3
105 8
103 9
48 15
474 9
300 15
90 25
427 32
383 27
401 20
168 19
211 11
480 5
55 13
112 19
377 16
61 1
196 23
174 15
101 7
147 25
414 28
141 12
252 27
22 4
315 21
186 5
19 6
69 13
226 32
135 19
252 19
287 7
209 28
393 14
459 11
210 24
126 22
415 1
372 8
380 30
180 26
62 26
435 10
122 16
14 4
466 25
302 21
415 30
212 19
171 18
49 16
245 2
229 11
255 21
150 6
490 13
403 20
378 29
385 11
349 6
106 14
14 3
66 28
121 18
438 11
151 10
23 12
12 31
110 14
55 8
251 5
440 18
300 26
342 20
316 26
434 18
356 23
384 9
79 20
402 32
499 29
354 25
4 21
123 29
334 10
372 20
74 24
441 5
481 19
260 20
176 17
273 19
492 25
304 26
364 21
437 10
313 2
382 24
358 25
429 23
34 24
127 15
315 15
183 31
53 10
295 13
135 23
259 2
75 26
251 27
323 19
300 31
329 6
303 10
38 11
229 31
234 11
29 17
125 31
47 26
152 1
406 2
408 4
115 6
282 29
272 12
404 4
90 4
105 32
121 6
474 13
212 12
407 16
460 16
450 10
61 21
347 14
91 2
185 25
439 14
274 7
273 5
134 3
112 18
458 20
231 12
285 26
343 23
385 18
426 22
159 14
286 5
7 32
462 12
285 13
9 14
463 18
86 28
348 25
37 21
280 3
440 12
412 22
459 4
287 8
481 2
74 2
450 16
346 12
123 26
16 20
39 10
117 24
277 24
320 17
472 27
283 12
367 14
45 9
193 8
60 9
277 5
494 14
65 11
193 15
172 16
170 10
37 6
333 29
453 16
329 9
455 31
336 17
360 20
349 28
415 8
428 3
245 14
121 1
464 9
347 28
373 17
197 17
6 6
74 19
385 26
235 31
69 14
215 4
153 7
332 28
323 3
110 27
384 14
227 8
247 9
187 15
293 7
231 15
264 12
109 1
410 27
43 30
264 14
257 8
172 32
335 2
403 1
412 18
378 22
337 4
415 27
446 23
258 17
357 13
332 5
373 1
11 12
422 6
25 31
394 12
470 16
42 32
228 9
362 30
295 10
433 29
73 19
119 6
259 24
54 30
144 31
387 27
46 28
484 2
338 13
469 24
161 26
383 12
167 8
345 1
294 10
373 22
212 15
251 30
318 12
263 2
82 25
172 19
457 27
48 14
236 1
305 4
230 28
135 28
283 24
60 20
461 24
497 28
127 3
493 12
403 19
461 24
404 8
463 32
491 30
357 10
230 18
325 24
53 27
207 15
290 15
115 18
402 11
273 12
62 5
324 28
372 4
299 3
268 29
338 14
475 14
187 24
59 3
15 11
321 2
150 15
192 28
64 21
430 13
473 19
305 24
454 8
283 1
302 6
365 11
11 23
37 9
247 23
59 29
410 8
334 27
342 13
378 21
322 27
445 2
298 18
293 27
425 19
207 3
329 24
69 11
114 5
388 28
404 30
473 29
177 22
427 26
35 12
127 4
110 15
149 19
172 29
362 25
367 8
379 7
343 7
386 13
404 5
316 7
422 32
175 7
446 25
172 24
404 14
187 9
73 31
124 28
127 9
44 9
404 14
40 15
221 1
203 32
253 2
486 6
10 8
476 23
112 12
138 3
297 8
231 21
10 6
317 32
338 4
480 30
486 23
340 6
499 6
33 27
263 10
425 8
177 12
430 16
399 11
154 16
390 28
120 23
90 20
386 15
148 30
20 9
88 23
190 11
252 18
337 3
239 5
138 11
217 8
406 7
486 11
14 4
146 26
478 7
421 16
14 4
433 1
404 32
96 25
458 19
166 15
65 4
111 31
22 3
122 7
294 23
189 31
186 23
144 20
421 5
231 18
336 15
23 20
34 10
36 24
168 22
342 17
457 24
435 7
131 20
257 4
218 30
434 4
132 26
419 16
346 25
42 5
163 20
124 20
33 4
391 24
361 16
432 17
388 22
147 2
477 4
293 19
53 6
450 20
155 12
439 28
220 4
33 10
395 24
281 19
315 8
479 19
107 18
196 30
480 26
363 16
301 3
2 29
381 23
388 7
22 19
387 5
10 3
474 13
426 11
35 21
130 9
119 8
127 10
434 2
212 4
117 32
451 19
217 15
421 12
69 11
134 23
35 20
225 29
252 19
319 30
243 24
3 13
387 1
379 4
290 26
468 18
453 14
228 21
452 13
125 16
295 30
327 5
253 31
41 16
201 7
494 23
10 20
8 29
180 26
420 21
179 7
78 11
8 10
152 15
306 32
331 12
237 5
280 14
59 17
49 20
235 10
406 21
241 13
493 16
150 16
92 24
3 10
163 10
327 2
321 8
293 23
83 29
159 2
74 29
238 7
32 9
16 26
69 13
202 13
28 12
176 32
235 18
141 5
40 27
62 20
302 6
362 20
439 4
449 12
292 7
134 16
11 2
113 11
258 14
343 9
221 18
108 28
400 16
352 31
418 6
2 11
471 27
454 13
86 19
273 29
293 10
52 7
407 20
85 24
182 7
301 26
148 8
357 27
8 21
189 1
326 10
496 4
404 9
57 1
203 9
70 19
86 9
149 29
489 9
8 30
363 20
71 7
420 12
261 19
488 26
55 25
343 30
460 7
203 12
291 1
48 4
252 6
185 12
478 9
337 21
342 3
349 28
413 4
43 10
398 6
179 8
194 5
206 26
471 12
373 18
164 25
473 31
54 1
371 31
329 31
219 14
109 27
286 10
186 16
251 19
210 21
239 19
301 32
260 4
203 17
237 22
53 9
485 6
218 31
192 18
413 22
420 29
181 9
246 14
384 24
153 13
128 27
348 5
186 11
404 4
239 28
105 3
200 13
452 13
295 11
315 7
405 30
432 17
290 9
154 29
377 30
118 12
196 9
284 17
275 23
120 14
30 13
8 22
313 24
498 4
454 32
166 2
397 13
146 2
126 16
63 22
457 8
357 5
200 17
385 2
179 9
339 25
81 31
290 13
10 15
204 23
451 26
25 11
170 10
237 27
173 11
500 6
34 17
134 1
349 30
206 7
226 17
439 26
243 12
403 4
367 22
418 9
31 18
367 21
316 31
347 20
457 31
321 26
55 2
222 15
176 28
133 5
176 20
411 26
151 5
373 25
474 22
389 9
84 20
57 3
62 11
442 27
453 15
360 23
68 14
261 15
213 26
348 20
317 18
157 11
126 9
40 15
318 4
455 5
183 19
355 9
266 29
467 6
411 22
77 26
259 1
73 11
434 28
358 6
381 10
273 2
394 20
104 16
239 7
316 14
421 27
370 22
171 24
256 1
161 24
410 16
372 2
242 18
105 24
259 9
317 7
490 19
342 26
274 17
4 21
354 24
463 19
462 5
410 9
417 22
400 31
193 23
12 31
428 29
90 31
101 22
69 15
468 31
388 9
343 7
182 12
18 12
122 11
481 7
47 21
304 18
75 1
217 19
487 16
203 20
34 19
333 19
449 17
217 8
41 31
430 22
458 12
70 7
278 18
313 9
298 8
270 25
168 2
459 6
334 25
229 31
19 2
321 12
214 1
155 10
447 1
180 8
32 1
186 1
150 26
133 23
318 3
319 9
92 25
491 21
141 7
144 28
484 4
479 25
353 25
303 3
69 2
407 4
230 24
261 19
442 13
177 19
499 24
447 19
476 9
219 1
8 26
480 23
30 2
40 2
294 18
384 19
175 14
314 20
234 26
486 23
171 14
137 21
9 3
315 21
372 14
453 27
247 16
73 4
93 32
9 10
305 9
248 3
34 18
234 27
339 27
145 17
381 25
234 13
68 12
225 7
433 21
21 32
312 17
307 20
205 8
290 1
412 25
340 5
302 25
416 21
144 16
353 28
45 10
116 4
134 9
254 14
73 10
97 1
366 16
140 10
275 17
283 6
22 14
334 19
46 9
315 25
13 12
416 1
105 28
372 10
428 13
8 32
250 4
88 15
211 20
37 9
360 3
22 13
292 24
408 21
456 6
82 24
93 1
228 6
232 27
287 31
427 6
363 28
102 30
143 28
29 3
297 21
201 18
473 20
25 32
384 9
454 21
152 22
314 24
95 17
182 10
408 25
379 14
136 24
71 30
292 28
160 24

