256
316 26
306 21
377 22
171 4
265 16
107 24
179 3
261 22
93 16
375 26
412 26
341 23
391 4
218 25
465 2
461 25
351 31
237 7
176 27
10 16
2 25
323 24
311 19
462 16
70 24
425 29
129 29
35 15
333 20
463 17
61 28
429 16
394 21
138 13
276 32
360 25
320 2
309 18
116 30
237 21
309 9
18 5
278 4
160 6
8 26
110 12
249 31
479 14
407 17
62 2
468 21
311 7
454 11
268 9
92 25
106 28
369 15
40 6
378 19
459 9
25 1
157 1
459 15
119 17
103 8
399 14
305 13
60 18
179 12
31 30
184 24
373 4
462 24
402 23
315 20
280 23
428 20
463 18
70 5
103 1
113 21
298 9
61 2
26 23
185 20
212 16
395 12
475 16
347 28
251 13
236 6
203 3
465 26
401 26
98 23
410 10
207 8
330 11
417 12
357 21
115 20
172 10
3 22
69 1
22 31
214 1
200 16
123 28
433 23
50 7
229 15
444 23
18 2
53 30
481 1
386 11
328 21
308 18
407 13
383 28
399 32
388 15
11 30
262 24
237 31
326 1
122 13
104 3
394 24
277 26
417 18
25 12
275 24
278 17
412 16
312 15
255 7
261 29
412 6
412 24
185 17
317 18
210 16
500 11
427 20
33 31
142 9
291 12
92 8
448 4
79 7
166 5
309 14
301 16
299 21
72 23
5 32
344 2
307 28
373 21
323 17
428 20
313 30
231 24
489 26
259 27
288 12
251 12
201 31
372 12
319 3
334 24
182 10
389 16
225 5
424 19
17 23
363 13
272 5
437 24
475 31
178 30
471 16
414 3
183 5
170 1
79 16
176 8
385 17
99 29
177 26
7 10
77 21
226 4
166 26
460 24
209 13
457 3
269 30
349 11
154 19
303 8
226 3
343 26
247 5
70 7
167 4
468 15
149 6
442 18
207 13
9 23
242 29
93 22
335 30
312 28
312 10
424 17
296 18
498 30
411 31
317 21
346 20
23 26
181 20
363 24
69 19
154 26
336 7
171 10
40 14
361 19
299 8
91 3
254 12
340 16
6 4
296 11
144 6
401 16
133 15
63 25
486 21
214 17
167 32
194 30
217 30
260 4
42 18
166 31
289 5
14 6
365 17
200 32
478 20
183 14
215 22
163 4
166 24
372 4
112 13
241 4
322 16
399 15
201 12
361 29
421 26
486 25
34 17
292 31
137 6
473 7
275 19
50 4
214 29
475 1
189 7
357 18
66 11
225 22
319 13
310 7
163 19
23 16
332 22
411 8
343 27
170 22
221 23
409 22
343 32
259 27
450 27
392 28
369 12
337 27
53 3
277 31
293 31
114 24
168 28
443 15
258 12
480 2
182 28
412 20
475 14
406 1
136 26
144 12
265 12
247 29
478 7
235 3
26 9
394 25
224 25
55 26
300 10
311 6
274 18
357 32
243 7
24 6
412 27
438 4
351 24
197 20
58 27
98 3
483 16
480 7
32 2
392 11
272 26
312 17
276 9
496 10
283 16
452 14
390 1
73 16
276 17
420 21
404 25
120 14
212 19
148 15
336 19
426 31
445 9
3 24
109 31
441 31
370 16
288 23
484 29
351 7
481 10
296 24
138 19
326 10
217 25
296 24
364 17
159 24
162 5
379 10
363 15
13 16
415 20
343 14
12 13
361 29
166 16
80 23
274 25
208 6
230 24
393 29
76 19
104 1
416 2
359 26
4 19
362 14
374 16
20 22
100 16
230 17
239 5
123 32
418 7
353 15
334 1
443 5
148 30
498 11
379 16
192 14
430 13
152 7
108 23
188 23
106 13
27 4
282 14
59 15
332 7
197 17
7 7
277 26
36 26
68 2
333 8
147 10
164 10
417 16
172 12
182 5
77 13
472 10
210 10
56 13
292 20
409 23
94 17
304 29
311 20
394 19
335 12
109 14
190 13
473 21
332 3
138 16
67 1
117 8
491 16
168 26
127 16
80 28
112 32
52 10
459 21
269 13
337 25
142 22
253 23
238 28
121 3
196 7
188 4
314 14
336 1
311 22
260 23
386 15
478 9
145 8
86 21
80 30
141 13
299 17
39 28
180 27
115 23
197 2
39 14
183 14
194 21
391 29
87 20
176 32
417 4
351 26
84 26
275 4
207 9
468 9
164 31
256 2
226 4
283 16
166 17
193 31
310 31
16 16
211 7
312 15
362 22
480 1
296 30
20 22
382 23
98 9
337 1
175 10
9 13
381 22
126 21
384 3
8 15
182 6
441 1
196 30
359 27
98 6
132 1
359 29
455 24
57 12
161 15
409 29
392 14
194 25
214 5
303 21
180 12
290 8
181 13
274 3
363 3
396 30
340 2
358 26
61 31
437 17
349 26
93 8
487 30
108 8
419 26
125 22
450 22
421 18
251 2
372 9
417 27
459 8
224 32
401 20
82 6
61 11
35 17
22 5
143 18
424 17
95 8
362 16
462 2
377 32
476 20
28 8
218 14
351 9
302 15
77 11
440 1
165 18
141 7
346 31
372 2
47 2
169 20
214 6
42 18
45 25
190 13
112 19
410 14
200 7
64 24
298 16
116 6
181 8
352 23
243 3
148 21
393 32
401 22
150 30
47 10
310 12
470 21
347 16
86 26
442 29
173 7
356 8
53 13
395 24
415 21
331 26
482 31
81 18
180 30
175 26
128 4
166 29
108 4
476 25
409 2
45 13
360 1
220 20
289 2
20 15
307 6
468 32
424 32
21 23
482 31
384 5
178 21
57 25
60 13
181 20
154 5
400 21
477 19
277 17
289 20
23 11
497 6
86 28
242 26
78 3
300 1
35 25
10 7
465 13
327 1
241 32
369 32
197 10
315 29
166 7
120 25
401 8
30 26
239 3
91 20
197 10
128 11
218 9
26 18
262 4
178 22
36 22
345 24
95 7
56 25
113 3
301 29
142 14
350 12
453 8
47 21
181 18
84 18
15 17
283 16
164 20
129 23
358 25
430 8
132 1
416 12
11 16
461 12
398 30
383 14
102 21
54 22
307 1
384 1
449 10
448 5
330 20
163 7
400 9
342 11
429 14
127 12
177 31
443 26
248 14
479 1
458 9
335 8
21 30
288 26
87 23
434 4
14 24
306 22
392 24
296 9
461 22
112 1
360 10
415 16
83 1
160 25
425 6
8 18
415 8
119 10
234 8
121 8
351 23
13 31
130 28
415 18
82 26
78 5
135 12
104 26
385 4
462 21
109 17
458 12
320 16
229 22
331 1
5 22
479 25
276 4
324 26
197 5
271 7
50 21
118 29
326 30
268 31
163 9
460 24
104 7
48 8
184 30
32 24
411 31
56 6
470 4
431 23
488 17
145 17
458 14
394 19
116 13
274 30
389 1
249 8
363 28
27 3
378 23
86 12
273 10
178 22
373 16
112 20
161 8
101 6
222 18
456 1
154 9
318 19
313 18
238 16
66 9
74 7
175 11
82 19
152 3
392 32
71 20
236 19
463 24
404 16
181 15
224 6
88 13
80 32
459 18
427 12
434 32
318 24
11 3
258 30
214 17
38 24
4 17
218 31
312 1
354 16
331 30
177 6
470 13
22 8
426 20
303 23
300 4
170 30
75 23
323 12
75 24
423 11
188 12
249 15
464 22
342 26
31 19
416 29
127 5
280 28
236 23
262 11
406 31
196 32
209 3
267 27
434 13
213 2
32 13
472 3
415 14
493 21
184 28
149 30
196 21
213 23
363 10
170 4
256 9
100 28
439 14
98 5
259 27
494 18
475 21
489 9
130 17
390 1
240 14
474 11
318 22
69 12
363 2
300 6
307 19
285 21
468 23
117 26
397 30
72 23
427 32
464 20
392 29
73 27
390 18
417 12
84 5
239 6
75 6
416 17
492 12
477 24
286 30
389 18
55 28
405 13
371 8
241 10
72 21
244 13
210 8
372 13
497 15
443 19
204 30
155 12
261 7
7 11
224 19
228 31
59 4
315 9
203 11
395 14
71 22
291 5
354 18
425 10
476 3
124 20
428 30
79 9
408 1
235 8
183 14
466 1
298 16
226 28
187 28
126 25
313 4
389 14
281 14
367 21
384 18
140 16
119 6
500 19
154 10
362 24
399 31
133 8
458 2
196 8
181 13
253 13
440 29
159 4
158 17
328 26
367 31
57 17
36 32
215 9
493 28
81 31
254 25
87 8
422 10
207 22
158 15
446 5
304 28
20 21
481 32
206 15
18 22
35 2
169 2
446 29
177 10
404 23
442 2
346 27
327 12
316 32
363 18
284 6
217 11
478 25
206 8
395 8
297 6
481 18
383 18
182 3
156 9
193 29
278 22
312 20
442 7
291 28
240 22
469 5
81 26
5 10
333 4
213 30
33 25
151 15
471 28
325 6
269 10
74 14
259 25
2 32
364 20
3 23
218 27
411 10
121 24
287 21
167 4
138 3
44 32
317 6
120 1
491 32
362 13
285 9
301 14
320 4
430 3
119 11
497 21
148 17
296 6
126 6
285 23
364 5
403 24
194 18
173 21
261 2
453 29
6 5
35 18
269 12
352 3
462 16
267 9
21 3
246 6
376 23
260 16
415 18
271 4
35 31

