32
479 9
173 19
207 17
372 5
386 24
284 8
363 20
213 13
13 24
302 20
425 31
164 11
110 32
267 11
229 30
310 23
227 14
146 17
262 25
177 23
25 16
195 7
420 19
188 4
382 29
327 31
191 18
85 25
189 27
227 29
77 20
328 31
221 29
87 31
341 3
185 5
426 19
104 21
286 31
480 15
335 15
325 21
148 21
177 17
464 15
457 8
142 32
46 3
460 20
401 17
450 21
369 7
316 32
72 13
466 19
471 24
209 8
29 1
408 25
397 11
312 29
466 9
341 23
19 24
198 11
304 31
356 29
22 7
496 1
123 26
495 13
465 20
92 29
412 16
50 4
74 29
364 12
17 28
254 16
208 12
306 27
98 25
35 15
183 19
415 17
196 2
102 28
113 17
357 8
44 14
35 26
470 10
361 14
158 6
373 25
65 23
79 27
339 10
485 14
348 24
30 7
161 27
54 13
324 26
352 11
167 30
188 16
487 8
474 12
162 26
64 30
376 23
92 31
108 1
440 27
180 9
497 16
100 2
316 15
164 15
493 2
404 29
318 18
228 15
238 17
340 1
319 24
295 6

