32
367 6
286 9
318 22
244 23
278 25
379 10
36 9
413 32
318 13
103 18
248 10
274 12
349 24
349 6
332 23
247 30
281 29
426 22
474 10
372 23
202 31
396 17
159 17
176 16
381 2
217 4
219 14
343 23
273 32
441 4
74 7
5 18
423 7
452 21
452 19
147 17
425 11
93 23
407 16
262 23
398 6
415 28
319 9
35 23
152 15
46 30
365 27
79 24
333 22
36 16
57 22
492 25
280 32
268 26
55 21
473 32
7 11
420 13
347 14
268 27
280 29
224 16
67 6
283 23
388 18
238 4
204 5
276 7
164 11
21 19
424 17
22 26
231 13
458 13
98 9
427 21
242 30
373 28
8 11
411 31
177 24
42 4
377 29
214 32
64 10
110 7
78 4
268 20
276 5
89 10
154 7
102 19
221 2
54 8
185 32
326 9
464 7
92 20
35 21
83 10
391 5
436 24
28 15
480 23
280 12
28 1
286 30
179 22
159 32
437 11
48 2
203 23
128 30
54 11
303 28
112 17
180 4
364 7
102 19
362 5
114 29
17 16
74 23
109 25
279 2
75 22
307 22
40 11

