32
478 23
272 13
385 29
410 16
27 30
385 6
382 16
195 14
49 17
190 16
413 19
118 14
53 28
140 21
156 7
153 10
13 20
442 17
88 24
156 3
85 24
392 14
312 2
187 32
311 24
52 11
482 5
152 18
180 11
402 4
269 26
321 14
329 2
382 29
465 30
235 14
281 6
219 28
416 22
304 26
485 11
152 23
227 27
352 15
93 14
94 22
11 30
199 20
27 32
460 24
321 14
393 18
23 31
45 26
220 8
15 1
406 22
23 1
320 30
39 21
331 32
330 18
397 12
385 27
311 20
266 8
241 22
85 19
473 5
53 8
33 31
248 30
437 30
70 4
496 12
20 6
443 1
19 7
228 27
466 23
450 19
22 14
241 22
157 29
438 13
404 6
479 12
260 31
421 1
171 4
493 26
94 23
243 32
478 6
219 31
212 8
25 25
210 25
190 22
477 8
278 25
301 12
236 16
171 12
93 13
276 29
86 25
371 32
332 16
150 18
494 1
70 31
446 15
487 7
348 12
466 5
48 27
232 7
178 26
142 26
446 1
206 12
137 9
211 17
128 16
222 6
425 27
196 10

