32
75 26
176 25
266 1
133 24
79 30
100 5
284 15
98 23
237 28
64 22
105 19
160 20
348 19
361 4
333 4
172 3
213 23
243 6
31 28
413 5
381 8
485 8
358 2
22 2
449 9
204 5
55 3
353 19
241 5
266 10
408 5
184 4
135 7
302 17
154 6
125 26
282 29
49 3
394 30
233 26
358 28
98 32
150 22
166 18
14 7
167 1
219 7
245 5
277 14
369 14
315 9
167 32
453 7
235 2
284 7
39 9
106 25
404 31
142 26
348 8
500 11
280 11
365 12
423 29
273 4
274 12
136 16
35 17
154 13
138 25
439 13
281 20
369 8
2 18
105 2
17 1
364 1
27 28
24 25
220 5
444 1
88 8
136 26
20 5
243 9
281 25
37 29
77 25
96 30
415 5
279 3
9 10
431 15
369 15
335 28
307 3
136 2
210 11
367 1
263 1
89 11
494 30
455 6
30 11
351 32
455 2
79 19
271 5
349 16
167 7
283 5
313 7
366 18
41 1
454 32
45 27
198 26
20 17
311 13
407 2
197 9
143 15
175 13
135 27
256 6
57 7
274 10
309 16

