32
147 29
180 9
3 28
53 21
99 16
261 30
102 7
222 6
47 1
474 13
141 3
481 13
96 7
457 6
414 23
22 12
367 2
444 2
153 20
422 19
224 10
440 25
28 1
86 6
125 19
430 29
85 3
121 17
169 2
278 18
284 31
346 10
352 17
223 28
489 32
106 8
382 29
388 25
57 29
187 29
235 16
149 4
378 2
204 26
347 9
184 26
131 9
335 7
169 14
190 29
405 16
72 22
192 3
47 9
135 13
281 14
200 30
245 14
199 4
179 1
280 18
230 18
390 28
96 19
473 26
419 22
433 19
163 20
153 25
224 20
145 1
361 1
286 17
126 28
404 20
84 31
18 21
296 31
376 8
169 25
29 32
226 9
282 24
288 6
301 24
73 21
368 25
493 21
241 2
192 28
274 11
30 27
87 10
49 14
421 10
162 17
9 19
113 26
479 20
223 27
263 24
427 2
432 4
486 25
389 5
168 26
303 14
156 13
227 13
203 7
126 32
299 30
455 15
275 29
162 21
415 13
496 5
406 28
464 4
100 13
272 7
218 23
168 26
315 10
282 29
244 27
85 6
244 15

