32
23 24
133 1
106 9
12 26
325 17
154 18
224 19
302 30
43 20
344 26
23 11
285 10
176 19
12 27
193 5
310 12
420 26
264 21
414 20
226 30
468 3
160 3
237 13
152 12
48 19
77 6
225 9
115 1
339 18
155 15
226 21
98 17
258 6
21 16
489 19
113 28
329 28
498 10
436 29
197 7
143 25
404 12
337 26
120 27
496 6
57 1
238 3
70 8
220 22
371 32
188 3
15 29
311 24
434 6
160 26
81 2
254 24
373 18
354 24
116 29
118 20
273 23
30 14
54 29
136 20
308 11
463 22
43 21
37 12
18 32
309 6
202 22
286 14
3 15
418 18
191 3
494 7
241 27
9 23
124 24
422 19
170 32
457 9
8 21
392 14
41 25
327 22
114 16
167 21
102 8
438 8
470 11
107 3
306 3
209 29
462 2
211 27
218 23
47 21
12 23
454 32
343 21
145 28
244 23
276 2
247 22
137 8
144 23
130 5
61 2
229 18
24 16
357 5
310 15
169 17
45 27
76 19
255 4
47 18
383 30
195 25
387 28
48 19
278 10
183 11
219 24
212 14
407 8

