32
426 10
355 11
285 18
223 23
144 17
54 9
81 31
275 3
324 3
275 24
411 19
153 28
336 23
259 12
390 22
289 15
135 19
209 23
128 11
469 31
447 31
211 4
85 1
226 12
387 1
259 9
499 28
164 7
134 3
282 31
404 2
41 22
416 5
456 23
383 25
17 10
299 27
61 19
211 18
142 29
490 1
394 5
164 9
175 13
331 28
376 2
230 24
271 17
369 3
392 11
355 28
432 17
135 32
387 17
482 32
442 3
280 19
311 27
95 17
444 6
145 19
11 10
86 30
222 6
64 1
205 26
21 4
422 19
480 12
499 21
187 16
283 11
478 30
261 29
430 12
350 26
226 8
447 8
345 29
117 4
281 29
177 25
161 6
307 4
257 14
304 28
97 14
262 31
179 10
499 25
430 28
182 19
411 21
318 8
1 7
367 13
459 8
286 3
493 16
110 30
249 29
45 26
351 30
124 21
31 18
489 28
321 31
319 15
3 8
190 3
274 1
487 17
452 20
203 20
216 25
45 32
77 9
13 31
246 16
160 13
109 32
440 13
170 22
364 16
246 17
230 11
461 1
251 24

