32
74 19
92 13
437 28
356 25
128 10
44 8
287 9
83 22
336 30
140 17
387 6
415 10
8 25
22 31
478 8
152 31
498 11
11 26
135 14
411 30
195 2
389 29
83 4
267 10
197 10
314 3
107 8
428 14
93 13
376 30
272 20
472 14
122 6
55 4
52 25
370 10
271 6
283 5
229 25
122 10
158 8
212 16
15 24
81 15
440 8
28 24
187 7
185 25
37 11
268 32
204 29
389 30
247 15
326 11
423 15
104 8
234 32
195 5
307 19
207 26
287 31
309 21
437 21
485 17
232 9
264 3
241 25
260 7
175 1
314 14
235 5
177 5
84 12
217 26
202 27
488 24
361 4
313 30
493 25
122 24
401 30
362 6
390 25
128 28
409 29
13 7
210 30
315 5
117 19
35 6
158 18
158 6
21 10
167 13
118 17
440 3
26 29
160 3
273 19
182 13
432 7
380 17
236 30
137 12
77 19
169 30
396 14
251 25
147 6
133 25
58 9
283 3
225 2
201 26
284 2
382 3
428 25
59 11
307 8
14 7
218 7
468 30
212 6
234 11
487 26
475 32
290 29
330 7

