32
1 8
444 2
181 19
345 16
102 19
307 11
500 23
497 12
135 12
122 9
91 3
306 24
270 28
117 12
290 18
251 10
330 23
279 26
45 23
154 19
13 28
485 16
271 2
444 17
317 5
409 15
392 10
203 5
30 3
217 15
253 27
461 14
365 3
443 26
214 16
260 2
260 8
294 30
77 13
286 21
5 7
152 24
112 10
261 21
24 13
312 32
295 28
209 24
362 20
421 23
451 28
357 14
127 10
91 12
90 25
96 6
423 3
46 14
452 26
379 24
134 6
455 12
313 4
291 30
167 19
453 25
94 13
31 17
162 17
424 11
349 27
48 7
118 13
9 9
102 23
248 11
428 23
367 28
218 25
117 16
220 13
204 25
81 14
385 14
207 4
344 7
179 8
30 28
188 2
68 26
276 4
376 19
370 26
146 19
103 6
174 30
183 9
338 11
111 31
357 21
30 16
223 32
295 8
207 11
141 31
272 32
294 7
322 27
93 31
101 19
81 14
368 23
2 5
377 12
427 25
132 5
137 27
16 31
310 31
265 11
201 12
218 30
387 28
8 19
358 4
25 30
233 20
200 6

