32
388 21
147 29
461 22
402 25
131 9
220 12
315 22
477 16
312 29
99 27
176 9
172 31
465 22
251 26
189 15
116 20
371 11
121 20
436 18
144 26
450 27
37 32
256 9
235 24
414 14
210 17
42 1
19 6
110 14
23 11
448 15
78 30
253 14
1 24
71 28
106 24
63 22
136 6
359 6
237 4
407 14
64 8
179 3
10 4
204 12
142 11
374 12
172 18
269 25
166 24
20 27
211 10
468 6
252 14
68 12
301 30
286 5
126 8
151 19
307 22
370 25
208 24
168 7
369 28
403 18
127 19
360 2
208 28
35 11
5 18
151 26
280 16
374 21
103 4
391 1
229 4
357 24
355 28
314 4
164 29
461 10
343 1
127 10
500 18
213 4
115 11
161 18
150 26
150 16
409 12
12 21
4 9
72 10
96 10
433 27
306 2
401 20
66 15
253 29
392 17
420 3
179 29
104 20
466 26
135 19
497 19
363 20
219 19
210 30
376 10
425 1
387 29
32 12
55 16
368 11
101 8
305 27
220 32
163 25
365 17
411 30
295 18
213 29
412 14
31 31
416 19
319 2
483 18

