32
238 29
405 16
322 28
344 23
377 20
166 16
443 11
289 5
68 1
183 32
454 20
498 14
191 8
476 21
81 32
415 6
256 12
54 5
375 17
112 12
333 1
191 31
44 7
252 27
11 2
258 32
461 7
89 3
19 24
463 15
443 22
268 18
49 9
127 7
70 18
174 30
218 12
28 29
398 31
371 24
416 16
223 21
235 4
379 5
79 14
203 18
71 6
71 3
143 25
245 8
138 27
465 28
486 32
116 24
123 15
143 30
466 6
266 20
381 9
304 3
338 10
332 24
328 23
230 30
155 2
385 25
96 9
148 2
192 11
317 6
101 7
56 23
28 21
470 20
169 2
219 18
335 10
117 26
156 2
335 15
24 27
455 31
419 26
52 11
216 24
128 29
31 19
439 10
208 28
318 4
237 20
234 8
437 30
85 29
400 24
255 3
490 17
41 21
162 1
223 13
312 14
249 22
237 27
252 8
447 29
23 19
456 32
106 12
310 27
336 29
314 18
131 3
2 31
415 11
467 21
244 23
339 32
324 3
31 11
222 17
347 20
363 22
352 29
194 17
363 9
221 8
471 11
330 28

