32
75 20
179 12
294 15
55 28
402 23
217 14
100 1
128 7
451 13
57 32
42 25
115 3
467 30
357 28
385 12
383 8
63 2
75 5
460 17
480 17
435 20
486 10
20 26
148 18
62 8
109 19
476 31
137 6
309 2
493 5
249 12
4 12
141 30
20 28
59 15
165 21
398 10
83 21
115 14
90 8
286 22
482 21
477 15
55 17
464 27
329 28
274 1
375 18
262 22
366 12
96 26
17 5
383 31
113 6
180 30
377 1
104 7
78 8
181 16
364 4
178 12
207 16
376 6
217 10
327 14
161 31
315 21
119 10
127 28
399 31
285 27
475 12
189 20
319 21
35 10
364 13
78 23
368 1
4 28
442 22
370 31
456 16
131 23
437 6
158 7
120 10
314 2
34 2
146 8
75 24
238 14
244 7
212 31
119 31
399 17
249 4
367 8
155 1
482 12
310 15
278 9
433 19
23 14
297 32
21 11
199 6
12 27
424 28
257 19
142 19
307 14
274 17
298 9
21 19
372 23
418 5
259 26
444 9
19 12
152 27
314 31
149 13
497 12
400 17
318 2
260 32
283 25
148 4

