32
363 14
396 2
204 19
146 20
259 20
165 17
53 29
396 6
221 31
337 25
115 21
60 22
176 25
413 13
371 10
401 9
147 8
455 27
410 20
182 4
439 3
232 32
267 11
349 23
217 5
28 8
377 3
229 32
300 25
365 2
338 5
106 25
412 20
39 5
363 32
489 14
270 28
497 1
51 17
227 15
381 6
302 14
341 18
309 4
374 25
13 12
289 14
400 8
382 22
373 8
361 21
249 23
284 1
19 22
441 13
305 6
499 26
431 27
488 31
182 21
116 2
424 20
15 3
308 16
464 8
344 13
244 12
455 11
41 25
65 29
421 5
154 23
474 20
461 9
27 14
174 10
391 29
101 30
124 24
153 23
291 4
263 26
292 5
265 28
245 5
164 2
49 26
436 6
105 9
335 31
242 12
476 5
308 5
390 7
336 14
222 27
242 32
12 1
405 24
68 1
456 19
166 4
400 26
378 25
350 24
339 23
71 31
75 10
391 28
13 30
210 14
204 27
421 12
187 17
343 22
178 31
336 19
154 20
296 11
444 13
242 2
88 4
96 30
394 2
330 30
64 3
195 23
341 23

