32
199 10
475 20
40 28
291 3
126 11
13 16
429 23
8 3
378 20
16 24
22 14
365 18
140 11
19 19
199 20
300 13
293 22
388 29
413 18
19 19
268 31
78 32
254 25
298 31
289 25
447 26
51 23
179 14
154 13
472 20
329 23
248 29
396 32
305 29
165 23
403 13
206 16
128 11
269 14
441 21
442 31
422 12
402 24
385 23
296 24
258 4
330 9
449 26
344 25
238 25
280 4
441 5
323 16
295 27
197 23
203 3
178 28
186 11
223 7
485 23
278 10
198 12
98 26
185 26
103 26
302 2
265 22
218 15
13 20
382 2
450 24
404 31
208 17
57 6
11 9
152 21
282 22
100 4
347 4
25 1
409 14
182 25
271 7
463 7
114 16
196 4
280 11
42 27
40 11
120 18
491 28
42 5
325 5
356 31
128 4
324 4
409 1
264 19
108 3
313 1
274 1
136 25
459 6
243 6
480 19
252 2
190 29
446 30
286 13
36 9
384 27
153 32
216 8
322 3
494 11
395 28
347 7
24 21
412 7
7 27
333 18
212 6
402 2
387 15
310 30
304 30
133 4
337 20

