32
403 1
61 15
473 24
337 20
87 20
12 5
495 4
341 8
467 2
380 32
9 6
295 27
182 6
171 30
31 1
157 5
317 13
176 13
132 32
124 15
163 19
219 10
314 3
389 32
220 16
200 9
477 2
279 26
355 25
495 10
57 23
170 25
71 1
13 7
209 4
477 19
122 7
380 12
457 12
67 13
239 10
257 16
463 23
77 18
335 32
55 8
426 8
468 25
273 5
403 9
320 19
203 30
425 23
81 1
406 19
409 29
117 1
360 7
51 20
248 6
211 18
129 9
230 12
337 2
280 31
334 24
117 4
245 9
174 29
273 28
175 22
224 11
346 3
74 13
222 9
134 9
327 30
273 20
413 17
409 25
347 30
144 31
481 4
207 27
64 15
234 14
12 13
233 26
95 10
458 4
478 23
452 12
408 28
211 28
332 19
12 26
212 3
344 17
246 30
347 5
381 32
251 16
92 11
453 26
140 14
205 5
204 9
421 23
380 15
431 16
102 6
93 17
153 1
5 14
338 11
59 10
486 5
314 21
495 2
466 2
28 11
250 19
327 22
194 22
5 28
121 6
269 14
418 9

