32
35 16
117 18
31 5
357 24
47 23
184 2
370 21
150 23
264 31
88 27
464 27
386 16
2 16
305 21
165 22
15 31
302 23
388 16
311 13
447 6
67 6
255 13
498 25
31 22
151 10
440 30
60 5
382 17
188 26
265 28
348 31
254 21
113 10
332 16
90 11
485 24
112 27
92 10
199 6
427 9
443 14
315 19
191 20
267 6
85 8
434 28
366 27
432 27
180 20
106 25
246 30
425 13
32 20
170 11
342 20
431 8
462 25
342 20
496 29
85 25
344 26
216 9
57 4
39 24
115 12
357 20
437 1
68 1
500 22
51 13
185 29
329 10
282 14
1 1
130 22
209 13
455 13
386 3
424 24
451 6
272 11
249 12
439 24
28 30
405 22
483 22
115 31
87 8
184 28
24 22
25 1
490 31
361 23
194 28
3 28
173 18
302 25
333 16
236 9
381 29
142 23
82 16
25 16
3 1
107 31
226 27
463 23
462 11
442 27
458 28
150 6
69 27
402 9
42 13
113 22
481 15
285 26
362 1
230 21
221 20
95 22
319 17
13 8
231 26
138 32
101 23
21 1
89 2

