32
343 22
344 8
438 19
212 12
71 2
383 32
289 16
38 32
363 10
32 17
166 7
430 18
350 23
349 9
152 28
478 7
333 21
446 18
67 21
169 29
330 4
180 14
359 1
194 25
190 1
337 20
219 10
169 28
197 10
16 24
117 25
46 22
17 12
423 19
500 4
423 22
347 11
3 25
319 16
482 21
125 26
216 23
436 12
467 4
253 22
183 26
179 25
23 27
72 21
130 3
388 28
456 30
154 27
143 17
358 8
185 26
145 12
29 4
135 3
415 12
328 2
461 6
30 19
53 29
279 14
227 31
233 23
104 15
345 18
415 26
73 3
36 26
350 4
149 4
58 4
75 29
365 19
243 30
369 3
198 12
328 24
18 24
310 5
2 30
71 4
356 15
218 11
64 19
306 5
255 19
480 5
451 12
364 17
441 28
191 2
83 2
117 16
134 7
73 31
432 11
403 27
489 8
381 1
391 18
117 17
252 12
325 19
291 12
99 31
124 22
424 14
363 24
306 16
318 18
131 2
372 17
388 20
356 1
412 18
306 24
242 22
475 23
464 25
106 10
51 9
407 22
287 22
366 20

