32
306 29
37 3
347 31
233 14
216 31
498 18
125 32
270 18
123 22
460 17
194 2
107 14
478 21
467 10
264 18
275 1
114 23
167 29
422 8
334 5
350 27
294 3
430 15
96 24
457 4
268 22
305 27
159 18
119 17
295 31
238 2
7 16
380 2
16 13
277 21
289 14
31 6
304 8
349 4
215 25
159 6
306 11
60 16
96 15
440 23
265 1
460 11
380 15
148 27
344 20
95 12
50 29
66 17
288 6
104 2
70 26
40 11
76 7
42 32
129 25
414 1
157 13
16 9
267 23
283 22
87 18
446 12
354 19
192 18
128 16
199 21
261 26
275 13
337 24
212 21
148 1
210 8
201 1
44 7
239 19
281 1
56 30
16 17
440 8
106 7
207 21
115 31
42 25
303 14
408 22
47 31
490 24
414 2
332 22
213 14
136 5
99 11
70 26
303 17
25 29
427 23
65 17
198 30
281 32
188 24
218 14
298 11
341 27
101 28
20 21
93 23
157 23
49 26
9 28
438 17
316 32
116 8
404 29
189 24
16 16
427 17
461 4
292 1
286 8
324 14
408 5
164 20
311 5

