32
241 2
369 19
276 1
296 9
96 20
184 1
169 20
113 22
238 6
227 19
106 17
175 14
475 4
191 15
51 5
26 27
66 26
477 13
119 28
445 14
388 4
330 12
400 22
165 1
123 16
363 8
448 29
146 18
84 16
349 30
232 18
277 25
471 5
341 5
229 26
302 16
117 31
375 20
424 27
356 15
430 6
478 10
311 11
151 2
162 27
232 13
224 24
393 23
464 10
135 28
223 13
11 31
419 5
59 31
424 6
93 9
336 2
434 14
397 13
391 6
435 14
155 19
333 23
57 1
484 3
192 2
479 7
397 26
439 19
92 10
72 4
271 3
105 4
256 17
140 31
263 23
120 9
437 17
315 17
453 31
35 12
356 2
198 32
411 29
262 18
202 10
389 24
444 25
28 28
198 11
198 32
445 5
80 9
473 6
225 5
396 12
273 4
273 2
59 7
310 21
388 4
6 12
335 9
120 22
500 13
233 29
332 1
218 19
410 22
157 2
319 28
393 11
7 25
412 2
199 10
238 22
85 19
65 7
395 5
485 31
205 29
295 29
393 28
299 6
54 7
288 12
211 20
314 1

