32
433 23
417 15
112 7
356 15
226 12
127 3
471 20
355 29
66 25
312 13
157 30
119 30
15 9
202 18
158 4
445 26
323 9
356 30
23 32
312 28
127 6
171 29
393 9
9 7
173 1
195 6
398 14
119 12
270 4
218 28
128 26
369 2
374 29
235 16
288 10
199 6
187 9
214 7
97 27
241 18
247 32
303 24
101 25
408 2
93 1
149 4
138 18
21 27
446 3
462 9
4 20
498 26
381 15
472 13
137 13
450 3
352 20
379 24
377 30
173 9
114 22
392 23
191 16
317 20
370 26
220 29
289 9
414 9
131 21
350 32
301 19
2 12
255 28
455 19
17 28
451 22
449 6
232 23
105 28
478 6
177 5
198 2
265 23
338 3
199 31
14 12
338 4
151 24
247 26
426 24
85 4
97 5
69 25
375 29
80 4
498 9
252 3
426 20
157 19
114 3
154 24
354 3
347 5
286 25
314 3
60 18
438 29
134 14
189 16
382 8
63 11
376 26
425 25
181 5
268 2
435 29
273 21
263 19
349 24
416 22
462 27
263 31
483 28
256 11
255 21
291 29
367 2
482 11

