32
25 3
470 18
309 2
229 18
187 21
370 7
416 32
358 24
47 27
346 10
324 32
176 4
209 14
183 9
407 17
449 23
499 22
496 31
127 9
312 30
345 2
488 4
201 5
219 11
255 29
213 7
376 16
210 12
169 28
148 7
361 4
5 31
365 5
370 15
281 13
156 9
214 15
88 15
191 7
365 18
371 13
376 30
168 1
181 24
32 28
262 8
423 27
103 23
471 4
129 11
152 17
227 30
131 30
132 18
120 4
119 6
277 26
87 12
282 11
132 21
94 1
57 4
11 3
6 25
482 31
83 21
123 21
202 13
475 29
426 22
33 32
288 17
389 30
456 18
493 31
335 14
332 3
306 26
253 11
175 10
149 21
218 23
270 16
376 28
104 1
41 12
197 12
148 25
54 24
459 18
394 17
483 21
387 16
419 23
303 1
224 3
53 29
426 30
212 29
417 24
453 10
155 29
137 31
86 30
258 32
235 11
40 14
228 2
209 14
416 23
442 23
18 2
431 19
20 31
243 24
310 11
97 24
48 22
118 29
423 11
380 2
230 11
431 21
196 11
306 3
206 15
101 27
296 11

