32
170 8
276 9
93 19
63 2
118 10
83 14
237 28
254 23
251 2
86 14
33 11
237 3
480 7
184 18
189 23
135 23
410 2
299 2
320 13
72 1
494 30
66 27
49 15
297 12
397 23
165 17
373 29
227 28
55 14
126 12
45 16
454 2
373 32
160 4
168 7
480 1
384 17
391 29
67 12
436 15
274 32
243 2
352 18
202 31
231 11
354 3
438 11
433 10
262 8
205 21
174 16
441 17
284 16
193 30
223 20
17 28
79 11
493 15
80 26
41 27
372 22
289 29
52 1
174 9
164 18
445 21
265 17
246 32
420 18
102 26
418 10
341 24
228 18
130 16
231 18
322 15
415 6
115 6
35 17
482 14
18 10
239 3
15 8
34 26
125 31
132 30
252 8
390 28
9 27
139 4
41 20
194 19
273 28
273 31
96 6
357 14
384 15
100 10
282 17
387 14
268 22
448 23
342 1
202 22
207 28
441 7
151 10
406 8
294 18
82 17
135 18
206 6
236 13
471 21
290 18
275 13
375 14
279 4
262 21
270 8
172 18
419 31
48 8
450 1
205 11
81 15
173 15
61 28

