32
275 31
496 2
375 30
226 29
200 8
239 30
196 9
468 9
438 9
307 12
166 26
35 22
292 1
331 15
97 27
36 7
77 11
60 27
136 17
99 15
389 25
364 20
489 23
408 19
452 2
78 1
164 9
275 15
393 5
209 18
63 32
64 23
478 32
441 17
112 8
299 8
228 11
436 1
197 23
495 32
261 16
117 20
240 23
230 1
199 30
474 26
33 9
104 6
364 1
122 24
288 20
327 7
434 26
83 31
457 25
130 9
205 30
140 32
340 29
428 15
158 17
4 22
142 23
51 1
3 16
184 30
443 23
157 1
124 11
359 32
20 28
148 12
438 3
167 13
359 11
371 24
199 2
409 20
185 7
401 15
482 12
181 25
446 17
153 18
427 23
1 30
350 25
169 11
139 20
120 26
486 18
69 24
68 30
228 12
288 32
142 26
63 6
46 13
10 10
430 17
60 14
234 17
282 23
400 1
294 19
474 7
360 10
314 23
371 9
382 11
372 28
280 19
345 21
295 23
374 28
143 29
5 20
193 15
334 8
411 19
462 8
405 30
277 23
452 24
463 22
10 7
209 5
121 17

