32
216 23
449 5
78 16
456 2
343 30
459 29
365 28
246 12
98 4
379 1
351 9
362 4
488 3
362 7
484 14
272 15
353 24
227 22
379 26
7 1
264 13
378 28
56 11
327 6
422 5
194 29
345 3
428 20
498 25
434 17
135 1
31 11
424 17
120 30
495 22
226 2
442 27
237 10
78 3
207 19
471 20
123 19
159 15
498 28
191 31
192 13
135 10
163 22
182 22
415 4
111 16
137 13
243 1
254 16
139 4
22 9
63 17
275 13
47 32
432 5
54 19
414 28
196 8
301 22
62 3
257 8
355 30
76 29
470 9
472 1
492 13
421 3
137 4
479 27
171 23
272 1
33 17
264 5
464 13
458 21
131 18
197 1
163 16
285 13
305 8
445 4
101 21
54 17
264 21
272 27
295 11
11 19
431 22
259 18
42 16
419 17
486 3
361 16
90 14
280 10
105 8
246 9
293 19
294 20
35 5
342 17
311 8
360 9
182 26
134 31
186 32
451 11
370 32
318 20
161 22
57 1
25 10
322 25
453 3
225 3
31 26
316 21
474 23
433 31
144 22
81 25
470 12
203 23

