32
492 6
45 19
251 10
489 17
216 17
395 14
433 7
364 26
114 1
279 4
471 17
46 8
168 14
261 18
235 22
430 6
427 30
153 6
39 29
342 15
453 32
116 30
335 16
147 8
136 17
203 18
241 24
73 13
317 9
10 32
458 31
481 25
117 29
118 3
478 19
261 6
399 13
19 25
60 25
32 11
293 11
300 10
334 20
146 7
56 19
406 26
298 10
454 14
371 15
420 32
233 1
129 19
261 8
215 8
16 11
366 9
185 13
46 22
388 7
224 27
197 1
12 10
367 5
259 17
239 7
436 20
211 20
306 19
415 17
142 27
471 11
443 15
23 20
228 22
178 32
408 18
432 4
220 10
88 18
238 27
156 9
150 30
441 19
40 23
327 9
489 29
39 19
7 9
270 15
174 31
38 14
25 13
205 12
471 24
221 16
470 21
233 31
446 21
278 2
231 20
18 28
105 29
354 27
469 20
49 3
274 22
280 2
259 32
393 25
127 10
492 9
194 32
419 15
100 24
124 31
4 26
402 28
50 7
422 26
230 31
216 12
260 11
153 22
478 26
450 1
11 22
405 32
17 15

