32
313 32
241 2
173 12
126 31
108 8
416 25
490 24
446 11
78 22
194 21
133 18
12 16
398 21
290 2
378 29
154 22
484 26
491 20
461 28
442 8
115 5
345 16
336 2
47 1
287 8
45 19
102 8
303 7
421 16
173 6
180 14
43 7
71 17
318 11
148 11
450 14
467 18
69 10
83 23
67 10
411 31
140 24
167 30
214 3
385 6
440 24
211 2
78 25
366 23
15 29
5 21
478 15
110 6
477 25
365 3
266 27
5 29
138 7
199 15
313 7
89 16
351 7
85 28
284 2
323 2
314 19
466 7
2 28
41 26
120 9
372 21
31 28
141 20
103 11
222 11
478 22
371 16
313 11
255 28
257 29
97 10
460 19
65 17
490 29
290 1
213 5
197 7
240 5
114 2
232 27
109 1
497 7
388 13
285 26
256 29
275 4
315 6
118 23
46 3
187 31
419 23
347 23
493 2
156 22
280 11
144 16
299 32
218 26
152 6
383 19
395 9
463 9
242 12
143 3
39 17
121 17
79 3
276 3
405 3
28 8
373 7
423 23
15 12
60 18
141 2
425 19
451 27
299 24

