32
380 9
274 1
235 14
241 2
495 32
378 6
500 22
195 32
238 4
465 16
219 13
362 30
177 10
270 23
368 1
258 15
169 31
83 28
117 8
217 7
147 19
336 22
304 10
345 13
233 21
37 7
342 10
452 26
299 5
113 6
222 22
468 14
400 3
349 32
226 6
331 16
12 18
221 31
196 26
60 8
78 8
83 15
345 18
289 3
459 25
365 28
122 28
125 1
86 18
241 7
391 7
386 14
236 27
420 19
376 23
63 1
278 9
76 14
30 24
469 16
468 25
371 29
368 20
461 18
321 29
116 27
475 14
464 27
460 19
345 27
66 7
343 7
403 10
317 9
485 5
272 16
321 3
392 16
490 9
141 26
257 25
372 8
258 27
294 13
421 14
107 22
397 1
181 3
219 17
83 11
485 3
7 17
349 6
492 26
454 1
499 19
241 6
146 30
408 27
270 12
280 16
166 28
176 30
179 26
398 9
301 2
467 31
38 15
408 17
356 18
365 26
276 9
427 29
158 30
63 15
366 30
154 11
222 14
80 24
75 21
12 11
210 11
33 7
349 13
479 1
154 8
262 1
4 25

