32
216 31
9 28
87 31
243 17
120 13
406 32
103 19
145 31
212 29
343 10
1 9
70 9
126 22
444 28
343 9
149 6
231 21
165 25
47 16
253 26
104 2
26 31
364 14
389 28
42 15
209 27
443 14
119 12
48 2
255 2
170 32
300 16
264 8
420 7
75 17
328 19
182 25
237 6
374 13
325 16
207 5
310 17
366 12
272 21
193 2
303 22
133 30
465 21
417 12
59 28
408 26
22 14
239 30
339 24
234 19
379 4
47 16
292 8
319 15
177 7
440 19
76 17
284 32
321 20
128 31
43 7
116 28
328 10
173 6
170 2
180 8
197 14
292 24
342 18
402 18
325 22
348 20
118 19
144 10
182 31
20 21
9 31
140 25
193 9
206 10
70 22
113 15
315 8
458 24
366 12
25 18
257 12
441 6
2 24
163 4
58 22
260 27
168 7
107 28
415 16
425 25
49 22
455 8
293 12
223 22
327 8
51 23
471 12
308 17
131 10
360 25
3 11
107 19
221 5
234 32
228 19
472 25
48 30
344 4
41 30
202 32
165 32
154 24
299 18
460 14
283 27
470 26
141 24

