32
458 15
285 27
194 30
62 1
430 14
492 16
457 6
324 15
457 30
9 8
54 30
397 12
400 1
361 28
41 12
275 26
234 19
221 16
500 6
456 26
4 4
113 20
173 16
222 5
41 22
344 14
367 21
346 22
397 30
29 18
306 7
139 3
214 31
466 9
493 2
346 24
73 11
159 13
246 12
226 7
461 29
84 19
365 13
149 6
487 25
51 20
332 1
182 25
400 8
109 4
125 3
443 13
265 5
293 6
184 10
500 16
143 32
174 23
364 10
268 22
351 18
345 2
211 31
78 18
230 26
205 14
344 15
402 8
99 18
470 2
64 25
129 2
256 18
64 4
328 20
173 30
353 2
63 23
100 24
376 5
381 28
34 13
78 11
184 28
480 1
161 23
178 13
452 17
295 16
404 26
199 13
3 7
150 21
318 13
56 5
77 28
125 2
12 10
248 28
230 7
52 2
122 21
383 21
14 13
88 25
2 6
49 28
41 18
420 10
446 27
50 14
114 14
335 30
228 26
25 29
161 20
50 30
9 12
354 14
312 22
142 29
431 11
168 7
388 7
180 26
117 30
411 23
255 22

