32
94 30
7 20
179 32
68 22
37 24
375 5
133 21
398 7
419 4
237 25
457 32
234 24
359 23
153 17
378 12
486 11
225 28
10 7
48 26
232 28
313 18
408 13
362 14
487 17
341 4
205 5
335 30
372 17
36 13
81 13
496 30
87 32
262 21
474 21
26 1
392 30
311 16
486 24
161 29
156 13
48 16
354 2
2 13
278 1
453 18
154 16
275 4
167 8
188 20
196 5
49 12
402 7
443 12
234 23
212 6
307 7
453 20
492 2
385 25
343 25
478 16
285 24
439 23
492 11
147 27
191 31
478 17
257 32
332 2
374 3
83 25
301 28
340 16
341 12
264 31
265 17
234 13
48 1
55 7
299 13
430 25
99 7
433 15
31 4
49 28
306 23
436 14
370 32
101 15
203 4
97 15
308 27
219 28
3 30
246 5
326 3
493 21
286 6
131 16
41 19
71 15
14 31
156 27
134 25
93 8
324 22
155 16
224 17
487 10
498 12
230 24
111 10
100 24
351 14
63 24
113 17
442 10
491 1
8 12
57 13
164 21
494 10
12 17
42 14
294 8
285 7
215 7
300 10

