32
409 16
327 27
182 28
188 3
490 25
277 17
191 8
273 9
236 24
426 28
430 22
496 5
386 12
208 20
60 18
436 29
137 10
31 18
249 2
272 22
458 17
387 9
208 3
497 19
66 26
319 15
7 26
267 17
429 26
276 1
391 11
309 11
325 19
49 25
408 16
15 14
72 21
70 23
263 6
426 16
339 24
27 14
261 17
442 21
119 1
29 21
279 17
92 31
27 28
380 23
163 6
4 11
498 25
217 16
490 10
143 28
89 29
25 17
166 6
390 24
34 26
496 17
459 11
267 13
430 6
475 17
391 6
31 4
402 27
351 27
93 18
71 5
366 31
382 27
413 27
166 10
244 30
258 30
452 9
243 14
22 13
326 25
195 24
152 16
454 15
191 22
200 1
79 13
207 16
448 3
286 25
65 29
126 6
435 30
198 5
163 28
245 8
484 3
195 15
239 16
341 29
46 28
41 32
457 27
287 16
366 24
16 10
304 30
455 14
275 29
266 5
224 3
276 11
301 10
45 23
117 22
319 30
425 15
137 25
458 11
136 7
198 16
456 22
349 30
443 7
414 21
411 17
71 22

