32
349 27
411 16
393 8
51 11
341 11
462 14
410 5
128 21
363 2
411 4
27 19
328 4
191 13
402 2
149 2
404 22
324 26
453 20
286 27
102 30
330 28
27 23
348 22
19 30
267 18
481 21
400 24
396 10
360 1
144 1
282 31
210 29
213 26
376 26
165 14
475 26
393 1
84 8
358 26
301 12
235 6
417 14
441 24
76 1
313 3
13 26
117 22
255 25
383 6
178 3
107 8
392 27
356 11
90 29
281 7
337 15
376 9
1 8
416 20
172 24
498 8
26 22
257 8
147 12
409 32
390 32
180 10
218 15
460 28
248 24
254 20
459 13
188 3
148 27
238 28
35 11
355 4
52 32
339 14
455 23
374 24
318 21
329 16
439 21
47 14
232 12
121 18
280 28
148 11
115 9
98 9
323 9
60 19
416 22
72 18
348 13
65 2
201 10
53 4
34 27
29 9
398 18
455 29
161 14
455 3
191 13
275 9
357 22
239 28
435 27
493 23
459 21
300 8
302 8
3 27
302 27
452 7
32 30
227 25
211 9
319 1
85 6
118 9
131 4
64 6
18 16
200 5
465 19

