32
25 11
211 11
189 23
478 5
194 10
128 20
2 13
273 25
458 11
470 19
176 27
393 10
188 29
454 15
320 22
128 12
324 19
207 8
365 8
448 22
397 19
13 30
455 13
191 13
95 12
355 14
170 19
27 29
215 20
315 10
301 15
377 8
133 11
339 9
470 27
258 2
213 6
116 12
406 22
136 8
169 22
122 6
88 12
194 22
184 12
187 8
154 19
312 26
498 30
338 15
140 31
185 5
216 16
224 21
457 7
325 5
52 18
314 3
297 11
292 28
70 22
316 16
392 19
213 5
128 11
60 8
497 4
472 13
395 27
185 23
109 29
327 28
306 4
150 11
350 21
434 3
270 9
346 17
227 27
254 11
313 9
326 13
408 29
373 30
195 26
4 23
418 14
314 4
25 15
178 30
107 19
144 12
360 18
240 22
252 17
144 16
9 17
224 4
117 21
421 3
6 20
169 3
457 10
498 17
148 19
206 26
138 14
333 1
43 1
286 10
121 22
61 10
250 20
249 19
84 14
233 21
445 14
216 2
87 29
234 15
240 32
192 21
141 13
77 11
301 10
180 29
143 12
254 5

