32
154 20
160 26
40 2
147 22
460 29
284 24
198 26
203 16
223 11
330 12
30 10
340 24
141 12
322 6
198 29
338 11
336 17
352 3
386 2
392 2
315 19
373 12
28 7
216 14
361 5
353 14
102 21
10 18
48 11
3 25
271 24
95 22
392 6
480 26
295 16
123 5
250 19
473 14
273 12
379 9
288 20
22 29
128 27
335 7
65 5
271 11
381 1
292 4
162 24
49 12
495 23
417 8
369 1
21 1
132 16
477 27
483 31
159 10
233 5
136 30
182 14
336 6
122 8
185 19
399 6
442 5
108 14
488 5
302 1
173 25
112 14
203 18
500 10
407 4
354 10
233 23
151 9
448 4
48 5
258 14
70 19
42 5
261 29
209 14
241 14
347 12
383 25
149 6
410 23
465 16
300 10
150 22
470 2
73 1
286 14
166 15
381 31
235 1
87 28
54 24
177 20
31 3
301 32
144 14
86 16
177 22
9 3
335 10
480 4
346 9
89 23
471 17
69 9
461 16
500 31
335 12
266 9
438 30
44 21
480 30
41 8
367 29
186 29
231 13
460 16
429 17
291 11
369 27

