32
464 20
267 20
199 27
288 10
119 6
186 15
160 18
162 32
364 24
495 31
2 2
127 22
114 3
494 13
341 2
459 20
169 13
107 3
415 3
108 30
224 21
332 4
22 13
151 6
396 17
472 17
271 18
274 16
488 16
468 5
469 30
336 5
2 31
355 17
189 18
154 8
310 25
147 11
477 14
216 8
146 20
472 16
137 29
151 25
216 26
9 28
247 20
172 1
138 6
369 18
191 30
442 28
6 4
331 26
89 22
57 15
437 24
2 14
124 29
254 32
474 2
375 13
457 27
321 7
424 29
124 23
62 17
466 15
5 24
252 5
46 8
179 22
187 17
259 18
185 8
353 2
125 12
378 30
478 26
28 5
238 27
219 15
216 13
217 32
36 4
16 17
127 23
267 9
375 9
179 19
241 11
68 25
110 2
298 27
495 25
192 17
476 26
235 31
298 28
466 10
123 1
266 10
175 32
266 29
261 12
311 25
327 3
217 12
176 7
227 30
191 6
106 18
327 13
412 5
144 13
310 6
358 7
367 4
459 1
285 15
280 15
71 2
325 23
394 20
153 20
22 28
37 31
213 23

