32
90 1
434 28
452 20
242 3
147 9
250 18
408 30
261 11
414 31
281 7
147 20
435 26
409 22
438 2
67 28
162 8
77 8
327 24
147 17
118 1
357 12
462 32
285 18
270 30
476 10
13 30
302 7
451 22
60 8
312 11
436 9
134 32
272 21
39 10
381 17
62 29
376 28
204 4
301 5
210 29
226 6
102 11
372 17
89 8
292 24
262 27
76 3
90 16
207 17
469 27
137 3
379 28
258 18
23 10
258 32
186 4
9 32
214 17
192 14
164 7
53 9
62 5
171 27
180 2
131 12
168 11
30 19
130 11
480 5
197 26
88 26
425 9
373 10
477 8
292 16
399 28
268 16
28 2
314 19
19 21
207 31
415 12
85 5
375 20
49 11
153 12
156 9
84 29
419 12
444 10
255 18
257 18
357 5
164 11
491 22
319 21
220 29
285 4
481 23
220 9
433 4
369 4
153 8
468 31
216 4
132 14
309 12
344 22
24 19
40 7
392 30
415 28
294 27
119 27
61 22
155 17
414 23
81 6
327 20
340 18
15 11
11 12
62 30
489 6
64 32
304 24
237 6
419 22

