32
471 10
449 26
303 12
35 22
36 1
421 20
426 19
331 13
187 21
233 9
46 13
258 10
241 26
111 19
324 31
267 7
189 7
160 23
246 2
16 29
486 28
481 24
179 11
148 13
216 28
310 1
476 15
479 9
36 21
323 28
499 9
6 27
155 1
30 1
62 29
33 3
185 13
162 7
176 29
431 23
41 8
355 32
11 1
84 30
273 2
109 8
346 26
162 25
482 19
457 27
440 21
442 8
206 23
338 25
264 32
475 12
360 5
171 30
14 19
267 26
12 20
261 30
193 3
414 7
465 14
217 4
210 30
379 3
465 24
147 8
484 9
383 31
302 29
416 19
159 22
304 3
261 13
84 22
339 21
128 3
218 28
59 3
58 17
194 14
5 32
101 32
165 7
34 22
387 25
132 18
482 19
68 23
351 19
48 13
499 7
344 8
74 22
142 27
190 15
4 14
27 28
33 23
438 10
360 5
366 19
370 16
277 9
294 4
291 17
168 1
219 31
4 24
264 17
275 26
184 26
147 14
234 20
104 23
97 15
347 31
305 16
162 5
356 19
60 18
147 24
286 25
90 25
8 10

