32
315 27
162 20
346 12
32 24
402 17
288 20
257 2
144 24
178 9
104 9
92 1
486 14
159 9
227 19
2 5
25 4
451 23
407 9
62 18
212 32
370 15
363 18
161 18
489 14
330 9
254 10
485 3
239 16
340 1
370 29
73 7
9 4
285 23
320 30
409 11
161 10
382 15
256 10
28 4
231 26
40 13
131 21
427 25
372 26
37 5
459 30
339 23
133 7
85 12
321 21
186 1
123 15
4 26
460 15
325 15
240 9
379 10
241 9
90 32
71 27
56 25
88 15
347 24
369 27
375 25
128 24
170 14
479 9
479 30
55 3
332 31
167 6
368 7
367 10
222 17
436 10
317 27
24 23
94 12
297 20
81 32
379 30
25 17
126 19
499 28
158 26
178 32
40 2
435 14
207 12
194 14
137 6
368 12
376 25
52 12
280 28
300 22
85 24
219 30
179 21
241 32
46 19
363 13
168 5
194 30
157 23
219 5
452 18
305 23
398 8
203 21
191 14
38 27
177 16
336 15
324 16
246 18
198 13
158 21
109 24
442 1
442 28
410 10
97 22
72 22
273 2
374 31
127 20

