32
454 3
487 28
387 31
473 10
263 6
489 7
335 10
263 21
335 29
475 21
195 2
389 3
142 26
61 25
438 10
93 31
129 24
298 19
90 22
252 24
228 25
435 14
350 9
186 20
270 8
464 16
85 28
382 26
301 3
82 18
272 27
332 24
458 9
119 7
103 6
398 26
314 28
95 32
381 8
51 10
143 27
465 23
218 11
157 11
345 2
460 24
468 12
220 13
124 26
323 18
207 17
259 29
256 17
388 16
336 14
489 6
304 18
409 30
4 13
244 8
6 3
315 10
198 14
250 2
223 9
251 6
349 30
154 4
66 29
444 6
182 12
83 18
89 7
211 24
407 22
143 1
156 30
238 6
195 31
27 18
115 25
199 31
490 24
419 4
244 22
309 29
497 19
114 30
234 28
381 12
277 20
404 9
333 21
490 27
332 20
296 26
496 2
261 2
197 27
393 12
96 13
69 16
443 22
29 24
6 2
168 2
285 15
418 5
416 23
347 23
274 11
44 22
340 8
107 5
186 27
180 17
51 24
225 5
134 13
225 31
366 32
124 2
166 10
470 17
300 5
327 10
15 23
47 26

