32
420 32
430 4
328 29
351 10
386 23
470 4
135 12
272 15
170 21
341 29
469 18
14 8
417 31
84 13
294 10
54 2
41 7
61 1
7 31
258 16
477 31
491 23
278 27
274 27
403 2
216 15
399 13
167 3
55 6
151 29
327 12
414 24
38 2
440 21
88 1
288 21
479 23
27 8
41 16
54 31
265 25
17 3
201 3
329 16
284 19
456 23
34 9
182 16
46 5
116 9
373 7
49 3
33 8
458 13
79 11
219 8
336 24
358 8
270 15
495 2
221 2
220 31
374 5
178 19
225 17
404 13
399 24
151 20
379 24
356 22
174 11
153 5
14 6
397 27
252 3
40 21
397 19
227 14
11 32
189 31
400 28
387 6
247 25
433 18
348 25
435 18
67 3
382 4
300 2
66 28
373 26
24 9
216 2
38 3
209 22
17 16
373 12
109 4
292 14
97 20
34 27
365 8
321 26
31 4
376 8
375 32
405 14
368 13
351 29
51 15
187 15
370 3
322 19
30 30
224 26
309 5
360 21
208 16
418 22
4 9
37 18
392 30
128 15
414 14
368 24
241 30
234 26
464 32

