32
382 5
36 16
101 21
49 13
47 31
353 11
69 18
458 27
86 22
271 28
225 6
500 9
438 5
458 6
70 11
379 8
359 27
135 7
171 15
71 25
325 27
379 29
57 20
91 30
261 10
213 1
3 9
30 5
357 7
82 14
109 28
229 32
226 11
278 4
250 25
112 6
271 30
171 31
382 25
172 26
178 21
479 17
449 4
121 9
346 30
434 26
13 11
273 15
377 31
134 14
399 14
404 9
439 22
200 28
186 3
314 16
459 16
44 19
3 20
63 28
69 17
153 9
159 14
171 15
476 9
365 2
254 16
246 32
341 17
216 18
20 17
93 10
24 32
237 18
3 23
225 3
295 1
4 1
302 2
192 25
330 12
354 31
175 4
331 31
100 26
244 7
426 17
301 9
324 13
326 3
335 6
249 10
278 16
138 20
130 25
60 27
88 6
246 30
217 24
480 28
473 12
139 26
264 19
50 11
475 27
117 1
128 18
494 5
321 20
188 18
312 4
113 16
365 6
365 17
285 9
248 13
272 14
358 15
176 7
325 30
485 6
15 32
11 8
220 23
491 28
485 7
7 21
54 7

