32
91 12
307 12
493 6
482 23
5 10
401 25
453 16
163 6
498 17
256 32
449 17
62 18
204 1
216 12
137 6
474 15
49 17
171 26
74 32
416 31
342 32
127 26
319 17
259 24
346 22
296 2
58 1
224 22
226 23
413 26
216 26
293 13
370 3
158 32
318 21
78 11
93 20
305 3
344 3
431 5
281 18
39 30
434 26
303 19
404 19
225 11
305 21
87 22
331 28
321 24
169 18
159 5
453 7
375 9
229 1
41 1
234 19
51 4
44 17
30 27
420 2
270 16
122 28
249 12
452 26
452 8
319 6
84 16
276 18
124 20
319 4
365 4
447 19
71 2
119 29
289 6
206 2
113 20
117 26
131 20
283 2
391 29
395 6
428 18
488 3
378 10
419 26
357 29
8 20
354 14
232 26
368 13
51 8
116 24
193 31
87 19
32 6
132 7
7 27
300 2
314 29
299 4
270 24
448 1
139 29
107 26
295 2
10 17
157 6
364 10
76 19
28 3
132 11
237 2
70 1
484 3
65 14
466 19
493 5
463 15
65 1
352 23
246 14
56 11
191 15
104 22
425 15
224 24

