32
263 1
491 4
124 10
405 27
415 15
332 16
384 20
213 25
213 12
190 5
350 2
180 26
309 23
230 24
72 3
311 27
91 2
118 11
43 2
489 17
420 16
188 24
108 5
132 16
368 21
60 1
266 28
167 2
98 28
253 1
434 16
355 32
69 24
90 27
198 14
271 9
250 10
272 1
210 15
380 30
427 3
146 24
30 24
470 15
411 18
148 16
489 10
72 17
178 25
371 27
443 21
195 4
303 3
400 12
221 19
441 20
69 7
43 19
102 4
77 17
86 16
412 22
282 15
483 27
496 17
37 14
198 23
481 4
401 20
363 10
362 24
473 26
94 7
232 27
379 13
263 32
88 11
37 21
9 27
179 32
224 3
293 17
150 29
272 18
356 2
23 21
141 23
351 22
362 26
133 8
94 27
203 2
421 27
50 30
462 5
137 1
147 10
309 32
406 4
50 22
417 12
182 30
419 24
143 32
170 3
371 23
374 13
296 2
15 14
75 28
278 28
364 24
493 12
424 10
455 9
363 20
396 9
281 22
280 3
297 17
402 27
64 3
443 31
420 14
56 3
137 29
58 5
461 2

