32
110 16
399 8
366 11
496 3
116 15
250 10
120 21
32 13
231 28
378 3
68 7
173 17
455 24
222 16
121 12
395 10
40 25
402 21
155 29
300 18
371 5
267 6
413 11
462 7
18 19
254 13
81 18
381 23
473 10
447 13
406 29
174 17
337 7
201 23
323 28
112 13
48 2
238 25
380 3
307 17
390 8
333 14
337 25
357 1
19 11
105 24
347 3
220 27
57 12
25 12
272 24
128 7
217 10
335 5
416 30
197 1
53 18
479 30
242 19
254 12
489 11
35 3
341 10
369 21
378 13
332 29
380 24
171 28
29 2
44 12
499 21
453 3
122 27
144 15
117 30
327 9
460 29
143 20
319 7
252 28
107 8
48 22
99 26
433 31
427 17
422 25
421 22
180 10
156 27
108 28
424 18
80 31
147 14
238 21
84 26
364 6
277 7
379 31
332 12
353 27
344 6
387 32
352 14
157 11
93 32
483 32
50 10
103 32
136 16
12 11
181 3
113 9
137 11
35 8
154 3
430 17
365 21
112 4
234 24
426 10
236 20
46 9
470 8
480 21
339 27
27 32
69 15
180 5

