32
196 3
89 10
269 18
255 4
147 18
328 8
371 6
449 27
330 5
220 2
420 18
371 31
500 31
402 21
360 21
481 19
283 26
228 19
371 14
31 2
111 30
341 22
419 13
120 13
405 15
242 28
489 28
446 28
355 8
104 10
488 5
120 19
210 23
25 8
181 27
449 3
413 17
328 27
429 8
283 14
138 20
361 22
340 3
465 10
154 1
407 5
209 14
115 2
224 28
201 8
46 18
251 14
290 2
345 31
25 15
108 31
3 20
492 18
126 5
35 31
81 13
124 9
170 26
410 29
81 18
1 11
111 15
140 5
328 32
323 25
111 14
71 17
249 10
306 23
222 28
357 18
484 24
294 1
422 3
397 6
313 1
184 23
499 8
175 31
159 29
383 21
130 13
85 11
366 6
457 4
285 21
93 8
145 15
124 30
441 5
123 5
269 19
28 20
482 22
446 32
403 8
113 28
280 25
262 9
291 6
436 31
383 1
47 7
415 14
296 31
42 6
460 23
224 31
282 17
392 27
197 6
406 5
30 21
357 7
33 27
213 9
426 7
349 32
473 23
345 16
469 31
37 24
401 13

