32
48 3
44 20
468 24
136 27
397 27
135 24
137 8
117 3
291 18
332 24
407 15
92 9
191 16
416 30
342 6
473 26
396 21
433 19
8 20
281 28
478 23
431 10
435 20
104 25
277 11
108 23
229 23
275 19
475 26
429 8
495 5
409 6
269 13
456 4
260 5
180 13
3 18
406 25
361 1
366 9
296 1
319 4
376 30
295 30
487 7
221 22
475 6
427 4
470 19
371 18
471 6
22 17
364 20
114 28
288 27
213 31
7 3
311 18
328 25
435 23
31 20
352 9
285 6
100 10
12 19
39 14
224 25
159 15
340 8
163 31
306 15
414 28
257 32
46 17
32 28
455 22
487 18
418 7
435 10
81 15
192 11
280 19
31 26
354 14
265 12
53 2
242 10
234 10
41 11
286 32
462 32
485 21
397 18
423 8
123 11
130 22
474 17
229 24
51 10
430 11
449 18
237 14
299 10
391 3
100 17
114 25
120 22
213 1
351 8
200 2
490 29
287 7
441 31
171 23
448 4
158 28
81 14
437 15
215 32
69 10
208 18
78 31
131 15
195 13
278 6
306 7
74 5
82 15

