32
447 28
115 19
348 27
424 7
143 5
130 26
165 1
70 10
166 11
247 2
153 11
142 20
495 1
251 20
346 22
372 17
438 10
75 29
440 26
435 22
463 4
108 15
428 25
241 13
128 15
190 12
397 4
124 16
352 26
367 10
244 2
342 1
280 28
465 15
265 31
5 19
314 20
58 5
288 26
186 15
488 31
47 32
58 26
479 6
247 18
459 2
139 8
170 30
67 30
489 23
236 17
262 29
456 11
142 15
320 19
362 11
53 24
246 19
429 25
224 3
274 6
17 28
333 6
34 15
24 6
433 31
366 14
160 25
364 29
415 27
331 4
45 31
35 15
345 11
219 8
490 16
101 18
107 25
43 4
35 26
161 12
29 30
161 20
198 17
192 29
263 30
240 16
256 27
450 13
89 4
20 18
11 1
435 29
257 26
109 32
247 9
111 11
499 3
166 28
499 13
160 30
230 24
421 6
26 10
438 22
37 5
44 31
281 10
15 30
11 27
181 22
244 7
236 10
265 30
289 28
258 29
377 20
52 5
325 5
18 10
42 26
70 1
452 19
415 18
240 13
441 12
386 16
62 2

