32
34 26
399 15
461 9
315 15
420 13
242 3
21 8
420 27
119 20
453 22
348 18
302 18
440 2
465 5
216 8
376 6
373 6
260 25
294 2
140 21
350 21
151 18
24 26
360 2
394 29
376 29
470 21
106 5
498 22
350 6
61 29
167 30
498 30
118 16
351 29
208 12
341 27
274 12
280 9
358 1
149 5
118 19
261 11
27 14
145 32
175 29
452 29
490 30
470 16
445 24
68 16
224 29
214 1
476 30
481 21
370 14
417 27
248 17
62 22
491 6
354 17
262 17
210 28
458 7
63 26
203 22
258 2
242 19
274 26
168 10
402 14
87 7
376 22
51 13
164 21
346 1
58 20
25 19
415 31
149 25
88 23
458 1
480 32
20 25
121 3
63 6
428 25
44 24
187 3
444 26
487 22
218 28
453 10
162 23
76 7
195 32
217 28
360 21
55 19
153 19
270 15
49 5
68 4
352 22
38 32
103 29
141 8
420 29
413 6
311 25
96 1
152 8
8 23
360 23
242 9
89 31
431 1
59 30
81 31
103 10
410 1
346 18
228 30
142 25
51 32
129 14
308 8
309 27

