32
128 20
247 25
487 18
241 32
62 15
212 21
166 5
128 30
302 15
56 10
315 21
106 11
170 15
235 19
39 8
17 22
483 8
114 21
125 19
245 10
333 28
254 18
281 18
320 2
88 3
239 10
15 29
497 32
403 23
98 29
266 11
106 24
378 32
69 10
278 1
244 18
120 17
164 28
82 19
334 2
357 8
423 11
416 31
407 15
1 28
111 18
118 29
366 23
288 22
201 13
98 20
230 17
292 1
321 6
375 10
395 7
429 17
454 21
236 28
367 4
215 13
354 29
193 31
179 4
4 19
248 9
26 14
21 10
222 5
43 1
346 21
179 31
253 24
471 20
195 21
428 10
313 13
94 10
351 24
189 30
3 29
306 16
118 30
197 23
19 7
435 16
27 30
490 32
301 32
471 8
148 10
257 21
382 22
170 32
121 10
437 23
498 2
355 15
272 31
306 2
494 28
153 32
409 31
3 14
454 18
205 18
427 5
414 17
310 3
392 6
292 13
257 18
274 3
108 13
365 5
334 6
357 31
82 25
481 4
474 26
113 26
387 16
490 16
348 23
86 15
433 30
419 25
371 9

