32
42 8
244 23
429 24
294 24
159 30
410 25
73 2
180 18
147 12
489 12
45 12
298 15
256 28
277 21
142 2
388 31
318 19
294 2
374 19
349 28
380 3
92 24
316 3
273 2
206 29
290 31
288 19
333 7
338 13
455 31
211 30
14 24
176 19
477 25
245 18
285 20
436 8
279 23
351 19
416 24
15 5
158 22
496 3
48 5
303 23
16 29
48 1
392 4
187 13
328 23
398 16
258 17
340 20
287 2
438 30
449 20
111 15
457 26
449 4
142 31
358 1
116 14
37 15
333 19
79 12
357 24
124 18
160 19
1 14
356 10
500 12
93 14
262 5
419 10
405 4
165 2
69 4
223 5
490 31
32 13
419 32
396 6
2 12
208 22
353 11
292 4
218 28
165 16
137 23
245 9
495 1
358 31
392 25
19 22
487 26
302 1
290 5
298 11
104 29
144 9
419 31
160 29
375 29
172 27
259 4
255 13
177 12
315 8
192 14
301 27
439 30
287 32
151 1
370 18
441 10
62 4
4 6
52 2
250 11
240 20
138 30
261 18
458 11
234 13
464 22
31 31
340 2
130 22

