32
151 10
30 16
221 19
292 3
339 32
279 12
221 19
46 1
427 8
256 19
266 7
440 7
262 2
461 21
9 9
333 3
391 6
370 7
141 13
69 7
136 15
115 20
126 16
45 24
367 20
95 20
406 14
378 20
307 31
332 11
407 4
325 25
229 30
408 1
207 8
348 22
27 26
50 24
473 30
203 31
97 25
174 10
182 12
373 20
94 4
6 16
71 10
297 16
376 8
168 18
383 23
275 5
180 16
60 24
121 11
194 29
411 8
71 9
123 3
136 28
351 26
67 13
175 19
72 10
270 12
483 9
458 2
413 18
137 9
493 30
87 31
178 21
258 32
145 24
395 25
299 9
126 29
369 20
432 17
202 9
32 24
205 29
145 30
478 10
442 23
243 24
9 32
80 26
20 9
349 2
357 3
362 18
215 30
133 14
170 2
199 9
370 7
42 18
224 19
499 9
193 1
248 29
161 12
170 32
404 6
445 20
16 10
445 7
35 9
376 21
263 10
109 4
33 2
349 20
373 16
125 29
440 28
470 16
199 15
131 26
9 15
65 28
380 17
254 31
438 22
323 4
259 15
35 15

