32
483 27
464 12
208 4
99 20
404 21
439 5
171 17
492 3
272 3
59 15
448 26
18 25
72 28
393 19
149 15
133 3
157 28
18 12
340 1
392 7
321 14
403 31
406 2
5 18
364 7
32 3
437 1
499 8
64 4
186 8
102 18
194 26
414 24
326 13
32 5
347 12
398 29
46 16
495 11
333 2
113 32
373 17
264 31
260 27
114 17
94 19
115 11
177 16
350 18
484 25
70 14
84 7
430 14
122 8
180 22
134 8
317 14
397 20
228 16
462 14
453 15
408 3
194 12
298 27
437 13
276 18
110 23
325 3
340 14
315 27
400 20
15 24
305 27
352 12
418 25
77 10
220 25
140 1
420 29
307 1
217 14
66 2
293 10
217 8
188 15
355 27
182 5
6 2
131 29
221 8
374 6
122 29
134 29
209 1
50 23
465 2
301 19
296 9
272 8
428 19
246 18
249 23
2 31
116 20
315 4
384 16
337 13
484 6
469 8
227 2
411 7
136 3
425 7
155 21
294 26
359 3
364 20
169 1
418 16
349 12
323 16
124 28
88 7
333 4
3 7
426 13
454 9
123 6

