32
355 5
356 7
178 21
112 11
72 18
444 16
309 19
277 26
137 29
499 6
243 12
179 1
421 14
7 10
112 1
27 6
421 2
176 22
26 7
73 30
49 16
237 25
135 1
134 23
369 8
484 19
207 6
204 7
264 2
332 15
454 14
192 6
444 32
176 5
6 28
270 30
115 14
262 13
75 7
19 11
230 30
258 32
16 17
267 23
374 22
5 20
160 24
257 19
63 20
423 29
31 25
474 26
254 16
394 20
334 9
123 4
118 28
203 9
44 9
115 29
271 3
300 2
167 9
384 17
340 10
1 11
54 7
16 8
62 9
487 11
377 25
162 23
340 17
331 31
185 30
152 23
416 11
88 26
359 11
163 15
333 23
421 22
489 28
45 18
48 24
149 21
492 10
123 4
26 9
66 19
250 29
369 6
20 1
451 26
279 9
428 31
480 32
349 28
487 17
74 31
276 10
163 24
383 29
451 13
237 28
323 11
85 7
208 32
499 14
185 18
475 1
240 22
164 4
125 27
333 30
37 28
271 11
227 26
483 13
266 11
193 4
261 1
130 4
232 17
478 24
258 8
84 17
461 24

