32
378 17
100 19
341 7
275 22
430 22
94 13
194 30
187 24
385 20
387 19
70 21
386 28
21 29
318 9
312 10
330 29
122 22
55 18
284 6
123 22
419 9
334 32
30 20
108 22
76 14
20 1
190 25
449 11
285 26
151 20
32 9
488 29
114 31
467 25
76 21
166 30
157 15
106 2
371 21
156 10
410 31
294 3
284 6
161 12
360 32
16 3
496 15
395 5
397 13
61 16
154 11
466 30
77 11
52 27
487 23
244 32
233 14
346 12
483 15
436 18
22 23
84 21
305 19
329 18
43 21
25 32
319 14
358 24
264 29
194 22
467 22
349 7
31 23
215 21
405 10
207 18
452 26
294 4
472 30
309 11
66 22
62 17
27 7
280 27
31 25
244 21
114 5
196 16
343 14
9 31
411 11
24 22
60 21
469 16
494 14
398 3
315 3
295 5
230 26
335 12
251 15
257 32
375 28
360 13
65 20
315 31
286 26
40 1
358 12
228 31
489 9
261 27
436 20
348 21
481 30
128 31
112 32
447 30
39 14
54 3
377 20
281 30
57 20
210 26
180 14
264 24
414 25
175 1

