32
297 26
500 30
328 17
307 10
441 5
408 20
180 16
130 6
254 29
417 5
149 32
231 13
476 24
271 14
95 11
376 3
377 11
92 16
83 19
345 31
379 21
154 7
416 12
452 17
104 21
401 24
172 19
449 3
351 19
128 17
194 15
40 2
81 19
125 19
381 10
38 28
222 3
170 1
178 13
9 21
341 5
237 20
392 17
10 2
403 5
390 32
343 5
17 11
412 18
86 28
463 15
255 24
17 24
24 31
397 8
327 5
144 31
101 3
99 14
480 18
99 22
301 5
2 18
216 17
311 13
409 29
127 3
160 11
439 11
189 31
418 28
275 29
430 27
300 9
189 3
234 27
352 10
79 18
351 14
470 29
298 14
137 20
393 12
419 11
182 7
369 7
474 11
12 28
222 3
136 14
293 29
48 29
402 6
350 1
124 15
117 13
49 22
49 13
253 31
123 23
425 31
385 7
337 32
154 14
410 5
171 7
9 2
347 6
48 16
366 27
366 3
295 26
440 7
354 24
13 28
478 10
170 11
188 3
462 17
120 12
333 11
278 21
8 20
250 19
171 32
429 32
302 20
302 25

