32
382 2
41 15
105 26
258 31
290 14
399 31
188 8
104 15
149 23
189 17
446 19
313 23
246 7
193 25
120 26
55 1
335 11
263 31
100 29
365 22
442 28
244 18
171 3
24 15
313 28
312 6
86 8
101 11
142 9
255 9
462 17
318 28
255 24
234 31
452 23
448 30
362 7
227 20
389 14
54 1
313 1
163 22
192 3
432 22
55 2
298 12
199 7
311 13
47 32
11 18
346 30
95 7
352 29
294 12
70 28
145 18
416 19
483 4
69 6
293 31
452 22
490 26
57 16
306 27
399 17
452 5
126 27
303 18
367 5
69 1
296 9
22 27
371 25
170 15
270 22
413 5
404 22
222 8
405 4
62 20
196 13
400 1
59 2
150 30
2 15
66 5
135 15
212 18
295 29
296 5
195 13
285 30
166 7
409 7
90 6
226 29
334 17
309 25
30 15
374 24
381 19
180 19
229 27
224 8
476 4
88 10
432 20
119 17
434 11
19 3
200 16
159 1
72 28
129 18
278 14
485 6
292 4
24 1
259 28
396 22
119 19
107 14
58 5
350 32
455 21
218 30
316 1
38 4

