32
107 13
126 31
132 22
415 4
333 4
6 18
21 2
74 14
351 27
73 21
248 20
102 4
152 29
181 25
77 19
118 19
99 23
6 14
264 16
137 24
371 18
349 24
428 19
61 26
321 13
18 16
13 19
47 8
307 3
320 15
442 30
417 20
32 18
474 32
46 18
95 20
456 32
11 23
70 15
364 30
56 29
161 28
351 32
83 29
286 2
391 23
191 11
119 19
433 12
370 30
257 8
97 32
111 28
446 24
382 5
273 5
41 2
356 15
493 2
399 2
192 21
5 2
300 3
456 28
270 5
61 10
345 9
238 19
116 31
339 14
344 31
286 4
396 18
127 32
431 29
166 22
166 26
356 17
496 11
48 9
340 4
494 28
116 27
342 16
118 24
433 29
143 14
196 22
63 18
278 18
199 23
115 32
316 30
32 11
485 27
279 24
390 4
359 9
355 32
440 24
232 20
284 14
294 19
115 32
5 24
349 19
186 24
270 29
285 1
15 29
83 25
444 24
269 6
180 27
58 24
446 29
343 5
366 12
411 12
492 27
224 28
469 17
7 30
114 8
94 20
264 24
273 24
499 9

