32
192 3
423 21
221 10
178 15
284 28
489 9
240 19
67 32
426 32
438 19
432 28
356 30
139 16
92 9
193 2
363 4
249 9
436 9
55 17
259 30
28 19
202 4
342 13
299 27
148 4
465 23
219 12
64 2
315 16
138 16
429 8
95 21
488 11
497 2
347 20
83 7
2 5
142 11
257 12
314 28
27 18
187 13
302 6
306 24
109 23
327 6
294 26
418 14
304 23
27 30
22 14
376 15
98 13
70 2
160 31
109 6
12 15
135 13
101 32
133 9
235 11
450 20
232 8
365 7
134 16
389 7
353 8
29 14
133 14
155 12
332 11
330 28
114 4
360 14
107 12
274 25
303 4
73 26
443 13
273 8
32 5
82 24
424 2
37 32
60 19
52 27
158 29
438 23
48 30
336 2
493 25
347 31
36 7
33 6
59 25
257 15
465 26
178 8
300 11
148 11
109 19
453 26
283 27
92 14
40 19
483 32
240 9
31 7
451 23
105 2
219 25
304 11
51 21
422 14
251 25
412 28
119 28
329 25
106 5
82 13
199 21
381 2
245 11
417 12
325 21
409 15
85 28
77 31

