32
366 12
265 19
234 25
252 1
166 2
171 21
173 29
493 25
495 1
454 9
279 13
267 22
87 24
489 21
136 24
373 13
463 5
487 1
209 3
1 7
364 7
71 28
39 11
333 1
360 2
401 18
34 20
16 16
355 28
380 10
35 17
342 21
93 20
45 18
418 21
380 25
419 18
169 30
216 9
194 7
138 7
65 23
114 32
494 4
435 10
309 13
330 2
169 14
477 22
427 11
462 22
379 5
459 23
190 3
399 31
453 8
329 1
58 30
448 4
261 26
277 13
54 6
70 7
231 3
288 18
145 5
19 15
481 14
422 10
356 4
257 24
208 13
177 9
231 24
20 11
210 24
412 23
105 5
337 16
231 24
49 19
225 7
250 5
248 7
79 3
194 23
115 21
271 19
222 13
118 9
196 27
241 15
294 29
291 14
384 26
106 12
248 2
203 13
238 6
371 20
257 29
2 3
21 13
365 14
477 30
335 16
13 23
130 10
123 17
287 31
442 28
142 21
425 28
38 3
146 20
182 10
176 32
476 1
160 32
290 4
173 4
160 21
50 17
342 13
61 21
383 10
372 20
43 13

