32
411 6
78 17
88 12
159 16
315 23
379 13
80 28
415 20
27 3
58 11
139 21
438 2
180 24
397 3
32 19
147 2
428 12
454 3
428 5
414 18
51 20
495 6
156 1
413 30
272 23
461 22
359 26
431 6
113 3
296 8
357 6
289 12
222 27
3 9
207 32
242 25
264 24
91 3
497 23
452 28
325 8
233 23
161 7
425 18
194 4
269 30
218 2
38 27
152 24
439 26
159 28
318 10
268 16
192 12
263 12
235 19
259 23
474 20
481 6
45 6
321 29
76 18
222 13
328 25
356 14
286 26
298 4
140 29
215 15
180 25
326 14
416 13
232 21
356 32
138 4
90 2
64 9
348 30
481 31
214 24
293 8
201 22
455 20
154 29
23 25
498 28
98 1
136 9
153 7
244 14
242 13
99 10
349 2
295 9
325 28
16 13
359 17
58 13
408 19
482 6
395 31
482 16
243 9
24 19
460 31
388 25
452 14
210 32
136 8
333 16
364 8
428 6
268 29
387 28
47 28
161 25
198 2
284 24
111 31
186 26
277 9
474 8
410 20
232 5
39 16
208 30
467 15
328 15

