32
38 26
18 10
79 32
293 6
89 22
88 31
386 25
240 1
372 6
330 14
37 15
319 9
50 4
182 4
35 10
227 29
439 32
410 21
491 22
190 20
375 29
110 8
186 17
53 9
414 14
366 7
236 5
351 25
260 28
61 22
105 31
218 7
234 23
412 29
180 21
156 23
230 1
370 7
317 6
175 7
7 5
33 14
77 27
231 16
118 3
333 26
281 23
116 30
29 27
238 25
480 9
319 1
361 12
475 26
462 21
408 4
41 12
62 1
26 24
156 27
286 21
420 26
391 19
79 23
414 17
331 29
413 29
453 2
337 3
451 26
427 26
117 16
1 14
288 10
173 32
224 30
284 23
23 30
29 14
444 22
122 3
186 22
423 14
159 7
416 17
408 7
170 29
14 14
406 5
399 15
448 26
240 23
468 3
404 25
68 8
142 13
474 32
74 8
317 25
7 29
193 14
427 19
494 24
384 20
296 23
182 32
460 13
326 32
387 10
276 30
281 5
494 26
96 12
1 17
152 15
497 12
477 15
58 6
418 30
221 1
428 26
308 3
27 22
314 21
215 25
219 15
62 28
248 1

