64
344 17
274 13
54 4
386 20
92 14
182 2
407 15
245 18
94 11
90 24
208 13
268 21
65 29
469 22
261 9
487 5
213 17
429 10
456 14
38 27
79 31
460 1
37 16
102 22
319 20
493 18
184 24
342 21
132 30
142 29
335 4
201 31
92 17
17 7
294 6
446 25
476 29
209 16
313 11
493 7
354 17
8 29
97 29
285 28
362 26
324 32
406 24
95 17
4 7
396 6
16 25
22 15
301 22
206 1
40 2
447 29
34 30
282 26
6 10
210 20
196 13
415 1
409 17
301 12
323 8
209 2
240 14
32 21
312 13
5 3
286 28
448 32
109 25
301 19
350 14
334 5
395 24
349 31
461 22
66 31
197 27
325 29
208 16
329 11
445 5
222 10
488 13
253 25
101 2
415 6
415 16
347 9
347 15
463 15
196 17
442 1
155 14
181 18
473 13
233 25
397 10
203 17
326 11
185 26
360 19
79 27
198 9
435 8
472 10
203 27
130 4
263 4
261 23
349 13
155 17
206 20
238 8
140 15
214 12
192 30
126 7
200 31
47 26
218 6
235 28
389 28
267 27
351 15
446 20
464 20
484 1
355 30
428 10
488 25
21 20
214 18
302 13
320 8
251 22
218 9
309 14
53 16
256 3
454 25
158 25
5 26
289 19
67 32
57 2
209 17
85 14
75 14
39 18
86 1
283 3
477 24
408 13
19 23
488 4
68 5
241 28
138 21
282 20
245 10
110 13
267 10
226 29
432 20
438 13
256 21
319 29
164 30
465 18
444 24
5 3
97 17
434 26
126 12
290 26
405 3
26 15
92 31
215 3
219 25
391 6
225 29
58 24
490 11
273 14
326 29
296 30
374 14
8 19
297 5
72 13
195 17
224 18
51 6
365 1
90 3
447 10
168 8
405 25
230 9
442 20
306 22
329 19
319 8
381 27
484 16
19 18
252 2
168 14
32 24
275 5
490 21
139 25
428 15
18 14
72 23
213 29
400 17
111 14
229 19
36 4
146 15
242 1
148 25
402 23
144 28
152 9
100 10
494 12
184 19
37 15
321 25
335 21
493 25
142 1
287 10
285 12
84 26
384 7
138 26
410 1
165 25
117 5
350 10
144 25
472 8
140 5
280 18
217 8
123 26
345 21
35 13

