64
38 26
18 10
79 32
293 6
89 22
88 31
386 25
240 1
372 6
330 14
37 15
319 9
50 4
182 4
35 10
227 29
439 32
410 21
491 22
190 20
375 29
110 8
186 17
53 9
414 14
366 7
236 5
351 25
260 28
61 22
105 31
218 7
234 23
412 29
180 21
156 23
230 1
370 7
317 6
175 7
7 5
33 14
77 27
231 16
118 3
333 26
281 23
116 30
29 27
238 25
480 9
319 1
361 12
475 26
462 21
408 4
41 12
62 1
26 24
156 27
286 21
420 26
391 19
79 23
414 17
331 29
413 29
453 2
337 3
451 26
427 26
117 16
1 14
288 10
173 32
224 30
284 23
23 30
29 14
444 22
122 3
186 22
423 14
159 7
416 17
408 7
170 29
14 14
406 5
399 15
448 26
240 23
468 3
404 25
68 8
142 13
474 32
74 8
317 25
7 29
193 14
427 19
494 24
384 20
296 23
182 32
460 13
326 32
387 10
276 30
281 5
494 26
96 12
1 17
152 15
497 12
477 15
58 6
418 30
221 1
428 26
308 3
27 22
314 21
215 25
219 15
62 28
248 1
483 8
421 10
459 29
182 19
43 19
404 16
384 17
25 3
230 16
198 16
465 7
373 3
156 23
25 29
6 24
225 25
224 14
326 22
266 23
116 21
450 31
120 25
347 20
144 25
328 1
36 8
55 12
175 6
202 27
278 20
175 31
48 18
352 13
431 21
84 14
425 13
268 13
365 27
392 32
43 3
52 26
215 7
338 21
20 7
291 14
246 1
152 5
66 23
370 24
119 21
97 20
485 17
144 5
479 31
61 29
106 4
450 12
70 27
412 22
326 14
239 27
371 14
68 32
244 17
488 14
241 28
461 5
448 32
277 22
491 13
150 32
301 8
119 26
386 10
311 3
435 17
486 5
290 29
297 1
45 28
99 17
367 15
213 3
163 29
296 13
30 10
452 26
45 22
403 18
303 2
345 21
114 18
246 16
438 30
140 26
177 30
118 15
297 30
61 27
374 9
315 3
154 18
436 2
187 15
331 5
404 7
429 1
208 18
124 5
67 32
478 7
1 7
138 9
480 6
459 30
258 9
108 31
390 28
460 32
234 19
268 25
317 29
357 17
222 9
373 29
96 19
235 4
149 24

