64
219 13
239 9
194 7
19 8
14 5
195 32
240 19
106 17
483 13
401 31
68 21
208 17
495 18
300 17
374 30
330 8
462 8
104 23
90 19
315 28
135 1
91 26
231 32
102 9
412 6
12 20
54 11
4 4
440 15
448 14
408 30
109 22
197 5
376 19
187 10
390 13
403 8
194 29
379 15
50 18
352 13
121 13
131 8
156 18
131 4
87 2
85 20
259 5
260 3
67 14
28 4
266 22
139 31
267 17
309 24
159 32
228 7
416 26
107 27
483 5
378 10
126 30
117 29
95 20
75 25
173 10
469 26
236 7
452 18
476 4
21 26
419 12
264 14
309 14
256 15
310 6
212 24
95 20
24 5
259 18
202 7
403 26
72 26
480 23
343 23
134 19
292 28
462 16
237 2
129 17
413 15
126 8
226 24
8 25
113 2
402 26
49 4
187 8
294 18
347 8
473 24
351 24
384 24
23 28
434 4
464 10
442 1
25 23
13 12
119 21
150 24
290 22
175 32
373 24
493 27
308 25
51 26
81 6
321 23
405 10
106 13
303 11
161 4
65 5
63 15
149 28
406 6
113 1
117 14
104 22
408 23
426 26
272 30
243 1
461 32
198 14
368 29
317 24
32 25
53 14
268 21
158 13
343 26
309 31
311 5
68 15
27 2
176 11
351 7
243 19
270 20
433 17
496 25
368 15
481 4
473 24
325 6
477 19
455 17
477 6
49 5
484 16
242 27
226 4
281 4
107 6
111 23
390 7
139 30
485 31
29 17
71 25
290 27
371 21
331 28
362 32
244 13
307 5
207 8
428 8
203 30
241 1
276 3
271 2
240 28
237 32
64 23
473 2
205 3
98 27
42 15
118 29
7 8
121 1
159 9
404 25
286 21
26 26
127 32
179 22
403 27
133 7
73 13
172 1
300 29
164 13
431 21
478 5
57 10
1 11
350 13
428 24
49 29
401 23
452 11
40 23
346 32
25 22
481 4
47 28
316 18
472 10
342 17
34 2
47 18
465 12
290 16
235 30
48 19
364 7
66 31
57 3
279 25
32 11
480 14
390 27
139 13
244 5
162 17
230 24
15 18
307 32
437 6
494 12
176 17
39 21
464 15
355 14
380 15
204 3
168 29
6 27
157 1
491 6
378 4
377 20

