64
411 10
155 10
341 20
400 16
320 28
198 29
16 23
220 10
444 21
66 14
321 11
411 14
29 11
110 13
338 12
81 17
297 4
202 10
159 1
209 7
400 11
343 20
425 14
261 29
427 10
466 27
413 12
292 21
378 26
73 12
397 2
168 25
241 21
34 27
173 27
81 17
1 3
192 5
189 32
145 19
481 11
213 29
190 21
334 12
110 18
487 18
263 18
50 23
78 12
106 26
178 18
26 10
461 13
102 5
372 15
115 21
61 3
97 14
183 2
169 4
40 15
1 6
12 31
9 5
338 14
43 15
151 8
44 19
489 5
111 32
447 13
64 11
404 5
109 6
442 17
82 25
136 30
135 31
336 27
440 5
108 2
391 6
401 10
221 29
283 15
249 1
408 16
88 11
324 4
248 26
176 25
98 19
115 16
162 18
78 21
179 17
434 9
295 30
207 15
75 1
197 23
69 24
338 12
266 26
55 18
279 3
46 4
393 32
312 6
314 29
6 8
426 15
412 4
125 2
438 7
458 14
225 3
442 2
386 7
75 29
72 13
23 2
81 19
129 4
321 18
132 18
285 13
469 9
480 13
166 1
143 12
255 15
354 20
280 27
254 11
383 18
207 21
295 7
172 19
382 32
217 10
21 29
126 17
401 6
433 15
226 15
394 20
293 7
27 13
189 1
279 24
310 13
328 4
476 19
378 29
342 26
426 3
299 28
203 27
9 16
117 6
414 2
66 27
108 32
483 9
76 29
220 17
97 11
488 28
398 10
485 15
15 30
305 25
461 4
216 25
347 28
55 16
46 24
318 5
415 16
301 23
412 12
375 21
419 27
284 20
284 8
258 6
178 19
315 30
126 18
311 8
65 21
435 10
188 1
115 2
404 27
444 28
139 31
176 29
237 31
76 28
79 17
21 12
451 31
245 24
68 31
399 29
123 22
242 30
438 20
116 5
475 23
360 21
81 15
21 13
198 32
188 20
132 9
31 19
247 7
158 23
34 9
447 24
94 24
318 19
248 21
427 26
343 23
186 32
25 30
92 18
153 20
349 12
192 3
366 2
358 8
104 15
136 10
398 13
442 27
463 13
499 21
114 26
379 19
117 16
4 4
477 12
191 6
291 18
56 21
24 17
384 11
7 11
29 5
451 22
323 21

