64
239 24
8 19
301 9
260 13
90 2
244 6
233 24
158 28
96 4
385 19
55 20
35 10
401 28
253 23
453 29
268 3
301 19
57 9
467 21
177 5
86 24
218 10
79 19
198 10
138 18
452 9
302 3
190 26
210 11
228 2
399 19
57 27
269 25
151 32
133 24
496 3
99 13
388 30
439 17
55 21
371 3
473 8
49 14
373 2
104 16
123 31
447 7
405 7
496 28
6 12
87 9
346 1
65 26
66 20
22 5
136 12
183 4
415 11
121 19
44 9
91 14
431 5
49 31
103 20
94 17
171 12
461 13
69 14
454 10
85 15
310 8
71 20
31 13
278 27
476 9
79 2
339 9
454 11
48 16
430 1
16 28
25 25
320 25
58 13
430 6
452 16
213 22
435 23
62 1
245 1
385 20
306 31
184 7
109 3
167 6
224 22
490 16
214 9
192 19
434 9
264 17
416 4
462 27
422 7
267 11
412 3
342 9
374 25
328 10
108 6
372 31
231 17
282 9
21 21
67 14
297 19
394 21
10 3
267 16
230 9
450 17
183 23
209 12
167 8
242 10
85 5
308 8
177 21
464 13
413 10
207 6
64 24
126 18
455 8
209 4
276 26
176 26
300 12
218 30
476 27
444 32
275 15
227 19
44 22
351 12
424 25
369 27
9 10
264 11
89 12
498 32
481 1
174 20
260 31
302 31
201 25
295 23
199 5
277 10
415 7
50 26
388 6
28 16
116 32
210 32
467 7
68 16
231 25
283 18
483 20
225 15
180 15
157 19
95 13
120 13
115 17
50 18
439 26
249 6
425 26
257 3
16 4
42 6
268 21
88 18
408 8
432 20
386 4
318 8
76 1
193 3
106 26
44 8
23 21
449 11
102 17
190 14
85 31
67 16
407 10
454 27
21 1
106 6
177 19
238 20
211 2
442 4
23 10
63 14
130 23
344 11
420 5
404 28
468 11
207 22
180 12
392 5
397 29
458 17
123 23
176 2
328 26
1 19
307 16
100 32
426 23
222 13
180 2
200 31
448 19
372 31
66 4
179 10
316 13
386 15
35 30
272 27
383 20
65 25
335 12
328 9
458 1
457 29
26 29
135 13
63 15
452 12
474 14
294 17
118 15
79 29
444 14
219 2
474 3
218 4
150 17

