64
471 10
449 26
303 12
35 22
36 1
421 20
426 19
331 13
187 21
233 9
46 13
258 10
241 26
111 19
324 31
267 7
189 7
160 23
246 2
16 29
486 28
481 24
179 11
148 13
216 28
310 1
476 15
479 9
36 21
323 28
499 9
6 27
155 1
30 1
62 29
33 3
185 13
162 7
176 29
431 23
41 8
355 32
11 1
84 30
273 2
109 8
346 26
162 25
482 19
457 27
440 21
442 8
206 23
338 25
264 32
475 12
360 5
171 30
14 19
267 26
12 20
261 30
193 3
414 7
465 14
217 4
210 30
379 3
465 24
147 8
484 9
383 31
302 29
416 19
159 22
304 3
261 13
84 22
339 21
128 3
218 28
59 3
58 17
194 14
5 32
101 32
165 7
34 22
387 25
132 18
482 19
68 23
351 19
48 13
499 7
344 8
74 22
142 27
190 15
4 14
27 28
33 23
438 10
360 5
366 19
370 16
277 9
294 4
291 17
168 1
219 31
4 24
264 17
275 26
184 26
147 14
234 20
104 23
97 15
347 31
305 16
162 5
356 19
60 18
147 24
286 25
90 25
8 10
138 2
159 9
264 9
382 17
336 25
19 25
299 2
395 7
433 4
387 9
362 19
138 24
378 12
76 31
64 31
172 13
69 10
373 28
339 10
180 14
442 18
106 8
415 28
46 4
259 25
192 20
231 5
479 20
252 26
426 20
489 26
368 25
483 21
240 21
198 31
495 32
468 8
435 3
304 21
286 2
117 17
34 23
305 32
158 5
418 27
76 18
236 23
166 23
239 29
39 9
175 13
280 10
337 14
80 24
398 17
201 14
341 14
64 22
98 13
258 7
156 17
124 27
479 1
109 18
397 28
6 23
384 1
416 28
202 12
359 16
212 12
465 29
349 1
254 6
101 11
164 20
195 3
499 1
279 31
242 31
310 11
97 2
87 21
413 25
64 16
240 27
387 4
383 19
84 8
33 17
146 4
292 12
187 18
217 9
453 30
492 10
409 28
455 19
156 8
135 15
195 18
198 17
430 32
167 25
216 27
401 25
247 13
405 5
186 17
101 14
282 20
252 22
236 2
389 31
277 19
314 31
249 23
403 26
90 18
42 29
120 27
222 10
487 26
2 4
450 27
14 23
46 9
125 29

