64
423 3
239 7
457 16
449 23
69 4
100 15
38 31
500 23
46 22
83 14
280 26
60 21
370 12
429 22
106 1
192 8
399 30
451 23
185 23
145 10
194 20
136 19
430 11
361 23
89 11
28 24
17 27
16 22
11 12
163 8
372 2
200 14
136 30
328 12
252 16
73 13
215 12
379 21
195 7
471 23
33 15
354 21
289 25
491 15
164 21
471 15
359 6
8 22
171 31
165 22
158 22
218 16
149 32
220 23
186 15
329 22
393 26
323 5
402 21
36 21
317 10
451 31
27 30
372 17
144 21
118 9
330 7
377 10
134 28
25 11
490 13
240 6
239 10
119 24
226 30
409 7
11 15
69 21
169 25
85 8
181 10
465 22
240 9
339 21
288 31
395 14
420 30
215 18
400 29
1 5
338 21
19 32
120 16
236 16
380 24
451 20
225 7
421 16
107 7
40 19
326 2
376 17
272 18
106 7
275 10
147 8
367 22
312 2
105 27
125 12
71 7
247 19
342 7
315 28
129 6
46 18
492 13
198 7
363 3
137 13
261 23
100 11
448 27
316 16
162 28
239 8
218 25
230 15
3 28
211 12
102 24
437 9
29 31
59 3
141 27
231 13
329 2
83 29
93 2
32 18
41 7
337 31
107 18
21 30
314 23
445 15
339 5
211 19
219 5
313 4
167 3
112 15
224 7
123 32
444 23
421 5
129 9
447 27
27 15
48 8
402 32
106 20
225 12
162 7
436 26
154 14
368 26
448 31
164 7
111 7
429 15
295 25
492 13
143 18
412 11
209 1
34 14
256 14
481 25
405 8
94 30
221 13
175 16
255 22
442 9
297 18
100 7
278 15
36 29
460 15
463 24
111 16
185 2
458 29
338 18
136 11
419 24
243 6
227 1
283 29
66 23
38 1
22 24
107 17
88 14
355 26
289 13
249 9
386 6
341 7
419 8
5 6
183 7
135 5
299 5
429 16
348 15
28 25
134 30
129 25
403 7
474 15
3 26
15 32
280 27
314 22
182 22
387 32
268 5
477 2
290 5
430 5
371 1
209 24
295 5
428 9
375 1
92 29
475 14
116 26
313 1
451 10
98 10
62 17
210 14
134 23
442 3
487 5
224 23
372 2
87 12
270 5
52 1
189 6
319 28
131 23

