64
367 6
286 9
318 22
244 23
278 25
379 10
36 9
413 32
318 13
103 18
248 10
274 12
349 24
349 6
332 23
247 30
281 29
426 22
474 10
372 23
202 31
396 17
159 17
176 16
381 2
217 4
219 14
343 23
273 32
441 4
74 7
5 18
423 7
452 21
452 19
147 17
425 11
93 23
407 16
262 23
398 6
415 28
319 9
35 23
152 15
46 30
365 27
79 24
333 22
36 16
57 22
492 25
280 32
268 26
55 21
473 32
7 11
420 13
347 14
268 27
280 29
224 16
67 6
283 23
388 18
238 4
204 5
276 7
164 11
21 19
424 17
22 26
231 13
458 13
98 9
427 21
242 30
373 28
8 11
411 31
177 24
42 4
377 29
214 32
64 10
110 7
78 4
268 20
276 5
89 10
154 7
102 19
221 2
54 8
185 32
326 9
464 7
92 20
35 21
83 10
391 5
436 24
28 15
480 23
280 12
28 1
286 30
179 22
159 32
437 11
48 2
203 23
128 30
54 11
303 28
112 17
180 4
364 7
102 19
362 5
114 29
17 16
74 23
109 25
279 2
75 22
307 22
40 11
275 21
301 5
80 8
473 16
15 29
170 29
383 19
201 13
476 6
100 9
264 32
281 18
253 4
71 4
337 18
198 11
258 2
392 22
465 4
301 20
404 26
448 15
57 16
487 28
69 22
432 17
293 5
226 22
272 9
309 32
462 6
274 32
59 25
409 15
233 25
354 28
234 17
274 30
5 4
321 21
197 29
405 14
317 7
239 8
483 27
399 8
256 16
15 6
189 27
188 5
335 22
408 5
398 10
210 6
145 27
475 6
135 31
35 23
65 21
242 19
171 4
343 14
15 1
443 27
484 6
475 14
375 31
90 1
268 20
26 20
182 32
105 4
83 11
118 3
263 23
398 13
202 16
62 12
300 12
271 11
486 5
453 12
479 10
336 10
193 18
10 10
65 22
41 15
105 6
498 31
368 7
152 21
486 5
137 5
421 7
420 2
3 8
469 14
117 25
431 14
18 20
35 26
406 4
433 10
233 26
228 5
176 19
373 21
444 25
297 8
267 8
121 10
439 21
103 32
97 13
365 22
325 3
400 10
326 24
91 15
261 26
363 16
49 11
448 4
448 28
59 2
460 19
187 18

