64
2 30
189 15
309 11
153 25
249 20
384 14
9 1
485 16
250 32
63 5
318 13
377 26
309 26
61 28
222 1
272 7
322 12
266 31
351 6
199 11
81 6
492 21
31 4
148 32
184 19
404 9
483 20
322 16
77 10
383 27
175 30
225 8
318 22
478 32
112 28
470 20
110 2
485 8
141 12
271 8
46 10
176 29
157 18
172 10
231 22
236 5
411 4
105 28
302 18
99 21
110 5
308 15
382 16
210 10
128 28
346 25
5 1
405 1
370 32
246 13
333 13
209 8
293 29
175 10
99 30
210 28
342 5
278 7
13 31
96 16
318 1
16 30
166 29
186 19
200 8
339 17
116 16
128 4
416 26
205 26
427 10
73 24
283 30
194 3
188 14
286 21
434 25
30 15
425 16
190 17
499 32
361 10
279 24
374 27
493 26
208 8
344 9
391 18
482 29
272 2
78 5
26 23
413 8
166 18
123 7
314 13
234 2
86 21
13 3
59 9
389 2
276 32
250 15
209 16
455 4
253 20
92 6
246 4
37 15
341 3
117 22
131 27
31 5
215 15
175 29
400 3
242 7
498 8
45 18
427 31
389 7
234 28
160 28
336 25
94 20
207 31
34 10
413 32
406 7
459 20
251 6
347 32
236 24
187 1
402 29
483 30
143 17
474 15
48 25
203 21
188 1
203 21
450 11
489 23
241 3
287 19
156 1
187 19
328 25
375 1
486 18
371 24
74 24
134 13
4 12
465 27
449 20
116 22
282 4
105 15
402 23
217 13
375 19
151 14
128 18
283 1
235 13
296 4
348 30
132 19
469 16
245 21
263 28
167 1
315 23
123 4
13 15
476 3
446 15
440 13
4 30
389 2
226 4
397 13
465 20
127 10
475 12
202 6
83 8
486 6
490 20
465 10
298 25
240 3
419 28
19 6
105 27
363 3
443 11
107 31
138 14
44 32
457 6
201 31
317 10
288 11
293 13
160 31
45 32
37 11
283 16
236 19
314 22
69 8
208 4
219 29
113 14
308 9
359 1
311 32
46 11
334 7
55 29
133 27
244 5
413 22
76 20
117 30
245 29
349 8
64 11
148 16
181 31
448 11
315 31
66 9
61 19
403 31
244 19
65 11
55 29
217 11
476 9
224 24
221 12
23 5

