64
401 8
435 3
257 31
188 28
267 25
125 9
367 17
237 11
243 21
218 4
126 28
242 8
33 13
147 28
337 14
494 13
157 29
211 18
127 10
53 1
331 1
461 21
217 17
247 32
86 32
267 11
359 24
374 31
232 1
110 16
382 28
157 2
88 11
303 18
469 32
458 23
32 26
199 17
319 9
412 16
408 18
170 2
37 11
9 13
415 26
40 24
425 24
334 12
267 12
77 23
491 14
237 11
156 23
475 18
231 10
433 6
119 26
107 3
144 7
127 15
85 11
206 21
66 31
225 4
175 29
270 21
39 6
391 18
144 25
223 26
306 3
215 28
256 6
431 31
288 13
161 12
279 19
85 25
257 1
28 27
313 22
152 7
7 14
248 23
111 26
228 8
476 15
192 23
116 2
334 31
234 2
479 5
416 11
209 5
427 24
307 7
237 14
294 8
352 5
98 2
215 13
81 26
119 12
273 14
97 6
193 27
155 23
195 27
437 27
95 11
490 29
305 31
211 30
174 6
343 3
375 1
95 15
98 10
431 10
151 7
31 3
61 22
365 31
108 25
9 14
219 11
454 20
77 20
325 14
77 19
372 31
427 30
110 13
235 8
98 30
418 5
432 15
166 25
85 9
153 6
326 20
444 31
395 24
295 23
473 11
90 20
174 28
365 23
392 24
322 30
337 11
470 20
421 27
268 6
259 29
451 24
292 26
214 22
117 8
108 21
379 21
488 28
213 24
186 24
451 15
297 3
449 22
407 18
104 2
227 18
94 1
297 13
274 31
274 10
18 14
34 24
78 5
151 18
372 4
98 11
398 30
313 11
364 3
420 3
245 18
181 2
26 29
279 11
339 16
244 1
433 17
308 31
297 11
152 16
498 25
342 32
495 7
94 10
225 5
176 13
362 32
363 7
37 29
389 23
192 4
435 9
408 15
339 8
405 22
223 6
91 17
149 5
71 14
146 31
458 25
320 7
177 26
409 21
174 29
291 1
280 2
193 19
172 15
94 8
373 17
329 19
85 18
251 23
423 4
5 17
68 32
403 20
357 4
160 14
460 19
99 32
28 23
482 3
174 12
126 10
244 22
212 28
135 18
186 6
61 6
142 16
366 12
76 30
59 11
104 15
185 26
314 16
344 31
262 21
222 27
266 5

