64
219 7
25 7
134 31
312 27
206 1
220 18
33 17
110 13
350 13
440 25
22 2
273 11
156 30
40 28
437 1
340 15
83 16
78 13
111 1
419 20
301 10
353 13
30 27
402 11
475 29
11 20
26 16
326 29
381 2
84 14
102 20
176 8
491 17
456 17
345 26
120 18
215 9
182 29
139 23
179 9
275 10
461 17
177 26
333 5
355 5
430 28
396 14
196 26
210 23
191 15
377 14
404 19
486 29
39 24
20 22
89 6
111 29
298 23
38 3
47 17
103 13
404 30
82 15
235 23
102 1
401 22
439 4
272 4
241 23
252 20
232 28
109 10
92 15
480 13
93 26
77 23
354 9
44 31
431 10
430 28
407 26
213 25
486 25
472 30
147 23
189 26
414 9
71 9
407 2
338 7
427 18
45 1
246 16
419 17
218 20
264 4
30 29
24 11
313 23
444 3
70 24
188 31
132 30
192 23
11 29
389 25
294 26
69 8
373 24
420 2
187 3
269 24
159 32
434 19
139 9
281 4
360 16
42 32
429 9
234 11
113 18
80 19
407 28
298 20
339 17
73 30
251 26
445 18
485 23
84 15
107 25
182 31
36 20
162 21
308 19
459 1
220 2
179 15
38 12
110 16
396 22
105 14
227 2
407 8
280 3
186 22
59 8
56 2
443 17
114 22
315 21
374 7
110 8
365 19
231 22
227 14
211 15
272 26
232 26
1 7
372 22
101 22
405 16
228 23
77 13
449 3
413 2
481 23
226 29
225 28
22 11
434 29
486 5
374 9
86 22
432 26
411 12
91 8
39 6
14 27
11 10
62 19
284 6
149 21
239 18
168 20
28 25
196 21
157 5
82 27
294 13
404 5
396 2
224 18
164 9
253 26
199 10
448 30
207 21
194 17
26 1
57 1
314 20
418 22
25 19
64 18
215 3
374 22
313 1
99 12
186 19
1 28
368 16
69 11
100 10
19 9
326 31
30 3
31 31
461 11
149 8
224 15
195 18
176 15
398 10
186 27
477 30
170 24
189 14
270 17
203 29
413 1
67 2
19 13
240 27
3 16
207 19
454 13
28 1
259 21
255 20
212 7
333 5
278 29
471 32
309 9
188 6
53 22
15 12
55 7
106 25
494 8
487 20
212 14
428 14
143 30

