64
205 10
78 5
434 22
411 19
133 3
242 12
293 17
129 12
335 2
384 3
46 16
185 12
373 19
108 10
390 20
117 26
21 30
259 10
115 13
189 12
151 18
375 7
195 3
331 9
136 30
35 1
277 27
308 29
306 32
14 27
287 6
492 15
28 18
113 22
122 21
93 13
434 23
419 8
321 5
9 28
462 27
340 14
466 8
90 3
119 16
169 25
437 16
63 24
114 31
310 31
327 14
359 25
221 30
92 29
26 16
349 4
347 20
429 32
391 27
286 1
326 30
413 30
317 32
282 14
2 3
17 17
344 23
293 20
4 8
105 22
336 9
221 2
344 9
345 23
371 2
243 12
139 16
162 11
483 31
89 12
385 5
16 16
183 4
292 15
396 20
68 3
52 28
264 23
288 4
481 7
441 4
206 3
83 27
237 1
13 5
252 25
133 8
477 4
279 12
354 22
367 21
256 26
412 27
164 19
478 29
209 2
220 11
200 18
337 17
218 30
465 29
98 30
88 30
117 15
45 18
392 7
94 28
180 21
18 16
55 20
192 32
265 11
382 25
416 14
105 13
419 29
453 1
370 13
294 26
111 7
159 30
101 16
353 13
108 15
328 11
218 7
278 22
133 19
150 12
80 22
32 11
175 32
219 12
80 8
234 6
202 16
248 27
496 28
435 3
322 2
117 11
484 22
373 24
108 14
367 8
128 26
390 22
85 28
197 5
323 6
58 17
174 13
179 21
257 17
123 18
226 4
117 25
337 29
28 1
214 18
484 13
143 25
494 3
184 3
95 22
472 17
382 29
161 16
17 5
24 8
495 17
83 19
161 3
155 24
67 24
433 10
209 19
274 6
358 21
96 28
167 16
308 16
416 9
312 29
385 31
128 3
140 14
45 24
332 3
192 19
67 24
300 31
403 30
180 32
234 12
415 28
47 7
152 6
43 11
98 27
149 5
10 24
286 18
440 2
105 31
220 15
458 15
1 32
296 16
323 30
159 26
133 21
312 4
19 14
98 28
132 23
193 5
238 18
399 29
299 11
11 6
377 17
389 5
32 32
408 15
269 15
444 22
271 7
389 29
460 7
257 27
437 25
288 10
278 22
55 29
392 1
94 24
385 22
496 1
222 15
123 18
321 22
243 32
172 32
84 15
322 20

