64
83 32
195 6
149 6
323 24
179 31
300 9
114 12
452 30
295 18
163 6
391 24
353 7
123 2
46 9
158 29
124 5
16 18
262 24
275 21
491 30
467 6
118 28
446 9
354 32
274 12
102 21
31 26
71 6
168 28
426 13
156 17
269 20
71 27
335 25
319 26
2 1
319 27
421 16
391 22
356 29
141 21
181 4
262 11
29 9
219 22
458 30
207 6
45 9
460 28
325 14
409 23
267 19
149 11
343 20
164 18
56 32
358 32
327 19
338 11
400 16
309 17
430 7
286 30
495 22
57 15
227 13
497 17
396 22
235 2
185 26
139 24
202 24
327 28
466 32
383 5
72 7
73 29
409 11
178 27
308 19
73 2
51 14
83 30
215 13
387 11
67 17
342 32
372 24
147 18
35 1
54 6
423 11
310 19
337 28
437 20
426 22
381 12
431 7
126 5
132 8
99 26
389 16
317 32
459 19
449 29
344 7
303 26
481 4
301 5
303 25
312 12
450 12
408 16
7 1
228 6
396 2
187 32
117 23
248 23
317 16
272 28
402 22
278 6
241 2
50 24
18 1
475 8
405 26
199 31
118 11
400 2
104 2
149 29
440 32
499 32
296 6
268 5
399 17
431 20
326 20
35 11
341 13
310 1
243 9
7 32
287 2
225 30
343 2
166 26
473 13
389 16
138 20
317 13
404 31
176 21
226 10
424 6
70 17
14 28
93 4
24 11
277 28
325 7
473 2
252 30
6 25
65 32
148 1
384 16
331 11
132 17
472 3
326 9
140 28
205 12
211 32
315 4
327 31
458 24
480 10
97 14
54 1
185 13
246 24
456 32
478 32
484 21
494 6
341 21
1 1
217 31
124 23
50 27
21 12
102 20
273 6
41 22
62 13
378 7
292 30
87 5
273 22
421 30
231 22
251 27
158 19
146 22
349 27
436 29
406 1
424 26
86 17
355 11
189 17
158 1
270 24
305 10
17 30
159 8
191 25
182 8
227 27
333 19
374 12
499 27
156 31
309 17
387 3
92 11
99 13
111 32
196 16
261 16
345 16
311 31
32 25
234 19
171 3
37 8
186 20
175 26
458 23
286 32
349 5
122 12
329 21
315 20
352 20
88 16
347 26
230 10
242 19
488 5
233 1
308 3
412 14

