64
275 21
469 14
191 8
170 31
159 26
139 9
225 3
243 18
249 5
160 29
71 3
35 30
405 16
412 27
2 30
349 32
378 29
285 21
433 26
283 15
376 17
247 4
35 10
73 15
414 8
268 8
30 10
466 22
269 25
417 18
318 1
398 8
286 30
320 2
488 14
160 11
375 7
18 17
452 2
396 29
173 11
349 18
316 10
135 12
394 23
58 24
20 15
463 21
488 26
22 3
235 5
393 5
143 26
222 26
499 21
459 3
131 27
224 18
472 27
381 5
261 26
132 8
244 26
84 20
227 17
262 26
342 3
422 32
416 19
78 23
111 16
437 5
194 13
390 13
371 19
85 23
60 13
115 20
162 26
239 25
7 28
54 32
358 15
183 26
322 24
40 8
499 8
377 16
340 2
412 26
388 13
45 32
65 15
455 30
208 25
318 18
396 7
265 18
198 16
379 23
411 26
302 14
97 10
305 21
296 25
350 31
65 30
482 29
404 16
58 20
332 16
381 28
98 22
333 11
445 23
369 11
332 31
116 16
52 21
216 19
489 18
382 17
163 15
385 27
3 6
382 6
21 18
265 11
259 13
117 11
11 22
262 18
8 13
122 27
1 5
110 13
106 31
245 5
409 9
187 11
275 12
449 3
33 17
265 4
162 2
346 32
71 3
218 10
188 19
340 16
379 17
381 13
291 25
457 28
458 15
462 16
62 22
378 22
475 31
237 4
228 7
363 22
393 20
79 24
122 2
120 29
219 4
189 1
476 25
412 29
139 2
368 32
487 30
497 29
240 14
300 27
20 3
116 28
94 14
196 28
463 27
68 1
166 32
42 25
104 29
278 30
30 1
293 21
242 17
329 25
226 17
299 17
143 2
213 8
459 32
303 30
74 26
454 23
329 31
435 16
152 4
25 25
61 9
49 2
310 30
135 23
358 13
484 32
51 20
439 29
455 10
134 12
463 24
322 28
138 16
75 17
172 24
322 24
268 22
237 25
99 19
316 32
8 23
307 14
198 6
270 28
339 4
235 17
47 8
296 16
15 23
325 10
174 10
121 13
219 26
222 18
80 21
273 11
39 16
348 20
29 2
91 3
225 21
19 31
232 31
306 18
389 14
284 2
479 28
206 22
113 19
367 1
167 23
483 17
422 3
292 26

