64
142 25
157 28
164 26
30 19
69 24
333 7
461 8
348 32
465 17
373 18
467 4
209 12
221 14
373 3
283 3
483 32
211 27
299 22
384 32
416 20
428 4
82 24
327 17
71 8
237 19
157 27
398 18
87 30
139 23
77 21
370 3
49 20
49 15
306 16
27 17
88 6
173 29
193 31
302 19
142 14
57 31
445 26
16 15
275 14
193 23
427 30
261 23
346 21
25 27
445 19
75 8
356 31
404 20
450 17
14 3
447 10
241 7
227 16
125 26
114 25
204 32
83 9
218 8
477 26
282 1
497 12
304 4
307 12
104 8
116 29
198 26
39 11
156 9
250 20
118 23
301 18
254 3
138 11
366 22
417 11
387 17
354 30
468 32
101 11
267 5
188 17
130 14
107 30
342 20
417 24
71 29
133 32
155 2
351 8
87 15
166 13
383 8
367 18
31 19
421 14
183 4
114 21
37 24
450 6
279 2
189 21
139 5
229 29
294 31
17 29
197 22
205 11
405 19
280 4
38 24
85 28
363 14
88 11
269 1
481 15
107 13
100 1
342 24
93 23
258 1
367 2
143 28
236 19
346 7
482 19
271 6
307 25
115 30
384 23
283 20
134 1
384 9
189 17
264 29
64 21
242 26
178 20
57 1
430 3
131 28
137 5
181 3
386 20
189 1
382 31
336 15
415 19
451 31
148 22
87 11
438 24
344 31
63 25
379 17
155 6
108 15
114 12
86 7
435 18
471 9
300 26
35 14
229 14
20 16
403 6
438 13
286 29
307 8
385 10
192 15
251 3
182 24
439 15
67 13
392 5
245 15
47 12
256 11
469 7
2 27
84 19
415 9
423 18
421 4
463 8
50 9
115 15
428 25
497 30
481 28
235 26
282 1
357 5
407 29
15 4
251 23
198 30
23 4
91 15
131 9
259 25
117 1
411 16
481 4
390 29
499 16
38 9
256 26
169 26
274 24
421 13
486 18
42 12
441 24
303 28
388 17
252 16
137 26
399 9
273 12
281 28
467 27
404 10
268 16
87 10
107 31
66 20
328 31
100 5
442 26
340 21
314 19
184 26
308 2
270 9
426 6
204 8
220 7
466 20
30 20
381 29
263 18
228 2
404 15
358 5
80 5
377 17
343 28
46 3
345 11
231 10

