64
405 10
421 8
136 24
251 14
144 25
427 7
68 20
462 2
69 23
153 2
484 8
48 1
493 2
269 20
285 28
51 21
213 27
12 24
215 10
297 30
495 32
200 6
367 13
67 8
28 12
125 15
43 17
391 8
34 8
431 14
319 25
359 7
156 30
231 6
484 3
431 10
454 6
391 21
143 22
460 22
29 4
236 19
108 18
458 6
489 21
311 27
425 21
42 32
391 32
153 26
2 7
203 4
213 17
276 31
50 19
80 6
170 23
353 10
144 18
271 1
254 1
143 19
102 28
110 8
307 23
217 29
345 3
116 9
215 23
467 25
477 26
46 30
64 22
127 24
60 21
192 13
182 18
343 11
370 17
478 8
67 18
188 3
168 3
172 6
45 18
498 1
388 28
223 27
293 5
10 24
450 9
369 15
239 3
469 8
367 10
487 25
343 19
196 14
329 7
243 14
208 17
450 3
488 12
46 28
373 15
336 10
460 24
156 18
118 16
305 13
421 7
417 19
169 32
476 14
34 18
223 30
14 8
40 13
196 29
485 4
344 28
241 3
227 4
500 12
371 12
328 11
298 29
257 11
412 28
464 2
5 18
391 15
61 30
371 12
367 3
27 6
378 27
12 16
14 27
300 16
18 19
378 23
75 22
281 11
69 24
136 30
485 10
444 2
307 6
5 1
373 28
234 6
150 13
58 20
459 17
251 12
335 29
291 18
466 3
248 3
19 7
460 3
260 11
252 22
272 17
239 24
492 28
98 1
421 19
8 15
363 23
355 5
91 29
458 4
67 17
294 25
439 5
292 6
359 31
264 31
151 18
478 26
177 19
135 21
81 14
476 7
252 30
344 22
326 1
102 24
358 31
181 8
500 12
346 18
366 9
192 25
314 6
10 6
96 12
439 29
138 30
323 29
95 14
287 20
319 12
367 32
134 27
175 13
370 20
195 16
480 14
104 21
407 25
487 11
461 21
31 30
190 9
42 12
371 12
259 5
67 9
216 1
24 10
37 9
262 11
480 25
469 31
238 11
252 8
377 28
500 27
13 13
112 18
324 26
86 22
22 20
58 1
56 1
330 1
326 7
27 1
388 3
92 13
222 23
52 2
406 15
209 10
91 32
175 18
5 24
199 22
264 4
466 31
337 31
115 14
90 10

