64
191 6
22 16
368 11
212 28
474 22
155 3
499 12
50 19
267 31
394 23
474 13
334 17
477 13
153 32
307 8
359 17
281 25
408 32
479 12
176 25
349 10
235 23
385 32
482 20
30 15
330 3
387 24
363 16
128 32
355 15
239 21
283 19
297 31
371 16
162 14
80 10
227 2
61 11
301 10
466 31
416 8
37 18
163 20
221 2
267 15
428 25
492 15
227 16
253 29
267 22
494 6
275 32
11 31
387 8
376 8
346 31
351 6
149 13
485 17
155 11
296 30
459 3
144 14
426 24
486 17
309 20
390 12
255 29
270 29
268 18
493 9
492 19
198 32
208 7
213 14
137 16
295 20
146 23
485 3
186 10
467 27
153 9
282 16
313 15
48 8
400 16
44 16
87 29
235 2
127 31
7 20
158 25
63 31
443 7
78 29
368 20
327 13
104 28
428 32
10 7
347 10
219 22
357 25
483 7
450 21
242 8
76 19
460 14
54 15
36 19
383 4
26 1
276 2
168 11
249 5
381 8
290 7
337 6
255 15
89 24
280 18
11 11
80 31
345 21
225 12
263 23
283 13
19 30
474 18
112 14
214 25
21 4
443 18
149 30
28 21
253 3
418 20
14 10
234 6
130 30
89 5
268 32
237 10
133 30
471 5
135 16
441 32
187 27
13 28
284 16
276 13
199 22
152 32
43 17
125 28
46 21
120 1
288 16
98 17
269 4
369 24
103 17
411 6
247 7
329 3
166 16
419 8
149 14
131 3
10 11
67 11
320 30
219 19
394 20
231 26
87 23
269 9
111 7
330 18
453 14
240 3
466 2
186 2
283 17
9 12
71 3
198 26
112 32
349 13
83 15
223 9
382 23
209 12
170 31
53 10
400 16
444 9
153 22
331 31
298 15
430 32
117 31
462 16
394 6
437 16
92 3
496 25
1 9
317 22
447 1
144 18
13 11
415 1
420 5
156 5
287 9
141 3
212 30
334 5
115 14
285 22
280 12
31 9
188 19
302 26
419 29
184 3
88 6
152 7
46 3
428 28
391 16
438 18
21 15
411 15
393 11
44 12
326 18
156 10
124 18
351 23
106 14
177 21
335 28
52 28
486 7
415 9
250 20
182 2
475 16
108 31
138 19
242 16
77 30
181 8
207 27

