64
483 27
464 12
208 4
99 20
404 21
439 5
171 17
492 3
272 3
59 15
448 26
18 25
72 28
393 19
149 15
133 3
157 28
18 12
340 1
392 7
321 14
403 31
406 2
5 18
364 7
32 3
437 1
499 8
64 4
186 8
102 18
194 26
414 24
326 13
32 5
347 12
398 29
46 16
495 11
333 2
113 32
373 17
264 31
260 27
114 17
94 19
115 11
177 16
350 18
484 25
70 14
84 7
430 14
122 8
180 22
134 8
317 14
397 20
228 16
462 14
453 15
408 3
194 12
298 27
437 13
276 18
110 23
325 3
340 14
315 27
400 20
15 24
305 27
352 12
418 25
77 10
220 25
140 1
420 29
307 1
217 14
66 2
293 10
217 8
188 15
355 27
182 5
6 2
131 29
221 8
374 6
122 29
134 29
209 1
50 23
465 2
301 19
296 9
272 8
428 19
246 18
249 23
2 31
116 20
315 4
384 16
337 13
484 6
469 8
227 2
411 7
136 3
425 7
155 21
294 26
359 3
364 20
169 1
418 16
349 12
323 16
124 28
88 7
333 4
3 7
426 13
454 9
123 6
343 25
278 28
358 1
378 29
448 22
438 5
33 18
448 23
369 11
218 28
30 19
363 32
313 4
296 6
200 26
348 26
194 5
233 3
113 18
476 24
359 29
424 11
402 12
450 14
294 19
429 7
421 7
58 30
283 17
203 22
270 14
80 27
27 4
218 23
274 29
199 28
161 10
375 6
197 8
387 11
194 27
17 31
309 23
52 11
427 30
277 17
156 16
363 30
19 8
172 8
328 2
424 28
196 10
253 32
325 19
234 10
305 27
336 14
177 3
408 23
345 24
151 12
243 18
385 26
297 28
405 29
130 4
464 9
329 25
420 29
207 18
375 24
256 14
329 28
301 28
386 17
272 25
496 26
254 4
127 2
287 20
26 28
211 22
92 4
410 12
396 24
17 6
331 8
184 19
55 4
247 20
128 2
180 15
235 21
354 14
335 16
245 20
56 23
405 15
198 22
10 26
134 22
67 28
1 18
327 31
85 29
199 8
442 30
186 24
163 7
389 9
31 5
412 2
440 5
436 21
482 10
434 7
175 13
283 28
454 17
82 19
33 12
454 10
362 16
1 28
30 6
224 12
374 31

