64
49 21
319 4
298 24
6 6
139 22
141 28
301 22
276 22
42 30
164 22
80 18
107 8
118 22
228 17
460 12
404 20
477 30
259 26
117 13
211 16
242 27
387 2
92 18
371 29
191 18
398 23
123 5
498 28
434 17
349 25
25 28
252 29
177 2
478 14
126 20
401 15
390 7
408 30
300 6
466 6
164 12
464 26
72 26
378 9
242 2
249 6
181 12
118 21
213 23
2 27
134 30
205 24
40 25
357 27
94 14
33 21
37 28
247 8
13 4
112 31
53 16
372 1
415 6
293 8
288 23
318 6
48 10
445 24
190 17
130 32
474 18
244 23
362 2
118 2
169 14
480 9
145 4
157 24
193 30
391 4
448 32
253 7
285 5
286 11
349 16
110 19
429 29
185 14
399 6
16 3
87 15
492 16
198 20
143 26
301 5
74 4
444 6
95 12
375 8
202 31
295 31
249 24
220 25
217 26
291 20
388 17
79 7
460 20
231 6
18 11
338 11
279 13
268 25
361 26
104 14
69 23
77 9
326 8
306 18
117 32
126 28
176 8
87 16
331 29
441 8
347 31
142 21
263 2
201 3
255 13
37 19
407 29
196 16
112 29
477 4
300 6
435 11
157 1
462 8
337 15
39 4
385 1
12 23
294 5
122 28
221 10
427 19
122 10
210 9
474 2
164 1
140 10
99 20
471 5
487 7
167 10
46 31
410 2
49 11
474 14
454 22
327 20
172 28
353 9
384 2
418 15
302 17
497 13
57 3
165 31
329 3
420 19
381 17
284 21
383 25
451 1
302 25
68 21
77 17
57 24
450 6
359 20
383 31
4 27
25 16
333 9
350 1
79 18
433 14
10 12
470 8
208 19
89 31
299 21
47 3
476 1
181 18
100 31
40 19
205 16
474 17
269 19
141 19
404 2
61 9
93 6
77 24
357 17
426 31
33 5
362 16
25 10
194 24
308 17
78 32
1 11
48 25
225 1
319 32
466 11
244 14
465 24
61 9
336 26
327 12
14 8
228 2
433 29
13 24
209 2
251 13
344 7
181 8
191 16
47 8
82 15
417 10
314 25
218 14
166 25
369 16
436 20
69 17
72 10
460 29
23 31
489 23
213 14
286 11
21 5
114 22
327 6
500 24
210 17
141 15
465 30

