64
415 21
443 15
88 31
150 20
126 22
194 12
94 7
196 28
324 24
385 20
224 25
162 12
92 12
471 25
109 11
118 23
259 20
197 26
386 15
297 31
452 11
330 13
341 10
168 4
265 21
403 12
413 16
467 28
287 22
140 27
388 1
418 30
20 22
343 5
16 3
267 7
481 13
364 30
474 27
189 22
287 24
78 27
359 24
55 2
185 10
40 12
303 13
69 30
127 31
79 6
402 5
461 14
293 32
259 6
58 12
356 9
391 29
395 9
32 25
394 1
495 6
492 13
94 21
470 20
323 12
66 20
245 6
162 1
53 12
303 30
367 2
158 25
146 9
358 17
205 11
245 3
36 29
347 2
149 25
53 3
216 14
399 20
495 24
349 23
331 27
361 26
12 26
306 25
422 19
185 3
266 26
177 13
18 20
282 6
44 3
488 15
304 30
423 3
445 23
401 24
125 13
325 12
131 2
496 8
497 12
382 18
461 15
414 26
286 12
347 13
234 7
143 29
220 29
391 25
39 24
144 3
52 32
2 10
153 17
438 21
29 27
114 1
229 4
23 10
75 25
194 28
203 17
48 3
253 23
143 32
230 10
306 17
309 16
167 9
156 12
314 28
126 3
377 15
454 23
368 20
119 14
39 14
102 7
448 10
25 10
349 10
79 11
238 27
166 20
199 25
63 32
209 5
439 17
43 8
187 10
124 21
27 10
478 20
100 17
186 12
366 6
81 12
244 15
182 9
426 9
286 1
244 22
29 10
134 23
426 12
184 13
476 23
414 2
42 6
82 7
489 12
317 6
95 28
240 29
173 21
157 6
357 12
155 25
434 32
159 7
459 15
463 10
257 8
91 14
389 29
229 30
324 1
447 30
456 22
194 32
406 30
289 31
454 31
351 31
230 6
449 8
56 23
474 24
138 28
461 11
440 25
404 31
85 10
181 21
91 22
372 8
428 25
110 29
455 29
119 21
174 31
76 21
181 13
392 18
317 16
196 32
245 3
371 1
4 27
73 10
276 9
442 3
457 23
435 23
215 25
299 20
175 7
468 11
275 19
25 27
415 24
51 11
171 25
191 6
471 32
120 2
60 1
301 8
463 3
278 10
492 9
269 18
303 5
373 1
299 25
372 25
468 22
75 10
194 14
164 32
29 31

