64
139 6
426 2
446 9
454 6
447 28
455 30
66 7
431 8
287 9
176 4
161 6
267 20
119 30
111 21
497 23
420 19
284 5
329 25
369 22
203 27
269 9
453 7
60 3
238 18
483 14
354 11
147 16
338 30
237 1
14 5
11 29
220 18
277 12
226 13
33 8
312 18
437 32
340 32
350 5
193 12
194 6
179 5
369 20
162 2
168 19
190 10
459 29
175 15
160 5
83 9
180 2
198 28
361 17
315 2
169 12
246 7
405 4
259 6
143 12
231 11
446 12
340 12
181 15
342 16
415 20
384 30
22 17
414 22
321 20
296 22
87 5
56 16
168 6
117 30
85 27
472 14
266 28
137 14
326 18
286 28
253 21
37 26
102 18
8 6
382 7
115 4
195 22
459 18
335 7
23 11
273 23
152 7
158 16
188 27
469 17
426 6
346 14
347 11
468 14
72 5
8 11
168 30
60 27
267 27
405 30
17 2
488 29
68 5
160 27
331 13
80 20
350 17
421 16
223 32
254 10
88 17
184 12
167 20
234 29
490 6
426 18
167 13
26 14
409 26
341 15
314 20
346 23
48 3
62 30
358 3
267 6
428 27
53 2
46 22
26 27
275 24
392 2
68 26
27 21
103 23
419 24
342 5
430 13
235 19
362 8
158 17
389 9
135 29
178 24
430 7
66 13
358 29
498 2
374 28
106 8
447 24
243 28
140 12
29 2
367 18
318 20
74 22
108 12
351 5
239 4
339 20
336 9
465 29
326 6
61 31
166 11
454 12
146 18
284 14
171 22
120 28
25 1
46 4
253 4
268 15
379 18
351 23
6 19
251 3
152 11
113 5
169 23
281 27
364 8
192 26
417 7
374 5
356 7
424 20
18 15
302 16
148 4
462 26
466 25
188 14
375 29
490 24
71 2
62 26
37 25
171 5
416 8
245 7
166 16
230 23
358 27
431 30
35 12
363 20
308 18
173 7
202 19
430 32
136 15
57 29
95 12
329 6
475 10
132 1
93 5
175 23
244 29
160 30
349 10
333 12
423 18
190 9
224 15
248 23
461 1
235 4
236 20
269 30
489 21
350 21
465 21
235 24
481 30
189 25
267 6
189 2
83 22
166 26
201 17
16 1
421 3
272 28
18 13
218 18
145 23
438 25

