64
154 20
160 26
40 2
147 22
460 29
284 24
198 26
203 16
223 11
330 12
30 10
340 24
141 12
322 6
198 29
338 11
336 17
352 3
386 2
392 2
315 19
373 12
28 7
216 14
361 5
353 14
102 21
10 18
48 11
3 25
271 24
95 22
392 6
480 26
295 16
123 5
250 19
473 14
273 12
379 9
288 20
22 29
128 27
335 7
65 5
271 11
381 1
292 4
162 24
49 12
495 23
417 8
369 1
21 1
132 16
477 27
483 31
159 10
233 5
136 30
182 14
336 6
122 8
185 19
399 6
442 5
108 14
488 5
302 1
173 25
112 14
203 18
500 10
407 4
354 10
233 23
151 9
448 4
48 5
258 14
70 19
42 5
261 29
209 14
241 14
347 12
383 25
149 6
410 23
465 16
300 10
150 22
470 2
73 1
286 14
166 15
381 31
235 1
87 28
54 24
177 20
31 3
301 32
144 14
86 16
177 22
9 3
335 10
480 4
346 9
89 23
471 17
69 9
461 16
500 31
335 12
266 9
438 30
44 21
480 30
41 8
367 29
186 29
231 13
460 16
429 17
291 11
369 27
456 18
218 23
344 16
187 1
269 16
379 32
409 10
145 9
217 15
201 27
64 11
67 11
211 28
275 1
98 28
63 25
473 5
64 28
184 18
128 12
77 26
116 5
67 8
285 20
123 18
38 2
268 20
412 22
303 7
478 21
330 17
157 14
173 28
321 8
321 4
308 14
158 31
234 32
34 31
63 28
4 32
193 11
56 9
101 2
143 22
462 16
470 3
477 26
42 5
350 11
448 21
464 5
283 9
385 24
215 23
324 22
47 16
193 10
324 1
163 6
222 1
289 28
447 17
37 32
265 22
202 29
246 1
169 28
362 5
196 16
352 7
498 18
238 6
203 14
334 5
379 27
341 8
98 7
136 11
127 13
224 16
465 10
345 9
497 26
390 24
337 9
414 14
490 20
227 20
417 24
56 19
467 29
166 8
387 18
402 9
406 18
45 6
95 9
354 31
298 27
487 10
335 20
172 28
255 10
15 7
458 7
318 20
23 19
339 5
136 13
126 1
218 6
262 24
410 20
458 15
62 12
44 17
48 15
220 6
465 27
473 26
9 6
197 3
124 7
291 28
479 20
152 16
437 2

