64
205 17
169 3
471 10
36 21
333 27
56 10
247 11
29 25
178 19
367 29
240 7
344 7
385 22
58 22
169 1
362 29
165 7
4 31
372 31
183 32
134 6
377 4
69 30
465 18
140 19
491 27
37 22
385 29
300 30
314 16
463 20
45 15
206 12
114 9
438 32
336 3
386 17
303 22
322 3
51 29
449 21
43 14
79 23
258 22
73 28
197 19
247 17
13 8
492 14
84 6
274 23
352 19
483 14
464 20
272 14
116 5
259 6
58 13
85 27
418 17
386 6
43 4
411 3
287 18
385 26
35 30
289 31
20 23
392 23
427 28
348 26
88 6
52 17
498 28
311 19
496 1
233 14
32 15
296 15
396 32
188 23
41 24
169 12
451 32
394 25
75 6
122 26
51 17
10 29
12 21
315 23
369 7
396 24
189 20
70 21
223 14
367 16
437 31
175 19
446 29
467 25
162 29
386 12
465 28
112 25
68 23
335 4
325 19
187 18
274 1
450 24
218 16
463 18
202 2
245 11
410 15
19 31
3 21
486 24
152 18
296 31
228 30
6 4
212 28
417 21
300 26
185 9
33 19
23 22
488 31
233 17
329 3
319 24
7 25
3 6
254 30
376 17
279 5
384 11
425 9
327 28
370 11
93 11
10 31
488 17
381 32
246 9
323 16
244 25
368 14
487 17
395 2
305 6
447 21
16 7
193 14
94 30
57 6
316 22
152 8
266 32
227 7
445 9
427 8
230 30
138 32
119 32
281 15
409 7
463 20
97 31
118 15
217 26
432 4
91 24
39 20
467 18
219 31
166 17
155 27
290 28
314 28
175 27
331 32
173 13
359 14
300 20
164 8
1 15
103 27
30 22
151 29
259 9
463 32
365 1
171 6
408 20
414 23
430 12
18 15
240 8
224 3
56 23
110 8
185 21
351 11
354 17
415 16
221 1
387 17
494 9
90 29
245 23
187 10
98 8
276 26
284 19
432 11
89 6
246 14
106 20
192 3
448 30
274 28
482 32
104 31
421 2
80 5
48 14
190 26
174 6
39 5
168 14
499 1
363 32
382 12
192 5
278 23
30 31
159 31
415 30
190 7
159 25
203 23
238 24
56 27
209 2
423 21
63 13
485 2
369 2
245 32
142 27
50 7
277 8
33 23

