64
411 6
78 17
88 12
159 16
315 23
379 13
80 28
415 20
27 3
58 11
139 21
438 2
180 24
397 3
32 19
147 2
428 12
454 3
428 5
414 18
51 20
495 6
156 1
413 30
272 23
461 22
359 26
431 6
113 3
296 8
357 6
289 12
222 27
3 9
207 32
242 25
264 24
91 3
497 23
452 28
325 8
233 23
161 7
425 18
194 4
269 30
218 2
38 27
152 24
439 26
159 28
318 10
268 16
192 12
263 12
235 19
259 23
474 20
481 6
45 6
321 29
76 18
222 13
328 25
356 14
286 26
298 4
140 29
215 15
180 25
326 14
416 13
232 21
356 32
138 4
90 2
64 9
348 30
481 31
214 24
293 8
201 22
455 20
154 29
23 25
498 28
98 1
136 9
153 7
244 14
242 13
99 10
349 2
295 9
325 28
16 13
359 17
58 13
408 19
482 6
395 31
482 16
243 9
24 19
460 31
388 25
452 14
210 32
136 8
333 16
364 8
428 6
268 29
387 28
47 28
161 25
198 2
284 24
111 31
186 26
277 9
474 8
410 20
232 5
39 16
208 30
467 15
328 15
119 22
114 25
433 10
457 10
120 24
421 22
102 10
3 19
382 32
458 7
159 1
40 14
308 31
155 7
234 14
213 24
47 30
369 19
303 1
312 18
121 28
151 14
393 21
100 22
481 26
269 7
450 8
392 10
406 31
384 19
380 4
343 15
273 27
109 7
239 29
497 19
356 31
81 29
4 32
374 8
441 14
326 19
301 2
352 27
116 11
197 11
182 23
273 14
101 26
232 12
154 12
50 13
431 30
461 30
14 27
121 22
328 18
48 29
367 3
187 18
485 3
329 26
274 21
175 10
186 27
417 3
338 19
52 16
300 24
405 13
198 17
471 26
27 10
6 21
269 12
79 25
278 3
123 7
63 25
129 5
407 5
291 25
363 22
216 7
206 21
179 31
201 21
132 7
371 13
324 11
384 2
243 6
12 21
416 26
366 28
26 32
441 5
220 23
158 32
21 7
260 16
322 24
200 29
39 2
146 26
60 1
115 15
42 30
371 18
403 16
205 21
212 13
245 7
152 18
218 32
321 25
223 30
289 19
298 15
196 3
40 32
324 2
410 9
483 16
378 21
220 7
165 15
79 1

