64
349 5
336 2
3 8
96 23
496 30
32 23
389 24
349 1
315 9
342 8
417 32
345 16
330 4
38 30
268 31
364 4
47 7
446 29
110 1
112 17
46 27
3 22
242 3
238 5
275 12
480 8
331 20
55 28
479 21
49 19
51 8
66 21
314 27
146 27
403 5
231 25
103 18
234 16
140 4
104 31
403 31
310 25
110 28
96 9
160 13
39 2
260 16
159 2
319 8
200 5
264 7
21 10
220 11
413 11
78 13
125 28
303 14
268 29
2 7
205 25
63 31
223 7
50 17
100 24
388 3
441 3
433 25
368 32
419 4
11 16
500 19
31 27
273 30
67 10
365 27
286 23
365 28
101 6
92 4
486 3
203 26
481 15
90 16
287 21
332 25
208 3
135 15
337 11
240 19
32 16
25 22
383 5
29 3
7 29
387 8
451 13
269 4
223 18
483 9
218 6
9 10
349 12
368 5
254 3
440 10
63 4
307 25
57 15
483 19
159 1
406 10
309 26
97 8
235 31
244 17
245 17
82 13
100 17
129 17
407 8
490 5
236 24
117 20
335 24
58 17
320 31
158 5
340 6
364 2
185 27
378 9
63 11
373 6
407 5
367 14
273 16
486 24
4 15
3 14
202 16
386 29
374 24
353 5
1 12
286 1
27 24
465 17
474 29
103 29
42 13
398 14
176 27
377 3
337 15
72 14
438 14
411 11
353 11
375 1
331 20
390 29
27 10
297 13
43 3
85 8
71 18
453 11
216 25
481 21
207 29
442 4
362 12
158 14
467 28
418 13
395 15
357 26
365 21
274 31
108 14
194 6
339 26
128 10
474 29
458 24
13 32
27 2
103 8
439 1
67 28
69 17
367 21
234 3
282 15
489 1
216 6
418 26
179 22
460 16
6 1
35 10
168 1
391 11
448 25
191 10
388 24
178 30
388 4
336 21
270 32
57 14
209 27
391 3
372 10
242 1
471 24
246 10
40 20
260 31
168 31
204 31
266 2
161 1
145 28
322 22
376 10
251 32
56 10
175 19
195 20
155 29
248 28
7 3
239 26
478 26
420 9
313 13
414 21
190 14
172 3
324 11
92 6
335 16
419 13
278 2
128 21
130 11
184 4
366 31
106 15
180 21
375 16
62 1
316 15
198 20
465 17

