64
335 30
135 16
3 30
167 11
273 14
281 7
137 25
107 12
163 11
415 19
427 3
232 7
363 10
96 10
20 20
90 18
145 17
309 28
150 27
10 22
36 26
413 28
326 23
128 5
289 18
279 16
88 7
458 30
44 10
299 19
229 21
120 13
113 5
224 18
255 14
387 7
375 3
314 25
169 9
245 26
335 19
377 14
89 30
76 8
239 18
46 3
114 30
192 10
94 23
191 32
500 2
490 11
376 8
279 29
96 31
206 10
249 30
56 10
267 3
469 2
356 11
324 26
32 19
47 9
282 30
324 13
315 14
7 2
469 25
290 4
159 19
346 8
428 5
97 11
31 1
52 26
283 15
207 18
242 22
290 11
343 2
303 17
131 14
50 3
446 16
162 29
38 19
216 18
259 20
364 29
432 7
379 31
141 9
380 22
190 10
256 16
339 23
40 25
72 18
67 9
133 32
325 2
87 8
339 9
407 14
486 15
116 28
53 9
300 28
342 2
157 30
225 15
8 17
463 23
58 1
299 2
461 4
415 19
219 22
95 6
455 32
464 23
147 32
31 31
3 28
140 32
321 16
154 12
332 21
110 1
497 1
134 21
236 5
207 14
302 2
79 28
85 6
30 28
261 16
382 32
284 25
275 4
88 12
136 8
396 17
12 21
357 10
53 20
46 16
398 7
265 20
454 17
222 20
432 30
247 5
449 14
185 27
486 5
3 1
44 6
69 19
494 2
52 3
369 9
362 22
295 2
94 17
326 3
436 30
352 6
70 29
64 31
375 5
231 29
373 14
479 21
180 28
218 28
74 11
180 15
204 19
60 9
427 2
315 6
495 11
395 32
319 30
22 29
210 32
126 6
377 28
375 13
279 16
492 21
30 11
139 26
349 19
382 31
288 13
340 18
215 15
49 29
396 15
429 14
26 18
39 27
361 13
15 4
61 14
344 22
380 26
27 21
32 17
207 31
309 23
304 19
485 1
259 16
127 7
189 28
445 16
258 5
344 28
444 24
129 31
346 1
121 28
441 4
132 7
175 8
45 18
314 1
34 8
113 32
111 13
164 7
380 17
359 24
397 19
479 21
293 28
237 9
48 9
121 3
176 15
471 12
476 4
453 18
60 29
169 26
69 12
76 5
309 10
376 9
292 10
433 13

