64
320 19
210 24
55 2
324 28
68 23
73 15
186 17
176 17
47 26
2 11
266 6
375 19
207 6
187 16
13 2
97 8
376 18
115 26
308 23
94 11
161 18
381 19
314 20
131 13
137 4
19 18
297 1
273 27
118 19
386 11
232 27
166 8
492 17
241 31
71 22
377 19
55 1
281 9
17 7
433 1
394 11
259 18
47 23
44 16
341 22
498 29
116 12
384 27
296 4
258 2
162 2
448 32
95 25
288 23
491 28
115 9
22 9
426 16
255 6
436 8
103 25
372 10
448 7
28 31
230 29
460 3
123 20
459 1
136 10
179 10
318 13
362 11
370 12
463 20
109 26
423 11
182 30
280 22
48 23
224 14
444 20
20 18
91 18
486 18
428 8
55 1
12 13
139 9
408 5
357 8
350 23
78 16
425 5
161 24
367 24
453 14
419 21
79 17
154 16
438 1
283 29
381 11
465 12
175 32
472 15
239 14
14 24
353 26
376 1
261 22
100 22
404 3
390 2
379 15
102 21
328 8
13 16
30 25
431 5
200 11
439 30
76 24
253 20
389 16
496 2
221 11
67 8
113 32
310 32
350 27
12 29
146 4
441 20
352 7
84 19
125 10
488 8
474 4
331 18
71 14
215 23
273 9
119 5
88 8
432 22
42 23
170 3
318 30
66 21
481 13
71 21
171 22
9 24
353 23
209 11
369 28
66 29
408 32
81 12
315 5
489 8
455 18
246 21
120 32
145 20
312 16
408 2
125 4
181 30
459 2
252 31
17 9
319 32
204 27
475 14
263 11
77 26
325 31
46 12
486 22
395 9
405 6
335 10
422 3
211 4
256 14
206 32
335 28
400 30
478 10
408 21
189 32
14 17
158 27
308 27
248 26
496 21
207 14
238 8
196 4
359 20
113 12
427 7
143 18
337 29
52 16
213 16
431 30
104 13
136 27
435 7
316 10
387 18
463 24
354 7
423 4
462 12
480 12
334 22
66 22
94 25
117 2
60 20
383 7
340 22
277 6
253 20
408 23
317 6
467 30
380 9
234 5
128 17
433 6
38 14
335 24
466 32
289 13
203 24
39 18
393 19
19 9
258 6
136 10
148 14
96 23
194 9
72 10
97 12
487 30
353 9
117 30
328 14
194 26
429 28
423 17

