64
287 3
138 18
330 21
46 32
131 28
490 28
17 18
428 1
268 15
382 25
184 30
361 32
452 15
15 15
45 10
392 23
20 1
52 1
129 21
245 28
373 10
215 1
348 14
446 27
224 3
192 20
256 12
135 32
478 29
358 26
138 25
57 17
482 24
61 14
57 17
73 29
95 31
169 22
280 30
408 8
293 3
263 32
354 13
459 7
397 13
57 14
121 17
394 30
72 14
268 20
463 20
260 25
127 13
350 30
394 29
113 10
208 31
438 13
123 8
96 19
268 20
404 25
264 29
194 11
455 1
315 9
301 14
325 7
354 14
36 4
430 9
285 9
375 22
402 18
322 9
16 17
500 4
181 31
272 31
449 10
187 7
346 19
41 18
117 14
195 29
493 9
153 30
465 11
203 6
376 16
214 32
317 9
367 9
179 2
223 16
216 6
94 29
100 10
83 17
232 13
221 8
253 17
205 6
103 24
435 23
487 25
74 7
65 24
4 8
429 22
223 4
339 12
57 19
6 15
7 13
267 15
312 16
303 25
441 25
480 31
87 22
227 4
121 24
451 12
387 20
53 21
375 28
128 23
34 21
273 16
221 32
470 21
263 28
253 3
380 28
429 3
49 24
478 13
299 1
496 13
12 25
497 10
144 32
21 1
461 5
68 21
36 13
417 18
160 21
352 27
104 21
357 1
140 3
25 26
319 5
326 22
273 6
67 16
1 31
444 25
232 31
346 7
251 22
65 18
135 12
300 26
400 9
94 11
47 7
180 13
343 9
194 7
382 32
382 19
347 5
47 2
39 24
196 13
358 32
50 24
380 9
285 11
61 11
22 27
201 25
471 27
410 8
361 15
276 22
25 6
122 12
403 28
167 14
152 16
210 5
71 25
253 24
219 30
86 24
272 18
293 31
384 18
110 12
344 13
189 1
62 26
144 24
173 14
266 28
38 19
376 4
415 12
463 13
145 28
77 1
37 21
363 24
422 4
367 5
413 3
485 2
216 16
142 16
142 31
63 27
381 10
138 27
418 25
131 30
352 11
330 1
279 28
12 4
368 27
317 16
285 13
253 25
133 10
92 26
152 19
304 24
444 17
30 17
393 25
127 29
423 12
189 2
500 20
253 7
430 13
498 11
426 6
419 22
348 10
183 23
16 2

