64
246 1
440 24
157 2
489 12
149 30
344 16
367 19
361 19
235 13
471 14
137 31
497 2
254 12
72 8
411 16
138 17
8 14
300 4
491 4
180 31
293 19
495 23
305 23
37 27
419 27
385 19
33 29
48 26
500 16
213 15
219 31
271 14
132 6
94 26
209 1
112 9
499 6
11 24
312 7
194 31
109 26
489 25
310 5
278 30
360 19
424 18
193 10
7 28
115 16
297 23
76 12
175 3
70 29
378 13
435 11
315 3
353 28
35 26
192 12
175 19
154 2
480 14
495 2
21 25
86 29
283 1
429 13
87 26
345 28
230 11
239 17
25 11
200 7
456 11
75 27
293 16
432 32
74 7
109 6
387 18
115 14
59 11
182 21
392 3
461 9
9 23
17 26
493 4
148 4
162 18
430 10
450 26
429 31
140 10
320 30
83 6
251 13
328 5
138 19
311 18
192 19
352 20
56 8
480 12
143 5
277 9
447 30
286 23
304 1
412 32
154 27
261 9
339 21
189 8
159 19
129 2
21 32
262 17
323 13
484 18
233 24
390 31
190 27
406 17
451 21
468 24
367 21
212 22
21 12
385 15
250 22
233 3
345 6
51 28
438 14
485 2
145 6
53 26
400 22
179 26
330 26
157 25
78 17
254 22
120 10
129 26
355 21
344 20
206 14
219 11
279 27
16 31
428 12
109 31
229 3
380 11
488 8
107 10
256 16
367 20
201 3
449 24
207 8
107 16
37 25
258 15
231 6
89 18
193 5
336 18
39 7
184 3
454 30
296 6
1 10
289 5
9 5
460 3
380 6
183 32
94 12
230 16
65 26
333 2
219 16
235 5
86 14
135 4
207 18
101 23
92 1
463 8
477 23
18 16
192 28
123 26
492 28
313 24
373 10
369 19
369 11
200 15
20 30
198 2
116 26
488 11
390 19
10 30
225 27
73 4
431 27
257 30
398 6
181 10
271 14
65 7
4 20
297 16
301 6
305 32
143 9
474 24
95 27
249 3
214 1
438 12
367 3
269 16
468 29
386 22
202 22
228 2
417 17
285 25
18 1
133 21
233 2
396 3
293 1
145 18
317 11
353 28
481 5
151 20
273 4
37 11
189 4
384 1
288 28
322 10
256 18
318 5
115 9
167 15
61 12
116 10

