64
34 26
399 15
461 9
315 15
420 13
242 3
21 8
420 27
119 20
453 22
348 18
302 18
440 2
465 5
216 8
376 6
373 6
260 25
294 2
140 21
350 21
151 18
24 26
360 2
394 29
376 29
470 21
106 5
498 22
350 6
61 29
167 30
498 30
118 16
351 29
208 12
341 27
274 12
280 9
358 1
149 5
118 19
261 11
27 14
145 32
175 29
452 29
490 30
470 16
445 24
68 16
224 29
214 1
476 30
481 21
370 14
417 27
248 17
62 22
491 6
354 17
262 17
210 28
458 7
63 26
203 22
258 2
242 19
274 26
168 10
402 14
87 7
376 22
51 13
164 21
346 1
58 20
25 19
415 31
149 25
88 23
458 1
480 32
20 25
121 3
63 6
428 25
44 24
187 3
444 26
487 22
218 28
453 10
162 23
76 7
195 32
217 28
360 21
55 19
153 19
270 15
49 5
68 4
352 22
38 32
103 29
141 8
420 29
413 6
311 25
96 1
152 8
8 23
360 23
242 9
89 31
431 1
59 30
81 31
103 10
410 1
346 18
228 30
142 25
51 32
129 14
308 8
309 27
494 17
229 7
237 26
97 15
306 8
17 30
270 31
208 3
176 13
228 7
22 1
395 12
24 15
69 31
6 14
497 20
250 10
86 22
395 31
4 28
394 16
438 11
343 1
341 14
401 32
272 23
140 19
346 31
393 27
197 23
144 21
250 5
122 3
82 32
73 29
68 6
309 21
128 27
353 28
20 1
239 27
175 26
161 25
244 14
287 20
304 26
337 13
26 6
91 23
178 16
395 1
129 31
453 5
205 9
428 32
57 27
71 32
248 7
456 12
136 10
283 23
375 7
195 32
281 18
210 18
301 8
54 21
159 6
389 31
310 25
291 22
187 25
153 6
295 12
277 19
53 16
73 23
382 12
30 2
405 11
119 29
195 4
337 25
29 10
419 22
246 21
408 20
273 32
217 12
224 10
350 32
405 6
407 14
41 12
448 13
379 2
353 9
90 26
277 14
267 23
160 4
108 15
443 24
330 15
299 25
4 32
33 16
422 15
46 22
78 13
463 16
262 11
380 19
356 24
173 6
55 4
133 26
250 31
393 31
438 20
336 5
191 16
201 24
10 18
130 23
90 16
395 11
258 30

