64
27 16
160 2
85 5
461 12
185 31
275 11
334 25
162 9
260 32
353 28
58 4
221 23
277 30
2 27
351 19
170 5
266 21
134 22
405 2
317 2
265 31
332 22
408 9
458 19
69 18
246 14
173 31
192 13
180 2
171 14
228 32
463 21
372 24
46 13
42 10
422 26
304 25
107 31
98 12
82 10
78 31
143 18
497 26
403 25
379 5
410 14
117 24
154 24
320 11
468 9
264 17
18 28
142 16
482 11
391 11
256 24
94 10
70 6
83 8
470 30
248 4
271 16
455 13
204 10
475 11
486 11
412 19
10 5
330 31
495 29
258 2
40 19
351 29
144 13
432 22
98 16
345 21
395 19
497 6
425 23
473 14
61 12
117 6
492 2
413 30
370 14
439 18
224 9
222 23
73 18
480 31
185 4
243 31
475 19
233 19
209 21
160 10
292 32
43 15
426 19
120 31
328 10
56 31
198 30
270 6
283 1
292 15
425 22
101 27
272 17
149 17
389 12
306 4
436 8
314 13
7 29
155 26
342 27
89 23
340 14
161 6
458 32
292 18
486 32
484 29
77 24
441 21
292 6
497 15
446 10
87 8
95 5
489 12
155 25
179 22
286 31
171 20
290 14
329 19
58 17
384 30
296 28
450 11
422 10
165 15
108 19
22 26
196 22
193 22
439 7
400 20
209 6
23 3
384 12
125 1
368 4
426 3
36 15
102 1
25 6
27 12
221 4
37 16
409 9
469 7
452 16
275 20
290 1
10 9
500 11
465 7
346 6
382 13
468 23
393 12
452 27
327 20
318 27
439 23
444 8
277 19
275 23
406 12
200 28
88 3
402 28
270 19
145 19
184 21
337 12
308 4
347 23
312 4
349 26
94 20
157 23
390 24
125 12
199 4
415 23
227 12
190 16
266 19
350 29
3 10
229 6
473 15
148 4
294 13
386 12
492 30
462 6
177 14
381 24
262 23
162 24
462 31
187 31
241 8
380 23
221 4
109 29
386 24
181 3
104 30
418 4
311 15
181 16
317 25
363 14
207 20
269 16
430 11
246 3
342 9
117 2
436 21
310 29
481 30
204 16
259 13
383 22
352 27
409 24
475 11
449 1
498 9
348 15
23 30
449 4
422 10
481 18
142 2
234 10
484 13
410 26

