64
372 14
401 11
293 27
230 27
415 16
212 20
100 7
217 25
318 15
18 23
50 1
222 16
268 8
95 28
7 31
492 26
60 32
312 16
290 21
462 24
352 1
35 19
191 23
115 17
78 20
223 11
145 20
98 28
155 12
379 13
447 6
391 22
317 10
210 30
95 15
13 2
196 31
101 22
150 31
246 27
199 13
205 7
264 31
458 27
50 24
431 20
409 13
354 1
23 15
182 21
437 18
266 12
92 10
370 5
285 7
319 27
287 4
177 19
178 2
173 11
321 19
75 21
424 8
305 22
194 18
266 18
383 31
114 18
453 31
67 17
301 21
219 24
260 11
342 25
380 22
368 4
468 2
132 7
221 12
40 30
125 5
395 31
40 12
332 12
194 6
80 15
135 6
286 18
396 15
183 27
492 14
178 11
491 21
202 23
448 13
328 28
398 2
430 21
434 9
484 23
11 27
121 9
212 10
38 15
384 4
85 27
269 6
186 31
422 23
25 25
479 8
144 20
278 13
368 23
185 7
337 3
265 18
339 32
67 5
286 19
448 22
29 25
131 18
179 20
452 12
124 11
407 31
362 28
339 6
246 32
432 31
70 13
244 13
172 10
489 26
112 24
327 9
356 10
58 7
213 2
442 9
144 4
455 9
236 18
86 17
21 26
267 18
214 30
202 17
172 14
46 3
330 25
127 21
34 5
275 30
46 12
286 17
268 13
45 15
386 7
187 14
500 14
199 5
463 29
301 18
294 31
121 15
71 31
12 24
283 30
53 8
354 27
220 25
431 17
475 4
99 5
277 22
466 15
14 29
227 14
118 21
160 2
495 2
337 6
37 3
292 14
151 13
132 2
117 14
338 11
81 8
455 1
237 1
183 22
405 26
416 10
430 15
260 16
157 12
282 9
418 25
486 24
69 29
494 9
30 11
479 26
471 1
170 15
409 9
161 29
262 8
335 15
2 18
318 6
393 19
55 10
375 4
434 15
9 27
331 10
461 9
352 23
298 29
342 10
373 10
19 6
429 13
380 6
298 18
440 26
500 26
55 15
237 4
21 29
266 20
487 3
364 10
9 5
210 30
219 11
55 21
272 23
441 4
117 30
201 8
483 24
253 25
426 29
377 3
86 26
2 32
220 17
261 21
230 14
282 4
256 25

