64
192 10
68 15
266 23
12 7
99 26
280 30
315 5
369 4
40 6
146 13
224 32
299 3
191 21
75 15
459 7
304 6
384 15
428 1
169 32
227 27
437 31
333 4
115 17
239 15
122 20
407 13
492 5
335 2
1 29
100 15
483 11
164 18
125 8
218 29
383 25
264 31
155 16
422 25
296 9
275 21
248 2
317 15
442 15
272 31
411 32
457 13
126 1
462 3
212 15
43 14
327 22
412 29
253 14
102 4
198 28
168 17
113 24
388 3
486 15
349 16
234 13
492 24
425 25
110 20
484 24
81 14
162 13
143 18
30 32
314 15
323 13
375 24
317 30
342 10
273 26
402 26
198 21
217 19
346 10
462 21
330 7
490 15
239 12
256 12
227 21
346 6
402 24
337 6
334 22
223 2
71 8
315 20
369 12
242 10
209 12
246 22
450 31
232 4
219 4
455 21
408 8
346 25
223 22
82 20
415 13
217 25
280 16
105 16
267 18
65 15
105 22
217 14
397 8
241 31
139 31
411 3
198 13
411 5
494 25
180 13
149 13
245 24
280 17
280 22
251 32
372 31
6 8
409 10
92 29
368 26
48 26
480 1
238 23
369 8
383 29
492 19
149 24
162 4
289 17
325 11
285 28
245 6
340 21
43 19
6 22
160 13
391 8
149 21
382 18
212 12
418 15
498 22
142 7
345 14
100 17
172 8
68 1
377 15
125 27
189 6
32 13
34 30
340 31
402 17
52 13
188 29
19 25
238 1
343 10
294 22
454 6
177 5
86 9
132 26
175 20
192 18
372 17
480 19
259 1
135 30
198 30
334 8
6 11
80 21
356 22
142 13
43 7
386 32
75 5
41 18
40 24
455 24
309 18
474 23
19 13
81 32
282 14
135 32
189 15
488 12
292 29
409 30
299 10
165 18
14 21
123 5
437 5
168 21
215 6
15 9
102 31
300 27
213 14
22 5
352 13
148 31
490 8
180 12
201 24
13 30
401 31
119 25
416 30
285 26
279 23
214 20
98 9
467 2
150 8
414 18
349 21
496 30
469 12
477 13
371 6
235 15
328 13
459 7
342 19
76 13
246 1
204 31
5 14
4 31
10 5
8 10
477 31
47 21
178 15
318 13
364 12
171 24
108 2
138 1
224 30
421 29

