64
72 5
338 1
444 24
181 18
86 31
149 23
94 20
49 4
421 14
113 28
196 25
21 6
156 4
50 19
325 18
263 8
86 5
200 1
416 12
131 13
374 3
63 7
454 11
27 26
128 11
121 7
371 10
129 22
409 18
325 29
408 3
332 25
39 12
374 2
115 12
454 1
134 16
159 3
330 17
164 17
176 16
484 30
425 4
276 5
345 28
121 24
186 5
245 5
188 10
382 6
325 20
494 2
55 13
248 29
41 31
397 24
194 4
466 7
195 9
155 28
340 12
291 1
432 3
453 31
208 11
124 32
22 10
193 32
474 4
16 18
202 9
82 16
144 31
218 19
287 32
230 10
351 32
354 26
259 15
104 14
345 28
350 22
197 14
145 26
482 17
35 19
425 20
282 4
14 23
258 24
427 3
277 1
359 11
263 5
141 18
434 17
445 31
202 17
325 26
162 30
358 21
192 2
164 18
202 26
176 27
329 30
446 18
231 32
440 25
124 20
210 21
416 23
192 9
499 32
314 17
25 12
209 12
305 12
393 18
401 5
465 22
22 10
187 32
417 2
96 12
57 2
300 24
164 19
88 30
210 1
26 14
424 18
154 25
458 22
86 2
466 22
439 28
163 29
91 7
102 19
322 18
48 18
129 11
316 8
76 22
321 22
111 20
187 28
176 4
162 22
206 11
163 28
466 10
121 1
108 22
447 2
232 6
255 16
408 22
280 23
447 32
288 14
47 19
173 31
322 26
336 27
313 30
23 10
27 15
186 23
364 28
268 11
329 10
307 16
147 18
423 10
389 18
3 3
184 31
9 26
213 20
384 29
46 10
154 24
48 16
410 28
175 5
210 12
254 32
91 13
305 1
346 1
75 12
480 22
226 4
115 2
36 3
314 9
108 4
356 4
159 14
271 29
146 4
188 32
348 3
152 20
143 1
197 21
48 24
327 21
219 25
415 18
143 20
38 7
47 26
258 9
363 8
390 24
211 13
111 14
207 2
62 18
110 22
418 13
489 16
134 7
389 24
313 3
127 18
485 2
447 18
230 17
473 15
169 4
196 31
93 10
393 18
103 2
467 1
363 19
468 16
162 24
395 18
239 17
27 3
46 14
169 28
134 13
246 6
28 5
285 1
47 5
330 9
234 25
373 20
251 25

