64
127 30
131 20
296 29
77 18
357 6
465 16
319 15
5 15
293 5
237 23
75 7
490 15
38 18
34 28
483 17
230 1
490 12
52 5
472 17
478 4
286 6
280 4
17 8
150 25
245 14
7 7
432 21
417 5
154 15
229 5
275 14
97 12
21 25
400 32
129 6
320 30
171 23
222 31
86 19
200 10
257 6
352 20
406 5
9 32
423 25
196 17
398 8
312 30
144 11
261 8
88 32
38 27
234 7
149 20
481 16
353 25
406 13
129 15
177 5
370 3
225 17
147 2
61 14
243 24
168 27
328 8
435 5
218 16
327 26
191 3
66 32
396 31
452 8
133 28
12 27
78 8
271 16
209 3
33 7
91 20
305 26
159 27
486 28
111 8
446 13
118 31
196 5
185 23
388 9
126 23
23 15
486 14
278 6
180 26
348 10
362 13
39 8
243 32
248 17
187 25
358 17
407 9
21 19
52 1
259 17
159 30
232 21
279 29
42 26
319 6
80 4
394 6
51 24
494 14
193 12
194 6
188 28
454 17
394 13
469 9
34 7
138 29
327 16
125 21
77 15
110 12
326 11
126 29
490 23
378 10
2 16
231 30
375 29
398 25
41 30
125 6
48 6
190 31
381 27
95 29
313 12
317 27
58 26
367 23
264 32
229 17
167 15
454 26
495 27
14 20
272 18
461 28
103 27
46 11
169 12
143 29
47 15
471 12
252 13
150 23
433 2
280 27
41 21
344 27
288 5
422 7
198 7
230 12
237 27
486 21
118 29
237 28
439 8
119 19
44 9
409 32
350 16
279 26
125 14
277 20
183 2
174 8
432 28
384 8
382 9
424 28
349 13
367 16
220 30
182 7
458 10
443 15
482 1
49 30
46 29
221 32
226 10
460 6
149 27
29 27
63 9
234 8
465 12
403 8
437 24
298 14
377 20
405 26
164 5
167 2
481 7
289 30
485 8
215 21
294 16
367 5
48 4
120 12
52 2
47 24
457 32
86 25
288 2
43 7
146 9
12 6
152 9
183 32
252 6
120 18
345 3
254 12
290 1
255 21
246 9
33 26
348 18
238 27
311 4
290 24
193 9
433 28
305 31
331 1
216 14
454 24
140 7
451 22
431 25
122 8
357 22
81 9
123 18
191 25
450 4
240 2

