64
192 22
89 6
99 11
389 20
89 14
488 14
43 12
166 32
33 10
149 22
161 4
115 30
61 15
444 16
201 4
268 20
177 32
293 11
178 5
142 7
34 1
472 12
352 21
480 4
214 28
365 10
251 8
439 19
10 31
386 18
362 1
306 26
213 30
312 10
335 1
360 20
433 3
296 13
320 11
372 21
106 9
111 4
420 5
19 5
431 24
343 4
261 28
181 25
449 32
214 27
148 18
355 1
108 14
69 11
276 28
312 29
380 30
88 19
470 22
80 5
362 14
248 6
273 5
446 1
124 31
208 4
436 10
408 4
211 16
174 14
119 13
422 15
258 9
149 12
467 24
184 12
1 23
153 13
211 14
346 31
460 9
310 28
114 5
143 8
44 12
365 30
153 30
160 2
146 13
489 4
388 28
143 9
103 31
13 13
96 2
351 24
410 12
155 27
376 17
50 3
464 22
433 20
199 12
378 25
104 2
308 28
390 11
232 16
449 24
360 21
454 7
452 3
370 30
90 2
106 31
368 9
405 4
389 7
96 18
299 7
335 27
42 16
261 5
271 13
221 27
105 22
341 12
240 18
365 21
159 22
172 23
243 8
178 27
30 9
100 13
324 30
139 17
10 11
342 12
459 18
410 24
291 6
471 30
312 12
63 10
9 6
348 31
161 26
85 26
2 4
222 17
118 12
394 15
110 23
110 13
500 32
132 14
473 6
171 28
493 29
458 18
170 5
456 14
34 9
224 32
224 13
212 13
157 17
23 14
191 21
334 14
4 29
331 24
271 6
112 19
86 25
116 4
225 20
437 27
464 24
146 7
309 9
232 29
314 14
230 32
386 4
194 21
232 8
217 2
377 32
469 15
248 24
422 20
359 2
434 6
222 7
361 30
288 32
494 9
197 3
456 15
342 21
323 6
377 15
131 9
70 27
419 5
387 8
493 29
50 6
271 3
209 15
152 28
74 25
448 26
423 11
56 1
256 11
190 28
121 12
236 7
123 27
211 25
346 3
457 11
333 23
369 21
209 12
388 18
368 19
108 31
441 19
407 28
393 4
179 22
119 27
56 21
273 6
101 22
321 2
217 17
136 13
193 29
105 20
182 28
266 25
114 2
452 24
254 8
467 20
209 10
402 24
326 2
382 11
496 6
336 24

