64
230 1
151 24
365 6
152 22
34 4
147 1
224 7
19 23
364 10
232 31
245 29
333 18
296 25
12 13
82 11
338 27
327 12
175 7
337 10
472 2
109 14
366 9
89 8
239 12
65 3
210 25
207 3
155 2
483 22
230 16
452 3
79 10
406 29
469 30
430 12
316 18
114 1
222 14
65 25
5 25
431 3
142 25
109 28
194 31
313 7
359 16
341 25
41 22
393 9
191 26
5 18
359 14
39 5
171 27
245 19
435 23
93 4
367 25
223 8
144 15
482 6
150 22
142 23
271 18
403 29
207 19
171 21
228 1
201 26
163 21
277 13
471 1
377 25
422 15
248 17
486 13
270 27
254 19
325 12
148 16
189 14
338 23
122 2
419 27
167 17
267 7
29 26
16 13
278 1
356 18
353 25
458 6
475 32
236 4
439 27
83 19
88 20
337 9
189 31
31 16
187 18
2 12
239 29
324 28
305 19
393 13
371 11
278 30
414 9
349 20
247 19
331 10
54 15
43 27
422 21
302 28
74 31
175 16
172 31
180 24
29 24
133 28
274 22
449 11
127 25
391 1
431 5
59 16
387 29
78 32
377 19
120 23
34 2
262 13
496 17
32 17
217 8
128 10
278 4
29 28
76 19
480 6
491 6
341 9
490 31
241 19
1 4
317 2
209 14
90 5
223 18
433 7
489 32
132 22
339 4
373 30
282 13
123 12
242 23
205 20
85 29
98 6
8 14
471 4
47 21
272 25
386 28
411 30
467 15
344 29
54 4
70 8
272 28
163 2
359 7
97 7
163 26
380 2
163 19
90 1
115 13
330 12
269 24
77 3
134 28
244 24
192 25
79 15
209 17
180 7
460 4
361 26
25 25
496 3
443 1
248 17
1 29
260 21
20 4
208 26
312 23
397 31
115 15
169 3
67 29
241 22
180 22
352 29
342 11
95 24
135 2
396 23
474 3
256 18
194 3
351 5
265 27
359 7
425 16
54 7
432 18
221 11
247 12
167 20
122 6
427 32
307 18
94 5
328 1
126 26
15 32
378 27
426 1
10 2
320 11
192 27
60 4
213 3
335 12
98 4
345 1
415 23
198 25
283 6
209 16
47 28
87 28
206 8
364 23
361 11
481 17
285 29
168 10
51 3
229 20
162 5

