64
94 30
7 20
179 32
68 22
37 24
375 5
133 21
398 7
419 4
237 25
457 32
234 24
359 23
153 17
378 12
486 11
225 28
10 7
48 26
232 28
313 18
408 13
362 14
487 17
341 4
205 5
335 30
372 17
36 13
81 13
496 30
87 32
262 21
474 21
26 1
392 30
311 16
486 24
161 29
156 13
48 16
354 2
2 13
278 1
453 18
154 16
275 4
167 8
188 20
196 5
49 12
402 7
443 12
234 23
212 6
307 7
453 20
492 2
385 25
343 25
478 16
285 24
439 23
492 11
147 27
191 31
478 17
257 32
332 2
374 3
83 25
301 28
340 16
341 12
264 31
265 17
234 13
48 1
55 7
299 13
430 25
99 7
433 15
31 4
49 28
306 23
436 14
370 32
101 15
203 4
97 15
308 27
219 28
3 30
246 5
326 3
493 21
286 6
131 16
41 19
71 15
14 31
156 27
134 25
93 8
324 22
155 16
224 17
487 10
498 12
230 24
111 10
100 24
351 14
63 24
113 17
442 10
491 1
8 12
57 13
164 21
494 10
12 17
42 14
294 8
285 7
215 7
300 10
142 31
247 4
394 23
189 27
484 3
283 4
7 20
444 2
220 17
339 11
5 4
284 26
123 16
376 9
315 15
354 20
177 9
12 2
459 12
256 31
230 23
286 28
230 17
109 17
17 7
235 1
31 18
22 21
437 25
46 23
423 15
59 20
351 2
21 22
121 17
456 26
167 21
142 16
469 18
48 5
197 26
357 3
151 30
435 11
126 20
42 28
379 12
499 25
373 4
242 25
500 1
398 26
437 7
265 25
289 8
241 17
445 1
267 11
178 9
385 19
181 22
55 31
81 29
491 13
276 5
149 19
281 23
144 26
289 20
326 21
219 15
117 27
219 23
461 13
436 26
51 28
475 13
26 16
362 16
212 9
452 1
116 25
111 7
6 19
167 3
180 21
101 12
104 32
31 20
68 2
113 10
81 28
75 22
495 32
177 6
276 25
418 3
417 28
2 2
131 4
104 22
256 21
457 7
376 3
275 31
304 7
412 32
326 30
45 12
477 26
230 5
54 23
347 2
231 16
391 1
367 6
374 11
402 22
185 13
169 11
423 28
50 19
60 19
24 16
251 13
177 16
457 26
330 23

