64
119 20
33 12
364 5
98 32
243 14
129 4
218 19
364 30
235 8
65 20
310 12
168 14
485 3
464 17
94 6
75 16
125 3
348 24
252 9
431 2
498 12
177 15
162 32
180 4
296 21
179 17
132 27
242 12
153 10
157 22
379 31
162 7
394 1
195 9
305 21
490 30
388 14
16 29
409 24
297 20
292 23
309 11
25 2
242 13
459 18
479 25
333 8
44 18
148 30
370 16
66 3
105 18
80 24
206 28
167 14
44 26
181 20
84 21
105 26
86 32
427 4
104 27
203 23
336 18
88 5
5 6
267 13
311 22
80 4
186 19
370 1
408 22
136 16
106 8
373 11
155 19
458 31
410 24
257 25
213 9
302 9
202 4
29 4
118 25
379 11
59 24
235 22
1 30
161 23
461 13
1 12
184 15
226 13
470 30
337 15
178 2
103 19
410 12
242 31
92 29
181 14
72 19
319 1
488 8
31 20
364 23
267 19
341 8
491 11
326 4
345 11
169 15
86 10
282 19
456 29
151 16
226 3
254 13
499 17
376 25
41 7
411 3
490 20
151 24
414 16
11 22
34 32
408 23
109 30
150 17
266 24
52 4
78 2
388 28
250 3
104 22
57 3
449 2
118 3
230 19
278 20
492 11
271 11
134 28
440 11
296 2
138 11
401 28
4 20
291 30
254 11
395 30
465 11
208 2
145 25
316 30
28 27
289 31
205 10
30 13
408 5
54 21
171 18
112 27
93 7
132 26
1 10
7 29
73 22
250 1
354 17
195 26
371 7
32 15
108 17
423 3
385 8
411 3
429 7
433 29
277 20
366 29
294 13
445 18
142 22
138 16
258 16
377 16
18 32
406 5
320 25
139 4
304 30
110 25
72 3
105 16
162 11
328 19
47 4
24 24
465 22
35 30
345 15
53 27
22 10
339 29
138 6
44 2
379 6
26 6
252 14
1 29
304 32
220 14
451 19
390 27
256 12
192 13
187 4
167 8
405 5
401 15
334 4
336 12
301 9
365 16
194 5
169 14
44 28
199 6
482 32
112 22
364 23
42 6
250 8
461 7
64 17
197 22
157 4
461 29
448 18
213 1
42 25
342 26
268 9
283 1
332 31
190 19
401 23
448 15
290 5
305 10
121 9
103 9
236 31
86 23

