64
217 7
50 24
344 1
300 22
136 21
17 2
162 14
189 28
175 14
190 18
457 8
237 2
337 20
147 4
362 22
271 3
141 16
314 32
284 2
185 11
422 1
141 11
343 25
210 1
459 12
422 11
71 2
328 4
317 23
15 15
156 13
109 8
308 10
484 11
239 28
214 32
369 2
95 11
386 16
79 32
55 28
111 14
361 22
237 17
116 23
207 24
239 15
271 30
441 6
340 3
274 29
191 30
258 13
56 24
440 18
339 23
189 1
472 9
91 20
429 2
162 24
181 12
302 24
149 30
409 16
273 30
393 3
175 10
99 2
293 10
67 24
384 31
284 3
155 14
118 32
432 31
71 8
382 28
267 18
318 28
222 26
357 14
256 20
263 10
317 24
95 8
391 19
490 6
37 13
400 11
432 3
137 2
294 19
225 9
252 22
236 5
483 28
86 10
179 9
443 4
108 6
83 14
368 16
23 12
420 6
262 7
104 31
204 18
121 5
310 20
174 29
49 9
340 10
98 7
186 5
218 17
282 20
142 1
223 17
256 31
438 2
197 30
120 13
291 16
385 8
463 10
496 27
418 27
349 4
57 22
260 10
179 17
425 4
41 32
188 28
494 10
17 2
19 28
294 21
375 30
260 14
440 31
52 25
293 12
224 26
286 3
327 8
227 32
135 3
103 31
415 28
152 27
489 14
419 11
182 1
164 29
186 15
399 22
460 19
341 3
392 2
370 15
441 24
322 20
67 12
102 25
371 25
115 3
274 9
493 7
178 21
99 23
111 29
304 10
187 13
457 27
122 18
149 23
125 22
490 3
245 27
23 7
195 14
177 24
22 22
126 31
30 32
414 12
72 1
62 10
213 2
188 27
195 12
397 27
9 26
362 1
328 24
423 6
373 16
341 27
473 26
445 14
393 14
493 20
279 14
221 27
423 1
177 1
300 5
140 13
14 25
265 17
236 20
214 21
139 18
207 7
223 7
464 3
213 12
430 3
214 19
185 8
263 18
105 30
490 4
222 20
96 23
196 11
26 26
495 12
167 13
478 22
204 5
208 8
100 14
110 9
140 6
301 18
359 25
167 13
352 25
204 23
79 3
481 24
160 32
471 7
28 20
420 31
240 19
202 7
468 15
356 31
457 32
212 11
264 31
15 19

