64
313 32
241 2
173 12
126 31
108 8
416 25
490 24
446 11
78 22
194 21
133 18
12 16
398 21
290 2
378 29
154 22
484 26
491 20
461 28
442 8
115 5
345 16
336 2
47 1
287 8
45 19
102 8
303 7
421 16
173 6
180 14
43 7
71 17
318 11
148 11
450 14
467 18
69 10
83 23
67 10
411 31
140 24
167 30
214 3
385 6
440 24
211 2
78 25
366 23
15 29
5 21
478 15
110 6
477 25
365 3
266 27
5 29
138 7
199 15
313 7
89 16
351 7
85 28
284 2
323 2
314 19
466 7
2 28
41 26
120 9
372 21
31 28
141 20
103 11
222 11
478 22
371 16
313 11
255 28
257 29
97 10
460 19
65 17
490 29
290 1
213 5
197 7
240 5
114 2
232 27
109 1
497 7
388 13
285 26
256 29
275 4
315 6
118 23
46 3
187 31
419 23
347 23
493 2
156 22
280 11
144 16
299 32
218 26
152 6
383 19
395 9
463 9
242 12
143 3
39 17
121 17
79 3
276 3
405 3
28 8
373 7
423 23
15 12
60 18
141 2
425 19
451 27
299 24
318 25
479 20
121 27
17 15
418 12
121 2
426 8
357 26
171 31
468 21
418 31
202 26
320 10
149 10
364 7
314 10
240 28
389 8
242 1
411 19
48 7
184 25
31 28
270 29
318 1
89 3
467 22
349 31
268 9
260 3
295 9
164 14
364 9
246 26
161 12
468 21
38 32
33 32
43 31
472 21
95 12
299 30
350 19
52 1
495 3
99 10
236 15
175 15
19 12
408 31
279 20
239 9
379 32
236 13
278 4
133 28
119 24
137 16
282 20
436 5
351 19
270 2
1 4
36 23
68 24
49 6
171 8
14 29
411 22
321 4
161 10
263 7
89 24
99 10
439 6
498 1
272 27
226 24
63 18
142 14
57 3
179 19
330 1
127 16
498 23
483 14
104 17
436 32
348 10
62 19
420 23
279 7
30 21
167 16
118 12
425 14
350 15
252 23
351 14
122 4
28 24
5 4
53 5
175 16
178 12
390 29
499 21
140 20
173 2
323 14
317 31
315 27
53 26
49 28
499 23
103 10
478 16
361 22
252 16
134 1
475 7
378 29
191 1
204 3
26 18
356 14
124 10
360 29

