64
44 28
291 19
9 31
19 18
377 1
127 2
339 23
441 31
217 13
196 9
207 2
427 11
7 17
457 4
94 12
406 2
232 29
412 24
271 2
493 15
438 7
429 12
286 1
3 2
150 6
331 28
400 1
54 10
138 7
329 23
22 23
424 25
135 11
345 13
321 25
403 14
160 11
34 29
52 4
150 25
437 8
112 16
441 26
93 26
28 6
364 17
360 8
154 14
326 26
102 30
186 20
404 17
187 5
493 10
176 11
142 16
474 21
448 26
122 24
195 13
313 3
402 24
198 7
369 27
404 30
169 17
326 4
138 16
360 14
101 15
124 26
146 10
198 29
215 28
337 22
320 17
320 5
173 1
127 13
39 10
363 19
175 28
278 28
51 29
145 3
23 1
96 9
70 9
465 12
464 25
397 12
302 24
356 18
84 27
218 19
216 8
181 30
119 27
405 13
299 2
171 2
170 10
342 11
411 14
374 22
459 23
361 16
338 17
85 6
403 30
396 14
234 28
212 8
238 4
225 13
369 3
358 6
13 23
128 31
356 6
148 10
476 21
73 9
77 25
86 15
163 5
300 28
261 7
451 22
331 23
34 15
422 15
89 6
293 4
208 9
273 23
314 4
67 11
413 15
247 26
325 25
35 25
8 31
339 23
292 9
485 22
72 6
272 12
191 9
79 14
65 24
457 2
451 15
320 7
370 15
65 26
327 31
22 27
245 17
145 16
233 29
65 16
387 9
167 13
253 10
31 1
449 31
250 27
213 14
466 10
488 2
276 2
332 21
352 28
9 12
463 30
477 16
397 11
420 8
143 8
161 17
192 17
363 9
211 28
362 12
157 17
409 8
15 12
433 14
167 1
214 18
386 2
213 11
404 24
198 2
155 2
423 6
170 1
490 28
360 4
260 1
52 20
152 6
408 4
284 6
377 13
407 2
38 23
396 25
102 29
190 12
6 12
453 15
101 31
259 8
146 18
180 21
37 16
115 4
267 14
222 23
98 32
109 7
99 4
427 4
301 24
308 30
432 32
185 16
406 23
343 31
164 31
452 12
206 14
496 32
167 25
319 20
196 15
398 14
282 24
198 18
143 1
92 18
468 28
309 30
422 24
480 25
378 15
284 3
348 19
406 22
347 24
129 3
2 2
40 24
53 1

