64
318 30
224 11
409 9
131 21
374 15
362 26
476 12
413 11
391 19
316 10
59 22
146 25
500 29
198 11
188 13
176 30
11 7
272 15
335 18
3 25
452 16
378 20
420 30
418 2
144 17
408 18
486 29
223 21
197 4
287 21
153 2
242 27
65 25
285 23
118 11
311 10
207 32
349 22
329 26
287 13
202 2
378 16
99 8
24 23
224 3
31 28
328 28
242 12
340 30
143 30
368 17
379 2
141 3
199 13
196 14
145 5
383 23
436 13
474 24
480 9
326 14
276 29
338 25
45 29
98 11
134 30
139 32
39 11
442 22
452 29
279 16
386 17
118 21
346 4
336 1
492 5
38 16
314 23
488 10
404 30
248 13
51 14
253 25
369 14
382 16
183 16
119 12
173 5
92 30
32 12
46 19
440 11
142 17
162 10
314 21
67 13
453 1
151 13
261 19
251 7
42 5
154 32
204 22
248 15
399 11
426 16
154 10
231 31
470 28
128 20
308 14
196 16
14 26
317 7
68 23
121 13
351 2
269 10
304 16
52 10
147 18
498 24
343 20
298 20
471 30
299 30
323 7
241 25
44 9
315 12
475 11
220 25
60 4
434 3
208 26
269 14
315 6
209 5
197 26
172 7
283 31
148 2
317 16
294 4
149 24
323 23
42 7
152 13
86 17
20 29
422 28
350 20
257 14
244 25
416 16
323 30
238 2
7 18
61 24
117 9
259 4
184 16
334 15
105 19
123 12
64 9
263 25
132 7
175 20
471 14
495 29
491 16
466 10
489 14
149 21
235 16
44 22
59 1
456 27
148 2
138 3
122 12
179 6
270 1
333 16
294 27
236 25
262 9
486 10
227 2
354 13
41 22
82 16
478 5
114 9
466 16
391 16
3 6
397 13
422 13
216 20
407 8
56 16
4 13
269 6
174 22
394 31
223 19
166 1
215 23
29 29
382 20
324 1
489 32
361 30
300 8
181 18
379 28
77 31
276 25
464 22
318 22
368 25
36 1
93 31
163 1
135 29
392 6
133 12
29 9
494 16
420 26
385 31
410 1
33 29
305 32
338 6
205 5
366 29
89 22
195 28
283 21
500 10
490 20
258 30
328 31
197 11
424 13
249 13
41 5
222 5
129 27
22 25
468 8
277 4
49 15

