64
214 25
233 12
160 14
69 16
450 20
31 27
72 9
62 19
142 26
260 11
259 28
264 2
395 17
500 23
423 29
48 24
418 29
371 29
82 3
104 15
306 23
261 1
51 7
431 8
212 23
106 22
378 26
284 1
450 19
103 28
128 23
211 5
283 22
121 28
372 12
246 14
210 18
54 32
180 1
304 24
379 25
213 8
482 4
232 27
483 31
154 6
337 9
6 7
446 10
334 21
53 11
346 23
288 16
374 20
440 29
211 6
142 23
425 7
271 21
54 17
343 23
66 7
423 31
297 28
400 14
389 28
60 18
66 19
189 8
166 16
320 16
445 25
299 2
436 1
378 1
25 8
399 6
250 22
12 26
393 11
27 1
214 30
71 24
284 19
423 22
387 2
325 23
407 11
404 26
43 13
182 27
204 16
360 1
253 3
202 22
485 32
130 19
165 8
182 13
311 8
398 29
197 6
83 3
197 11
296 27
471 21
158 11
409 21
183 9
92 5
10 4
112 20
126 1
43 31
77 21
262 14
253 15
47 4
413 3
174 13
334 4
389 19
22 5
211 25
162 30
89 11
378 32
14 23
180 25
14 12
113 27
229 30
233 12
201 26
370 14
58 11
369 6
45 31
95 4
299 24
409 19
130 2
290 32
493 18
404 14
77 4
132 22
233 17
285 1
214 14
10 15
209 31
420 21
325 30
212 19
121 25
361 23
110 22
98 18
323 13
311 4
220 7
409 17
159 25
89 32
198 31
198 30
33 1
11 25
483 10
331 19
194 15
205 28
44 30
257 11
154 12
118 26
10 6
178 8
70 26
95 3
420 20
25 20
260 19
12 18
108 22
197 30
236 13
457 8
407 5
350 20
280 31
285 1
196 22
12 1
284 14
383 7
101 3
359 21
293 6
102 17
64 10
54 31
403 6
134 1
74 23
220 26
153 1
198 24
170 2
316 5
19 27
360 16
309 6
480 18
439 9
206 6
83 15
357 9
472 10
145 29
473 28
102 21
220 16
177 18
361 4
398 31
394 1
350 27
326 17
156 17
114 13
470 12
323 26
384 14
316 28
190 4
243 32
468 19
443 4
56 31
488 25
237 5
62 11
435 31
267 10
355 20
154 5
279 16
354 18
473 1
41 7
12 4
158 28
98 20
123 25

