64
84 24
466 23
363 14
172 16
353 27
301 20
396 18
322 8
187 3
25 19
5 19
435 23
250 22
430 5
230 15
310 1
374 27
28 17
276 31
164 4
161 28
144 5
449 29
264 7
180 8
274 20
366 4
70 27
69 27
196 2
234 5
463 15
131 26
399 6
392 30
386 16
229 1
312 6
345 31
164 28
66 5
411 32
497 25
102 1
479 25
215 28
153 5
23 27
370 9
41 21
187 10
16 31
306 24
444 6
254 16
26 28
396 16
455 28
268 20
309 27
57 31
162 9
403 32
344 32
309 4
236 15
161 23
261 22
78 17
467 4
164 28
355 19
132 25
155 19
420 11
497 24
189 3
37 11
46 4
66 10
467 29
52 19
403 5
444 1
369 2
16 20
106 2
442 9
382 20
487 5
410 8
277 6
346 29
40 11
248 25
301 6
257 12
44 8
368 31
492 4
248 11
119 29
228 29
441 5
360 32
261 14
115 5
219 16
405 3
54 32
215 14
217 16
410 28
483 9
98 30
365 26
184 3
402 19
247 27
371 15
474 31
80 32
372 14
251 4
408 8
280 11
362 8
298 15
108 16
47 29
105 3
254 20
98 12
50 4
350 28
154 31
106 13
262 29
383 12
457 10
19 4
116 8
435 13
2 14
44 13
451 8
163 32
139 20
211 32
456 16
311 9
234 21
194 11
245 16
210 17
217 9
140 13
108 31
97 6
320 21
362 22
492 32
326 23
136 32
170 11
448 17
403 29
249 8
28 21
375 29
398 16
317 25
276 21
463 20
238 3
216 11
404 4
474 13
338 29
469 15
403 28
339 26
300 3
105 31
284 24
268 29
423 32
421 2
212 12
273 13
18 29
399 5
196 1
354 25
333 30
243 4
441 6
393 16
372 29
123 31
180 10
39 26
325 16
151 29
195 16
485 8
264 32
484 11
108 29
195 28
362 9
27 18
370 27
98 22
120 16
248 11
109 15
253 1
246 31
321 24
30 6
3 25
393 10
103 4
27 5
291 32
86 30
394 27
440 19
196 15
210 4
62 26
230 30
454 15
68 23
118 10
284 4
242 32
309 5
27 19
345 1
223 22
338 4
237 22
458 32
40 23
227 29
188 20
118 9
486 22
267 7
487 26
426 32
77 23
276 27
69 13

