64
333 10
409 31
71 21
276 30
70 26
226 13
67 25
66 11
378 27
305 4
345 14
142 28
20 27
485 7
356 25
8 24
199 1
266 9
281 25
302 6
231 23
107 5
152 12
207 21
322 31
44 2
464 17
481 12
323 17
122 22
290 25
218 12
249 3
460 14
376 25
83 14
491 5
254 30
64 32
374 22
470 9
255 10
305 20
269 3
200 6
9 13
222 6
180 23
412 11
352 3
103 22
96 18
475 1
439 10
308 1
275 30
81 22
267 2
265 27
216 12
276 28
9 29
153 16
319 9
179 22
55 29
456 27
78 6
351 29
319 27
181 14
492 5
327 30
350 11
144 10
110 23
493 14
267 6
306 6
414 24
255 24
116 6
322 2
491 13
62 26
35 26
107 30
206 9
135 4
227 18
325 8
48 17
454 26
314 19
251 3
94 26
399 29
67 12
254 10
244 27
71 30
408 9
155 18
313 21
21 3
270 1
226 13
13 31
335 7
289 5
257 26
442 3
295 29
375 20
270 6
215 8
248 2
220 30
87 32
247 7
274 24
303 11
37 24
30 11
494 26
455 6
404 13
405 10
257 23
97 14
100 11
69 31
285 4
453 31
23 15
330 4
214 12
294 10
447 23
472 32
493 3
42 4
175 14
445 23
428 9
160 31
56 24
374 32
219 26
62 29
376 3
388 13
23 13
43 17
208 10
113 20
292 22
299 26
451 3
100 6
487 19
256 30
190 1
233 4
158 27
352 1
185 31
474 11
124 4
380 15
29 12
382 25
497 24
138 3
126 2
28 4
348 11
358 30
116 30
149 5
384 1
306 21
239 19
331 10
146 26
44 2
405 25
346 5
308 12
51 9
73 14
249 32
65 14
161 4
47 30
452 3
162 13
55 28
239 21
466 20
299 29
410 19
286 15
308 5
442 30
230 6
140 26
490 4
435 2
235 17
163 14
115 28
147 9
76 25
406 29
121 12
401 2
258 14
340 21
131 10
275 32
499 30
41 20
469 31
490 7
159 20
92 2
328 14
442 7
475 7
295 19
402 27
180 16
233 3
224 27
300 22
426 27
115 18
138 19
292 3
489 30
483 13
223 6
170 9
64 32
215 14
442 1
256 5
276 16
492 19
202 19
53 3
293 27
444 27
454 3
113 6

