64
125 23
274 20
77 21
266 28
248 9
190 15
162 25
31 27
185 3
482 25
217 7
367 2
46 21
385 3
164 9
132 12
103 22
175 12
490 21
287 25
1 13
271 18
289 1
477 1
87 2
57 28
340 4
497 6
96 13
224 31
406 7
102 20
112 9
39 6
217 6
190 25
154 5
435 22
465 23
119 8
424 15
355 32
302 31
1 9
83 12
359 32
282 17
348 14
89 18
199 21
415 16
77 8
404 23
214 25
125 20
420 5
210 2
164 20
328 8
260 10
91 3
102 4
283 29
469 11
38 3
27 5
259 11
372 6
466 9
382 14
120 29
342 30
278 21
193 29
372 12
219 14
126 16
186 32
120 2
130 25
173 8
461 23
111 9
296 20
269 26
221 13
330 19
70 20
419 26
64 3
269 22
104 19
101 1
302 16
295 28
229 7
291 5
453 21
373 24
180 30
425 9
234 7
315 19
362 1
268 9
227 16
59 19
282 3
471 20
83 21
219 27
287 17
203 23
262 12
339 13
421 31
397 18
369 15
160 30
148 15
359 18
166 5
56 32
279 23
235 25
495 1
375 6
313 18
372 22
5 10
71 5
325 23
282 13
30 25
275 21
219 17
254 4
49 10
183 27
188 21
40 10
221 6
315 6
343 11
163 19
248 29
327 28
52 12
265 25
400 19
313 10
171 18
354 23
375 16
249 26
305 4
96 25
406 18
114 32
300 25
299 16
361 9
119 8
85 19
196 24
273 12
454 7
74 15
365 24
46 14
214 2
105 21
79 26
274 24
110 2
320 12
121 5
384 27
444 8
326 12
304 18
351 1
245 20
415 21
428 12
426 29
162 19
153 8
244 22
283 5
499 15
464 7
487 4
414 30
167 15
273 10
392 32
226 24
251 24
449 30
452 14
170 17
108 10
56 12
100 22
56 22
144 32
273 22
219 30
412 13
128 28
355 11
11 32
7 14
424 15
291 27
32 5
191 28
134 2
491 13
435 22
183 27
417 31
60 23
492 3
372 7
359 26
341 25
9 19
482 16
5 17
10 29
233 20
28 2
445 30
451 12
267 17
162 8
291 21
170 10
248 1
104 22
118 32
326 19
143 20
410 19
432 12
35 24
471 6
233 20
431 7
499 22
167 4
233 5
436 26
90 15

