64
81 6
79 22
336 25
270 8
61 19
242 25
392 30
495 23
56 28
454 27
421 30
361 30
15 27
205 29
76 1
378 8
178 25
281 1
441 10
89 18
208 14
134 19
56 8
241 3
444 26
153 12
123 9
497 21
255 2
174 10
478 15
189 8
359 13
20 24
370 16
301 17
494 18
379 9
413 11
11 28
17 8
423 27
380 16
480 19
177 1
316 18
55 13
309 22
177 1
65 15
492 21
179 13
2 2
385 30
28 32
474 16
411 32
239 22
19 26
276 31
74 4
201 8
300 9
393 8
41 9
78 25
377 21
17 2
314 26
496 1
149 25
441 31
68 27
52 7
248 28
485 13
271 21
300 14
46 17
249 6
353 11
118 22
83 3
311 20
92 22
292 20
478 4
2 6
410 5
336 17
232 16
329 30
357 17
423 2
173 32
339 25
350 5
458 8
147 5
383 2
426 14
329 8
258 6
153 15
86 24
28 10
11 28
319 11
484 18
472 12
117 19
385 26
471 18
101 29
462 27
58 16
8 18
495 25
419 3
136 32
486 7
321 32
18 16
215 14
85 22
361 17
200 29
18 30
291 10
490 4
452 23
343 11
284 9
428 30
335 11
206 4
225 6
168 18
369 14
447 21
419 24
153 11
256 14
492 2
491 2
150 26
380 24
105 32
181 8
217 11
446 26
39 2
152 18
115 20
439 18
325 1
221 13
179 28
351 19
374 17
4 3
135 11
366 15
250 26
122 7
117 7
240 19
440 31
212 26
263 2
115 27
210 19
267 13
15 1
411 12
458 18
262 28
500 7
182 6
229 31
68 5
73 11
351 12
402 26
65 28
63 16
454 28
70 28
364 16
337 6
323 14
243 8
89 19
267 18
344 15
128 3
191 20
69 9
63 22
454 3
337 28
10 6
491 20
362 31
15 30
332 30
47 27
477 19
169 19
460 4
89 19
274 19
138 18
171 4
164 28
178 24
343 24
494 14
471 31
244 13
108 15
378 6
353 15
492 21
97 27
384 2
37 29
316 18
351 15
225 22
314 26
217 1
293 10
46 27
268 25
452 3
215 17
232 16
35 31
440 32
173 28
21 5
332 20
438 6
174 10
47 12
416 8
348 20
29 25
175 25
33 22
375 23
306 3
314 5
329 10
176 26

