64
403 1
61 15
473 24
337 20
87 20
12 5
495 4
341 8
467 2
380 32
9 6
295 27
182 6
171 30
31 1
157 5
317 13
176 13
132 32
124 15
163 19
219 10
314 3
389 32
220 16
200 9
477 2
279 26
355 25
495 10
57 23
170 25
71 1
13 7
209 4
477 19
122 7
380 12
457 12
67 13
239 10
257 16
463 23
77 18
335 32
55 8
426 8
468 25
273 5
403 9
320 19
203 30
425 23
81 1
406 19
409 29
117 1
360 7
51 20
248 6
211 18
129 9
230 12
337 2
280 31
334 24
117 4
245 9
174 29
273 28
175 22
224 11
346 3
74 13
222 9
134 9
327 30
273 20
413 17
409 25
347 30
144 31
481 4
207 27
64 15
234 14
12 13
233 26
95 10
458 4
478 23
452 12
408 28
211 28
332 19
12 26
212 3
344 17
246 30
347 5
381 32
251 16
92 11
453 26
140 14
205 5
204 9
421 23
380 15
431 16
102 6
93 17
153 1
5 14
338 11
59 10
486 5
314 21
495 2
466 2
28 11
250 19
327 22
194 22
5 28
121 6
269 14
418 9
2 23
171 11
329 9
261 11
241 14
95 27
191 13
368 30
83 1
153 9
343 26
318 27
321 3
304 21
4 21
214 29
347 20
195 12
464 27
342 8
380 20
290 23
200 29
492 22
329 4
42 19
341 28
369 17
2 12
454 13
245 3
361 11
254 15
118 17
214 11
124 17
99 25
367 30
273 27
432 17
354 17
124 27
184 16
207 9
16 16
41 28
382 29
202 7
12 28
203 21
482 14
21 4
442 12
230 26
98 21
19 3
485 14
145 17
337 8
205 24
67 14
463 9
202 25
83 21
336 6
289 25
315 14
249 25
197 30
322 30
342 28
96 22
185 29
198 6
296 31
225 26
204 16
162 21
204 17
118 27
234 18
207 8
215 15
304 23
136 18
56 29
317 20
7 22
244 24
375 19
310 23
104 1
138 14
418 13
362 31
83 19
292 26
494 15
448 26
121 20
275 25
412 23
32 2
296 27
474 6
17 15
121 24
500 2
89 5
303 2
303 21
248 18
26 14
304 22
391 5
409 17
305 24
459 8
442 19
462 19
128 14
401 20
301 16
358 10
168 4
395 22
396 31
268 6

