128
386 9
281 2
188 27
247 11
262 22
70 21
282 11
71 3
144 19
164 3
497 26
413 31
121 25
487 3
301 3
254 22
195 30
68 27
397 2
81 18
127 26
387 24
256 25
410 27
19 26
429 7
211 17
29 23
390 8
197 14
490 26
227 21
336 26
419 16
311 19
93 17
500 7
48 15
140 2
5 10
383 5
25 13
126 21
275 31
272 27
408 6
420 14
298 11
132 8
338 2
66 27
231 5
113 26
171 32
87 27
262 21
459 26
61 20
42 3
450 10
305 29
427 17
195 8
183 18
291 21
267 8
7 5
272 15
127 30
371 25
468 24
182 22
269 14
362 30
429 27
475 13
372 21
13 2
476 24
391 10
272 5
473 26
358 28
396 8
37 22
196 16
101 13
282 29
323 15
383 11
157 1
187 32
110 20
297 17
247 19
55 22
48 11
295 1
123 22
388 31
160 7
367 24
16 20
333 14
494 15
440 10
423 14
382 4
177 10
321 11
217 15
144 20
253 14
20 31
332 27
238 15
45 12
454 20
103 26
397 32
352 24
449 23
314 18
10 6
360 14
117 24
408 16
191 21
50 30
239 1
320 16
75 24
79 20
424 25
18 12
128 21
360 1
495 9
258 5
366 13
38 30
44 14
94 14
310 11
147 20
227 2
24 25
330 30
32 5
135 25
128 14
270 19
190 24
363 32
120 9
416 14
414 16
307 19
397 28
353 8
163 7
9 18
83 2
140 11
146 6
15 22
239 16
112 1
400 3
80 3
55 11
232 16
158 10
179 23
153 31
98 20
314 6
205 4
148 20
214 13
321 17
418 12
216 10
192 7
356 11
338 22
469 25
81 15
459 7
385 7
142 2
482 11
439 31
202 14
234 28
83 11
348 28
318 11
381 1
30 16
483 27
349 31
139 10
281 21
40 17
412 21
498 21
487 25
431 13
226 5
308 32
71 19
160 4
217 32
248 14
480 14
168 20
32 27
461 25
255 13
329 10
385 27
263 32
467 17
264 24
357 19
352 3
225 19
166 1
402 9
243 1
142 22
413 2
68 17
338 31
77 2
192 30
196 6
37 14
499 8
354 11
222 29
486 30
419 19
90 32
416 12
405 17
242 21
434 17
41 11
335 2
141 23
431 8
332 27
350 18
118 27
389 27
111 10
136 5
228 21
200 23
409 4
52 2
124 25
162 29
460 1
134 16
375 28
287 18
86 12
92 23
190 32
393 28
205 8
180 4
456 4
427 28
187 2
217 31
166 15
327 29
79 24
428 5
79 3
362 8
202 25
218 20
284 14
395 32
193 15
124 16
158 30
216 24
231 8
358 24
14 16
225 4
347 32
396 25
70 30
292 16
414 29
367 14
322 17
241 30
39 16
14 16
265 25
96 11
364 29
95 22
489 23
321 19
174 1
316 24
178 11
367 19
468 9
344 17
197 13
155 24
300 28
135 9
248 14
263 19
183 21
340 23
231 1
61 1
81 20
500 30
335 30
52 6
302 16
294 30
332 4
85 23
467 28
399 18
301 18
177 19
222 12
357 17
380 18
209 12
145 8
69 3
277 25
484 10
220 30
279 3
77 28
385 32
435 24
109 31
297 21
422 14
5 26
322 12
399 14
196 16
441 32
226 25
236 26
498 31
339 9
209 23
492 26
310 26
377 7
12 25
407 9
42 27
415 4
499 13
97 30
60 6
457 14
458 21
199 32
351 29
84 20
155 11
5 9
352 29
87 27
257 9
500 26
108 6
365 10
78 14
151 14
351 3
275 16
355 1
115 10
361 22
469 15
272 9
331 3
57 5
338 25
114 1
462 17
102 15
30 23
140 32
168 14
490 30
149 25
414 12
254 26
461 30
141 1
398 31
207 10
240 32
266 17
84 19
425 5
405 26
68 28
485 31
385 26
177 6
22 26
149 19
216 17
200 28
193 21
326 20
50 29
147 31
269 19
246 13
119 18
498 18
46 30
421 22
160 13
167 9
38 11
160 25
276 11
312 12
456 14
71 29
406 18
24 23
300 13
219 26
122 9
456 11
402 28
301 29
324 27
446 13
134 1
170 1
167 25
80 10
470 11
331 16
220 2
402 31
326 8
140 11
40 3
318 22
322 22
58 5
288 23
62 21
311 23
181 2
211 1
451 21
263 17
408 6
338 9
204 31
132 27
314 32
290 31
317 27
452 6
108 3
229 17
12 19
251 12
16 21
156 31
493 22
451 12
103 1
412 30
155 4
149 8
67 22
302 23
400 25
256 15
344 24
27 19
23 5
250 30
90 10
60 2
27 11
38 26
151 1
287 9
344 15
125 6
76 22
144 20
31 24
334 10
235 1
432 25
341 25
351 30
290 18
68 1
420 13
150 6
405 16
227 17
75 31
362 2
480 18
477 2
257 23
235 23
375 6
452 27
51 6
201 32
211 24
360 19
224 25
256 16
297 6
432 7
36 22
372 24
3 29
377 15
11 4
453 9
481 20
155 7
57 27
427 16
474 6
102 21
499 25
29 7
43 4
369 2
457 20
93 31
440 18
69 2
285 18
390 29
277 13
500 30
251 10
453 25
63 14
125 13
114 17
59 4
169 31
86 13
19 30
84 2
351 24
112 3
25 13
252 14
249 3
487 32
28 23
280 26
196 4
3 9
261 25
169 9
340 18
405 10
135 32
19 30
492 14
472 32
335 31
21 19
325 23
286 12
149 9
146 16
321 12
357 1
412 5
213 27
482 29
312 4
457 15
453 20
164 1
19 22
147 32
285 32
398 26
27 3
487 16
242 15
171 10
91 31
326 23
37 3
123 29
275 15
31 7
82 6
3 21
44 6
140 4
325 9
249 15
287 31
375 29
245 25
330 27
331 20
193 16
166 4
68 28
98 22
371 20
143 9
280 22
374 27
217 18
11 22
401 14
404 31
178 1
23 15
39 14
366 12
221 24
399 8
175 32
237 21
27 23
418 26
269 11
428 5
341 23
302 29
236 14
367 13
58 17
123 8
94 29
179 26
372 1
305 6
425 29
443 19
124 24
109 32
354 32
376 30
326 30
286 25
87 20
177 24
393 32
443 2
140 18
4 15
50 28
408 18
201 14
277 12
413 17
215 7
124 14
312 6
323 30
66 21
101 3
256 21
394 11
331 29
320 18
247 13
493 30
195 5
60 3
368 16
207 26
90 2
228 26
483 18
351 5
311 7
143 18
296 8
264 18
272 23
163 14
304 15
227 2
52 22
320 3
110 22
205 27
59 4
452 30
333 10
442 27
457 8
61 12
323 8
81 18
111 31
315 2
101 9
115 32
327 6
275 4
163 31
486 17
114 18
114 22
443 15
441 11
342 29
2 4
28 18
109 2
176 19
255 29
316 5
280 26
154 30
281 4
236 26
389 29
259 2
147 6
113 3
452 6
291 6
118 2
239 30
308 7
1 6
395 12
431 30
13 20
80 1
104 23
114 12
16 5
49 6
74 29
100 25
115 6
182 12
59 21
309 10
39 25
280 29
180 26
458 8
145 21
188 4
56 2
443 31
174 28
84 15
152 11
327 26
276 5
349 22
133 14
404 19
170 15
103 10
244 8
393 20
449 25
488 8
234 6
426 31
273 9
209 25
395 19
42 2
395 23
59 15
400 22
197 9
496 15
270 11
211 3
479 19
299 22
366 20
99 31
142 28
3 30
148 25
236 5
270 7
79 16
9 30
494 22
251 9
208 24
80 26
386 18
280 20
375 5
67 1
287 24
48 9
409 15
37 5
384 26
127 14
338 31
496 15
192 18
171 24
117 10
169 3
307 29
38 1
445 29
210 4
16 29
372 9
452 13
273 31
418 23
352 15
33 23
289 9
92 20
476 17
61 16
415 24
296 8
104 13
260 25
324 24
70 27
404 1
159 12
59 13
426 10
35 22
257 24
34 8
487 29
112 7
357 10
118 24
182 22
244 21
386 19
272 3
466 11
327 20
202 1
52 23
147 27
437 11
114 10
306 28
183 10
350 19
295 32
42 4
41 14
473 2
56 4
233 13
271 7
497 4
148 32
451 18
338 7
48 11
60 13
254 22
122 8
484 9
275 18
448 27
15 4
444 30
16 32
443 22
439 11
109 14
190 19
231 4
149 26
182 9
334 20
154 28
243 6
428 1
219 15
35 21
147 22
6 26
358 28
447 28
238 7
85 16
466 7
307 18
296 32
26 5
275 24
288 13
373 3
237 19
90 7
27 4
101 24
397 18
332 11
457 25
101 21
348 10
355 26
384 26
494 21
130 12
292 30
489 8
484 5
458 17
348 32
160 8
368 16
257 11
454 5
119 11
253 11
472 19
472 15
312 29
468 9
85 15
62 1
127 6
149 16
470 16
272 10
295 7
241 15
189 19
467 19
249 11
477 16
381 1
279 8
265 2
485 5
356 22
125 6
443 10
270 17
473 5
246 16
31 18
22 27
180 17
229 32
411 10
352 24
6 14
335 6
227 15
323 30
217 15
268 31
276 25
423 17
429 8
368 7
6 29
381 29
81 13
317 8
166 12
487 31
149 29
293 7
140 15
308 16
117 7
14 21
315 29
493 27
456 4
405 29
452 1
498 13
246 22
228 3
333 18
434 25
34 6

