128
291 25
344 21
259 22
490 22
160 2
479 7
64 25
334 4
51 17
140 29
294 5
26 11
455 25
250 9
170 18
469 32
238 12
44 1
301 22
306 32
231 21
18 18
149 31
50 19
275 9
283 29
109 12
67 23
52 16
251 5
165 27
385 11
30 24
251 6
461 32
493 3
44 10
337 32
212 10
94 22
426 32
258 30
239 25
448 14
344 18
215 9
416 23
263 17
378 29
478 27
272 26
381 16
479 17
211 10
454 1
379 11
236 17
264 11
313 27
468 16
260 10
16 23
484 10
323 14
142 28
52 2
121 4
81 23
1 31
492 14
151 31
37 31
7 32
65 23
215 32
326 6
418 30
353 9
119 3
114 13
327 29
26 19
449 30
398 21
100 9
458 27
111 26
341 21
498 1
139 20
140 17
37 9
158 21
162 20
268 7
92 22
292 13
244 4
426 17
244 6
234 25
480 32
399 24
165 12
76 31
459 23
471 23
476 28
440 17
460 3
115 15
356 26
20 31
349 5
444 20
174 9
497 9
224 31
176 28
142 23
247 8
170 9
298 13
401 9
485 20
147 19
262 2
357 29
453 9
282 16
1 11
276 9
312 31
391 19
91 16
442 21
335 23
257 20
107 1
73 31
368 7
41 22
425 29
466 9
454 19
124 2
54 15
450 17
101 16
55 7
75 12
231 21
106 24
244 4
496 4
6 12
239 19
49 19
443 18
391 20
465 18
349 2
264 30
86 12
341 20
407 11
136 13
27 1
328 7
9 28
290 6
391 20
412 7
394 7
156 32
102 28
149 15
489 16
452 14
480 25
66 14
411 1
226 2
145 30
412 5
229 17
19 31
285 2
261 10
136 28
314 2
388 26
244 20
78 27
302 5
191 3
146 22
271 11
243 3
424 30
272 32
410 18
474 18
423 2
372 27
2 5
352 21
498 11
116 7
141 9
335 24
135 28
137 13
351 3
376 14
236 23
130 13
140 11
339 26
41 26
324 10
98 15
430 27
121 5
374 30
314 12
445 24
40 1
409 14
311 20
367 2
282 8
190 17
303 12
186 31
441 30
236 2
36 5
485 5
61 30
270 22
417 22
378 16
146 18
197 24
69 24
353 14
263 6
122 17
274 7
111 22
168 22
104 16
362 20
64 3
297 21
352 25
250 5
21 31
14 5
54 26
484 14
283 27
299 4
367 4
63 26
138 14
175 17
285 9
180 16
15 20
384 2
40 13
447 20
231 28
333 32
246 20
41 28
266 32
284 25
263 10
462 28
427 32
492 20
228 15
263 18
498 7
460 14
483 26
301 30
217 25
201 10
153 10
342 26
433 5
254 11
322 3
299 4
55 18
311 10
17 26
376 2
72 15
255 18
240 16
119 28
40 12
270 20
265 11
462 29
87 31
95 28
282 13
7 4
239 22
321 31
243 8
120 14
30 15
219 29
282 14
429 5
213 30
365 13
160 6
25 22
244 15
5 5
216 15
64 26
32 21
412 18
80 23
439 18
257 30
230 2
51 6
211 3
207 31
91 10
104 23
463 7
85 15
76 32
182 19
309 1
23 16
339 3
103 17
64 11
138 1
397 24
303 19
302 9
385 8
79 20
358 17
38 3
360 5
446 29
104 27
105 30
326 15
432 16
72 19
287 13
492 7
249 26
345 30
6 9
146 20
420 3
477 21
297 4
274 7
228 17
201 28
354 10
275 14
306 10
132 20
406 19
478 26
268 18
260 14
402 29
61 21
259 5
333 4
224 2
2 7
334 10
135 32
79 13
325 12
106 12
475 11
431 24
369 10
477 28
175 2
384 24
402 22
124 31
49 4
192 2
150 18
251 12
65 30
44 29
65 13
196 8
364 6
195 28
176 8
63 6
401 14
289 31
439 25
241 28
112 28
389 5
161 8
45 29
321 8
465 13
441 1
276 12
286 19
239 21
494 29
15 2
450 23
400 12
419 28
227 10
276 4
291 4
107 31
161 15
274 25
15 26
137 15
369 31
465 11
87 26
111 13
55 16
460 27
300 18
446 2
408 13
141 10
9 15
384 17
377 13
497 24
223 2
34 11
260 6
254 18
307 28
151 25
276 2
315 7
339 9
452 14
185 13
295 5
43 30
65 24
39 30
163 17
399 20
407 30
45 16
207 23
376 13
211 23
170 2
77 1
342 4
106 30
176 5
423 11
134 23
342 12
252 16
136 18
51 23
159 27
54 30
445 17
74 31
79 24
384 3
104 9
239 5
455 22
313 9
484 11
215 1
118 19
328 18
116 18
500 19
324 13
492 28
482 25
127 4
160 26
271 7
87 13
472 9
422 20
269 2
82 15
82 20
449 18
157 5
139 12
43 15
60 6
434 21
450 4
305 14
422 31
372 32
435 31
252 12
331 24
465 16
354 15
315 7
308 7
71 2
478 1
464 10
350 26
282 3
309 22
260 26
12 4
441 30
178 32
6 20
63 22
476 29
368 6
423 3
113 13
325 30
309 20
331 18
37 5
308 10
50 4
427 14
403 28
359 8
411 20
144 18
186 31
446 13
408 16
432 16
64 20
166 8
247 20
233 20
312 12
481 18
311 31
275 21
274 9
145 21
201 24
362 6
258 19
142 25
26 1
389 29
384 22
164 27
253 28
266 1
287 10
426 22
152 16
310 2
36 6
314 20
445 27
325 18
185 11
219 14
95 19
2 31
12 13
109 16
60 6
328 14
471 1
443 22
156 13
251 8
410 12
279 15
294 20
56 18
274 10
391 8
232 8
346 3
408 30
211 27
31 2
165 17
495 11
475 18
63 29
45 9
493 20
31 14
131 22
116 4
212 30
475 27
250 17
242 25
478 16
476 17
193 28
361 19
450 7
41 29
412 29
41 12
112 27
189 22
8 24
349 15
162 4
366 27
348 7
271 1
262 6
185 6
89 18
493 7
232 29
107 27
173 7
46 9
69 31
378 16
390 23
147 11
254 8
165 13
174 24
425 3
385 30
388 30
359 32
68 6
468 6
85 21
24 6
277 12
216 26
371 26
84 25
360 9
84 9
437 13
16 2
191 28
27 23
77 13
14 28
326 18
373 18
122 12
244 2
191 27
403 18
268 11
430 24
175 10
208 8
270 31
177 5
122 7
243 19
439 16
398 4
89 15
378 6
166 13
311 17
431 2
270 27
404 11
30 30
212 17
41 10
459 13
146 8
123 8
334 5
495 8
29 24
2 30
497 15
378 4
227 16
373 32
358 16
195 27
205 30
475 18
443 25
166 20
217 17
179 26
201 18
281 29
461 22
486 5
153 3
264 3
375 12
375 28
263 13
471 8
30 1
65 17
230 22
412 26
370 31
347 27
468 20
3 24
113 17
384 13
55 4
144 5
339 18
13 10
142 23
273 7
131 9
495 16
270 27
9 4
201 28
414 8
187 20
447 23
108 26
416 23
33 19
443 12
280 27
177 1
141 5
443 8
137 30
483 10
48 32
397 16
51 10
267 9
430 21
239 1
246 2
51 11
416 18
2 23
152 10
467 29
126 30
416 26
199 26
371 18
93 16
345 19
281 23
435 22
27 26
247 24
179 13
402 15
142 23
141 10
432 28
438 13
369 9
22 19
454 9
164 27
12 4
393 16
322 8
354 4
353 28
323 27
248 29
329 6
331 14
387 19
281 20
171 1
380 5
419 29
85 22
379 4
145 4
91 18
451 24
17 11
395 15
37 27
267 14
88 30
187 14
360 3
1 14
319 28
74 21
212 30
374 15
457 2
418 20
335 28
195 7
374 30
393 10
436 32
127 23
109 17
200 12
335 4
349 21
283 11
93 22
284 18
288 9
483 21
492 5
276 6
223 21
127 32
263 26
479 21
288 27
406 19
406 24
242 30
245 20
28 21
370 16
155 13
404 25
66 19
158 17
432 8
342 27
199 4
472 5
344 4
263 29
302 4
341 12
126 1
419 9
273 8
168 27
149 15
416 22
169 17
258 25
156 11
159 31
406 6
383 6
445 2
202 31
17 22
494 6
330 8
499 11
404 6
233 4
89 24
469 21
424 30
209 32
177 31
138 22
201 32
35 13
17 29
95 6
482 20
27 8
352 25
118 11
395 22
158 19
350 6
91 21
203 20
56 11
18 17
165 22
65 27
67 17
287 13
318 9
101 1
284 28
73 1
410 23
454 19
301 3
44 16
280 26
395 11
477 20
232 5
186 12
191 12
432 22
264 18
450 24
298 13
371 10
337 24
41 2
198 9
297 1
288 28
339 26
114 31
150 1
159 23
196 1
438 8
30 25
229 19
121 10
267 3
99 11
271 19
245 4
36 17
413 19
468 31
357 17
417 26
130 31
192 29
127 17
304 21
181 28
339 25
409 6
144 24
60 22
202 28
85 5
48 29
60 23
247 4
300 23
125 25
293 12
105 20
296 25
428 4
292 14
129 25
75 24
264 3
389 25
142 5
202 10
470 21
56 28
232 7
435 20
487 7
23 20
498 26
352 1
145 31
247 25
399 1
248 6
307 28
127 1
461 28
490 2
144 9
201 7
456 15
82 14
66 24
385 15
421 12
44 13
83 30
42 1
462 21
143 1
277 5
273 17
152 10
370 15
10 14
373 1
409 14

