128
405 31
449 18
241 18
21 7
86 27
208 29
145 16
103 29
94 10
218 11
198 2
376 29
64 26
182 32
476 15
252 16
317 12
329 25
485 5
227 22
199 27
435 32
278 21
64 3
158 30
429 31
19 4
111 30
114 28
437 17
386 20
320 22
92 32
462 28
200 12
498 3
122 4
94 16
172 29
122 21
290 31
387 24
354 13
241 31
492 17
407 17
217 14
282 4
225 19
235 17
430 16
175 4
367 20
155 10
276 4
218 10
326 16
225 4
304 22
350 3
494 17
171 10
186 24
221 11
46 12
39 8
391 13
231 14
332 29
147 15
12 21
24 2
172 25
221 32
418 6
270 19
30 21
177 20
96 9
330 22
204 24
321 15
80 7
204 3
287 18
369 2
66 9
487 10
345 7
65 14
481 10
376 2
478 28
77 10
153 18
419 24
125 27
154 12
141 1
318 3
59 31
428 24
283 7
65 7
473 9
444 25
315 19
315 16
75 15
217 19
1 23
434 9
225 16
33 17
296 2
143 2
240 23
34 6
337 26
204 9
227 31
466 21
170 28
184 32
226 29
322 10
35 27
55 4
194 7
476 26
140 7
399 8
393 20
457 25
30 25
93 16
11 2
500 8
41 7
275 7
83 24
196 22
203 2
81 28
392 12
441 16
378 16
115 14
271 3
202 16
435 7
111 18
204 2
477 5
145 32
215 11
199 26
400 9
364 24
1 3
388 25
138 21
280 8
387 11
27 8
406 5
234 25
110 22
478 15
34 2
190 4
53 4
9 12
141 24
432 17
479 7
285 12
287 17
72 29
319 30
465 20
114 18
444 24
487 6
162 32
395 19
119 19
90 32
251 2
203 2
74 17
204 27
1 2
275 16
367 5
373 3
372 14
232 4
61 27
89 10
90 15
72 29
134 18
392 32
95 18
269 5
479 8
231 31
165 9
402 7
301 26
65 4
463 29
339 12
367 15
245 16
262 17
368 31
182 7
130 20
205 30
296 27
73 22
13 13
382 6
472 10
391 28
58 5
36 20
228 14
175 5
210 32
493 9
34 22
188 27
301 8
412 1
426 28
326 26
72 20
55 27
93 29
283 10
353 14
250 17
220 32
257 25
63 9
209 28
274 16
110 6
343 13
374 24
356 28
409 15
259 15
174 11
111 32
57 12
273 18
396 8
81 16
476 15
252 1
442 21
284 31
154 7
423 32
98 18
79 15
56 9
321 9
243 8
36 7
247 21
104 14
4 8
497 28
382 20
368 31
476 11
373 1
481 7
8 15
424 26
85 24
478 25
412 21
40 8
19 18
460 19
131 23
10 27
146 16
226 13
66 21
16 11
34 8
437 21
74 9
331 18
44 16
267 31
28 10
106 31
444 1
373 26
232 10
201 9
477 2
242 7
331 13
185 12
104 1
256 10
333 14
391 8
246 5
35 1
463 12
375 10
57 15
331 4
333 23
16 17
161 1
55 15
217 7
206 1
212 25
54 16
251 4
272 4
453 30
324 23
297 3
24 21
445 2
492 9
237 4
438 17
468 16
91 17
83 24
61 30
460 26
189 22
409 4
409 5
117 29
127 10
431 26
118 15
356 22
356 20
321 17
192 28
488 2
176 22
281 28
215 8
53 32
154 18
215 22
174 4
146 17
97 16
302 10
7 5
175 22
452 23
358 27
487 5
128 30
119 20
102 13
352 14
440 25
467 15
270 21
190 32
293 30
195 14
351 13
455 6
414 10
372 7
253 14
172 32
224 6
492 5
326 15
478 30
51 17
272 20
437 29
87 9
98 2
26 32
334 8
177 16
90 1
74 22
110 1
425 25
386 8
9 24
462 15
329 28
283 32
36 3
412 2
151 21
255 32
12 17
360 25
40 25
441 21
494 6
210 2
87 27
38 27
158 31
433 6
215 7
437 10
137 32
223 19
60 14
167 8
418 26
112 29
30 24
273 31
305 6
292 27
429 9
338 18
32 30
424 2
189 28
347 13
60 21
168 15
250 18
42 31
63 21
327 28
408 12
466 9
433 25
307 17
290 24
151 9
118 26
418 26
285 20
334 16
36 5
315 10
186 20
156 32
213 3
43 20
286 20
184 30
117 31
283 14
338 17
78 11
6 31
464 30
462 10
338 25
150 12
486 4
211 10
139 7
328 30
43 25
189 22
182 29
420 4
414 10
396 31
64 29
189 24
395 14
177 8
351 14
87 8
217 17
329 20
220 28
37 18
120 1
43 10
86 27
117 7
72 1
194 23
117 2
366 23
384 14
446 22
72 16
273 12
181 14
495 24
461 15
217 29
312 15
234 13
73 18
247 12
214 24
335 15
174 16
397 9
446 3
494 25
226 26
8 18
71 3
9 16
237 17
464 32
336 17
296 8
250 31
256 20
186 22
498 15
141 6
119 2
88 20
306 26
82 30
71 20
20 20
35 16
156 14
156 3
398 27
251 32
197 30
463 15
299 20
241 23
205 20
229 1
175 18
458 20
51 4
260 14
163 10
178 27
348 13
13 21
487 7
244 32
472 6
66 22
221 10
413 18
369 5
70 4
378 11
151 5
110 30
350 5
260 15
295 31
211 27
203 2
422 7
233 5
208 14
367 5
307 7
206 20
123 7
423 32
5 13
132 30
187 22
90 18
360 32
404 31
43 2
472 28
256 32
208 20
353 26
392 3
204 13
186 10
223 12
30 3
385 13
396 3
494 2
220 6
73 3
480 27
284 3
78 12
6 22
355 14
63 22
368 15
46 6
444 20
217 1
198 9
338 21
375 15
282 30
388 23
420 23
321 4
21 7
95 26
388 13
87 10
46 23
68 3
64 16
62 12
188 11
233 29
55 31
208 21
53 31
395 28
18 27
379 14
465 13
268 28
273 14
6 26
12 29
112 31
288 17
59 28
283 31
352 26
249 3
378 25
358 24
329 23
338 19
116 19
32 11
358 24
89 19
326 28
288 13
379 27
314 5
402 24
79 14
137 31
16 30
332 17
489 12
451 7
218 11
333 29
449 6
257 13
405 6
341 8
222 3
118 15
359 24
483 9
125 23
319 20
189 30
365 9
13 11
355 7
233 7
331 10
229 23
422 5
20 30
176 14
36 13
128 6
312 2
386 8
433 21
428 13
206 32
1 27
458 4
301 31
394 3
224 22
70 29
106 21
111 5
182 26
74 30
392 21
271 13
25 23
481 24
27 19
95 24
109 32
235 13
94 4
95 5
454 8
314 19
457 28
44 30
421 9
151 20
205 26
441 25
328 1
180 19
163 6
234 31
178 4
383 3
299 26
440 32
493 9
15 29
380 10
291 24
26 21
316 14
214 12
311 30
380 22
248 31
468 25
165 1
300 8
267 2
229 10
202 1
162 20
374 21
273 24
45 14
456 24
379 26
467 1
63 14
383 6
92 18
142 9
346 25
8 20
390 16
170 27
12 15
306 13
76 10
252 16
79 16
331 18
229 9
350 31
346 8
452 2
433 1
398 10
237 25
242 18
344 27
69 23
445 26
92 12
8 7
491 26
402 1
247 30
321 29
124 31
180 31
308 29
223 9
94 23
461 3
437 8
449 21
10 6
82 1
265 17
148 12
27 29
280 21
383 21
221 22
471 21
285 18
217 19
334 22
318 26
497 18
449 21
110 30
190 19
115 11
484 6
414 14
162 1
134 28
145 19
254 7
107 6
244 23
396 17
132 1
222 4
318 10
425 23
184 18
322 6
420 13
411 17
314 12
378 27
320 6
153 25
137 19
462 4
81 21
309 21
422 30
192 7
52 16
18 15
82 7
384 29
495 30
38 12
217 31
458 16
288 19
460 16
221 5
156 14
482 8
366 15
345 25
345 12
25 18
334 10
52 13
162 10
362 19
205 19
465 27
466 21
125 10
28 17
50 23
498 7
498 31
285 3
272 10
442 32
343 8
457 19
196 14
292 30
169 17
488 17
363 17
237 23
82 9
183 8
151 5
162 29
247 3
195 26
428 12
369 6
115 1
16 7
295 20
368 15
8 19
447 14
11 4
208 29
152 10
76 10
126 17
154 17
387 4
242 30
188 3
436 2
287 27
112 17
110 11
43 17
389 30
190 32
377 1
344 12
491 31
181 24
359 27
340 2
34 18
263 13
396 2
375 22
1 22
115 10
169 5
283 29
350 24
160 2
221 23
105 3
125 2
178 4
472 2
433 25
303 3
430 6
245 20
231 1
141 1
410 9
206 4
70 7
16 1
485 20
84 21
446 12
78 15
395 17
344 19
258 2
226 15
195 26
342 2
418 10
326 3
495 7
223 24
290 2
496 22
473 15
66 10
491 32
244 9
44 8
416 25
437 17
339 16
462 8
261 3
366 18
409 4
321 11
127 6
220 18
235 32
53 4
313 27
295 1
131 19
200 30
343 16
186 18
119 23
65 15
229 10
169 30
289 25
324 7
450 20
389 24
439 25
335 28
335 30
12 21
172 3
363 26
198 32
47 17
399 4
399 15
41 31
320 26
407 20
448 20
391 24
391 25
128 6
432 2
411 15
131 18
357 9
95 3
392 22
75 30
105 17
473 5
392 24
178 6
139 30
358 17
165 4
358 5
29 29
458 11
436 28
20 28
432 7

