128
114 32
140 15
163 1
207 4
326 26
420 25
425 13
78 20
200 25
294 7
265 29
296 25
150 25
139 19
301 5
180 22
165 15
124 23
416 27
127 29
464 14
6 20
54 3
431 22
3 32
396 31
245 27
431 18
315 5
196 11
458 4
381 14
398 4
152 1
38 30
258 17
175 19
93 5
345 11
186 15
99 21
317 7
124 4
236 2
372 27
257 17
362 13
302 16
196 2
424 14
231 13
438 10
295 2
338 19
53 7
41 23
103 14
345 10
309 20
220 24
66 24
361 12
168 6
39 19
467 10
448 6
495 30
307 21
267 28
132 11
166 8
173 28
233 29
50 5
152 17
73 30
300 5
497 11
446 3
181 17
348 29
462 2
218 4
335 24
411 30
155 32
193 3
47 26
48 32
466 15
68 26
268 23
174 20
185 8
2 30
32 2
198 13
395 19
260 25
398 14
250 12
449 27
83 7
368 14
295 17
328 22
427 8
433 8
63 13
219 17
186 6
118 3
94 20
149 1
297 31
226 2
302 26
340 24
225 15
13 7
96 1
84 10
492 8
121 2
485 32
470 30
293 3
405 23
303 21
91 3
451 5
496 29
194 32
488 30
246 25
140 13
397 32
214 32
91 7
441 27
378 19
97 10
53 25
56 11
53 23
305 32
167 17
460 24
488 15
482 29
299 25
426 31
196 31
82 31
325 31
213 10
489 17
224 5
161 19
248 22
129 28
421 3
204 16
359 27
178 16
128 5
164 1
23 32
395 1
350 4
183 22
125 15
75 32
63 15
331 2
152 27
214 24
106 9
303 24
164 5
7 27
309 14
47 11
233 25
139 10
216 9
348 9
343 6
392 10
8 26
67 24
181 8
83 18
401 22
453 20
70 15
58 2
332 8
412 9
248 23
350 28
223 17
8 22
470 11
323 10
473 9
489 25
373 15
142 1
308 18
392 29
404 1
106 27
404 10
3 7
420 21
318 30
401 5
59 27
428 17
52 20
474 4
404 10
462 21
174 22
490 29
498 5
13 16
479 4
473 2
270 24
186 12
385 26
116 8
160 31
28 23
294 17
102 29
50 12
445 3
37 22
139 18
326 27
489 25
270 25
138 8
204 15
479 5
112 2
236 28
489 3
186 18
116 12
183 13
55 31
240 23
61 14
476 14
233 9
394 6
129 31
393 17
57 31
125 21
317 32
144 1
326 1
290 21
320 32
458 2
99 17
168 19
278 32
248 6
312 6
364 8
376 24
476 17
479 12
453 23
15 20
303 13
128 8
281 32
416 2
25 6
138 25
24 16
40 23
129 31
264 32
494 32
452 30
276 14
125 20
76 20
175 26
480 26
173 32
101 8
202 26
101 19
22 4
458 9
99 23
115 22
282 12
205 13
133 4
14 18
59 29
397 29
170 4
387 23
339 15
430 4
316 11
231 25
358 24
101 8
478 7
22 4
27 18
344 27
58 10
268 12
298 16
53 28
243 31
310 22
129 15
473 21
473 15
485 7
447 14
490 20
152 11
35 6
89 7
189 18
88 12
465 21
472 5
204 14
159 1
499 16
456 28
288 8
230 16
462 16
209 28
100 17
166 26
390 2
216 22
103 15
238 16
40 29
288 19
126 23
460 13
290 3
300 9
46 17
200 24
205 21
163 4
121 24
141 26
434 29
144 12
11 17
307 14
293 15
497 22
245 20
246 10
222 9
110 31
426 9
126 26
69 8
137 1
468 25
255 25
337 10
140 32
130 31
101 6
393 13
191 17
52 29
170 21
333 11
392 30
291 9
239 16
9 19
252 16
356 10
80 32
255 11
391 12
17 12
157 21
88 12
397 24
284 30
116 12
48 31
226 27
228 32
402 24
43 25
63 30
363 14
441 21
360 28
353 1
175 17
137 30
208 26
105 3
451 1
311 31
431 24
393 6
203 2
245 9
150 3
494 28
448 3
481 8
266 17
36 4
193 28
53 29
205 22
243 12
82 13
210 20
292 2
22 27
395 22
239 28
73 9
408 8
19 8
179 8
424 22
427 24
238 11
368 6
340 19
301 21
367 26
137 3
111 2
5 29
275 31
105 15
179 16
71 17
103 5
184 14
167 2
141 12
441 25
49 12
323 2
53 9
211 9
199 22
198 7
382 32
298 10
375 12
349 5
25 15
397 20
476 3
170 1
170 2
329 31
241 3
68 13
43 26
333 22
303 30
296 1
206 1
22 12
273 3
376 9
321 24
208 13
39 17
469 8
338 5
426 31
151 5
223 17
327 32
286 13
289 2
165 26
230 23
425 14
409 20
2 9
128 18
229 6
438 1
77 20
345 19
206 11
199 28
40 21
335 1
6 24
462 14
469 4
208 22
45 28
249 7
49 20
108 25
393 25
326 6
172 30
176 29
221 14
157 4
103 19
288 4
466 6
129 27
293 21
32 25
156 24
235 20
8 22
333 4
91 6
73 26
383 32
491 11
474 15
214 16
489 18
35 11
103 3
241 31
55 20
83 7
403 22
266 22
363 6
162 25
459 2
67 14
334 9
444 15
407 6
234 23
11 16
53 13
134 5
211 9
268 1
251 3
314 8
432 1
466 17
129 24
31 11
117 20
455 29
374 9
70 31
460 24
78 32
396 31
9 14
103 28
250 21
150 4
221 22
92 10
378 28
313 24
119 6
327 25
194 12
138 3
10 1
46 23
312 29
2 4
250 28
300 23
309 29
266 13
382 29
270 24
429 22
223 31
67 26
323 28
101 24
374 15
112 23
49 24
63 26
447 28
6 26
163 6
195 12
398 8
285 7
39 1
452 14
463 23
163 21
130 11
449 16
225 4
126 30
335 25
323 22
352 12
379 6
345 5
294 2
353 26
112 11
494 4
356 24
434 30
296 11
133 24
270 1
156 32
130 22
436 21
475 11
484 26
153 17
130 2
274 10
375 26
77 20
301 12
379 22
450 22
500 18
418 26
290 9
165 16
118 16
76 9
238 3
298 10
443 31
187 5
261 5
306 29
132 26
268 2
43 17
184 14
354 5
311 20
229 31
267 10
130 6
290 8
456 19
109 27
366 28
467 26
60 28
314 24
229 29
405 3
2 16
164 15
392 23
350 32
5 4
318 3
161 27
354 17
46 26
367 31
461 9
388 21
456 13
268 24
485 4
10 22
112 9
45 7
351 6
327 20
214 16
342 18
102 31
342 23
360 12
261 13
392 12
45 23
52 12
86 1
335 7
226 2
120 26
301 14
368 15
177 9
122 22
306 7
64 28
74 12
59 18
448 27
482 24
353 21
7 31
421 17
385 11
139 20
268 27
326 3
417 2
67 6
224 5
112 11
76 9
414 6
371 13
288 24
56 17
88 6
431 1
255 19
359 9
23 14
183 8
465 11
53 27
488 32
107 27
267 30
488 32
20 30
245 3
413 16
299 32
214 1
360 12
248 10
360 26
48 22
321 8
344 9
246 15
353 1
133 19
238 12
2 1
181 30
416 29
250 22
93 3
147 28
282 10
374 1
219 29
386 3
136 21
115 5
411 19
85 11
289 3
367 23
431 31
92 6
492 1
264 24
303 18
91 16
7 24
428 29
88 5
115 23
41 9
104 27
400 32
198 32
362 28
182 5
462 10
490 21
114 5
240 13
14 31
204 16
146 12
96 10
296 10
308 9
143 27
491 14
451 8
81 28
103 3
456 29
388 10
221 21
198 29
121 4
143 29
83 16
308 31
373 23
92 25
291 26
443 2
479 13
321 20
57 12
26 8
340 1
309 24
265 31
372 22
70 14
62 20
154 25
34 22
323 26
58 14
415 1
247 26
245 23
157 21
342 2
17 9
446 13
93 22
35 20
299 12
182 28
460 31
432 17
212 3
470 2
72 29
270 30
130 14
88 2
19 22
319 31
462 4
211 30
177 22
222 4
201 19
187 32
89 19
5 4
77 26
69 4
62 6
169 11
56 20
180 22
37 14
460 7
465 30
256 10
119 21
117 20
83 11
331 23
125 3
323 17
161 31
200 18
433 20
117 24
476 8
265 16
146 32
362 6
97 26
103 16
298 27
387 21
374 21
403 2
404 5
403 20
468 6
489 8
322 1
239 1
105 11
12 30
78 6
211 6
343 18
241 12
384 23
372 17
196 11
459 3
351 5
218 18
314 26
69 3
15 23
487 3
161 19
220 10
372 2
116 22
95 4
57 31
187 1
439 6
55 1
184 25
109 29
75 15
458 3
113 16
154 20
90 26
98 17
256 29
91 19
386 5
430 18
367 16
222 18
349 28
54 28
385 23
284 31
289 14
453 21
65 26
352 15
124 13
167 23
269 17
101 26
146 30
300 24
498 29
169 2
149 27
230 13
237 21
343 21
106 11
277 31
105 17
177 24
429 11
458 6
452 22
407 17
439 10
460 32
79 17
134 31
203 31
111 27
227 21
167 21
451 23
3 3
275 31
486 4
21 7
457 4
352 7
272 15
69 28
78 23
212 15
225 22
425 31
56 32
491 30
484 17
220 6
52 27
16 13
402 12
332 6
212 15
220 3
177 28
66 11
138 9
169 6
394 6
400 13
97 22
226 24
35 30
417 26
292 32
474 21
319 25
402 26
192 5
365 4
113 26

