128
372 14
401 11
293 27
230 27
415 16
212 20
100 7
217 25
318 15
18 23
50 1
222 16
268 8
95 28
7 31
492 26
60 32
312 16
290 21
462 24
352 1
35 19
191 23
115 17
78 20
223 11
145 20
98 28
155 12
379 13
447 6
391 22
317 10
210 30
95 15
13 2
196 31
101 22
150 31
246 27
199 13
205 7
264 31
458 27
50 24
431 20
409 13
354 1
23 15
182 21
437 18
266 12
92 10
370 5
285 7
319 27
287 4
177 19
178 2
173 11
321 19
75 21
424 8
305 22
194 18
266 18
383 31
114 18
453 31
67 17
301 21
219 24
260 11
342 25
380 22
368 4
468 2
132 7
221 12
40 30
125 5
395 31
40 12
332 12
194 6
80 15
135 6
286 18
396 15
183 27
492 14
178 11
491 21
202 23
448 13
328 28
398 2
430 21
434 9
484 23
11 27
121 9
212 10
38 15
384 4
85 27
269 6
186 31
422 23
25 25
479 8
144 20
278 13
368 23
185 7
337 3
265 18
339 32
67 5
286 19
448 22
29 25
131 18
179 20
452 12
124 11
407 31
362 28
339 6
246 32
432 31
70 13
244 13
172 10
489 26
112 24
327 9
356 10
58 7
213 2
442 9
144 4
455 9
236 18
86 17
21 26
267 18
214 30
202 17
172 14
46 3
330 25
127 21
34 5
275 30
46 12
286 17
268 13
45 15
386 7
187 14
500 14
199 5
463 29
301 18
294 31
121 15
71 31
12 24
283 30
53 8
354 27
220 25
431 17
475 4
99 5
277 22
466 15
14 29
227 14
118 21
160 2
495 2
337 6
37 3
292 14
151 13
132 2
117 14
338 11
81 8
455 1
237 1
183 22
405 26
416 10
430 15
260 16
157 12
282 9
418 25
486 24
69 29
494 9
30 11
479 26
471 1
170 15
409 9
161 29
262 8
335 15
2 18
318 6
393 19
55 10
375 4
434 15
9 27
331 10
461 9
352 23
298 29
342 10
373 10
19 6
429 13
380 6
298 18
440 26
500 26
55 15
237 4
21 29
266 20
487 3
364 10
9 5
210 30
219 11
55 21
272 23
441 4
117 30
201 8
483 24
253 25
426 29
377 3
86 26
2 32
220 17
261 21
230 14
282 4
256 25
36 8
23 24
31 11
269 31
46 11
134 18
139 28
287 31
210 8
9 19
295 20
427 15
160 24
376 26
455 20
482 18
11 32
317 5
143 29
123 28
187 24
338 10
19 28
192 16
347 32
290 9
132 5
47 27
224 18
436 23
405 5
20 31
273 17
307 15
125 5
454 20
389 23
341 15
266 4
339 20
436 32
456 23
48 18
61 32
276 5
154 8
117 29
95 13
213 9
303 26
34 5
205 10
399 9
32 13
280 22
332 15
350 28
485 25
141 22
372 16
246 13
96 2
50 30
103 22
294 9
155 19
365 27
100 8
107 20
132 15
353 19
453 30
102 2
303 27
187 14
10 16
51 1
497 4
350 31
417 4
356 8
322 20
134 18
335 5
257 14
479 13
133 15
15 14
72 1
180 6
342 18
393 8
498 6
195 16
340 4
343 11
35 8
119 12
289 25
112 29
123 2
358 7
225 20
192 32
392 28
258 1
413 26
329 30
95 19
109 3
486 31
333 32
319 11
244 31
256 27
4 10
297 5
336 13
436 3
168 11
250 17
411 10
131 19
424 9
114 20
11 27
39 24
175 25
146 6
315 5
272 18
334 28
382 29
440 13
48 20
495 29
236 2
459 14
496 14
443 25
469 1
412 19
500 14
215 26
355 2
102 18
51 12
46 9
104 21
453 7
296 12
448 12
57 10
101 32
491 15
217 23
200 12
318 7
65 20
196 11
413 30
396 8
233 9
100 16
130 4
339 5
203 26
308 27
395 9
15 25
303 19
47 6
210 24
53 22
396 12
396 32
397 27
123 17
436 22
169 1
126 23
341 8
348 21
439 18
261 29
330 19
387 24
269 12
92 5
73 27
420 32
498 25
462 1
149 29
194 9
165 15
379 2
499 14
210 25
171 18
93 8
236 3
228 28
426 15
176 14
9 16
169 2
264 6
126 16
379 24
285 31
490 23
252 28
93 21
276 3
282 8
115 10
198 10
373 23
364 5
324 32
496 16
229 27
122 3
226 24
26 2
98 31
377 22
207 29
14 14
231 16
54 9
17 31
390 29
430 9
289 25
476 20
245 9
98 30
411 24
421 4
37 10
6 17
219 28
381 9
398 12
380 31
160 16
405 6
136 18
6 13
439 22
264 19
390 14
104 8
389 4
439 29
393 12
338 12
8 26
48 17
33 11
207 25
174 11
446 5
149 11
437 7
284 17
473 29
414 8
324 2
451 14
226 23
58 11
158 1
485 21
321 9
483 31
413 24
341 30
317 5
161 13
279 8
305 3
321 26
178 8
371 20
110 25
27 15
363 12
435 7
241 31
216 31
485 16
83 5
338 19
18 22
355 20
145 28
399 1
81 32
109 16
56 30
400 30
88 10
117 26
461 9
480 32
136 20
7 30
492 28
172 1
45 14
305 14
389 11
154 30
130 22
273 29
183 20
470 30
137 3
143 13
499 14
328 18
437 27
55 25
382 30
289 7
104 13
468 20
499 1
313 1
235 29
17 9
312 23
391 13
277 29
101 3
7 5
261 11
115 3
75 20
245 28
274 12
308 13
191 31
214 16
287 4
292 27
68 28
141 18
256 9
195 32
44 25
136 32
347 2
174 6
450 2
137 15
265 8
316 12
454 9
163 4
180 6
247 23
261 15
409 8
8 23
76 3
155 11
410 17
313 3
126 2
1 22
336 17
262 11
424 3
383 22
159 30
392 5
13 28
347 29
372 10
23 11
108 1
9 13
381 1
100 7
286 20
472 18
68 25
476 32
300 15
429 2
476 16
66 32
176 24
408 15
118 14
345 13
458 13
94 31
378 9
49 15
496 32
488 31
253 28
406 20
26 19
361 21
6 26
341 13
189 16
431 18
30 19
31 11
332 24
29 13
20 13
75 27
97 27
429 5
378 23
104 31
373 12
107 10
241 7
263 21
47 17
235 20
320 5
266 3
92 7
63 27
223 9
125 31
51 13
371 24
443 26
34 11
289 9
45 9
291 11
310 5
203 4
264 30
12 22
376 3
176 14
213 14
279 17
421 25
445 15
109 32
469 6
202 13
338 30
490 29
108 19
317 3
46 25
184 29
462 32
363 9
201 27
386 3
467 2
160 7
449 12
298 25
465 16
377 31
449 26
431 21
368 27
219 1
179 22
173 32
165 27
276 2
313 30
196 31
171 31
42 15
326 11
239 27
190 12
93 7
333 19
399 17
121 17
465 32
222 14
291 27
376 7
104 29
432 31
171 2
6 32
73 7
403 23
121 4
278 25
286 7
87 4
163 24
4 7
211 26
468 21
464 28
419 15
88 30
217 18
304 10
174 16
257 28
38 17
371 8
442 9
278 20
44 4
291 32
418 1
125 30
2 12
81 16
358 16
122 6
277 13
500 18
152 32
229 1
132 12
356 25
460 21
157 31
72 23
402 2
448 22
227 13
317 23
220 26
178 9
100 6
117 15
256 16
354 4
309 29
435 24
262 2
297 2
249 4
216 30
209 15
380 3
315 20
445 23
370 30
79 13
428 20
419 27
167 8
18 19
108 13
139 25
50 23
490 14
6 18
152 31
72 31
353 27
78 26
477 31
419 15
267 26
454 5
380 5
308 18
95 16
406 1
488 11
371 2
457 17
387 4
295 18
138 15
48 19
444 28
366 31
431 28
60 12
21 12
356 12
41 7
95 26
239 3
252 30
264 28
338 22
167 28
311 32
130 19
223 18
234 4
140 24
71 7
252 31
490 19
271 14
261 5
179 32
151 11
313 10
490 10
267 5
485 6
312 14
288 22
39 5
121 14
389 24
229 32
134 6
98 32
452 11
121 26
62 11
412 6
389 10
375 19
410 19
84 17
324 15
107 31
96 31
392 16
122 32
475 12
190 32
11 25
486 15
122 19
458 22
272 14
435 6
204 12
208 24
416 24
362 2
98 25
453 1
292 22
313 22
181 6
42 12
494 31
26 15
426 19
148 9
180 2
399 32
129 6
23 9
341 28
270 18
193 10
131 28
296 19
306 32
296 7
371 21
225 5
255 22
231 7
403 23
40 13
498 21
258 12
417 15
255 6
388 27
408 18
487 15
312 8
234 27
490 25
247 18
353 18
68 19
108 6
197 31
270 30
19 3
65 15
477 16
121 17
322 4
86 32
434 6
451 31
4 20
123 15
358 19
456 13
262 23
98 14
413 3
4 8
97 20
218 22
443 10
142 13
69 7
276 30
124 19
373 12
222 19
82 11
322 25
207 11
155 8
392 3
22 3
350 15
19 32
396 25
257 9
429 22
263 17
179 27
487 15
70 8
398 31
139 7
391 9
153 5
1 8
463 26
291 17
344 1
232 11
473 24
275 30
17 2
310 32
480 16
98 1
355 15
51 9
65 21
190 5
337 2
113 31
415 23
463 3
415 30
349 15
386 32
288 2
365 25
301 28
244 15
392 31
97 26
295 18
234 24
82 6
377 2

