128
349 27
411 16
393 8
51 11
341 11
462 14
410 5
128 21
363 2
411 4
27 19
328 4
191 13
402 2
149 2
404 22
324 26
453 20
286 27
102 30
330 28
27 23
348 22
19 30
267 18
481 21
400 24
396 10
360 1
144 1
282 31
210 29
213 26
376 26
165 14
475 26
393 1
84 8
358 26
301 12
235 6
417 14
441 24
76 1
313 3
13 26
117 22
255 25
383 6
178 3
107 8
392 27
356 11
90 29
281 7
337 15
376 9
1 8
416 20
172 24
498 8
26 22
257 8
147 12
409 32
390 32
180 10
218 15
460 28
248 24
254 20
459 13
188 3
148 27
238 28
35 11
355 4
52 32
339 14
455 23
374 24
318 21
329 16
439 21
47 14
232 12
121 18
280 28
148 11
115 9
98 9
323 9
60 19
416 22
72 18
348 13
65 2
201 10
53 4
34 27
29 9
398 18
455 29
161 14
455 3
191 13
275 9
357 22
239 28
435 27
493 23
459 21
300 8
302 8
3 27
302 27
452 7
32 30
227 25
211 9
319 1
85 6
118 9
131 4
64 6
18 16
200 5
465 19
488 2
54 22
305 27
224 32
405 28
13 3
300 7
367 14
328 32
415 17
244 14
152 12
315 18
215 14
498 31
216 1
149 25
178 29
475 5
60 19
8 24
213 19
498 31
129 5
234 19
473 6
144 9
489 18
146 11
323 15
86 30
479 10
306 4
390 8
408 1
362 8
224 14
426 21
357 26
250 10
301 14
419 12
50 31
254 15
314 28
189 19
114 11
188 15
26 1
403 22
377 16
53 24
42 22
172 10
384 5
487 28
347 2
331 8
16 4
443 9
12 19
431 25
2 22
247 11
194 29
16 22
117 28
373 10
398 25
407 1
169 5
20 15
2 2
263 6
286 13
50 5
39 9
273 28
450 3
123 20
372 6
417 12
58 22
497 19
38 7
439 10
147 14
277 17
159 15
370 20
447 3
240 25
251 20
229 9
383 27
196 22
340 4
93 1
105 21
55 6
343 5
404 5
154 8
341 1
218 10
108 16
481 12
352 23
63 28
283 21
282 26
50 22
294 10
370 22
82 9
244 24
269 11
265 31
326 17
87 7
19 18
410 7
245 29
433 28
193 28
252 14
397 26
95 18
147 25
292 1
241 3
4 13
33 20
135 30
429 9
104 31
267 25
297 23
125 1
318 13
148 2
143 17
75 29
438 29
405 9
301 21
115 21
210 23
128 12
356 12
65 23
354 15
323 14
193 4
83 23
468 10
432 10
126 18
51 28
430 27
496 11
304 15
239 17
109 6
356 25
126 16
275 27
454 30
333 3
101 23
157 16
496 16
30 26
297 32
389 14
386 24
160 9
198 22
53 11
320 21
475 13
32 17
275 2
50 15
336 14
373 28
70 5
283 23
194 11
178 18
8 15
169 16
104 15
269 16
25 32
268 27
384 8
99 19
341 25
469 12
150 6
19 3
62 17
169 7
83 14
188 18
113 32
461 20
74 6
75 6
169 7
96 17
346 11
63 22
195 3
361 8
76 7
267 17
31 3
95 17
485 14
406 13
490 3
16 27
448 2
161 12
136 32
372 21
302 30
18 12
169 10
44 8
460 30
233 6
448 15
306 16
461 24
380 10
282 27
216 1
337 4
48 4
336 8
157 13
205 2
337 5
256 12
469 27
393 5
409 8
379 22
272 15
129 19
492 6
398 28
490 10
435 18
409 2
457 5
111 29
91 7
386 18
178 14
264 26
406 12
409 4
90 24
327 14
35 10
128 24
377 25
369 4
6 13
285 2
46 19
475 24
193 32
185 10
65 20
291 30
324 4
105 1
83 19
130 5
101 1
400 1
226 28
140 3
397 9
45 26
171 3
281 20
230 25
233 14
116 32
115 11
427 11
351 29
2 25
126 26
441 29
430 18
145 30
101 1
346 25
186 32
15 10
379 28
134 16
389 13
339 19
392 17
73 2
273 26
426 14
379 19
275 13
236 3
378 24
311 15
332 28
238 10
313 1
441 6
432 13
250 30
35 9
386 28
235 26
385 4
260 8
378 18
424 26
452 29
301 22
227 1
461 24
330 21
284 15
422 7
303 11
188 26
164 17
149 30
435 9
57 18
352 23
79 3
252 22
427 32
495 9
184 27
321 10
79 24
488 8
171 18
374 2
331 5
135 31
434 29
216 3
114 23
129 16
194 8
425 24
283 15
477 7
225 1
332 23
252 7
154 22
312 15
484 3
416 10
473 21
390 8
191 19
459 15
398 24
402 6
475 29
92 15
3 28
451 18
470 7
356 15
476 15
353 19
161 16
132 18
469 1
25 27
227 23
182 20
338 31
149 29
471 12
467 29
259 26
10 24
120 5
406 27
384 3
110 4
378 9
381 22
466 14
5 28
240 26
20 18
472 8
242 19
464 24
267 26
125 29
154 16
345 23
43 20
169 24
476 11
244 12
392 9
261 16
253 29
137 20
430 1
495 27
403 14
378 1
384 3
149 25
450 30
447 28
425 8
347 8
14 19
256 17
3 12
357 31
220 9
230 21
453 13
171 27
34 1
228 1
255 24
157 20
73 8
48 6
423 2
249 32
188 32
44 15
224 16
445 19
393 31
444 1
103 22
404 4
366 23
405 24
358 29
28 3
16 27
132 18
172 20
77 16
236 1
50 31
372 10
253 8
224 24
313 18
14 4
314 3
198 26
55 7
482 6
189 26
360 16
287 27
52 28
94 23
188 7
449 11
341 5
27 24
249 27
242 10
406 31
344 23
476 6
361 13
331 6
454 10
73 17
425 24
160 14
114 7
365 2
257 5
263 3
120 3
473 5
476 26
119 23
184 26
69 13
51 7
446 12
441 6
300 21
494 7
86 11
305 22
21 30
6 19
196 22
497 29
42 32
250 29
494 6
254 18
330 28
313 3
12 9
144 3
173 5
270 30
448 22
60 28
191 13
102 19
394 2
259 28
273 4
448 22
145 13
180 26
357 32
304 16
448 4
178 4
288 27
377 23
77 20
202 3
205 31
5 2
252 3
237 32
475 20
142 15
385 29
297 9
164 4
108 3
399 9
230 15
436 6
421 20
246 23
130 26
129 11
251 21
249 24
256 19
23 9
194 11
421 10
499 32
441 10
194 20
95 7
378 22
233 6
245 6
124 30
131 17
212 25
485 21
72 24
183 27
193 8
353 5
217 24
197 30
309 6
349 19
17 18
488 25
375 16
430 19
310 28
455 21
496 7
481 4
382 16
14 30
243 2
39 8
217 7
117 26
328 21
132 24
42 20
296 28
203 13
118 16
488 16
385 28
362 13
403 20
232 28
21 19
281 19
286 22
497 30
227 5
218 26
224 23
329 12
26 16
448 32
395 32
67 3
123 5
348 25
24 11
144 8
257 16
307 22
125 19
295 19
183 4
61 19
474 25
278 12
124 21
347 7
364 25
1 14
193 24
362 20
131 25
316 31
281 22
281 13
128 7
460 31
143 12
69 4
112 14
171 12
274 25
458 22
134 26
123 14
10 9
246 20
193 29
230 9
386 6
82 25
141 21
27 23
264 7
250 3
144 9
314 22
289 31
407 18
433 13
100 10
217 1
285 22
109 14
86 14
80 19
358 32
59 29
354 6
183 15
401 23
227 22
448 24
337 22
141 13
234 8
62 23
140 18
64 4
63 9
93 18
316 23
213 2
39 6
400 21
373 16
251 11
13 22
170 25
403 11
469 13
254 26
439 26
227 14
493 10
2 14
283 17
388 12
395 22
265 26
498 5
93 21
292 13
446 17
158 21
123 10
337 13
360 3
122 14
480 2
79 5
51 18
150 18
61 8
215 13
337 17
18 9
313 1
89 14
121 26
310 12
76 2
472 7
124 29
224 19
410 11
84 13
16 13
102 24
128 5
456 20
233 21
96 25
133 16
154 6
282 8
349 13
461 8
143 13
116 6
39 1
168 22
41 11
58 11
314 21
311 6
500 3
94 3
439 15
131 32
184 28
259 4
120 16
55 26
8 14
127 26
398 15
372 27
33 17
433 27
318 19
320 13
489 25
264 15
343 2
370 26
157 21
409 4
52 7
389 31
484 27
456 2
365 7
172 2
108 32
96 29
50 27
93 6
31 24
316 26
305 1
103 21
17 16
440 24
326 20
126 10
195 14
395 23
260 6
308 11
373 19
495 22
373 16
311 32
147 14
129 32
162 11
264 3
94 12
98 16
383 16
433 13
9 3
340 16
96 27
339 12
106 1
241 26
272 27
381 23
28 17
74 21
444 9
71 21
244 17
160 19
244 28
407 28
122 2
371 5
97 5
36 10
394 16
179 21
30 28
287 17
124 32
98 7
49 28
308 28
188 31
270 11
411 13
386 24
422 17
101 10
317 12
71 26
264 22
227 5
365 25
202 28
373 27
407 1
170 30
416 2
32 10
492 22
362 18
178 3
486 10
5 22
265 31
364 16
28 30
377 4
454 10
232 14
80 2
302 25
203 10
310 26
403 6
380 8
383 29
250 24
38 22
373 26
181 28
386 8
381 30
304 15
191 11
364 10
24 10
222 10
383 28
163 5
37 18
400 23
154 21
342 19
255 26

