128
469 10
465 9
36 4
248 15
54 3
119 15
4 26
458 2
308 31
300 3
364 20
280 27
301 14
11 28
267 17
472 23
70 12
63 5
495 30
3 25
261 2
335 20
231 28
169 15
106 12
389 9
463 24
380 32
473 30
331 11
238 18
177 8
442 32
116 12
49 31
336 29
92 10
276 26
313 5
212 30
468 24
387 15
120 10
46 20
7 8
387 20
381 31
255 22
154 7
110 27
489 5
215 4
467 7
105 19
491 5
49 26
268 23
240 11
52 21
183 6
364 29
153 21
483 20
270 25
130 11
43 30
380 9
401 30
451 29
476 25
173 32
251 29
310 26
31 21
479 5
270 10
485 19
142 28
34 8
160 31
346 6
132 1
310 28
422 29
388 14
405 25
273 7
57 3
497 27
295 15
4 17
20 32
191 22
11 8
425 14
386 14
371 1
347 1
400 12
145 19
17 17
51 6
56 31
76 24
46 30
230 25
138 29
92 16
262 19
403 14
272 28
160 19
156 10
27 23
273 15
46 14
71 20
431 22
407 26
381 12
227 18
56 5
211 27
44 32
249 11
214 13
86 9
367 2
378 17
500 6
267 1
291 29
197 5
167 7
430 31
258 21
361 21
373 31
311 12
246 28
214 11
136 28
183 6
393 4
246 20
414 20
141 28
52 9
481 2
143 30
469 32
418 17
416 10
251 2
410 12
489 11
159 4
274 9
477 2
457 30
262 22
289 10
277 1
442 17
262 32
19 2
335 32
410 18
78 32
179 31
212 16
109 2
143 15
414 28
252 22
397 5
91 10
266 28
378 31
328 11
494 26
221 28
134 30
429 3
494 32
197 9
127 9
426 1
243 19
444 7
413 21
359 19
26 25
74 7
35 26
393 21
99 29
208 12
243 29
294 24
96 14
292 10
499 9
46 13
407 6
87 3
182 30
174 23
274 3
461 12
500 13
188 15
318 16
182 4
384 8
499 7
317 26
256 11
358 25
260 28
142 10
435 23
495 20
381 28
206 9
76 18
398 7
8 31
10 25
478 1
16 28
427 21
117 22
351 22
335 22
89 12
160 15
299 6
334 15
422 24
224 9
449 13
463 8
39 5
496 12
69 32
195 12
48 27
177 18
488 15
360 32
339 7
303 29
24 16
19 13
379 2
293 15
66 4
134 24
80 22
323 12
345 9
495 8
383 24
141 18
386 32
150 32
370 32
64 18
291 7
190 22
176 19
348 22
90 26
401 29
167 16
20 3
444 31
106 27
242 2
48 27
98 29
203 7
352 22
64 11
200 22
16 4
88 3
173 29
48 5
49 10
148 32
428 12
138 21
270 19
131 17
358 24
366 8
250 9
29 22
63 25
67 18
308 18
293 20
182 16
52 6
110 12
353 5
143 3
422 28
221 16
80 2
335 25
489 4
14 6
397 20
98 3
6 25
320 26
384 1
193 3
434 2
486 11
191 4
277 32
391 1
219 11
427 21
267 11
136 4
284 17
60 13
199 29
137 7
66 16
371 30
307 13
264 32
443 6
124 3
269 2
67 19
188 5
391 15
260 30
438 31
114 9
128 1
413 16
183 26
136 13
88 18
61 23
289 15
8 20
73 32
482 20
466 1
336 24
475 7
437 1
194 3
261 17
215 14
288 9
3 31
5 30
68 14
144 1
420 15
472 13
278 9
188 31
474 23
302 24
174 11
64 3
141 1
39 15
350 18
307 20
101 11
146 32
228 5
376 20
292 20
196 1
152 31
16 5
109 21
277 18
111 20
500 11
164 6
309 1
68 15
217 8
130 6
39 17
2 7
60 29
466 3
66 21
489 29
446 22
453 22
83 16
61 27
166 29
324 19
441 23
145 17
410 26
222 5
483 32
67 14
220 4
149 25
352 17
421 17
438 6
370 13
289 15
455 14
211 6
132 7
21 1
364 26
402 13
82 4
12 8
130 8
383 2
72 3
118 21
235 24
218 25
428 14
239 10
311 17
11 27
451 11
71 14
17 20
251 2
60 6
450 9
49 20
318 13
418 27
465 9
342 26
109 21
187 7
354 1
147 13
291 13
451 21
263 27
37 21
417 32
478 6
136 7
197 17
499 15
239 19
471 29
496 23
405 18
129 15
382 19
327 13
371 17
237 25
96 9
349 8
368 7
377 15
57 5
307 31
243 10
221 9
182 28
495 22
101 27
196 30
397 30
358 12
151 11
104 26
367 17
257 27
483 13
441 3
261 8
297 4
349 17
68 22
436 11
115 24
37 15
369 18
184 31
53 26
173 32
431 27
312 19
329 6
375 30
36 16
221 8
139 21
200 30
450 3
472 20
22 13
226 15
442 14
321 26
447 21
205 26
235 9
268 4
14 11
37 22
130 5
85 12
177 21
177 2
123 17
41 17
157 23
91 26
380 11
295 10
107 11
55 13
219 15
108 1
317 16
486 18
252 18
65 12
58 5
257 29
389 2
29 17
268 11
346 27
381 28
324 19
343 7
31 25
53 15
497 13
486 14
314 18
108 26
369 5
118 10
197 19
479 13
107 2
195 13
96 11
296 31
413 14
1 28
403 25
286 31
421 7
437 2
360 12
315 21
60 25
410 17
143 8
185 13
337 20
53 4
306 1
54 27
190 7
218 20
459 31
195 4
125 31
317 29
26 32
269 25
268 14
45 2
269 6
362 29
461 7
240 22
467 1
40 20
199 5
100 6
463 26
241 8
276 13
276 1
392 20
89 3
277 2
420 21
215 18
1 31
48 16
144 30
236 4
21 23
144 24
296 11
265 4
46 8
296 21
44 28
420 1
50 8
266 2
92 8
455 12
6 10
35 25
367 10
36 23
56 4
7 27
138 31
90 31
15 14
59 14
277 26
190 6
173 15
499 28
286 25
207 27
454 1
144 8
10 15
59 10
210 13
120 31
391 2
85 17
447 15
463 23
120 12
400 8
311 3
259 16
203 9
239 29
57 30
180 19
264 2
336 30
358 31
24 25
164 25
5 14
103 7
184 15
323 32
218 13
186 25
80 28
293 6
248 10
403 28
268 15
369 23
492 11
409 7
327 21
327 11
34 6
2 6
356 4
153 9
308 6
401 11
77 2
409 25
43 19
104 6
181 16
116 12
402 16
243 28
96 17
263 6
202 24
199 9
439 15
130 10
40 18
484 20
75 4
144 29
259 31
130 23
275 29
167 8
269 21
108 16
329 10
345 27
485 31
87 27
245 20
20 32
450 23
456 24
99 31
345 17
402 22
499 12
71 9
203 31
425 22
406 2
31 3
136 31
497 30
141 14
142 28
81 23
15 32
170 13
339 2
25 28
192 3
415 10
392 25
452 8
279 21
421 13
311 4
380 24
130 4
253 19
180 17
417 18
221 22
362 15
304 26
298 15
112 16
108 7
32 31
319 22
119 23
175 10
147 14
89 28
73 5
250 16
25 22
1 5
103 30
303 2
99 28
252 19
15 7
65 19
269 7
60 24
474 10
21 24
139 1
99 8
301 32
167 25
365 24
70 31
233 16
77 12
176 16
246 22
39 22
440 27
397 16
398 26
437 18
193 16
378 3
491 22
138 13
207 22
28 12
172 25
351 20
296 6
428 1
420 26
202 3
124 18
210 6
319 11
143 27
426 9
153 16
402 30
276 12
495 32
439 7
268 18
118 27
19 29
307 18
214 16
149 10
310 6
63 12
208 5
343 9
77 3
252 11
489 20
290 19
35 13
205 10
222 19
68 20
71 30
30 5
233 26
474 14
239 28
22 15
92 32
283 13
210 15
351 2
414 12
385 20
72 13
101 21
263 32
385 14
41 14
118 9
295 31
167 5
478 16
331 25
403 10
89 16
500 27
162 25
431 6
360 30
486 8
147 17
479 27
434 3
148 15
143 14
493 1
326 6
496 5
38 30
474 3
362 5
417 31
237 3
272 8
53 21
407 19
357 21
433 2
255 20
192 1
225 28
206 18
5 17
410 31
303 3
373 28
207 29
390 3
340 29
390 32
121 24
442 22
384 30
471 2
157 7
35 17
50 4
282 3
496 24
301 2
426 1
165 1
165 22
279 28
66 13
247 3
168 12
368 16
265 14
41 25
352 19
301 22
370 11
308 10
478 24
15 27
484 8
239 20
85 30
152 15
390 10
41 13
438 8
312 30
245 13
123 9
483 31
202 21
209 21
70 10
320 8
293 3
115 31
450 12
252 5
406 5
203 10
254 4
205 13
193 5
121 23
101 24
442 10
308 30
162 9
392 9
460 12
283 31
66 1
330 6
389 3
162 19
32 27
82 28
184 23
240 32
441 13
259 2
494 2
88 20
442 7
488 26
162 7
32 27
207 1
248 11
447 10
186 14
176 19
269 11
393 8
15 22
52 1
419 10
43 22
201 12
484 24
89 13
310 28
76 4
184 7
463 30
84 12
163 20
118 19
322 7
143 8
344 14
313 18
239 11
120 19
190 3
331 27
304 8
102 23
212 18
53 26
267 13
25 26
100 2
64 29
152 6
109 3
252 13
461 10
127 28
133 12
386 7
446 13
158 28
419 25
185 32
394 27
312 22
84 11
264 32
183 31
205 11
114 24
63 22
298 13
209 30
5 14
448 30
487 17
349 29

