128
192 22
89 6
99 11
389 20
89 14
488 14
43 12
166 32
33 10
149 22
161 4
115 30
61 15
444 16
201 4
268 20
177 32
293 11
178 5
142 7
34 1
472 12
352 21
480 4
214 28
365 10
251 8
439 19
10 31
386 18
362 1
306 26
213 30
312 10
335 1
360 20
433 3
296 13
320 11
372 21
106 9
111 4
420 5
19 5
431 24
343 4
261 28
181 25
449 32
214 27
148 18
355 1
108 14
69 11
276 28
312 29
380 30
88 19
470 22
80 5
362 14
248 6
273 5
446 1
124 31
208 4
436 10
408 4
211 16
174 14
119 13
422 15
258 9
149 12
467 24
184 12
1 23
153 13
211 14
346 31
460 9
310 28
114 5
143 8
44 12
365 30
153 30
160 2
146 13
489 4
388 28
143 9
103 31
13 13
96 2
351 24
410 12
155 27
376 17
50 3
464 22
433 20
199 12
378 25
104 2
308 28
390 11
232 16
449 24
360 21
454 7
452 3
370 30
90 2
106 31
368 9
405 4
389 7
96 18
299 7
335 27
42 16
261 5
271 13
221 27
105 22
341 12
240 18
365 21
159 22
172 23
243 8
178 27
30 9
100 13
324 30
139 17
10 11
342 12
459 18
410 24
291 6
471 30
312 12
63 10
9 6
348 31
161 26
85 26
2 4
222 17
118 12
394 15
110 23
110 13
500 32
132 14
473 6
171 28
493 29
458 18
170 5
456 14
34 9
224 32
224 13
212 13
157 17
23 14
191 21
334 14
4 29
331 24
271 6
112 19
86 25
116 4
225 20
437 27
464 24
146 7
309 9
232 29
314 14
230 32
386 4
194 21
232 8
217 2
377 32
469 15
248 24
422 20
359 2
434 6
222 7
361 30
288 32
494 9
197 3
456 15
342 21
323 6
377 15
131 9
70 27
419 5
387 8
493 29
50 6
271 3
209 15
152 28
74 25
448 26
423 11
56 1
256 11
190 28
121 12
236 7
123 27
211 25
346 3
457 11
333 23
369 21
209 12
388 18
368 19
108 31
441 19
407 28
393 4
179 22
119 27
56 21
273 6
101 22
321 2
217 17
136 13
193 29
105 20
182 28
266 25
114 2
452 24
254 8
467 20
209 10
402 24
326 2
382 11
496 6
336 24
206 3
296 26
19 28
181 13
76 18
341 17
355 16
61 16
340 3
96 20
464 17
164 10
375 9
420 10
450 31
433 3
429 4
108 32
332 8
500 23
437 16
299 11
484 15
251 23
238 30
222 29
46 21
46 32
133 25
289 10
423 9
292 24
153 7
151 12
38 2
446 6
341 8
265 16
455 11
350 8
416 16
96 21
160 10
381 1
458 29
430 25
94 22
232 18
120 6
433 10
235 30
483 23
473 31
455 27
465 12
470 16
431 6
193 31
207 25
87 16
445 8
44 26
237 23
487 25
212 7
218 2
148 16
225 9
299 31
399 23
186 5
495 5
434 11
59 24
111 1
155 23
364 15
445 5
177 27
161 1
202 30
186 5
77 26
173 27
440 16
490 2
292 24
94 29
374 8
68 4
148 26
242 15
272 10
463 13
469 15
41 6
352 14
222 25
488 23
155 31
170 4
256 25
331 5
389 28
500 8
391 19
29 25
362 9
170 20
305 6
151 1
11 14
274 21
134 21
183 25
392 16
284 19
16 23
496 28
170 3
63 17
198 3
45 23
95 10
86 31
204 12
447 26
442 13
150 31
333 24
363 20
35 19
223 14
113 30
157 26
268 11
46 21
310 18
375 24
156 21
7 11
400 21
276 25
173 18
416 2
461 14
81 16
276 27
249 8
224 6
374 24
124 11
456 29
361 23
41 24
495 11
78 10
203 5
235 32
482 26
85 31
279 21
142 7
172 10
146 7
295 15
386 31
142 10
203 22
376 15
369 10
345 14
467 24
150 21
275 8
54 23
426 21
227 19
91 26
456 8
145 11
459 30
21 16
75 3
101 6
22 17
23 10
266 2
413 15
394 23
46 4
249 27
132 24
389 18
77 9
309 17
299 15
251 27
218 21
245 2
479 14
490 9
484 15
342 24
22 32
287 19
35 27
242 26
66 26
239 3
326 3
363 20
370 1
146 15
142 11
109 16
360 2
472 15
57 2
91 14
253 21
496 3
467 13
156 1
219 6
27 8
496 21
372 25
206 9
304 11
111 24
318 11
65 17
165 9
158 31
50 18
187 22
400 2
486 15
38 8
4 4
452 28
304 11
216 13
43 27
59 6
486 16
180 11
369 8
23 18
303 9
288 25
174 23
346 31
446 27
215 25
150 22
152 22
192 8
166 18
90 25
443 20
452 6
126 8
318 16
198 20
424 29
312 21
375 6
108 24
96 26
473 30
191 4
403 14
343 20
319 13
496 22
360 20
235 29
471 8
484 20
227 4
4 7
208 3
400 11
402 11
488 10
92 18
350 26
263 24
266 30
476 25
47 3
60 13
171 7
389 11
50 15
266 10
5 5
284 32
140 5
399 19
411 18
9 28
188 3
303 25
56 23
213 18
317 29
87 24
155 19
494 28
89 15
109 22
435 16
349 2
429 31
257 3
441 25
302 28
387 16
80 27
438 4
396 31
268 10
242 2
308 23
478 29
49 2
194 23
330 6
113 6
141 13
300 21
485 5
60 31
408 3
17 26
486 5
100 6
98 13
27 10
131 4
6 7
442 23
217 23
92 21
380 32
197 3
16 5
131 3
404 26
417 28
383 11
184 10
8 14
378 22
391 24
390 28
390 31
298 27
101 13
435 16
177 16
10 32
16 24
119 23
29 7
191 4
289 18
449 32
359 3
182 21
186 15
348 24
401 1
34 1
238 32
184 26
303 1
457 3
184 27
89 8
314 11
327 18
357 24
250 27
454 7
168 19
353 31
66 1
364 27
457 13
419 16
366 9
36 30
391 7
101 4
134 26
110 25
367 10
440 28
385 9
398 20
31 22
418 5
206 17
195 22
85 25
5 2
186 20
476 12
314 24
407 8
341 29
112 27
38 15
27 10
295 24
177 17
378 15
273 3
79 20
97 28
284 29
465 13
345 28
249 10
367 7
457 3
227 16
266 9
470 20
390 20
419 15
293 24
13 25
379 27
236 19
254 24
279 19
192 31
158 28
133 1
151 25
83 5
361 32
493 6
343 31
298 30
449 30
409 9
6 15
403 2
465 25
465 16
227 28
218 24
300 22
112 26
143 27
178 23
98 11
36 13
405 21
406 21
274 30
17 8
305 31
373 13
279 1
364 1
196 10
93 19
135 16
296 13
454 10
131 4
348 31
196 28
351 25
308 5
266 12
108 2
446 20
191 1
20 10
433 15
339 25
62 18
433 13
102 18
34 1
289 9
103 4
484 17
436 19
281 18
466 32
475 8
71 1
340 6
423 8
305 29
297 22
86 9
74 12
318 24
124 15
340 10
442 4
382 14
466 15
283 20
254 17
47 1
478 2
266 28
157 26
12 9
287 6
237 17
137 11
172 28
13 7
337 10
186 30
35 32
84 21
287 26
130 13
366 23
70 31
358 22
53 9
235 7
170 15
403 30
25 30
269 17
437 29
195 14
27 17
125 6
250 31
151 11
95 24
337 24
147 18
94 15
266 12
241 8
298 12
445 19
69 30
415 13
170 29
331 20
190 7
158 19
70 24
21 16
324 29
180 6
402 21
372 7
100 8
306 25
107 19
275 28
316 14
236 9
298 2
33 23
373 22
481 14
349 5
457 28
209 4
197 14
260 20
481 23
32 2
312 14
240 26
17 3
275 17
244 17
170 8
263 26
317 16
335 9
96 4
41 21
279 5
118 31
157 22
101 20
88 4
29 11
350 10
86 4
2 25
48 11
456 27
65 28
110 11
140 29
394 8
213 21
121 19
267 5
132 7
168 31
483 24
250 8
445 23
455 26
163 31
469 14
369 9
93 2
487 12
34 1
116 15
257 32
429 7
364 8
241 27
131 23
430 16
406 19
66 9
172 20
67 16
49 31
376 9
412 11
372 29
95 7
43 31
74 11
77 9
31 17
171 25
244 21
244 5
327 13
361 18
388 19
342 32
213 25
428 16
283 27
421 13
138 23
431 7
286 15
352 20
28 18
180 7
474 19
271 12
83 24
2 30
410 31
257 27
411 4
98 26
334 22
422 31
185 17
238 14
415 21
341 30
314 12
64 12
294 15
291 28
170 20
197 15
134 21
53 9
488 19
442 21
224 7
496 20
419 25
81 22
173 1
127 18
292 23
125 9
81 20
312 10
59 28
180 25
312 1
441 7
439 2
472 26
448 15
422 31
403 14
52 19
275 6
412 26
72 1
355 32
156 6
253 26
26 1
110 17
369 18
340 19
135 19
320 27
481 25
153 7
447 12
309 21
85 28
490 13
460 16
160 15
214 21
181 23
49 26
279 21
396 30
427 30
280 18
316 16
191 16
494 17
171 14
61 12
22 18
264 5
98 3
448 23
39 28
253 11
473 19
59 32
1 5
250 32
435 21
392 1
385 5
465 31
187 21
14 28
278 1
392 7
404 19
389 26
170 9
85 3
24 3
362 12
480 31
155 30
380 26
242 24
283 14
170 17
434 32

