128
363 7
302 24
436 23
395 6
325 4
26 23
146 13
486 15
49 20
294 7
69 30
137 24
285 7
177 22
430 3
366 20
77 20
256 9
294 14
486 2
233 19
84 31
331 2
209 4
265 30
106 9
235 30
144 16
376 13
405 29
303 3
449 24
494 28
244 31
205 13
256 25
92 23
167 30
112 3
5 12
229 10
60 27
55 20
38 10
228 15
87 14
417 23
113 6
238 4
400 26
289 3
230 16
345 9
153 17
123 14
184 11
119 16
18 30
3 15
103 2
201 13
111 13
75 20
230 20
431 21
457 7
135 31
450 16
435 3
140 17
112 27
260 6
122 1
255 12
35 10
205 12
398 28
204 25
391 10
488 5
414 25
392 21
483 1
232 29
295 3
325 18
397 8
340 7
64 26
494 23
303 31
186 25
366 25
25 8
174 28
428 32
308 23
340 10
364 23
206 26
145 19
268 21
318 3
411 2
200 13
332 31
103 25
407 4
257 7
75 19
294 22
222 22
25 5
243 4
335 5
397 19
183 8
371 16
122 2
233 6
38 8
28 24
284 26
311 17
216 5
323 1
238 20
314 6
308 21
1 18
209 6
472 15
265 10
242 23
327 15
264 24
242 31
207 22
76 9
418 23
253 8
3 7
487 13
456 18
429 21
287 25
58 6
379 6
303 4
264 26
446 23
345 8
169 32
65 12
420 2
386 21
73 25
15 3
261 6
204 5
278 22
177 19
99 3
213 9
378 20
382 24
3 19
363 31
130 27
267 25
260 12
73 4
244 7
94 8
409 25
396 6
490 8
225 8
478 17
192 16
264 18
31 14
4 5
289 21
23 23
33 26
410 26
317 6
44 2
361 12
410 25
490 7
328 10
190 10
2 29
13 29
10 31
383 17
139 23
497 1
429 18
294 14
339 22
343 10
371 32
186 16
460 7
30 23
92 3
296 9
155 24
209 13
54 15
177 24
465 2
204 17
407 17
83 29
458 17
330 28
480 27
107 7
393 32
430 16
58 29
428 1
237 29
377 10
431 9
186 16
430 25
492 28
90 30
136 15
203 30
375 30
332 21
473 25
469 2
208 22
330 32
90 18
124 2
60 6
223 29
153 20
189 21
44 30
274 7
177 32
496 23
158 28
383 2
404 31
383 27
81 32
98 10
482 21
340 13
479 22
489 15
269 29
331 24
307 21
343 7
432 2
385 17
17 7
70 16
322 20
383 26
368 4
275 5
405 14
241 19
231 25
69 12
109 4
163 15
356 1
249 11
47 17
228 31
104 13
335 29
453 25
382 20
400 24
20 20
474 8
38 8
340 7
55 20
210 22
215 1
74 23
55 24
300 6
387 31
283 5
383 19
141 16
406 24
271 29
344 12
36 17
300 3
43 6
174 32
423 24
168 17
55 11
320 22
356 30
460 2
130 14
76 30
457 25
310 3
109 1
175 24
89 2
222 8
31 16
383 2
135 7
302 21
477 25
246 32
31 29
174 24
250 21
430 6
434 11
137 2
447 23
38 27
488 19
166 30
6 9
323 9
155 16
33 31
449 7
166 31
335 31
490 13
292 11
142 1
361 26
118 31
292 27
194 7
266 27
1 15
111 3
263 17
151 20
99 27
426 13
281 28
159 14
344 30
393 26
26 13
467 32
412 3
150 5
93 7
315 13
390 2
120 12
394 2
151 1
424 24
461 20
336 23
177 27
273 25
368 18
174 7
293 17
149 11
393 17
413 19
38 6
336 13
306 6
482 16
278 9
32 18
312 27
60 28
249 28
57 9
130 26
7 30
18 23
420 30
99 25
468 4
134 4
496 15
237 29
247 14
85 6
103 32
348 6
384 20
494 16
416 15
373 10
100 18
132 20
299 7
204 30
218 9
421 26
480 9
394 22
22 27
355 20
226 26
138 21
149 27
252 9
457 12
42 20
13 18
427 11
404 18
281 1
23 9
390 18
414 16
79 7
466 1
411 3
486 20
4 6
30 27
254 22
231 32
393 3
469 16
258 8
153 22
48 27
294 2
28 15
425 18
494 26
390 16
284 11
303 19
213 16
394 30
169 20
261 13
218 13
84 3
156 29
68 28
115 22
493 3
420 13
100 25
158 6
316 1
216 10
80 32
153 1
246 29
448 26
86 9
439 5
344 26
109 3
149 24
124 17
70 28
409 13
456 2
10 28
359 2
93 22
5 30
262 30
418 9
108 3
225 30
24 28
491 8
331 12
59 22
132 24
497 25
297 5
458 22
76 28
235 4
457 24
265 6
193 27
278 12
185 31
197 4
274 32
44 24
327 10
58 6
230 30
350 6
358 24
35 1
327 18
305 4
213 5
353 29
251 23
205 28
337 17
347 14
292 10
214 26
492 19
428 21
28 29
450 18
288 20
22 7
457 22
250 13
247 18
74 25
436 18
488 28
382 19
234 18
224 15
143 15
273 10
139 16
51 28
389 26
276 19
304 20
440 9
401 2
359 10
387 2
103 14
418 28
60 7
361 28
301 24
202 21
277 13
224 7
132 5
221 23
227 32
491 30
281 11
204 3
216 26
284 14
167 1
357 7
407 22
214 27
73 11
483 13
459 19
232 31
171 20
201 13
327 31
414 27
285 9
97 28
410 1
373 9
137 18
7 8
299 16
102 19
486 17
423 17
143 18
239 25
457 3
413 24
334 14
242 10
147 15
322 24
275 14
336 15
275 14
306 5
413 24
295 23
196 22
195 10
75 21
354 12
75 6
19 24
295 20
378 9
302 7
201 16
244 32
339 19
230 20
443 10
403 14
392 18
11 6
287 9
222 28
320 17
109 22
56 20
450 9
196 11
335 28
179 3
284 25
301 9
160 11
6 23
36 18
364 26
39 3
483 17
494 22
261 31
344 8
358 21
453 13
395 31
153 25
69 4
441 21
300 29
464 29
219 23
258 26
397 5
84 19
409 26
384 21
32 19
336 9
223 12
145 6
279 29
394 11
84 15
68 11
139 31
244 29
381 21
438 5
297 18
359 13
303 31
225 2
173 29
426 24
404 30
365 18
71 26
233 26
296 28
241 18
182 12
290 14
336 4
43 25
453 9
41 31
495 6
292 24
30 9
267 9
342 11
467 32
92 23
418 12
498 30
321 11
345 11
296 8
190 10
16 2
91 5
452 25
174 31
456 11
163 30
135 12
56 13
268 12
299 5
35 20
398 19
30 10
317 22
273 10
15 17
203 17
197 10
394 30
248 25
72 14
275 26
266 30
159 5
329 9
421 31
457 10
70 26
411 14
163 3
448 14
175 2
134 7
156 7
444 19
432 11
165 22
425 26
387 11
166 28
243 6
430 15
107 11
389 1
89 23
403 16
432 22
37 2
152 28
296 32
447 7
462 15
284 14
392 15
172 5
238 11
346 3
317 24
370 1
320 6
460 26
345 27
151 5
308 11
277 4
250 15
182 19
333 6
301 4
488 24
484 29
238 17
95 27
484 12
111 31
273 18
376 5
461 7
202 8
33 10
223 26
200 21
344 20
222 12
311 13
468 30
137 5
326 7
463 21
399 26
315 3
495 10
492 23
420 17
427 32
22 9
233 17
257 5
456 22
424 26
390 19
411 10
300 4
461 22
248 3
187 10
233 26
103 12
340 3
268 14
326 21
267 27
361 19
339 8
353 14
433 10
357 23
120 24
282 4
121 17
142 28
90 10
341 13
450 4
67 17
298 16
6 8
302 10
438 8
386 2
458 18
384 22
13 31
173 2
286 25
175 7
304 12
152 8
160 5
176 6
170 29
470 27
240 31
244 29
467 21
171 28
299 10
89 15
408 29
456 9
257 2
471 9
246 30
56 5
75 27
483 24
259 32
270 26
278 21
27 4
494 21
19 16
102 15
454 5
219 13
53 32
243 27
388 28
496 23
244 26
230 10
165 8
233 2
486 7
151 24
254 32
412 9
287 9
231 12
225 2
204 25
129 6
3 8
285 10
14 1
124 15
310 20
231 19
426 24
53 12
283 2
219 26
282 25
410 1
448 14
166 27
466 2
449 24
13 1
21 6
317 4
269 11
284 11
21 13
418 21
284 16
434 2
245 32
210 10
432 29
343 1
11 28
242 23
479 10
248 19
131 24
143 3
394 14
101 30
486 14
190 17
69 8
326 5
43 11
22 6
395 4
422 29
23 7
68 17
120 11
352 30
230 26
1 4
123 13
389 32
471 19
432 23
258 1
56 32
291 9
125 17
293 10
293 11
60 32
20 31
26 31
280 12
68 28
231 30
233 15
1 3
253 12
445 26
188 20
161 22
429 29
366 9
330 18
239 21
222 14
271 27
480 15
206 3
330 20
88 18
111 28
468 3
19 13
225 18
264 21
35 28
170 12
264 23
262 23
92 15
112 30
433 16
264 15
490 22
426 18
359 4
165 27
251 20
443 3
241 6
211 12
250 8
379 5
83 20
219 10
474 31
239 11
126 19
397 31
448 26
192 14
210 29
336 4
244 14
138 20
484 28
111 21
228 22
449 2
481 20
187 11
350 17
213 31
427 13
441 10
282 13
384 3
193 31
154 24
497 11
271 32
491 10
416 10
371 12
231 7
383 21
157 16
341 5
58 8
329 11
345 23
483 8

