128
346 8
488 20
137 16
380 14
373 13
469 4
295 28
3 7
298 18
183 15
432 13
190 32
199 17
500 27
93 14
145 10
45 16
202 25
211 21
359 12
493 19
403 20
434 17
134 23
143 12
85 6
240 22
185 14
491 20
57 11
274 25
372 22
332 17
351 6
358 21
329 6
387 32
489 20
488 18
402 18
141 15
407 21
112 28
170 10
479 10
36 16
130 8
274 9
332 20
207 29
184 31
39 14
118 27
241 14
353 10
291 9
480 22
77 28
141 31
45 31
176 25
75 10
340 20
118 23
175 32
360 14
211 22
279 28
480 27
489 28
216 8
29 28
477 1
491 13
55 27
439 7
467 25
388 18
416 1
329 18
33 28
299 31
141 25
274 32
299 3
304 23
394 32
62 6
288 8
42 31
438 28
425 21
197 20
414 32
20 14
54 20
133 16
146 25
281 12
393 27
386 20
297 23
231 2
352 18
261 13
64 11
224 20
307 28
3 4
236 27
462 13
426 26
344 32
219 4
343 11
55 24
10 15
210 16
61 9
461 25
157 17
223 28
216 1
4 11
249 19
93 22
83 18
7 26
89 1
50 27
39 28
214 8
158 31
491 26
187 24
243 27
180 21
75 11
198 14
113 26
372 25
359 30
75 29
379 27
294 20
150 8
235 7
84 25
138 6
314 12
81 4
19 4
77 29
155 14
374 3
71 9
176 21
198 6
497 28
116 14
356 21
474 30
128 5
38 1
186 8
292 7
111 18
378 3
254 24
312 23
3 22
371 22
162 4
131 27
348 26
448 15
363 29
496 10
33 2
310 11
237 21
337 19
411 26
238 20
98 5
143 12
431 9
481 4
137 27
250 12
412 6
38 2
322 5
467 3
270 20
425 14
229 29
409 15
326 22
6 7
194 12
374 20
217 18
420 1
20 21
336 32
70 5
57 28
461 12
450 15
3 10
440 7
338 28
73 27
493 23
86 11
282 19
366 22
17 21
350 16
306 1
319 3
261 16
322 14
103 27
304 25
348 23
40 9
443 20
348 3
394 5
325 12
447 11
25 27
327 23
203 8
263 25
63 28
248 8
97 2
7 4
159 6
494 26
391 12
161 18
223 23
374 27
434 12
441 2
487 4
184 17
103 15
61 21
322 17
401 18
362 31
169 12
112 14
69 18
450 18
91 8
488 24
422 9
488 7
378 10
482 2
162 20
360 2
453 25
234 5
450 4
463 30
319 6
483 20
428 4
321 26
455 12
186 13
228 21
91 29
498 28
370 23
7 13
84 23
261 10
367 14
117 29
31 27
107 22
26 26
149 18
255 4
153 4
184 16
316 2
189 21
197 10
175 11
139 3
366 27
280 28
313 24
413 19
34 27
60 32
404 1
257 6
16 14
302 19
493 1
472 9
486 16
443 32
74 9
122 27
331 13
23 11
500 15
190 22
305 5
445 28
161 5
69 8
314 10
374 15
43 13
191 32
216 9
39 22
65 1
80 20
61 6
242 17
240 27
446 28
236 26
307 4
294 24
424 16
449 5
118 11
346 20
370 13
293 9
202 13
69 18
456 21
87 30
393 11
332 10
74 23
431 29
315 1
108 6
36 20
386 13
399 27
312 8
144 28
28 9
313 24
478 8
281 17
169 17
243 29
215 32
271 29
48 13
221 15
174 12
63 28
260 1
494 24
432 29
379 24
186 27
259 31
163 27
431 7
64 9
183 6
193 22
274 4
390 31
247 20
454 21
179 2
325 4
341 28
365 11
419 6
262 2
416 8
420 19
106 7
223 17
112 3
446 14
7 7
84 25
454 21
265 8
306 1
8 14
196 12
365 15
273 30
496 20
253 11
238 18
102 1
350 29
79 7
302 9
482 21
41 7
478 13
419 31
97 26
281 9
149 5
111 21
474 6
312 6
224 14
287 1
66 25
242 16
283 7
433 12
484 25
403 5
482 1
447 18
98 15
74 30
223 16
370 20
493 25
125 5
434 16
393 19
400 2
495 6
233 27
298 4
251 4
28 24
372 10
14 29
201 3
270 11
475 11
175 7
171 23
35 9
62 16
307 13
265 29
495 25
79 4
64 10
195 3
117 10
417 10
90 5
421 31
243 31
349 13
213 11
68 16
327 9
27 14
294 15
138 8
492 1
135 3
102 17
498 10
98 18
200 31
382 32
397 4
218 5
245 2
115 20
177 2
144 15
279 17
198 24
428 5
336 2
243 1
94 12
7 11
5 30
81 18
29 5
214 26
73 6
175 24
473 12
333 20
258 7
109 23
378 28
495 22
302 2
2 15
181 32
290 10
65 2
423 25
199 16
190 15
297 13
310 13
68 30
441 17
104 5
132 2
436 2
399 29
215 12
336 16
260 5
433 8
346 19
269 12
195 18
167 23
174 32
464 21
322 4
270 1
452 13
258 7
378 24
328 17
408 15
340 15
139 24
490 24
478 22
232 12
420 30
15 5
77 6
38 26
381 31
323 16
59 28
422 24
88 25
28 23
115 7
161 25
342 26
89 8
464 20
343 23
421 21
179 13
38 20
395 2
374 1
453 28
500 7
220 15
475 27
285 6
318 9
194 31
151 14
330 18
305 25
348 17
233 2
74 7
94 4
40 7
388 25
251 31
219 22
30 29
68 18
134 17
111 32
396 29
313 21
78 14
249 21
46 26
302 27
252 11
438 7
66 1
135 20
416 29
137 13
250 24
110 27
293 24
414 24
184 7
412 1
48 25
37 17
142 11
64 17
437 9
387 6
178 22
169 9
78 1
241 11
213 18
62 1
274 31
44 29
405 3
70 24
467 18
249 12
148 20
56 17
164 19
438 5
168 15
137 25
115 1
424 7
431 9
35 28
163 30
12 12
237 21
223 27
391 11
15 2
134 2
474 26
216 8
342 27
370 11
332 4
59 23
15 29
443 17
44 5
479 16
376 15
340 19
269 10
421 15
120 27
57 29
204 4
356 17
359 25
227 18
413 6
296 7
478 6
327 26
46 5
429 26
223 12
224 28
498 8
478 1
50 26
413 21
10 1
2 28
197 32
57 21
217 20
239 7
293 18
68 2
74 8
315 9
115 6
492 8
34 13
432 15
207 5
188 4
465 9
435 29
120 11
474 13
398 12
235 22
481 18
231 19
1 18
407 11
435 30
283 4
70 26
51 16
410 22
195 2
482 17
91 5
175 16
141 24
479 3
113 24
232 4
218 12
241 4
51 11
373 9
495 10
398 1
422 32
338 12
237 19
449 31
123 23
94 8
47 9
342 27
384 30
206 9
9 18
428 31
325 12
243 11
445 9
67 14
152 32
334 8
426 22
419 8
108 20
163 26
436 25
17 27
282 18
123 30
20 14
201 32
53 3
366 14
287 20
363 18
39 20
30 4
33 32
363 21
311 26
498 15
234 2
417 7
88 12
304 23
293 32
154 18
299 31
343 13
154 25
227 4
457 24
359 21
407 17
481 9
450 23
315 27
196 32
49 11
475 5
445 3
60 22
464 6
320 18
147 5
215 17
16 23
480 14
159 30
299 20
454 8
322 29
283 1
204 3
356 6
387 12
148 11
102 28
8 21
417 2
246 23
230 1
153 25
339 24
298 13
155 28
236 20
224 22
196 19
53 31
308 31
55 31
89 12
418 25
280 7
306 25
169 12
490 10
448 8
485 26
316 11
349 7
466 12
273 17
54 21
268 21
467 26
167 28
181 13
356 4
123 13
337 15
196 22
464 28
357 24
241 16
438 9
426 31
364 18
120 17
374 31
129 25
60 23
248 28
435 7
51 21
115 27
200 11
64 27
158 12
315 26
443 20
190 17
359 21
418 2
173 8
216 9
336 23
299 19
366 2
389 16
142 11
155 25
17 26
208 26
490 6
423 32
125 20
4 11
16 18
164 12
417 11
340 24
357 19
390 18
76 2
342 9
132 12
410 1
417 21
322 10
490 13
190 18
356 25
301 8
318 8
411 2
195 7
189 19
93 2
477 12
207 6
236 15
165 21
487 21
113 8
339 2
256 8
68 20
276 16
187 10
183 13
179 9
51 4
280 11
297 32
162 8
425 10
194 21
394 4
373 7
191 7
312 31
294 27
410 14
450 12
15 1
396 1
361 11
412 4
441 9
99 11
64 7
352 5
315 17
288 4
455 18
454 31
276 24
497 1
21 3
336 27
431 4
227 11
30 31
283 2
51 17
276 22
256 31
222 18
76 1
313 6
190 31
148 2
70 29
354 26
295 14
124 1
273 14
367 30
192 25
475 18
234 11
207 1
229 32
114 24
140 7
38 18
397 1
499 26
33 20
407 27
245 6
107 17
83 6
170 31
326 13
220 7
247 23
251 31
58 25
483 22
143 20
231 3
56 25
356 17
284 14
471 13
143 6
45 5
403 11
203 8
63 19
491 13
53 21
135 30
457 1
11 11
488 25
489 8
173 8
188 29
457 2
485 7
87 5
28 17
299 14
273 5
356 7
21 8
207 28
222 8
124 24
114 16
177 31
211 1
150 14
157 27
407 5
57 22
226 12
38 24
166 30
385 25
424 13
133 31
412 6
146 4
289 23
203 13
65 9
18 27
162 10
173 4
167 21
265 24
313 31
267 26
464 11

