128
186 22
335 28
171 21
314 20
452 6
23 21
468 21
230 14
232 17
452 21
50 9
214 10
476 26
322 3
266 5
100 23
491 14
494 25
162 11
413 10
248 27
330 8
348 7
225 15
451 24
76 4
384 29
10 8
207 23
330 24
492 5
274 22
418 31
494 19
277 26
192 25
193 25
240 4
284 20
322 22
492 21
86 11
186 7
86 8
129 27
215 24
47 12
305 16
310 27
43 18
56 30
462 8
459 9
491 22
17 29
327 8
61 4
234 2
358 4
341 7
86 7
310 29
98 11
96 27
413 14
345 24
76 22
420 2
7 10
127 27
426 1
234 23
217 19
436 14
138 1
264 20
35 18
208 25
188 27
391 32
145 31
271 20
393 22
105 19
156 11
125 5
183 14
271 15
176 19
177 22
187 16
389 25
13 24
57 28
454 4
3 26
34 18
21 22
19 1
176 6
355 20
459 22
9 5
140 1
139 32
498 9
108 30
250 16
37 18
24 6
457 6
440 23
355 12
120 30
437 20
251 23
447 13
32 8
290 16
140 8
191 29
457 30
226 18
270 14
67 25
103 24
22 18
218 21
206 25
102 10
484 20
136 19
413 12
238 18
43 1
185 9
69 9
383 22
50 20
259 29
148 21
492 9
107 1
249 4
397 14
157 5
54 12
163 2
163 16
223 17
480 11
142 12
400 32
45 13
27 3
417 30
15 28
46 29
320 3
136 21
496 12
97 17
288 15
70 14
362 4
7 13
199 24
92 2
23 24
398 9
438 23
278 16
278 11
277 14
469 12
314 29
408 26
69 15
20 31
496 5
282 26
73 16
353 8
281 7
151 31
127 24
197 20
391 6
79 19
71 11
283 20
67 22
145 20
384 20
478 31
396 19
85 8
443 9
335 19
164 13
105 30
424 5
398 11
479 16
185 29
226 27
137 1
156 29
132 19
149 5
122 8
71 10
216 25
494 30
440 1
387 28
151 14
49 16
476 11
375 21
279 24
479 23
96 31
400 11
377 4
187 2
295 6
55 26
122 29
264 9
409 2
309 27
311 5
310 7
439 8
151 21
488 9
336 23
115 31
310 24
486 16
489 12
105 4
494 19
296 29
491 28
462 31
467 12
359 32
262 17
164 12
366 7
393 17
85 27
287 30
498 16
94 11
403 2
86 32
276 13
356 15
436 25
417 30
441 16
382 22
424 5
318 5
47 22
341 7
216 3
229 2
250 18
256 13
19 25
252 7
221 8
413 12
128 1
114 4
308 7
474 16
391 27
224 21
352 9
271 31
395 31
484 29
172 11
1 3
79 20
337 7
63 29
11 27
281 28
462 13
470 23
24 12
429 15
500 32
163 26
199 2
121 30
202 8
421 6
334 11
157 18
354 20
122 4
262 11
339 11
195 32
362 18
19 18
464 10
70 23
139 16
36 27
301 21
403 21
142 12
276 18
110 17
369 11
344 18
337 18
57 11
341 30
452 27
59 28
228 32
246 6
99 9
329 28
369 3
324 22
170 15
159 11
79 12
362 18
9 10
307 25
433 19
186 16
209 5
3 16
428 28
6 19
28 22
130 32
268 29
257 5
256 28
216 10
295 5
108 3
330 30
220 2
413 17
350 29
353 28
261 25
100 2
11 27
451 24
375 14
296 15
6 31
398 1
385 16
1 4
347 19
109 14
444 17
174 5
346 19
497 26
159 24
371 21
74 17
160 12
242 31
431 15
6 4
320 6
372 20
85 6
354 9
487 26
418 16
294 7
186 30
368 12
385 26
364 7
114 11
258 7
478 12
453 7
220 4
76 3
148 20
12 29
56 26
150 21
157 20
87 11
85 26
242 6
247 22
280 28
480 29
418 9
77 23
143 24
346 26
90 17
81 1
346 9
450 3
461 2
142 24
152 7
57 2
48 4
351 23
367 22
215 1
491 27
359 13
438 16
203 11
401 19
479 14
271 4
444 24
386 6
335 17
164 31
134 23
398 8
389 1
18 31
253 28
394 23
344 11
18 14
210 6
181 32
15 27
468 3
386 9
248 32
93 19
463 11
121 32
414 21
476 15
463 32
142 12
42 18
391 28
383 12
477 31
139 20
366 14
154 11
310 29
323 15
163 9
481 23
144 10
495 8
177 29
51 2
165 29
303 31
152 18
6 24
452 20
175 9
454 32
272 23
432 30
17 10
378 29
228 13
243 10
344 31
31 27
236 15
339 19
101 14
428 22
173 19
453 16
400 10
379 15
21 11
116 5
404 17
238 20
365 8
57 17
398 3
307 5
133 1
375 29
190 26
190 18
237 27
61 8
400 16
158 4
250 1
161 13
117 10
488 13
377 29
393 22
483 7
462 16
47 17
200 20
194 30
450 22
32 6
417 27
301 18
203 14
50 7
407 2
112 26
351 32
142 11
465 21
498 14
92 24
466 15
132 8
180 17
441 3
442 26
346 11
135 28
496 29
114 18
54 17
500 12
64 1
203 4
469 8
157 24
95 15
203 10
134 18
10 18
297 16
283 18
398 22
393 17
306 14
499 15
82 14
467 13
342 17
228 3
220 32
222 22
210 32
96 3
158 25
121 6
260 31
299 1
172 3
402 5
400 20
40 13
249 14
329 14
378 8
252 21
291 10
114 21
249 9
47 26
166 11
211 9
70 21
434 29
403 27
274 6
438 21
486 14
170 10
127 31
221 11
347 24
204 28
216 28
373 2
210 6
429 20
166 22
133 23
294 31
137 19
393 30
231 22
463 8
44 6
150 16
320 24
479 3
308 18
178 24
308 19
421 32
11 10
289 15
389 6
233 17
353 17
303 31
3 25
187 6
206 12
13 13
184 28
103 23
389 13
374 32
371 10
487 5
83 19
79 19
209 32
200 17
436 18
495 22
470 21
187 8
369 16
404 4
247 3
246 23
491 7
35 13
116 21
446 2
148 4
21 32
187 24
120 19
425 30
116 18
499 3
421 19
206 13
122 28
35 15
438 29
189 8
89 4
345 26
353 4
262 25
51 32
296 18
274 24
135 26
318 1
44 2
203 13
266 8
52 28
42 25
176 10
165 1
385 29
150 18
204 23
314 2
63 26
275 8
385 1
77 26
246 28
292 20
72 9
476 15
357 17
316 28
451 8
148 7
192 22
276 3
60 2
500 2
255 22
310 11
34 10
341 23
210 32
79 13
40 6
108 12
422 3
280 16
106 3
411 13
76 14
395 4
127 18
461 9
167 14
372 28
212 24
183 29
195 29
53 30
18 4
482 23
434 17
15 15
391 29
187 11
462 9
306 25
326 18
173 32
92 20
396 23
107 14
75 1
42 27
239 11
139 8
201 4
184 7
315 10
491 13
392 13
434 1
393 15
19 5
455 18
109 10
116 3
483 26
220 32
20 2
434 18
381 10
82 32
53 8
489 19
248 29
495 9
133 3
496 15
304 6
464 32
3 7
330 5
120 5
212 20
210 13
149 14
482 26
153 6
329 22
77 21
226 23
313 14
162 20
361 1
109 28
80 7
255 1
299 2
310 14
365 11
6 26
461 16
447 5
373 20
458 13
56 11
224 4
393 29
176 21
201 16
280 28
451 18
40 1
112 1
463 8
72 8
193 4
159 20
496 12
267 2
184 14
340 27
189 4
143 8
188 19
204 8
474 14
353 10
254 12
214 28
292 21
36 20
168 26
475 32
429 13
469 29
414 12
223 11
392 14
170 7
412 9
398 14
378 7
251 4
418 32
51 5
453 2
45 12
484 31
135 32
464 11
228 5
263 19
331 6
168 1
436 31
77 26
316 31
140 2
142 17
86 32
118 22
482 14
9 29
384 12
80 23
450 24
224 12
110 10
69 9
110 29
59 19
42 19
197 21
144 18
89 21
381 26
470 18
219 11
178 19
474 10
449 11
417 4
487 10
282 7
6 23
263 24
281 24
142 25
188 30
314 17
218 27
334 28
408 17
18 26
7 27
47 11
117 3
331 27
192 28
362 29
354 4
464 27
132 30
463 7
95 29
299 12
175 1
203 2
37 12
371 19
414 29
349 11
231 11
337 10
494 6
322 24
322 26
186 5
95 4
475 17
128 2
204 22
406 3
88 18
182 18
336 20
79 32
330 13
419 2
435 16
364 28
463 17
97 24
341 11
148 31
83 27
440 23
133 1
397 8
490 6
381 21
25 7
213 22
324 31
372 10
394 31
217 21
271 26
356 3
208 7
129 31
334 1
281 18
117 13
37 19
458 17
135 11
80 27
40 11
181 23
12 7
497 24
283 3
245 6
81 21
197 6
95 14
130 7
199 6
403 23
56 4
3 31
194 30
389 14
188 18
496 27
496 25
483 18
111 3
471 32
31 3
105 9
400 10
351 14
183 1
184 7
317 11
281 18
324 29
95 16
90 3
414 5
287 28
66 21
475 13
292 21
55 24
334 31
481 12
256 16
141 16
254 17
330 26
170 1
54 1
16 4
59 26
80 29
325 30
93 19
182 5
8 24
280 5
246 29
376 2
128 28
293 1
176 10
118 14
274 15
462 26
18 16
71 26
216 7
243 28
46 32
192 1
215 28
245 13
288 20
314 3
192 30
499 27
227 28
64 16
490 21
493 28
248 27
105 15
310 11

