128
241 2
369 19
276 1
296 9
96 20
184 1
169 20
113 22
238 6
227 19
106 17
175 14
475 4
191 15
51 5
26 27
66 26
477 13
119 28
445 14
388 4
330 12
400 22
165 1
123 16
363 8
448 29
146 18
84 16
349 30
232 18
277 25
471 5
341 5
229 26
302 16
117 31
375 20
424 27
356 15
430 6
478 10
311 11
151 2
162 27
232 13
224 24
393 23
464 10
135 28
223 13
11 31
419 5
59 31
424 6
93 9
336 2
434 14
397 13
391 6
435 14
155 19
333 23
57 1
484 3
192 2
479 7
397 26
439 19
92 10
72 4
271 3
105 4
256 17
140 31
263 23
120 9
437 17
315 17
453 31
35 12
356 2
198 32
411 29
262 18
202 10
389 24
444 25
28 28
198 11
198 32
445 5
80 9
473 6
225 5
396 12
273 4
273 2
59 7
310 21
388 4
6 12
335 9
120 22
500 13
233 29
332 1
218 19
410 22
157 2
319 28
393 11
7 25
412 2
199 10
238 22
85 19
65 7
395 5
485 31
205 29
295 29
393 28
299 6
54 7
288 12
211 20
314 1
345 1
486 11
298 23
333 22
169 1
153 4
433 25
162 22
205 28
26 17
320 32
103 9
483 30
448 9
69 9
113 29
189 11
160 19
173 8
220 10
92 4
109 13
212 14
366 16
77 19
217 32
418 23
324 24
60 27
444 4
235 9
97 12
359 8
410 19
451 5
76 22
205 8
418 4
305 3
184 30
377 20
481 7
422 5
46 29
427 30
164 2
250 32
437 24
367 10
490 21
326 6
63 22
453 12
298 2
467 13
343 3
84 27
137 9
479 7
189 30
376 4
271 9
112 11
84 10
404 9
499 1
342 9
259 27
244 16
404 2
388 26
53 27
420 13
327 19
75 7
8 22
218 14
426 13
336 29
11 11
286 21
319 19
273 1
125 16
336 8
226 11
273 22
397 21
170 7
295 21
89 22
398 23
283 8
487 26
36 25
60 9
209 14
4 9
159 8
497 30
156 10
421 16
203 13
324 32
40 10
320 32
271 30
286 1
245 25
374 8
121 29
157 30
163 12
162 25
287 30
166 2
83 30
74 5
255 21
361 30
219 24
125 29
101 19
394 25
35 23
477 27
52 17
336 30
144 30
386 14
7 11
76 2
489 1
226 19
249 10
240 19
118 12
308 22
126 13
415 8
171 15
167 22
227 26
287 26
499 8
151 18
75 22
299 27
226 24
157 11
462 28
145 3
111 12
500 5
356 6
396 27
8 14
452 18
416 3
455 30
410 18
123 28
183 1
250 29
297 2
439 26
5 3
40 4
387 19
204 6
157 19
472 12
13 16
250 8
14 8
45 27
161 20
111 32
440 12
456 12
118 2
197 10
328 32
89 18
479 20
160 11
243 23
150 7
406 19
386 23
103 18
194 19
97 8
458 25
15 13
476 32
10 9
106 18
260 22
403 26
338 26
224 16
397 26
38 22
124 3
73 6
204 30
193 25
273 10
41 23
267 20
123 4
188 32
465 4
125 24
37 30
281 1
97 1
486 2
331 5
408 3
39 24
224 3
264 4
232 32
486 2
171 16
478 15
39 26
158 4
309 14
181 2
158 14
118 7
263 24
456 19
54 22
134 25
76 25
476 3
404 22
9 10
421 10
136 20
427 9
327 20
191 23
29 4
136 22
195 19
298 22
421 7
495 14
332 2
154 27
228 29
120 8
482 21
73 30
204 20
114 30
87 28
240 27
356 24
464 10
126 29
403 14
316 9
303 3
318 32
157 13
364 13
485 1
169 5
166 8
408 4
253 30
435 24
164 30
219 8
43 24
240 5
93 7
193 31
257 22
202 6
259 25
190 23
114 18
3 23
81 19
410 29
460 25
28 8
338 3
251 29
294 18
177 31
101 14
485 1
83 27
270 5
455 23
287 12
20 22
199 32
404 28
284 23
156 16
338 10
262 12
78 11
134 6
497 22
327 6
90 22
20 28
102 18
22 21
394 26
234 32
493 17
51 21
203 15
292 5
256 21
332 29
311 13
290 8
198 21
141 24
230 12
499 3
337 4
423 26
413 32
173 22
144 20
34 23
134 13
239 25
81 10
425 31
387 22
50 24
34 18
75 19
201 1
298 26
297 12
119 1
228 12
466 27
367 31
421 32
27 11
92 11
285 12
350 11
433 15
106 11
89 17
81 29
105 18
30 21
450 9
462 9
440 11
103 18
130 20
9 20
386 8
115 18
319 8
192 19
214 30
69 22
182 26
295 30
231 8
39 8
324 8
60 3
130 19
272 27
38 4
267 3
435 13
297 29
48 16
356 9
341 12
267 26
277 17
308 16
88 10
39 8
49 7
26 2
465 30
289 30
133 11
480 12
139 20
172 10
468 23
150 16
303 16
330 7
328 1
438 24
38 13
179 26
131 8
115 11
205 23
448 6
13 7
257 23
407 24
40 30
307 18
385 17
105 22
39 1
54 13
200 31
9 22
28 11
285 19
233 2
101 28
31 10
310 23
116 28
418 32
293 28
345 6
184 17
243 3
85 17
403 8
91 7
217 7
49 26
465 5
343 1
16 1
30 1
363 10
245 4
301 21
4 25
66 11
149 21
113 26
309 27
73 19
277 30
221 17
291 17
161 17
454 20
357 27
353 7
128 17
350 12
337 9
128 31
244 13
415 32
362 23
75 6
325 27
75 2
380 25
434 32
201 3
68 25
222 8
479 1
220 9
333 28
33 16
310 4
236 12
336 1
298 30
235 11
464 9
20 3
378 29
87 10
192 22
487 29
425 1
465 20
293 9
51 26
257 9
305 20
436 32
145 22
253 27
356 21
391 11
411 4
179 25
198 6
2 16
486 10
500 31
273 25
99 12
470 31
388 14
51 7
118 7
56 10
277 27
438 3
137 21
139 12
197 20
389 27
371 19
180 18
177 1
14 23
480 27
482 31
461 8
41 22
430 1
299 14
211 29
428 32
289 22
367 29
105 27
387 11
481 27
197 29
371 6
136 6
45 9
420 9
352 8
286 29
408 28
42 3
24 25
318 8
387 12
149 23
290 27
318 19
305 30
483 15
223 2
376 3
86 23
327 25
107 8
421 6
400 30
336 27
431 9
439 5
188 7
11 26
325 28
304 22
341 26
156 28
256 24
386 5
382 9
482 12
176 18
206 19
216 25
54 6
46 16
166 21
282 4
266 22
4 25
439 24
207 15
463 14
182 17
154 19
413 15
51 8
389 16
367 16
148 8
101 9
263 30
130 12
293 11
1 32
316 12
196 22
386 10
335 31
358 20
129 18
327 15
210 3
138 20
170 6
199 6
182 17
239 11
356 3
410 28
31 25
499 26
98 32
235 16
302 29
123 15
214 5
165 7
15 27
202 24
144 20
9 13
64 31
192 31
482 13
479 4
177 1
89 18
213 31
57 30
267 3
500 9
480 9
255 14
171 9
234 2
60 2
342 32
193 5
394 2
133 24
37 21
201 1
434 25
151 6
130 26
373 2
398 16
146 16
49 12
460 2
333 20
376 26
143 4
59 16
93 15
112 9
204 32
457 9
76 7
331 13
24 23
186 1
258 23
73 2
350 8
440 14
403 7
60 13
86 6
285 14
160 4
10 23
411 30
204 26
72 14
394 4
292 20
368 9
466 20
206 12
324 13
201 22
163 32
123 28
229 31
129 25
6 30
455 4
103 14
105 31
395 2
474 30
429 5
86 31
133 16
62 20
288 2
385 15
226 11
402 6
117 19
194 10
20 13
241 11
10 9
1 21
343 10
294 31
18 24
369 6
171 6
309 2
248 2
112 9
256 26
426 21
396 12
198 27
472 11
389 17
135 13
89 29
418 23
452 4
262 24
437 20
454 2
93 5
495 5
25 14
218 26
474 9
273 32
379 28
314 8
77 28
360 17
277 10
47 20
65 20
399 21
91 8
450 28
256 24
240 24
194 29
82 7
421 22
394 7
450 15
418 30
155 2
42 3
407 21
10 23
248 32
323 15
316 1
226 19
216 9
203 29
125 28
132 9
341 9
195 2
232 29
167 2
94 13
168 8
149 25
174 8
288 8
86 31
268 31
26 32
479 28
448 11
215 31
499 7
308 2
49 31
10 7
128 27
127 3
454 19
175 31
23 18
474 16
417 14
123 2
281 21
21 8
56 19
11 18
345 14
99 1
208 16
312 11
62 26
481 11
213 7
493 7
320 15
46 8
60 4
29 8
473 5
419 24
487 21
285 16
98 28
76 13
343 23
491 21
177 3
271 29
181 8
327 1
82 24
88 17
392 17
332 20
17 6
95 12
383 19
39 28
114 10
489 25
205 31
213 17
154 11
121 10
98 15
186 7
170 18
171 1
242 14
128 22
456 30
317 14
453 27
21 30
173 17
374 5
340 2
257 17
421 1
178 30
175 4
401 20
341 27
109 22
277 8
43 28
162 12
273 22
66 17
383 10
154 9
466 17
194 2
189 22
302 26
336 16
433 24
24 17
158 24
206 26
219 17
369 4
460 29
197 1
138 12
115 15
188 24
487 29
6 31
199 27
392 6
487 21
121 14
449 14
493 11
416 3
255 28
295 22
129 31

