128
136 30
147 19
182 1
35 7
373 11
321 5
88 8
307 19
455 24
46 4
420 28
65 15
389 22
409 7
374 29
182 6
54 12
408 11
245 7
242 21
341 2
285 16
242 32
482 12
223 28
43 14
87 11
220 31
156 32
146 17
220 27
38 21
6 14
360 18
92 17
366 4
366 31
211 27
446 21
358 20
424 20
161 6
358 28
337 29
212 10
246 23
160 3
56 9
432 11
415 3
367 32
306 12
486 25
43 27
413 12
450 28
152 14
197 29
194 5
226 5
218 7
187 17
457 6
394 25
8 20
411 10
143 1
310 17
437 28
411 5
455 25
388 6
174 32
319 15
321 28
123 18
218 14
267 10
255 28
414 3
171 29
340 1
97 1
293 21
204 28
85 3
268 24
468 25
407 10
308 27
33 26
117 6
443 15
128 26
246 17
164 24
69 7
80 9
4 9
49 3
428 21
69 23
456 13
487 3
26 22
145 27
428 9
12 22
347 15
271 32
384 10
7 12
437 15
321 24
311 17
350 26
206 31
284 17
307 30
79 32
268 16
94 3
336 26
268 15
448 7
274 7
472 5
339 32
219 7
51 9
231 17
470 28
319 17
301 25
226 31
160 1
102 18
391 6
211 27
120 18
197 1
193 16
25 11
280 23
41 6
475 7
230 32
411 4
400 15
376 30
89 20
470 27
141 1
480 15
371 19
360 27
343 24
86 24
434 25
166 18
399 13
97 20
288 27
380 28
69 19
165 21
142 22
199 10
198 14
132 16
480 24
134 19
395 20
394 17
140 23
154 10
255 26
18 15
108 21
82 28
3 2
185 13
83 31
278 13
265 14
348 12
105 6
418 19
257 7
179 4
426 5
434 32
434 11
74 18
199 23
69 5
252 29
197 15
192 7
115 8
236 22
51 24
147 17
190 19
335 13
299 20
201 4
292 14
386 1
27 12
372 12
136 15
404 1
309 3
159 23
402 26
89 29
85 7
477 26
490 3
494 16
275 22
75 10
32 32
134 2
395 1
209 26
480 21
214 12
59 32
415 1
117 15
469 9
89 9
327 14
107 8
69 1
218 15
150 1
454 20
10 24
140 15
230 3
183 11
111 25
167 17
405 3
379 21
484 19
169 14
249 8
185 29
360 18
312 18
354 25
145 20
317 24
434 2
255 4
340 9
60 22
241 21
141 23
189 4
437 6
137 9
337 5
206 20
75 17
57 8
485 9
495 25
337 28
50 27
247 6
159 27
99 27
123 19
369 23
214 25
372 6
194 8
23 7
256 1
471 32
228 31
13 3
460 9
2 17
291 29
250 5
407 17
199 5
87 15
43 25
75 23
354 8
326 8
222 25
176 4
245 16
499 1
126 26
457 15
466 11
227 32
399 1
416 13
365 18
367 32
154 1
378 8
413 19
235 22
136 23
326 4
166 28
488 23
281 12
121 30
394 16
165 4
184 12
240 21
434 10
160 7
398 9
298 18
91 29
148 6
147 1
457 24
148 12
306 16
91 18
377 12
329 10
275 17
473 30
265 18
323 24
197 17
164 6
234 26
230 9
184 20
205 8
391 4
436 24
483 10
326 32
362 10
105 4
222 29
354 30
335 8
113 7
248 20
228 26
234 14
66 13
185 11
56 12
474 7
475 1
221 12
168 6
158 8
421 15
200 10
69 18
302 1
268 9
161 4
234 2
157 4
310 17
274 1
120 27
412 31
55 24
246 26
417 31
345 5
486 5
111 26
282 32
86 14
164 14
101 10
139 1
253 28
301 26
17 13
272 4
367 15
411 20
400 23
219 9
15 32
493 9
109 2
240 18
379 16
292 31
357 14
87 5
82 16
134 6
160 17
377 6
83 3
489 7
465 11
283 19
262 27
456 2
252 3
416 11
302 19
461 10
488 8
266 9
435 11
18 18
156 22
471 26
32 15
424 16
18 14
327 3
332 30
353 4
32 24
66 18
326 22
195 9
73 9
234 19
63 31
304 14
497 26
308 12
85 7
376 2
141 30
84 28
39 8
259 26
55 12
107 8
202 6
45 30
114 2
337 32
380 20
246 20
266 21
108 22
487 27
155 15
388 26
303 18
26 9
199 32
237 22
312 22
459 24
267 8
337 3
99 24
95 20
296 4
248 11
61 3
237 15
65 28
304 27
253 9
280 23
113 24
460 16
157 6
483 31
341 31
230 20
386 24
135 1
387 15
435 19
321 15
365 1
498 8
104 22
201 31
405 25
250 24
440 2
134 14
180 10
92 1
265 1
84 4
362 18
486 12
120 2
171 4
42 4
4 29
270 28
27 6
368 16
241 27
33 26
80 17
200 19
325 32
203 9
419 20
230 20
64 30
61 26
185 23
253 12
99 22
243 14
47 26
253 24
416 14
365 27
202 20
369 14
232 32
138 22
487 16
258 18
421 30
135 13
272 8
145 7
261 31
348 24
349 16
299 12
89 31
463 26
79 19
20 6
254 29
163 5
376 4
494 24
90 1
253 21
368 29
231 4
135 14
139 19
382 9
451 26
452 5
464 26
95 27
191 9
491 25
293 3
477 2
366 30
118 30
278 9
218 13
317 21
438 7
39 23
244 5
141 23
253 4
76 32
290 14
48 20
322 20
350 2
329 16
215 23
37 17
135 7
353 11
163 22
258 1
313 1
42 29
47 14
260 6
493 29
239 20
32 24
83 6
62 28
153 24
414 1
472 16
147 4
351 1
318 12
362 6
312 7
138 2
400 1
331 1
149 25
284 12
332 27
265 9
334 5
373 7
458 8
498 12
372 16
265 5
159 14
22 6
232 11
179 7
259 13
375 7
281 27
438 21
229 3
61 10
471 29
12 12
481 5
384 16
209 4
392 15
329 29
189 4
275 27
394 17
432 17
291 12
279 8
28 31
282 29
272 17
225 23
32 29
143 19
408 15
118 31
422 6
415 18
357 1
180 19
425 19
371 7
27 13
147 30
359 24
346 18
384 19
116 4
127 2
34 27
313 12
185 14
449 20
47 26
344 10
260 5
41 14
335 27
482 25
324 4
113 18
25 24
444 28
263 18
101 17
104 13
152 5
202 12
444 24
461 11
326 16
407 30
53 26
284 22
426 15
429 2
480 13
34 3
444 20
345 5
444 32
13 31
440 11
399 27
462 15
170 3
283 20
4 27
169 23
73 31
98 9
484 5
306 25
352 29
165 28
145 16
347 18
407 31
372 25
21 29
367 30
472 5
470 31
188 30
466 16
436 27
464 28
343 13
288 6
18 32
93 10
412 28
23 30
78 22
178 18
431 28
492 18
397 1
80 32
302 5
195 26
311 6
9 30
427 8
403 28
100 4
309 23
287 32
32 24
77 9
165 7
456 24
112 4
320 8
435 22
88 17
63 11
139 3
108 9
218 10
64 17
357 8
31 11
407 26
210 28
474 11
342 6
234 26
281 26
497 12
379 12
48 29
38 18
215 29
306 8
7 29
101 19
93 31
358 11
397 31
334 26
145 8
151 11
333 8
136 1
351 18
116 14
158 2
288 12
150 25
155 4
314 11
223 26
90 20
256 2
350 10
59 27
321 26
225 17
345 8
185 19
77 28
444 6
157 31
309 27
176 3
166 13
70 20
98 23
319 9
348 25
146 18
15 2
467 23
322 11
450 2
357 22
158 29
463 26
383 11
324 18
85 18
250 26
229 3
368 12
52 7
68 29
473 22
367 3
172 16
102 9
398 10
350 15
110 24
72 1
286 28
254 14
237 16
80 17
54 23
216 29
162 31
6 22
68 24
276 31
115 5
211 24
335 4
418 20
75 14
140 28
237 6
434 21
101 17
493 6
459 1
463 4
195 28
457 19
43 17
1 25
461 24
21 3
475 22
443 22
279 10
261 11
327 26
43 3
206 4
285 17
96 11
488 2
66 13
52 24
29 5
468 17
468 32
136 22
130 10
491 24
11 28
127 2
297 1
320 31
56 12
371 7
202 2
293 27
154 28
78 10
248 2
23 27
237 14
9 22
439 27
126 9
454 16
342 11
124 14
457 20
117 23
182 15
36 2
289 6
170 27
75 29
116 9
336 28
310 8
218 12
46 31
401 24
298 30
454 29
255 10
452 4
88 10
394 23
459 26
368 8
252 11
397 15
243 28
71 9
427 28
152 4
482 8
175 7
498 28
51 16
389 19
327 4
488 4
155 6
106 22
74 17
316 18
76 19
405 10
463 15
285 14
154 30
222 13
248 27
308 6
322 13
152 29
376 19
72 10
437 29
404 6
386 31
183 13
129 3
458 11
269 26
261 2
211 14
454 26
52 22
459 17
162 23
225 17
101 13
271 1
325 26
398 22
96 28
22 9
18 23
19 14
72 11
412 6
112 29
443 31
182 30
240 19
12 28
84 28
464 30
1 17
83 2
350 14
182 8
254 27
202 9
189 14
255 24
259 11
168 18
233 6
455 24
44 2
140 27
281 27
36 25
243 14
383 17
148 24
168 17
114 21
377 26
198 12
253 21
202 5
362 30
122 20
110 1
485 9
496 17
203 19
250 14
353 4
94 28
47 21
104 12
333 5
462 11
316 22
191 5
486 4
154 3
219 23
476 11
363 31
319 2
205 4
67 17
51 12

