128
161 26
184 19
117 10
246 21
298 29
6 5
456 12
132 26
306 6
66 29
98 18
209 19
77 14
454 26
239 13
253 27
170 12
209 22
86 3
75 11
483 16
263 30
271 26
219 16
480 12
113 13
126 17
172 14
362 5
15 32
258 16
202 23
407 7
417 16
421 23
430 7
70 9
45 32
290 27
120 1
251 28
198 4
404 13
429 9
197 23
69 2
414 2
85 1
236 5
368 16
343 10
411 32
342 27
103 19
69 14
104 27
305 1
398 20
373 14
177 29
473 5
79 10
218 23
410 14
367 26
461 21
427 19
472 20
177 18
250 2
500 25
268 8
5 26
216 5
343 24
2 11
340 32
53 1
446 30
214 16
443 11
372 25
397 23
488 10
268 18
171 7
442 6
423 3
103 10
379 6
233 8
112 28
311 4
184 28
330 10
419 24
424 14
493 16
484 28
245 12
69 3
370 23
353 32
161 7
281 31
252 9
271 28
140 13
231 32
41 32
73 19
184 28
453 8
167 4
7 4
187 16
178 1
438 14
200 30
337 9
488 32
49 2
155 21
43 26
364 23
149 28
245 16
135 9
211 1
133 26
416 27
497 10
79 14
475 27
383 11
463 6
103 19
332 5
51 22
198 26
12 23
201 20
382 11
305 29
488 9
14 15
459 30
348 30
295 15
20 21
485 26
250 3
344 1
48 19
10 5
308 1
295 1
129 1
195 17
121 22
221 18
289 27
347 28
420 25
310 15
169 3
420 6
437 20
203 12
158 28
433 17
85 11
177 17
255 28
497 7
257 25
212 21
247 6
385 11
50 26
457 10
192 1
340 1
492 22
316 25
309 28
169 13
475 26
457 17
69 29
456 5
21 15
74 8
429 10
286 18
3 10
400 31
470 11
27 29
336 10
313 16
90 30
389 12
31 25
144 11
150 19
127 10
470 8
437 22
9 2
227 20
316 2
410 21
68 16
98 11
277 6
47 30
95 23
133 25
131 5
75 4
79 18
302 24
105 30
149 10
16 20
329 11
57 14
467 1
377 16
379 21
178 5
223 24
63 27
101 10
335 19
177 22
80 26
165 29
272 26
2 23
245 2
117 1
123 31
277 11
351 12
3 4
432 17
3 11
432 11
392 10
482 32
31 1
250 12
449 17
65 2
307 17
483 7
461 17
209 18
455 19
245 26
438 12
182 17
374 21
395 9
231 24
185 29
289 2
308 21
454 12
39 24
32 25
386 13
330 2
434 4
5 26
241 10
57 7
86 27
239 21
47 25
208 11
82 4
16 29
437 29
113 15
284 4
199 17
340 16
467 13
164 7
302 16
116 11
30 10
141 17
386 7
441 9
122 30
293 29
263 5
162 3
55 13
222 25
466 22
485 16
186 28
106 8
255 5
198 1
126 22
257 11
228 25
456 13
71 32
190 17
328 3
411 22
147 24
190 12
397 22
99 15
173 16
422 28
129 7
416 2
308 12
117 23
72 32
88 26
23 13
326 2
331 28
435 29
72 4
145 32
150 3
402 10
447 3
453 7
293 32
180 4
243 20
191 15
71 30
308 17
406 18
294 24
221 8
416 32
204 28
112 5
303 13
378 17
188 19
27 24
50 30
136 29
206 22
107 4
455 18
369 28
399 6
447 16
242 6
115 25
274 14
1 32
443 10
28 10
208 6
165 14
463 28
402 20
477 20
296 3
273 12
142 8
177 16
143 30
154 5
418 23
187 18
354 13
296 5
462 23
138 22
112 12
130 13
120 2
372 23
389 5
430 2
168 18
470 2
80 7
270 5
401 24
415 18
288 18
190 25
64 31
79 12
278 32
392 9
165 24
163 5
408 32
83 7
402 24
236 1
378 13
477 26
165 27
87 8
452 32
405 20
454 15
395 7
394 22
128 14
49 14
463 8
234 25
234 31
300 21
467 13
178 3
10 6
186 16
145 9
223 13
4 12
235 26
258 8
36 1
38 28
379 8
96 28
248 17
450 15
150 24
427 7
210 32
20 23
235 24
384 29
417 27
484 31
489 25
483 4
478 28
311 8
223 2
171 2
87 28
368 24
35 10
414 12
433 9
491 23
448 2
475 4
112 26
71 16
50 9
475 11
276 18
86 6
43 20
171 5
375 22
364 1
183 25
357 7
413 15
133 1
72 15
428 11
416 6
135 25
402 13
196 17
246 21
378 17
37 28
417 23
437 17
376 15
261 4
437 10
282 17
238 1
27 13
387 6
15 5
111 32
130 2
297 15
438 6
15 30
74 20
441 18
268 12
481 12
399 21
405 32
338 30
236 4
307 10
10 29
495 8
440 32
129 12
202 30
262 13
392 19
352 16
344 3
499 4
498 9
445 3
280 30
44 7
497 10
488 10
374 30
329 2
309 25
401 11
23 30
79 18
496 22
449 20
400 27
219 5
47 15
151 10
444 7
44 13
248 31
150 22
365 7
287 25
435 3
387 21
201 25
74 16
246 6
239 5
172 26
246 2
472 16
247 20
294 26
208 6
173 21
15 21
187 17
265 26
191 16
282 19
468 20
291 22
81 5
62 25
190 3
174 6
55 5
77 8
414 24
241 22
344 7
326 7
259 23
356 10
94 13
44 13
196 30
126 25
215 28
233 32
346 10
65 16
30 29
100 12
480 4
381 32
299 11
206 1
1 5
210 6
49 6
154 17
87 20
373 5
319 25
57 12
362 9
416 16
318 19
187 25
206 27
120 32
125 29
413 5
89 10
70 18
227 28
382 18
355 10
318 29
210 26
336 3
199 3
166 8
117 12
164 11
123 24
178 11
312 10
224 21
416 25
390 2
368 7
159 2
228 9
394 17
54 6
211 4
480 5
471 29
432 11
123 22
270 16
153 21
94 16
333 13
372 14
354 28
196 1
461 3
193 27
211 10
436 6
202 7
2 24
67 25
158 9
191 3
341 15
212 18
422 32
146 5
470 11
236 1
215 29
88 19
255 22
5 22
71 10
160 4
377 31
209 3
415 11
165 31
93 28
40 22
272 13
10 9
36 26
257 2
294 12
9 12
346 17
441 28
218 28
192 26
326 28
332 1
298 1
495 30
372 15
255 23
71 12
87 18
213 8
208 26
391 8
405 20
228 5
356 17
445 15
242 26
446 6
362 15
70 25
484 1
243 30
140 1
205 22
123 14
421 6
275 16
397 12
251 4
376 18
272 16
152 29
294 9
438 3
43 7
363 2
4 1
115 31
122 8
220 20
441 17
277 27
156 5
98 2
500 22
12 27
349 19
339 14
464 25
149 18
487 11
384 6
320 18
336 13
373 24
388 13
48 24
232 7
40 13
460 3
358 27
13 7
338 19
348 9
479 4
10 10
211 13
159 26
95 19
26 23
402 5
484 17
280 11
3 23
99 30
209 25
285 21
163 6
71 18
126 18
210 7
219 4
232 9
153 18
223 2
496 4
442 11
276 1
397 10
391 12
92 15
452 32
171 2
201 9
327 18
494 8
312 20
159 11
441 7
220 23
340 4
343 13
46 14
353 3
248 3
290 31
193 17
418 19
58 2
456 4
295 21
272 10
13 22
1 5
93 16
171 4
139 21
65 1
483 29
183 26
364 16
272 16
416 21
123 17
158 30
208 8
230 31
261 26
113 5
250 17
185 25
488 7
285 4
63 15
173 9
348 32
68 31
295 23
11 17
455 8
198 27
323 32
345 32
373 13
196 23
365 24
395 17
407 27
256 5
150 20
66 17
315 5
320 2
116 2
378 2
202 32
436 24
355 21
107 23
293 27
53 30
34 27
362 16
182 1
261 31
397 2
31 7
310 30
320 1
384 26
199 9
125 30
460 23
470 23
409 19
221 26
272 2
464 29
398 9
101 6
327 17
187 22
208 12
59 31
273 18
76 15
378 16
308 26
30 30
256 19
392 32
456 31
433 31
295 18
64 23
191 14
244 29
99 31
225 22
477 21
451 21
23 1
104 14
370 10
459 9
276 26
452 7
364 8
1 18
66 12
257 16
158 16
485 28
302 21
265 10
409 24
182 11
248 2
112 17
123 3
445 6
124 32
332 20
483 16
201 32
248 13
156 21
160 28
12 9
52 1
239 24
196 16
94 15
409 25
263 27
479 23
132 23
454 11
294 28
295 14
336 22
155 11
150 22
334 25
275 21
437 17
400 16
488 13
426 17
49 28
279 32
246 11
334 7
373 31
487 15
324 30
264 6
16 13
496 13
74 26
289 30
486 12
346 9
32 11
221 28
163 4
311 24
262 16
311 2
326 1
5 26
322 20
331 5
33 26
389 6
299 17
319 28
364 16
461 19
139 29
326 1
384 9
412 13
484 22
483 6
222 31
163 19
458 29
231 18
171 7
447 9
147 26
457 18
281 9
256 3
449 18
423 5
274 27
329 17
260 31
270 6
149 20
376 15
277 15
448 7
429 23
119 12
12 19
437 24
491 1
267 32
330 29
124 11
227 20
211 7
467 17
320 15
412 3
73 20
5 29
338 6
267 9
361 2
31 13
125 22
45 19
165 30
432 24
476 6
443 3
496 29
19 23
376 22
214 8
470 10
320 3
355 22
263 31
419 6
216 16
19 24
138 15
486 17
322 29
431 16
499 2
25 17

