128
138 2
486 7
395 10
381 1
234 21
457 31
156 19
123 11
29 21
280 14
7 31
270 8
115 29
139 9
396 24
232 21
298 21
83 8
131 23
85 20
268 13
239 11
135 25
114 12
474 1
297 32
439 18
479 25
366 6
306 26
121 29
498 22
105 9
166 15
247 6
451 10
142 21
289 17
253 10
440 26
498 20
410 9
153 32
193 19
209 2
484 2
386 25
451 15
413 20
77 32
69 31
25 11
419 29
487 32
270 22
101 16
365 18
56 13
102 24
91 22
450 10
491 23
259 14
177 3
261 2
34 26
132 11
40 19
75 30
426 13
7 10
316 27
388 19
91 13
322 6
150 3
459 25
106 17
286 30
240 6
239 21
227 31
183 2
125 6
347 2
158 17
75 13
75 6
195 18
154 8
199 20
139 5
148 4
226 17
229 9
182 32
89 21
190 28
378 14
85 21
215 18
429 25
66 16
455 28
21 16
127 23
263 13
227 14
360 16
46 17
268 20
408 21
488 13
184 29
114 16
145 8
361 22
468 30
429 30
37 5
382 27
19 16
280 21
258 23
49 27
431 28
382 22
376 21
490 31
290 27
178 2
430 14
7 2
167 27
171 3
235 12
70 25
400 5
350 25
191 18
163 2
65 1
163 29
117 25
351 6
107 9
192 21
270 30
138 1
337 20
491 23
64 32
176 27
408 29
323 31
422 5
424 26
233 22
278 26
442 17
459 1
361 6
437 14
52 10
66 28
233 17
310 28
116 1
110 20
9 8
326 10
269 17
120 17
38 25
202 20
229 9
380 1
14 8
219 17
241 28
304 13
192 30
269 28
450 30
35 27
162 32
92 18
312 7
282 21
460 12
32 8
200 27
129 1
78 23
130 18
482 29
143 30
398 7
481 24
492 7
362 9
78 21
434 21
16 28
441 27
255 17
366 26
235 10
18 13
192 11
334 18
432 28
199 1
90 7
232 6
397 9
86 18
398 8
362 25
291 14
91 9
126 20
202 9
302 27
229 29
218 18
370 13
242 28
33 15
98 5
412 14
209 2
467 10
221 4
370 11
334 20
407 15
268 20
23 5
178 11
265 19
17 15
99 10
54 12
440 12
100 12
497 28
53 24
266 21
495 7
135 12
299 17
139 2
500 17
338 17
468 6
424 24
440 2
93 30
357 24
145 28
87 1
116 15
456 29
115 19
219 1
482 29
141 24
434 20
485 3
317 4
77 8
287 28
317 27
9 22
114 1
129 21
498 8
43 25
328 6
107 7
258 9
63 23
60 1
390 8
471 14
347 11
1 5
63 30
215 31
491 17
428 3
381 1
67 7
229 14
432 4
292 18
424 23
292 11
55 17
379 25
91 29
72 19
62 10
260 32
408 2
456 7
73 20
259 15
463 32
88 6
323 16
287 14
86 30
432 28
463 10
368 13
239 23
495 8
276 15
427 8
356 23
18 20
422 21
122 4
116 30
130 22
89 32
239 18
198 26
17 12
480 32
212 10
175 22
369 22
460 23
485 20
381 11
447 23
483 9
38 18
278 3
91 18
287 9
243 32
498 15
495 5
346 2
398 4
115 30
174 27
265 22
94 1
12 20
3 30
460 17
295 1
411 21
158 21
65 20
384 31
362 30
243 16
287 17
431 22
110 12
180 2
262 29
75 1
164 25
323 12
469 13
416 28
354 30
280 30
325 4
332 19
245 31
450 32
419 20
137 28
484 4
106 1
440 32
73 15
108 31
282 1
364 6
160 13
123 11
338 19
306 6
337 15
448 6
286 18
18 2
97 25
441 10
449 4
85 25
38 1
268 12
473 3
369 28
199 19
274 24
289 20
57 10
482 32
115 15
73 8
392 30
484 20
427 24
415 16
305 8
408 8
123 16
406 3
215 24
333 16
491 26
419 12
451 4
107 17
370 28
49 1
405 24
296 31
316 10
194 32
366 29
395 4
36 16
183 22
255 27
442 21
340 8
496 22
112 11
59 29
486 31
94 30
490 17
72 5
303 10
276 12
422 10
7 18
469 21
411 31
408 12
320 3
64 19
241 31
121 31
359 2
257 24
347 18
45 27
51 3
388 26
366 9
496 28
118 28
265 1
187 32
232 14
270 31
172 26
173 29
160 24
250 20
187 29
162 23
219 28
281 26
389 6
118 24
74 28
52 18
116 14
213 7
95 18
346 26
196 2
262 3
253 20
123 8
312 28
226 6
347 23
339 11
356 32
175 29
43 22
470 22
315 30
209 29
368 2
378 27
275 12
269 28
355 19
23 14
26 32
399 4
106 17
311 18
396 17
94 11
62 28
300 8
449 28
136 8
265 25
230 32
4 31
271 2
241 29
375 31
392 1
490 18
213 16
163 1
488 16
399 5
171 10
276 4
410 15
287 2
276 13
417 11
367 27
489 27
183 27
77 19
340 27
276 12
70 6
12 10
193 22
310 32
312 26
335 5
348 13
98 15
489 7
106 3
405 6
166 24
160 22
218 27
160 13
403 26
282 18
343 6
176 16
41 7
441 7
411 17
348 16
115 12
226 24
43 23
165 12
274 29
153 23
175 17
335 29
246 20
343 12
441 22
443 30
208 4
60 6
376 23
181 18
95 11
414 17
93 6
48 14
254 28
208 25
364 6
209 21
9 3
252 17
420 27
134 19
282 18
448 17
100 13
350 10
239 11
34 23
193 21
196 18
133 7
430 28
296 31
309 4
41 16
252 25
458 2
291 7
431 3
99 26
219 25
428 5
63 29
287 19
394 30
257 2
88 14
225 15
176 13
186 13
297 5
29 6
26 15
345 24
409 3
190 31
243 21
435 30
429 29
116 2
258 20
51 29
410 32
227 13
12 28
5 8
201 29
62 6
204 26
34 28
200 15
91 23
191 29
100 19
450 3
145 19
439 23
52 24
322 26
136 2
42 29
141 22
173 22
319 4
311 24
340 11
426 26
453 8
158 20
87 15
118 15
18 12
425 17
255 27
50 7
432 31
383 4
184 27
478 15
135 8
206 30
150 12
107 18
99 12
357 13
75 27
415 28
234 32
364 9
142 21
83 21
356 17
348 7
223 17
245 9
317 27
34 10
286 28
272 24
256 32
69 2
306 31
125 32
378 8
232 23
252 22
443 15
130 3
350 16
319 10
413 11
248 30
305 9
438 16
417 1
407 5
226 9
23 30
104 1
41 15
271 32
500 2
103 9
208 4
184 22
249 16
365 17
394 21
381 7
96 25
375 18
485 8
66 32
153 1
112 9
207 22
336 18
299 22
38 26
389 18
236 6
169 16
486 14
120 14
244 7
367 26
68 3
69 18
62 5
6 1
413 1
259 21
122 13
38 12
119 3
85 22
268 29
305 29
167 8
470 30
490 16
380 5
391 24
394 20
21 8
477 9
464 11
33 25
347 7
96 29
349 32
318 16
285 22
220 7
249 21
64 10
229 27
147 23
243 4
422 15
291 30
47 18
336 20
43 31
354 14
147 2
22 13
21 10
142 28
460 31
132 19
480 20
170 22
330 32
18 20
26 4
1 4
266 25
207 32
371 16
297 17
465 26
185 1
475 31
76 18
69 12
161 4
419 18
378 9
93 19
352 30
54 12
393 11
40 24
478 26
11 23
279 24
92 7
312 19
493 20
204 1
299 8
461 29
45 30
169 9
436 32
458 5
224 7
12 15
154 25
173 4
263 19
343 31
117 19
477 30
246 20
22 4
396 2
464 20
23 5
281 14
356 2
299 15
144 2
342 5
298 6
165 9
20 3
471 16
365 23
97 26
478 11
5 5
304 29
17 11
305 21
136 4
238 10
91 30
95 16
382 5
1 10
9 12
405 19
155 1
129 8
231 18
222 23
183 29
407 15
203 19
199 31
75 24
124 9
169 19
448 23
315 12
448 3
319 12
153 17
325 29
428 7
238 9
141 4
378 16
322 12
462 20
122 24
456 18
52 32
168 23
378 26
150 22
156 24
381 16
145 13
292 32
111 25
277 16
153 14
3 14
437 32
494 3
204 13
156 23
128 23
310 2
8 15
183 11
131 23
174 15
120 5
50 22
197 22
333 25
183 3
175 28
3 8
30 26
172 17
164 31
359 29
304 22
284 22
380 18
253 25
392 16
221 13
101 25
471 10
118 5
120 24
272 14
15 29
31 18
337 23
336 19
371 16
264 30
329 7
271 17
399 14
304 27
455 5
36 29
190 5
77 25
500 1
135 26
353 13
403 10
63 26
440 22
81 4
291 14
50 2
342 9
223 30
67 9
402 22
453 15
310 6
103 21
434 13
26 2
254 24
179 28
166 7
453 26
26 4
359 19
9 5
23 19
50 30
112 3
395 32
245 13
445 23
365 10
84 15
16 29
318 22
208 23
368 9
433 5
108 23
468 16
343 18
198 28
431 29
46 2
225 14
382 1
137 14
399 8
136 22
260 2
163 27
492 7
479 8
423 14
67 2
53 25
232 31
5 2
411 18
191 23
192 16
156 4
170 2
399 25
171 14
462 1
124 18
215 11
229 18
40 23
379 21
408 6
47 4
476 13
165 10
444 20
90 27
183 23
4 1
415 18
90 9
210 22
182 25
20 18
414 23
409 28
355 24
458 29
283 9

