128
127 30
131 20
296 29
77 18
357 6
465 16
319 15
5 15
293 5
237 23
75 7
490 15
38 18
34 28
483 17
230 1
490 12
52 5
472 17
478 4
286 6
280 4
17 8
150 25
245 14
7 7
432 21
417 5
154 15
229 5
275 14
97 12
21 25
400 32
129 6
320 30
171 23
222 31
86 19
200 10
257 6
352 20
406 5
9 32
423 25
196 17
398 8
312 30
144 11
261 8
88 32
38 27
234 7
149 20
481 16
353 25
406 13
129 15
177 5
370 3
225 17
147 2
61 14
243 24
168 27
328 8
435 5
218 16
327 26
191 3
66 32
396 31
452 8
133 28
12 27
78 8
271 16
209 3
33 7
91 20
305 26
159 27
486 28
111 8
446 13
118 31
196 5
185 23
388 9
126 23
23 15
486 14
278 6
180 26
348 10
362 13
39 8
243 32
248 17
187 25
358 17
407 9
21 19
52 1
259 17
159 30
232 21
279 29
42 26
319 6
80 4
394 6
51 24
494 14
193 12
194 6
188 28
454 17
394 13
469 9
34 7
138 29
327 16
125 21
77 15
110 12
326 11
126 29
490 23
378 10
2 16
231 30
375 29
398 25
41 30
125 6
48 6
190 31
381 27
95 29
313 12
317 27
58 26
367 23
264 32
229 17
167 15
454 26
495 27
14 20
272 18
461 28
103 27
46 11
169 12
143 29
47 15
471 12
252 13
150 23
433 2
280 27
41 21
344 27
288 5
422 7
198 7
230 12
237 27
486 21
118 29
237 28
439 8
119 19
44 9
409 32
350 16
279 26
125 14
277 20
183 2
174 8
432 28
384 8
382 9
424 28
349 13
367 16
220 30
182 7
458 10
443 15
482 1
49 30
46 29
221 32
226 10
460 6
149 27
29 27
63 9
234 8
465 12
403 8
437 24
298 14
377 20
405 26
164 5
167 2
481 7
289 30
485 8
215 21
294 16
367 5
48 4
120 12
52 2
47 24
457 32
86 25
288 2
43 7
146 9
12 6
152 9
183 32
252 6
120 18
345 3
254 12
290 1
255 21
246 9
33 26
348 18
238 27
311 4
290 24
193 9
433 28
305 31
331 1
216 14
454 24
140 7
451 22
431 25
122 8
357 22
81 9
123 18
191 25
450 4
240 2
485 12
337 29
491 23
49 14
468 14
118 20
60 8
389 26
477 18
369 1
164 1
389 14
471 12
423 8
263 22
265 27
38 5
92 12
119 20
85 30
494 30
397 21
474 25
247 6
147 15
282 18
120 15
299 2
454 5
361 8
235 17
19 28
77 26
151 15
101 31
484 14
141 29
351 2
369 17
63 31
415 12
28 14
218 15
327 19
399 23
443 13
163 29
108 27
422 14
137 2
197 21
320 9
205 18
302 5
118 16
292 32
411 19
122 21
349 28
355 20
135 1
84 25
109 8
240 18
301 28
108 1
200 3
37 32
96 18
33 21
405 8
300 28
494 1
296 27
369 22
442 15
299 13
3 19
68 26
141 9
322 24
421 5
26 18
129 13
147 9
37 4
336 20
219 9
257 14
375 17
367 16
331 25
193 5
424 16
427 16
184 20
15 1
472 32
266 28
364 20
464 12
167 19
87 21
332 19
250 30
171 5
374 1
133 10
334 8
381 4
175 17
211 29
373 14
432 2
134 7
401 13
46 12
248 17
304 27
179 2
284 6
374 5
202 2
426 11
118 7
498 32
223 4
333 7
242 24
232 27
263 28
471 16
403 6
292 7
148 3
316 24
172 13
292 13
398 10
112 23
376 5
159 6
169 19
44 26
458 19
136 8
110 26
380 21
28 23
423 31
345 2
310 32
278 18
241 27
23 4
42 10
312 8
199 16
42 26
241 3
220 28
71 25
186 2
45 21
324 7
91 17
408 9
36 21
206 28
64 20
479 1
181 7
156 11
474 1
472 31
399 15
294 13
223 15
122 20
395 6
438 22
466 2
90 5
234 23
481 5
78 31
253 6
453 12
488 27
308 19
345 15
353 18
379 7
321 9
194 3
150 20
404 3
181 21
319 10
343 7
211 20
462 19
29 10
75 8
44 10
30 28
440 26
378 19
161 14
171 26
468 8
189 8
138 1
68 16
135 7
107 25
182 28
11 19
333 9
430 9
319 20
264 10
193 17
428 13
42 22
411 14
121 19
85 6
320 16
66 30
414 12
150 16
239 32
158 11
97 27
299 27
398 23
24 27
407 32
147 5
253 13
162 18
360 6
483 19
249 12
484 11
71 5
462 29
496 27
232 12
57 26
358 3
296 10
249 23
185 3
355 29
156 12
310 15
113 5
45 5
192 16
227 7
364 8
423 23
158 10
303 23
388 8
373 19
393 21
237 25
71 3
14 6
458 3
92 30
319 20
283 23
15 17
125 22
49 31
441 26
257 15
272 12
254 8
178 7
320 7
75 19
357 20
468 23
263 12
88 29
47 22
443 2
231 15
143 31
170 3
336 22
29 8
421 7
455 30
133 11
364 11
17 13
147 20
239 21
43 22
341 30
48 4
355 18
406 21
260 31
284 7
352 8
54 20
298 29
370 26
135 21
341 3
157 3
486 3
247 21
425 7
470 4
74 16
453 28
172 4
258 27
306 14
471 24
381 16
424 18
402 26
187 14
412 7
80 17
442 6
425 2
264 22
189 22
421 25
21 9
352 10
251 5
387 5
72 24
193 15
369 30
404 15
187 3
102 26
212 31
91 24
408 10
86 4
395 18
88 15
302 23
397 29
299 15
477 23
402 21
217 15
114 13
381 28
287 18
417 2
24 19
338 15
65 7
230 27
132 13
430 18
459 2
338 30
460 14
332 22
187 24
188 20
20 32
304 19
50 4
156 1
79 13
208 19
119 1
157 11
458 22
36 16
411 9
377 7
390 32
436 24
108 31
228 27
190 27
285 15
102 1
16 20
489 31
378 32
363 19
62 12
472 5
440 31
173 8
457 2
228 32
490 31
14 5
313 27
451 6
146 28
94 25
436 18
235 21
41 21
199 26
121 15
402 28
405 10
79 17
488 10
252 5
140 13
397 1
23 7
254 16
250 11
32 17
280 30
202 13
67 12
126 19
70 4
450 6
453 16
186 24
186 5
268 1
257 4
481 24
362 6
151 12
432 15
500 12
300 1
236 30
453 29
256 6
240 29
200 13
85 1
336 6
26 32
446 22
119 7
413 13
364 20
148 28
98 19
359 13
52 30
467 32
306 26
377 26
279 16
442 3
461 9
132 22
232 13
119 11
207 24
387 31
299 14
218 12
32 32
144 19
373 2
86 22
184 23
427 18
38 20
324 22
497 27
187 4
87 22
282 26
41 4
216 23
53 17
86 17
360 25
19 12
43 21
261 22
271 16
187 16
259 26
10 31
20 16
187 26
57 16
251 17
340 10
139 4
250 8
328 9
157 23
192 27
155 21
424 21
344 22
84 6
175 9
209 2
345 7
3 29
66 14
350 9
71 20
149 17
64 32
281 28
26 13
270 32
277 5
308 4
6 24
73 8
188 13
77 24
175 3
433 9
184 2
497 7
121 29
427 16
325 15
107 18
31 32
86 27
420 5
130 29
136 7
160 28
483 12
355 6
167 7
250 30
420 30
104 29
243 26
428 23
89 23
120 3
262 25
278 26
450 27
162 25
109 26
408 20
57 7
453 19
401 6
425 21
299 20
65 29
410 28
163 22
378 27
468 8
339 21
25 16
4 22
225 16
7 28
407 20
246 27
490 15
412 22
171 3
294 19
455 23
78 18
404 32
252 3
299 30
468 7
82 7
8 22
286 11
289 25
282 19
403 3
33 19
37 3
377 2
289 19
384 2
152 3
25 15
9 7
49 28
497 26
298 9
139 24
223 31
128 16
461 2
478 17
196 10
47 8
195 7
459 2
53 30
68 9
69 9
252 25
404 28
450 6
456 32
137 22
14 12
237 15
497 23
171 1
80 18
320 11
256 2
56 32
92 16
237 12
404 24
128 27
439 21
360 23
16 28
128 17
315 17
59 20
79 30
208 6
151 27
136 6
157 28
66 28
19 14
259 2
493 10
80 23
166 28
29 17
491 25
413 30
373 32
469 15
405 4
312 11
202 4
164 26
491 21
457 9
382 27
282 6
452 5
9 1
4 9
149 23
397 18
300 9
237 4
71 13
295 11
399 4
330 6
206 12
143 18
32 28
377 29
102 16
377 30
149 1
350 1
227 7
62 10
367 2
497 6
494 19
320 4
286 29
158 19
24 4
5 27
27 17
219 32
264 23
441 16
475 3
61 13
241 2
430 23
476 2
396 17
68 11
65 10
67 30
48 14
225 32
496 31
136 30
83 16
309 27
311 11
369 15
188 5
49 13
68 20
247 23
344 2
382 24
19 8
333 7
390 21
470 29
160 22
451 18
357 15
468 3
245 9
242 16
149 2
253 8
165 11
383 24
164 32
120 23
63 4
101 28
361 2
41 12
27 19
317 27
101 8
402 25
324 15
333 29
284 5
40 4
435 2
159 26
185 10
484 8
82 12
403 6
6 27
17 4
285 13
119 13
468 28
286 4
366 14
116 25
54 3
300 32
77 22
289 5
88 9
212 13
208 15

