128
84 24
466 23
363 14
172 16
353 27
301 20
396 18
322 8
187 3
25 19
5 19
435 23
250 22
430 5
230 15
310 1
374 27
28 17
276 31
164 4
161 28
144 5
449 29
264 7
180 8
274 20
366 4
70 27
69 27
196 2
234 5
463 15
131 26
399 6
392 30
386 16
229 1
312 6
345 31
164 28
66 5
411 32
497 25
102 1
479 25
215 28
153 5
23 27
370 9
41 21
187 10
16 31
306 24
444 6
254 16
26 28
396 16
455 28
268 20
309 27
57 31
162 9
403 32
344 32
309 4
236 15
161 23
261 22
78 17
467 4
164 28
355 19
132 25
155 19
420 11
497 24
189 3
37 11
46 4
66 10
467 29
52 19
403 5
444 1
369 2
16 20
106 2
442 9
382 20
487 5
410 8
277 6
346 29
40 11
248 25
301 6
257 12
44 8
368 31
492 4
248 11
119 29
228 29
441 5
360 32
261 14
115 5
219 16
405 3
54 32
215 14
217 16
410 28
483 9
98 30
365 26
184 3
402 19
247 27
371 15
474 31
80 32
372 14
251 4
408 8
280 11
362 8
298 15
108 16
47 29
105 3
254 20
98 12
50 4
350 28
154 31
106 13
262 29
383 12
457 10
19 4
116 8
435 13
2 14
44 13
451 8
163 32
139 20
211 32
456 16
311 9
234 21
194 11
245 16
210 17
217 9
140 13
108 31
97 6
320 21
362 22
492 32
326 23
136 32
170 11
448 17
403 29
249 8
28 21
375 29
398 16
317 25
276 21
463 20
238 3
216 11
404 4
474 13
338 29
469 15
403 28
339 26
300 3
105 31
284 24
268 29
423 32
421 2
212 12
273 13
18 29
399 5
196 1
354 25
333 30
243 4
441 6
393 16
372 29
123 31
180 10
39 26
325 16
151 29
195 16
485 8
264 32
484 11
108 29
195 28
362 9
27 18
370 27
98 22
120 16
248 11
109 15
253 1
246 31
321 24
30 6
3 25
393 10
103 4
27 5
291 32
86 30
394 27
440 19
196 15
210 4
62 26
230 30
454 15
68 23
118 10
284 4
242 32
309 5
27 19
345 1
223 22
338 4
237 22
458 32
40 23
227 29
188 20
118 9
486 22
267 7
487 26
426 32
77 23
276 27
69 13
124 27
402 25
110 18
442 19
422 18
437 20
286 24
160 8
265 9
293 31
100 27
433 25
358 17
111 30
464 24
106 7
174 11
251 16
497 13
202 14
378 11
269 11
114 8
270 2
425 14
409 32
44 25
252 2
201 7
387 20
394 8
454 15
350 25
202 14
101 32
467 2
246 28
196 11
15 30
237 19
231 13
166 19
189 10
28 13
132 18
257 13
405 26
91 10
118 25
452 22
400 18
399 1
5 3
3 16
412 23
162 10
87 20
268 7
449 15
368 12
208 20
456 24
37 18
70 31
42 25
224 1
142 11
437 23
69 12
222 12
382 7
473 5
414 17
447 22
387 30
145 31
141 24
262 30
350 23
184 19
55 15
184 25
381 20
399 5
411 20
280 1
354 5
113 20
197 15
333 19
77 10
29 29
429 7
246 10
473 21
169 12
188 16
280 28
323 18
221 2
297 16
26 30
456 6
269 8
48 26
235 32
431 11
193 3
257 22
137 14
219 9
313 14
360 28
177 26
121 9
267 17
249 28
418 12
133 31
208 21
492 14
156 26
408 16
132 9
138 8
450 16
128 14
317 7
205 5
373 21
242 27
93 6
135 18
397 23
400 4
299 7
249 31
16 9
6 28
377 19
119 6
54 19
439 30
437 27
215 25
171 16
152 19
149 10
124 5
404 20
205 11
118 25
213 26
461 22
281 17
65 23
14 10
349 8
488 2
150 10
298 16
9 13
434 13
86 6
257 22
285 25
248 18
266 8
35 18
29 31
267 5
418 24
63 30
288 22
255 1
455 25
109 23
353 18
175 27
303 19
484 15
244 15
489 29
42 11
438 18
42 16
367 31
40 5
76 7
182 27
115 24
87 23
450 23
117 16
81 31
258 32
6 13
146 14
213 3
220 23
313 1
58 11
71 13
459 27
275 8
181 26
127 7
464 12
57 24
403 14
499 28
53 4
13 27
201 17
89 8
227 17
33 13
431 7
85 9
101 12
232 21
101 14
399 20
137 24
496 19
445 2
51 17
201 23
47 21
139 8
376 14
240 4
206 19
363 18
115 11
353 11
96 1
408 26
369 17
301 32
287 21
61 17
94 5
251 16
365 14
331 20
459 15
500 20
445 2
157 27
176 2
257 11
462 29
117 22
413 21
45 15
366 21
36 15
217 6
154 17
379 21
25 13
55 28
204 3
237 5
261 8
370 2
35 7
34 23
365 10
271 17
496 20
366 23
298 30
169 32
219 15
436 19
88 22
470 27
192 10
151 20
469 4
321 3
203 18
5 7
3 4
327 19
263 28
29 25
330 5
364 8
300 11
494 15
492 7
177 23
372 8
486 32
347 31
195 21
12 27
467 11
178 18
365 21
337 5
353 6
294 4
65 29
366 6
479 13
372 19
39 27
334 12
435 5
182 29
433 26
383 20
412 21
45 32
1 17
20 21
399 13
420 3
257 5
373 19
493 20
94 19
191 31
258 9
163 8
457 28
337 27
199 4
251 19
23 23
327 6
455 25
207 2
40 27
362 4
50 22
359 19
88 5
273 6
377 20
137 17
383 13
24 29
72 26
27 18
377 17
339 27
430 9
409 5
360 2
232 17
328 30
255 31
343 19
112 15
166 16
52 20
72 11
332 11
52 30
440 20
63 19
315 24
175 11
460 30
196 3
294 3
484 16
290 2
279 5
45 8
1 16
344 16
226 11
271 29
237 22
261 23
340 31
290 3
149 9
400 20
143 14
71 10
445 24
156 31
112 28
371 16
499 2
240 4
92 26
56 20
71 16
478 23
390 23
129 22
219 24
86 9
425 32
191 2
367 30
296 18
249 6
294 3
83 1
174 19
394 5
354 8
397 16
78 2
302 22
28 5
86 1
233 18
268 31
83 22
324 19
315 20
396 8
22 31
492 27
357 1
276 22
53 20
245 6
161 11
40 12
67 9
300 27
338 11
278 13
404 21
151 7
25 22
178 30
228 22
93 4
258 24
146 30
243 30
496 31
436 31
91 22
363 22
357 32
13 10
472 32
86 10
338 6
20 20
8 19
389 28
331 30
319 16
12 29
365 31
315 21
393 5
358 3
351 26
306 27
199 14
482 1
399 32
98 22
187 9
165 27
204 31
276 22
322 19
138 26
145 13
42 13
61 24
143 11
465 17
125 20
78 31
152 20
278 25
246 16
354 18
242 5
108 1
135 29
8 12
318 4
76 4
393 9
111 31
399 11
335 24
442 12
482 17
240 19
194 9
74 11
98 11
307 9
35 9
485 30
65 26
46 12
365 18
128 23
324 7
254 31
402 31
274 19
492 9
493 25
201 6
83 10
84 17
206 26
34 22
364 14
196 25
237 12
50 13
91 25
95 4
235 16
242 1
230 17
77 6
269 26
491 11
279 26
444 21
247 21
26 10
426 25
222 26
337 11
230 7
348 24
122 26
171 11
294 8
448 3
325 4
352 23
123 30
92 10
466 3
246 28
300 31
416 14
184 24
496 30
30 27
441 7
277 28
366 14
363 13
292 16
232 11
206 30
125 22
123 26
488 4
433 3
390 9
12 26
452 8
191 30
350 11
132 22
94 21
400 9
13 19
348 17
38 29
302 6
202 21
251 9
144 20
32 26
384 27
311 27
402 9
168 4
335 28
81 25
352 28
89 17
375 24
461 12
340 14
73 6
390 15
286 26
210 25
271 29
212 5
132 21
433 15
420 31
154 17
47 26
184 23
370 26
274 10
469 2
147 21
359 25
68 20
274 5
165 4
222 32
476 25
192 20
355 12
378 17
316 9
14 7
263 19
409 13
268 5
354 18
122 20
302 29
411 27
169 19
322 2
302 5
446 6
260 1
309 10
161 12
266 26
474 16
260 18
268 7
463 9
292 16
388 2
328 3
224 12
373 26
238 7
46 7
20 22
335 28
295 23
303 16
372 24
291 27
362 27
361 32
383 25
463 31
450 26
69 21
285 21
70 18
467 12
409 6
125 31
17 31
442 7
330 5
151 12
148 8
30 32
39 9
364 21
35 17
142 7
190 18
395 19
152 22
78 28
403 30
154 28
472 15
442 9
112 32
273 19
455 26
470 13
418 10
197 8
350 14
258 31
116 9
150 3
218 15
178 24
133 23
391 8
278 21
109 25
424 5
351 27
386 28
75 32
5 8
459 31
461 21
245 20
221 14
194 26
325 19
261 9
54 4
264 15
336 32
423 11
104 17
341 2
444 12
497 17
391 7
155 7
375 11
131 23
145 16
236 21
399 1
129 12
500 12
486 27
264 32
445 15
32 10
60 27
405 16
127 7
215 25
497 17
384 7
388 28
155 23
200 25
323 12
356 26
71 29
360 2
100 25
53 11
442 32
309 22
372 16
492 6
420 8
26 11
319 29
386 5
92 21
377 10
264 32
440 23
72 23
20 23
455 8
153 16
388 5
445 23
100 32
196 28
480 17
26 22
338 12

