128
383 11
313 29
229 14
465 26
89 27
390 32
463 13
65 20
98 19
338 31
12 20
490 1
2 14
290 19
242 26
55 32
384 23
424 12
440 4
46 32
359 27
311 25
172 24
428 1
30 21
51 29
196 24
346 10
325 7
236 14
408 26
393 3
360 8
255 19
55 20
30 9
438 17
437 21
68 12
229 17
129 19
342 8
170 11
373 14
25 13
411 16
454 7
426 22
322 32
464 25
331 26
141 1
186 2
229 17
441 10
405 13
440 14
97 6
136 5
455 8
281 14
295 23
372 9
400 2
252 19
422 27
208 26
55 21
491 15
349 8
444 6
204 20
203 8
197 11
121 11
350 29
220 9
339 12
217 30
137 24
453 6
254 28
471 12
257 26
443 21
245 18
62 20
325 13
248 29
455 8
24 8
472 31
300 23
186 32
252 22
188 4
83 9
68 26
101 16
367 15
132 19
132 30
58 5
310 1
329 32
228 8
419 12
95 23
362 16
438 21
306 13
21 32
418 24
293 10
263 11
264 10
121 23
439 3
203 16
39 28
11 11
235 22
318 9
500 23
313 1
495 30
266 3
209 3
102 22
404 32
364 3
462 29
413 16
219 20
148 1
351 14
23 17
291 32
266 14
222 18
431 1
251 28
231 11
82 29
16 9
400 32
151 5
68 3
113 26
30 20
394 4
121 5
317 4
108 14
405 26
215 31
398 13
382 28
127 23
164 23
299 20
226 9
276 17
216 12
430 1
351 3
477 32
91 25
235 11
78 19
380 4
326 29
108 11
256 6
374 16
80 32
335 17
473 26
449 20
202 10
136 4
53 24
375 19
108 5
193 21
100 32
180 9
52 7
483 20
225 20
79 8
380 5
461 28
78 25
243 3
139 2
183 15
342 9
185 9
370 30
338 5
153 21
245 25
156 31
12 8
287 14
35 6
206 7
73 15
256 15
414 2
396 24
288 9
356 16
390 13
201 15
397 10
95 29
58 30
72 13
481 14
214 20
227 11
214 19
53 25
317 10
418 16
265 9
301 1
29 10
49 5
416 30
286 26
438 15
112 21
115 28
70 20
311 20
98 9
150 23
197 6
320 27
178 1
319 14
409 27
19 13
280 14
106 13
147 4
112 30
108 22
54 26
258 8
177 7
240 19
357 17
144 29
403 13
465 13
2 29
124 16
385 7
157 19
319 4
238 14
265 13
360 26
374 13
386 19
471 17
229 16
265 28
60 11
397 8
92 2
100 31
270 12
469 14
326 23
433 19
421 18
408 8
219 5
396 12
35 6
81 27
249 29
339 32
364 31
35 31
484 10
21 17
470 1
383 19
127 15
358 27
364 5
178 11
249 21
38 32
495 18
250 15
315 16
255 22
174 21
484 14
275 16
262 20
344 28
390 6
311 11
73 10
215 2
460 24
379 10
451 17
467 16
319 9
140 13
162 13
66 17
322 32
352 24
435 15
431 24
221 29
423 21
267 17
394 26
452 12
75 30
496 30
454 27
26 13
91 4
109 8
184 19
495 20
218 25
434 28
105 22
241 19
298 31
15 32
84 11
167 27
72 7
52 21
181 29
321 7
116 26
427 20
64 21
39 21
54 8
280 30
182 8
36 7
378 18
374 30
220 17
472 4
407 15
20 23
303 25
209 11
474 11
274 29
408 4
169 13
339 32
470 8
320 25
351 13
258 20
10 6
468 1
473 26
59 32
312 26
36 13
484 9
7 1
397 22
272 21
78 14
365 11
130 28
107 4
232 13
55 18
46 27
426 26
248 1
65 4
50 17
284 29
461 6
493 30
260 32
274 29
225 6
88 2
321 10
37 9
410 28
498 7
466 11
28 9
259 25
124 4
45 27
192 1
49 28
66 28
299 16
496 8
477 31
81 22
481 14
54 30
209 23
49 30
325 4
238 12
20 18
243 4
120 15
273 12
470 2
179 5
29 31
496 6
313 20
359 5
45 24
35 9
314 7
130 14
362 12
73 6
81 8
149 8
454 13
424 31
463 26
395 31
480 14
52 21
170 30
437 2
173 27
171 2
257 16
328 11
19 8
352 23
419 24
3 4
125 18
499 19
231 5
281 3
339 21
355 20
446 15
73 7
466 31
308 10
395 23
340 9
239 3
364 13
247 30
85 31
495 19
161 25
179 1
287 9
477 17
376 7
136 17
393 9
43 20
174 29
39 6
202 9
260 5
489 2
134 5
228 16
7 16
56 14
181 3
202 5
187 18
431 18
378 23
126 16
227 12
209 21
17 18
245 24
178 17
134 23
158 25
142 12
249 13
201 25
391 15
289 2
480 8
103 1
246 13
128 8
232 28
292 8
449 24
227 2
473 24
140 30
221 29
145 25
478 2
453 24
100 13
297 15
164 12
139 18
332 30
85 15
306 21
14 6
264 20
84 20
452 31
217 28
356 26
196 5
59 4
52 10
240 21
440 4
304 6
165 23
195 13
401 28
329 26
458 13
357 9
32 24
467 17
35 2
314 6
6 4
229 2
233 25
110 4
224 21
249 16
251 11
340 15
147 29
268 8
465 20
348 8
136 22
96 30
136 1
252 29
484 12
402 16
300 19
239 31
127 27
262 17
134 10
379 12
122 6
87 14
122 2
433 5
99 13
278 14
289 5
79 17
361 8
340 20
343 19
387 1
269 32
198 18
101 16
385 14
74 15
11 15
256 16
155 7
472 20
292 8
313 30
236 9
202 24
388 32
358 14
364 22
274 17
232 22
489 4
152 22
291 30
460 2
105 22
252 8
249 28
392 1
117 7
437 30
406 5
65 7
450 29
93 31
193 4
153 13
143 24
446 25
317 5
331 2
222 2
53 3
329 24
383 22
423 12
467 28
348 16
443 1
16 31
76 24
62 20
93 8
383 6
489 31
147 27
472 4
104 9
42 25
320 9
82 30
448 32
422 3
135 28
147 26
250 2
358 27
301 22
14 31
339 2
234 5
24 29
57 24
81 14
412 5
226 29
494 9
244 27
171 11
130 14
380 15
391 21
189 4
38 11
226 5
260 31
65 8
16 17
263 32
423 14
200 20
18 6
173 5
312 7
343 22
12 19
172 3
311 13
298 17
267 7
429 2
334 29
161 1
318 7
148 12
448 4
387 29
245 27
430 8
402 16
201 21
346 1
19 9
85 28
209 3
191 13
432 8
481 13
76 22
367 7
37 7
274 32
131 18
334 4
278 27
36 22
352 21
202 6
241 2
38 21
192 4
437 8
103 10
68 18
419 6
252 32
100 2
83 15
247 24
494 12
355 5
206 2
114 23
279 22
397 8
7 28
99 11
415 21
416 22
230 19
268 30
142 7
63 16
449 17
491 7
185 25
175 30
254 4
500 1
346 12
404 4
188 19
498 10
55 2
436 13
100 27
322 5
69 8
316 22
192 26
164 20
3 6
321 12
330 5
344 3
68 20
378 23
102 19
209 12
492 32
292 7
198 1
183 26
348 30
339 32
156 10
471 10
44 4
117 25
464 1
47 23
60 32
490 25
354 14
168 6
45 28
288 6
276 23
211 4
320 14
367 11
403 21
336 6
480 9
318 31
117 24
326 28
343 3
188 9
364 23
394 28
18 25
1 14
207 31
269 3
464 19
205 3
175 1
164 31
197 6
449 17
401 18
192 20
440 31
292 3
437 9
414 7
421 30
100 16
329 4
6 8
58 30
362 28
102 18
238 6
63 23
314 19
164 1
58 28
235 1
110 20
237 28
478 10
141 13
137 21
500 10
465 5
203 6
140 5
55 26
306 13
416 32
432 23
124 5
34 31
394 16
382 14
371 11
491 3
139 15
184 6
120 20
194 31
177 9
479 16
62 12
52 17
403 27
408 11
28 25
237 5
140 26
402 18
328 9
373 26
371 12
103 15
407 8
165 23
332 15
18 18
426 2
74 5
256 9
59 27
126 23
55 9
264 17
127 19
201 15
408 15
258 10
265 24
361 9
450 32
423 20
289 17
241 19
381 16
195 3
131 28
85 9
437 8
493 31
142 17
413 5
468 6
262 28
185 30
13 10
165 27
453 14
135 17
168 31
41 26
305 11
34 25
355 26
440 12
384 25
392 4
481 27
317 10
443 5
215 27
486 4
241 11
37 32
483 16
94 27
417 31
193 30
343 24
271 23
99 14
215 30
153 12
201 25
141 15
173 28
153 11
291 29
449 15
472 15
382 26
306 6
20 14
248 14
249 26
144 7
376 19
189 24
258 29
349 18
87 13
457 19
383 11
483 11
425 11
466 22
76 3
456 27
120 31
456 21
424 12
67 31
162 31
179 27
495 7
20 5
251 25
319 10
75 6
168 28
312 13
9 19
255 12
481 31
18 20
447 2
387 13
444 28
120 22
318 6
500 2
47 15
166 1
88 28
222 11
443 21
92 8
271 6
267 19
276 29
39 22
282 5
439 29
473 14
347 22
375 14
331 29
300 16
342 19
440 3
346 2
448 21
37 30
486 28
321 30
144 23
335 21
283 21
149 27
34 3
101 21
45 7
181 12
279 14
435 2
289 28
451 8
272 12
305 9
495 21
370 30
335 25
414 6
181 2
428 15
261 16
475 21
311 19
352 13
381 30
158 17
269 16
256 8

