128
124 17
216 6
460 5
116 12
483 18
123 14
88 27
414 24
293 1
137 28
372 18
66 8
73 25
459 11
251 15
398 26
59 9
248 26
29 31
361 16
76 7
1 12
409 6
243 25
406 32
312 13
269 21
120 26
93 19
260 8
101 9
69 31
473 32
380 30
383 28
217 14
426 9
325 2
482 28
34 19
299 14
367 11
426 18
260 15
268 7
214 4
379 22
230 32
450 25
57 20
348 9
345 21
341 26
458 30
89 16
60 15
41 14
157 30
115 29
336 3
139 1
102 18
183 8
221 12
440 13
19 20
401 31
264 5
32 30
414 12
417 17
210 9
102 19
422 28
135 18
450 17
158 4
142 8
235 18
323 10
490 17
165 18
56 5
482 7
2 23
59 14
71 12
374 4
486 27
240 12
256 29
245 30
444 30
253 10
100 24
204 13
120 16
183 23
148 20
114 21
263 16
418 17
143 23
209 25
142 20
100 29
340 32
310 16
82 31
313 13
194 12
325 29
384 23
192 15
23 17
32 21
32 5
321 26
296 25
154 13
180 22
333 28
449 3
155 18
409 3
414 22
483 23
118 10
97 5
100 23
317 27
107 20
284 16
22 27
160 31
15 20
280 15
63 9
341 25
462 17
35 24
202 9
318 24
86 26
480 10
385 17
20 27
144 3
122 17
233 18
44 3
325 3
298 19
255 2
455 5
91 5
296 24
358 9
315 31
378 11
480 18
443 12
457 30
154 22
455 11
63 30
189 11
24 30
477 11
180 7
347 18
420 10
265 25
106 24
71 19
78 31
449 28
402 17
457 23
334 7
145 13
260 14
487 4
23 20
414 10
246 28
323 5
105 4
293 22
371 20
396 28
266 12
467 27
248 15
425 2
186 18
182 25
255 4
80 9
335 9
479 17
456 13
97 8
92 18
121 10
457 5
409 22
212 27
92 12
2 32
245 31
437 26
483 15
297 19
172 20
259 10
64 31
302 24
274 6
253 3
207 13
115 20
486 22
194 17
137 23
297 13
85 1
158 12
128 3
334 7
438 24
300 25
158 5
364 28
198 25
30 25
381 4
224 7
321 25
147 26
316 7
190 4
380 12
319 23
154 12
157 3
96 12
295 25
112 10
388 26
330 17
418 7
412 29
429 13
409 3
394 4
370 11
124 17
134 22
107 3
446 3
433 5
422 31
497 29
89 17
46 10
153 7
128 21
103 28
1 24
483 6
87 8
180 2
100 6
4 30
304 25
172 13
45 13
315 25
329 19
277 31
173 10
337 12
198 8
60 30
7 6
295 25
245 18
155 4
491 18
253 31
162 32
235 6
368 21
98 20
304 7
422 4
156 23
479 13
254 22
402 28
431 12
352 7
21 14
222 20
367 10
10 8
249 28
233 20
292 11
16 23
57 25
274 32
47 9
416 12
142 21
59 25
364 27
451 28
120 9
99 7
498 32
366 27
351 27
418 11
281 21
293 21
370 27
400 28
23 31
68 32
483 14
88 18
240 23
285 16
63 28
198 16
195 3
10 22
161 24
392 1
212 32
129 25
454 8
201 28
194 28
344 24
97 19
77 17
321 22
196 7
449 21
147 11
307 32
40 20
287 31
260 3
171 9
283 24
120 15
304 22
454 15
45 19
429 22
387 10
187 2
336 27
178 6
481 12
194 5
303 28
155 19
182 1
7 25
153 10
299 12
143 17
454 12
303 26
161 5
335 11
326 19
37 27
208 9
190 29
389 5
233 16
259 22
72 17
230 8
390 21
383 25
133 12
72 7
70 4
179 8
134 16
130 18
358 18
186 15
90 7
391 6
322 9
88 5
413 9
321 19
49 31
39 1
391 14
319 16
45 17
67 30
204 17
199 9
386 8
460 15
162 10
149 3
203 16
80 11
256 20
121 21
454 7
189 28
472 28
7 4
208 2
397 12
474 15
324 19
183 11
37 4
337 21
383 7
124 14
357 28
65 14
36 18
340 4
66 8
435 24
383 11
201 12
406 10
78 9
236 16
364 29
160 8
309 26
442 21
355 30
164 7
127 31
288 31
126 5
482 1
129 16
55 21
347 32
355 21
40 26
388 27
214 23
158 7
440 15
159 22
249 10
212 23
224 20
45 9
204 26
113 20
242 19
13 4
330 7
364 26
308 28
328 22
150 22
396 2
288 22
235 16
79 19
263 6
150 27
206 29
185 23
389 30
189 25
217 27
119 25
444 30
184 7
447 5
108 14
126 32
99 29
135 1
11 21
182 20
408 20
216 4
58 32
221 18
356 1
468 22
369 31
252 12
182 6
89 1
244 22
388 22
278 15
223 32
271 28
299 18
143 3
121 24
470 21
298 26
130 21
151 14
28 2
402 25
452 10
201 27
407 25
240 17
315 6
324 9
70 3
467 16
489 15
116 6
132 17
487 25
381 14
110 24
243 31
116 22
204 9
92 7
109 32
499 7
497 6
211 6
296 9
482 12
116 29
298 27
361 16
359 17
125 24
149 12
331 24
413 30
136 17
348 32
40 26
370 20
20 21
454 7
109 15
155 20
383 4
322 23
235 32
335 16
148 15
79 14
451 27
67 6
199 15
182 26
464 11
126 7
483 7
2 28
217 32
167 31
459 29
193 21
20 27
256 19
10 30
200 16
29 11
397 3
33 26
21 32
481 10
183 3
428 20
258 4
43 13
94 21
117 22
397 4
312 13
155 25
190 22
484 2
472 29
1 24
162 1
56 26
18 30
309 25
125 26
440 3
194 29
371 14
22 31
298 1
123 8
358 21
9 1
234 29
425 26
188 19
254 11
80 3
332 8
67 24
306 22
178 7
94 16
13 3
19 6
300 25
317 29
305 9
201 3
9 26
272 25
212 22
143 23
148 11
31 19
134 32
424 28
38 26
211 26
484 25
63 31
222 11
291 30
56 24
416 24
469 28
464 28
417 19
322 8
433 16
334 30
39 2
81 21
479 4
478 22
224 13
97 13
123 15
175 10
82 10
94 22
481 17
81 21
15 3
17 31
106 22
217 1
459 21
73 17
440 2
251 20
146 27
460 5
437 10
298 15
428 15
272 24
300 21
361 2
459 9
465 8
78 29
412 21
329 28
473 9
90 11
284 11
421 27
3 14
81 29
80 24
43 31
119 10
407 27
360 9
207 12
133 1
356 24
321 24
232 25
304 17
220 27
55 8
182 10
53 26
210 16
473 16
187 31
298 1
70 5
162 28
332 26
412 23
41 16
222 4
229 14
92 12
316 15
143 29
56 8
462 29
179 6
220 5
25 5
162 30
25 15
73 24
320 21
394 24
420 28
484 12
197 15
299 16
73 10
361 20
489 2
96 7
108 28
384 12
184 17
429 9
219 1
416 6
41 14
249 25
481 24
312 17
159 27
40 3
256 12
359 20
426 6
410 21
121 5
16 1
41 8
13 19
500 8
148 29
441 21
205 29
332 24
449 18
478 13
221 21
240 11
328 5
236 2
197 17
234 24
161 27
211 25
385 7
304 5
455 21
133 23
17 4
174 30
454 32
306 10
88 1
456 28
62 3
5 30
399 2
174 3
364 20
435 9
446 27
133 28
187 5
410 31
228 32
372 29
439 5
410 18
74 25
441 11
408 9
96 14
35 29
69 6
5 11
146 10
445 26
54 19
394 23
38 6
398 13
6 20
438 8
362 23
132 18
349 27
451 8
49 5
65 25
86 21
471 24
222 8
213 3
46 15
238 11
80 15
344 21
323 9
204 8
495 28
189 31
430 19
138 30
327 10
446 1
474 25
348 28
332 8
470 25
166 23
164 9
46 27
34 8
139 25
403 1
276 7
179 10
434 4
35 16
222 29
376 11
249 7
390 20
135 4
160 4
270 15
397 31
181 10
34 11
18 20
155 22
83 9
203 20
353 5
479 26
69 19
120 21
281 10
248 7
73 20
215 6
82 23
361 11
244 10
433 1
386 32
258 24
272 20
335 20
49 13
49 25
371 17
286 24
382 21
418 6
292 8
499 10
446 15
488 29
309 8
154 22
359 19
13 15
223 23
106 31
363 15
91 2
175 4
89 24
409 22
213 32
490 7
425 27
126 28
328 14
184 21
331 10
243 15
24 13
393 26
291 7
136 2
192 6
257 32
421 29
138 25
217 19
47 5
265 20
405 4
457 4
424 3
129 31
333 5
187 21
486 22
184 5
359 3
486 27
211 6
484 24
38 20
326 28
192 22
108 24
386 16
35 17
203 8
179 3
20 26
464 9
195 19
477 5
77 22
223 23
367 22
486 24
257 23
191 1
105 2
248 6
66 19
150 4
298 5
6 5
398 29
321 12
319 25
200 4
110 14
34 8
480 8
83 12
182 17
36 10
275 4
127 4
418 5
459 15
309 12
31 6
285 31
1 23
351 32
350 4
325 20
287 16
403 9
392 24
345 7
222 11
414 16
310 31
476 20
397 28
84 31
341 8
481 17
322 19
96 24
290 29
55 32
76 5
296 7
244 1
450 29
111 23
313 25
46 32
40 2
424 11
221 28
342 29
161 16
384 28
187 5
28 17
101 4
253 12
274 16
388 23
461 23
438 25
419 3
412 26
276 19
433 4
451 22
401 27
141 16
218 11
456 14

