128
45 8
98 22
51 16
164 17
367 22
286 32
411 7
419 11
439 22
357 1
410 27
348 29
491 3
199 18
8 8
456 24
491 25
269 10
240 20
258 14
342 27
266 12
429 20
210 3
173 6
427 14
232 10
239 7
81 5
272 16
172 8
343 26
280 20
407 8
247 29
181 16
207 2
191 24
481 17
206 29
466 29
87 22
258 21
124 18
465 19
129 4
326 8
1 26
435 32
181 1
424 21
121 18
159 11
469 11
63 3
144 17
159 18
430 4
110 1
458 30
3 22
209 13
409 29
286 23
468 6
228 23
178 8
373 16
10 17
179 13
367 2
305 17
255 2
145 24
490 10
289 20
187 21
172 28
57 5
290 13
126 9
267 4
68 11
343 2
184 13
354 14
46 10
279 32
243 19
367 12
376 11
427 26
151 31
9 16
259 7
436 13
19 30
392 31
397 2
16 4
107 13
333 28
378 15
304 32
237 18
407 28
325 9
174 27
135 10
238 10
184 5
482 31
79 5
289 11
458 28
406 20
24 30
420 29
53 11
224 13
244 6
253 24
314 30
99 21
459 28
46 23
213 19
197 3
251 17
117 28
492 26
328 19
315 31
267 3
321 10
360 4
471 24
188 28
389 14
436 27
473 13
193 9
7 5
327 21
225 23
21 32
20 32
82 7
94 32
53 6
41 24
181 23
23 4
499 3
5 2
462 26
267 14
14 13
43 13
234 7
487 18
335 19
101 24
193 14
468 1
311 32
9 27
223 7
359 9
146 15
358 7
192 24
112 10
249 6
102 6
125 24
235 19
298 7
430 2
232 1
87 6
257 27
384 23
181 30
51 10
309 8
284 20
384 4
409 4
253 18
113 21
450 31
391 19
385 17
89 24
217 23
9 17
473 28
303 17
338 5
331 6
465 10
497 12
213 22
331 22
267 23
46 16
493 17
167 25
109 23
196 17
281 12
2 29
299 8
257 32
361 7
133 25
53 30
24 29
387 18
434 25
500 28
425 28
120 11
220 12
345 3
256 13
174 29
81 20
117 21
460 17
276 24
5 12
73 12
148 7
85 26
316 4
413 8
75 32
182 18
111 18
264 6
354 1
179 6
260 7
122 7
123 21
163 31
280 19
358 8
398 6
9 25
25 21
304 7
304 17
448 30
214 11
335 31
499 5
352 30
159 29
181 1
74 3
111 17
281 8
132 14
261 24
242 21
412 5
87 31
233 18
332 22
96 31
364 6
31 23
56 14
40 8
174 5
282 13
169 30
104 13
92 1
292 17
1 16
82 16
474 10
325 10
464 29
176 19
218 10
246 5
99 29
212 5
101 21
261 21
55 4
273 30
80 5
330 25
472 3
224 1
429 8
454 12
320 17
422 6
187 7
14 17
303 22
113 3
218 5
376 28
89 24
121 12
64 7
304 15
213 11
184 21
75 25
236 22
266 30
135 4
176 5
292 7
226 9
85 3
129 32
271 21
312 23
89 19
341 4
262 6
419 17
398 1
81 26
90 18
495 17
353 26
77 9
352 14
401 9
448 29
100 14
98 31
461 18
138 1
429 19
58 3
195 32
43 11
293 25
177 15
61 17
456 29
25 8
142 9
448 25
158 23
11 23
310 11
292 7
123 28
49 17
419 27
488 1
221 8
297 1
418 1
278 29
345 10
384 6
431 19
427 24
230 5
194 31
407 21
41 25
204 29
413 14
331 24
287 27
31 7
300 20
440 13
173 4
230 20
270 8
91 8
99 16
484 12
62 26
276 18
122 16
42 27
305 4
286 11
126 17
174 25
468 25
353 20
248 27
400 5
94 14
416 1
161 23
336 10
492 12
27 2
295 8
500 23
291 13
42 8
305 19
193 1
179 5
264 6
331 27
499 1
152 22
321 4
17 12
237 28
471 7
473 17
182 24
68 24
461 9
240 1
175 32
37 5
180 21
334 3
315 20
139 23
98 3
130 22
318 7
473 5
481 14
257 27
121 28
134 9
284 17
198 30
360 10
14 20
238 12
254 13
31 24
19 8
202 28
93 7
366 14
159 15
363 32
361 31
91 26
268 31
71 17
184 26
402 30
173 24
249 2
192 7
169 6
259 18
61 11
241 3
268 3
477 18
18 25
169 29
182 24
335 28
104 22
386 1
419 2
496 27
484 27
150 28
452 16
374 1
110 6
143 18
216 19
211 10
307 19
194 28
166 32
92 17
249 13
478 8
386 9
38 17
364 3
225 3
446 26
179 12
415 5
489 6
439 31
67 1
282 20
85 27
343 20
420 8
356 29
111 13
369 16
314 8
39 10
399 4
487 13
243 1
398 11
234 8
282 21
285 27
116 5
361 27
248 32
402 23
176 16
47 1
363 32
480 17
249 18
237 11
159 3
339 16
414 17
95 23
77 31
461 12
451 5
354 26
305 7
4 32
118 19
228 21
262 8
233 27
141 25
97 23
4 16
206 9
360 29
167 4
383 15
331 30
151 21
87 23
439 7
287 17
493 22
241 10
277 9
116 22
498 9
68 29
148 18
121 23
278 3
294 8
265 8
197 3
160 28
370 23
226 16
359 26
373 11
175 2
275 7
271 20
355 2
124 6
463 20
212 32
382 21
252 6
332 12
413 24
435 2
294 8
141 20
433 21
102 4
218 16
102 12
500 24
326 19
161 32
71 24
380 28
80 7
154 7
134 10
106 25
51 11
432 27
402 1
259 27
176 5
83 13
464 14
84 29
260 32
281 6
319 28
338 2
494 3
160 19
408 6
399 22
16 11
204 14
399 30
124 14
290 18
202 18
491 29
246 31
232 10
284 18
389 5
299 6
111 26
213 18
75 3
179 15
293 22
360 23
196 3
116 21
41 29
90 19
305 20
485 20
417 21
85 2
241 23
391 32
193 31
221 15
66 24
357 14
133 24
401 32
51 8
165 15
185 26
325 29
145 18
25 10
282 21
219 30
196 17
373 28
212 14
6 17
49 7
486 17
282 2
213 24
254 5
274 14
334 7
278 11
112 26
40 29
467 30
266 26
218 23
253 29
288 30
409 8
324 11
368 2
132 8
289 21
456 31
26 10
365 12
120 28
309 7
72 19
120 17
288 17
179 32
118 10
298 26
301 1
124 9
78 16
248 27
344 28
281 6
197 29
377 24
176 21
326 15
460 1
435 19
133 6
287 30
431 16
332 32
408 27
400 18
62 23
204 14
54 4
479 22
332 3
417 23
39 10
105 30
390 3
97 27
356 3
328 23
22 15
18 1
466 29
266 19
119 29
284 5
304 18
274 31
468 7
493 11
136 25
60 26
488 24
104 3
242 11
481 11
294 14
44 3
118 29
137 29
130 21
261 25
386 26
124 26
76 12
416 16
65 11
293 32
131 28
98 28
30 27
339 31
428 18
81 18
42 22
134 7
490 14
160 15
279 23
432 7
398 11
122 6
322 30
69 24
13 7
27 30
97 25
217 8
98 29
273 24
366 6
14 27
3 29
434 26
455 17
340 21
416 21
370 17
226 31
392 10
457 26
131 5
487 3
132 28
496 5
427 17
14 17
420 29
465 21
2 32
421 21
328 32
153 13
424 26
487 23
319 15
437 9
199 3
296 31
358 11
439 17
3 12
429 6
320 13
478 29
368 31
13 31
438 25
244 14
246 22
380 20
377 20
13 23
90 8
109 20
302 23
84 12
351 4
430 10
108 11
195 28
361 23
22 7
224 5
216 1
51 23
385 31
263 17
205 32
260 10
151 9
64 22
216 2
449 5
288 9
256 18
236 24
392 29
118 23
226 17
288 28
280 12
54 18
272 14
245 19
275 4
443 23
333 14
456 18
7 3
394 2
428 29
81 28
385 23
138 26
383 9
237 14
300 14
407 15
252 16
453 18
251 27
68 11
405 32
420 27
470 21
24 22
441 20
421 10
154 2
139 17
335 24
254 30
17 29
57 32
164 13
498 30
256 25
52 16
440 4
422 26
284 5
11 9
252 31
254 2
192 20
498 10
471 15
364 16
411 20
459 22
132 32
43 7
373 27
250 16
66 31
425 21
171 23
277 27
69 14
180 21
126 13
138 12
279 5
435 6
272 10
467 24
201 14
142 1
456 20
237 5
118 25
425 21
448 22
63 4
435 10
276 4
122 22
8 16
266 10
441 18
39 16
293 28
121 6
164 4
381 12
300 11
413 32
139 20
277 13
79 24
294 15
475 11
472 10
314 29
480 15
126 6
366 22
109 26
56 29
413 20
376 4
286 12
287 28
203 24
124 22
479 29
488 9
183 7
139 1
47 6
455 17
487 12
294 12
157 1
424 1
137 15
132 18
143 6
346 25
185 21
126 11
90 17
320 24
275 6
472 26
279 6
346 21
449 15
416 21
340 7
173 4
490 24
249 16
74 2
328 26
267 22
273 8
270 24
331 29
105 23
366 7
432 31
351 13
53 27
485 28
457 22
219 22
313 20
281 10
61 13
496 11
414 8
34 7
415 17
79 27
19 24
253 2
358 27
182 3
221 15
154 22
28 29
327 16
340 16
78 4
68 29
431 29
396 32
367 2
32 6
180 22
389 28
204 19
386 5
9 11
255 18
488 22
386 10
474 29
125 31
329 20
327 15
376 30

