128
425 20
277 29
307 22
356 30
43 23
47 4
178 16
14 30
11 27
92 12
408 28
243 30
183 20
324 30
319 12
312 23
411 16
340 13
118 31
63 28
221 21
255 10
444 16
464 14
358 7
205 30
486 11
439 17
286 6
482 25
185 13
199 15
233 2
164 2
436 6
361 21
38 27
406 30
86 5
491 20
275 4
413 13
142 11
133 12
465 10
384 1
259 18
448 19
472 11
192 19
40 16
415 9
222 5
262 19
393 17
306 20
300 22
280 1
421 28
424 17
377 15
237 27
241 32
477 20
146 32
470 25
275 13
114 24
57 7
7 25
183 16
116 10
382 11
127 6
158 22
390 11
209 6
169 5
310 18
12 15
17 29
492 32
365 9
139 25
35 1
222 6
457 29
51 22
84 25
491 13
431 16
275 19
357 28
439 26
293 14
325 29
134 16
304 19
476 19
271 6
291 28
79 3
181 26
288 32
10 18
356 32
361 3
430 22
278 8
235 10
21 23
434 31
78 2
5 29
384 27
63 6
471 13
125 15
474 32
118 24
42 25
275 18
455 9
471 24
276 22
5 5
116 7
155 18
28 19
98 27
137 16
436 3
5 8
313 2
324 30
313 25
255 16
118 17
144 17
293 7
294 9
419 17
87 13
306 22
435 16
228 12
415 16
234 27
75 31
249 30
328 21
114 18
500 32
143 27
320 11
118 21
435 12
77 2
313 7
339 23
138 7
22 20
82 16
175 12
154 11
406 9
335 31
267 3
102 29
33 13
47 30
89 25
38 6
206 2
400 17
300 1
463 26
292 12
429 2
51 22
240 32
266 11
179 24
113 28
292 9
405 26
147 9
375 16
362 12
89 25
328 8
1 18
61 13
185 9
258 20
422 26
395 28
424 17
71 16
205 7
384 21
256 30
157 18
269 11
414 29
131 25
97 28
235 5
276 7
146 21
358 11
382 13
458 17
177 25
44 9
243 24
193 30
161 26
480 2
220 13
286 6
485 2
185 15
391 8
342 20
345 15
306 10
451 4
383 24
144 26
360 26
205 29
87 6
254 6
295 25
162 4
26 23
166 31
69 12
170 26
443 2
109 28
92 3
363 6
38 26
251 26
243 16
154 10
321 11
247 27
83 1
398 32
259 3
318 27
118 4
237 12
353 29
160 16
255 6
417 25
380 20
246 18
123 7
155 23
157 10
409 19
14 14
346 32
221 16
98 30
3 14
102 23
30 17
299 9
486 27
133 21
86 18
191 16
128 1
354 8
450 22
374 19
420 11
234 20
86 12
181 12
369 26
295 3
394 9
239 32
11 11
96 17
100 26
8 19
483 6
214 4
475 19
395 30
9 8
237 23
163 2
386 12
199 4
134 5
328 24
472 15
94 23
287 29
205 30
271 11
7 8
470 30
422 4
227 22
48 12
80 30
233 14
445 7
349 22
375 29
301 14
367 14
117 9
86 21
150 24
211 9
191 12
138 24
100 32
246 27
31 25
208 23
494 1
46 23
82 8
371 3
470 29
276 26
93 26
110 10
421 12
250 16
203 23
279 6
455 20
300 1
53 24
452 18
12 21
388 13
120 26
179 17
198 31
26 26
372 23
384 8
306 21
107 25
372 30
162 2
261 30
14 29
321 25
359 12
313 22
480 9
208 7
21 5
317 3
47 28
33 2
331 27
62 26
199 1
175 16
110 7
173 4
100 1
88 18
176 9
407 4
185 22
166 9
223 14
455 25
21 4
198 11
178 15
288 16
44 26
87 17
249 12
128 4
104 16
9 24
468 27
139 8
233 4
60 11
489 27
75 25
2 28
359 27
234 7
258 25
312 8
282 32
307 29
259 31
476 23
246 3
386 16
298 2
391 26
276 3
372 14
387 17
325 29
107 18
95 20
39 3
411 20
318 14
432 5
332 28
195 1
202 12
312 8
401 2
209 24
432 20
229 30
156 13
266 14
315 29
125 9
119 27
376 32
456 11
364 19
66 31
215 4
342 2
119 23
79 11
270 6
258 19
31 1
255 29
26 29
361 14
477 23
388 32
118 16
11 26
130 16
392 21
195 1
74 29
179 25
343 5
366 4
151 1
364 21
397 17
178 21
242 22
439 6
358 32
473 32
389 22
147 16
150 2
217 32
358 7
228 5
47 21
4 1
193 12
306 17
108 7
49 26
340 15
331 17
395 19
268 7
108 31
267 18
108 7
185 29
81 8
369 24
208 9
176 17
92 13
341 15
167 6
252 15
228 6
407 2
236 15
109 32
441 31
157 12
61 1
364 17
456 9
268 3
457 32
267 4
128 20
98 31
349 26
5 12
283 11
254 23
85 22
66 5
88 6
424 24
266 24
140 13
224 16
87 16
55 2
79 26
313 4
328 13
229 4
292 28
95 5
382 7
258 7
408 13
372 27
344 17
174 12
61 17
243 11
280 9
204 18
330 32
238 26
380 18
193 4
329 11
68 30
318 2
212 29
22 15
259 18
423 9
53 27
181 23
334 25
443 17
170 32
405 31
133 28
77 22
159 29
112 7
319 17
52 30
357 21
465 4
142 11
48 2
222 4
340 11
40 22
91 6
406 11
172 14
483 20
215 5
5 3
219 11
459 18
204 32
47 20
431 12
407 14
234 4
409 5
34 13
207 8
362 16
175 21
353 25
281 32
1 25
98 8
311 20
193 10
223 31
386 21
131 28
334 24
123 19
140 12
43 22
335 16
161 5
288 2
17 12
433 26
56 2
89 6
437 25
84 8
224 13
312 2
464 30
273 6
240 20
445 14
110 3
185 14
140 32
135 4
244 15
25 15
448 29
17 5
98 4
396 13
272 7
230 23
56 6
24 19
117 12
76 2
450 28
200 21
436 30
449 7
253 21
329 28
290 9
288 7
148 11
263 27
242 32
5 21
49 12
92 29
199 7
243 5
131 14
89 30
127 17
448 23
214 24
431 23
473 18
445 12
253 15
391 14
402 23
290 18
127 9
114 25
252 12
325 18
149 22
3 4
302 18
6 11
225 12
221 9
358 29
21 26
223 27
455 24
157 8
425 19
329 23
460 32
98 8
17 27
401 31
226 3
468 23
421 24
19 14
93 32
158 21
337 21
375 31
356 31
238 21
18 22
171 29
349 12
464 5
218 1
235 3
419 18
26 15
98 28
480 10
123 6
154 19
370 12
453 5
262 22
357 27
108 3
107 32
499 27
173 20
287 7
11 29
313 16
395 2
431 7
451 5
216 8
215 5
335 7
309 28
356 2
375 7
396 13
271 18
255 11
110 1
53 28
97 9
359 8
274 21
218 20
45 25
31 15
17 13
425 5
461 16
194 31
95 10
19 29
483 18
11 32
314 23
267 15
280 5
254 9
265 3
333 17
403 23
419 23
80 19
299 12
475 1
226 25
434 20
137 4
369 27
64 23
265 30
297 16
307 26
301 27
372 21
232 22
347 10
396 14
345 6
317 31
38 2
91 15
138 11
91 26
77 22
40 21
187 20
237 21
237 29
416 8
373 27
233 27
148 8
497 32
174 1
162 19
207 20
386 24
330 20
53 2
185 1
451 27
132 27
364 1
279 31
328 7
129 5
221 28
40 9
268 25
382 25
128 12
33 13
283 10
44 19
472 8
279 2
98 7
312 17
131 18
443 14
92 7
370 24
199 30
381 30
178 10
246 1
201 2
21 23
344 12
21 23
291 28
440 21
62 19
53 8
44 20
1 27
270 7
150 28
336 18
433 25
495 15
170 15
160 6
381 27
458 14
169 4
53 8
340 10
62 29
157 29
92 5
91 9
83 9
329 14
474 29
283 21
495 32
15 27
345 8
9 22
297 6
402 29
489 17
314 7
337 22
359 28
330 26
141 5
394 9
182 27
433 24
187 16
119 18
286 28
97 30
117 13
175 10
93 16
463 14
418 7
79 24
431 28
429 7
24 18
391 18
41 19
373 27
306 32
428 11
307 4
237 11
120 11
497 24
278 15
321 15
461 7
323 23
11 23
313 2
425 11
295 21
82 28
191 31
363 27
478 21
346 18
295 14
476 19
29 22
453 10
300 22
452 10
156 18
77 9
200 9
375 6
317 16
365 11
343 27
329 24
99 3
237 14
492 4
36 20
317 1
221 29
254 13
442 1
486 6
229 17
222 28
235 10
411 23
101 25
30 25
128 32
307 24
373 10
76 13
170 20
249 26
212 2
414 22
114 4
23 11
140 9
150 10
338 16
325 6
369 18
219 24
481 25
360 30
175 11
114 32
30 22
85 14
67 31
247 24
102 29
374 21
217 7
115 23
435 31
344 31
144 26
150 32
439 5
181 21
147 6
160 13
359 12
270 17
94 28
457 11
136 10
436 29
205 30
259 7
192 14
145 11
16 26
162 26
155 7
270 13
340 1
477 7
172 18
475 22
113 31
164 5
113 31
453 25
352 19
159 23
164 3
81 7
96 11
484 26
141 13
403 28
33 31
382 25
329 25
174 29
491 13
189 31
288 1
271 7
203 21
386 19
83 30
397 19
412 25
132 24
337 18
384 18
117 21
426 1
473 23
237 4
287 30
418 14
418 25
417 17
321 18
191 4
119 27
286 23
319 1
286 24
155 1
377 3
286 18

