128
409 16
327 27
182 28
188 3
490 25
277 17
191 8
273 9
236 24
426 28
430 22
496 5
386 12
208 20
60 18
436 29
137 10
31 18
249 2
272 22
458 17
387 9
208 3
497 19
66 26
319 15
7 26
267 17
429 26
276 1
391 11
309 11
325 19
49 25
408 16
15 14
72 21
70 23
263 6
426 16
339 24
27 14
261 17
442 21
119 1
29 21
279 17
92 31
27 28
380 23
163 6
4 11
498 25
217 16
490 10
143 28
89 29
25 17
166 6
390 24
34 26
496 17
459 11
267 13
430 6
475 17
391 6
31 4
402 27
351 27
93 18
71 5
366 31
382 27
413 27
166 10
244 30
258 30
452 9
243 14
22 13
326 25
195 24
152 16
454 15
191 22
200 1
79 13
207 16
448 3
286 25
65 29
126 6
435 30
198 5
163 28
245 8
484 3
195 15
239 16
341 29
46 28
41 32
457 27
287 16
366 24
16 10
304 30
455 14
275 29
266 5
224 3
276 11
301 10
45 23
117 22
319 30
425 15
137 25
458 11
136 7
198 16
456 22
349 30
443 7
414 21
411 17
71 22
47 27
155 20
114 23
477 4
285 25
495 17
486 28
400 25
126 29
476 17
302 20
342 21
446 8
305 4
244 31
393 19
449 23
234 10
170 14
198 2
314 32
430 23
495 13
124 28
130 23
52 27
275 25
27 4
500 23
280 24
261 32
386 14
71 15
475 4
180 4
249 1
363 22
496 29
359 7
328 12
69 3
270 7
476 21
267 27
183 18
422 32
217 27
357 7
277 3
230 4
355 14
153 9
8 28
278 6
118 29
205 30
188 22
381 27
326 15
341 21
44 7
156 16
421 32
251 10
194 32
209 8
458 17
117 17
360 22
182 13
350 6
367 17
63 15
403 5
97 32
249 28
358 12
251 6
267 1
179 12
333 28
8 14
100 4
458 24
369 19
140 10
228 14
459 18
308 5
382 24
456 14
247 9
237 30
443 3
202 29
315 30
360 2
27 4
297 8
123 29
326 30
438 17
324 32
47 7
109 24
239 8
262 17
81 30
334 31
1 12
347 15
421 19
488 20
370 20
135 16
4 21
309 21
217 24
337 7
115 25
43 29
212 4
337 16
301 27
166 1
58 9
319 14
71 30
277 16
293 28
135 32
372 11
237 20
427 9
203 1
369 25
245 32
252 9
224 28
455 29
57 8
401 11
490 31
385 22
114 25
177 12
473 32
43 13
340 25
133 14
213 21
342 21
284 1
241 3
496 32
248 24
207 4
131 28
323 11
166 16
43 2
388 27
94 18
75 21
102 27
178 2
411 7
122 3
463 18
405 2
57 4
214 24
4 28
163 10
62 4
317 8
22 20
119 7
485 9
251 14
104 28
251 18
298 4
60 8
86 25
69 6
320 2
257 3
329 16
204 2
99 5
494 24
76 12
438 29
8 24
350 23
319 25
125 20
324 28
227 17
204 4
403 16
429 19
50 2
282 30
499 21
478 12
204 25
455 10
465 11
33 31
73 20
415 9
319 18
437 2
351 24
193 25
367 9
263 25
82 13
374 13
277 23
72 12
403 15
325 4
193 22
34 25
209 24
166 15
389 6
424 11
445 20
343 4
441 14
80 6
2 17
454 26
155 10
109 21
256 26
128 16
143 25
64 23
460 9
229 25
34 21
439 11
472 6
142 4
387 9
286 12
377 27
17 31
116 9
291 27
262 11
170 16
431 18
106 19
166 11
91 8
43 13
382 6
162 31
278 4
447 19
139 31
5 19
205 17
484 15
195 29
117 21
1 28
302 18
290 31
496 24
370 26
112 23
404 22
125 9
25 27
447 8
245 7
22 21
423 21
148 2
454 28
186 30
163 27
115 4
157 11
183 31
500 31
481 3
420 10
287 12
28 5
311 29
36 13
425 2
41 20
279 18
188 24
151 6
6 30
154 11
80 4
393 11
334 29
186 21
330 24
401 10
57 19
334 8
395 22
401 32
182 12
281 25
199 32
70 21
401 7
71 4
263 7
410 12
187 27
53 9
419 1
430 15
163 23
418 18
224 30
345 21
201 1
125 12
260 11
456 28
473 30
491 27
340 13
35 6
347 7
98 25
39 31
91 25
141 28
462 1
178 26
121 2
135 2
481 26
496 12
258 28
165 20
55 12
500 29
86 7
175 31
315 9
62 6
117 18
265 11
418 26
88 7
24 30
488 8
320 19
144 13
450 28
176 4
368 32
444 25
226 2
487 4
34 20
297 11
454 10
433 23
355 24
113 30
94 4
234 13
82 25
193 4
240 24
239 27
247 7
411 28
4 10
364 18
1 8
244 2
73 16
29 20
47 21
305 28
93 22
404 14
470 32
409 2
316 24
168 14
34 15
386 5
32 9
130 20
112 17
338 1
400 14
112 7
6 4
86 26
158 10
124 7
289 24
336 32
383 4
370 12
286 23
157 9
207 6
200 14
11 17
2 22
254 1
356 32
381 30
209 30
487 32
16 15
420 12
83 6
59 28
70 32
410 2
12 16
215 3
285 29
100 11
135 17
251 14
464 15
135 9
224 17
60 16
100 31
295 14
281 9
337 22
400 26
279 15
65 29
325 5
218 4
487 12
129 26
397 4
424 4
320 20
356 20
239 19
358 29
340 22
89 8
191 12
477 1
102 9
314 10
242 23
54 28
438 2
21 26
329 29
217 17
444 17
28 18
231 21
418 3
227 18
450 21
197 11
90 22
319 19
427 32
137 12
344 10
217 16
259 18
12 32
46 27
252 5
340 18
161 25
404 3
466 30
8 6
484 13
311 26
351 26
418 7
421 21
412 18
476 18
35 16
349 4
294 32
4 22
82 32
446 5
255 24
42 26
425 9
358 24
31 4
177 28
46 21
60 25
438 19
330 8
374 27
255 12
278 18
5 11
126 14
48 20
213 17
141 2
318 18
225 28
57 9
295 30
201 6
262 3
240 31
314 26
121 21
133 19
30 5
313 23
438 12
238 23
153 22
140 22
79 16
317 27
320 7
440 20
168 13
362 3
496 32
372 4
300 32
218 25
344 19
188 22
242 25
136 26
155 3
215 21
194 31
220 9
345 7
384 16
64 18
123 31
125 14
26 4
54 24
104 17
126 11
234 7
68 17
465 18
347 15
158 4
414 21
52 18
388 8
474 15
385 20
361 9
145 14
136 14
129 7
299 14
234 4
325 21
105 21
226 7
171 11
343 16
112 22
46 27
33 3
301 21
170 21
277 22
46 8
216 7
3 2
484 32
249 8
240 25
300 25
304 31
199 10
258 2
391 15
160 28
25 4
192 6
324 13
360 26
84 31
100 2
440 19
25 4
243 20
393 22
80 28
68 15
45 2
440 3
480 12
62 1
115 14
50 7
426 1
160 13
483 31
299 30
193 15
314 11
87 30
181 14
253 20
296 29
425 12
435 5
391 29
113 5
102 10
295 3
71 10
239 9
416 29
179 25
212 8
395 14
49 3
315 29
175 23
301 11
402 23
59 24
83 19
148 28
333 7
266 7
248 13
159 24
393 21
124 20
32 18
253 32
297 28
232 11
234 20
273 19
471 4
278 29
354 5
441 18
71 22
292 27
414 7
186 11
491 1
114 23
30 31
454 6
138 18
148 11
421 5
209 15
456 6
148 29
466 4
347 21
497 6
207 27
292 32
421 7
404 2
9 17
104 18
259 25
351 6
167 8
30 31
366 17
64 1
294 14
304 28
66 29
481 16
415 13
367 27
259 14
72 15
202 28
80 20
472 3
70 23
54 3
13 31
288 25
284 1
458 3
424 7
91 28
146 21
28 4
43 26
133 11
404 14
494 8
498 25
266 27
455 19
369 4
441 16
248 16
440 1
15 11
79 17
119 28
110 14
439 20
136 15
470 15
256 3
226 29
132 31
171 10
365 20
405 2
47 8
381 19
208 3
201 14
500 3
213 25
169 7
464 24
221 10
46 17
100 28
81 7
466 4
169 11
495 29
136 25
429 28
231 12
115 8
126 18
454 2
426 26
341 21
277 29
26 23
93 10
298 26
208 11
129 32
445 19
301 32
367 1
300 22
420 26
29 5
379 6
87 20
456 15
44 16
191 6
258 24
47 23
309 30
170 13
482 22
263 26
46 9
66 17
226 5
110 26
382 20
440 16
143 31
246 14
330 8
107 20
423 1
346 15
111 11
371 28
481 25
77 22
262 14
222 31
478 15
93 27
22 24
30 8
130 7
201 3
267 8
398 13
164 32
272 6
110 22
69 10
275 21
467 16
490 4
374 20
222 6
382 19
53 24
406 18
38 15
141 12
118 10
345 29
485 20
259 19
109 3
36 23
176 27
122 25
42 20
336 16
17 26
210 22
481 28
251 14
426 27
174 31
133 18
175 13
485 29
63 13
260 27
180 23
101 9
303 18
500 27
461 21
208 3
438 4
138 16
57 7
135 10
105 15
451 31
235 31
64 26
232 27
248 15
461 8
415 31
45 19
253 26
135 12
176 16
351 25
315 32
227 9
341 3
67 4
313 18
282 28
451 13
402 30
127 6
249 18
125 29
12 29
150 10
41 17
421 23
341 23
150 7
36 31
101 22
486 10

