128
353 15
329 9
328 4
220 24
348 1
300 11
238 31
130 27
311 5
84 14
166 26
250 32
320 31
60 18
403 30
420 19
96 12
439 16
500 10
267 11
323 30
193 28
252 22
334 26
394 18
339 3
355 24
39 18
231 14
199 25
292 10
240 23
218 6
14 5
40 12
415 26
49 3
273 4
280 11
214 17
376 4
84 6
344 22
107 18
71 25
410 14
422 21
101 23
31 10
207 10
246 9
283 30
79 23
94 2
365 31
31 28
210 6
173 29
87 23
330 29
83 24
371 17
240 15
347 6
436 2
43 13
378 17
475 21
436 12
166 8
78 8
244 11
13 4
192 7
195 21
108 9
112 14
337 24
300 32
325 19
441 12
416 10
44 10
478 3
161 20
131 30
43 14
376 8
141 15
358 11
292 17
316 15
146 12
106 25
39 3
32 11
298 11
353 9
392 18
24 8
325 22
141 32
231 12
127 19
287 20
58 30
5 17
480 2
376 18
299 7
16 6
97 1
480 5
357 3
131 20
274 27
237 14
26 11
281 32
338 19
488 27
496 24
119 28
345 6
413 19
464 32
324 29
296 7
213 8
25 23
236 18
150 4
63 11
291 24
179 12
114 30
374 26
361 16
437 13
189 1
348 1
480 23
417 31
326 29
278 6
472 1
500 5
337 22
147 19
257 25
106 23
194 3
332 10
174 4
259 6
172 22
218 3
128 2
129 9
263 6
155 18
123 6
58 11
67 4
437 8
233 26
250 18
224 13
332 13
52 18
110 19
399 24
77 18
313 21
183 23
462 9
12 32
194 29
394 8
477 6
139 29
75 12
338 26
320 9
46 7
110 24
297 32
187 13
238 7
429 12
278 27
460 5
474 1
414 4
468 2
401 23
302 8
346 11
125 26
308 7
240 13
178 25
277 12
261 30
66 6
137 15
432 28
188 25
452 21
476 3
342 5
25 19
204 27
133 12
388 16
498 19
61 15
367 9
242 16
54 12
169 14
354 20
137 13
356 4
141 8
6 22
60 31
328 23
253 5
442 12
252 20
470 16
170 9
500 28
464 29
423 12
94 32
435 18
169 10
317 13
473 27
495 28
205 10
498 17
134 20
300 2
83 25
49 8
105 9
15 24
305 9
403 15
65 1
332 21
479 21
245 27
175 3
187 7
265 8
39 26
327 18
135 1
458 12
365 11
436 11
482 24
168 5
194 28
425 6
168 15
378 16
58 8
355 32
282 31
131 4
368 2
361 19
70 30
38 10
232 17
17 10
268 8
302 14
119 18
339 18
481 12
401 10
119 19
133 32
77 15
423 9
424 23
299 18
452 24
279 28
12 15
101 15
330 18
92 24
331 14
289 3
497 10
200 11
148 20
366 13
299 12
373 18
422 15
67 22
210 30
261 13
344 21
351 2
466 23
325 8
224 2
311 29
7 22
187 6
46 17
82 12
192 6
417 30
328 32
191 25
33 3
109 8
15 32
401 28
106 2
479 25
43 13
105 13
151 28
406 12
196 4
391 7
145 19
352 29
494 22
361 14
196 26
402 14
133 30
393 14
231 12
122 1
12 27
25 26
370 31
209 1
122 27
451 10
110 11
90 31
48 27
129 24
124 2
157 12
35 14
49 30
273 30
242 16
100 11
298 13
49 14
385 10
457 20
287 22
342 25
20 29
31 32
484 6
381 25
113 32
42 9
385 30
34 26
301 30
244 22
306 12
456 23
165 12
378 8
181 7
180 20
459 18
200 23
67 20
287 7
199 20
43 15
345 20
413 29
265 12
95 27
152 22
261 12
313 26
119 1
356 18
44 2
359 7
460 25
27 6
307 13
277 13
12 9
129 4
470 17
283 24
463 6
465 27
102 13
212 4
121 19
370 32
85 24
259 12
357 1
494 15
213 10
216 8
95 28
499 24
88 26
331 23
67 27
477 16
423 5
92 19
459 9
58 11
392 24
291 16
304 8
115 5
405 26
240 3
25 23
118 32
372 8
14 14
94 7
458 8
31 17
114 1
361 12
384 24
191 2
204 27
309 6
363 25
499 10
268 19
44 21
486 15
185 8
353 30
194 26
350 24
210 31
64 2
486 3
25 13
472 32
23 12
249 5
49 3
338 32
473 14
52 7
148 16
162 24
70 27
13 19
430 26
233 9
495 27
440 20
99 15
451 13
395 24
357 31
150 30
462 15
427 17
137 7
453 2
426 14
4 15
292 13
364 16
425 3
298 32
82 16
331 8
368 9
435 12
371 25
270 4
411 20
196 27
474 20
196 24
21 23
42 32
483 13
392 23
115 25
327 4
85 5
432 4
233 10
28 19
302 25
434 8
196 9
110 6
129 29
69 29
355 2
17 21
366 12
448 29
448 2
380 12
430 11
188 18
29 31
116 22
363 25
394 2
381 31
227 29
160 3
362 14
108 22
203 18
489 14
158 4
423 13
320 20
52 31
365 12
73 8
113 19
232 30
492 32
361 27
121 24
217 22
385 1
63 7
2 11
236 31
338 2
399 29
65 2
367 25
85 23
112 14
225 31
203 29
455 7
139 27
434 19
260 3
383 26
405 4
76 29
394 17
354 13
274 19
446 8
199 27
431 11
80 7
153 18
75 7
49 25
33 22
272 16
152 30
169 1
38 12
253 3
9 26
75 10
376 29
125 23
255 15
237 30
414 9
467 24
200 7
53 16
349 28
80 20
477 8
408 26
492 16
297 16
118 11
485 21
95 9
271 29
16 11
182 13
100 9
416 3
15 20
234 11
495 17
363 8
413 18
189 12
134 29
255 11
60 19
95 14
347 10
355 18
76 4
142 7
388 2
29 27
229 27
469 4
279 3
399 3
305 11
94 22
276 8
40 15
438 30
192 21
203 6
350 27
286 4
157 21
253 10
279 25
300 20
408 14
282 6
269 10
97 30
375 24
414 30
58 31
252 1
191 2
499 25
436 16
236 29
160 32
130 19
172 9
390 20
210 27
441 6
109 9
44 3
260 9
101 5
11 28
270 26
157 12
446 25
403 13
389 30
372 26
352 3
150 21
326 23
264 15
189 20
155 32
206 23
392 22
435 14
9 32
455 14
323 24
462 5
432 26
139 15
71 18
50 20
83 7
430 22
345 6
69 12
201 30
118 12
284 28
346 4
460 32
309 6
404 22
359 27
323 13
342 1
338 27
464 4
117 30
469 22
363 1
313 8
367 2
7 18
333 12
441 24
4 6
426 3
75 8
93 10
132 6
494 17
176 30
445 1
203 13
106 29
154 22
332 12
199 23
169 19
42 17
27 13
414 8
303 17
87 12
90 2
33 3
242 17
244 6
353 26
451 6
215 32
79 26
475 17
236 7
11 18
455 13
174 13
488 13
61 2
428 22
495 8
84 21
372 24
422 8
125 12
385 7
327 7
237 21
91 16
147 26
101 18
490 31
174 26
307 26
255 2
383 30
45 6
190 1
145 11
344 14
187 21
312 1
43 20
166 18
372 16
439 4
117 16
450 30
109 12
23 4
341 5
317 22
75 18
6 7
468 29
192 18
429 8
19 12
255 8
309 30
199 7
302 24
26 3
105 31
211 12
350 27
384 2
492 26
23 5
381 14
50 20
144 18
279 18
153 22
49 25
363 15
59 20
414 21
119 27
71 5
350 20
83 21
437 15
395 7
275 15
448 20
50 19
358 29
456 2
214 28
175 4
455 25
92 16
21 14
90 31
242 15
362 16
376 6
102 18
256 17
396 32
404 1
350 9
125 22
475 14
13 5
118 27
233 9
39 10
270 20
196 7
419 26
38 6
207 20
415 11
220 22
222 7
458 27
88 19
228 26
124 1
210 17
59 26
301 5
399 14
77 11
432 27
356 10
492 2
461 22
228 32
419 21
6 32
372 21
162 31
154 18
191 11
378 26
361 27
50 7
100 22
57 28
176 20
205 15
178 1
276 1
48 14
58 5
422 5
146 31
231 7
220 2
366 18
375 22
128 24
336 19
106 13
462 29
8 18
300 21
34 15
294 17
121 11
486 10
483 15
476 17
485 24
486 6
497 12
427 20
340 23
406 17
359 20
77 2
237 24
255 23
303 12
407 3
102 28
316 4
226 19
148 31
42 6
412 18
197 31
365 20
305 11
332 23
342 17
232 2
136 14
404 14
33 31
360 14
54 27
69 4
170 5
194 23
54 5
101 26
147 13
490 23
291 17
317 20
229 5
414 9
34 13
154 11
479 6
404 5
40 9
368 13
393 9
272 22
17 12
47 16
392 28
318 15
209 19
166 13
183 23
5 8
248 11
486 14
172 10
314 15
214 25
124 30
93 31
403 14
470 1
477 1
189 2
395 9
280 17
185 10
491 10
382 10
200 3
168 3
108 9
285 29
14 12
130 2
6 12
67 19
333 11
40 9
189 2
269 32
346 5
134 25
346 27
426 1
437 25
267 9
278 20
69 3
163 31
100 9
82 19
347 22
413 14
138 9
24 14
273 1
415 18
57 32
476 27
157 8
279 3
308 20
178 21
402 21
279 26
213 28
372 23
478 8
1 15
89 20
225 25
244 15
322 13
250 21
487 14
412 25
33 12
377 6
300 2
254 18
483 22
141 6
229 30
342 17
437 30

