128
165 26
177 12
314 6
174 3
429 11
173 1
76 26
358 8
99 30
62 14
419 18
448 30
399 23
434 28
115 21
496 3
206 4
91 24
125 32
366 25
7 2
209 14
131 11
421 30
472 26
171 18
187 31
368 9
185 9
436 24
177 19
430 11
454 8
458 31
340 27
187 18
64 16
279 22
462 19
479 1
237 30
175 23
268 2
212 16
46 3
103 6
282 1
308 11
108 17
17 15
291 32
144 6
451 30
104 8
325 14
196 29
231 26
187 6
115 18
302 4
249 28
234 10
140 25
116 4
10 29
46 20
40 18
358 10
463 21
253 31
394 24
51 13
374 14
326 12
339 7
500 19
235 25
116 30
329 16
325 26
68 19
342 7
412 7
448 18
363 32
217 28
203 11
232 8
208 26
416 23
388 3
133 2
203 5
348 11
184 32
73 31
246 18
209 21
316 20
87 18
411 23
137 9
273 21
189 25
130 4
379 13
222 23
491 32
463 14
306 14
213 14
396 31
143 16
467 22
463 25
191 21
207 20
338 16
400 14
312 21
481 22
249 22
404 15
477 7
280 30
12 9
12 32
303 10
215 25
316 18
174 6
254 32
185 3
211 32
468 22
168 32
63 21
353 23
359 9
333 31
315 16
483 18
455 13
183 30
405 26
51 22
208 20
162 24
247 4
180 6
246 11
366 4
319 26
126 2
103 22
168 9
6 6
94 20
286 20
185 22
478 31
472 13
243 1
428 9
356 27
406 29
10 19
261 4
45 26
5 15
48 4
63 21
25 16
68 26
487 25
204 16
339 27
500 9
11 32
273 30
238 31
319 31
5 27
427 29
168 7
195 3
307 1
471 19
116 31
493 19
143 28
418 13
74 30
266 16
49 6
301 22
420 7
385 21
49 23
325 21
93 28
283 7
128 14
82 12
496 6
198 2
473 31
322 22
236 3
481 24
329 17
422 12
252 2
376 24
468 17
368 20
72 3
311 7
108 20
294 27
317 15
444 25
310 9
38 9
204 18
181 20
150 14
483 25
259 31
53 6
411 28
137 26
274 19
180 13
190 18
187 30
168 2
498 13
395 3
226 22
404 22
481 22
359 7
306 17
173 30
194 19
130 14
64 23
129 12
488 6
421 10
28 28
304 25
417 22
412 30
499 15
251 19
220 21
145 18
77 30
87 26
252 8
303 28
323 7
263 2
453 3
335 16
122 22
356 6
39 3
383 21
434 21
219 21
241 32
382 13
33 21
142 12
36 13
451 26
227 13
19 31
247 6
10 13
195 22
110 6
336 21
122 9
125 1
274 18
56 3
238 28
327 4
223 19
324 14
72 2
90 7
433 9
148 14
409 6
363 6
427 27
10 5
467 3
93 32
204 4
451 17
439 25
320 5
491 3
390 23
397 12
357 5
20 8
326 8
49 21
445 24
387 7
228 17
293 32
149 28
171 19
436 1
227 32
473 22
102 23
132 6
46 8
30 21
195 28
344 27
44 8
422 30
446 13
486 22
172 30
233 14
436 29
302 27
128 19
380 29
341 27
79 10
202 12
302 16
315 25
342 22
284 28
491 14
264 1
467 20
166 20
129 14
72 15
264 11
409 23
427 9
357 9
338 18
317 15
305 27
283 10
193 6
113 3
295 13
215 22
164 1
313 32
482 24
426 21
434 14
239 8
286 27
69 7
4 5
261 12
367 27
305 15
313 26
446 19
146 20
220 5
40 16
156 1
267 18
469 8
267 31
412 21
5 32
379 4
68 16
315 2
386 4
197 10
241 2
157 2
153 4
398 9
260 9
417 26
486 30
430 25
296 17
361 21
376 7
308 19
230 7
228 32
298 4
165 6
417 5
127 26
401 12
114 28
280 10
389 14
119 22
222 3
362 18
215 21
172 14
31 14
348 27
369 29
34 21
34 3
410 8
20 2
35 29
469 7
366 17
432 13
379 25
251 12
86 5
181 1
190 7
10 6
321 26
34 31
467 4
157 8
79 28
185 30
160 5
132 29
213 23
361 27
67 23
387 24
427 7
112 13
481 6
6 14
351 19
360 13
458 12
192 1
191 28
206 30
232 1
78 21
103 3
239 5
401 21
24 20
43 19
296 8
108 17
177 23
191 32
479 25
51 23
389 17
250 22
146 18
134 7
278 12
13 20
256 2
493 11
93 3
265 20
410 21
40 30
35 6
473 13
230 7
35 22
319 21
415 4
266 32
39 11
283 19
410 26
316 6
20 8
289 1
147 18
9 30
136 31
268 12
407 1
187 14
467 9
226 1
173 7
429 23
237 11
113 14
305 29
400 8
40 28
460 31
89 28
76 28
214 31
36 5
340 26
414 22
430 19
38 14
185 22
16 9
233 13
270 5
261 9
212 12
60 20
190 17
343 6
224 9
460 19
29 3
184 30
308 14
284 14
419 8
15 31
240 3
415 5
135 19
30 19
326 17
370 8
237 20
281 13
120 16
71 8
243 11
293 10
220 20
395 18
395 26
424 10
8 26
495 3
364 28
341 10
464 26
205 13
273 29
365 9
428 23
244 30
41 21
72 24
464 30
102 3
79 25
196 19
67 26
433 30
417 9
471 1
186 23
285 14
215 5
54 31
435 6
164 28
186 3
439 1
53 28
359 23
269 15
69 7
96 29
468 29
477 11
245 6
317 9
324 20
29 9
26 7
26 13
290 7
128 21
64 16
472 10
162 4
328 15
130 32
435 14
140 16
240 24
73 24
264 8
291 12
125 28
106 30
209 20
417 24
328 12
367 23
253 12
243 13
462 4
60 5
321 7
308 8
82 8
320 29
480 10
340 32
278 25
457 14
44 1
25 19
204 11
374 1
122 4
93 16
339 24
480 24
350 7
71 27
370 30
479 29
500 30
156 13
466 25
318 2
337 30
84 5
436 29
201 29
424 17
140 7
296 31
274 5
109 28
427 19
86 21
179 1
426 11
65 7
299 6
252 27
427 28
231 10
292 3
418 24
427 18
330 26
28 27
218 21
298 28
467 15
252 21
171 1
183 27
420 1
320 15
172 2
358 26
107 2
185 17
69 15
286 22
185 17
204 6
153 5
398 11
88 17
468 2
178 30
493 25
483 28
471 26
410 17
407 8
34 15
96 10
406 25
203 6
46 14
491 14
110 12
169 5
241 24
455 14
137 3
218 19
462 12
476 27
72 31
91 13
177 26
58 10
419 20
171 28
369 26
13 19
253 1
27 1
20 29
262 13
279 19
127 29
371 11
315 26
337 25
399 21
295 28
95 5
420 13
28 16
130 8
118 11
277 25
227 32
125 25
452 20
171 11
200 9
385 6
187 29
123 9
85 17
392 15
481 19
148 20
451 1
103 4
215 3
212 22
175 17
134 14
296 24
408 19
49 12
360 3
364 22
171 25
250 14
331 26
225 2
293 3
459 8
242 13
126 2
466 12
494 15
130 21
107 17
135 7
181 30
389 4
328 19
344 25
472 3
11 32
4 31
370 6
402 8
339 16
417 20
31 26
107 20
402 9
49 20
367 1
381 23
124 4
165 32
489 8
142 15
184 5
153 9
311 19
164 29
434 24
304 28
45 18
476 30
474 20
333 8
456 2
446 23
125 6
398 1
450 23
315 21
36 28
185 6
226 13
346 15
484 17
474 21
411 25
326 28
176 3
224 31
76 1
62 8
335 11
17 20
350 23
416 29
150 4
434 31
4 3
385 20
279 23
16 21
11 25
425 27
351 20
169 30
20 14
330 26
41 14
489 26
28 20
330 22
208 23
404 7
245 1
50 11
351 1
64 5
110 16
399 20
487 24
238 22
1 23
64 29
264 28
134 7
308 11
320 7
77 16
429 25
216 7
196 6
395 3
130 32
98 9
316 20
448 5
145 4
471 24
341 30
260 22
376 3
289 32
285 1
271 21
390 30
191 29
403 2
195 12
293 16
412 20
79 19
12 11
11 18
283 23
67 22
28 19
460 12
490 32
237 32
308 6
97 15
62 31
140 32
382 16
251 30
392 17
208 27
255 6
237 29
272 27
430 8
449 9
171 30
336 31
197 28
384 25
346 5
143 25
404 1
268 18
374 11
186 13
414 29
151 18
477 14
156 11
73 25
499 8
42 27
2 19
182 10
235 31
34 2
215 18
106 30
443 31
493 5
411 14
69 29
407 25
335 10
155 31
18 22
354 24
192 12
2 5
445 20
103 2
465 25
415 22
2 22
252 30
338 31
251 26
223 9
302 5
71 21
316 20
166 9
499 25
376 20
433 8
88 31
150 28
55 28
326 12
125 5
402 10
239 20
367 30
161 21
222 15
181 5
170 18
58 13
54 1
372 6
457 7
224 18
363 26
373 20
185 30
116 14
459 27
442 10
372 30
198 25
36 6
482 13
75 11
77 32
175 25
465 19
259 8
440 1
317 17
364 5
162 12
291 20
38 20
149 29
37 26
353 28
75 18
480 21
224 1
128 7
209 24
85 23
131 29
292 31
41 11
152 26
338 22
25 27
377 10
135 25
371 12
336 2
173 27
298 25
223 10
499 19
221 23
250 32
311 1
150 31
399 1
256 1
446 5
463 30
306 18
234 16
437 9
473 25
236 7
209 30
400 15
93 16
142 26

