128
217 29
144 30
175 24
269 29
263 1
438 8
258 25
309 31
141 32
416 12
307 5
117 12
128 7
178 7
84 24
488 28
469 15
33 27
238 5
235 12
465 28
471 11
320 19
393 8
394 16
436 5
193 28
36 20
302 9
62 21
453 13
36 21
383 9
415 1
221 5
472 18
173 31
260 20
425 4
156 3
163 15
223 7
346 22
175 12
323 20
384 31
489 16
399 27
340 1
343 4
313 7
449 5
461 16
33 21
211 20
407 6
130 29
228 11
91 6
474 17
342 22
391 26
481 1
404 28
305 15
83 5
117 20
158 25
239 2
165 22
229 4
175 22
52 6
184 18
156 22
258 5
219 16
382 15
140 17
222 16
87 8
265 19
335 30
131 30
463 24
375 19
219 13
400 26
302 7
116 29
92 13
9 6
373 30
212 12
379 29
160 13
237 16
20 31
49 10
348 11
149 14
405 27
122 4
489 12
238 32
84 6
328 9
343 8
186 31
64 20
339 15
381 31
498 32
350 10
253 25
260 10
271 16
120 32
467 24
19 28
415 19
237 3
399 12
442 32
486 29
500 4
79 20
251 8
131 32
473 27
500 4
136 30
247 8
366 5
67 8
121 22
190 1
76 20
288 1
376 21
226 7
97 8
106 27
232 12
2 32
322 17
140 10
123 22
417 12
303 15
75 27
316 13
131 27
408 7
112 19
43 25
157 19
492 18
189 15
349 6
131 3
395 18
332 5
7 28
208 1
82 2
435 14
102 22
344 14
336 3
144 22
143 25
369 27
266 21
61 7
303 23
489 17
312 20
65 15
271 4
331 24
109 10
453 19
183 13
424 26
103 31
99 10
71 23
84 1
80 12
155 6
187 15
430 10
166 10
20 16
321 7
139 17
320 12
491 14
240 2
75 6
333 21
291 23
344 18
443 23
370 29
8 32
91 17
109 12
134 1
43 6
183 2
382 22
125 25
207 4
490 9
57 26
157 24
429 8
425 7
126 6
320 25
53 14
421 14
18 2
142 20
7 20
241 29
29 1
465 11
80 14
219 13
480 15
40 24
227 12
130 20
462 1
337 22
211 21
379 8
163 16
139 29
47 16
261 11
448 13
13 20
235 7
368 2
310 3
473 12
222 22
91 31
403 11
49 5
36 23
192 22
299 6
70 9
413 11
124 5
259 8
240 17
71 23
58 4
217 10
267 6
484 13
473 22
136 25
202 23
151 5
72 21
426 29
498 31
323 17
51 30
460 26
426 6
100 32
261 8
365 23
105 8
88 17
437 27
301 22
97 24
86 28
104 4
308 9
54 31
73 4
64 17
97 9
414 12
472 31
363 17
53 31
388 24
248 21
214 24
166 2
203 4
329 27
467 21
259 8
119 28
475 14
216 7
170 1
470 30
155 4
182 20
2 5
199 17
245 29
149 3
426 23
14 27
9 12
243 20
351 1
451 29
42 26
99 3
146 20
408 25
103 13
360 24
10 22
353 10
26 17
16 16
407 17
410 24
360 24
35 14
364 25
386 5
2 12
319 11
255 7
299 21
167 14
461 4
420 21
134 21
369 25
248 11
382 13
42 5
160 12
303 27
412 28
131 21
228 6
412 6
28 2
191 30
72 7
74 19
167 15
287 31
59 11
13 16
395 11
33 27
482 7
429 26
226 20
158 9
361 13
287 4
335 9
137 30
331 2
248 9
268 22
235 23
420 15
118 23
153 26
221 15
336 5
380 2
60 21
218 16
162 24
363 16
184 20
253 14
61 28
362 5
385 28
359 17
195 32
119 3
478 23
185 25
339 24
78 19
157 4
374 14
3 21
17 27
236 9
200 28
120 30
476 20
361 26
160 3
162 10
106 19
320 22
451 27
410 5
261 26
28 14
87 2
222 3
68 9
75 4
253 14
33 4
49 25
266 5
300 23
190 1
65 14
250 19
20 3
247 20
428 30
117 2
156 3
320 27
295 14
342 15
439 30
331 28
119 16
400 18
374 13
26 14
450 7
156 1
286 23
304 5
380 21
431 19
111 10
258 1
144 11
8 18
325 2
421 31
285 12
64 22
113 1
447 18
67 2
235 16
208 6
269 12
310 27
122 16
448 11
29 27
34 32
25 30
373 25
4 17
469 11
166 29
7 8
494 17
417 32
277 1
118 21
212 31
243 9
199 18
268 31
133 9
262 25
10 30
305 1
494 21
431 19
353 21
474 31
361 2
426 5
366 3
33 13
322 7
466 16
169 9
246 5
385 11
161 22
344 13
110 21
238 32
199 18
328 32
492 24
413 14
177 3
312 21
207 17
336 4
4 20
108 13
156 28
459 20
89 30
280 6
490 1
89 24
163 24
211 2
456 24
423 12
106 31
192 8
219 27
188 15
30 23
471 5
139 18
352 3
435 24
277 1
204 13
316 10
133 15
372 20
354 26
71 31
380 30
122 7
289 17
321 6
456 15
207 26
424 2
172 15
393 4
135 17
313 6
314 21
180 5
384 25
183 6
343 22
67 29
12 27
477 16
377 20
327 11
377 30
344 9
460 5
348 26
37 28
248 14
308 19
387 23
312 17
496 2
482 31
470 2
121 11
177 25
82 15
135 11
457 15
359 24
419 30
66 7
70 17
156 9
239 6
420 14
314 27
56 28
181 13
141 18
175 13
354 21
376 13
215 8
319 17
451 13
334 16
43 7
328 6
132 3
444 15
320 1
317 31
404 2
252 24
3 2
65 28
182 32
196 20
123 2
24 5
454 18
441 32
112 20
398 7
38 17
145 6
97 30
436 13
163 15
396 17
317 8
224 6
103 20
450 13
285 29
150 3
34 6
438 6
61 7
240 15
27 1
12 8
198 23
328 28
338 23
228 22
239 23
355 5
222 20
418 31
129 3
449 30
360 2
159 32
425 15
370 31
135 1
278 12
180 25
395 29
384 18
22 14
424 12
314 18
180 3
356 16
149 16
173 12
41 16
280 25
82 25
268 12
234 29
251 17
206 29
281 5
118 30
414 21
29 3
390 8
458 21
219 10
400 4
318 21
223 1
257 16
97 4
371 18
125 17
94 22
117 14
122 26
27 11
478 20
261 20
115 18
316 18
28 12
225 17
360 7
441 12
454 9
344 16
219 16
296 28
1 12
38 30
349 20
156 18
119 20
249 2
338 13
419 1
132 7
61 23
293 1
310 2
93 17
273 3
324 16
327 4
183 8
445 31
279 8
208 2
220 21
335 1
373 21
125 24
99 17
198 7
241 15
340 25
12 24
348 31
31 26
11 1
389 3
95 27
259 14
268 6
462 30
90 2
58 6
189 12
102 6
102 6
245 25
378 20
256 25
442 22
398 20
202 18
259 20
157 1
302 8
50 3
230 11
449 23
204 29
499 5
227 20
350 23
393 7
78 28
452 27
138 17
323 7
339 5
135 15
301 28
122 10
50 27
488 2
342 3
487 20
199 1
439 16
35 19
126 32
183 21
334 32
130 8
158 8
88 32
166 16
431 11
89 25
490 12
330 23
470 24
170 20
380 16
67 14
495 25
377 17
121 7
496 18
218 21
421 26
1 14
397 15
77 2
115 30
413 1
248 27
464 29
402 16
80 17
109 14
13 10
250 21
400 13
87 29
454 31
126 22
149 31
88 5
8 11
494 12
499 21
154 2
361 20
157 28
376 14
366 12
455 7
224 6
64 6
174 21
21 24
174 17
322 13
97 21
463 22
452 1
330 6
127 26
365 19
333 28
252 30
331 22
17 6
263 24
68 29
300 16
88 21
460 9
85 20
441 24
145 28
212 18
201 26
219 25
325 31
8 12
453 26
486 1
96 28
252 11
36 3
306 11
227 25
383 23
172 15
210 20
419 6
493 11
315 15
388 11
465 23
67 9
437 24
237 16
151 32
398 11
390 19
161 24
319 8
279 22
70 28
9 32
113 13
163 32
415 14
418 7
296 32
148 20
387 24
115 10
224 28
224 25
418 8
433 24
131 31
77 5
50 21
392 27
437 14
442 27
455 3
82 31
195 17
334 25
464 21
470 31
16 21
4 30
281 8
21 11
146 2
463 31
34 19
209 23
260 18
25 27
361 18
317 23
38 10
487 10
302 17
40 14
353 31
103 1
330 31
396 11
72 26
22 22
64 2
428 12
84 28
390 8
410 30
202 15
207 12
300 5
348 32
30 1
86 28
37 4
106 12
242 26
494 23
283 17
197 26
84 12
13 1
427 2
30 16
221 5
19 8
449 23
63 26
271 5
461 23
416 14
295 21
447 8
272 21
48 4
142 20
451 3
456 1
76 18
356 20
74 10
20 30
92 2
499 22
82 11
225 13
80 15
6 31
10 13
107 13
448 1
40 30
403 20
126 6
333 13
478 26
58 21
427 22
430 13
215 28
87 23
360 14
161 9
44 26
345 31
431 4
251 6
393 1
317 30
334 29
202 31
406 32
11 12
113 9
460 31
304 14
470 11
416 26
232 7
4 8
461 26
72 3
255 12
215 24
38 9
424 19
211 10
202 26
13 6
14 13
345 5
222 26
331 21
147 2
448 6
490 32
287 21
119 30
80 5
465 9
233 8
208 20
69 13
17 6
427 14
258 23
198 11
436 32
116 2
90 27

