128
133 9
279 27
265 9
104 4
279 23
76 29
143 25
431 12
13 9
54 15
289 12
50 11
36 10
250 28
219 10
145 16
399 16
458 23
24 26
326 22
200 25
47 27
246 29
202 18
25 27
416 29
175 13
152 30
446 25
349 21
486 2
220 20
269 13
399 8
442 4
297 22
329 15
336 14
23 21
183 15
348 30
64 22
266 19
231 32
171 12
432 12
425 23
392 29
179 10
336 9
365 32
114 9
179 13
470 25
189 20
452 16
453 19
409 27
285 24
486 15
423 13
110 15
419 25
39 5
494 14
421 15
209 10
255 27
186 13
292 23
80 27
114 17
461 11
307 17
14 4
199 4
60 24
282 18
365 28
426 18
249 3
68 21
232 23
48 2
103 3
496 2
433 29
418 9
131 28
341 8
219 23
431 14
50 28
255 30
87 21
124 31
379 15
144 2
69 3
379 7
381 26
57 1
335 26
261 29
402 1
313 20
491 15
250 4
159 32
158 1
36 17
432 10
27 19
228 4
469 14
470 25
184 18
365 30
352 1
334 1
77 30
224 23
241 21
458 23
329 27
347 8
99 22
334 10
56 29
73 28
370 22
224 17
420 12
422 19
64 8
375 12
253 6
58 17
275 28
95 15
482 30
170 1
423 7
58 27
415 22
2 13
375 10
337 18
165 11
64 1
366 22
72 22
240 14
315 22
497 13
468 30
54 25
262 29
492 7
307 2
152 12
42 7
237 11
172 10
341 28
334 6
377 21
27 12
386 1
481 10
454 4
212 23
437 5
39 28
496 9
185 7
357 11
377 9
309 5
198 9
136 27
58 16
288 8
480 17
129 28
407 22
260 2
144 28
294 31
475 17
379 19
140 27
441 4
32 17
416 21
101 7
112 6
267 31
446 18
275 22
409 9
211 12
150 22
215 16
388 29
436 27
52 23
205 12
443 24
93 2
317 21
113 28
55 31
178 8
476 8
277 28
485 7
404 26
192 14
281 16
11 9
198 26
291 30
257 25
490 1
443 2
246 3
233 16
285 22
3 16
65 19
495 13
117 18
387 20
220 15
239 10
235 12
495 22
190 7
462 31
452 8
336 29
310 28
200 10
181 2
57 13
332 4
498 12
153 32
107 20
402 2
453 5
485 31
14 22
50 7
56 13
231 19
401 24
162 20
338 30
5 26
439 8
297 4
135 18
171 17
321 16
290 2
208 31
72 13
152 5
48 8
325 2
302 25
169 8
28 26
305 32
400 15
219 16
382 25
145 20
298 6
124 27
443 23
65 6
404 13
339 23
128 27
228 13
240 16
244 31
254 25
151 29
495 5
200 25
74 13
280 7
366 15
309 24
86 26
25 9
442 7
291 25
378 22
349 21
117 25
235 14
493 17
226 23
254 22
67 19
326 27
49 19
249 25
202 14
82 6
174 23
293 20
443 14
185 20
138 14
236 20
375 28
109 5
418 26
230 1
392 27
183 4
97 3
148 22
469 14
375 6
104 7
458 19
188 2
42 21
295 17
401 10
60 13
122 29
74 7
165 17
257 23
108 13
130 15
354 10
188 28
91 32
247 8
42 22
394 23
463 24
63 19
209 18
223 14
302 4
32 11
316 20
313 7
344 26
381 1
391 17
277 18
212 31
233 1
160 2
39 30
166 29
336 26
74 14
56 27
409 27
341 4
431 6
350 14
299 31
323 2
151 11
23 30
325 11
466 28
381 20
310 6
456 9
271 29
407 6
107 7
469 28
391 15
305 20
24 31
470 10
144 32
148 18
333 28
125 26
308 9
153 17
254 28
113 12
340 15
54 15
186 18
98 32
272 10
315 27
356 5
493 8
256 24
369 1
464 21
90 11
201 7
91 10
406 19
330 26
74 7
44 23
108 17
334 23
394 8
173 1
136 21
452 16
157 1
184 32
369 9
242 18
219 4
375 17
386 16
222 23
290 17
69 13
109 2
275 26
402 20
454 21
316 2
132 20
282 19
443 22
292 28
219 10
367 2
486 21
149 3
63 7
27 24
335 19
385 22
488 2
261 6
27 16
51 26
400 8
325 22
333 8
378 4
477 16
349 11
348 21
225 15
139 32
246 14
386 30
287 30
268 11
19 22
326 9
303 29
456 27
271 12
94 4
43 19
447 19
237 23
444 9
409 2
64 10
407 26
135 17
175 6
443 25
399 21
317 10
197 16
32 3
411 6
170 10
252 25
400 20
263 3
152 19
425 4
176 19
165 2
376 19
416 30
87 2
438 11
367 3
26 15
157 20
80 11
445 11
295 25
170 17
187 25
431 31
36 30
146 24
119 21
242 6
190 20
348 4
434 18
318 23
168 10
99 19
4 7
77 22
387 26
410 26
67 8
240 14
149 9
6 4
257 15
301 15
279 16
130 32
418 23
375 1
124 1
332 20
15 16
481 6
6 15
31 28
82 22
229 27
7 14
498 27
185 6
413 31
2 26
378 23
192 20
355 16
224 10
147 27
298 11
196 3
17 30
430 15
199 6
181 17
244 6
172 16
179 20
242 32
330 11
450 29
223 13
40 18
194 14
240 15
165 11
349 17
364 14
131 27
288 7
119 7
340 22
162 23
78 3
50 23
225 12
131 11
8 31
97 13
208 8
396 4
123 12
405 26
374 19
400 13
50 31
395 5
364 8
111 29
310 17
199 22
216 6
481 19
352 29
275 15
264 26
431 22
414 7
224 31
73 3
299 18
197 29
215 21
100 17
353 13
189 4
442 28
85 2
126 12
202 13
346 2
422 12
203 11
314 6
473 11
253 19
360 9
167 18
213 18
251 14
26 3
173 32
195 25
93 12
396 31
424 29
260 30
221 22
32 26
240 17
272 4
331 32
144 18
57 9
467 19
478 1
98 6
312 20
258 32
315 1
198 23
245 29
436 5
271 27
203 14
27 2
205 14
457 28
59 18
408 1
172 25
369 25
386 32
264 27
436 11
147 29
169 24
294 20
60 12
126 26
277 25
88 9
214 28
180 4
409 8
148 17
176 5
201 30
400 21
56 3
395 19
24 31
446 25
370 5
436 31
471 28
351 26
44 28
453 7
187 2
366 3
442 14
55 26
455 10
310 2
345 12
212 12
470 29
388 27
366 7
38 32
386 16
245 5
452 13
355 10
410 25
324 31
114 18
197 16
388 6
77 8
210 5
99 27
149 22
370 2
160 15
53 29
146 25
325 9
198 11
87 19
251 30
310 8
344 10
283 11
11 8
462 32
352 4
103 12
249 16
70 20
82 14
304 27
123 16
176 12
158 22
426 29
227 15
476 2
92 27
300 7
322 29
26 13
24 32
228 24
303 5
31 12
271 26
463 25
313 10
64 3
455 1
231 17
428 2
103 7
168 30
473 29
367 19
217 26
478 1
366 1
93 28
16 23
434 18
459 30
171 18
420 25
215 30
158 2
60 28
12 27
365 21
420 19
335 32
325 24
432 30
296 5
289 4
91 14
345 10
24 16
423 11
492 13
445 17
482 8
112 22
434 5
182 25
59 16
341 3
31 24
424 31
148 25
342 23
490 22
140 17
405 26
308 13
255 4
249 20
459 9
433 12
337 18
97 3
333 29
130 8
60 5
246 16
321 7
150 3
476 5
175 1
406 14
129 4
85 9
100 27
237 32
287 29
350 11
172 18
171 5
101 26
205 30
141 6
284 14
188 32
134 26
492 16
196 12
51 24
348 10
27 5
386 25
361 27
399 32
472 9
184 5
354 13
122 11
118 6
488 25
369 10
370 4
13 25
183 11
197 2
417 3
170 30
239 7
92 29
266 3
409 10
339 6
42 9
108 7
218 8
167 18
69 16
149 9
453 3
495 25
64 7
75 10
64 21
468 27
153 21
70 21
34 4
26 19
220 10
289 25
433 23
374 1
343 30
433 15
204 27
147 4
42 1
205 5
237 28
464 5
404 29
5 14
292 18
68 12
15 25
300 11
163 14
151 21
195 19
151 11
214 9
370 15
221 26
63 29
245 18
401 4
58 25
141 14
435 17
65 5
65 28
100 23
37 26
84 20
37 14
334 26
235 11
356 31
128 26
116 24
296 28
223 25
421 12
406 31
424 30
7 4
334 18
214 2
60 5
305 24
383 18
197 9
44 24
275 31
173 2
246 28
110 17
173 18
36 26
88 23
400 18
298 17
256 19
306 15
160 7
262 10
452 22
362 20
213 24
370 29
230 8
205 23
288 13
72 19
158 23
485 29
456 2
493 11
144 31
377 11
261 30
196 28
447 5
411 31
397 1
396 22
100 20
316 31
32 19
413 5
397 25
450 16
30 14
267 13
92 19
476 16
281 11
268 3
432 26
238 12
162 29
157 1
288 12
351 15
62 15
359 6
363 20
13 32
102 15
417 13
274 4
249 18
266 8
484 29
397 21
80 27
409 8
23 32
59 26
14 16
340 1
429 15
384 10
298 21
424 26
30 25
309 30
454 11
145 30
475 5
362 15
451 3
142 26
318 9
199 16
172 26
408 13
296 3
246 22
128 13
159 25
218 12
286 15
246 26
460 28
470 30
126 29
296 32
394 1
320 8
296 31
333 31
295 9
198 32
74 25
61 12
333 18
403 6
300 12
47 12
220 28

