128
7 20
340 32
180 3
429 30
7 20
54 9
222 31
288 24
457 23
266 6
47 20
240 14
276 21
21 22
340 10
18 6
22 17
38 17
119 2
219 5
173 16
258 18
87 21
409 31
471 2
364 29
442 28
231 29
496 7
206 19
5 27
385 14
283 30
78 29
91 12
230 19
272 15
8 10
235 13
252 13
294 12
74 3
71 20
155 22
54 16
105 10
286 1
139 20
114 21
321 28
216 18
318 27
388 17
196 2
445 12
178 11
267 23
177 29
406 12
106 4
395 26
221 5
402 4
452 23
428 8
422 23
173 31
334 24
268 21
33 12
32 7
302 22
313 3
486 7
14 4
30 8
153 22
292 23
313 4
273 16
367 31
87 4
137 24
451 12
4 20
468 12
46 13
333 22
451 19
428 28
262 5
224 18
411 15
172 19
110 21
315 29
343 9
16 15
24 26
235 11
301 18
414 6
26 23
408 13
269 23
292 30
348 11
147 22
382 23
332 11
467 10
319 29
102 6
491 17
152 5
4 12
482 17
2 20
15 13
336 15
299 7
164 30
494 27
107 11
481 27
69 27
288 28
311 22
73 1
366 32
82 1
380 27
138 29
422 24
345 13
287 11
236 18
141 5
112 27
307 28
37 3
242 25
114 12
418 31
57 19
114 18
4 9
200 5
77 26
496 13
230 2
416 25
84 32
45 31
6 11
139 15
430 16
71 11
136 20
285 8
474 7
329 25
243 4
321 20
353 25
240 3
450 23
399 13
414 24
228 16
498 6
166 15
449 4
26 16
427 2
275 28
208 15
81 23
335 17
122 15
421 9
269 3
220 12
403 21
315 26
404 4
199 1
295 20
8 12
83 26
481 26
186 21
312 10
343 26
370 20
333 3
176 25
13 27
324 19
380 6
249 19
154 11
56 28
298 23
471 1
497 19
90 6
195 1
151 17
399 8
352 3
14 32
35 14
126 31
293 9
200 13
492 13
191 15
4 21
109 14
73 21
129 14
342 7
414 8
212 8
216 27
394 25
294 5
107 20
491 7
128 6
291 23
395 9
17 26
25 10
76 17
286 8
110 24
378 12
471 5
187 14
4 29
119 25
65 13
68 3
475 8
96 5
18 26
301 3
92 10
216 27
274 9
370 24
480 15
259 31
188 21
340 19
229 18
339 17
34 23
199 16
306 27
476 27
488 1
61 7
102 8
245 3
129 2
462 16
65 28
410 4
369 26
294 1
59 32
94 9
390 4
452 19
290 12
370 18
56 10
356 21
410 25
235 2
270 17
349 10
268 31
289 28
212 2
289 2
66 14
66 23
377 2
2 15
297 23
444 24
356 23
360 17
455 2
6 9
142 3
410 30
465 31
101 24
132 21
297 1
122 3
4 19
232 1
165 16
431 32
231 22
462 18
403 5
35 24
493 5
262 30
290 26
304 26
253 28
131 10
336 16
412 19
250 15
47 2
22 9
225 4
263 23
193 5
307 7
424 7
107 22
256 12
115 32
490 32
199 20
417 22
371 20
225 5
322 27
238 31
248 7
446 2
353 22
378 23
216 1
161 7
190 32
274 5
327 23
172 25
234 12
263 13
119 23
429 32
109 22
134 20
332 31
69 24
216 26
194 15
451 10
309 16
474 7
296 8
345 23
29 7
406 15
387 32
129 3
315 21
332 28
297 20
26 29
347 13
15 25
376 17
450 16
456 11
118 20
75 19
70 19
245 12
97 11
203 5
445 10
313 4
317 1
439 31
326 2
287 20
382 6
156 27
50 3
106 11
66 24
481 32
486 21
315 10
207 21
10 11
386 6
131 3
283 5
249 4
58 11
151 31
49 26
474 6
268 31
116 18
110 13
321 31
25 27
380 32
3 21
86 13
62 24
295 32
137 15
155 2
429 25
337 9
462 26
130 14
240 30
267 13
194 15
147 10
73 18
153 23
266 19
19 31
306 17
375 6
59 1
340 24
186 8
168 11
337 14
80 24
395 22
128 20
136 14
9 12
151 6
339 4
252 5
94 1
22 32
499 20
349 14
419 26
365 11
384 21
88 28
480 2
365 15
273 21
232 17
412 26
294 2
297 13
107 30
454 28
210 20
207 30
493 26
147 21
416 26
261 27
197 20
336 6
50 16
414 29
92 25
162 22
75 18
282 1
51 15
160 12
390 10
21 2
195 31
90 6
49 30
464 13
293 27
10 18
110 11
122 10
100 3
439 30
92 32
58 3
159 25
106 16
138 23
282 5
497 7
146 13
425 10
494 21
464 11
411 14
278 20
127 25
19 21
254 10
488 19
456 2
231 26
398 12
40 3
404 4
253 26
285 13
215 10
246 6
132 8
103 9
391 9
489 17
497 22
223 17
256 6
334 18
91 3
58 14
113 13
370 14
214 2
394 8
431 27
106 30
498 32
27 29
141 7
1 5
461 7
473 4
401 7
406 11
241 19
325 14
275 10
71 5
199 20
268 21
159 25
394 16
285 24
248 1
287 25
413 27
471 26
314 11
44 19
66 8
33 14
341 4
287 15
500 1
79 19
465 17
492 6
244 4
130 12
52 28
240 8
366 2
201 19
285 32
102 2
380 10
443 28
145 5
335 20
65 13
411 25
1 18
90 28
381 27
439 24
338 10
247 11
92 32
86 24
395 3
429 6
24 7
346 25
303 12
312 15
444 18
99 20
327 4
391 23
259 22
490 20
359 13
3 10
388 28
177 10
126 25
408 9
179 17
169 9
136 13
199 19
54 29
226 1
337 20
87 31
149 5
42 8
17 16
309 28
483 18
37 8
442 20
461 9
48 17
453 31
109 8
465 27
152 22
395 4
10 17
434 18
261 20
165 5
371 10
32 14
163 5
313 4
364 5
428 28
254 29
298 18
236 11
228 7
156 6
79 9
307 12
323 11
191 19
196 2
164 15
415 22
499 3
134 11
204 5
478 29
293 31
170 4
241 26
471 9
223 21
61 21
264 11
448 31
426 15
16 25
73 14
119 16
212 8
286 23
164 31
371 13
389 1
188 6
494 26
26 24
58 30
97 14
173 12
276 6
390 11
390 22
424 12
385 7
111 30
402 31
432 16
83 25
16 26
450 9
280 11
77 1
116 13
158 16
420 25
89 17
427 19
122 26
338 11
189 17
28 30
75 4
213 25
132 29
278 25
441 5
259 5
246 10
393 19
14 8
40 14
472 14
432 30
20 30
304 8
70 15
149 28
142 17
152 13
293 5
205 18
338 7
306 15
41 7
189 10
214 12
359 6
398 23
483 1
264 10
328 1
468 12
328 10
188 15
234 9
259 27
418 28
105 15
30 17
273 11
254 3
150 17
376 15
459 10
315 26
495 22
54 10
469 21
423 29
211 9
341 21
447 30
417 3
184 26
252 1
368 13
295 26
321 10
416 3
379 23
500 5
76 21
186 13
137 1
53 11
117 13
168 11
2 16
465 21
85 32
493 13
73 23
174 9
160 13
24 18
171 7
262 15
428 4
143 4
260 3
115 12
439 14
290 24
69 2
476 5
174 1
457 14
107 22
342 23
219 1
156 5
388 30
339 3
69 13
82 4
27 20
407 29
329 4
256 29
153 32
50 6
200 18
275 22
488 9
276 10
481 20
298 16
53 1
386 17
321 24
152 28
367 2
164 12
105 12
444 9
3 9
287 10
203 1
211 2
177 11
247 18
122 24
229 14
384 19
146 5
286 17
404 20
206 23
51 22
190 7
418 12
43 12
245 9
265 20
138 21
146 20
154 27
132 7
144 3
349 5
71 2
289 6
341 6
97 20
155 30
90 24
478 8
128 30
229 16
381 26
388 14
454 10
496 25
424 15
451 8
483 2
461 7
51 29
468 3
44 6
433 9
398 10
117 1
335 1
120 24
414 19
93 7
48 13
303 11
431 26
298 14
479 26
388 1
411 32
28 6
181 4
439 2
73 31
306 19
103 17
122 24
284 15
87 31
7 29
6 21
494 27
202 16
413 22
205 11
297 20
128 25
395 30
407 3
324 28
225 26
489 31
146 16
413 16
454 7
472 23
207 2
114 29
141 6
202 1
52 6
280 31
326 10
301 24
140 24
148 1
254 32
63 3
111 11
482 28
97 29
227 11
270 4
415 15
69 24
459 24
465 3
2 27
412 18
78 24
278 5
120 27
64 22
281 18
212 14
90 16
214 32
314 8
7 1
246 11
48 4
398 21
294 23
7 18
53 32
109 18
13 32
212 8
113 8
102 20
457 7
483 30
210 28
357 8
228 26
142 20
158 19
140 3
289 22
8 17
81 28
374 25
47 13
21 15
280 26
334 8
16 4
258 5
316 10
292 27
68 29
170 1
175 21
379 23
306 23
8 31
206 9
331 13
318 23
115 9
176 29
185 15
320 22
119 31
259 30
382 2
194 7
254 8
212 5
183 5
371 6
107 12
422 26
32 3
344 19
40 32
299 28
414 14
369 1
105 15
442 6
305 24
36 18
207 7
42 29
468 16
282 14
340 16
215 19
146 23
369 29
430 19
112 3
285 8
227 13
311 1
374 7
360 29
24 22
212 14
159 15
181 20
456 24
347 3
95 21
81 15
381 14
482 9
408 2
324 19
358 6
7 31
100 10

