128
145 4
414 7
335 1
21 3
321 24
29 2
244 18
488 18
262 24
131 10
373 1
264 26
252 32
49 4
250 4
37 3
323 15
461 21
175 17
159 7
144 19
100 7
377 19
20 10
227 22
467 15
166 23
20 2
430 32
257 12
123 13
278 9
299 22
157 9
218 20
172 13
206 23
451 10
62 10
71 20
324 6
238 21
120 9
110 17
28 26
80 11
363 9
151 1
446 16
486 3
327 25
79 8
279 1
466 24
203 4
479 10
425 12
218 4
176 20
445 28
45 16
410 19
85 24
420 22
71 29
397 9
413 7
429 3
356 2
31 18
281 5
435 14
429 24
101 4
331 5
11 24
125 4
134 13
332 29
442 2
309 26
299 13
165 27
264 8
324 10
429 32
6 19
13 30
366 30
38 21
214 32
424 22
320 21
398 31
314 4
404 10
29 10
195 29
132 6
416 31
455 28
263 28
410 11
394 24
92 27
324 10
182 23
495 29
7 1
3 28
84 27
294 32
460 28
361 8
297 32
398 15
324 4
62 9
139 3
212 22
441 11
387 23
485 30
327 12
478 14
311 1
440 12
228 11
443 28
342 7
216 24
193 23
103 31
123 9
413 31
175 30
221 29
180 10
146 6
49 23
187 27
387 26
463 23
377 13
202 22
348 13
161 8
307 8
146 2
208 7
116 14
116 8
295 23
245 4
152 5
415 15
4 17
168 6
267 12
74 25
114 5
89 14
313 8
389 18
29 5
368 8
330 27
183 28
129 32
416 13
424 26
471 3
334 2
244 17
34 26
273 15
90 13
272 10
108 17
212 28
461 19
483 6
266 18
266 30
297 1
26 20
362 4
147 3
486 30
147 19
411 27
165 21
132 28
106 27
152 25
79 32
452 25
106 25
430 7
462 26
403 32
298 32
335 4
162 8
37 21
190 24
79 26
152 22
494 9
5 1
426 7
461 13
347 6
445 9
288 26
354 18
97 15
305 28
446 18
455 19
126 29
134 21
350 21
470 11
41 26
44 30
260 12
46 31
421 14
87 28
100 8
249 32
443 29
479 8
222 30
74 20
430 3
256 15
343 17
326 20
403 5
53 10
224 27
472 32
292 14
203 15
498 7
87 12
355 9
383 16
202 13
275 31
367 10
262 6
311 7
445 5
307 9
226 26
299 22
377 11
107 19
481 24
29 7
99 27
336 22
310 21
290 13
20 16
318 1
365 16
219 13
192 17
10 2
258 24
319 2
102 25
212 27
233 12
353 19
178 16
164 15
429 9
275 24
109 17
228 13
424 30
486 20
322 15
89 23
6 11
64 8
35 11
42 19
70 2
302 27
286 13
85 22
270 4
161 14
8 4
202 19
37 19
250 14
33 26
140 7
448 27
146 7
181 15
453 26
432 30
200 1
423 28
282 32
347 2
421 18
385 6
489 5
161 10
482 25
428 21
83 7
27 12
61 19
118 6
160 10
471 31
470 13
495 32
288 25
397 24
399 6
182 15
54 22
476 28
386 27
156 13
482 31
400 14
93 18
407 29
419 22
463 4
474 21
491 14
150 4
321 24
169 2
286 18
47 29
257 5
16 29
253 25
299 8
242 11
21 25
495 19
230 2
327 15
414 25
168 3
204 1
314 4
342 31
298 25
212 2
25 19
22 13
427 24
132 16
63 13
168 9
91 21
14 21
304 32
234 31
46 9
311 28
365 1
310 2
245 21
419 21
247 1
397 17
260 20
193 26
32 8
231 31
109 12
39 32
227 32
86 13
265 29
484 21
253 1
142 21
314 24
117 28
352 9
437 16
244 13
137 28
340 11
398 16
315 12
63 1
264 13
165 20
397 20
8 5
441 29
497 10
412 1
17 12
181 17
227 4
433 3
51 17
82 24
424 4
88 15
140 15
339 17
82 3
304 9
235 24
441 31
201 24
399 6
115 7
22 29
2 19
204 9
431 13
352 2
384 3
396 19
493 10
179 18
320 7
14 18
430 30
340 31
306 14
52 24
316 25
113 30
231 20
74 13
304 5
71 15
68 30
413 24
52 4
338 19
278 3
481 7
157 20
41 22
410 8
85 21
17 1
394 11
216 23
112 19
96 6
409 3
499 2
426 10
265 3
477 14
466 1
452 6
128 25
139 21
84 7
114 32
272 27
199 27
178 2
358 13
343 14
287 9
87 8
95 19
327 15
96 16
379 20
117 2
392 15
395 11
329 32
279 28
366 21
439 11
138 4
315 28
61 5
172 32
165 22
202 23
188 18
486 18
49 26
72 16
60 10
266 28
325 4
340 2
372 14
85 13
425 3
192 1
204 12
484 20
333 18
62 5
187 15
438 7
204 9
26 15
178 15
354 26
39 1
44 10
322 8
123 30
230 30
435 17
381 30
152 10
307 13
86 17
463 3
79 2
384 12
280 29
99 26
267 13
178 18
398 8
289 12
449 2
38 3
451 18
153 22
335 15
19 8
156 29
147 22
499 22
42 14
294 28
115 8
128 1
221 29
348 17
101 12
379 18
383 5
259 15
134 30
197 28
217 28
337 15
290 23
244 19
316 22
26 11
449 21
427 22
381 18
30 25
421 24
470 11
88 13
41 22
174 22
77 14
441 9
105 2
99 32
116 3
89 1
401 18
145 23
59 6
304 12
358 4
348 8
231 31
408 7
212 29
8 5
174 13
53 6
382 12
478 2
122 26
490 26
455 23
200 17
12 23
453 25
78 32
400 8
290 19
431 18
91 10
142 25
238 2
394 4
401 3
321 26
437 6
395 7
296 2
256 23
300 20
28 18
63 15
389 16
438 7
205 16
109 22
496 6
96 6
169 4
112 13
370 4
151 16
143 14
62 2
253 9
309 20
442 7
410 19
74 3
1 23
79 9
328 26
307 3
315 23
419 7
316 4
178 22
255 20
411 4
69 7
29 9
498 6
99 28
152 5
458 17
303 16
113 6
462 7
53 8
394 15
54 1
462 24
26 4
403 24
384 32
155 20
200 24
85 23
263 17
323 17
93 21
108 25
106 9
124 2
49 29
184 30
429 1
37 18
213 32
241 12
263 7
359 6
399 23
464 17
383 22
381 7
114 1
180 4
113 31
81 25
23 21
467 23
261 11
256 25
294 16
420 8
95 2
74 21
425 9
153 31
27 6
282 8
78 5
211 14
467 16
203 29
408 29
495 24
171 26
493 17
449 20
76 31
246 5
35 14
38 24
328 12
425 17
407 2
125 30
43 23
113 21
283 16
413 5
391 24
378 23
104 7
351 31
221 32
180 24
117 17
295 24
484 11
257 14
276 29
211 26
324 23
415 6
398 31
87 13
114 8
375 29
142 13
100 19
172 31
470 24
199 24
84 10
38 24
275 13
72 2
130 7
364 20
205 30
75 23
402 8
106 12
109 12
205 32
462 4
338 7
368 12
46 11
69 31
494 11
395 21
32 16
312 4
272 8
9 22
158 10
237 27
389 1
10 13
404 3
321 29
253 12
128 6
490 28
232 23
391 14
399 18
354 6
169 1
77 21
174 10
290 18
497 19
107 10
123 18
181 15
103 21
482 22
435 15
130 30
157 24
496 16
293 9
117 30
177 2
194 30
131 16
111 15
162 1
337 32
79 5
431 1
153 8
114 19
87 7
105 27
114 28
150 7
300 31
424 12
164 21
177 10
452 23
273 5
356 17
101 10
329 19
318 13
442 31
272 16
378 16
475 3
327 20
453 14
242 12
305 17
345 1
51 4
119 19
261 14
135 13
259 23
391 32
147 24
211 2
416 4
145 18
282 27
365 15
152 23
462 32
215 26
288 1
454 23
291 6
380 21
278 27
239 16
418 14
203 24
7 14
419 32
359 1
326 4
287 2
182 8
285 32
406 1
13 31
331 19
276 26
228 21
52 18
72 14
55 10
449 14
96 32
417 22
420 6
29 14
423 18
157 8
458 22
132 18
272 30
272 23
375 11
303 11
169 14
248 27
204 28
488 15
415 20
456 26
350 29
95 32
398 28
183 31
313 14
28 5
479 20
187 2
2 6
280 26
215 3
449 10
74 28
68 25
44 28
378 9
212 25
368 5
76 15
168 4
216 19
176 7
346 3
400 4
204 19
221 26
409 17
188 18
309 27
26 28
482 28
448 13
80 11
154 7
217 21
394 21
367 18
331 13
136 2
412 27
112 12
460 8
5 23
205 9
106 3
16 7
486 7
484 17
129 5
71 10
309 32
482 31
237 24
91 4
393 26
62 12
190 18
227 2
372 11
358 25
13 13
268 10
187 19
414 3
239 16
364 15
300 9
425 32
8 24
260 24
221 1
107 22
46 21
455 26
116 32
246 12
36 17
126 30
115 15
389 25
227 12
251 14
301 20
413 20
43 16
412 27
197 14
377 2
203 7
159 2
143 13
445 18
121 2
252 32
165 16
88 15
95 31
268 15
366 8
55 28
56 14
226 8
483 6
345 29
433 4
354 19
464 11
104 12
72 19
319 28
198 3
478 29
449 5
39 18
129 13
425 4
410 2
139 21
252 19
281 20
190 15
314 5
137 9
237 4
476 27
296 29
165 9
317 29
370 4
278 26
152 26
385 10
204 7
306 3
357 14
342 15
72 27
403 20

