128
341 30
445 32
206 3
230 19
283 2
36 28
229 4
20 17
49 25
238 11
56 22
254 25
327 22
489 15
87 25
104 31
26 29
306 3
159 11
77 5
100 28
324 4
200 20
8 4
356 21
122 23
234 19
323 28
225 28
335 19
280 10
90 10
338 15
240 4
134 1
141 5
132 8
265 27
159 28
430 6
369 11
128 26
426 11
162 6
466 32
312 25
285 9
254 15
148 14
322 17
14 26
365 9
130 29
328 28
253 1
6 9
308 29
74 9
435 23
86 12
434 5
497 31
150 6
397 5
447 30
429 32
384 9
457 25
126 12
152 30
392 21
350 23
142 7
487 24
362 12
328 19
321 8
69 30
277 29
470 32
35 22
387 18
394 7
282 3
478 29
100 30
442 5
272 3
76 19
362 9
182 29
435 14
216 12
323 17
468 12
420 2
393 14
271 31
1 28
9 6
189 1
51 10
409 23
416 16
433 5
124 6
170 19
468 5
414 30
81 5
286 4
87 10
10 25
316 6
113 9
191 13
137 14
282 13
268 1
233 12
325 20
17 6
266 4
231 3
330 31
60 11
15 14
144 20
206 28
237 26
488 3
118 12
372 27
372 19
447 20
394 32
460 15
265 13
98 15
404 19
158 23
393 16
312 17
399 9
200 27
187 15
265 8
14 13
407 17
479 29
489 29
124 12
487 1
24 28
87 7
363 28
445 11
119 32
143 13
477 6
3 11
232 4
318 13
108 20
130 14
429 2
310 12
269 20
292 4
232 27
275 30
474 7
200 1
179 3
461 15
388 20
169 28
435 10
216 6
62 5
479 14
166 29
393 18
436 5
430 31
267 32
464 20
274 4
36 12
210 1
458 13
164 18
420 10
112 16
343 25
36 1
366 26
313 30
339 13
146 32
119 32
323 7
356 5
98 7
252 15
239 10
459 26
335 3
203 22
218 17
322 5
218 19
306 14
1 9
130 18
264 5
262 7
183 5
239 20
7 26
290 18
199 28
351 30
478 14
331 15
98 1
300 15
395 17
197 3
453 22
393 1
426 6
7 4
122 17
239 20
234 24
225 13
480 16
318 17
481 28
356 26
356 19
97 15
463 5
497 28
470 5
484 20
394 2
355 19
234 14
495 27
325 11
103 24
498 16
465 22
272 8
408 7
326 24
81 28
148 6
203 21
318 18
364 20
27 31
430 4
16 12
431 16
347 5
348 16
305 16
26 32
131 21
406 16
140 27
95 7
64 2
255 9
187 3
148 6
41 2
177 12
353 7
247 3
492 2
247 32
405 24
75 7
408 4
342 23
466 1
333 29
438 23
466 20
409 1
41 25
42 2
4 15
324 31
149 19
196 3
462 17
370 16
487 5
368 13
323 17
469 23
66 14
446 19
85 6
495 26
7 21
343 2
135 2
112 19
185 32
30 6
260 15
34 6
176 9
278 14
85 30
5 6
207 18
180 12
7 11
269 21
63 31
375 1
480 22
331 20
497 8
162 4
259 15
206 10
447 27
283 15
433 27
181 3
440 12
282 3
238 18
311 20
12 13
200 16
375 7
155 23
390 28
331 4
10 4
285 32
370 4
339 22
410 3
293 10
82 6
500 4
476 2
323 7
199 11
478 17
405 25
147 30
300 1
146 30
216 14
469 2
53 11
239 15
29 15
164 27
309 3
134 12
176 20
122 18
182 8
150 14
84 9
232 19
477 13
44 13
10 13
130 11
171 4
377 4
103 16
162 7
54 27
46 21
102 3
307 12
118 8
221 9
308 4
84 25
32 11
329 10
491 18
456 14
29 12
361 7
223 14
393 12
168 30
208 21
457 6
256 10
26 25
127 29
280 14
469 12
188 25
205 15
458 8
192 31
343 12
321 13
277 18
44 32
207 23
416 15
469 20
89 10
500 11
178 7
276 27
442 15
295 6
345 29
9 24
443 31
291 31
119 27
180 2
66 31
265 14
401 21
357 5
430 12
407 3
338 6
105 4
201 16
481 17
4 22
285 6
192 11
412 31
346 20
324 31
182 24
96 30
24 12
127 9
159 17
264 9
271 8
332 11
267 20
367 2
301 3
271 29
78 11
155 19
478 26
37 15
270 29
444 29
436 14
450 31
307 17
295 21
432 18
399 15
437 25
172 14
268 23
434 9
477 4
323 30
269 11
464 14
491 23
183 15
181 16
373 3
196 19
267 23
496 21
177 8
281 21
373 8
495 30
448 11
449 10
276 30
481 19
107 27
201 21
101 13
272 21
71 3
343 5
298 10
353 30
474 6
26 6
237 28
356 29
342 4
306 13
373 26
411 12
461 8
472 29
344 4
238 3
414 24
103 31
122 32
37 19
441 14
440 17
286 27
65 15
303 19
448 31
360 26
358 32
469 10
85 21
425 14
431 18
105 29
253 6
340 13
320 32
54 16
161 3
110 29
318 8
447 13
439 27
474 16
182 7
477 22
459 5
439 17
295 8
273 7
121 9
39 5
96 12
256 24
135 29
333 32
129 3
420 11
141 17
66 23
39 19
88 17
499 15
237 13
126 14
43 2
474 5
390 29
377 25
177 31
362 9
18 26
491 9
260 8
181 29
454 16
71 9
68 6
123 1
214 12
166 5
346 3
189 19
411 25
84 19
131 1
299 20
138 6
436 29
273 21
73 10
188 8
322 3
213 9
411 30
192 16
34 1
270 11
476 17
343 31
119 26
207 30
473 24
59 9
92 15
377 12
260 32
159 9
22 31
377 5
353 5
212 30
309 6
312 24
162 11
194 24
480 20
401 16
95 23
212 30
493 20
54 28
355 28
37 21
287 21
161 23
185 12
228 30
205 28
481 6
46 11
350 9
426 18
180 9
413 16
410 13
183 15
213 22
379 13
266 5
365 2
7 26
149 14
247 30
273 11
71 14
253 32
46 19
374 14
403 26
117 32
394 31
479 14
188 25
58 29
373 27
230 23
176 11
112 10
436 13
148 10
406 9
130 16
283 27
177 21
140 25
200 25
295 2
343 11
34 32
139 22
174 5
284 13
451 16
270 22
484 10
243 21
22 8
192 12
226 32
340 21
216 19
454 15
217 20
197 14
195 31
8 13
407 15
69 17
242 15
94 25
460 5
466 9
412 17
136 14
81 19
58 8
217 15
10 25
306 14
387 21
393 10
73 15
240 25
360 22
479 5
206 30
493 27
270 21
384 25
246 28
435 3
111 16
314 25
288 19
178 14
323 18
271 7
73 15
36 32
492 6
236 17
8 13
72 9
485 23
386 2
270 12
384 20
323 21
500 3
20 18
136 14
99 7
441 3
417 20
454 24
45 6
308 28
122 19
181 18
185 6
39 26
89 22
186 12
323 25
374 18
66 29
387 13
267 19
39 23
154 17
294 31
386 22
102 7
332 30
464 17
199 10
174 20
275 23
51 9
396 12
290 25
136 25
477 11
207 20
289 17
212 15
263 25
36 8
455 11
146 22
87 8
123 5
483 29
471 25
198 10
308 31
179 12
367 7
198 2
226 22
138 29
272 32
385 7
263 19
378 12
460 12
456 6
76 14
183 11
323 8
264 10
218 22
73 29
153 10
362 22
460 15
315 3
398 7
242 20
242 27
272 1
286 19
339 22
16 9
260 6
252 19
320 21
169 4
109 5
366 14
50 13
468 12
407 9
267 24
229 12
470 28
264 24
430 18
117 13
474 12
135 9
454 2
398 6
49 14
146 18
476 4
90 23
263 13
364 1
200 28
92 22
295 24
425 4
457 25
372 3
120 2
7 1
163 8
399 8
410 16
477 17
91 23
383 2
119 6
86 6
189 14
487 23
33 7
262 13
155 10
271 2
195 26
51 14
181 9
273 22
492 13
30 11
19 13
140 5
158 13
159 19
106 5
385 30
260 3
331 10
132 25
392 22
230 14
35 19
242 23
56 13
408 14
19 6
498 2
119 11
439 21
205 8
125 6
386 4
88 16
2 19
20 25
396 26
38 11
216 27
441 19
363 4
356 30
330 25
95 20
212 13
76 32
429 32
209 26
288 12
233 17
218 16
237 6
205 14
100 20
52 16
191 14
92 6
499 29
103 10
368 2
478 23
285 10
346 6
71 25
493 11
477 15
407 17
380 3
338 3
31 5
370 29
7 5
322 29
381 32
450 16
293 28
394 2
185 28
275 8
428 23
410 29
181 12
469 24
279 11
390 5
47 12
85 1
220 2
410 17
182 3
52 2
490 6
403 3
389 9
282 20
148 27
72 4
211 29
240 21
199 21
1 21
240 25
150 16
342 19
412 27
473 31
201 19
112 31
489 4
484 30
168 7
164 7
310 30
483 5
66 9
30 10
130 25
354 19
80 28
41 7
274 25
158 18
179 9
281 31
473 24
140 4
394 20
82 7
381 13
456 3
97 5
216 18
105 14
356 5
321 8
379 30
465 16
420 11
9 32
310 5
463 5
472 20
456 17
262 9
117 5
487 18
53 22
143 6
475 7
194 11
450 20
389 14
460 24
57 28
359 2
300 13
18 7
380 30
323 25
14 20
210 16
209 6
405 7
123 8
201 20
26 27
92 26
64 11
425 32
222 7
189 5
455 7
291 18
384 1
179 9
108 8
248 24
353 28

