128
152 19
179 27
87 31
8 15
352 10
362 12
368 30
95 8
422 7
211 9
318 27
229 10
210 9
215 26
496 27
77 23
354 31
422 32
369 1
422 20
195 8
463 2
265 21
233 19
111 15
459 20
18 19
405 11
68 4
45 11
126 17
413 11
79 18
270 11
115 24
370 29
327 28
426 3
92 6
481 10
304 16
129 29
330 26
252 29
357 12
311 26
120 8
313 10
409 14
348 11
125 17
35 3
400 4
246 27
469 26
192 29
369 32
297 11
57 32
447 21
195 14
247 6
185 19
363 13
492 2
320 5
278 30
271 29
18 12
167 10
94 26
462 14
30 31
12 18
10 31
351 9
420 21
370 32
7 29
400 6
294 3
318 16
277 17
100 2
456 3
483 1
476 17
11 21
407 6
295 12
184 13
472 15
445 2
410 7
278 26
300 27
380 22
494 28
206 22
301 1
212 8
210 19
432 16
396 6
297 14
105 25
390 5
435 26
474 21
284 3
6 11
173 9
200 7
393 5
112 1
418 19
180 7
213 31
402 12
300 10
353 21
30 18
37 9
427 30
13 10
112 10
145 28
106 20
302 22
453 29
247 30
439 30
52 20
241 25
315 32
2 24
148 4
261 12
52 20
45 8
249 8
285 17
292 2
293 5
240 29
210 14
318 16
263 29
355 7
25 2
395 22
189 26
261 1
430 4
488 14
79 17
334 27
333 25
105 5
69 20
221 30
181 26
130 11
462 16
298 10
153 24
364 9
437 24
142 22
140 29
192 6
217 25
433 14
1 29
26 13
232 19
199 16
488 24
206 2
163 11
435 24
250 10
8 19
126 9
404 29
278 11
186 18
175 2
395 19
154 17
96 13
19 10
148 14
325 22
455 7
412 26
302 2
243 30
200 4
310 27
336 11
254 2
433 8
139 27
455 1
99 26
381 13
195 9
475 3
86 9
5 29
374 7
158 5
320 17
336 9
164 8
68 17
193 16
48 11
30 18
179 21
51 24
97 13
292 27
467 29
352 24
373 5
482 23
341 1
91 17
281 18
200 28
226 32
199 26
278 21
275 21
209 22
220 9
274 11
376 17
387 7
64 31
155 5
493 20
49 28
376 13
393 27
29 15
170 19
244 3
159 18
107 15
195 2
172 9
336 27
413 18
329 32
333 11
224 5
182 8
464 1
452 13
483 28
327 20
263 2
303 21
291 13
288 26
235 27
158 26
61 26
496 21
397 28
223 28
356 29
95 32
313 22
28 24
230 6
151 32
479 1
412 25
214 23
106 28
361 19
221 5
184 32
161 4
395 24
403 27
140 1
274 16
247 5
99 8
210 18
319 16
54 26
456 31
485 26
418 1
176 15
118 24
58 30
143 9
13 26
407 8
246 28
308 16
36 30
319 9
359 29
284 1
423 31
383 7
4 25
103 4
143 12
243 20
202 21
4 30
486 30
70 8
145 29
75 24
134 14
276 9
234 23
257 32
150 7
266 13
291 13
36 5
292 10
133 1
367 20
59 12
102 4
435 10
4 10
426 25
107 1
129 32
112 9
200 13
376 5
117 14
185 9
99 9
282 11
321 16
70 7
56 15
358 14
269 9
203 26
350 13
98 2
353 17
67 12
25 26
368 22
107 1
146 25
233 15
139 17
131 1
284 26
231 1
27 7
206 30
396 11
242 26
236 22
258 22
145 7
95 17
276 22
269 25
258 25
403 17
53 5
457 32
70 31
181 5
390 10
30 5
144 11
334 31
365 8
385 1
374 3
225 9
32 1
273 6
345 7
38 2
412 6
437 9
384 1
281 9
58 14
262 29
433 11
284 25
186 16
361 31
498 10
411 10
430 7
171 3
62 4
24 25
53 4
305 12
281 14
413 14
99 2
391 19
268 6
383 30
193 4
216 6
181 3
423 22
13 29
236 22
4 27
250 8
423 15
196 3
344 8
244 22
133 26
177 20
159 19
57 19
302 13
245 2
103 7
444 23
464 15
245 3
494 26
227 8
400 30
322 3
381 25
389 13
199 1
264 17
475 17
412 9
297 28
462 11
26 1
217 5
288 13
160 25
307 18
48 14
159 9
153 19
433 9
255 19
309 30
192 27
190 7
411 10
462 13
236 3
129 21
180 28
117 15
400 7
428 19
333 14
167 5
328 28
229 30
434 21
451 17
319 9
431 18
478 24
306 6
83 10
370 2
54 26
156 25
261 15
252 21
20 6
281 27
17 5
280 15
45 18
427 7
222 22
296 12
101 21
265 7
387 10
500 4
323 23
392 3
237 7
379 32
413 15
306 13
167 17
231 11
167 26
426 28
219 9
439 27
322 23
58 28
40 9
499 3
64 26
297 4
237 28
260 13
334 29
429 29
354 20
415 16
373 24
259 27
413 18
261 30
252 22
145 8
227 23
6 30
236 14
293 16
477 4
120 19
321 21
15 14
412 21
45 20
473 7
226 13
352 2
322 32
8 2
99 22
312 16
227 7
405 19
19 6
423 18
396 23
390 6
268 13
42 32
288 6
466 13
250 30
203 27
273 6
240 3
295 19
474 13
98 14
39 16
111 21
457 10
407 7
267 14
351 9
337 19
174 19
3 32
472 13
346 12
266 22
466 12
488 31
80 1
168 23
404 31
283 17
488 22
59 23
67 9
267 16
399 12
58 26
215 17
310 5
124 24
498 9
135 1
379 27
274 18
37 17
380 27
37 24
360 23
474 19
356 12
182 26
31 3
359 2
471 25
158 14
96 31
386 18
343 28
296 32
365 28
145 29
3 17
112 6
480 1
140 7
380 25
292 2
263 19
7 13
171 8
382 26
374 15
347 5
382 23
36 23
178 20
343 8
65 6
394 12
94 5
82 17
58 17
234 24
227 21
257 13
108 30
14 2
257 17
402 22
207 9
88 24
469 30
416 1
87 13
280 8
193 29
152 14
85 10
274 16
330 10
60 25
371 2
122 19
490 31
117 24
312 20
283 4
486 14
164 20
358 15
104 11
155 19
4 23
344 29
402 25
10 2
166 13
239 11
359 20
14 7
275 17
383 25
456 12
255 23
291 32
265 26
218 15
1 2
9 8
202 11
221 4
224 18
296 14
376 14
189 5
481 11
417 15
371 8
82 9
194 24
293 2
118 18
228 30
83 21
165 17
351 5
200 10
474 3
387 18
148 23
442 4
93 11
342 3
82 11
440 16
147 20
437 20
93 1
233 24
105 21
312 19
486 27
232 15
5 18
160 12
248 22
484 8
312 1
302 17
304 21
372 14
176 17
65 13
177 17
296 5
397 11
87 30
469 18
193 1
139 12
328 10
157 27
225 32
192 26
417 7
471 16
296 22
300 20
118 16
212 5
108 8
371 10
194 19
215 18
15 29
293 31
90 30
357 22
473 20
192 13
246 30
29 13
363 28
104 21
8 3
245 31
127 8
161 16
158 3
409 13
432 29
367 5
2 3
335 23
327 10
215 16
243 31
465 25
275 28
85 6
87 6
248 9
149 12
236 6
487 24
478 14
196 28
438 14
271 12
376 21
1 6
20 27
37 32
200 31
256 32
444 26
317 7
406 17
451 25
271 1
136 8
206 3
296 31
232 2
119 19
14 31
49 25
66 29
369 13
247 20
252 30
465 17
232 14
385 22
214 23
322 21
255 3
31 2
374 7
467 12
221 24
166 17
364 3
205 8
347 7
355 27
344 7
19 8
392 11
461 25
410 19
453 32
13 4
417 22
450 3
81 2
214 11
143 9
181 31
161 28
2 11
330 9
186 32
272 5
454 13
34 11
367 10
230 19
173 10
469 22
380 9
496 5
499 10
374 32
40 30
59 13
400 16
238 25
439 5
14 24
93 27
107 15
384 12
42 17
334 10
234 1
262 29
10 5
70 19
292 14
268 30
2 23
441 15
104 27
100 13
270 4
15 20
355 10
64 20
10 21
257 32
461 14
324 26
130 2
204 21
207 27
474 8
490 30
151 1
292 10
61 10
145 19
289 31
176 28
246 22
100 14
281 5
372 16
382 13
53 10
126 31
260 19
171 21
13 29
193 8
422 1
217 18
31 14
269 15
61 2
244 25
220 24
73 11
183 26
295 24
243 24
346 7
19 28
103 27
188 16
38 29
400 19
379 3
464 31
489 8
12 20
184 15
459 28
173 17
414 16
228 24
239 30
10 17
89 25
491 17
260 13
237 23
135 27
441 30
113 9
121 25
12 5
59 6
264 32
315 21
403 30
185 21
115 10
102 20
10 16
184 9
120 16
280 26
239 24
203 3
1 28
179 28
480 2
334 31
25 24
272 15
41 32
271 16
205 8
211 11
316 6
335 19
165 18
393 31
38 3
458 10
418 28
401 29
77 6
344 29
85 15
231 18
274 14
281 22
225 3
44 12
88 19
179 28
196 11
359 13
165 28
474 11
303 27
183 20
460 2
184 29
492 27
170 29
120 14
95 28
144 18
440 23
368 6
186 8
188 12
352 28
63 10
138 30
200 13
449 3
198 32
407 30
102 12
306 1
229 12
121 8
390 4
158 1
177 16
376 24
91 28
419 2
53 25
223 8
81 15
466 18
6 9
319 8
152 9
32 13
80 4
308 17
211 18
430 15
161 25

