128
368 14
26 18
483 3
21 32
13 14
415 18
244 27
377 4
263 26
173 17
183 19
94 18
160 6
129 12
442 7
110 9
301 3
111 3
441 31
14 30
104 24
239 4
362 11
407 32
300 19
149 18
65 14
451 9
27 15
492 5
90 6
481 10
440 7
24 13
425 13
38 17
169 24
432 22
391 26
6 6
120 6
228 17
247 26
465 6
461 12
446 30
261 22
291 25
369 18
433 1
54 14
25 2
245 4
252 7
145 13
29 9
262 4
301 4
137 17
133 5
72 18
498 13
356 8
33 4
305 9
368 23
286 21
432 26
348 15
369 21
143 13
109 12
356 21
116 12
377 24
441 32
178 18
132 17
282 16
256 18
332 23
148 13
367 32
499 3
466 7
59 9
115 19
216 2
427 3
313 11
431 29
102 4
247 22
140 8
101 7
317 29
221 1
401 8
396 15
302 13
469 32
321 7
378 9
404 24
219 21
458 5
25 11
256 31
292 27
2 5
345 31
177 30
135 9
153 30
180 14
390 12
17 31
83 30
99 26
49 17
258 22
466 31
64 29
405 32
172 3
452 24
77 4
81 31
260 25
92 3
242 5
439 18
395 1
3 9
62 3
162 8
408 15
102 24
403 2
31 2
116 26
90 4
165 14
106 8
107 29
215 12
30 25
458 4
229 12
269 18
215 6
109 6
260 30
297 30
420 19
88 3
364 25
431 8
50 8
304 12
85 26
356 6
226 21
389 10
328 21
243 14
290 20
16 13
265 16
267 16
343 10
423 14
382 25
86 7
388 5
439 4
110 10
437 15
162 18
288 29
38 18
31 32
233 30
432 22
61 22
33 15
51 23
461 32
159 18
215 15
286 25
222 19
150 27
229 31
40 24
299 17
397 5
256 14
430 28
331 15
385 7
97 16
22 25
219 12
306 21
430 31
437 12
189 14
14 17
248 17
136 7
129 17
79 17
366 13
424 32
203 28
114 23
95 3
60 26
19 25
450 8
308 27
451 8
176 24
265 20
368 32
174 9
284 4
85 13
464 4
400 10
167 18
317 10
352 16
131 2
240 16
170 31
22 28
247 18
436 31
325 27
114 30
3 14
453 27
102 17
446 6
82 29
367 26
430 10
273 8
440 17
343 21
115 1
80 21
414 3
427 22
22 17
439 32
142 19
315 23
307 24
96 29
76 18
138 25
384 31
416 7
127 23
431 29
475 10
306 8
229 4
477 10
124 15
125 17
157 3
360 4
51 3
204 14
121 21
483 16
455 6
178 1
360 16
26 18
321 15
73 5
266 21
150 6
167 23
358 4
213 29
491 19
376 6
241 20
238 7
203 13
176 24
477 8
191 10
221 31
36 18
264 10
46 17
395 9
39 4
240 32
173 18
366 32
275 18
247 16
384 21
56 4
180 9
95 18
386 3
436 10
460 19
427 26
464 1
70 10
128 13
105 4
390 27
199 20
132 21
27 4
245 31
75 20
467 17
349 24
335 21
477 7
335 19
152 10
427 1
152 23
233 28
206 10
430 29
137 2
53 31
77 26
97 11
425 3
23 18
119 13
410 27
3 12
202 18
394 32
78 9
386 30
4 16
283 26
348 3
347 28
434 31
401 30
277 2
297 3
451 27
7 24
361 2
455 2
367 24
394 5
96 23
458 4
370 9
33 17
11 23
173 12
153 1
474 29
250 10
79 20
36 13
263 24
446 14
162 1
269 27
461 5
333 6
464 23
10 4
475 25
78 19
464 14
72 13
362 21
410 8
225 25
376 19
45 2
408 10
338 5
112 6
393 20
419 16
350 25
407 17
449 12
323 20
65 22
53 2
67 22
217 19
111 28
129 31
117 5
64 30
417 11
307 17
322 14
220 8
154 18
200 22
461 26
217 21
268 9
302 26
287 30
476 13
461 16
255 22
196 18
87 28
196 22
124 25
119 11
40 8
172 23
77 24
113 5
156 32
118 1
417 12
326 4
300 23
199 2
68 7
223 30
210 14
399 14
286 21
380 6
140 20
416 24
183 12
213 23
111 10
499 3
233 21
122 12
463 25
289 22
419 31
387 32
132 6
313 17
302 5
94 22
448 18
361 2
93 9
172 8
106 15
434 6
347 16
425 13
228 29
42 6
427 20
125 6
65 18
179 19
334 12
12 13
337 20
262 26
149 6
485 14
308 10
296 22
177 4
314 32
285 3
253 27
134 10
121 15
167 23
417 16
274 8
132 31
3 9
40 23
382 24
109 1
497 24
194 26
123 23
429 27
65 30
470 15
59 22
101 1
92 29
428 13
148 11
475 30
7 2
5 1
241 25
429 26
368 23
411 10
185 11
249 6
372 26
152 14
159 16
210 26
472 29
466 15
399 17
472 26
306 32
498 11
440 26
136 7
252 22
149 29
88 21
38 8
466 21
445 28
292 3
77 15
291 26
233 6
482 8
299 28
32 24
186 31
425 9
482 1
422 22
317 29
378 30
172 23
394 25
170 21
271 6
299 25
139 31
454 9
438 28
112 13
251 9
496 4
321 17
56 14
106 32
102 15
77 14
177 14
242 22
6 32
295 4
276 25
390 22
257 7
185 4
500 4
368 31
315 28
471 10
133 20
241 19
262 5
212 6
138 5
487 19
316 21
150 27
65 23
24 14
69 1
393 16
200 29
266 10
300 28
235 1
15 27
19 16
143 18
417 16
386 15
126 25
35 23
495 16
17 3
125 9
431 13
357 6
129 6
495 1
210 1
65 16
55 19
204 25
16 20
180 25
375 9
453 5
431 3
212 11
317 16
235 7
57 11
80 5
417 26
465 18
302 5
53 20
315 32
404 26
228 19
230 22
239 2
214 25
481 14
319 9
113 22
248 25
200 27
206 16
401 2
241 14
403 2
262 29
253 13
399 20
100 8
285 26
162 3
211 14
276 21
142 12
286 5
261 10
68 2
453 20
339 26
225 9
191 2
310 27
3 28
127 14
187 23
291 12
261 25
45 8
234 15
128 23
427 24
208 18
205 25
17 27
206 6
488 12
227 9
190 21
208 20
182 6
431 9
298 3
177 10
431 14
28 30
133 11
149 4
4 13
500 1
99 13
114 10
100 12
86 30
273 21
309 2
391 27
482 12
134 11
29 8
420 13
325 28
67 25
244 18
177 27
90 11
448 23
65 31
247 6
40 3
147 13
324 21
143 14
76 4
316 20
43 15
216 15
491 22
43 10
352 11
476 25
198 11
348 10
174 18
263 5
464 9
117 23
297 24
296 28
387 27
32 6
50 15
500 20
29 27
273 12
113 32
376 26
375 19
275 20
20 18
112 23
150 9
122 23
340 17
22 26
380 1
7 21
152 19
320 20
49 4
115 17
43 2
27 13
417 13
316 24
190 24
271 24
360 28
490 31
12 31
276 23
268 23
23 15
289 18
302 21
137 32
53 24
257 15
300 21
232 4
461 25
247 27
464 26
474 29
156 1
168 15
228 27
65 2
205 13
444 10
245 8
125 6
111 9
228 3
406 15
378 10
84 32
96 23
433 25
204 16
405 15
222 16
157 3
234 17
343 5
70 16
460 2
89 11
426 8
185 7
127 18
48 30
389 19
460 9
63 7
260 4
33 21
303 29
471 4
253 6
268 6
105 20
15 9
2 17
360 10
123 6
99 7
399 11
165 23
159 4
21 10
399 18
102 25
298 21
293 27
90 4
372 14
139 7
238 20
31 5
177 13
435 23
175 13
465 12
191 19
271 32
96 21
321 26
425 30
474 9
20 7
129 24
108 3
334 9
259 20
293 19
220 23
414 19
60 10
438 6
57 12
17 24
432 21
201 12
11 30
425 10
236 1
125 23
23 30
39 25
173 12
68 17
410 21
139 5
62 32
275 26
487 15
270 10
184 2
477 22
496 9
223 3
157 32
278 12
157 24
312 14
351 15
222 5
63 32
433 1
139 19
242 9
202 11
246 5
185 6
78 12
327 24
262 23
351 7
366 20
59 6
337 1
260 30
21 23
473 14
447 27
364 16
439 1
403 20
301 7
109 30
118 7
382 31
474 12
122 31
239 4
368 31
440 24
188 9
450 24
470 4
122 21
287 20
250 13
447 26
479 32
280 4
46 13
179 3
392 8
358 23
183 5
261 14
204 17
286 9
108 11
252 26
88 31
493 21
283 20
238 30
199 5
61 24
177 3
115 9
242 28
255 20
400 19
398 28
463 23
460 11
290 16
4 1
306 16
417 24
287 2
201 21
23 22
433 23
204 7
471 2
370 29
73 1
240 22
224 18
357 32
476 14
451 31
226 28
327 2
343 17
147 8
302 9
9 18
72 20
280 30
361 25
471 10
269 10
255 21
115 11
380 23
460 2
421 5
437 3
178 15
64 9
26 25
197 18
450 16
98 1
366 26
81 8
243 17
249 2
45 11
312 24
157 4
457 22
308 21
28 14
376 11
14 25
455 6
139 12
34 16
336 3
45 4
86 12
117 26
489 25
48 24
289 5
423 9
134 3
490 17
420 1
104 5
117 30
494 3
314 31
342 21
277 27
269 10
378 13
47 18
249 7
221 21
151 4
134 4
78 27
148 21
487 15
429 19
161 2
210 22
153 7
326 1
289 2
143 6

