128
446 20
492 29
202 10
428 10
202 14
19 3
55 29
209 15
367 11
475 24
129 15
318 20
5 28
135 31
85 4
476 22
15 20
390 12
53 1
146 2
415 12
240 29
256 28
59 30
294 29
305 22
208 27
49 24
262 32
266 14
447 30
80 25
413 21
176 13
138 25
422 4
337 17
224 12
461 11
270 18
167 30
380 18
48 16
289 13
463 31
7 17
500 30
369 12
406 13
80 7
217 5
150 9
13 10
201 1
360 30
79 26
43 26
104 19
237 20
251 24
298 25
108 13
46 17
412 8
225 15
50 1
195 24
198 8
425 30
384 20
219 26
161 21
271 24
407 28
8 6
59 29
118 26
158 20
198 1
319 6
412 8
215 2
67 16
165 31
161 17
478 7
362 31
195 29
254 2
196 1
111 10
270 4
123 7
243 13
347 17
94 22
281 24
216 23
71 32
42 19
132 7
313 26
157 20
182 27
461 13
375 27
482 24
298 24
422 21
128 5
305 22
378 29
29 17
284 20
29 9
182 32
195 31
209 20
206 14
466 6
118 8
236 15
336 29
407 29
277 10
229 22
107 27
18 12
255 5
87 27
329 4
147 28
466 19
227 19
449 28
336 26
383 23
369 2
308 15
179 4
12 31
369 23
365 11
106 4
391 32
254 28
311 24
95 5
459 5
447 11
364 15
324 2
57 12
168 24
170 2
300 18
104 20
152 25
406 9
292 13
300 25
220 10
149 30
238 27
486 5
13 1
23 8
298 23
232 5
443 13
162 10
286 6
261 5
290 27
45 25
167 20
329 14
158 1
199 11
435 12
135 31
384 1
135 13
236 26
498 6
470 23
271 4
128 11
192 25
49 21
349 11
136 2
100 5
6 2
392 29
333 30
239 24
183 1
397 22
442 22
299 32
256 9
167 8
99 10
4 24
150 17
214 6
234 26
430 19
463 25
31 8
347 10
363 21
346 3
150 4
356 4
403 4
368 5
347 30
130 10
465 12
406 23
417 11
344 26
230 10
19 12
453 9
233 16
245 31
426 6
70 10
193 4
245 20
392 23
377 21
144 6
356 26
224 16
40 11
470 1
224 28
85 5
204 1
344 32
99 5
45 32
254 13
491 26
500 10
292 16
459 16
421 30
337 16
438 12
62 23
349 14
246 25
166 21
101 5
100 24
481 24
71 23
84 26
84 3
147 32
162 1
163 7
271 23
78 12
78 16
466 14
129 19
210 14
363 31
6 26
214 26
309 12
424 20
197 32
178 8
87 7
300 13
273 6
99 3
129 4
342 18
454 14
8 23
467 10
177 12
387 10
161 19
26 21
290 26
296 27
269 18
10 9
482 14
342 32
484 31
459 1
268 20
350 20
279 8
349 31
139 32
401 24
134 30
88 24
351 31
94 24
468 19
40 13
89 13
232 16
203 14
453 27
454 30
450 12
470 10
242 24
237 18
111 27
419 26
146 6
284 3
241 7
398 28
51 22
364 30
409 19
324 21
389 13
15 26
64 24
487 1
443 12
447 30
446 1
307 23
338 15
385 2
193 14
61 8
267 5
229 8
343 16
240 3
32 14
420 19
89 30
400 20
333 6
141 14
266 7
72 12
389 29
33 10
90 10
29 13
18 21
236 4
161 15
442 32
81 1
139 1
470 6
404 7
439 4
136 16
343 24
307 31
16 8
16 29
285 24
313 30
153 28
13 17
375 6
356 7
166 2
475 3
235 27
493 17
274 29
377 8
188 27
199 7
226 14
159 18
258 12
163 18
371 15
74 17
480 17
51 25
127 30
336 25
256 4
386 21
308 10
497 19
148 3
401 6
408 28
235 21
235 6
278 13
424 7
54 8
484 20
252 10
333 27
174 8
267 11
469 30
172 25
273 24
11 9
397 10
436 19
287 10
232 4
127 12
267 20
411 2
487 18
63 24
101 12
407 11
147 27
144 10
43 24
341 13
293 29
323 4
220 21
398 7
24 4
458 2
407 4
95 29
234 13
64 2
97 19
404 15
49 19
412 32
167 25
348 11
341 2
38 4
482 27
363 14
162 28
499 20
392 18
165 21
454 4
162 22
50 1
144 3
315 28
394 29
160 13
143 8
263 21
412 4
467 22
101 13
297 32
48 16
397 16
164 14
292 25
104 9
241 7
291 12
6 12
92 21
425 15
17 7
267 8
282 17
257 27
361 13
334 29
93 10
324 32
283 31
285 26
456 17
485 18
284 2
282 4
7 22
462 19
96 20
6 5
460 22
111 1
166 24
433 30
25 8
218 24
223 22
45 14
378 17
127 2
223 28
389 9
317 22
455 12
429 20
141 12
73 15
60 10
47 8
200 7
452 5
82 22
122 15
55 31
359 1
364 17
441 4
161 13
453 19
21 1
278 9
121 14
411 24
144 29
228 31
232 15
463 1
56 28
291 6
286 14
142 26
434 2
401 23
191 22
413 7
438 15
223 2
96 5
442 19
294 25
433 5
199 19
189 10
182 20
215 8
333 20
117 30
142 29
64 4
426 29
394 8
371 24
273 6
452 2
57 29
234 9
121 32
236 6
37 9
493 23
236 25
311 16
442 32
73 10
487 30
186 12
361 16
199 14
373 30
51 13
247 9
270 27
68 17
232 17
125 24
411 9
400 17
64 6
376 4
51 18
486 20
241 6
143 31
183 23
441 2
296 23
370 25
109 17
273 17
245 1
416 8
257 24
228 1
361 8
160 11
465 5
498 22
343 32
348 29
358 16
258 25
30 7
421 23
268 25
331 24
90 14
19 2
413 23
222 1
54 6
35 22
26 8
427 20
23 31
245 29
118 14
237 20
333 6
138 12
202 16
463 23
65 2
193 2
432 26
102 21
147 13
354 9
20 21
244 27
259 12
127 32
194 11
227 14
224 28
125 14
35 27
272 8
420 28
429 19
82 10
187 20
18 17
456 10
173 24
432 23
39 26
10 28
124 9
109 20
452 1
477 15
24 4
438 23
416 30
498 21
99 16
428 29
224 4
6 4
435 9
30 29
198 16
409 5
128 1
372 27
454 24
417 29
300 30
271 27
71 28
63 2
304 22
138 11
225 3
127 19
135 8
188 12
399 8
356 14
316 8
457 9
279 17
97 26
79 24
292 9
487 2
170 30
48 7
169 16
5 23
487 19
154 18
174 21
121 14
430 32
461 10
57 19
463 13
169 9
224 32
41 23
18 27
352 25
369 28
392 10
166 10
216 16
403 26
76 19
271 5
163 27
95 27
321 9
75 25
301 11
153 1
361 26
51 20
438 28
84 25
497 1
59 32
272 29
453 19
188 31
56 2
157 6
124 6
410 2
170 30
200 22
50 12
343 25
124 32
224 15
165 24
159 27
135 31
387 16
481 6
14 8
127 7
37 2
500 26
300 9
155 15
491 21
411 13
9 26
169 32
444 5
7 22
407 13
236 21
432 5
71 10
252 1
468 25
151 27
86 6
135 9
152 1
149 14
14 9
299 26
92 14
366 30
196 28
442 23
268 6
499 10
23 7
239 30
391 13
456 16
42 26
420 5
419 20
107 8
428 25
465 3
147 30
320 10
305 10
476 8
339 27
114 29
429 28
350 31
444 17
498 25
246 6
177 4
189 15
447 21
40 11
487 14
444 23
231 32
420 22
24 14
384 25
470 16
192 3
334 27
327 28
323 28
101 15
440 25
134 10
257 5
1 4
210 28
50 8
192 25
349 3
430 13
55 15
248 14
69 10
84 3
265 26
170 5
256 29
357 5
347 10
265 27
357 26
290 6
265 17
430 30
399 3
402 13
109 5
402 1
434 1
127 18
94 32
266 2
257 19
442 3
88 15
301 8
32 18
405 9
127 10
466 21
396 15
182 28
367 27
236 1
124 30
202 21
157 8
270 25
294 28
367 21
122 23
28 17
461 8
153 11
469 30
463 28
336 32
71 31
431 18
207 22
19 16
122 11
227 32
440 16
455 30
104 4
177 31
80 29
266 13
427 22
202 5
301 22
237 7
92 31
380 18
424 6
57 29
425 24
140 20
7 22
225 11
373 5
93 13
241 15
389 7
296 2
260 21
479 16
23 10
218 19
71 1
152 28
389 8
115 25
143 25
326 12
231 7
472 12
355 17
386 11
83 29
332 2
481 3
189 12
232 30
406 7
250 21
282 27
485 20
19 23
368 32
198 15
246 18
126 24
234 19
342 24
43 14
10 32
336 10
379 27
456 8
73 5
44 2
195 24
101 17
359 1
261 16
271 22
77 8
458 2
258 15
478 8
324 19
175 11
36 17
282 3
188 6
400 20
208 6
111 28
11 25
332 7
229 10
480 9
201 9
467 10
88 4
462 19
282 24
274 17
393 3
12 32
408 27
15 15
208 30
479 22
298 6
192 30
264 24
331 32
460 17
126 23
444 27
310 9
426 7
245 26
341 12
102 16
370 12
419 6
241 9
499 31
58 23
416 29
66 2
489 13
246 6
424 5
404 13
265 17
371 6
351 27
117 4
162 23
67 8
268 24
328 22
50 30
160 17
262 25
415 22
102 4
67 9
201 26
461 21
151 7
178 21
393 11
304 10
485 6
486 28
29 1
221 18
402 29
395 24
457 21
117 26
172 8

