128
480 18
261 4
464 12
191 24
446 6
457 17
144 2
299 13
78 30
71 13
162 6
217 8
487 3
295 20
497 32
2 8
485 3
59 13
86 9
400 32
94 12
344 10
497 15
366 22
32 4
343 29
114 15
416 12
6 3
219 2
406 8
330 18
186 20
190 24
341 1
155 10
148 6
375 25
492 8
70 32
232 16
68 21
323 32
296 16
46 30
33 3
437 26
340 15
454 18
98 10
470 28
431 30
101 6
262 21
249 3
468 24
95 15
176 17
370 11
300 15
336 16
365 13
398 5
99 23
86 32
496 7
299 18
172 27
435 25
491 4
468 2
367 14
345 7
34 30
365 29
481 25
368 29
177 21
401 31
115 22
470 10
41 24
240 32
18 18
201 1
61 20
318 16
433 18
322 30
80 6
2 28
238 5
404 2
134 25
40 4
290 29
414 10
128 9
246 6
178 2
358 15
465 7
18 21
41 19
66 8
376 11
179 22
435 26
379 8
238 23
20 32
279 25
209 7
437 18
256 26
251 17
56 7
491 5
315 15
115 12
150 15
298 24
308 5
114 26
4 3
456 23
230 3
159 11
345 15
96 20
413 15
416 16
265 26
97 16
289 11
163 30
405 17
470 28
397 7
250 32
285 5
127 11
143 5
305 15
84 16
142 28
450 5
167 19
315 31
498 7
178 28
244 2
324 25
146 32
147 19
176 8
303 22
446 30
290 6
136 13
353 14
220 19
186 19
221 16
205 6
306 26
81 26
316 13
114 25
180 17
411 11
192 1
8 9
10 26
90 10
170 2
127 14
96 8
332 24
16 16
385 13
270 30
370 5
74 24
249 21
96 7
108 31
223 31
127 5
412 20
82 30
9 4
27 9
371 10
420 2
245 29
59 2
122 20
450 3
115 2
447 18
208 22
348 15
21 22
367 12
41 32
69 30
359 19
154 13
304 5
319 21
377 29
414 26
156 28
44 27
413 19
480 5
396 28
255 28
153 5
52 26
272 16
95 6
67 28
62 30
172 32
122 1
256 8
250 12
103 22
34 31
284 17
339 15
44 21
299 29
65 18
242 28
321 12
169 3
435 19
313 6
462 18
6 14
173 32
333 27
401 30
494 28
82 28
66 26
129 20
174 9
417 11
233 6
454 5
328 28
483 8
345 9
426 7
14 18
310 14
77 26
63 6
97 24
253 30
269 17
230 6
426 22
60 30
87 5
410 3
104 25
54 1
337 3
3 22
281 12
47 1
225 13
426 25
104 6
186 21
263 7
18 16
265 10
49 23
146 14
265 14
202 3
50 6
1 20
91 25
419 29
137 3
97 30
167 13
296 16
277 26
119 26
449 19
75 21
85 17
306 2
322 8
372 11
249 8
126 8
5 28
180 25
390 13
407 24
329 26
259 25
111 29
102 27
463 21
259 24
101 16
249 2
275 28
144 4
343 9
67 3
16 14
340 1
374 18
312 18
151 30
10 29
299 28
23 9
492 5
160 20
48 24
13 11
379 32
50 22
480 24
272 11
65 19
103 31
412 2
344 14
483 26
174 25
317 32
394 4
180 1
251 24
313 11
402 11
474 15
468 17
270 24
299 10
54 5
124 14
166 24
379 4
173 5
133 5
452 30
500 8
134 30
359 22
216 32
341 17
414 32
345 19
251 27
220 1
395 4
474 4
311 8
263 11
256 3
175 16
124 22
191 30
275 21
407 26
12 19
382 1
259 10
311 9
220 14
17 2
225 22
229 11
194 11
221 9
238 3
8 13
420 14
322 10
98 29
387 21
327 12
237 1
197 7
446 24
281 18
233 5
156 29
244 5
304 4
149 21
359 5
105 30
58 11
324 20
7 10
468 21
182 29
270 10
307 31
146 23
232 26
444 23
43 11
87 30
2 8
90 20
96 18
342 29
472 25
12 2
78 24
15 23
240 12
137 22
202 2
485 25
363 8
172 17
318 10
454 31
345 31
383 28
89 4
297 12
92 8
242 29
491 4
428 18
391 20
128 24
401 20
376 15
95 31
372 12
9 13
434 25
220 28
497 28
243 13
71 26
304 20
355 19
67 10
376 5
401 11
252 17
318 12
267 24
378 30
27 18
315 13
91 22
480 31
397 7
83 23
260 30
131 22
180 1
451 20
358 27
262 1
355 28
88 10
343 22
111 22
55 17
182 17
14 9
435 22
87 25
81 15
403 23
164 6
111 3
341 28
169 23
281 8
34 8
349 4
37 23
449 4
440 26
88 13
143 3
67 17
39 15
279 17
209 3
375 27
261 15
491 1
169 19
156 22
342 24
430 23
167 18
322 22
360 13
262 14
283 4
434 10
326 29
466 22
7 16
57 3
259 7
47 3
169 11
481 18
58 18
240 16
139 1
33 14
322 7
55 28
122 25
129 28
53 31
333 19
286 1
177 12
287 23
323 31
277 7
169 3
64 24
262 26
173 23
404 6
89 2
449 6
298 6
361 14
24 18
260 17
434 20
57 25
11 11
231 11
181 7
473 8
11 31
149 23
29 8
28 17
214 28
30 3
257 23
65 4
84 16
293 25
464 17
293 14
79 8
260 11
274 5
206 12
467 18
318 23
110 29
463 3
173 28
389 25
234 21
61 25
481 17
38 8
53 2
269 27
205 12
93 23
112 22
114 18
207 4
276 32
128 14
342 24
434 7
81 27
35 13
336 31
345 5
310 29
406 26
231 15
458 27
441 21
176 6
499 22
189 14
50 9
216 23
468 5
473 16
167 24
188 18
226 24
226 28
132 28
465 10
94 26
240 14
343 19
291 21
149 28
318 30
148 29
292 3
33 17
163 32
476 14
53 29
438 7
236 25
262 13
135 11
474 6
92 20
493 10
8 1
213 10
42 8
210 17
179 7
449 29
294 8
394 22
477 15
328 28
104 29
116 10
295 14
463 30
405 7
472 9
447 12
90 4
248 23
173 30
393 21
118 2
397 3
236 1
46 19
140 25
4 4
238 22
197 16
388 17
7 27
217 29
246 10
293 25
457 21
270 29
437 15
239 5
102 22
261 3
240 1
499 23
156 28
245 20
139 32
304 1
194 29
302 31
178 30
284 6
262 13
335 26
292 1
235 13
102 3
243 29
395 9
436 6
180 32
105 14
367 29
315 24
281 12
350 30
413 13
444 26
38 6
371 21
406 17
425 27
452 15
199 22
463 10
100 26
17 20
311 7
464 21
294 8
444 20
406 8
480 9
29 25
182 20
49 19
208 13
445 23
195 3
357 17
129 8
150 21
11 17
28 11
289 25
422 5
316 23
88 12
379 13
16 12
220 17
498 3
93 10
438 24
437 6
296 25
101 18
61 7
110 8
289 6
261 3
482 12
241 22
75 24
390 27
31 1
211 1
387 7
26 28
442 22
469 6
378 13
387 27
384 24
378 4
97 2
234 7
418 31
352 4
446 29
286 24
53 8
60 31
151 2
467 12
399 27
33 5
208 7
67 27
118 32
114 27
286 4
497 15
26 28
46 23
292 16
2 20
179 6
486 5
499 12
273 29
239 1
25 14
428 31
388 5
239 5
463 32
404 31
78 9
158 31
103 17
306 13
496 5
18 22
17 24
433 25
264 7
298 21
116 1
83 27
121 17
208 4
196 7
394 29
392 28
248 14
204 9
302 16
241 11
181 22
186 5
102 22
136 7
442 31
475 28
458 12
49 25
383 28
127 16
221 14
179 20
68 23
372 21
82 9
40 10
74 1
226 11
230 25
426 31
464 24
399 17
51 7
289 17
42 7
209 26
489 11
81 16
121 9
276 6
269 3
167 14
244 29
368 25
105 9
496 12
397 18
192 3
192 4
232 25
247 20
199 31
30 31
142 31
435 17
408 23
84 19
248 23
319 28
3 3
112 6
195 4
95 10
159 14
218 26
223 24
33 25
50 10
403 3
268 30
459 12
244 6
102 24
72 12
459 11
194 22
276 28
134 7
478 32
360 19
385 26
10 5
206 31
182 9
453 22
150 19
477 25
305 30
236 20
349 2
154 22
468 14
134 17
4 23
96 7
157 8
297 18
452 18
76 25
314 16
434 31
290 14
208 26
339 7
174 19
489 11
433 32
108 26
260 11
28 31
326 24
390 18
201 17
327 24
325 29
7 23
159 8
372 18
242 15
161 15
101 1
93 9
160 17
450 15
163 17
477 12
364 18
313 16
410 32
43 10
336 13
344 22
197 4
212 22
130 32
56 18
224 28
263 31
200 28
153 7
393 25
54 20
50 15
172 11
210 10
192 9
263 20
390 11
455 5
100 8
176 3
17 3
154 19
133 10
195 13
420 27
469 1
194 14
43 17
476 28
79 12
500 17
407 2
3 21
194 26
148 10
460 20
120 25
295 13
170 21
241 17
279 30
266 28
227 32
337 3
412 7
222 31
311 12
152 17
192 6
118 27
215 5
206 26
393 20
438 31
192 31
355 22
240 32
294 6
280 30
372 27
100 21
101 26
424 25
74 31
450 19
157 12
471 7
349 19
66 11
481 2
21 32
431 4
307 8
429 30
57 17
128 8
97 17
65 5
185 10
339 6
32 28
149 18
62 21
69 27
339 21
440 7
236 19
470 19
446 19
332 31
403 8
10 7

