128
462 20
297 30
164 10
108 18
204 18
335 23
278 18
47 16
185 13
401 25
152 32
447 10
368 30
110 22
184 16
450 21
479 10
66 15
179 26
428 22
23 31
261 20
160 23
255 24
116 11
81 15
114 3
272 30
225 29
139 20
444 13
52 15
38 26
417 9
143 28
450 29
310 10
20 10
369 19
17 4
133 17
454 7
124 9
80 20
309 22
107 17
158 14
379 24
479 27
264 25
342 29
489 16
127 5
325 7
135 25
182 19
290 27
365 29
63 28
464 7
14 22
327 19
79 21
70 10
203 9
30 5
250 23
252 12
379 12
222 17
268 27
131 13
241 28
25 23
143 24
377 8
409 20
31 16
464 4
249 23
137 26
415 18
148 14
113 10
93 14
390 28
88 29
121 28
368 17
482 14
485 14
370 21
265 16
84 9
55 28
247 31
462 25
428 5
30 12
487 30
225 8
333 32
248 1
139 27
450 12
181 26
182 30
30 26
153 18
378 31
297 32
250 2
488 13
219 29
69 21
342 17
284 19
457 32
331 11
350 4
419 2
417 16
431 11
249 11
264 11
346 8
102 7
22 2
475 16
310 11
148 24
40 31
30 12
166 28
442 24
492 12
397 28
163 24
410 4
466 1
390 11
437 23
257 18
136 4
401 22
478 4
301 9
182 22
364 32
41 10
67 16
369 15
144 16
346 17
147 8
430 32
474 26
230 3
175 14
314 11
15 19
474 15
160 15
496 15
206 20
32 4
420 13
87 15
488 24
171 14
95 16
21 17
465 2
151 19
319 24
213 17
106 10
499 5
45 2
492 6
382 11
22 25
479 28
67 18
243 5
451 18
337 11
406 29
73 20
292 27
371 12
76 20
246 10
297 14
420 12
39 1
366 28
453 13
371 31
162 10
107 29
303 23
83 28
448 19
467 3
250 25
298 25
368 3
250 4
332 13
303 3
321 5
486 5
365 21
143 14
322 6
490 24
396 17
35 15
431 1
285 16
41 31
208 4
477 10
424 17
478 22
235 3
246 16
423 10
428 10
340 1
19 1
76 10
253 10
461 20
462 9
215 2
31 11
114 8
232 13
372 9
114 10
211 28
177 18
173 29
403 28
205 9
341 21
186 13
242 10
480 8
95 3
409 25
469 14
188 32
58 23
464 28
164 19
235 25
12 27
297 30
271 17
186 19
133 23
407 3
73 31
282 19
433 18
495 13
64 11
156 25
241 19
348 1
145 10
449 8
341 13
421 27
97 10
73 2
33 11
308 1
217 13
123 9
130 29
105 29
151 32
370 8
231 9
352 23
151 32
235 23
396 3
101 8
465 29
425 13
355 12
101 16
172 31
276 22
191 13
50 2
140 7
437 30
488 16
449 2
439 19
480 26
189 8
29 1
456 10
1 10
37 25
85 13
27 17
214 18
93 19
263 8
386 27
306 9
338 26
362 24
436 1
313 32
272 17
481 11
146 13
388 15
286 13
447 28
185 28
85 25
126 31
360 7
249 5
235 2
270 24
65 9
288 9
33 31
70 9
137 19
345 29
453 26
201 27
498 5
410 2
365 4
281 28
398 25
93 25
319 30
80 19
419 8
464 15
130 21
315 15
451 11
143 8
493 19
302 26
79 24
71 19
451 27
370 4
84 14
184 14
324 12
488 18
335 27
44 24
483 22
230 22
368 16
189 4
418 30
201 24
405 24
142 15
326 24
407 5
473 14
162 16
205 18
389 11
452 32
3 27
141 8
72 21
160 12
220 25
101 21
425 30
44 26
64 29
429 30
130 22
60 19
197 4
292 6
303 16
221 17
382 26
92 25
222 15
64 5
180 12
213 24
373 4
373 21
329 2
406 2
203 29
100 27
81 24
40 15
339 5
243 16
122 22
24 11
289 11
487 12
454 8
275 31
159 19
115 11
300 4
444 10
189 32
105 1
139 4
207 29
404 13
400 5
486 19
71 6
213 30
93 18
109 19
344 15
14 2
106 25
182 5
167 6
296 7
194 26
266 20
262 18
200 1
398 1
435 5
311 15
26 23
165 6
270 16
252 15
318 13
299 23
110 9
72 21
439 1
191 25
16 4
430 19
317 31
251 23
147 25
102 4
464 6
9 25
273 29
219 6
321 13
292 26
186 23
187 4
479 29
384 10
32 5
60 4
140 15
303 6
371 32
162 22
169 18
270 25
134 20
87 23
209 26
88 22
445 30
73 7
206 21
269 26
121 12
289 28
342 23
250 1
346 11
250 26
284 4
11 10
211 17
428 23
326 15
368 26
345 5
397 6
249 17
139 17
196 28
481 22
222 14
102 8
492 11
285 19
74 19
396 5
243 27
407 13
42 7
42 22
215 6
435 3
306 26
183 18
205 31
391 6
244 28
345 3
46 14
214 20
276 17
256 3
136 18
143 21
288 20
62 2
326 4
168 15
421 23
484 17
13 6
403 1
69 3
195 7
228 24
438 16
221 17
78 20
58 32
32 26
107 17
199 12
292 31
267 17
69 26
41 9
328 23
41 32
42 12
214 9
347 31
476 11
47 9
422 17
476 5
302 27
249 4
218 9
70 32
457 22
438 25
423 25
292 7
364 9
402 30
305 21
80 9
315 11
37 29
435 25
245 4
299 22
291 24
238 9
204 22
202 17
42 28
257 29
143 32
17 20
49 22
144 25
306 7
459 14
251 29
206 3
332 24
340 6
372 21
334 7
122 12
215 24
363 31
200 9
442 25
401 27
242 4
471 11
354 21
240 12
25 30
451 16
301 6
329 4
71 3
450 4
50 32
59 20
338 15
121 28
327 25
122 20
416 8
114 6
372 21
77 12
150 31
103 7
169 15
326 31
445 20
282 30
291 29
110 17
99 14
260 17
102 1
492 1
324 1
138 3
161 23
442 7
93 8
317 25
326 22
351 7
269 25
116 28
325 21
392 31
306 23
51 7
383 18
276 30
350 13
252 6
479 13
376 24
440 24
36 9
186 7
387 22
371 19
217 19
431 28
321 9
462 31
495 8
264 22
253 1
387 4
178 5
400 18
140 3
245 12
308 22
414 26
236 16
400 28
182 19
116 18
419 9
224 9
125 31
387 21
155 1
85 4
341 8
385 1
27 30
8 22
263 29
379 30
408 27
6 13
109 17
90 7
49 13
291 9
3 13
402 9
153 22
340 18
173 1
326 7
410 29
32 16
457 11
374 4
393 7
304 17
499 13
231 15
409 5
72 3
402 21
271 30
162 22
399 6
390 32
33 19
260 8
323 20
178 16
283 22
74 6
422 12
330 28
470 10
377 17
352 18
217 22
183 14
436 30
64 1
157 32
124 25
215 22
336 25
493 3
314 26
408 20
489 26
91 30
179 15
203 15
96 19
4 15
1 15
212 20
264 8
363 3
488 25
36 12
321 28
146 31
93 21
74 25
142 32
242 17
187 4
203 14
215 2
412 23
497 7
130 32
195 28
498 14
420 25
357 5
412 6
227 8
407 20
288 8
19 21
72 1
177 22
339 15
184 10
457 8
77 14
291 31
429 8
304 28
24 5
440 19
14 2
290 4
169 25
172 8
309 3
392 5
221 22
375 16
184 23
83 16
120 29
234 12
364 25
100 3
49 7
321 7
57 14
334 29
38 21
412 18
100 12
331 16
89 9
75 32
240 21
235 3
233 28
111 20
357 22
482 17
248 10
319 4
263 1
381 28
9 4
497 12
299 3
279 16
88 25
11 11
361 30
389 29
65 27
188 13
60 5
30 12
322 20
463 4
352 15
235 9
339 12
320 1
114 15
376 25
451 31
379 20
336 16
404 20
470 32
377 26
112 30
189 18
105 19
369 5
198 20
317 20
391 32
24 12
234 4
205 21
342 7
348 29
54 23
280 32
194 16
405 26
413 29
91 30
447 31
474 16
266 14
31 16
129 23
12 27
158 32
251 27
2 22
27 28
52 6
431 2
18 19
255 2
131 5
299 29
7 32
73 21
265 15
280 26
361 31
312 30
358 2
220 4
363 14
119 2
108 25
363 9
87 29
54 25
313 9
145 4
328 1
444 21
376 27
190 20
218 1
458 23
414 9
138 24
275 24
393 10
8 28
358 26
372 27
162 25
467 7
356 11
227 19
91 22
225 12
190 6
484 27
221 13
175 22
376 25
318 28
34 29
23 19
271 15
6 8
79 16
442 2
118 21
84 24
270 32
339 19
102 14
309 2
70 16
383 29
136 4
213 10
229 15
264 23
129 9
134 3
93 12
344 18
244 23
270 9
87 12
28 28
282 8
213 19
171 19
296 31
499 8
32 23
94 3
77 19
268 10
485 4
137 25
421 20
459 30
97 5
150 24
288 3
459 28
133 22
447 4
492 5
139 27
23 1
169 7
11 8
160 7
147 5
27 32
28 14
461 20
234 6
99 18
392 10
373 29
391 27
156 18
467 11
256 25
231 8
291 29
212 15
87 26
99 2
129 10
451 22
454 32
403 8
409 3
313 30
23 15
304 30
436 23
324 11
463 18
467 14
294 2
56 17
239 14
494 20
335 32
309 20
331 3
192 16
209 12
373 3
59 4
409 26
150 8
37 9
138 23
218 7
384 17
163 18
130 8
341 20
155 13
104 6

