128
230 8
441 3
388 11
483 24
3 7
404 29
330 27
334 29
106 28
197 16
1 22
378 14
378 32
371 19
394 18
283 32
181 28
230 5
210 12
380 24
186 27
440 12
110 1
320 7
361 12
54 5
317 12
362 10
79 13
113 16
242 23
151 22
470 16
342 23
443 21
390 13
356 1
496 5
454 31
383 30
182 32
378 10
71 19
396 21
471 16
325 28
254 19
338 24
59 11
254 29
400 28
481 15
176 32
71 29
494 29
498 7
92 27
377 7
114 4
15 12
131 31
500 24
18 25
459 20
367 29
428 2
60 25
372 19
88 2
68 22
450 9
460 26
440 12
56 17
311 26
192 1
261 3
29 10
231 7
57 30
51 12
215 26
244 15
197 28
232 28
117 14
180 12
75 7
264 6
227 6
51 19
219 23
461 31
292 16
85 28
141 8
184 11
449 11
293 13
314 9
112 22
410 12
6 28
114 25
465 9
46 31
111 4
30 15
362 21
466 7
373 10
434 24
313 14
38 13
379 8
185 2
281 10
485 30
77 31
258 5
291 20
408 1
419 25
175 25
461 13
79 29
98 12
92 10
97 22
71 19
481 11
169 25
349 1
251 25
251 12
170 5
163 1
145 22
217 20
66 5
312 12
214 21
7 21
23 15
286 21
282 6
199 22
379 19
102 21
324 21
488 9
97 31
273 30
436 1
413 1
221 16
496 6
484 2
91 2
308 4
302 17
142 21
38 8
47 28
352 18
196 27
418 8
341 2
385 12
234 21
480 7
372 23
388 8
180 6
65 8
354 31
428 19
219 30
70 25
309 21
191 8
259 4
147 8
150 20
79 7
32 31
337 12
33 25
111 13
406 27
404 7
245 11
457 11
500 18
432 32
298 14
163 21
229 22
8 22
45 14
465 16
144 9
331 1
229 13
445 31
320 32
245 32
30 30
379 18
431 14
337 21
431 24
137 11
13 4
93 21
81 29
484 29
209 31
105 6
107 9
424 18
248 8
490 17
73 28
158 20
381 19
436 3
198 16
173 22
67 13
118 3
321 13
75 14
415 27
319 22
431 22
447 10
261 24
307 2
359 28
393 27
162 28
401 23
103 10
420 29
190 21
19 31
138 30
244 12
476 30
73 27
7 8
288 15
159 30
304 18
262 4
108 7
227 9
134 9
82 9
349 7
90 4
337 31
165 16
278 24
345 11
250 31
74 22
470 16
335 29
453 12
173 13
371 31
69 16
432 6
408 12
476 21
351 17
75 15
244 29
7 13
259 24
439 24
145 24
267 32
33 8
279 21
132 29
307 8
356 26
405 4
222 24
112 20
44 11
291 8
243 9
376 13
404 30
184 13
74 10
232 10
373 22
14 4
363 16
259 30
262 23
333 15
43 25
258 22
335 4
225 9
196 16
429 12
266 24
352 3
265 3
296 18
148 9
345 10
480 32
80 1
118 8
427 4
208 17
450 2
84 22
470 32
274 30
83 19
213 2
229 22
220 32
467 27
36 27
229 31
118 12
460 16
219 14
247 19
274 12
320 18
222 30
489 7
39 27
237 16
356 13
81 31
44 11
145 19
413 29
445 31
32 16
118 27
142 32
381 27
264 32
124 13
341 28
331 24
34 11
335 17
87 11
167 2
165 8
208 25
388 4
459 12
408 4
22 17
144 18
463 15
453 23
391 14
50 13
377 8
343 11
176 13
329 7
410 9
358 1
273 17
120 24
16 23
11 1
427 30
290 18
60 3
180 6
240 25
226 20
16 8
382 24
348 18
386 1
406 11
225 26
191 5
113 23
223 12
447 2
129 9
243 21
183 26
342 26
2 12
241 18
339 10
209 7
183 6
147 20
392 8
469 10
420 30
492 6
57 23
347 17
27 25
225 9
10 31
334 4
338 14
381 28
47 29
66 17
238 9
168 17
288 16
414 27
69 26
404 21
196 7
310 14
191 10
134 17
452 23
416 17
392 8
317 26
88 14
18 5
446 13
157 5
24 14
495 9
475 31
69 22
1 2
95 3
264 24
243 19
46 6
356 17
157 16
226 16
405 19
272 19
131 8
287 27
350 22
247 28
32 31
346 24
45 20
74 12
20 13
226 25
178 1
354 31
456 19
282 13
26 2
415 4
185 21
310 30
186 32
210 29
75 11
452 31
346 14
278 9
46 7
282 11
288 11
113 23
65 23
455 2
152 1
98 32
126 3
222 31
167 23
84 1
337 15
211 30
412 8
47 21
194 8
236 21
314 8
76 14
94 14
172 21
455 21
433 4
379 18
94 25
288 29
489 8
212 23
157 7
38 11
136 12
234 27
64 3
218 11
129 32
373 32
408 7
272 8
406 10
197 11
399 32
28 27
459 19
438 12
417 15
170 20
410 8
274 26
302 16
316 26
155 28
81 2
14 12
106 11
206 2
474 24
490 29
342 8
443 3
415 7
458 9
263 11
340 8
44 25
379 8
275 5
251 11
299 5
411 16
387 12
409 4
71 18
212 20
198 14
395 12
13 8
400 15
274 3
162 22
84 13
381 14
129 31
416 23
247 14
182 18
145 23
345 27
192 21
331 1
62 5
353 22
132 32
52 29
195 26
74 30
458 14
339 22
85 2
365 15
284 18
316 8
340 21
347 16
421 17
272 10
457 28
408 32
80 3
344 30
24 14
255 1
223 5
271 7
198 3
490 21
236 21
113 28
169 31
459 17
487 26
423 3
58 26
382 17
288 29
114 24
142 8
348 5
460 14
23 17
308 32
342 4
373 2
471 29
412 9
334 14
362 8
44 23
85 17
259 28
1 20
239 23
239 11
359 6
408 5
59 8
449 28
111 25
205 9
65 28
361 2
69 18
153 24
345 9
36 15
313 20
327 23
30 29
341 4
115 25
325 25
168 13
276 10
445 16
62 25
299 2
407 19
495 3
478 27
500 17
294 16
252 12
418 14
184 7
373 10
211 25
174 30
173 21
359 9
280 24
478 14
193 28
296 11
146 9
378 9
137 15
160 29
142 30
374 1
188 26
179 2
147 12
479 23
5 5
288 4
460 1
214 20
500 17
42 25
134 3
142 18
293 25
362 10
230 23
463 25
333 21
18 3
344 24
149 32
36 24
484 23
52 21
498 19
409 8
48 30
162 13
16 27
193 29
240 27
464 14
395 4
46 13
478 2
260 30
441 32
266 4
142 13
176 32
220 29
383 11
478 16
159 9
350 27
222 14
477 25
347 8
332 29
136 1
486 23
138 30
42 19
202 12
220 25
27 31
313 17
409 15
304 31
135 10
269 28
299 14
392 17
321 15
241 8
383 10
202 13
152 20
275 9
279 30
433 9
136 22
213 4
240 24
462 26
225 27
434 23
180 9
20 28
400 20
307 6
338 32
6 5
103 17
45 17
126 13
185 10
426 17
157 5
469 15
243 9
53 20
68 16
352 7
435 19
50 13
237 23
452 10
227 31
22 7
139 8
452 8
261 21
424 29
246 32
387 24
437 19
15 8
374 6
294 12
321 7
104 17
230 4
298 24
314 20
431 16
467 18
127 11
462 15
495 31
146 18
46 22
376 32
289 6
482 10
113 30
277 9
358 14
124 7
165 13
326 3
240 20
328 19
222 26
121 5
348 14
154 14
200 25
9 32
130 18
422 15
291 26
311 28
55 2
155 11
222 28
166 9
124 1
31 13
134 27
265 18
417 6
79 12
447 11
307 28
429 20
22 11
129 32
71 19
117 9
106 14
408 11
3 19
467 17
228 5
184 16
286 20
262 20
271 20
302 9
487 26
157 25
301 9
192 11
320 25
299 25
350 22
399 28
89 13
237 8
317 24
11 6
223 12
317 9
479 23
69 14
52 13
326 20
214 29
426 17
177 16
161 27
282 11
230 14
423 2
389 8
237 11
45 3
171 6
451 21
184 28
318 11
300 7
291 29
12 28
249 24
144 21
66 17
319 8
146 22
261 18
185 2
284 9
456 18
442 15
159 9
482 8
212 17
323 18
146 18
69 26
373 24
155 27
488 13
86 5
66 10
18 30
195 18
331 15
459 20
113 9
249 6
445 16
374 31
313 3
452 13
413 24
297 11
466 12
391 19
121 25
101 6
58 7
143 28
149 26
12 17
70 12
354 18
423 12
280 27
98 31
171 10
259 11
280 8
455 11
127 7
331 23
64 24
225 3
480 18
160 3
486 29
454 24
95 8
271 30
314 16
309 8
434 19
451 13
494 9
235 20
331 25
50 26
157 7
452 4
500 23
478 25
44 19
176 2
158 18
215 27
18 27
454 27
293 20
15 7
12 30
258 10
18 4
88 6
434 31
161 1
206 14
417 9
272 9
90 25
94 8
103 27
31 21
265 15
16 28
461 4
233 15
221 14
378 16
480 27
51 28
95 4
482 19
208 9
159 21
386 21
452 20
67 30
248 4
9 16
315 1
291 23
39 31
500 32
23 23
430 29
471 20
32 28
239 11
408 1
387 5
1 26
485 4
24 32
103 4
495 5
352 1
315 19
500 30
362 14
497 12
446 7
19 9
122 5
67 5
358 17
26 26
494 2
129 1
241 3
400 16
147 8
372 1
494 15
127 11
244 19
498 5
441 21
17 26
477 31
294 30

