128
166 26
310 7
234 13
20 13
216 26
87 11
388 8
164 4
64 9
335 12
146 17
348 14
332 13
291 22
460 1
251 9
126 4
16 7
380 15
31 4
220 29
298 11
224 25
42 23
321 5
239 19
61 26
204 20
478 22
58 25
315 28
413 16
71 16
355 15
18 9
250 5
354 31
47 9
359 29
364 23
169 2
201 21
39 9
176 32
250 17
156 20
392 24
208 11
200 26
265 5
446 10
158 7
116 24
228 30
496 15
356 20
396 29
448 10
313 16
301 2
208 32
478 12
375 25
414 30
98 14
143 19
247 12
46 30
207 9
187 23
67 14
70 6
302 18
395 14
493 23
380 32
2 5
3 12
245 32
154 14
297 12
88 3
299 25
404 25
109 26
59 23
336 25
488 17
350 10
455 10
280 14
245 21
42 20
213 14
15 10
331 32
365 26
354 11
403 2
19 19
403 18
38 2
58 5
79 19
259 17
100 14
218 4
23 15
443 3
248 10
452 22
269 32
495 10
478 1
435 12
112 6
277 29
427 6
173 25
92 15
389 19
173 6
239 31
216 13
281 15
490 12
392 30
399 19
436 20
339 18
75 6
411 28
98 30
37 3
194 25
257 31
23 13
40 1
327 24
146 11
422 3
42 10
449 32
256 8
167 14
457 18
396 16
445 21
57 13
319 2
461 8
36 16
356 4
448 31
387 29
141 32
432 31
325 32
474 4
115 17
378 31
234 5
290 14
117 26
10 16
448 31
363 27
306 10
262 29
252 24
198 17
308 25
279 32
360 12
268 30
244 21
396 29
269 10
6 17
383 4
172 30
486 22
17 15
104 22
395 7
130 4
451 5
72 5
124 19
333 7
108 12
35 12
257 19
393 18
392 23
129 3
457 22
449 13
108 24
454 15
462 15
298 21
371 14
345 23
4 9
237 16
457 24
319 29
278 15
326 13
485 3
84 25
420 8
117 28
287 7
234 28
5 27
364 8
252 9
74 8
89 26
219 5
433 17
461 27
247 15
231 3
93 22
376 8
197 32
243 27
414 12
435 27
359 6
146 14
210 31
217 31
28 11
399 9
175 4
23 25
498 9
356 2
419 23
305 27
74 12
450 28
227 12
406 29
385 23
399 31
121 31
97 12
254 31
312 4
206 22
201 19
291 24
496 29
138 29
323 3
52 12
50 30
359 19
67 8
209 5
190 29
431 2
181 12
484 28
464 2
178 12
96 16
71 8
28 16
96 2
122 11
474 16
480 4
182 2
427 11
214 16
423 9
253 15
32 17
447 3
278 28
10 5
443 16
20 22
491 15
171 17
465 4
488 1
328 1
194 18
263 8
222 18
256 18
140 3
62 10
134 19
61 19
268 15
427 3
176 1
254 27
233 10
194 16
366 5
93 12
127 27
171 24
244 2
173 12
416 11
321 9
129 26
396 20
440 30
183 12
442 8
166 15
5 3
246 27
232 14
282 30
397 24
409 20
81 29
375 28
19 20
249 4
281 32
43 20
317 13
39 26
12 4
284 5
415 6
239 14
219 4
355 27
175 31
255 19
195 13
102 2
176 18
65 12
345 27
232 13
36 30
123 27
326 14
415 8
287 29
385 6
376 31
472 26
353 14
8 23
207 26
316 26
163 28
394 28
339 5
372 30
246 14
124 3
252 23
310 14
395 30
395 19
136 19
24 24
444 24
91 26
493 6
236 27
138 25
14 24
105 30
53 30
379 12
421 6
270 10
20 21
480 6
139 3
132 18
159 24
193 9
429 25
6 4
192 15
496 9
322 24
442 26
302 17
254 22
154 7
7 9
39 6
439 1
305 6
191 3
497 27
415 14
272 24
293 7
267 13
371 12
92 21
166 25
485 11
318 26
293 13
163 12
162 17
212 26
22 30
132 19
137 6
148 12
170 16
74 4
80 32
375 32
108 20
416 24
310 6
82 15
410 20
138 3
196 5
241 25
455 24
87 27
270 10
202 27
26 23
226 21
422 12
480 10
140 12
473 29
333 18
255 2
1 4
164 8
297 32
117 11
480 11
341 21
289 10
39 14
20 12
270 21
215 22
470 22
349 31
7 17
52 29
274 21
209 21
452 9
45 28
255 12
123 23
124 27
340 14
224 31
129 9
299 15
446 17
401 30
267 23
326 30
371 31
74 19
240 14
435 8
297 13
11 15
487 18
181 2
499 16
36 23
453 19
321 22
307 9
44 17
331 1
242 18
172 32
132 19
45 31
46 21
107 12
112 14
41 12
419 27
400 15
369 20
141 21
101 3
262 28
223 28
217 32
145 28
131 17
298 11
195 7
220 25
102 3
246 14
326 21
384 9
323 24
280 3
440 5
113 9
228 23
497 28
150 17
331 21
121 4
159 15
174 30
320 27
412 13
268 14
81 15
166 3
402 18
69 18
30 9
98 21
219 30
201 21
439 7
353 15
11 7
78 20
93 5
311 4
313 22
93 18
229 7
500 10
408 25
175 13
101 21
193 32
218 17
40 32
128 28
419 2
106 12
25 6
244 3
54 32
265 26
301 29
460 5
326 23
369 1
155 29
125 4
492 6
444 15
202 11
126 20
412 12
319 1
133 14
123 26
117 27
36 30
435 19
70 29
214 30
465 12
110 17
67 22
134 3
188 27
433 14
158 25
249 12
485 9
389 27
67 6
198 22
127 12
300 4
96 17
485 4
381 26
500 11
251 10
309 19
172 26
104 18
290 24
9 10
232 22
232 2
107 25
455 29
265 31
132 12
267 32
420 11
413 3
446 8
404 2
454 16
51 25
109 12
112 29
465 15
218 25
345 12
181 7
260 21
405 7
157 20
358 16
170 31
198 19
138 30
425 31
381 15
351 13
315 6
457 15
156 27
179 4
350 24
151 14
156 15
352 12
78 26
91 32
332 13
66 29
94 6
411 22
317 17
166 15
74 10
113 9
500 4
229 10
3 23
163 6
137 10
174 7
75 12
314 26
256 23
226 1
73 16
26 17
248 23
371 21
17 27
402 4
126 10
421 24
212 3
490 4
301 15
414 15
426 15
133 18
310 30
382 2
198 8
270 13
302 16
470 30
474 31
390 8
352 14
79 7
245 28
262 29
230 20
271 4
106 19
41 7
465 6
296 30
33 25
310 11
56 11
356 18
1 9
333 16
407 23
266 7
331 32
47 28
407 13
271 20
424 19
279 16
85 2
253 5
491 22
155 2
45 23
279 9
107 11
249 21
374 14
15 20
245 29
319 31
230 14
15 9
400 13
244 24
366 4
305 8
261 11
458 25
321 28
54 32
51 26
292 8
167 15
331 20
219 9
414 20
90 4
452 22
220 19
177 30
394 9
497 15
496 14
163 20
394 8
447 16
17 7
219 8
249 17
447 31
401 12
267 15
140 14
184 31
117 16
148 22
397 1
16 12
302 11
59 23
246 18
490 19
448 28
150 12
460 20
14 5
307 28
55 14
202 22
157 10
449 8
179 29
152 3
88 22
77 7
500 30
356 18
288 15
49 9
350 25
236 3
425 27
495 15
340 8
68 20
365 8
152 15
65 3
441 12
460 29
2 4
43 9
153 10
11 1
119 16
413 14
75 21
248 17
167 16
116 6
435 8
454 30
374 18
93 7
373 24
35 15
215 29
231 15
259 14
420 25
453 8
434 15
373 14
447 31
121 22
477 31
245 18
345 19
299 29
137 31
192 27
397 15
248 4
477 30
221 12
86 13
432 27
52 16
52 26
46 4
264 18
431 12
303 31
478 5
415 22
476 14
137 16
216 8
351 25
93 3
292 26
96 23
48 11
378 28
348 20
475 19
297 1
323 8
31 28
256 25
118 15
255 2
455 2
341 17
366 13
228 30
314 3
232 25
25 26
164 16
237 19
187 17
395 1
336 18
160 4
74 13
174 16
382 16
150 22
285 11
6 20
24 7
390 28
384 2
421 19
137 1
389 19
393 24
331 9
413 15
172 18
267 29
314 9
177 19
222 13
329 32
28 5
250 21
164 5
330 20
236 6
92 28
141 4
259 11
64 27
313 23
9 20
284 14
432 32
136 25
124 28
84 11
372 30
67 31
170 20
470 25
213 5
233 17
45 7
176 20
14 20
195 14
271 30
195 2
141 26
207 8
497 18
266 21
475 16
255 17
79 5
253 27
137 29
348 17
328 7
141 5
214 15
66 1
164 12
38 8
293 28
419 25
34 32
9 28
367 32
356 17
340 21
291 12
445 22
9 20
364 1
316 22
335 9
414 26
344 23
5 24
195 15
129 32
310 29
439 28
252 7
472 31
255 22
271 11
252 7
175 7
131 22
396 21
75 17
18 18
260 14
258 26
148 26
385 9
374 19
484 18
469 15
420 19
68 26
126 15
24 28
490 6
141 17
322 15
194 7
337 9
64 10
462 15
331 26
19 24
372 26
33 5
308 25
267 12
346 20
250 18
191 15
375 32
476 17
398 1
387 14
325 11
179 10
13 25
335 16
417 14
237 25
250 17
253 9
476 3
260 21
320 11
316 10
486 3
242 23
163 17
321 11
283 27
476 19
212 22
30 4
219 11
76 21
15 13
41 22
279 24
66 2
454 13
143 11
23 5
26 17
69 6
23 15
48 14

