128
110 16
399 8
366 11
496 3
116 15
250 10
120 21
32 13
231 28
378 3
68 7
173 17
455 24
222 16
121 12
395 10
40 25
402 21
155 29
300 18
371 5
267 6
413 11
462 7
18 19
254 13
81 18
381 23
473 10
447 13
406 29
174 17
337 7
201 23
323 28
112 13
48 2
238 25
380 3
307 17
390 8
333 14
337 25
357 1
19 11
105 24
347 3
220 27
57 12
25 12
272 24
128 7
217 10
335 5
416 30
197 1
53 18
479 30
242 19
254 12
489 11
35 3
341 10
369 21
378 13
332 29
380 24
171 28
29 2
44 12
499 21
453 3
122 27
144 15
117 30
327 9
460 29
143 20
319 7
252 28
107 8
48 22
99 26
433 31
427 17
422 25
421 22
180 10
156 27
108 28
424 18
80 31
147 14
238 21
84 26
364 6
277 7
379 31
332 12
353 27
344 6
387 32
352 14
157 11
93 32
483 32
50 10
103 32
136 16
12 11
181 3
113 9
137 11
35 8
154 3
430 17
365 21
112 4
234 24
426 10
236 20
46 9
470 8
480 21
339 27
27 32
69 15
180 5
130 15
24 15
453 14
280 25
474 15
236 3
363 10
385 30
69 22
382 26
429 13
346 19
407 13
490 3
11 26
179 20
88 18
275 24
359 2
413 32
148 12
391 22
309 15
459 18
408 24
119 32
404 25
306 10
41 4
136 31
169 18
395 4
220 21
351 2
426 11
114 5
411 4
435 11
334 13
300 21
85 7
280 8
87 5
2 3
232 29
29 4
303 19
211 18
443 2
303 28
176 20
293 2
123 27
9 8
471 8
48 11
430 15
247 12
412 4
494 27
88 15
99 14
149 5
263 8
222 18
163 18
481 3
187 28
33 31
411 4
207 31
262 20
285 32
4 32
459 13
43 3
75 25
288 28
301 15
19 3
116 5
124 4
488 6
403 4
61 2
227 11
124 21
254 12
200 29
308 23
310 6
57 4
194 8
459 26
246 1
220 21
10 15
161 13
357 23
220 25
228 23
35 23
287 32
463 30
249 14
496 6
471 12
293 16
100 8
9 9
80 5
410 13
423 22
289 7
484 9
195 4
455 1
266 9
369 28
78 29
497 26
26 27
329 10
334 24
421 19
477 25
275 30
293 9
307 30
328 30
90 14
205 4
103 27
488 15
198 17
291 31
490 12
217 15
337 3
98 6
97 6
110 11
459 2
419 21
483 2
407 4
472 19
319 30
433 18
248 3
223 22
29 12
205 25
30 21
147 32
150 15
53 23
465 8
13 12
128 23
333 14
123 28
497 1
229 13
451 4
263 21
365 15
236 25
240 26
314 2
97 7
481 29
74 9
160 22
180 32
136 1
25 6
168 13
51 21
154 25
224 8
377 17
411 12
361 30
81 22
35 29
489 15
326 26
164 29
203 11
476 26
59 9
448 7
225 6
475 14
202 18
498 10
138 12
41 11
409 26
376 7
150 28
162 15
129 13
164 3
371 7
21 2
195 28
156 4
21 2
1 30
179 6
3 21
257 27
19 25
16 30
312 10
110 21
344 14
1 3
421 23
350 13
300 24
464 31
315 8
288 12
409 19
165 11
487 2
305 5
290 25
250 25
190 27
277 25
449 13
392 25
352 5
365 27
488 12
310 23
15 25
470 23
415 18
333 17
407 5
109 13
161 23
1 30
421 18
235 25
258 18
293 1
422 21
112 17
188 21
63 18
369 8
476 24
18 8
388 12
297 29
324 9
59 29
11 3
454 29
52 11
74 12
172 3
353 7
255 32
55 26
94 7
53 25
410 26
229 6
346 13
498 29
185 20
493 27
238 6
291 17
361 4
133 28
414 29
314 25
228 28
190 13
494 18
242 32
312 6
53 17
198 6
29 6
161 6
429 14
171 23
39 27
139 27
62 32
211 23
72 18
446 9
111 20
355 4
195 6
25 23
26 26
352 2
307 20
427 31
261 18
158 31
480 16
25 2
347 15
120 7
25 10
31 31
357 9
338 15
402 10
149 3
287 32
333 1
363 11
180 19
208 21
126 8
132 10
81 18
89 32
248 25
265 7
247 5
15 24
23 29
1 23
195 3
22 3
231 8
138 2
359 9
246 12
384 25
189 24
59 13
164 2
389 32
288 27
253 23
274 23
423 18
150 17
412 3
348 23
407 1
52 5
181 14
304 25
378 4
28 16
269 7
446 21
323 25
496 11
239 1
405 1
43 14
334 6
77 5
448 27
369 20
451 13
1 14
317 6
449 21
18 1
239 7
78 1
399 5
191 14
193 12
2 23
149 31
41 9
219 24
411 7
191 1
340 11
318 24
273 31
352 6
335 7
456 20
207 10
336 18
343 29
493 5
115 21
383 15
70 6
347 32
392 17
45 31
80 14
239 12
480 2
345 11
236 28
78 15
5 22
340 28
294 28
44 4
28 2
119 13
379 25
281 19
205 13
353 4
390 7
339 6
385 31
36 16
334 13
62 31
230 29
186 19
288 25
283 8
358 9
468 1
217 32
359 9
276 3
409 6
6 27
35 18
282 26
361 19
386 31
305 8
379 10
490 19
422 16
186 28
376 13
368 24
253 14
217 24
492 13
45 25
371 7
238 32
352 11
119 6
373 3
205 3
265 6
269 14
318 14
169 13
311 4
137 7
317 5
442 1
477 27
305 23
269 3
351 1
493 9
210 21
243 18
319 23
107 12
397 12
245 13
469 19
305 29
469 1
309 23
281 17
101 26
483 17
332 29
341 8
5 22
244 16
315 18
458 30
1 10
49 22
123 1
152 7
325 1
251 29
383 8
269 7
321 20
203 28
288 8
179 21
297 30
392 4
335 9
237 12
407 9
433 9
6 8
11 6
204 21
315 30
496 15
420 28
186 27
171 18
370 25
118 30
122 9
481 5
209 1
144 3
206 16
199 19
11 25
244 31
322 26
4 9
493 32
485 10
250 27
151 27
356 32
488 9
128 25
137 25
185 28
7 2
59 6
304 2
414 12
488 11
457 27
404 13
118 24
127 19
42 17
189 5
249 5
78 24
145 26
416 21
346 11
423 32
480 10
325 13
477 32
332 26
7 11
234 20
474 28
343 19
341 19
116 29
59 5
168 19
406 4
384 19
358 30
7 29
383 19
81 28
199 32
145 13
498 26
180 11
442 6
338 2
257 21
222 15
145 17
18 22
324 9
5 1
58 27
369 12
397 6
3 31
65 27
151 15
377 11
385 10
408 22
451 8
26 8
331 2
264 24
276 12
452 32
472 5
494 9
152 6
494 23
189 18
153 15
472 5
373 25
50 9
430 24
296 24
227 6
329 23
177 16
282 28
235 13
340 8
445 16
174 2
498 18
348 22
52 19
235 25
27 8
409 25
488 16
116 30
34 8
408 18
400 21
42 6
442 13
418 22
224 27
28 1
304 11
75 11
45 17
131 8
444 3
232 23
447 15
349 8
494 8
393 13
445 6
231 30
167 32
327 14
442 10
463 5
80 5
99 17
345 18
252 12
324 23
423 6
181 23
101 26
26 6
271 26
427 25
59 29
352 10
335 17
239 25
37 7
37 3
147 17
420 14
372 8
232 30
13 8
64 26
289 18
459 7
411 9
411 2
182 22
207 16
406 29
368 26
467 4
281 25
136 16
214 15
295 9
153 4
60 32
125 17
9 27
259 28
319 22
93 8
283 7
219 17
447 30
482 6
341 6
82 20
314 4
335 12
92 15
267 28
406 11
204 31
325 2
186 8
335 22
347 2
280 6
10 30
355 27
343 4
105 1
23 22
72 25
25 15
47 16
18 21
34 21
367 31
35 12
206 13
33 20
190 28
321 31
37 28
190 28
75 26
8 21
63 31
158 15
445 20
82 23
156 24
35 26
178 1
277 27
142 5
138 27
472 7
382 25
190 19
92 32
68 15
212 26
29 1
68 25
425 6
287 28
469 26
158 18
446 26
232 7
447 25
122 30
383 27
278 32
425 9
187 24
319 19
121 3
471 24
172 7
41 10
179 25
483 24
358 29
473 21
219 15
162 4
337 12
342 2
468 10
335 10
257 1
404 17
204 15
121 31
121 5
36 23
374 11
338 7
151 31
24 9
81 9
209 25
432 10
235 31
168 5
405 20
425 4
357 8
34 13
206 7
341 14
9 14
464 11
297 30
361 16
186 21
208 18
62 11
148 8
390 15
216 18
442 16
453 6
472 7
478 29
345 3
270 9
384 1
403 4
50 27
203 4
56 10
333 29
401 16
264 30
146 15
83 32
322 3
89 21
225 23
322 21
89 27
126 8
380 16
356 25
143 30
368 26
320 17
18 28
32 25
361 30
111 7
469 4
181 1
429 18
327 10
178 15
44 3
239 31
183 2
56 29
3 19
78 6
475 11
245 3
375 25
36 9
251 28
120 8
412 4
41 19
149 30
5 17
373 23
319 19
188 6
435 23
149 4
216 27
106 29
129 16
417 28
168 20
19 3
303 19
335 19
169 19
60 5
231 16
120 18
190 19
275 16
349 15
135 5
398 32
377 6
423 21
394 6
312 24
229 2
342 15
456 14
249 4
387 4
151 14
381 21
16 11
316 9
282 23
133 3
246 13

