128
431 3
18 32
237 7
5 14
201 23
43 19
287 24
284 13
104 27
314 26
308 32
161 14
360 28
470 30
349 23
194 7
489 4
35 21
258 11
55 15
61 13
109 27
260 28
255 8
419 32
169 22
495 17
407 26
133 8
456 1
30 29
111 22
212 13
299 10
387 13
280 23
153 24
497 28
336 23
479 10
318 4
183 20
180 2
370 32
317 5
144 7
325 7
420 1
455 6
358 10
274 1
140 10
228 17
42 11
387 8
20 29
371 19
220 31
144 29
214 28
265 30
10 2
316 30
478 22
499 11
463 21
323 31
50 2
239 3
317 21
315 32
33 21
390 1
87 5
45 17
197 30
10 2
251 17
339 32
298 2
414 5
314 20
215 19
489 17
158 1
281 32
345 22
8 18
270 7
119 18
395 23
475 4
372 13
284 23
304 25
400 21
45 13
304 31
279 29
63 20
449 20
259 29
361 7
379 30
361 5
295 3
15 30
214 18
198 25
448 22
281 31
70 14
411 18
84 10
18 27
477 10
342 16
463 22
2 21
183 2
41 1
172 19
302 9
440 8
233 12
353 17
86 6
338 21
147 10
390 4
272 26
482 17
453 20
18 30
284 24
19 32
380 2
230 22
426 21
33 10
260 25
23 10
10 24
46 21
337 27
320 4
152 5
72 29
244 25
410 31
492 25
54 8
470 15
405 4
156 25
257 3
377 7
112 14
195 9
42 31
295 26
139 23
14 22
255 22
3 12
488 30
296 18
217 30
28 1
13 3
113 13
450 9
252 17
375 18
422 24
476 28
481 18
218 15
28 4
104 22
340 23
375 19
336 24
252 8
416 16
398 17
385 15
17 16
260 15
433 25
11 16
452 23
374 6
337 9
493 8
134 24
87 16
467 6
303 26
137 31
334 23
99 6
233 7
57 4
210 21
376 28
248 16
414 5
349 23
373 29
246 10
173 28
218 31
254 32
208 14
90 1
276 12
462 9
155 26
204 8
358 8
287 18
111 20
78 11
154 3
151 8
160 27
231 5
165 4
249 17
78 2
117 21
378 23
213 32
300 9
99 30
200 9
115 6
288 4
120 6
346 22
45 18
445 15
234 9
463 26
185 4
24 10
96 9
84 21
136 15
429 14
392 12
322 26
437 17
50 32
254 3
177 2
252 5
277 10
82 3
171 6
482 30
271 29
446 14
237 13
89 13
18 8
144 15
338 8
300 31
487 21
485 28
55 21
136 7
74 13
421 32
187 14
142 1
330 3
163 27
20 11
83 9
82 31
228 19
10 23
361 13
283 18
364 1
434 7
167 3
420 15
454 6
340 31
266 6
34 20
88 17
382 6
293 16
100 16
438 10
250 19
310 17
496 29
221 9
23 24
491 22
178 12
103 2
391 1
39 12
500 6
32 18
499 20
197 15
48 2
264 9
284 13
33 23
97 10
411 11
345 9
117 6
49 27
243 31
439 13
66 15
110 5
172 29
124 32
263 27
205 2
320 21
450 28
471 22
457 10
368 5
486 32
27 6
55 17
324 21
254 13
283 15
337 2
27 9
173 21
483 2
166 6
218 3
6 32
364 6
273 24
319 27
67 21
292 17
317 4
114 2
4 8
489 1
54 27
5 10
156 11
307 5
141 32
140 18
64 31
311 8
86 1
446 13
325 2
273 26
353 2
415 20
486 11
252 19
270 28
468 21
243 7
449 23
150 32
232 5
443 30
253 20
23 14
32 19
435 29
192 19
394 7
199 7
9 26
121 22
206 21
54 28
363 3
34 32
294 25
429 32
10 17
468 20
378 19
231 13
155 18
303 13
380 5
279 9
303 12
370 20
340 8
159 26
130 32
417 11
160 29
363 13
377 30
53 11
328 7
271 31
408 21
383 16
278 29
380 24
264 21
439 7
376 25
8 5
492 25
132 15
473 26
171 2
175 27
456 6
357 2
188 25
2 14
256 15
435 31
358 18
87 16
153 15
244 24
171 31
288 2
89 5
499 8
462 17
334 17
379 3
346 26
159 7
488 2
478 18
400 27
471 18
483 27
300 18
487 19
165 2
476 29
386 15
364 11
351 6
467 21
92 12
147 2
11 22
15 8
259 2
26 9
399 12
56 19
438 22
21 14
167 24
58 29
322 14
103 5
323 2
253 26
233 7
15 31
236 29
434 2
442 8
75 16
319 14
390 16
23 6
61 25
258 7
445 3
244 28
455 6
117 32
331 9
310 25
296 2
225 13
391 18
188 13
209 7
298 3
114 28
360 19
213 5
497 9
400 12
56 14
157 32
265 15
225 19
183 16
120 27
100 22
424 16
179 12
498 28
82 11
500 22
489 12
114 21
220 1
428 24
71 16
151 27
422 31
261 4
98 32
362 10
242 9
189 24
269 14
99 2
500 10
347 21
161 17
177 9
325 9
360 31
40 22
82 22
89 6
417 2
74 23
87 27
415 3
438 19
312 4
237 8
486 11
152 2
395 4
378 12
284 9
318 4
451 3
285 19
93 17
428 14
331 31
184 6
141 25
280 17
360 12
468 9
303 19
195 17
298 20
120 2
13 6
405 27
336 29
57 16
93 32
297 20
202 4
21 31
156 16
499 24
20 6
64 18
436 10
370 13
182 30
166 26
427 18
212 10
462 32
246 27
103 22
182 29
226 6
351 21
205 9
100 16
166 12
397 5
273 3
185 18
108 31
351 2
124 30
351 30
181 4
344 28
490 5
292 19
430 18
299 30
342 19
210 7
62 14
311 18
76 27
492 15
49 14
420 9
108 27
110 8
218 29
275 23
181 26
125 10
59 16
95 4
174 20
258 31
262 20
272 17
267 19
224 7
457 15
339 12
265 20
407 7
252 22
245 16
99 6
393 26
145 32
409 22
143 7
404 20
438 3
445 8
290 4
371 22
162 29
13 27
9 19
113 32
452 29
396 23
78 8
412 22
275 12
391 26
190 30
25 12
173 17
35 22
488 1
59 6
466 11
428 14
193 32
437 5
248 28
251 30
472 10
251 10
185 30
367 7
491 16
58 27
64 4
476 20
497 26
53 2
308 24
139 1
223 27
201 18
259 31
499 26
316 2
327 28
95 6
430 25
289 19
100 20
79 3
255 27
461 31
240 32
138 10
324 12
304 4
34 26
326 12
495 9
337 22
345 11
219 6
220 15
113 23
210 15
245 9
469 21
123 4
177 29
437 20
324 16
228 5
358 25
93 28
398 29
25 6
212 11
367 11
101 3
101 27
373 25
127 25
402 9
400 2
9 8
133 13
132 12
41 1
265 1
192 6
414 13
255 5
163 21
407 16
304 15
426 8
203 12
369 20
300 28
237 25
456 10
345 27
81 21
427 25
222 22
210 19
38 8
463 25
289 5
316 20
79 17
471 25
496 27
441 15
311 1
307 26
398 11
56 31
92 14
175 21
303 21
151 5
52 29
393 24
185 4
135 19
152 6
99 15
500 23
293 22
68 4
427 1
306 2
147 13
315 22
61 18
410 7
310 5
27 18
153 3
113 7
177 8
96 32
262 12
18 18
257 13
209 16
402 3
165 12
263 32
221 16
449 10
386 6
91 25
311 11
475 11
233 16
38 29
131 7
128 4
56 8
85 13
419 30
131 8
385 29
267 10
68 23
439 2
324 1
70 18
475 20
260 28
399 13
388 17
151 31
381 10
250 5
174 29
154 4
104 10
401 10
347 12
436 6
477 27
18 6
96 17
90 7
200 28
207 3
221 5
305 1
414 6
269 4
222 6
95 5
311 7
194 2
19 13
147 31
239 12
41 18
8 30
244 7
321 10
497 5
158 9
345 28
207 9
363 16
34 5
105 29
8 2
206 30
131 4
20 21
367 32
407 11
393 30
285 22
452 26
106 21
286 31
236 16
415 14
272 21
259 20
497 30
25 14
143 3
257 22
376 31
426 30
201 18
135 26
383 2
471 1
399 20
143 6
248 5
84 3
209 6
246 9
311 10
110 29
129 6
170 4
193 7
489 13
265 27
230 31
61 24
487 19
308 29
92 15
38 11
425 26
72 6
303 18
143 24
38 27
130 32
126 2
154 30
66 30
237 20
65 21
199 27
255 22
180 30
412 25
77 20
314 24
357 20
382 8
232 23
122 9
478 32
386 28
361 23
49 21
450 21
245 21
164 15
6 7
49 14
263 21
105 16
124 26
248 21
165 15
276 2
43 1
385 32
384 30
230 21
46 32
397 27
32 24
493 29
106 21
306 28
369 11
500 21
428 15
349 4
77 20
81 19
229 6
46 16
415 7
396 20
158 13
454 25
204 23
430 2
339 31
233 20
201 8
404 12
330 16
71 18
228 20
376 24
321 21
419 27
400 11
250 1
107 28
450 26
2 15
323 28
317 24
251 22
491 22
145 21
110 16
78 9
71 10
144 27
226 6
181 25
228 2
34 6
485 19
200 14
65 26
30 13
281 24
398 16
138 3
92 19
314 9
287 20
122 26
478 16
195 2
324 15
439 1
460 32
43 19
261 19
33 22
340 29
274 1
436 27
335 15
361 20
48 7
31 9
428 20
220 30
369 32
396 24
104 32
435 19
366 3
457 30
189 4
63 6
89 6
76 7
377 12
71 12
434 1

