128
72 5
338 1
444 24
181 18
86 31
149 23
94 20
49 4
421 14
113 28
196 25
21 6
156 4
50 19
325 18
263 8
86 5
200 1
416 12
131 13
374 3
63 7
454 11
27 26
128 11
121 7
371 10
129 22
409 18
325 29
408 3
332 25
39 12
374 2
115 12
454 1
134 16
159 3
330 17
164 17
176 16
484 30
425 4
276 5
345 28
121 24
186 5
245 5
188 10
382 6
325 20
494 2
55 13
248 29
41 31
397 24
194 4
466 7
195 9
155 28
340 12
291 1
432 3
453 31
208 11
124 32
22 10
193 32
474 4
16 18
202 9
82 16
144 31
218 19
287 32
230 10
351 32
354 26
259 15
104 14
345 28
350 22
197 14
145 26
482 17
35 19
425 20
282 4
14 23
258 24
427 3
277 1
359 11
263 5
141 18
434 17
445 31
202 17
325 26
162 30
358 21
192 2
164 18
202 26
176 27
329 30
446 18
231 32
440 25
124 20
210 21
416 23
192 9
499 32
314 17
25 12
209 12
305 12
393 18
401 5
465 22
22 10
187 32
417 2
96 12
57 2
300 24
164 19
88 30
210 1
26 14
424 18
154 25
458 22
86 2
466 22
439 28
163 29
91 7
102 19
322 18
48 18
129 11
316 8
76 22
321 22
111 20
187 28
176 4
162 22
206 11
163 28
466 10
121 1
108 22
447 2
232 6
255 16
408 22
280 23
447 32
288 14
47 19
173 31
322 26
336 27
313 30
23 10
27 15
186 23
364 28
268 11
329 10
307 16
147 18
423 10
389 18
3 3
184 31
9 26
213 20
384 29
46 10
154 24
48 16
410 28
175 5
210 12
254 32
91 13
305 1
346 1
75 12
480 22
226 4
115 2
36 3
314 9
108 4
356 4
159 14
271 29
146 4
188 32
348 3
152 20
143 1
197 21
48 24
327 21
219 25
415 18
143 20
38 7
47 26
258 9
363 8
390 24
211 13
111 14
207 2
62 18
110 22
418 13
489 16
134 7
389 24
313 3
127 18
485 2
447 18
230 17
473 15
169 4
196 31
93 10
393 18
103 2
467 1
363 19
468 16
162 24
395 18
239 17
27 3
46 14
169 28
134 13
246 6
28 5
285 1
47 5
330 9
234 25
373 20
251 25
295 4
48 9
237 10
414 24
213 11
89 1
438 2
225 16
228 29
180 12
77 2
392 14
79 21
54 19
73 17
495 11
68 27
408 9
32 13
272 16
483 4
328 29
285 29
456 12
361 31
227 21
65 6
194 11
243 8
297 3
404 8
33 11
186 32
127 5
464 18
165 3
461 4
367 26
248 10
461 24
160 28
396 8
305 14
218 27
41 15
65 12
10 10
266 23
241 9
115 21
494 15
151 15
475 21
52 18
42 12
182 5
199 21
129 8
370 30
106 22
64 31
57 1
472 23
471 16
419 18
268 24
68 26
70 18
138 13
116 11
485 13
84 31
77 28
242 3
261 8
60 5
370 25
101 13
143 28
404 13
361 32
176 12
293 10
322 7
218 1
461 14
85 32
89 13
107 18
459 20
29 7
396 30
487 28
442 13
271 6
393 3
221 28
411 29
165 12
443 27
20 20
288 24
299 20
264 14
410 19
125 30
241 24
40 23
219 5
59 10
30 27
324 14
222 26
263 27
317 13
121 16
460 28
291 19
136 11
368 21
277 32
334 21
215 13
299 9
58 13
274 27
11 30
337 28
183 19
470 28
7 10
39 31
498 18
429 21
236 16
29 24
139 26
84 5
439 22
285 24
442 31
82 8
360 26
387 18
220 25
245 11
298 24
45 7
317 25
131 4
120 3
119 22
225 6
462 3
287 6
362 28
8 11
383 31
65 5
261 16
477 29
362 31
344 2
421 28
82 32
415 1
62 25
162 30
86 15
4 24
369 25
451 24
160 21
95 8
454 7
211 22
63 17
56 23
182 25
418 12
232 17
168 25
217 2
283 7
452 22
378 4
151 17
400 18
365 18
237 30
200 15
304 26
223 7
20 17
39 2
372 22
122 7
415 26
220 5
196 24
334 30
47 8
106 22
497 18
291 17
344 30
384 3
456 30
357 7
362 8
264 9
17 25
124 11
75 23
479 18
218 9
195 9
500 28
62 9
326 5
433 29
398 24
167 25
126 7
180 3
270 7
424 11
180 27
421 18
93 4
375 31
64 18
427 27
425 4
411 26
44 28
418 10
363 20
146 8
459 1
327 8
472 22
218 7
148 7
404 32
390 26
254 21
403 4
367 24
20 18
77 15
473 7
208 31
430 26
175 20
382 17
320 1
102 13
3 21
379 30
192 28
240 18
72 2
477 31
469 28
68 10
263 28
244 2
226 9
27 32
265 21
252 24
113 21
324 28
157 23
225 29
470 16
498 2
458 2
332 10
174 15
175 8
290 2
109 3
443 4
119 7
44 18
142 12
427 1
475 15
19 32
135 9
15 24
234 32
310 9
102 23
315 28
122 32
46 6
470 8
365 4
46 32
310 11
268 28
355 18
22 2
293 21
66 32
492 19
483 5
215 8
135 17
64 24
132 1
338 17
448 6
393 21
166 10
383 17
141 9
26 14
166 19
170 19
182 14
381 16
166 31
452 13
475 27
260 30
475 1
263 2
3 3
118 12
208 20
452 16
440 29
361 6
351 31
188 32
396 29
400 29
367 7
65 10
217 13
3 27
125 21
316 19
419 17
146 2
136 25
177 31
130 14
32 4
272 28
216 23
344 19
79 18
317 28
255 25
172 2
427 20
22 14
275 13
378 4
122 1
221 31
291 18
188 3
33 23
246 24
125 21
362 31
150 2
50 1
414 1
14 12
369 23
285 27
179 22
266 17
378 26
99 21
39 26
343 32
96 20
171 28
380 1
126 13
414 20
285 28
100 14
19 8
37 32
314 7
169 32
367 11
417 5
67 4
454 21
379 13
52 25
120 15
137 2
311 27
273 8
230 8
97 28
44 25
255 17
200 16
288 22
174 9
383 24
12 24
352 14
237 19
142 12
185 31
101 27
329 1
294 14
301 23
9 24
227 4
404 14
39 24
344 12
248 30
155 11
265 14
500 25
260 29
209 32
271 17
142 19
238 28
360 26
382 9
85 32
336 24
386 30
31 17
289 14
158 11
388 2
300 15
127 23
380 31
206 6
347 15
101 32
338 24
473 27
32 9
327 11
397 8
444 15
292 16
205 5
174 20
74 17
183 32
235 14
386 28
63 13
343 11
168 20
327 5
399 2
49 9
429 13
140 20
372 7
456 24
83 29
223 16
306 13
208 20
318 13
184 13
177 26
247 5
57 25
337 27
135 21
235 7
182 18
138 29
156 29
184 2
74 30
246 7
163 1
122 4
397 9
212 6
34 7
122 15
235 18
249 25
46 12
135 7
209 25
335 21
365 22
454 14
128 7
20 30
355 14
121 20
298 17
381 24
143 2
274 21
311 14
98 24
357 12
287 22
356 1
282 25
491 31
362 10
138 26
259 12
375 7
95 28
63 23
207 13
328 24
286 10
354 15
198 30
318 32
127 30
308 28
450 22
495 27
267 32
396 5
123 26
108 10
146 2
396 8
227 24
184 16
65 5
98 2
98 23
449 21
292 1
484 9
406 10
404 21
461 23
401 20
273 4
357 6
30 28
473 20
327 12
471 20
396 32
357 18
334 22
422 10
414 21
218 11
87 21
195 7
124 24
334 28
455 22
17 32
294 13
91 4
497 21
215 8
480 12
237 10
229 30
291 22
267 4
312 17
333 31
251 4
454 17
351 16
274 31
244 23
207 2
39 3
451 17
95 10
176 3
95 28
193 5
397 19
97 17
311 1
67 25
384 4
497 2
131 15
304 2
189 10
264 31
213 26
184 23
143 11
193 22
467 25
178 23
343 2
275 13
54 21
66 5
64 14
374 11
184 5
272 1
39 15
451 27
248 14
261 11
345 9
332 31
190 25
25 12
135 28
37 28
492 30
329 8
15 6
454 7
83 29
423 25
112 5
223 19
359 3
101 11
287 28
365 12
145 29
360 15
40 16
22 8
201 10
291 23
404 32
265 26
172 3
458 7
264 4
142 26
14 22
176 16
230 12
128 6
280 19
356 32
86 29
203 14
79 21
352 22
292 1
319 15
155 32
246 10
307 15
391 8
332 6
471 21
457 18
138 25
288 13
408 5
222 30
10 16
158 22
133 5
330 19
263 24
430 8
106 20
98 4
407 26
266 17
194 26
179 8
310 6
176 9
43 29
382 28
48 23
265 16
339 6
482 14
430 19
313 31
498 11
382 32
44 11
485 17
221 19
420 22
480 12
303 2
344 4
426 20
75 14
423 21
284 5
218 17
19 23
99 29
293 16
476 4
479 12
424 31
122 12
432 22
291 18
475 30
270 20
377 16
442 20
460 21
408 6
141 14
60 19
498 28
422 6
39 28
433 18
302 15
305 14
360 19
319 26
433 20
86 1
283 15
312 7
103 11
272 7
201 7
333 2
34 26
23 32
358 24
385 15
214 14
244 9
136 27
258 16
354 15
229 17
221 4
83 31
315 2
417 7
388 29
64 9
207 15
196 12
246 24
74 11
269 22
383 5

