128
275 21
469 14
191 8
170 31
159 26
139 9
225 3
243 18
249 5
160 29
71 3
35 30
405 16
412 27
2 30
349 32
378 29
285 21
433 26
283 15
376 17
247 4
35 10
73 15
414 8
268 8
30 10
466 22
269 25
417 18
318 1
398 8
286 30
320 2
488 14
160 11
375 7
18 17
452 2
396 29
173 11
349 18
316 10
135 12
394 23
58 24
20 15
463 21
488 26
22 3
235 5
393 5
143 26
222 26
499 21
459 3
131 27
224 18
472 27
381 5
261 26
132 8
244 26
84 20
227 17
262 26
342 3
422 32
416 19
78 23
111 16
437 5
194 13
390 13
371 19
85 23
60 13
115 20
162 26
239 25
7 28
54 32
358 15
183 26
322 24
40 8
499 8
377 16
340 2
412 26
388 13
45 32
65 15
455 30
208 25
318 18
396 7
265 18
198 16
379 23
411 26
302 14
97 10
305 21
296 25
350 31
65 30
482 29
404 16
58 20
332 16
381 28
98 22
333 11
445 23
369 11
332 31
116 16
52 21
216 19
489 18
382 17
163 15
385 27
3 6
382 6
21 18
265 11
259 13
117 11
11 22
262 18
8 13
122 27
1 5
110 13
106 31
245 5
409 9
187 11
275 12
449 3
33 17
265 4
162 2
346 32
71 3
218 10
188 19
340 16
379 17
381 13
291 25
457 28
458 15
462 16
62 22
378 22
475 31
237 4
228 7
363 22
393 20
79 24
122 2
120 29
219 4
189 1
476 25
412 29
139 2
368 32
487 30
497 29
240 14
300 27
20 3
116 28
94 14
196 28
463 27
68 1
166 32
42 25
104 29
278 30
30 1
293 21
242 17
329 25
226 17
299 17
143 2
213 8
459 32
303 30
74 26
454 23
329 31
435 16
152 4
25 25
61 9
49 2
310 30
135 23
358 13
484 32
51 20
439 29
455 10
134 12
463 24
322 28
138 16
75 17
172 24
322 24
268 22
237 25
99 19
316 32
8 23
307 14
198 6
270 28
339 4
235 17
47 8
296 16
15 23
325 10
174 10
121 13
219 26
222 18
80 21
273 11
39 16
348 20
29 2
91 3
225 21
19 31
232 31
306 18
389 14
284 2
479 28
206 22
113 19
367 1
167 23
483 17
422 3
292 26
300 18
168 8
206 15
498 1
353 19
183 1
137 14
6 23
73 15
16 30
490 18
230 8
225 8
361 14
246 28
448 13
386 3
272 19
153 25
380 29
276 6
449 12
231 30
82 27
17 14
488 14
183 21
13 7
485 13
405 6
229 28
127 22
170 6
56 15
371 27
31 10
200 8
113 18
285 22
85 17
495 4
158 2
493 19
84 21
247 28
58 7
43 12
440 21
286 4
239 16
134 13
357 30
452 13
115 25
366 27
241 5
123 7
390 23
273 13
295 23
165 4
346 31
92 25
475 1
132 21
236 26
334 8
303 21
116 5
225 21
468 22
193 30
216 30
260 20
259 30
358 19
109 7
185 16
340 4
280 27
224 31
292 25
310 10
46 25
363 26
258 14
235 6
475 10
88 30
141 14
491 7
472 27
405 16
3 12
315 26
419 11
149 26
447 30
156 16
235 18
262 4
403 24
145 9
150 12
462 30
429 32
492 24
254 17
56 4
492 26
38 2
260 22
324 7
495 31
402 9
200 31
72 14
363 21
182 24
152 27
5 25
298 25
480 19
245 23
307 4
109 20
350 20
233 1
130 27
355 16
160 14
46 15
359 4
151 16
123 3
34 16
383 3
476 10
381 16
453 11
159 17
86 24
132 6
32 30
397 22
293 4
291 26
138 29
98 21
40 24
443 21
51 17
255 14
242 12
449 26
378 16
106 20
467 14
133 31
351 25
88 23
288 23
184 14
231 13
418 31
205 24
47 11
388 10
133 1
141 21
175 10
392 4
185 11
369 22
61 27
50 28
65 10
230 1
467 5
233 24
83 17
447 21
396 22
282 20
166 18
312 16
496 12
120 24
266 4
349 30
59 27
177 15
236 11
75 26
219 28
437 17
448 31
281 7
420 3
74 9
188 2
425 15
293 12
363 2
383 19
87 13
109 23
416 16
21 10
249 15
1 25
391 17
271 4
495 10
86 17
275 25
10 11
456 30
446 14
211 4
28 29
473 13
59 12
36 20
81 5
22 26
321 1
234 20
436 32
133 9
500 15
293 1
161 8
162 14
417 28
286 21
20 2
285 11
349 28
362 1
104 31
362 29
147 3
72 2
175 12
454 18
315 11
387 19
346 16
433 7
272 18
59 3
179 27
221 31
14 10
455 22
317 25
246 7
263 1
249 29
372 18
463 6
300 1
365 14
248 25
260 27
218 14
310 28
12 10
274 29
464 24
494 28
248 3
446 11
259 10
447 15
248 21
20 23
461 12
44 5
32 23
227 13
324 28
496 11
270 1
212 25
201 25
364 8
148 21
458 30
355 25
388 26
369 32
500 2
143 20
38 15
402 4
275 14
4 3
412 5
391 31
357 27
180 16
391 19
232 20
84 2
456 28
39 25
83 11
6 5
286 31
103 7
362 14
264 1
500 12
341 18
298 1
185 1
120 15
7 20
274 3
437 14
266 16
258 24
218 31
276 23
361 15
41 30
108 17
439 11
480 3
52 5
328 8
458 19
162 24
298 24
406 27
369 23
414 10
370 3
92 10
133 4
376 21
173 19
329 31
293 32
242 24
141 5
432 10
15 21
265 29
380 27
399 16
193 32
225 31
294 32
60 26
119 31
450 4
121 19
458 13
142 3
108 22
119 3
231 30
484 32
298 3
18 16
111 10
211 11
124 16
355 15
281 13
469 22
320 29
64 18
205 26
476 13
487 27
203 14
80 6
65 17
49 6
128 27
291 14
197 23
193 15
449 5
228 18
258 11
210 2
324 23
27 16
79 9
98 17
434 1
171 2
257 31
431 16
81 22
73 29
488 25
180 16
293 7
57 22
305 15
223 13
385 17
132 7
466 5
299 15
109 13
249 21
39 23
452 3
400 32
396 23
492 11
27 20
185 7
185 1
405 32
469 25
8 8
307 9
32 22
224 16
426 8
208 13
150 7
83 10
386 14
140 29
256 6
12 8
305 25
281 1
308 21
54 7
53 24
140 8
317 7
428 15
334 27
207 11
146 9
236 7
471 20
260 14
245 19
370 5
171 30
462 2
250 31
497 14
226 24
238 3
350 13
137 11
151 11
369 8
335 9
31 9
332 18
235 20
264 12
477 15
457 30
116 26
156 24
212 17
99 29
127 12
317 3
482 15
457 11
319 32
307 5
448 14
342 30
65 25
489 25
243 17
182 23
355 17
174 18
422 29
218 20
72 22
163 30
56 3
108 26
410 26
74 10
403 19
391 7
372 16
360 18
176 21
176 10
434 22
299 7
326 8
106 25
105 16
154 1
239 29
34 20
26 24
357 28
226 4
247 21
331 2
415 18
202 14
92 27
143 22
341 20
110 27
217 26
66 2
78 28
335 20
156 20
423 12
492 20
463 18
97 1
399 15
3 8
304 14
235 31
187 3
266 32
225 30
214 7
56 19
298 30
254 17
453 16
317 32
176 11
385 12
276 3
134 30
383 21
75 13
235 13
395 5
409 12
186 6
114 1
264 19
334 30
364 15
45 32
82 16
162 31
343 21
101 20
418 11
117 28
303 27
105 6
55 21
21 1
338 2
185 17
44 31
470 23
9 27
290 26
438 32
408 5
92 25
460 6
195 32
205 26
279 9
47 25
25 15
425 22
52 26
463 3
332 20
206 4
150 15
281 24
150 21
220 2
401 19
103 15
459 7
296 13
468 6
273 12
260 30
354 3
11 8
110 14
303 31
33 9
161 13
392 27
205 27
52 13
493 2
404 31
312 3
391 23
393 16
123 28
213 4
167 3
347 4
64 5
90 32
453 14
112 12
412 13
306 3
125 19
320 20
453 12
79 28
114 31
7 4
326 23
415 24
293 17
119 8
262 28
155 2
162 18
410 17
434 19
240 23
217 23
438 22
42 32
365 4
42 27
243 24
293 14
211 9
270 10
292 19
241 22
449 14
63 2
327 5
276 18
407 25
476 4
366 10
64 30
25 1
304 19
324 8
276 7
32 30
68 31
280 20
120 4
62 26
437 32
30 25
305 24
57 24
132 30
1 31
355 13
151 18
496 23
457 31
361 8
20 12
14 12
87 25
379 32
18 20
239 16
380 15
335 28
27 2
61 7
364 19
404 31
424 19
341 28
373 17
71 13
332 8
44 26
68 6
122 17
89 24
484 4
255 7
255 13
488 23
307 8
81 6
70 12
312 26
87 9
166 9
429 5
240 12
470 15
97 23
96 10
451 31
357 21
101 12
485 13
130 19
144 11
205 25
66 16
326 29
52 27
161 12
191 21
155 28
263 8
251 2
141 1
289 29
109 5
460 21
329 10
87 4
152 31
388 9
11 13
73 6
407 10
98 5
190 8
461 32
355 19
310 31
115 2
344 7
486 3
167 23
96 1
490 31
248 22
168 14
294 12
375 9
29 4
1 18
76 13
170 26
375 19
277 17
280 20
63 25
126 17
283 2
334 9
320 17
354 7
394 31
283 16

