128
231 2
455 29
198 32
426 3
330 3
462 14
85 14
134 23
352 5
111 18
259 19
21 31
183 5
323 2
364 30
214 27
451 24
355 9
35 32
331 29
487 4
418 11
334 15
182 9
403 24
478 13
302 22
491 5
78 29
494 14
423 7
240 25
79 30
373 21
78 11
329 32
347 26
338 32
296 11
68 26
310 1
210 12
247 16
448 16
365 21
117 7
499 4
11 25
302 32
42 31
290 30
294 24
468 7
19 31
2 30
313 19
483 30
274 21
426 13
404 26
13 1
280 28
228 30
292 5
377 1
259 7
407 32
154 22
387 21
136 24
462 12
50 16
26 8
376 23
396 8
92 21
4 15
476 11
364 3
464 9
304 18
259 2
330 12
83 24
140 10
455 18
370 24
249 31
179 5
197 19
256 4
187 19
10 22
193 29
280 12
317 27
82 19
144 15
191 18
478 30
296 20
283 17
139 16
263 10
8 3
96 31
450 2
373 23
295 13
35 14
425 24
361 22
278 4
120 8
82 9
2 17
232 20
97 6
167 15
39 22
21 10
288 22
267 4
280 1
429 30
487 9
17 23
62 31
202 1
114 15
129 11
11 4
251 31
81 1
317 24
295 29
105 10
158 12
298 29
284 30
455 26
282 15
468 3
265 10
23 19
304 11
197 23
214 27
273 22
68 2
469 18
130 14
147 16
149 8
428 4
21 6
406 10
205 13
144 1
394 14
51 14
372 16
364 5
398 24
83 5
281 7
178 23
476 17
402 12
120 17
260 29
63 13
442 11
389 18
87 15
455 30
332 23
89 31
263 22
386 21
155 15
100 16
429 15
360 10
403 24
158 10
120 16
326 25
190 14
350 5
348 9
118 23
335 14
429 25
395 11
498 29
481 9
233 29
23 12
238 17
423 31
438 22
171 15
159 8
181 24
488 24
16 13
411 30
162 3
151 29
153 4
309 5
96 5
393 2
337 6
395 19
81 12
5 19
299 23
462 23
22 6
358 14
54 28
91 12
107 1
328 11
92 32
96 15
29 16
157 21
322 3
475 26
86 15
356 8
141 5
214 19
266 12
52 28
191 10
91 5
87 14
260 14
53 31
217 17
194 13
297 3
127 12
472 28
250 7
448 31
496 1
257 21
436 16
284 19
153 22
275 3
143 6
269 16
240 13
480 18
209 5
4 7
252 16
398 9
154 5
95 1
210 23
262 17
362 5
475 31
271 26
105 29
487 17
312 3
61 12
364 21
124 7
307 31
194 29
227 12
253 14
200 6
24 1
311 10
358 25
252 32
238 8
244 17
433 8
303 21
51 6
114 2
236 4
400 2
328 6
333 1
299 24
394 23
493 28
412 30
193 7
181 6
370 24
6 6
331 8
147 17
177 4
258 25
383 17
46 7
135 6
143 9
261 12
459 21
444 30
454 28
384 14
417 18
410 23
259 4
82 17
177 11
368 6
375 27
295 28
313 13
1 7
65 29
342 20
366 25
245 3
272 21
157 21
86 22
111 28
9 8
101 13
154 32
471 20
70 9
151 26
397 15
40 9
264 18
336 29
18 13
151 30
61 15
478 6
224 28
341 29
483 13
269 21
261 27
368 6
207 23
64 23
373 31
64 16
336 27
468 26
331 11
495 7
277 8
240 29
263 13
85 5
373 1
85 5
296 1
463 30
27 10
105 27
332 20
387 24
270 22
225 21
324 7
343 25
42 7
305 16
15 13
252 11
445 13
20 8
493 26
242 3
63 26
269 10
217 7
117 26
213 17
86 28
411 9
340 4
215 8
107 1
384 7
467 1
399 26
420 31
23 13
113 21
358 29
35 18
240 31
60 32
344 25
339 6
277 15
206 15
174 28
423 10
374 26
90 20
431 17
366 6
170 18
242 3
211 24
453 18
279 32
253 6
8 11
227 25
473 20
479 15
448 22
408 17
495 1
149 1
209 22
82 14
344 32
109 22
303 5
207 13
424 23
406 27
253 29
419 26
416 26
76 31
355 31
240 29
183 20
477 15
253 3
121 16
86 13
205 24
141 11
173 20
73 22
198 2
62 1
255 2
70 2
396 8
164 15
124 30
374 32
440 11
362 8
426 3
492 31
39 4
393 31
399 10
140 5
143 6
65 5
383 30
78 6
409 5
265 8
290 22
335 13
468 9
345 26
347 8
228 5
172 32
447 2
437 23
166 19
140 10
327 2
67 28
299 11
496 27
358 1
405 25
218 16
93 2
117 11
249 32
28 20
316 18
490 8
412 27
183 3
441 17
72 11
265 11
334 12
285 7
397 21
235 26
413 31
27 13
322 3
77 25
195 12
322 12
495 18
394 13
136 10
38 24
193 10
430 10
413 6
216 1
107 15
274 31
333 20
103 22
75 23
2 13
274 24
8 21
261 29
149 28
87 30
455 27
191 20
304 28
154 19
264 20
173 22
334 14
189 28
159 31
467 17
235 20
188 2
360 16
495 9
47 5
46 30
359 13
89 2
192 10
384 3
205 21
344 14
266 1
326 4
499 28
288 10
383 27
327 23
478 9
103 21
105 4
378 11
236 2
328 23
264 32
234 8
472 17
358 21
461 31
364 16
178 12
45 8
330 3
154 16
396 28
332 24
256 21
167 15
230 14
270 1
409 31
313 32
431 30
320 32
56 12
203 21
187 7
144 28
321 26
175 20
257 14
68 20
418 14
207 24
79 8
492 8
182 32
219 20
325 27
355 24
74 1
464 28
7 8
127 16
109 2
395 21
11 14
81 17
399 11
280 22
466 31
317 23
427 3
110 27
277 29
335 2
225 30
313 4
109 20
411 5
445 21
286 3
119 2
87 29
356 26
346 29
341 14
171 23
253 28
221 13
448 3
83 21
57 11
108 5
186 10
86 18
174 3
289 32
292 7
161 15
93 14
319 25
372 29
403 12
120 31
356 16
382 6
296 2
185 27
306 14
272 15
56 1
465 20
89 20
218 29
402 26
106 12
298 5
412 32
452 32
27 8
155 32
97 18
49 29
352 6
207 15
97 10
271 5
105 15
317 22
107 26
188 21
494 1
41 13
389 9
140 31
4 26
26 28
95 30
85 22
279 3
272 23
404 19
436 8
401 20
385 12
25 12
424 18
409 24
275 13
12 10
63 15
412 8
319 14
13 3
304 7
397 7
18 16
469 25
363 26
260 19
433 24
319 4
302 11
375 8
375 27
193 1
253 20
228 19
462 12
325 5
382 25
43 15
76 4
407 30
437 18
185 1
450 15
428 19
433 30
30 15
40 10
447 1
30 22
215 31
265 8
311 18
316 13
101 8
68 7
329 12
25 21
76 2
219 15
280 27
157 13
161 4
234 23
340 19
484 23
457 12
150 19
98 29
472 30
356 15
56 9
247 28
401 6
257 32
29 16
474 1
196 3
232 18
445 8
396 5
182 21
28 27
471 13
295 6
26 27
37 14
39 15
13 31
308 6
410 8
157 24
20 17
370 12
134 18
379 5
94 16
233 6
390 32
302 32
201 28
186 25
409 28
371 17
15 27
42 24
14 11
159 10
403 8
341 28
194 7
416 15
130 25
464 31
408 6
406 28
93 24
197 9
167 27
125 13
449 15
457 23
217 19
200 19
495 20
358 20
462 13
30 15
125 22
313 28
111 10
492 27
161 12
55 20
458 27
212 27
49 4
221 1
487 16
87 17
15 32
20 28
69 5
418 17
394 22
225 20
299 4
58 32
107 16
491 20
495 18
174 19
74 30
160 12
17 6
392 15
190 31
358 18
163 19
302 29
356 14
412 7
445 30
318 31
433 24
171 23
361 32
470 30
90 29
345 10
226 4
489 7
498 2
376 5
473 26
217 28
407 16
38 24
449 7
458 26
14 8
12 7
324 25
160 5
313 13
370 23
92 6
157 18
408 21
250 28
414 22
263 20
297 25
375 18
155 1
183 29
460 26
395 15
379 6
47 7
262 1
81 2
330 26
443 13
474 8
320 27
361 31
410 1
235 25
458 21
469 28
261 32
186 19
63 8
413 1
106 10
377 11
379 7
276 29
295 17
364 27
191 32
401 24
437 15
236 18
227 8
386 20
484 3
346 22
486 30
6 23
136 23
277 18
293 4
39 15
356 18
405 30
330 1
350 18
143 5
11 18
493 16
61 20
466 10
373 27
368 30
394 15
464 18
220 16
278 14
47 9
12 7
383 17
460 28
310 22
168 4
323 12
216 11
487 5
493 7
336 28
441 17
418 24
250 9
364 23
247 6
12 22
212 6
154 19
125 7
125 32
282 15
156 29
182 10
30 14
353 1
237 21
445 18
400 18
142 19
425 16
24 8
201 4
181 10
258 13
316 30
152 26
181 23
298 6
449 23
239 17
395 27
297 7
480 16
237 5
163 1
361 26
300 25
477 20
267 19
488 18
468 11
383 28
298 1
213 2
359 19
250 14
129 22
444 24
297 12
81 7
192 17
349 19
205 29
322 11
411 5
405 31
152 7
82 17
319 27
398 30
449 3
283 26
396 30
185 28
406 13
355 21
57 3
292 6
231 13
84 14
126 12
224 1
479 5
429 25
451 2
326 12
176 32
477 27
186 21
466 7
130 24
391 30
226 2
151 25
147 19

