128
343 22
344 8
438 19
212 12
71 2
383 32
289 16
38 32
363 10
32 17
166 7
430 18
350 23
349 9
152 28
478 7
333 21
446 18
67 21
169 29
330 4
180 14
359 1
194 25
190 1
337 20
219 10
169 28
197 10
16 24
117 25
46 22
17 12
423 19
500 4
423 22
347 11
3 25
319 16
482 21
125 26
216 23
436 12
467 4
253 22
183 26
179 25
23 27
72 21
130 3
388 28
456 30
154 27
143 17
358 8
185 26
145 12
29 4
135 3
415 12
328 2
461 6
30 19
53 29
279 14
227 31
233 23
104 15
345 18
415 26
73 3
36 26
350 4
149 4
58 4
75 29
365 19
243 30
369 3
198 12
328 24
18 24
310 5
2 30
71 4
356 15
218 11
64 19
306 5
255 19
480 5
451 12
364 17
441 28
191 2
83 2
117 16
134 7
73 31
432 11
403 27
489 8
381 1
391 18
117 17
252 12
325 19
291 12
99 31
124 22
424 14
363 24
306 16
318 18
131 2
372 17
388 20
356 1
412 18
306 24
242 22
475 23
464 25
106 10
51 9
407 22
287 22
366 20
117 11
321 19
284 32
483 8
403 27
292 7
436 25
46 14
210 1
244 21
341 5
439 16
282 29
217 4
318 18
11 23
469 27
33 8
226 12
423 12
58 22
146 17
367 16
22 28
416 1
101 8
318 15
499 19
87 28
166 29
1 12
43 9
210 27
73 31
294 31
414 11
413 28
196 3
307 25
206 26
334 14
181 31
196 24
101 7
99 6
391 31
293 21
272 22
211 24
288 21
190 29
207 10
464 26
232 2
471 10
343 12
95 28
158 19
55 26
129 5
23 27
455 15
155 10
20 29
421 23
369 23
359 16
64 11
181 12
444 27
85 7
158 11
162 15
173 20
72 21
424 6
23 26
112 29
456 23
42 4
289 10
338 32
189 26
174 2
49 21
372 25
255 2
15 28
196 32
187 24
340 6
65 3
340 17
391 3
11 24
374 20
46 32
151 26
465 28
307 29
292 23
349 11
412 23
18 7
402 21
78 10
166 27
308 25
23 10
151 17
334 1
184 3
440 22
316 24
9 23
120 1
5 8
51 4
34 16
226 20
272 8
381 30
298 8
294 12
89 17
204 18
25 32
4 16
221 16
71 6
146 26
382 18
361 16
269 30
351 30
181 3
1 13
264 6
452 21
321 5
205 13
166 21
264 10
44 32
45 10
417 30
155 10
43 3
81 3
261 24
360 17
406 5
206 25
362 17
77 27
401 18
59 11
214 18
440 10
157 12
371 22
377 22
223 23
244 24
433 24
87 24
297 8
4 6
364 6
10 12
400 11
425 6
329 3
483 8
248 7
455 30
64 27
347 27
453 11
294 9
298 32
380 10
427 28
299 6
101 5
433 32
71 14
13 3
200 27
18 27
133 28
416 29
154 11
187 6
57 8
342 22
63 13
152 13
456 14
130 8
258 2
111 32
123 11
78 30
117 11
268 6
270 16
2 27
150 24
232 14
371 13
263 5
498 2
125 1
364 2
65 1
167 15
153 18
150 2
463 30
381 7
219 18
266 4
129 15
259 12
324 25
137 30
265 18
204 13
290 15
494 26
391 17
381 15
154 2
329 16
147 29
198 2
62 11
437 26
81 32
402 20
28 30
194 21
23 17
33 32
315 15
370 13
243 2
452 32
131 12
363 1
192 5
346 21
375 7
443 8
182 20
63 29
233 12
353 31
356 18
122 26
116 23
79 30
92 2
457 26
13 11
351 20
231 28
456 30
478 22
265 7
445 31
220 25
287 20
487 6
161 21
164 4
99 6
337 3
475 29
264 19
464 22
42 22
310 13
3 19
99 23
150 11
298 29
72 32
144 26
77 21
18 4
432 25
185 25
159 15
413 22
145 28
388 6
422 29
35 4
39 21
395 8
175 16
260 2
127 20
8 19
208 9
147 31
493 31
259 27
490 12
277 14
399 28
24 24
212 6
448 6
42 22
290 24
33 17
166 19
304 21
213 11
49 27
2 30
42 32
44 7
135 8
368 18
335 7
57 26
300 4
500 5
345 13
409 29
189 22
239 1
450 20
207 6
14 20
391 7
172 27
289 30
458 1
43 5
399 24
42 19
455 29
391 20
181 19
232 6
76 31
66 17
478 16
375 31
332 25
250 23
403 18
364 21
398 3
5 25
210 22
199 20
439 1
19 27
92 23
192 27
425 5
192 6
381 2
244 24
34 9
418 13
235 1
149 12
39 25
132 28
50 14
116 32
123 22
459 2
236 26
232 32
259 7
61 19
192 9
54 2
1 23
162 11
455 14
71 26
314 26
445 19
88 4
55 22
194 13
275 5
14 18
89 4
281 9
262 32
157 31
197 2
489 14
244 12
371 2
289 32
220 25
103 3
145 5
368 22
21 14
470 22
499 30
158 23
411 15
103 23
438 23
76 2
213 4
221 31
189 17
323 32
446 17
66 6
433 25
131 5
278 20
486 5
10 19
259 24
266 17
190 15
216 6
332 12
141 29
214 13
117 8
89 22
164 14
355 12
143 21
48 12
289 10
400 26
232 11
421 29
75 30
51 2
79 27
69 11
139 23
400 3
22 4
169 22
345 19
133 23
212 17
259 16
418 18
1 21
20 25
498 23
234 28
384 25
134 5
383 12
439 26
379 24
473 7
497 14
273 14
156 32
162 6
39 23
424 23
431 19
163 28
389 5
328 1
61 13
281 31
437 31
429 7
382 21
65 3
70 5
360 6
25 13
491 19
303 2
454 13
61 24
13 29
364 32
425 24
4 1
71 4
275 15
106 21
103 22
387 5
359 6
250 31
470 20
297 20
6 26
356 10
70 8
366 13
411 3
61 19
347 27
206 2
185 32
482 11
481 12
163 15
317 24
73 2
152 30
409 1
175 20
74 8
188 15
381 2
81 25
364 20
275 10
253 27
85 10
449 29
453 20
256 5
23 24
406 22
253 26
34 12
133 31
375 8
250 7
270 30
399 29
461 17
406 5
335 14
298 16
407 2
247 22
222 13
193 11
147 2
144 24
429 17
491 31
448 4
262 1
421 4
202 18
389 3
446 31
97 4
210 27
197 16
368 11
77 28
397 31
209 25
254 9
21 12
292 32
483 13
185 16
268 30
137 4
344 22
83 16
177 16
146 30
248 25
292 28
425 28
398 17
432 15
474 28
395 1
272 9
21 28
132 28
45 24
296 24
202 2
32 6
169 17
251 16
394 10
443 30
286 4
154 25
343 7
373 13
95 16
465 19
451 13
255 3
68 14
86 17
427 1
147 31
498 25
67 27
495 25
412 8
201 5
348 15
396 20
131 18
215 15
457 13
247 19
363 31
112 9
435 14
417 5
336 26
34 26
156 32
263 11
307 15
336 6
357 27
78 23
72 28
137 16
309 32
90 23
50 1
323 12
90 8
269 26
357 14
179 21
329 5
283 19
255 14
492 15
200 17
301 20
361 10
3 21
173 5
395 6
145 10
409 19
161 1
216 17
478 30
381 26
187 4
144 21
133 4
404 25
56 8
308 32
197 14
288 25
254 31
294 23
104 15
189 24
231 20
280 29
149 13
218 19
28 2
128 32
349 11
48 24
438 3
172 3
17 11
207 2
197 25
224 16
55 32
415 21
167 15
197 4
59 7
150 10
128 29
449 12
159 1
231 25
203 26
435 19
65 21
193 13
493 12
413 19
328 3
36 30
373 24
161 11
146 23
368 5
439 29
100 26
313 19
250 31
436 12
86 16
28 6
113 13
45 25
271 28
351 6
218 12
38 26
6 27
40 10
160 3
190 15
132 2
293 13
220 13
416 17
80 23
286 24
315 7
216 2
54 11
243 27
142 4
1 11
19 4
372 30
222 25
140 1
118 13
85 26
13 4
346 20
147 32
284 29
166 27
250 7
269 5
342 26
328 22
409 6
437 24
375 31
45 15
215 10
151 12
351 19
3 13
254 9
32 17
314 17
240 3
267 16
259 24
270 15
153 14
284 6
161 23
100 21
377 2
219 31
465 1
41 28
469 22
320 24
35 9
48 18
400 31
485 18
126 10
448 3
135 20
72 28
446 11
204 14
188 14
52 25
47 28
324 27
237 23
367 23
480 26
248 11
284 9
240 14
338 28
392 9
475 23
472 24
189 19
445 12
301 16
232 15
87 23
213 27
402 27
298 13
49 25
463 12
481 18
445 19
445 8
495 27
2 30
190 30
344 22
270 16
129 13
194 15
260 7
242 17
41 27
245 21
287 19
125 20
112 25
290 17
257 32
327 30
453 29
4 12
2 5
144 23
125 25
49 20
447 14
396 32
32 32
428 27
50 20
290 22
473 19
70 13
66 16
42 14
116 5
165 30
317 20
452 26
497 24
177 11
142 17
430 13
64 30
195 2
113 20
127 29
266 28
17 23
295 19
200 23
103 29
28 32
376 7
65 28
330 5
167 3
165 16
348 5
157 22
46 30
230 28
206 15
219 3
178 1
281 9
423 11
297 10
358 21
132 2
396 14
15 22
136 27
10 31
111 18
229 4
287 30
179 9
304 21
67 17
262 31
62 12
433 30
338 19
382 5
64 2
134 26

