128
333 10
409 31
71 21
276 30
70 26
226 13
67 25
66 11
378 27
305 4
345 14
142 28
20 27
485 7
356 25
8 24
199 1
266 9
281 25
302 6
231 23
107 5
152 12
207 21
322 31
44 2
464 17
481 12
323 17
122 22
290 25
218 12
249 3
460 14
376 25
83 14
491 5
254 30
64 32
374 22
470 9
255 10
305 20
269 3
200 6
9 13
222 6
180 23
412 11
352 3
103 22
96 18
475 1
439 10
308 1
275 30
81 22
267 2
265 27
216 12
276 28
9 29
153 16
319 9
179 22
55 29
456 27
78 6
351 29
319 27
181 14
492 5
327 30
350 11
144 10
110 23
493 14
267 6
306 6
414 24
255 24
116 6
322 2
491 13
62 26
35 26
107 30
206 9
135 4
227 18
325 8
48 17
454 26
314 19
251 3
94 26
399 29
67 12
254 10
244 27
71 30
408 9
155 18
313 21
21 3
270 1
226 13
13 31
335 7
289 5
257 26
442 3
295 29
375 20
270 6
215 8
248 2
220 30
87 32
247 7
274 24
303 11
37 24
30 11
494 26
455 6
404 13
405 10
257 23
97 14
100 11
69 31
285 4
453 31
23 15
330 4
214 12
294 10
447 23
472 32
493 3
42 4
175 14
445 23
428 9
160 31
56 24
374 32
219 26
62 29
376 3
388 13
23 13
43 17
208 10
113 20
292 22
299 26
451 3
100 6
487 19
256 30
190 1
233 4
158 27
352 1
185 31
474 11
124 4
380 15
29 12
382 25
497 24
138 3
126 2
28 4
348 11
358 30
116 30
149 5
384 1
306 21
239 19
331 10
146 26
44 2
405 25
346 5
308 12
51 9
73 14
249 32
65 14
161 4
47 30
452 3
162 13
55 28
239 21
466 20
299 29
410 19
286 15
308 5
442 30
230 6
140 26
490 4
435 2
235 17
163 14
115 28
147 9
76 25
406 29
121 12
401 2
258 14
340 21
131 10
275 32
499 30
41 20
469 31
490 7
159 20
92 2
328 14
442 7
475 7
295 19
402 27
180 16
233 3
224 27
300 22
426 27
115 18
138 19
292 3
489 30
483 13
223 6
170 9
64 32
215 14
442 1
256 5
276 16
492 19
202 19
53 3
293 27
444 27
454 3
113 6
37 19
226 31
256 12
127 3
243 22
380 29
458 24
9 5
475 8
287 17
143 31
7 7
358 7
69 7
389 30
456 9
128 30
36 8
429 14
54 19
355 26
59 24
273 16
248 23
419 19
127 17
225 26
200 10
288 24
244 8
301 28
453 5
233 24
164 1
1 21
183 8
354 2
19 30
13 27
77 7
5 27
196 29
40 15
311 19
14 22
355 27
105 11
95 9
146 10
349 6
326 28
353 12
329 12
361 13
342 29
123 18
492 10
74 11
64 20
210 30
142 24
244 26
222 22
287 3
447 11
364 28
370 21
7 2
440 16
390 5
156 1
126 3
182 3
382 2
139 11
323 32
358 22
229 3
255 27
149 9
354 12
324 11
80 11
273 31
50 26
299 5
26 24
204 4
327 21
305 17
379 3
96 32
44 8
370 2
191 6
350 8
381 13
118 17
355 30
479 16
256 18
461 17
405 28
192 3
452 24
399 14
474 2
121 17
22 14
166 12
359 27
107 3
40 4
403 30
170 2
150 25
363 2
409 27
125 29
54 12
96 16
109 14
298 5
438 27
70 16
382 4
470 24
222 17
267 25
255 28
6 28
212 12
217 29
338 25
73 3
120 12
195 28
441 4
160 23
14 17
334 3
212 15
86 25
164 20
57 14
140 10
25 3
133 5
175 27
433 23
65 32
119 15
483 27
102 26
289 15
74 22
361 29
277 10
217 4
2 6
61 13
187 25
343 4
177 14
494 25
468 26
12 6
317 18
497 26
487 17
385 20
111 25
196 11
395 4
30 32
185 30
388 24
26 26
395 18
451 24
162 11
445 1
4 25
18 16
235 28
137 27
415 7
67 30
485 21
21 30
208 10
455 31
281 16
325 27
33 31
414 10
193 2
218 25
175 27
48 13
90 8
379 4
282 25
465 30
258 1
483 1
246 21
60 10
120 24
404 4
362 21
49 31
231 22
455 17
352 30
313 5
390 3
148 19
487 8
493 8
153 11
61 18
116 8
128 3
207 31
91 20
52 19
474 10
109 8
38 24
282 22
457 11
244 4
397 18
420 13
178 20
216 2
173 23
209 32
417 7
35 31
334 18
202 12
219 26
235 20
473 24
457 13
242 32
385 31
133 28
27 10
79 2
251 19
276 19
107 17
77 17
403 19
430 32
218 28
265 16
255 10
172 23
18 9
466 6
403 6
409 18
260 15
375 26
294 11
173 20
195 5
392 9
159 5
53 20
320 1
180 14
258 11
340 32
467 25
381 26
402 6
151 13
480 29
375 21
175 19
24 1
147 11
318 14
87 18
385 14
390 4
331 28
118 30
127 1
474 31
306 20
148 4
92 24
332 6
104 7
216 20
79 15
394 16
372 13
469 28
238 19
24 21
210 13
90 8
429 8
194 6
495 10
41 26
173 9
256 12
231 23
255 21
37 29
57 32
481 5
368 2
87 27
490 4
235 8
483 20
347 17
101 9
222 2
278 26
218 1
21 24
208 4
460 28
276 16
356 8
245 23
177 11
465 31
479 23
98 25
66 20
341 3
136 2
12 29
455 13
2 32
380 21
103 15
304 2
207 11
485 19
381 17
133 17
179 11
248 20
424 17
71 12
35 2
178 22
323 8
126 28
459 5
384 9
196 31
290 18
346 18
204 10
287 32
275 17
299 2
93 14
390 11
189 5
73 6
322 11
350 28
422 20
304 21
221 19
343 6
252 28
136 7
266 26
143 32
90 17
265 14
366 18
49 22
430 5
272 16
367 9
51 20
132 10
444 24
57 26
66 32
326 21
467 27
326 13
334 23
401 26
301 26
455 29
171 1
469 10
488 15
118 26
326 14
95 9
453 31
406 2
311 23
70 5
173 3
237 10
162 13
159 30
106 14
162 20
202 26
422 29
168 15
430 9
140 24
261 1
27 18
314 21
249 24
317 25
482 9
131 19
41 5
456 26
106 9
273 31
98 10
199 9
85 16
257 20
356 1
20 30
387 22
422 27
421 10
407 6
290 21
397 6
30 8
327 11
321 11
294 18
145 4
35 13
472 11
156 27
12 20
60 30
361 9
384 21
70 10
34 3
383 18
392 24
134 6
398 10
168 11
223 4
35 21
244 2
400 16
36 11
427 19
12 11
131 31
271 12
388 24
262 6
86 21
181 3
222 31
172 9
473 6
53 23
355 28
216 26
47 19
368 13
401 11
315 31
273 21
82 16
93 23
282 22
347 18
396 4
392 3
309 25
16 25
75 2
156 7
475 31
245 30
379 30
220 2
380 16
130 6
356 2
8 21
251 7
450 14
274 22
268 22
410 24
442 28
153 2
126 20
4 27
321 10
72 25
279 19
236 1
116 7
334 20
227 25
330 1
434 3
222 22
185 3
337 6
466 5
279 32
320 6
166 9
368 17
33 26
39 8
258 27
211 28
130 9
380 7
317 25
61 30
218 1
20 26
427 30
247 13
429 22
339 22
410 2
34 30
55 8
414 21
430 20
108 15
264 3
369 5
3 30
470 9
378 2
126 4
327 32
361 27
494 3
52 19
108 21
49 30
360 22
178 30
289 1
200 4
475 1
336 30
350 10
50 27
499 7
383 9
251 15
431 28
145 18
350 20
270 30
117 1
63 3
270 27
283 10
459 6
390 6
87 7
451 8
317 25
14 31
125 20
145 3
211 29
240 29
392 25
162 1
490 13
155 23
279 5
80 5
398 9
383 12
207 25
471 16
486 1
74 18
100 27
221 3
359 8
75 7
173 24
111 26
312 9
124 11
405 16
31 23
24 25
138 7
302 21
458 3
445 3
100 8
453 8
410 20
484 8
414 16
72 32
169 3
492 24
177 20
347 28
50 31
324 12
453 5
148 26
263 20
292 27
191 25
386 5
408 17
436 5
376 11
196 8
242 11
188 26
82 6
329 8
256 9
23 8
129 18
321 20
317 29
310 31
61 15
311 32
416 15
140 31
105 7
187 6
21 6
468 14
259 20
289 15
300 7
278 9
332 23
376 28
415 9
359 7
231 29
294 22
267 9
437 4
119 27
421 31
348 8
296 10
36 1
176 23
395 14
467 31
404 26
78 22
230 20
496 25
457 1
458 27
425 2
446 23
368 7
385 27
254 32
25 9
264 28
476 7
5 30
441 12
488 30
429 25
306 28
29 2
64 31
484 4
232 26
234 28
148 14
18 13
150 26
42 13
446 21
127 30
14 23
62 9
437 10
422 6
266 18
355 1
288 2
21 16
471 30
323 26
224 32
223 25
86 28
489 15
484 24
332 1
182 21
202 2
235 11
63 4
424 13
384 12
311 8
435 9
362 5
103 17
448 9
161 29
440 13
63 19
116 23
123 18
139 28
471 9
298 26
428 2
154 16
137 20
419 7
449 28
179 31
420 14
227 20
159 10
433 21
440 4
467 14
49 22
90 8
34 15
405 10
312 6
125 28
374 15
222 22
379 12

