128
138 11
462 10
477 1
433 25
432 7
132 3
50 23
460 10
338 3
496 16
375 1
263 2
7 28
99 11
367 25
113 32
128 22
121 16
50 9
204 30
380 28
492 25
486 16
434 27
334 6
262 5
270 24
90 32
435 9
414 6
33 18
305 4
156 14
467 29
182 27
38 5
358 26
341 7
333 31
17 26
408 10
78 9
153 4
304 20
412 17
241 12
447 29
308 10
174 2
10 32
148 32
268 17
429 1
199 1
87 23
130 2
48 24
170 1
79 17
492 6
393 12
137 3
128 32
144 18
70 18
9 29
53 20
74 9
88 4
241 18
43 2
167 26
281 28
142 19
12 13
52 13
364 9
95 32
484 27
349 9
96 1
474 28
336 19
128 8
22 12
449 16
441 12
6 6
155 3
136 19
132 16
275 7
228 13
42 31
311 22
320 18
98 13
405 10
191 16
209 20
251 9
480 8
124 13
469 27
483 4
149 30
143 11
313 10
143 10
137 30
244 16
211 21
100 28
126 26
499 14
57 6
343 16
497 10
372 25
448 11
272 16
172 15
370 12
488 17
190 32
170 21
283 28
125 10
199 7
375 2
436 16
151 10
467 19
96 27
463 23
249 6
491 12
500 32
256 12
224 13
167 29
229 26
477 9
331 15
455 6
372 3
489 22
20 19
20 31
497 18
10 17
68 28
17 11
211 20
110 11
68 1
31 32
226 31
352 28
34 23
465 29
197 21
279 4
260 26
183 20
484 24
205 3
43 1
321 13
344 3
391 19
207 30
410 28
132 25
191 9
419 24
422 7
460 24
35 19
53 13
31 28
260 11
438 22
455 11
258 30
189 25
412 15
126 1
178 17
285 32
274 8
375 31
22 3
450 24
257 6
476 27
390 7
21 31
240 15
437 30
476 21
350 27
371 11
263 12
83 20
120 20
455 2
106 8
180 7
236 25
409 3
75 14
150 24
328 5
274 21
90 18
241 23
192 12
117 7
363 28
206 2
259 20
328 1
339 7
271 26
295 19
489 18
180 6
169 12
82 14
124 12
247 8
314 11
179 3
245 10
186 10
375 12
461 14
12 23
61 19
225 19
165 13
428 5
54 12
56 27
242 15
158 24
394 8
278 9
458 18
466 7
175 28
438 23
394 30
286 30
84 30
12 20
426 20
296 27
387 7
465 24
381 27
320 11
150 17
51 11
323 4
249 29
59 2
336 8
487 1
109 14
186 21
22 7
264 25
293 6
20 21
482 20
83 13
230 16
249 16
190 31
351 10
124 18
328 15
417 10
135 30
88 12
350 25
282 25
277 18
114 16
182 27
252 21
395 1
200 4
465 30
418 3
179 29
428 18
203 13
172 25
222 19
156 27
219 21
35 27
362 16
143 12
243 14
12 17
226 3
484 30
100 22
209 7
146 20
136 29
332 19
185 9
417 25
475 15
129 21
482 19
157 20
386 15
221 29
91 14
459 19
340 31
180 12
41 25
35 28
25 31
187 10
419 19
402 10
442 14
254 11
372 2
398 29
364 30
5 15
415 24
233 22
374 8
5 26
88 32
293 21
406 3
174 4
286 31
273 23
308 11
1 12
140 30
288 28
219 1
310 5
460 10
91 13
305 27
302 16
486 26
208 23
277 1
271 18
159 7
492 11
69 8
498 29
93 29
416 31
281 1
147 20
470 29
276 26
184 5
17 17
23 13
264 27
457 2
64 12
76 19
82 25
398 11
57 30
215 12
152 4
400 30
439 21
387 23
142 18
495 22
90 25
86 9
19 15
238 30
10 18
488 15
310 9
373 30
374 31
41 1
286 20
323 25
308 25
495 21
130 9
310 11
62 12
276 20
290 29
366 19
178 1
93 23
90 25
56 15
403 28
340 25
35 14
469 22
74 31
142 15
155 20
125 8
347 12
500 24
117 13
286 22
421 10
133 22
194 32
325 24
284 20
340 10
29 32
12 6
474 9
8 5
104 12
48 26
236 7
289 32
467 26
497 32
155 1
397 4
169 25
148 28
88 11
473 12
499 4
421 8
489 4
304 8
412 24
246 7
454 18
202 17
312 26
308 14
179 4
18 27
129 13
2 8
207 26
36 1
310 4
29 10
236 20
241 23
387 18
497 9
224 2
261 15
247 8
56 21
475 13
475 7
441 4
23 16
450 2
204 27
217 24
408 12
268 20
302 22
338 30
494 9
347 22
151 26
25 18
222 8
131 29
306 23
24 28
70 29
89 22
435 2
209 26
461 24
194 15
130 19
412 11
295 11
81 17
56 29
2 17
456 32
325 18
55 13
441 28
173 10
101 32
391 30
301 23
285 6
465 2
376 17
241 18
487 13
114 30
129 4
170 13
99 27
198 25
343 10
481 15
223 5
474 29
242 7
316 23
120 24
496 4
8 4
17 2
260 23
387 25
450 13
325 28
51 2
53 13
11 9
111 30
317 9
198 15
63 13
289 26
145 28
381 12
224 18
146 15
232 12
223 1
440 11
228 30
68 16
86 23
16 5
16 5
485 13
243 27
430 23
284 30
166 17
225 17
414 22
224 9
106 6
177 25
345 4
387 28
388 32
194 11
224 5
235 16
478 1
458 11
359 30
480 9
258 16
117 15
426 24
167 7
138 31
427 14
450 21
245 21
341 27
92 24
203 14
124 16
7 17
438 5
26 1
93 27
473 6
305 22
253 31
280 26
17 26
75 31
223 16
155 3
314 18
126 8
128 1
48 14
34 17
350 31
254 31
194 2
208 2
475 32
173 18
202 29
163 32
7 25
299 14
299 24
463 21
128 30
377 23
223 6
363 29
173 24
71 30
45 30
215 15
89 31
328 22
428 11
418 22
227 4
299 30
328 2
302 27
203 6
185 10
440 23
202 16
219 32
329 7
401 11
486 25
282 21
131 5
303 4
494 2
467 29
407 2
258 16
304 28
385 12
237 32
239 10
287 17
413 27
71 5
10 12
6 15
369 12
499 31
387 12
404 21
488 30
499 5
17 18
205 2
142 5
429 32
83 16
188 23
182 6
12 15
314 25
333 18
4 15
408 18
27 16
242 2
473 28
259 26
246 7
95 11
107 27
118 25
442 25
388 20
62 11
18 15
119 31
260 6
237 16
363 7
331 28
129 11
48 15
496 5
405 30
31 31
317 24
404 2
304 7
233 13
393 23
444 19
305 27
336 1
74 14
156 8
5 16
411 32
374 22
48 18
348 18
140 12
77 7
273 24
37 2
449 29
460 32
143 12
150 6
8 4
379 19
479 28
150 29
287 31
147 31
4 6
116 32
9 25
390 29
276 19
490 20
207 21
171 30
416 13
31 12
44 22
290 26
293 32
115 11
18 9
117 14
458 25
221 30
129 18
450 32
388 24
332 19
240 6
148 12
322 18
283 1
87 20
443 23
215 17
14 17
21 10
458 6
66 10
295 18
139 28
450 31
387 5
325 31
282 32
486 28
149 32
172 24
43 22
318 6
374 15
194 30
313 19
223 26
32 5
424 22
465 29
48 19
153 4
329 10
195 26
241 20
433 1
283 12
230 24
85 28
283 6
349 31
132 28
176 19
292 3
184 32
471 28
107 31
455 3
113 2
453 13
345 21
469 31
64 3
78 16
6 28
129 22
306 12
277 18
274 17
80 6
176 19
189 2
229 31
421 25
496 1
46 20
461 18
318 21
64 8
24 17
255 25
275 29
264 23
394 2
323 1
495 23
79 7
484 4
29 28
500 5
128 1
216 17
59 10
465 6
281 8
43 19
492 29
299 4
71 28
145 26
221 11
244 15
25 7
458 21
483 14
281 30
354 17
402 32
382 18
386 10
206 28
400 25
448 11
156 10
94 32
263 2
290 18
465 26
289 2
219 27
83 7
84 29
347 6
200 16
55 1
445 16
68 21
161 19
395 4
385 4
116 31
6 13
209 22
71 9
447 21
119 6
491 26
318 18
391 29
269 22
158 26
57 25
410 13
92 12
385 8
495 20
326 20
256 22
173 6
382 32
318 32
1 21
406 6
498 24
38 6
93 31
183 18
272 12
70 3
247 14
190 6
305 15
93 1
49 2
90 2
237 32
134 5
420 27
406 25
186 11
386 31
490 29
132 1
12 13
475 31
155 12
352 27
30 28
371 30
413 1
212 29
72 1
237 19
383 10
259 12
289 8
198 30
64 25
242 12
382 32
186 32
231 13
346 4
184 21
190 5
29 1
97 20
97 2
442 27
31 16
398 31
47 16
448 27
276 25
390 13
108 15
44 2
463 6
302 2
458 7
94 14
95 7
289 7
228 6
21 18
133 6
429 11
365 12
141 29
269 10
1 28
456 21
270 18
138 3
416 19
413 25
284 15
403 32
49 6
5 21
240 25
338 8
315 15
247 8
47 23
337 19
447 9
443 16
62 32
138 13
26 26
190 17
260 4
84 28
74 20
228 1
224 9
36 15
119 26
198 1
353 6
64 3
30 26
366 8
438 3
272 11
404 25
476 3
405 11
322 6
499 13
494 10
465 13
464 12
14 13
452 22
399 31
164 32
225 9
223 18
383 27
328 6
159 23
152 15
362 5
392 32
373 25
433 6
117 1
477 11
261 28
348 31
147 24
291 19
392 5

