128
297 19
137 3
222 7
409 7
255 22
433 15
360 29
29 18
413 30
280 26
249 25
18 9
356 16
360 27
183 27
409 19
161 29
134 19
224 18
233 2
63 29
344 10
334 21
88 26
98 23
83 2
363 1
390 6
440 9
448 18
175 24
101 16
457 26
422 24
331 26
9 17
170 9
167 15
429 22
101 14
472 27
76 27
135 25
256 11
66 32
48 4
115 32
427 11
85 20
102 3
1 27
160 3
315 14
377 31
431 25
472 14
12 27
88 14
364 8
424 21
251 20
20 29
471 11
288 12
498 9
174 11
203 1
373 5
10 29
463 16
78 15
46 9
185 5
438 28
180 14
328 18
185 8
147 19
498 22
414 15
26 12
197 1
272 5
97 26
318 8
425 23
346 6
335 30
307 20
430 22
337 9
120 1
308 22
380 1
51 17
4 8
84 8
156 8
121 13
489 14
312 9
36 9
87 2
38 25
345 31
82 22
428 21
54 23
318 9
96 20
78 7
148 21
2 3
16 26
55 28
411 2
473 10
226 19
167 16
155 32
434 24
193 21
289 10
300 22
31 3
178 12
345 5
268 22
479 28
468 22
343 22
251 27
176 1
225 10
444 23
205 29
467 29
90 27
347 29
416 25
135 25
336 7
121 3
176 4
442 11
485 21
225 15
99 32
415 28
445 30
54 18
235 32
102 12
330 20
416 10
176 6
190 15
28 31
318 7
410 15
198 26
395 18
480 18
25 23
21 25
104 30
322 14
298 24
365 23
75 32
224 23
181 2
465 16
76 22
115 1
393 8
230 7
437 1
132 9
307 4
281 11
78 11
100 31
230 17
205 12
448 21
406 21
194 7
188 21
4 26
457 32
317 14
35 25
98 30
65 5
170 2
167 3
152 6
177 13
434 21
36 6
13 26
10 30
16 29
178 27
203 6
119 23
171 1
272 1
22 16
377 31
385 19
141 28
12 1
120 14
402 32
179 30
301 12
324 24
88 13
186 30
339 12
161 5
308 4
481 10
471 9
372 4
251 9
243 19
33 7
60 30
222 18
52 30
129 23
41 4
79 6
210 21
382 22
278 29
153 30
222 11
467 14
330 1
458 13
183 30
139 18
128 24
183 23
85 31
405 9
231 15
54 4
252 31
161 29
328 17
138 1
287 32
494 9
25 3
393 19
497 7
153 28
94 7
154 18
350 30
6 8
244 7
223 15
198 3
375 1
47 5
425 13
320 15
153 4
73 9
403 17
279 27
44 12
93 29
253 6
458 22
225 6
21 23
48 2
181 31
94 11
139 2
116 6
140 12
154 1
17 32
485 3
314 29
19 26
429 11
52 19
233 12
440 29
427 11
322 27
113 31
38 11
136 29
413 16
272 26
44 28
325 32
435 18
260 13
247 21
75 10
279 23
130 30
59 24
408 16
14 17
146 23
327 14
55 11
409 27
156 12
466 28
183 20
321 7
352 24
483 23
421 1
85 22
182 32
457 5
375 31
313 29
373 16
6 8
230 6
106 30
69 23
69 27
323 6
45 10
13 27
304 29
491 13
187 24
236 31
113 26
113 17
334 18
416 31
117 26
104 26
235 20
144 15
275 26
248 15
344 16
198 3
397 4
239 31
360 26
225 24
436 26
248 9
379 8
460 3
13 11
68 23
439 11
253 13
381 25
31 8
112 4
74 20
416 25
442 3
490 15
450 5
208 1
398 18
212 21
432 8
123 15
322 29
61 3
273 29
427 4
368 2
235 14
46 14
458 7
128 23
5 9
224 28
274 9
1 17
329 32
413 27
282 22
216 7
12 32
487 18
495 7
476 10
148 9
231 25
359 7
403 4
435 10
279 24
246 12
397 14
415 1
229 25
246 32
95 14
283 1
47 2
287 18
359 26
394 1
390 9
299 1
468 22
270 10
145 28
81 21
293 32
53 17
396 11
168 22
260 15
422 22
432 29
328 26
494 1
82 8
325 1
28 20
318 17
242 2
164 18
207 21
21 11
181 8
261 21
109 12
3 19
326 18
91 9
427 4
225 4
319 18
92 18
45 25
495 2
223 14
312 17
318 4
39 7
452 16
199 8
319 29
442 28
338 8
500 24
468 13
475 22
478 31
336 2
179 10
364 17
191 23
33 25
210 28
7 5
223 25
73 5
461 6
389 2
398 4
265 25
316 19
2 13
9 21
371 8
370 18
292 21
112 25
69 1
100 11
186 30
335 18
66 23
123 2
92 4
194 16
236 21
298 10
6 19
278 16
198 28
313 17
208 8
17 28
96 28
54 13
289 8
390 27
34 21
160 21
384 1
184 20
66 5
209 23
287 26
150 16
485 6
177 4
385 9
171 20
161 4
465 29
463 30
303 8
70 19
472 10
167 31
425 8
488 25
6 26
470 3
462 7
116 10
350 20
182 9
36 22
96 8
291 23
57 9
406 23
259 26
432 14
236 28
361 27
340 19
201 5
21 30
467 29
151 21
192 24
337 23
174 8
430 32
342 3
112 28
465 3
329 24
500 12
103 4
139 6
78 27
454 11
352 21
291 30
89 22
185 5
61 2
60 10
377 10
328 9
1 4
211 25
39 26
244 13
273 10
434 19
424 28
5 27
160 3
480 24
128 13
24 4
226 7
382 15
336 25
443 20
353 1
368 23
66 16
384 22
49 21
392 29
56 4
99 31
42 15
462 30
95 17
209 8
420 14
274 7
151 12
147 3
72 6
245 5
181 28
31 14
297 2
54 32
170 32
67 11
82 20
232 8
365 9
200 28
234 5
94 28
393 28
238 28
106 23
305 22
462 27
367 2
108 12
110 1
424 32
340 25
55 19
385 23
215 16
406 17
408 20
332 4
91 10
116 16
404 32
334 17
458 8
475 21
472 20
194 31
463 1
251 5
307 23
288 14
70 13
322 26
396 9
129 15
426 28
34 17
219 3
398 20
419 20
241 30
159 30
136 25
170 18
489 16
373 24
201 14
173 26
123 4
27 4
406 20
199 16
133 26
10 6
93 28
105 21
21 31
470 20
87 15
394 19
319 14
203 27
411 15
41 2
294 23
489 4
370 3
491 14
456 4
87 9
132 11
85 24
157 15
308 31
249 17
170 27
170 28
438 24
98 10
317 27
100 29
442 9
344 16
175 27
136 9
51 19
156 32
270 28
394 21
407 10
481 12
413 2
447 26
434 16
383 18
138 2
407 8
302 14
67 32
400 10
441 11
320 28
438 6
259 23
18 17
176 31
92 4
500 2
289 25
285 31
387 27
4 25
206 10
394 24
133 13
326 17
447 29
20 32
438 3
418 28
147 22
158 15
385 25
480 22
294 1
48 28
391 20
324 28
357 25
219 5
213 20
266 28
245 1
395 18
267 17
341 22
258 6
356 30
359 19
167 16
303 7
183 13
118 30
492 22
426 27
166 26
458 15
297 30
420 16
236 18
356 28
303 5
278 10
458 32
345 21
139 15
43 25
44 20
30 3
485 11
449 2
444 11
285 25
312 32
136 23
93 7
327 24
307 20
53 12
239 29
444 1
396 26
401 7
497 14
325 21
236 6
335 27
32 7
271 23
26 26
242 22
100 32
365 10
171 14
374 5
166 21
489 21
155 29
499 27
170 4
484 1
449 6
435 24
492 14
322 17
463 27
486 7
130 19
172 12
120 5
264 9
214 20
346 8
492 24
370 25
371 17
417 3
374 20
298 1
57 8
233 7
34 23
285 28
273 29
19 8
205 23
28 26
34 13
137 26
273 3
38 31
211 11
314 9
306 27
301 30
434 26
436 4
456 17
335 24
381 5
323 13
135 14
355 5
75 7
398 31
497 15
341 28
93 30
144 22
469 12
315 26
329 23
73 20
175 27
215 19
464 9
491 26
387 5
322 17
188 27
11 20
358 11
243 2
61 18
200 1
330 10
134 2
116 23
294 6
317 32
48 16
45 23
82 31
235 7
447 6
474 29
458 11
11 8
132 15
438 3
303 23
49 9
276 12
495 13
158 15
281 9
295 21
95 8
459 26
130 1
103 15
65 24
285 3
464 5
350 25
451 32
19 19
88 6
15 6
67 16
97 31
228 19
375 23
470 5
4 7
441 14
54 1
222 14
431 5
106 20
437 25
432 11
407 27
304 9
305 2
296 21
420 16
347 18
198 32
330 21
266 26
10 27
126 7
361 29
267 26
40 7
374 3
213 29
194 1
53 30
238 29
454 2
224 24
303 17
467 9
473 28
254 6
255 28
65 31
492 23
432 7
90 10
206 14
290 7
170 10
452 16
394 21
417 17
56 3
389 2
55 5
457 13
47 19
392 23
29 31
497 9
265 10
470 14
92 23
220 5
156 23
20 6
427 4
18 22
211 23
207 17
323 20
425 5
78 4
35 23
50 8
271 7
321 16
136 8
202 8
25 5
230 32
258 9
184 32
490 10
238 21
10 16
416 23
133 13
102 15
303 28
402 1
170 7
164 21
486 21
364 26
74 26
406 3
102 29
310 31
186 23
343 31
311 26
481 27
103 15
461 9
438 31
330 11
437 25
115 18
210 27
432 7
276 5
317 21
129 11
23 6
377 6
212 7
475 25
481 5
479 10
186 16
156 23
226 12
359 24
13 28

