128
268 3
355 13
318 8
141 12
293 29
372 1
357 25
431 22
185 23
439 11
108 14
477 31
307 25
32 31
250 12
405 17
62 19
253 7
362 14
102 14
146 25
419 10
258 25
176 14
107 22
249 3
215 13
193 6
41 5
88 15
4 12
11 29
455 28
147 24
9 21
322 18
425 20
359 30
144 26
476 27
351 4
169 18
448 29
439 20
289 26
482 16
17 1
60 3
108 15
139 4
159 32
473 15
255 15
117 30
69 24
352 23
167 20
336 10
233 30
453 17
151 31
369 28
279 12
342 26
338 24
205 28
143 17
283 9
211 23
499 7
342 30
402 8
370 5
473 2
215 13
178 25
63 18
384 9
178 18
430 23
409 30
215 32
162 29
152 13
247 14
355 32
352 16
447 29
197 23
378 23
47 15
275 14
305 3
302 30
440 24
200 28
217 6
251 3
114 3
455 20
404 1
151 27
417 25
179 5
219 20
375 18
463 9
227 3
11 20
100 30
315 19
150 32
269 20
114 26
154 16
446 6
228 32
16 32
249 23
108 7
102 30
84 12
335 22
182 17
394 13
147 20
284 8
91 24
47 20
285 17
123 30
314 19
382 21
198 22
227 22
448 21
491 20
244 25
45 14
22 18
58 24
498 25
167 24
244 25
496 1
469 14
314 30
320 27
463 18
176 29
27 12
369 25
359 17
194 7
242 27
45 23
86 30
344 16
333 31
20 32
319 17
298 29
122 13
179 32
486 7
125 4
182 13
233 16
161 14
146 26
492 14
405 25
83 32
384 32
186 15
447 29
391 12
489 13
361 15
448 22
77 8
414 6
121 22
1 17
71 11
387 10
188 27
194 3
390 9
390 23
479 32
431 22
432 11
86 4
142 13
341 14
309 18
180 9
251 8
413 9
178 3
438 10
89 19
488 22
207 13
405 18
416 31
259 23
310 8
342 3
80 19
20 8
288 3
20 11
231 9
63 28
83 5
477 8
131 16
1 18
44 9
227 8
444 9
10 17
32 24
55 3
386 2
203 13
477 26
415 15
6 10
318 13
330 15
112 4
110 16
353 26
221 23
317 32
267 30
120 14
29 2
113 30
99 27
291 7
388 1
485 22
386 31
334 23
97 21
231 10
260 15
63 28
14 3
347 4
261 10
282 21
491 2
407 14
412 29
16 15
457 9
396 7
155 5
261 19
377 23
160 29
74 31
320 11
157 19
70 1
336 31
58 7
300 8
268 27
12 7
214 32
487 13
162 21
190 3
243 10
117 3
406 30
329 30
480 1
96 22
254 11
104 23
257 20
274 4
466 1
11 23
456 25
140 6
490 21
96 20
98 32
338 4
254 22
433 5
355 16
486 24
310 14
418 11
345 11
294 14
31 24
193 10
5 8
159 30
364 22
77 25
318 7
168 19
284 28
359 18
331 17
97 5
138 22
59 30
260 28
495 10
360 15
480 4
370 2
209 17
244 17
398 13
403 5
187 19
369 21
176 11
241 13
339 2
138 29
211 2
305 10
39 12
244 30
231 14
360 15
50 23
427 7
367 22
364 1
220 12
97 11
282 26
167 5
67 25
221 26
54 25
335 4
40 26
314 18
395 1
412 5
127 31
95 25
372 22
397 27
393 13
337 23
34 28
147 1
12 27
230 13
96 28
360 23
493 17
109 28
197 8
388 7
62 10
167 25
292 23
227 32
260 24
210 9
271 16
245 6
279 2
50 30
389 1
360 18
434 28
325 2
192 12
305 9
193 7
390 20
238 20
224 1
383 9
141 29
493 18
286 3
415 19
144 16
244 19
389 5
175 13
10 18
424 14
118 12
489 27
156 18
327 19
74 25
163 26
214 19
303 23
129 30
334 20
225 29
479 13
457 21
177 6
370 16
132 31
271 8
198 26
197 8
156 10
84 7
335 21
29 14
296 14
59 21
133 23
57 7
247 17
467 27
182 32
374 9
175 4
136 24
422 8
247 9
453 30
451 20
479 8
129 30
489 11
254 21
173 2
436 3
26 22
193 7
238 6
224 20
413 31
135 6
191 9
115 23
62 29
134 24
396 10
313 24
152 6
357 20
79 8
94 24
193 18
163 18
55 14
193 32
244 15
5 18
59 19
133 29
388 18
160 19
380 9
19 15
242 23
207 21
18 24
276 26
142 10
344 32
175 16
15 3
67 4
408 21
342 28
97 5
158 5
364 9
81 2
419 26
108 25
494 21
481 26
186 26
59 25
317 26
417 24
208 7
407 15
459 16
7 12
329 24
164 12
52 28
73 22
417 4
299 3
156 31
32 5
400 30
222 16
27 6
103 18
324 1
201 6
109 11
189 5
222 32
128 1
447 28
242 16
231 4
126 22
170 13
78 25
450 23
489 1
140 15
62 7
452 18
97 32
320 29
348 29
489 19
313 23
378 19
150 12
298 23
197 24
487 26
240 13
277 24
265 12
23 30
231 22
440 31
385 11
315 24
152 23
58 4
442 23
222 19
246 12
422 2
191 12
67 18
344 11
158 4
111 16
138 9
5 17
223 25
187 1
324 2
396 25
6 5
19 27
131 16
98 32
57 8
460 11
218 3
170 3
115 12
258 8
176 22
180 26
354 18
138 29
408 17
261 25
221 3
491 12
246 25
255 2
228 22
276 25
221 1
375 31
428 12
438 31
97 29
352 14
186 18
330 1
22 30
209 23
220 12
446 17
140 12
118 3
266 30
368 26
42 22
172 10
226 29
424 2
429 32
124 6
117 25
411 18
395 31
84 22
170 9
431 13
433 24
232 22
145 11
387 19
192 6
8 1
370 3
91 26
410 18
115 18
370 5
16 32
348 11
82 13
332 28
30 8
263 9
165 8
63 11
298 18
312 21
375 17
439 21
182 25
234 8
226 15
25 13
219 16
192 4
240 11
15 21
490 17
85 14
36 15
408 17
105 7
489 19
103 28
147 32
480 12
283 29
482 19
298 8
30 1
203 30
215 9
94 28
346 15
61 17
177 32
418 29
390 6
111 28
389 21
479 20
136 1
73 26
272 26
373 21
62 12
126 4
496 4
183 13
250 7
426 14
414 31
411 11
452 25
146 5
130 32
60 13
88 8
86 19
205 7
12 26
386 25
245 5
208 27
74 13
21 15
235 6
45 5
88 16
17 21
188 10
208 12
263 20
83 28
6 20
158 13
405 19
6 10
128 1
76 9
22 5
51 8
234 3
252 26
294 8
54 6
118 2
433 8
409 3
79 26
154 5
283 3
483 12
60 14
352 15
162 25
435 12
332 29
362 11
342 32
55 3
341 4
360 21
403 24
139 13
34 13
421 24
203 8
307 26
217 14
248 11
235 27
146 6
55 4
353 12
15 3
142 7
430 18
479 16
121 17
16 26
261 13
173 11
44 19
428 8
341 12
194 7
414 8
344 28
347 28
215 13
454 20
67 3
209 13
270 14
161 14
187 26
74 24
440 13
190 8
432 10
247 6
308 24
465 28
127 23
347 25
375 21
48 21
239 17
337 9
438 29
146 4
122 15
335 26
39 5
281 14
258 19
447 30
186 31
69 28
277 15
356 23
419 31
443 26
11 11
18 12
128 23
424 29
233 10
162 31
134 22
444 28
320 31
161 17
357 17
20 18
495 31
136 2
278 19
275 12
209 28
88 4
306 7
289 22
120 22
364 30
96 31
201 19
401 17
272 26
441 15
391 31
18 18
52 11
308 26
434 1
321 13
56 6
235 4
367 3
350 14
164 5
241 24
63 9
76 26
250 8
329 12
302 22
370 6
492 1
31 21
45 20
2 5
329 20
500 20
294 1
129 21
497 13
172 28
10 19
245 23
114 29
251 32
270 32
121 17
148 3
390 1
354 7
497 15
478 12
82 16
197 2
80 17
79 16
104 4
202 1
50 28
273 28
83 15
271 31
155 27
57 4
463 23
434 31
445 4
158 6
35 22
87 22
399 21
217 18
456 7
350 18
86 15
9 28
17 8
74 27
402 26
67 28
392 8
26 20
115 3
65 29
389 32
115 31
372 23
288 12
453 2
37 30
316 9
409 12
176 18
206 17
464 4
292 27
476 5
395 22
352 7
443 32
166 5
26 26
443 13
217 24
6 1
285 29
149 14
4 25
27 14
253 10
333 21
197 28
213 19
454 32
253 4
155 31
156 28
456 2
197 28
493 22
128 14
375 4
323 26
304 25
439 5
191 24
453 7
135 17
329 4
433 17
335 15
499 14
471 6
440 19
181 8
220 28
413 26
288 15
176 27
436 26
499 10
89 23
364 4
172 8
163 24
272 14
42 7
339 16
280 10
30 13
266 10
120 6
47 7
265 22
350 28
40 32
29 32
3 20
203 30
435 10
129 18
215 26
32 17
386 4
387 11
272 12
16 23
181 23
150 5
488 31
348 27
50 4
7 20
323 29
77 17
426 5
19 28
79 26
249 8
213 7
230 12
138 6
79 2
12 32
115 7
430 6
378 27
394 28
383 32
296 31
177 30
368 19
65 2
244 5
261 9
151 26
144 28
87 22
458 26
301 4
301 18
89 2
61 18
265 27
402 20
105 2
485 28
272 10
269 31
66 5
175 25
371 27
208 29
392 17
111 5
440 23
126 29

