128
67 24
227 5
292 24
473 16
218 12
218 7
98 11
284 27
291 5
268 31
214 17
15 25
343 22
10 22
137 26
263 7
481 1
447 25
476 31
244 29
195 13
71 8
372 30
62 30
458 18
357 15
18 7
400 20
136 9
17 4
154 7
327 19
471 21
259 30
44 18
194 30
315 28
85 22
321 6
51 26
327 15
153 24
482 16
55 17
312 20
93 25
54 31
99 1
395 21
26 6
211 24
379 5
335 7
414 12
109 12
285 3
75 13
483 16
340 5
24 19
460 20
468 18
238 22
242 5
275 15
422 17
338 13
361 25
263 14
180 31
441 8
362 19
105 28
422 16
380 2
447 24
265 14
57 7
183 26
135 13
64 20
145 14
208 17
426 19
482 9
45 23
124 18
141 4
101 11
24 13
360 22
24 32
87 12
478 5
377 16
78 12
20 14
397 3
431 30
49 28
130 6
38 22
203 27
481 4
241 12
136 16
177 19
427 3
90 21
384 2
368 25
461 7
34 6
318 4
31 30
80 9
15 17
266 26
295 22
373 15
454 12
190 2
370 13
245 27
373 12
128 4
440 8
183 9
445 20
141 16
69 12
488 20
188 21
153 7
350 9
221 11
236 19
285 17
379 17
415 31
8 6
342 31
481 12
123 26
375 19
253 16
186 32
231 26
492 15
208 29
111 20
496 10
190 20
6 4
160 4
318 31
165 4
465 21
387 3
422 14
202 22
261 19
265 31
112 8
225 11
449 3
451 12
236 4
75 5
208 2
12 9
252 16
240 28
172 27
154 18
92 19
267 4
446 28
194 17
139 14
80 7
456 26
234 27
169 16
135 4
245 6
105 16
173 24
63 24
322 9
289 25
423 16
116 32
439 29
277 13
78 12
16 25
237 5
279 1
261 17
133 5
410 17
353 10
284 31
130 26
483 10
370 2
325 14
477 3
498 17
192 20
312 3
312 32
159 31
305 27
3 5
276 5
377 20
198 28
246 15
117 25
97 7
486 17
28 26
184 29
419 3
452 6
433 28
278 11
206 6
214 8
222 5
324 30
320 26
109 9
52 14
145 32
268 26
69 7
296 4
319 30
478 19
295 10
238 8
56 7
357 25
2 22
461 26
27 20
51 12
49 26
417 29
250 12
379 10
478 10
273 20
91 18
270 9
363 19
309 14
301 29
39 7
95 3
332 5
131 18
312 19
335 8
223 4
411 5
105 4
478 25
240 20
478 29
453 4
220 13
110 8
277 24
174 27
498 13
48 16
90 15
158 9
87 17
212 9
185 25
441 3
397 4
230 27
40 18
418 15
146 15
131 7
378 4
497 32
13 32
355 14
255 17
378 5
97 2
41 21
462 25
295 10
160 13
436 28
410 2
162 28
84 32
330 22
300 2
189 20
222 3
117 16
407 23
168 19
140 32
136 17
189 30
310 20
158 30
103 8
451 25
475 14
260 4
495 27
481 23
74 6
78 15
29 12
389 8
339 28
256 6
128 32
459 5
495 13
34 2
36 32
214 22
370 17
165 16
384 29
399 25
199 32
499 23
311 11
275 9
266 6
178 17
177 17
182 23
105 23
472 16
403 17
1 4
10 29
339 13
161 25
53 27
416 12
290 3
290 16
79 28
297 25
300 25
245 1
495 5
400 7
340 14
3 24
425 24
208 3
108 12
352 9
79 19
64 24
197 9
283 32
112 27
236 16
403 32
96 1
32 7
215 23
148 30
414 4
81 1
39 25
340 2
201 18
360 20
489 9
320 15
184 32
53 31
47 27
102 30
204 1
137 2
207 24
135 4
60 20
92 2
108 15
339 12
53 22
275 9
106 26
16 5
229 32
263 7
23 32
417 22
348 9
495 22
40 22
25 27
49 28
400 20
399 30
167 11
140 29
195 17
238 10
238 15
130 24
445 4
216 25
81 23
117 15
321 1
408 5
459 12
313 23
315 11
448 29
365 7
125 7
184 15
473 13
33 26
124 17
105 27
42 21
106 10
463 30
166 7
122 5
178 2
335 17
348 14
177 32
221 6
327 12
368 23
28 16
400 27
80 12
342 9
244 7
279 2
224 28
76 5
420 26
131 26
450 18
388 22
246 28
279 24
363 14
370 30
397 29
40 29
328 13
97 7
179 23
276 22
171 16
247 18
309 1
48 18
410 19
235 3
42 2
78 20
11 7
293 12
419 8
236 10
417 12
168 7
59 24
497 21
351 23
374 15
323 17
268 8
207 6
91 16
15 4
3 22
467 19
285 13
183 8
335 15
203 6
193 21
149 17
45 3
283 15
9 29
43 16
393 2
130 15
349 28
150 20
373 28
202 17
353 32
380 31
482 11
40 3
47 1
215 8
391 26
214 20
158 20
379 26
357 24
32 6
4 26
261 4
149 30
237 29
198 12
187 11
50 31
57 21
119 32
244 1
325 17
112 14
64 23
32 25
350 15
330 1
96 22
433 29
403 25
97 16
136 20
483 26
66 7
486 16
14 9
396 30
37 4
320 28
350 19
224 7
117 17
404 9
346 12
13 25
356 29
52 7
96 2
380 1
425 13
196 14
445 32
128 13
451 23
285 28
1 28
350 9
265 9
385 18
292 21
210 23
358 18
490 1
147 29
114 27
86 17
213 30
252 20
363 18
138 19
205 18
6 15
458 26
11 11
232 11
91 21
449 16
406 30
401 25
11 18
327 4
174 27
329 18
378 11
331 23
189 16
356 11
442 2
316 20
8 15
254 10
192 31
250 9
196 10
1 22
367 20
5 28
366 26
169 28
376 16
462 1
35 26
111 28
131 14
427 6
177 13
291 32
87 8
316 6
41 9
340 11
496 20
299 9
29 19
308 17
318 22
173 32
439 27
179 9
412 10
262 4
138 28
159 32
92 11
357 20
495 32
391 14
392 5
54 32
7 26
28 25
335 32
28 29
334 19
45 2
164 18
37 17
357 8
376 16
22 20
432 4
280 2
357 7
214 6
442 28
123 22
396 13
21 12
81 15
482 13
304 25
430 20
297 11
387 24
86 12
107 29
275 30
42 31
408 3
41 10
327 3
171 18
472 19
349 24
249 26
29 16
326 2
96 26
96 30
349 6
94 28
402 24
45 32
499 29
50 27
154 32
405 4
302 12
218 14
280 23
332 8
222 25
117 9
483 21
355 3
246 16
138 27
167 23
442 29
487 28
407 24
71 20
315 12
391 16
22 2
202 1
329 12
361 18
296 11
10 26
26 31
301 11
105 16
49 19
336 19
242 3
26 8
258 4
184 20
76 13
170 25
409 30
404 5
147 24
464 20
53 29
114 26
355 11
321 8
469 20
438 10
102 4
373 11
7 4
359 26
112 20
211 28
377 22
493 32
17 16
31 30
148 5
275 18
67 31
405 11
454 19
96 8
10 4
266 28
376 16
450 23
3 8
211 20
329 19
107 10
10 5
119 13
485 29
10 23
339 23
437 12
461 20
199 30
204 5
337 31
292 14
417 23
149 7
378 18
181 28
175 26
472 1
50 9
37 4
359 23
178 32
370 2
31 21
459 10
237 23
164 12
433 29
26 25
59 11
410 28
90 4
485 6
228 27
370 32
298 12
342 23
227 24
112 30
132 22
491 4
216 15
99 16
87 17
81 13
83 18
440 1
278 29
86 25
311 19
473 20
386 14
82 9
377 1
222 16
466 12
79 1
70 2
181 4
358 25
357 12
454 24
464 31
72 17
440 10
207 16
193 1
77 6
409 2
170 14
313 27
45 4
168 19
273 12
326 22
312 6
421 13
478 13
348 17
285 3
135 32
198 23
436 14
453 8
431 2
177 32
109 13
339 24
39 7
475 21
444 6
398 28
402 23
100 29
276 5
387 2
228 16
88 3
62 20
210 12
162 30
87 18
310 13
397 9
239 11
417 14
360 22
250 1
41 17
362 20
85 28
429 24
184 12
178 9
56 3
88 21
124 31
338 10
155 14
486 30
160 14
279 7
215 20
131 15
229 4
274 25
92 22
329 11
218 10
223 1
245 6
489 12
40 26
5 15
115 6
292 30
243 22
144 22
450 10
416 14
470 6
46 13
391 22
391 28
232 9
380 12
126 16
47 18
249 12
64 15
245 11
340 4
276 15
297 9
461 28
458 6
253 28
194 28
377 8
103 16
48 19
435 29
54 18
42 11
237 13
369 13
311 5
468 23
43 8
15 11
32 21
284 4
476 1
279 32
412 22
164 23
68 10
336 9
283 1
127 23
186 12
352 4
56 19
434 2
287 25
305 30
273 28
453 28
269 32
155 4
317 10
491 28
120 14
356 14
54 23
125 27
182 8
87 17
146 24
390 20
172 30
101 28
134 18
395 22
489 18
433 5
71 19
40 14
100 3
296 14
81 32
244 26
247 6
202 32
202 28
176 13
137 4
169 18
385 31
375 5
316 32
381 11
434 8
280 18
19 19
391 3
198 6
65 24
168 6
188 9
61 11
445 26
194 29
319 3
380 18
155 11
353 16
433 2
159 13
171 1
491 17
480 17
399 32
336 2
13 31
286 6
441 30
123 23
195 9
417 22
338 31
120 10
458 21
328 5
321 30
497 31
263 8
351 5
223 23
226 12
413 15
13 30
92 15

