128
380 28
312 3
467 8
240 24
86 25
82 22
445 24
286 9
366 22
225 8
366 31
216 7
205 23
53 14
420 27
408 19
366 15
158 20
82 17
160 20
489 1
109 2
84 7
206 22
500 11
85 6
93 32
172 2
186 8
7 2
126 6
108 23
484 9
27 10
365 22
85 2
278 5
287 14
143 12
163 7
126 31
212 31
251 23
368 20
310 14
97 31
491 9
277 6
321 31
243 10
340 11
243 10
224 13
183 26
372 25
360 14
147 11
68 21
157 11
37 30
12 29
104 10
189 17
327 22
387 30
251 3
248 9
48 23
21 2
41 12
278 16
445 16
175 4
173 27
150 13
1 5
45 20
162 14
336 29
299 19
262 1
153 1
41 32
36 29
281 8
8 26
327 1
333 17
316 13
184 18
65 4
478 2
139 4
47 27
184 17
49 25
245 1
157 25
104 16
49 32
119 28
293 14
360 1
298 32
482 9
345 6
16 6
359 3
165 21
481 8
453 9
144 21
433 25
333 8
196 1
271 31
141 31
112 24
391 9
231 12
242 7
270 29
101 24
263 21
237 27
317 17
327 28
386 11
316 18
146 28
303 24
178 15
182 5
498 21
197 29
296 30
155 17
47 15
397 25
224 21
108 32
173 22
203 10
45 15
480 18
382 14
310 3
280 31
199 1
267 19
5 19
389 32
331 11
470 11
447 17
211 22
436 4
192 11
293 12
361 8
129 2
109 6
4 16
485 10
17 23
152 13
165 12
384 12
326 26
426 25
398 21
30 26
372 25
176 4
308 28
492 1
129 32
78 32
340 10
37 32
165 4
228 9
80 24
28 5
317 10
381 26
442 11
251 21
483 22
180 7
461 3
79 13
271 12
424 18
70 20
465 22
500 28
414 7
155 18
187 3
247 8
389 24
478 15
352 20
417 3
454 21
202 32
170 8
392 13
285 1
257 9
46 24
144 19
38 23
252 8
473 30
291 21
37 32
204 32
432 8
419 13
348 8
121 29
295 24
314 7
472 10
31 13
177 18
179 30
324 3
437 1
132 20
361 21
199 24
408 6
183 22
367 27
1 31
103 11
350 32
77 13
337 31
41 9
133 23
430 24
353 11
456 25
298 13
357 16
380 32
478 3
294 8
297 18
34 19
293 27
19 13
55 27
328 31
72 28
17 9
119 14
219 11
206 16
243 18
364 26
29 21
240 6
388 24
468 1
139 20
7 29
480 1
363 11
359 26
470 19
287 25
96 21
219 5
373 25
66 4
286 7
280 14
268 19
413 3
291 15
346 13
59 22
209 2
188 11
355 6
145 29
450 29
498 32
245 22
332 23
309 9
257 16
346 8
106 27
111 20
161 32
396 20
337 12
493 21
374 15
34 18
192 23
110 29
354 15
262 13
369 10
5 1
9 11
352 26
461 18
213 13
474 12
44 6
63 20
186 12
87 19
305 14
257 11
318 30
473 27
498 29
500 31
21 28
205 4
473 13
186 1
489 7
496 25
320 2
272 6
345 14
428 9
339 1
267 4
498 11
86 8
135 1
202 3
444 14
27 16
274 28
304 18
74 27
498 13
208 22
102 8
331 10
405 30
418 3
177 7
114 31
114 20
51 19
403 27
424 29
114 25
344 26
311 25
68 20
161 16
281 23
179 12
496 7
133 9
106 9
179 23
275 29
318 6
459 32
172 15
204 9
431 19
54 17
315 22
253 16
249 13
442 27
144 5
362 32
201 11
437 27
389 15
375 10
240 6
130 19
420 5
48 26
380 29
443 2
74 15
225 22
227 22
101 19
454 18
350 6
280 26
385 28
201 23
225 28
444 14
203 15
187 10
65 10
350 19
315 24
405 28
97 27
57 29
57 11
158 31
164 9
44 16
308 32
11 9
36 2
90 10
21 8
339 25
45 24
295 28
315 11
251 28
33 7
460 18
317 6
348 1
258 7
84 18
339 22
154 2
400 15
315 8
19 29
208 7
44 10
274 3
404 24
122 24
183 21
229 15
402 24
183 8
319 31
429 5
212 18
234 11
324 16
234 22
404 17
109 31
146 30
9 13
110 30
189 20
415 13
494 12
345 17
475 3
147 11
375 2
188 12
173 28
7 30
57 6
51 13
208 8
103 5
449 32
198 25
207 20
405 20
428 9
228 18
467 18
361 17
436 24
300 32
411 22
217 4
67 11
336 31
167 26
195 7
1 4
251 11
356 3
407 23
460 2
240 22
212 4
119 7
148 2
458 14
76 2
229 18
145 1
472 31
354 18
277 19
410 3
61 13
237 27
103 16
305 10
474 16
442 12
218 9
361 27
350 4
52 7
134 8
495 5
210 32
123 10
54 12
216 15
500 17
285 26
500 5
443 5
308 16
268 9
28 29
51 14
268 31
160 21
2 26
6 12
353 16
401 11
363 1
373 18
421 1
315 16
98 13
97 25
345 4
134 20
344 4
101 32
490 20
364 8
265 13
55 6
200 7
228 22
423 8
275 23
460 17
115 13
198 27
166 26
426 7
413 30
186 14
85 12
477 16
19 14
169 5
63 24
379 2
282 18
93 20
496 16
145 14
313 2
24 2
235 6
128 7
423 17
364 31
340 21
306 14
434 10
430 20
194 29
489 15
462 29
382 21
336 6
271 8
71 10
125 1
447 16
156 17
269 27
79 28
211 29
466 16
210 27
343 7
407 23
81 4
115 23
29 31
44 27
98 3
296 15
271 19
178 10
463 30
297 18
54 19
278 3
355 19
265 5
242 20
380 14
243 14
488 15
296 32
421 18
498 13
320 4
311 29
46 1
295 18
18 20
404 31
70 6
282 18
307 11
209 6
48 28
383 28
222 31
67 19
424 28
211 15
183 29
91 12
145 5
273 15
436 1
309 13
286 30
191 16
316 3
481 32
350 8
399 8
246 21
418 21
380 24
263 14
500 13
494 16
442 22
10 9
146 11
234 28
112 20
227 16
174 32
495 20
275 9
151 12
61 20
40 12
399 2
205 30
358 18
97 31
316 11
28 29
129 29
244 28
36 3
371 5
30 25
288 8
461 18
175 29
357 18
312 15
219 1
356 32
66 25
227 25
411 6
46 23
366 13
482 17
463 29
313 16
69 13
499 22
242 9
402 3
442 26
57 12
434 29
88 11
217 10
436 23
271 25
17 16
325 30
240 20
202 20
483 15
356 26
4 30
358 21
48 28
322 16
311 7
368 18
310 32
415 21
414 9
429 2
172 17
132 23
392 25
315 7
307 10
60 10
119 1
419 6
68 12
474 3
199 1
480 4
129 15
456 22
431 4
324 15
340 23
13 24
139 15
310 22
349 29
107 31
489 29
337 25
469 26
139 27
2 14
378 26
364 21
172 19
420 7
249 11
301 5
194 11
440 31
236 12
75 31
458 24
423 14
472 3
307 10
409 1
431 26
290 19
322 9
293 5
159 5
204 11
153 17
102 28
104 21
83 10
383 17
445 14
38 16
48 5
229 13
5 16
446 30
10 20
459 6
212 21
194 7
280 18
16 21
494 7
69 20
500 28
320 17
109 2
64 24
54 25
316 10
156 10
55 9
233 13
318 20
482 23
63 1
412 18
141 21
400 29
333 7
12 12
47 32
361 23
128 18
107 27
175 22
56 2
130 32
94 11
436 15
13 14
187 8
279 3
181 22
388 5
280 23
164 19
19 29
141 14
494 23
440 9
212 12
102 9
135 23
491 30
122 19
419 20
426 9
487 22
226 22
470 26
124 10
388 2
214 20
491 19
478 23
227 21
278 4
233 12
375 15
334 32
77 20
7 26
301 9
312 26
70 9
235 10
118 30
187 23
353 26
390 26
460 4
74 17
296 10
500 2
232 5
369 24
289 19
14 21
72 1
466 25
309 1
334 27
26 13
109 15
50 26
264 21
466 22
449 5
347 32
282 23
485 6
90 29
228 31
361 19
131 30
440 8
230 13
218 28
497 18
190 30
28 17
406 9
142 22
105 5
6 18
271 26
239 8
114 14
167 6
117 5
3 12
88 1
32 13
44 17
335 5
74 10
37 32
206 27
37 30
371 10
399 25
383 5
204 24
454 6
173 18
19 32
477 22
112 21
115 27
389 1
387 18
162 19
145 27
453 6
380 11
427 6
167 18
266 3
157 27
92 6
141 18
357 9
68 4
329 10
474 1
334 28
31 19
134 3
213 27
60 4
261 23
221 8
148 18
150 16
56 17
337 24
203 25
369 10
12 29
155 25
266 28
196 16
334 2
322 26
268 26
341 32
72 5
307 23
250 16
226 1
49 27
205 3
107 25
224 15
121 30
455 18
69 27
33 6
332 19
151 23
440 27
126 27
255 29
81 20
240 22
160 12
72 12
390 3
288 25
149 25
194 23
146 14
105 11
15 12
385 17
34 8
7 24
186 9
296 18
116 31
275 16
27 23
343 24
25 31
233 9
95 6
479 32
40 16
270 6
223 6
71 29
329 1
472 14
394 7
131 5
5 6
488 15
104 15
299 20
17 23
356 3
160 26
202 15
121 12
457 4
329 11
304 30
159 19
23 20
393 10
413 29
263 12
280 10
286 18
197 6
312 24
264 3
237 10
374 26
141 6
53 5
60 28
126 26

