128
377 12
328 24
262 2
268 19
74 23
68 12
344 5
101 13
328 5
288 24
59 1
362 3
95 26
78 18
237 11
130 1
470 1
61 24
123 28
158 28
426 9
43 13
249 7
82 8
140 21
395 6
169 8
48 3
241 29
145 29
367 14
294 29
286 22
420 16
237 29
307 2
153 17
282 17
344 7
32 3
287 23
384 15
34 16
70 31
408 6
307 19
191 24
463 32
157 2
236 29
310 26
406 2
391 12
66 2
106 9
272 13
23 11
199 29
290 12
387 6
333 21
176 3
145 6
351 25
371 18
46 4
127 19
493 21
342 22
306 16
6 25
340 29
84 22
289 29
10 19
274 18
219 25
217 19
438 23
16 4
4 1
339 18
215 11
351 17
92 28
4 30
85 27
478 24
84 18
244 17
144 22
287 10
466 23
77 12
273 8
63 20
356 22
257 26
288 11
126 32
115 9
329 27
323 22
218 19
127 5
351 10
478 5
131 8
343 15
51 7
150 1
390 29
218 31
427 22
105 32
89 15
33 17
269 11
278 26
465 12
299 32
173 24
156 7
423 31
214 17
465 11
290 31
220 7
57 30
216 5
49 16
84 5
72 28
140 5
190 12
104 20
271 4
115 15
431 10
481 32
214 17
358 11
3 17
362 11
426 13
424 11
233 3
259 28
210 30
357 19
354 16
238 20
88 17
254 30
94 14
365 19
31 6
162 13
3 15
296 4
99 7
458 23
77 29
339 6
466 19
37 3
6 30
295 21
330 24
462 7
486 14
434 4
400 23
104 10
117 7
385 31
469 27
250 21
411 8
183 16
486 19
195 27
344 9
436 30
92 1
300 5
427 29
444 2
179 24
431 23
150 23
362 11
9 11
15 7
402 25
295 11
119 9
229 27
33 20
340 16
413 27
201 3
76 28
368 10
395 14
49 17
316 22
15 21
76 25
243 17
430 17
215 28
229 31
362 9
459 13
237 7
44 13
413 31
284 12
372 27
281 8
427 28
385 5
420 28
25 11
288 14
403 6
206 20
297 31
244 23
472 20
329 19
268 5
485 8
224 24
434 8
332 12
99 28
4 19
176 12
385 3
186 23
317 3
270 13
309 6
71 12
345 31
146 25
343 14
368 18
190 1
421 5
364 27
236 27
241 23
98 9
226 31
264 2
173 9
358 2
398 16
113 7
30 11
59 16
240 30
289 29
430 25
449 9
79 1
363 32
447 8
296 16
95 7
417 7
296 30
100 29
53 21
139 26
323 1
305 22
326 9
491 27
153 19
399 20
475 5
403 10
425 26
445 19
461 10
137 16
339 1
300 20
153 15
177 19
487 22
388 13
426 26
271 31
21 10
162 31
134 4
268 26
465 1
76 29
426 5
32 16
153 24
359 25
122 16
131 20
17 18
476 2
100 7
372 24
268 17
466 29
448 30
311 17
298 2
189 7
302 25
190 10
404 25
110 21
84 12
188 12
462 8
245 9
410 13
384 29
1 21
281 17
82 15
361 15
33 13
453 22
121 11
344 20
191 1
252 10
397 16
225 10
455 1
122 4
437 17
244 10
205 24
238 23
171 26
17 23
350 26
92 11
464 11
346 6
240 6
279 24
241 3
197 11
175 18
410 16
174 13
253 6
380 18
16 10
291 1
456 16
354 12
462 29
482 24
322 1
461 16
208 17
158 24
395 20
73 8
147 10
308 27
328 23
92 11
441 22
227 32
226 4
295 31
248 1
50 1
201 18
372 25
210 1
16 28
213 25
259 23
390 22
314 17
457 29
412 13
491 6
144 24
422 23
458 9
271 12
90 23
17 25
83 31
342 31
34 14
391 29
116 24
210 21
349 30
186 4
414 4
453 22
95 18
200 16
43 2
411 4
144 24
296 7
358 21
29 15
394 27
35 6
50 29
142 26
262 11
361 4
206 6
85 8
39 4
204 17
457 18
416 28
245 16
178 30
52 6
197 6
328 23
307 18
327 4
479 13
127 8
116 28
357 8
484 3
187 27
180 15
4 7
94 21
10 12
202 26
181 30
359 17
129 9
90 7
316 12
247 26
111 2
126 31
117 25
214 19
499 21
149 30
191 11
250 17
70 4
114 6
349 8
462 21
488 23
488 27
471 14
97 21
300 10
400 24
34 21
423 20
209 11
33 3
165 3
99 10
86 28
188 6
35 5
467 18
200 22
29 30
39 1
102 18
198 5
458 11
317 20
114 1
450 14
424 19
280 22
52 21
438 11
3 20
388 21
198 11
274 18
460 12
202 25
354 27
414 7
333 22
42 2
255 23
443 26
309 31
403 5
291 32
303 13
164 30
113 25
480 10
438 15
254 27
352 19
241 5
269 25
198 18
18 16
152 8
333 17
34 24
25 25
427 3
469 10
369 6
154 8
23 11
491 4
81 30
382 25
310 14
393 27
163 10
163 7
74 19
479 23
82 11
135 1
181 20
154 13
389 12
453 7
250 11
187 27
136 32
3 9
422 4
155 12
361 13
250 30
164 8
393 9
434 3
309 31
482 19
219 14
122 31
133 19
113 31
405 16
90 32
396 11
359 27
299 15
367 8
153 6
480 1
127 1
275 23
231 25
249 10
330 6
472 26
445 17
484 5
184 22
460 24
140 6
482 22
37 24
42 1
82 13
289 12
137 3
346 12
23 11
169 1
316 28
370 8
76 18
461 12
131 16
395 6
238 20
412 10
427 25
166 8
177 10
419 17
368 21
384 7
359 16
299 14
44 32
286 23
373 2
434 23
17 4
329 6
55 24
83 2
396 24
341 20
53 28
236 13
24 32
367 14
375 25
259 26
184 16
241 9
141 18
263 2
2 27
467 12
34 22
389 1
149 22
352 14
489 24
326 32
411 12
97 5
208 7
55 27
251 15
151 7
320 2
252 21
208 15
81 14
120 13
22 16
198 2
321 18
17 22
253 15
41 29
63 4
204 17
343 26
467 1
196 31
258 8
311 30
18 19
59 25
212 24
256 1
157 5
299 17
278 3
451 27
252 18
418 3
186 28
112 1
105 27
291 30
106 17
179 23
344 5
463 3
21 23
315 21
351 21
202 20
368 4
298 23
369 12
277 23
179 20
207 3
46 21
349 16
449 27
478 8
468 21
198 28
363 13
368 5
181 21
192 24
425 6
370 13
261 6
199 23
385 25
278 7
105 26
82 18
4 27
49 19
351 3
162 25
463 30
129 15
302 21
395 10
366 20
223 10
262 25
268 18
382 25
76 30
170 13
243 6
420 8
200 22
242 6
187 24
95 11
198 20
487 12
326 24
208 20
329 25
24 1
466 29
493 2
95 11
402 9
40 21
480 7
443 25
452 25
276 14
295 22
146 2
269 31
133 32
222 26
148 29
410 2
354 18
7 20
416 16
136 11
81 12
398 15
40 29
355 20
247 9
493 12
430 9
66 3
441 27
228 32
235 21
405 16
242 3
35 2
23 31
168 23
490 29
329 13
266 11
48 4
331 8
107 29
5 24
379 25
162 26
236 8
446 25
484 19
255 26
48 13
244 32
231 1
132 7
466 21
445 13
260 4
405 6
240 5
389 30
409 14
427 20
298 4
488 13
262 7
354 10
19 30
229 22
182 4
12 11
109 13
12 16
84 12
438 15
28 18
144 12
80 2
283 21
293 11
9 26
13 6
67 3
311 11
484 1
7 20
491 7
156 2
186 15
121 11
265 28
301 8
435 28
181 6
108 13
340 16
378 32
181 9
86 24
91 26
336 1
121 2
63 12
180 29
366 16
223 22
152 3
93 18
254 5
155 13
97 6
180 22
49 17
270 7
56 17
408 31
161 12
420 24
303 3
176 16
103 26
353 30
273 1
191 26
217 6
443 21
43 2
490 16
186 8
78 25
324 21
483 8
364 23
263 22
353 18
37 11
188 9
60 8
185 23
41 13
448 7
417 6
309 10
433 26
369 10
87 8
346 9
380 29
175 14
78 24
432 22
334 11
354 10
282 6
496 18
290 27
9 18
432 1
464 21
162 12
226 12
376 28
21 3
336 19
248 10
74 15
379 12
1 29
5 10
122 20
308 20
442 20
321 13
484 32
441 13
320 31
97 31
294 13
153 17
163 16
42 9
283 25
200 23
5 8
269 22
55 28
389 8
95 14
72 2
197 21
426 24
31 6
62 12
490 22
304 17
466 22
93 4
470 12
234 2
347 26
451 13
429 32
248 3
401 7
100 25
183 18
113 13
399 6
240 9
240 20
245 1
93 17
156 22
184 29
35 14
243 13
282 11
176 13
194 24
51 17
377 14
22 1
2 25
366 18
13 1
489 25
13 13
149 4
142 4
409 24
213 23
364 10
173 16
226 14
319 8
363 23
65 32
387 15
8 29
160 24
209 4
480 30
228 24
241 17
311 1
248 11
151 11
220 24
354 9
41 1
277 3
71 5
139 14
407 26
62 18
18 6
65 1
491 4
329 4
364 19
232 27
14 27
426 17
410 31
382 22
155 10
205 22
350 27
387 1
340 12
26 5
217 7
58 20
234 30
291 30
376 26
60 13
256 29
326 5
468 23
467 26
68 19
51 13
365 17
25 32
384 31
265 13
141 10
160 14
59 22
323 22
175 3
27 3

