128
201 16
489 13
278 16
239 15
124 10
379 17
295 18
374 31
478 26
49 7
344 30
459 5
187 20
492 19
308 32
265 32
359 5
140 8
1 26
98 8
264 21
160 10
290 10
484 31
471 16
210 23
21 24
479 15
247 30
426 30
421 26
61 11
147 8
267 19
281 8
326 4
192 18
305 2
371 20
304 29
172 5
359 16
32 13
103 6
159 32
331 7
273 31
62 23
294 4
269 7
43 3
322 7
284 23
68 14
266 7
198 13
236 29
185 7
97 27
397 19
18 15
38 18
470 11
413 19
278 17
41 24
479 3
54 6
193 5
267 2
196 29
99 23
373 11
401 1
421 9
76 30
24 13
431 5
211 23
311 4
228 16
159 26
418 25
468 10
37 18
419 8
50 25
366 6
299 27
391 7
415 26
360 26
430 19
486 28
485 21
331 16
352 25
270 21
53 9
230 14
174 8
173 8
165 19
497 3
9 19
386 15
204 13
65 17
239 6
476 8
198 10
287 29
295 32
169 19
496 14
288 2
398 21
245 22
203 21
228 19
480 1
337 19
210 9
372 12
155 15
23 8
153 10
253 27
421 21
145 17
23 13
438 24
245 26
185 7
126 4
361 21
377 25
492 18
450 11
237 16
61 16
307 17
125 27
11 1
36 24
313 18
292 2
181 4
135 21
186 9
128 2
217 28
94 4
145 27
422 10
350 7
345 1
47 17
419 2
217 10
269 2
363 28
131 3
447 30
259 8
378 15
29 2
242 2
154 23
369 19
472 6
261 24
226 16
488 1
421 24
302 9
233 5
248 28
59 2
333 30
29 30
56 17
155 21
382 4
387 14
439 10
320 15
25 25
62 8
393 14
216 3
170 24
211 25
367 13
166 11
438 2
260 21
102 7
494 4
278 20
437 32
238 4
471 30
153 12
126 21
366 5
91 15
344 29
8 15
422 1
261 19
219 1
204 20
139 17
7 16
428 8
188 1
51 30
131 7
393 4
452 2
152 18
349 3
195 24
205 24
380 10
326 26
338 17
474 16
77 4
447 5
275 14
373 22
495 3
232 20
314 23
349 13
77 5
460 23
404 32
238 20
481 23
85 18
444 26
497 8
390 32
228 8
281 17
193 24
307 25
15 25
311 31
85 23
412 20
9 31
60 26
450 28
161 31
62 24
444 14
475 21
205 11
201 26
155 25
465 13
21 27
433 32
45 10
70 28
413 3
475 16
28 12
216 12
162 25
143 2
38 2
142 19
172 18
432 6
87 28
490 27
78 23
290 14
292 16
282 28
142 4
380 13
31 23
61 25
75 27
150 20
24 15
354 7
133 17
224 11
32 30
177 1
340 31
435 19
178 24
38 31
323 25
191 9
215 3
397 29
306 26
401 25
337 22
228 9
243 11
391 18
220 23
87 27
385 1
41 2
88 27
84 18
347 11
466 2
229 27
202 10
408 14
67 28
60 2
416 10
448 22
427 20
225 13
78 1
237 27
227 4
49 2
437 7
288 15
160 25
265 6
402 28
315 4
472 22
113 27
27 17
45 26
284 29
170 17
81 19
331 31
82 31
321 11
478 12
125 13
476 1
202 6
264 5
197 19
94 14
474 25
74 30
278 1
490 23
69 22
205 28
81 31
482 21
361 31
8 1
300 4
225 29
213 28
369 17
427 27
70 28
435 27
269 4
203 18
10 12
31 3
375 27
57 32
11 9
19 15
401 10
354 9
170 26
316 7
326 18
205 8
345 19
390 5
54 29
74 15
68 29
481 14
215 17
1 6
453 11
96 1
188 5
33 26
218 13
100 7
294 32
290 11
294 16
103 7
476 5
261 19
133 6
188 23
130 12
424 15
59 15
491 10
23 24
307 16
224 2
135 1
209 4
7 18
307 26
200 30
490 13
380 30
54 15
320 7
107 16
469 17
466 4
114 17
335 29
80 30
178 22
426 31
194 9
92 12
246 8
486 31
104 25
208 5
136 15
43 2
474 32
110 28
175 11
132 29
495 11
418 5
481 23
263 26
479 18
25 32
497 14
162 12
79 25
312 14
100 27
307 5
70 32
216 28
490 11
456 17
114 17
9 22
419 23
119 6
476 19
325 1
357 3
276 7
207 28
352 2
294 2
231 15
425 6
310 10
349 1
250 6
341 14
259 23
380 9
360 12
75 1
32 27
23 23
69 29
246 20
387 7
429 5
105 21
118 30
119 26
382 24
131 14
330 25
185 9
469 32
268 28
80 31
326 2
106 23
183 7
166 29
94 31
37 2
151 10
316 17
472 29
341 2
123 14
343 15
82 27
202 10
58 14
148 12
235 29
130 13
160 11
337 17
93 9
302 28
379 17
216 22
370 20
303 24
429 17
150 23
160 19
212 1
336 7
452 15
168 13
487 7
228 4
431 32
48 8
267 30
53 7
127 6
390 10
265 27
278 2
33 5
468 16
358 20
306 17
226 25
242 28
151 21
239 21
492 11
165 15
64 21
93 27
490 14
176 22
356 29
371 24
94 10
483 7
493 29
463 30
113 20
282 20
376 24
344 28
158 4
330 10
76 30
468 17
107 7
170 19
447 28
202 4
230 17
194 2
473 1
292 1
212 25
200 28
444 28
307 18
403 32
27 23
409 30
395 7
488 13
181 6
308 3
178 13
67 19
111 31
231 14
475 7
326 19
30 21
70 24
74 12
323 32
302 19
445 9
449 32
317 18
70 28
364 15
161 6
321 23
320 20
24 2
346 9
320 27
469 1
414 3
213 8
346 14
22 31
414 18
426 10
303 3
354 22
93 14
95 18
488 30
169 7
60 30
211 19
92 11
268 9
425 32
444 15
345 9
413 3
286 10
340 29
185 17
106 29
262 13
246 1
466 18
111 9
279 21
256 6
204 15
78 12
354 29
250 26
337 6
160 31
352 8
415 28
396 12
16 22
72 6
258 2
27 29
414 6
189 5
27 16
43 25
372 32
477 21
298 26
487 21
492 10
160 18
77 20
277 28
65 21
205 30
90 24
42 31
389 11
376 7
326 22
223 21
18 20
22 15
217 4
123 4
197 31
317 17
190 17
216 26
145 13
279 26
356 17
441 32
255 28
214 20
85 5
481 6
488 18
268 4
361 23
115 1
25 27
33 6
227 28
171 16
372 21
309 11
473 1
26 31
416 16
159 13
28 27
306 11
492 6
274 32
168 20
112 16
170 16
109 24
243 19
471 19
283 16
397 12
380 7
334 12
14 28
352 9
334 9
259 1
434 32
380 9
271 31
496 32
486 12
39 25
86 30
399 5
141 7
476 28
69 25
19 2
153 30
326 10
231 28
15 20
467 10
117 13
237 20
380 22
68 3
154 29
132 24
225 12
51 16
495 11
361 14
405 29
87 22
202 17
18 16
333 12
110 1
425 2
412 4
271 19
278 5
484 5
180 16
32 26
260 23
201 8
392 17
484 14
38 9
147 23
253 3
243 18
279 27
411 22
26 9
21 4
457 24
212 9
63 24
218 6
122 6
293 17
78 16
194 28
313 28
22 17
170 20
278 32
486 20
490 12
220 30
315 9
365 22
165 27
473 18
101 26
356 13
310 13
21 8
400 21
343 26
101 1
389 6
164 27
417 21
238 20
14 20
164 6
281 12
157 22
266 1
199 21
353 25
405 9
364 9
409 2
78 1
422 14
238 2
44 30
90 13
142 8
184 13
333 9
337 13
70 22
449 12
74 26
480 10
378 3
282 31
253 19
147 6
29 5
463 8
242 29
353 19
360 20
40 16
204 24
33 25
181 9
245 22
486 8
83 4
271 17
354 15
427 32
48 3
88 27
379 6
415 31
64 26
322 23
317 14
182 5
298 26
34 10
467 15
470 14
86 28
266 19
262 32
291 29
203 22
171 13
59 13
15 19
62 28
77 15
213 23
431 15
472 32
404 31
187 9
488 32
464 9
63 13
500 5
386 10
434 32
134 21
197 32
319 18
188 15
340 4
357 19
262 21
86 10
119 32
242 30
248 22
62 18
282 13
218 11
467 15
427 12
347 23
304 9
84 7
264 8
242 28
46 28
300 11
373 2
459 22
375 10
171 4
219 13
53 16
471 7
438 1
322 1
75 29
153 31
467 32
286 13
388 31
416 11
165 12
457 19
105 11
180 12
471 22
80 31
185 14
245 3
3 22
111 5
191 11
439 21
31 8
69 6
258 8
308 15
475 28
249 20
299 29
207 21
30 22
495 23
391 23
189 17
156 27
174 30
413 24
207 15
188 19
212 5
463 4
219 13
135 20
368 5
100 30
405 1
415 11
195 22
341 15
50 13
33 27
46 14
187 28
240 18
231 16
170 9
323 9
333 17
60 21
94 11
478 14
139 5
453 2
50 25
420 31
493 25
174 15
102 12
494 1
437 24
144 18
120 2
198 21
127 21
153 8
119 26
421 10
374 13
295 23
18 26
374 10
370 15
400 23
110 2
16 22
469 7
3 25
329 1
41 27
309 21
26 20
26 22
37 12
319 7
26 8
248 23
49 18
297 9
144 30
194 31
303 2
22 26
102 14
358 6
8 14
390 9
445 8
330 29
19 32
367 20
39 3
295 24
436 15
388 27
349 9
442 31
94 31
308 4

