128
190 14
265 31
478 2
265 30
363 14
462 2
165 8
305 10
202 24
404 17
281 21
160 11
224 9
38 19
7 12
422 4
217 6
126 14
92 10
404 30
287 29
199 32
120 19
429 25
215 20
117 11
288 32
134 16
188 23
78 26
462 19
241 26
184 31
76 31
108 19
80 31
47 26
50 18
485 6
486 23
161 18
45 32
229 22
459 24
201 16
461 14
386 13
192 26
419 15
48 19
449 20
273 15
109 14
160 25
151 9
495 11
98 16
258 10
69 25
445 17
456 17
135 10
309 6
115 8
148 26
106 20
493 10
442 26
51 1
398 9
97 1
363 2
136 28
75 20
40 11
29 28
127 3
41 23
192 7
14 27
20 23
286 13
200 15
466 22
31 23
302 23
311 16
24 6
136 2
2 31
320 30
22 6
396 30
84 7
68 26
277 4
420 14
452 16
492 21
221 10
335 3
500 2
390 23
443 29
324 32
404 3
177 21
292 28
191 3
158 22
324 2
49 12
51 8
215 10
472 31
415 7
161 18
304 19
140 14
279 31
42 10
309 10
311 8
290 17
327 7
462 6
85 31
245 23
214 11
29 2
246 19
492 10
61 15
160 12
392 11
367 9
472 11
151 18
479 24
134 29
238 8
454 6
458 19
309 11
9 29
208 6
483 19
364 19
197 11
95 29
461 9
21 9
191 23
418 5
314 28
177 12
351 3
77 8
181 13
330 17
425 30
147 24
440 6
302 17
384 8
225 5
412 17
481 3
120 6
475 21
301 8
336 3
134 17
310 30
1 28
58 6
381 4
37 8
65 6
308 25
438 4
145 29
481 9
7 28
374 6
384 15
337 16
29 22
484 27
487 28
182 32
261 14
100 29
85 12
339 13
464 16
128 32
328 4
84 11
207 22
20 15
484 28
162 20
177 29
202 3
480 3
262 25
500 5
241 5
377 23
181 20
58 32
300 18
416 27
424 2
192 11
64 19
150 13
391 22
73 20
44 1
179 25
497 6
18 13
466 14
20 26
437 9
454 20
314 29
323 21
342 30
383 14
393 4
186 23
413 3
226 16
163 32
465 27
286 6
99 15
79 10
397 19
47 2
455 12
70 21
153 27
494 31
372 2
271 2
20 27
168 2
343 6
1 19
340 6
140 6
389 10
260 29
436 2
486 2
221 27
370 13
169 8
112 29
101 14
450 1
268 1
218 18
298 2
120 5
208 27
130 28
328 25
84 32
398 21
5 7
327 23
195 3
90 30
91 6
39 28
14 19
8 7
120 1
153 8
145 16
350 15
159 6
15 2
441 1
14 5
235 4
171 25
38 24
87 5
154 1
20 3
283 28
250 23
36 18
346 1
113 31
159 11
372 21
364 8
141 1
109 27
68 7
156 9
243 10
85 28
218 13
414 29
336 7
107 3
416 16
107 24
498 17
150 18
142 13
33 26
241 5
9 16
124 8
117 10
257 5
465 26
9 2
326 24
393 8
419 32
87 29
188 5
142 25
454 19
202 14
120 18
183 32
306 30
495 26
375 23
326 11
429 15
68 6
382 20
390 32
120 4
177 11
412 10
495 29
156 8
55 7
194 29
255 27
394 13
272 32
204 17
310 20
135 21
237 5
41 6
168 28
306 32
170 17
365 8
434 4
64 24
295 9
428 17
107 13
1 22
292 32
30 21
187 5
181 12
33 17
253 12
232 26
44 17
275 20
417 24
280 8
399 2
88 2
326 18
350 14
127 25
382 12
93 32
320 21
343 24
346 28
52 17
5 15
330 31
206 26
190 25
429 4
410 16
265 11
413 18
265 7
106 6
194 22
65 2
175 16
69 16
207 28
448 31
418 1
342 12
226 19
312 26
471 30
21 27
160 9
53 32
323 22
421 1
412 10
234 22
449 26
105 3
274 4
217 31
181 30
370 30
293 14
412 7
107 32
53 18
217 13
394 23
319 22
259 14
355 24
315 23
146 7
309 7
322 26
313 14
139 15
260 7
216 3
397 6
306 14
291 10
258 8
413 28
54 23
305 28
15 11
63 32
389 11
430 27
100 10
416 27
276 19
373 19
49 14
16 23
71 15
228 20
46 32
256 19
15 24
7 5
383 1
40 19
291 9
185 15
62 21
333 10
127 9
32 28
326 20
382 16
58 17
428 23
101 19
54 7
446 24
495 12
480 14
451 2
2 11
364 7
235 24
104 6
105 12
389 22
35 18
30 32
230 9
398 18
491 31
148 4
362 2
116 13
175 14
463 4
52 30
443 23
78 26
352 22
33 28
463 3
213 16
362 14
300 24
476 18
62 23
78 12
117 5
116 7
462 6
23 9
460 21
3 25
362 26
70 19
297 24
313 1
376 23
7 31
138 14
317 3
308 6
474 28
290 6
419 27
371 13
467 14
257 2
218 14
175 19
364 16
171 21
36 18
407 30
220 24
227 32
94 15
133 8
310 14
361 12
228 23
20 11
413 24
16 10
246 6
121 5
217 7
341 5
336 3
146 7
290 13
147 20
259 11
155 4
257 7
148 32
97 7
178 1
295 21
343 4
87 7
352 15
105 1
407 4
291 21
198 29
129 16
168 27
327 10
306 19
336 13
66 12
324 28
293 18
140 23
9 10
301 28
29 9
52 11
196 31
191 21
127 31
441 10
57 31
115 23
349 2
19 2
233 22
361 25
311 13
363 27
226 11
31 14
419 18
393 30
128 23
211 10
402 23
47 14
269 5
24 5
314 7
234 19
440 3
275 3
95 26
421 4
4 19
278 23
385 10
388 20
104 6
266 21
100 16
19 16
177 6
336 26
288 26
388 8
16 23
330 10
4 6
133 19
53 30
133 29
283 29
152 7
470 13
447 30
81 29
141 17
359 1
98 14
250 22
77 21
352 30
226 27
8 10
65 28
472 22
200 14
70 7
196 19
472 15
460 16
459 29
12 13
281 9
315 22
446 15
294 9
149 7
3 16
432 16
419 23
117 2
361 22
172 24
76 27
402 24
398 17
340 9
177 16
18 23
1 15
86 14
464 18
16 26
445 3
385 11
202 13
184 30
38 19
173 10
202 27
353 23
435 20
8 7
163 17
158 7
191 3
308 22
180 7
472 20
473 24
190 2
413 9
291 6
431 20
267 8
38 15
435 24
162 30
286 4
22 27
338 12
37 29
70 16
171 17
395 12
100 32
21 12
308 12
314 3
275 32
74 12
51 8
487 16
153 32
388 18
67 29
90 23
222 31
375 28
199 9
239 22
353 20
162 16
71 19
250 29
258 28
212 32
35 10
20 8
469 3
65 3
483 22
342 24
164 32
152 2
484 26
364 16
149 25
348 11
203 17
119 28
124 14
120 15
27 11
402 32
397 14
234 11
472 27
139 23
142 22
349 2
179 16
165 28
440 16
102 18
165 13
453 12
402 8
150 17
62 15
480 30
369 17
393 32
492 11
326 5
172 14
462 14
89 23
233 4
194 15
169 6
407 2
498 20
397 11
292 27
402 19
268 22
336 32
461 15
394 10
311 9
164 25
267 20
103 31
280 20
185 12
6 7
125 11
455 22
205 30
480 14
17 7
227 20
463 23
178 16
177 20
421 24
464 15
443 26
389 2
66 26
374 7
368 26
277 26
19 5
68 30
439 8
301 21
287 11
204 28
118 12
155 18
219 27
280 13
388 13
235 1
94 28
375 5
457 23
487 4
484 22
29 14
341 5
438 23
443 13
146 9
20 32
154 26
122 26
103 14
454 21
462 11
148 21
211 4
191 13
283 6
102 8
299 30
492 21
272 27
229 5
199 25
69 28
42 30
137 24
51 26
184 25
488 27
201 19
287 23
247 5
269 1
380 15
494 24
155 18
158 4
386 20
336 26
411 13
348 4
225 2
489 16
410 1
239 6
27 9
205 17
445 25
473 25
391 15
48 10
436 1
281 21
264 8
479 2
196 6
73 24
223 2
180 1
390 18
298 20
146 2
188 6
326 21
266 1
331 13
114 2
369 22
290 32
213 4
10 16
297 6
180 16
347 15
356 8
480 21
3 25
7 31
214 16
55 28
252 21
144 25
206 21
110 11
348 10
467 21
230 23
495 1
134 1
471 21
429 14
494 3
74 32
473 3
387 19
470 31
467 6
3 28
478 5
19 13
434 21
238 7
451 28
127 17
424 21
425 4
398 14
135 7
473 7
462 28
338 7
498 32
396 16
328 5
316 2
254 2
386 19
468 32
74 15
272 9
191 21
201 5
318 19
411 15
293 20
150 18
7 3
138 6
202 13
479 6
366 28
119 3
426 14
438 27
32 18
199 31
110 15
163 7
85 13
69 26
149 30
211 27
420 28
260 18
368 10
139 21
173 29
187 18
46 25
448 6
38 15
152 15
397 6
425 30
442 10
211 18
63 1
448 7
325 12
456 4
297 14
277 26
54 15
419 19
291 23
380 16
217 27
474 1
400 19
446 18
244 20
283 2
133 15
492 17
438 31
500 14
392 12
407 21
443 18
100 1
248 31
413 12
214 14
280 25
488 10
306 27
85 13
241 17
171 4
377 20
31 21
45 14
208 8
71 26
481 10
235 32
352 11
395 1
384 22
382 24
251 3
454 28
127 14
256 9
278 13

