128
83 32
195 6
149 6
323 24
179 31
300 9
114 12
452 30
295 18
163 6
391 24
353 7
123 2
46 9
158 29
124 5
16 18
262 24
275 21
491 30
467 6
118 28
446 9
354 32
274 12
102 21
31 26
71 6
168 28
426 13
156 17
269 20
71 27
335 25
319 26
2 1
319 27
421 16
391 22
356 29
141 21
181 4
262 11
29 9
219 22
458 30
207 6
45 9
460 28
325 14
409 23
267 19
149 11
343 20
164 18
56 32
358 32
327 19
338 11
400 16
309 17
430 7
286 30
495 22
57 15
227 13
497 17
396 22
235 2
185 26
139 24
202 24
327 28
466 32
383 5
72 7
73 29
409 11
178 27
308 19
73 2
51 14
83 30
215 13
387 11
67 17
342 32
372 24
147 18
35 1
54 6
423 11
310 19
337 28
437 20
426 22
381 12
431 7
126 5
132 8
99 26
389 16
317 32
459 19
449 29
344 7
303 26
481 4
301 5
303 25
312 12
450 12
408 16
7 1
228 6
396 2
187 32
117 23
248 23
317 16
272 28
402 22
278 6
241 2
50 24
18 1
475 8
405 26
199 31
118 11
400 2
104 2
149 29
440 32
499 32
296 6
268 5
399 17
431 20
326 20
35 11
341 13
310 1
243 9
7 32
287 2
225 30
343 2
166 26
473 13
389 16
138 20
317 13
404 31
176 21
226 10
424 6
70 17
14 28
93 4
24 11
277 28
325 7
473 2
252 30
6 25
65 32
148 1
384 16
331 11
132 17
472 3
326 9
140 28
205 12
211 32
315 4
327 31
458 24
480 10
97 14
54 1
185 13
246 24
456 32
478 32
484 21
494 6
341 21
1 1
217 31
124 23
50 27
21 12
102 20
273 6
41 22
62 13
378 7
292 30
87 5
273 22
421 30
231 22
251 27
158 19
146 22
349 27
436 29
406 1
424 26
86 17
355 11
189 17
158 1
270 24
305 10
17 30
159 8
191 25
182 8
227 27
333 19
374 12
499 27
156 31
309 17
387 3
92 11
99 13
111 32
196 16
261 16
345 16
311 31
32 25
234 19
171 3
37 8
186 20
175 26
458 23
286 32
349 5
122 12
329 21
315 20
352 20
88 16
347 26
230 10
242 19
488 5
233 1
308 3
412 14
464 5
316 5
416 29
330 13
464 26
121 18
34 4
205 17
19 7
370 32
281 28
267 12
376 7
496 11
121 31
17 4
127 28
37 6
348 18
79 31
375 19
441 24
227 21
232 9
400 18
197 12
65 27
151 12
313 3
474 10
53 14
369 4
174 21
221 1
122 27
184 17
54 16
108 4
120 16
376 31
293 20
50 13
386 1
500 15
347 13
132 3
463 4
282 4
257 15
8 30
5 3
78 22
166 22
41 22
229 5
8 5
340 30
81 6
110 8
276 32
404 11
58 14
462 8
205 6
46 21
300 30
255 17
312 9
266 12
58 10
472 17
70 8
474 30
241 11
81 32
242 25
126 12
54 23
343 23
157 8
471 32
141 1
36 24
497 22
8 6
351 19
323 13
494 4
422 6
83 15
101 24
191 14
179 12
17 21
354 1
112 12
332 1
253 15
408 21
372 27
7 3
246 17
495 7
180 24
325 2
122 17
290 12
3 28
408 3
193 25
43 12
289 2
408 17
444 4
493 20
434 31
390 11
31 4
122 3
3 30
324 1
370 29
436 12
285 3
242 9
308 16
132 32
213 32
488 1
59 20
324 32
331 9
375 1
300 28
275 6
441 7
426 6
63 18
386 27
260 31
175 15
115 23
14 31
402 29
335 24
185 18
155 3
74 1
79 5
24 6
27 20
304 16
478 14
369 11
417 21
341 11
47 23
101 17
134 22
265 20
165 29
478 4
315 31
200 2
276 32
99 14
39 18
457 12
471 30
230 7
306 31
330 20
377 18
264 10
284 17
182 20
329 3
119 12
413 27
93 4
42 19
193 12
444 14
300 2
327 13
153 28
451 26
483 32
411 19
41 18
479 6
494 15
84 28
6 9
282 6
388 15
140 29
459 27
82 18
201 20
138 5
39 9
334 29
120 8
471 16
494 17
86 31
460 29
302 25
369 16
63 17
258 22
41 24
489 22
325 13
29 7
41 23
255 14
291 22
173 2
385 14
62 26
4 17
343 6
486 27
241 8
171 18
453 23
66 13
332 18
481 20
204 9
130 6
98 29
183 11
34 32
288 15
241 4
468 15
449 9
294 29
204 20
38 12
27 23
449 22
493 17
422 32
154 19
358 15
175 32
225 12
311 17
155 24
156 26
134 28
426 15
496 17
447 5
136 13
136 20
182 4
69 11
27 30
358 8
324 12
128 5
92 6
413 18
341 8
219 3
227 12
457 26
124 19
254 23
227 25
399 1
72 15
215 31
188 8
186 23
308 13
263 11
455 15
496 15
298 6
325 24
209 2
97 12
36 15
442 19
443 12
375 3
306 29
465 5
365 6
208 24
167 22
422 5
349 29
119 26
334 4
22 18
77 2
225 24
320 30
78 23
358 28
481 3
393 25
212 29
298 3
280 16
92 21
436 28
321 7
438 18
350 7
195 14
428 31
389 24
288 15
214 5
270 6
12 2
490 15
270 27
493 17
455 8
101 30
228 21
148 25
74 13
327 8
274 6
390 31
205 2
481 10
174 22
463 13
412 12
259 21
443 11
82 17
391 10
490 22
455 18
486 4
486 12
500 24
269 17
274 14
270 2
243 24
355 6
332 14
361 31
151 23
397 8
51 27
265 21
256 15
30 29
99 3
404 30
126 25
42 15
498 32
4 28
459 7
149 26
328 18
436 22
164 1
413 15
471 14
459 11
248 8
467 14
354 15
499 4
395 25
230 12
204 2
483 14
296 8
155 27
141 31
157 32
423 13
222 25
98 16
471 22
19 10
395 1
12 14
56 30
286 21
297 29
222 15
2 29
262 16
196 14
98 8
410 12
420 27
117 14
367 7
67 1
376 5
461 7
58 4
144 23
153 12
183 14
423 28
95 16
192 2
290 25
141 11
161 28
33 9
133 15
363 11
136 31
364 16
329 1
464 9
116 12
116 10
193 14
334 3
74 17
428 27
165 12
413 13
184 9
101 16
48 4
367 7
258 10
482 6
354 9
262 1
264 2
471 13
119 16
447 12
180 19
406 8
498 10
21 5
467 9
349 10
140 15
400 13
148 5
187 1
30 32
322 1
29 12
453 16
447 28
191 26
330 1
173 11
118 21
360 28
370 4
301 9
126 20
258 9
285 8
125 6
95 10
106 8
441 19
123 15
162 17
216 27
113 9
169 27
137 20
18 26
439 27
367 8
222 24
40 6
271 25
319 5
314 17
340 23
39 2
345 16
127 13
42 3
5 14
321 17
442 19
147 24
361 13
148 26
488 15
292 2
55 10
474 9
238 18
327 28
275 3
179 5
287 20
492 3
282 4
432 3
354 30
454 2
294 25
148 13
492 27
242 14
400 19
118 30
28 20
117 23
319 4
407 5
367 2
248 24
414 27
74 27
460 20
481 1
332 24
237 19
270 26
221 21
44 22
10 16
486 11
78 32
126 32
260 4
86 11
492 7
389 21
265 28
296 29
304 20
76 8
302 5
369 6
366 13
64 11
336 5
57 1
204 2
100 7
26 1
174 1
35 22
285 8
262 29
248 13
60 24
457 21
20 21
235 21
89 22
316 28
198 20
40 29
406 28
215 27
380 20
151 3
302 15
418 27
367 13
479 26
340 27
139 32
464 9
300 16
374 19
328 23
339 7
471 28
210 21
378 30
277 16
356 18
314 9
492 9
289 18
310 25
461 16
192 28
24 11
475 21
458 22
319 4
373 29
243 30
178 20
375 26
499 26
383 32
354 22
196 23
399 10
475 19
305 6
134 17
360 25
429 13
114 16
316 10
388 14
272 29
177 2
222 3
228 32
339 29
181 10
75 28
391 1
142 12
418 28
228 22
236 32
446 1
255 18
39 27
171 18
59 32
455 13
374 14
88 4
115 1
450 29
52 32
442 9
239 3
320 6
488 23
474 26
256 20
47 2
222 9
103 5
416 5
265 10
443 28
57 29
472 26
97 23
50 22
420 4
249 3
106 16
294 15
373 17
10 19
194 16
340 4
364 3
408 4
100 26
183 25
258 27
366 15
381 11
96 16
203 28
39 24
284 12
90 20
436 7
131 13
182 2
128 9
76 23
376 16
89 11
36 6
417 25
404 21
316 24
449 18
195 23
29 30
374 14
190 29
420 24
289 10
289 24
498 28
6 30
243 30
136 18
292 12
31 23
200 14
194 4
67 1
190 7
422 27
416 15
223 7
282 31
140 30
130 2
138 4
215 4
229 6
362 4
253 32
67 16
89 8
304 11
204 13
101 6
408 4
88 30
54 26
493 26
143 18
183 16
109 25
364 22
98 9
61 14
320 19
5 20
91 16
62 2
153 14
271 4
29 27
41 26
432 29
127 10
7 13
58 3
57 13
156 2
349 17
207 28
47 12
75 29
371 12
135 23
1 5
286 9
467 27
314 18
63 21
176 5
101 21
388 6
5 31
163 21
315 22
372 18
433 30
202 27
285 12
30 1
93 11

