128
178 6
387 30
422 5
20 12
185 12
157 21
365 29
169 10
207 5
420 10
397 17
186 17
340 5
418 8
425 29
147 26
82 29
296 3
198 7
198 10
243 11
458 31
287 14
160 10
430 24
383 19
264 8
131 23
176 4
150 12
444 21
54 2
33 29
380 18
163 18
315 21
488 25
68 2
250 27
119 24
158 29
210 25
124 12
79 16
91 13
251 14
229 32
263 17
4 19
195 31
276 29
127 31
485 6
388 27
273 11
118 18
211 27
55 11
18 25
486 20
213 20
197 5
392 16
54 15
158 24
265 5
312 32
47 9
85 2
383 5
144 20
139 19
178 1
41 19
177 22
358 30
113 6
182 28
365 23
251 22
186 23
306 2
406 28
146 27
138 12
199 9
379 21
487 12
381 23
102 14
256 3
299 21
364 12
224 29
67 26
102 16
489 12
101 6
111 26
88 4
125 31
233 3
475 7
410 8
450 11
117 9
173 31
425 21
394 13
117 12
474 2
64 22
477 12
60 20
114 27
39 10
137 3
445 12
342 26
171 7
69 7
495 17
201 12
129 14
420 21
406 29
315 21
59 3
336 14
230 5
468 13
391 1
391 27
68 24
392 30
22 24
376 13
405 8
140 13
21 15
130 14
303 24
246 29
86 2
182 16
382 18
288 20
106 10
458 29
262 2
262 31
13 29
3 1
416 2
302 24
52 15
66 27
374 7
419 31
96 1
478 14
250 9
101 3
295 15
379 20
112 24
42 8
332 29
393 23
38 22
386 14
124 19
148 9
466 30
11 1
18 21
390 15
105 15
473 15
105 15
306 12
194 20
191 25
96 27
123 13
128 29
426 19
311 1
303 8
491 2
189 28
302 22
127 18
272 27
157 32
154 2
443 15
13 30
76 4
420 22
93 8
410 10
354 1
295 21
200 9
322 16
496 11
170 14
232 9
425 28
169 18
54 19
128 18
448 7
378 8
105 6
471 14
191 8
86 25
332 22
473 17
25 5
127 10
294 23
135 26
98 27
499 15
117 11
421 29
181 22
136 13
323 18
151 9
281 8
202 21
21 2
117 2
346 32
239 24
454 29
61 7
379 28
406 4
38 22
264 22
327 3
355 5
208 29
365 12
240 14
156 1
444 5
158 21
220 12
484 25
325 29
427 31
104 20
402 29
9 1
210 19
267 20
39 22
420 4
18 20
173 1
124 32
297 21
109 8
380 32
392 8
488 31
111 19
2 8
83 27
29 1
401 11
60 4
473 4
195 2
491 23
14 10
335 7
246 11
30 29
238 14
385 6
444 11
168 29
6 7
159 26
99 4
33 26
351 5
137 13
346 19
115 7
92 25
373 25
95 27
18 13
176 26
410 19
396 9
415 21
31 6
139 21
485 19
139 15
27 11
435 28
254 29
82 25
350 15
238 24
209 7
128 16
8 21
206 3
466 16
155 12
45 5
329 29
315 15
419 13
93 5
64 22
254 10
247 23
304 32
398 32
90 18
451 5
62 16
351 3
127 29
227 20
2 15
404 24
373 27
9 21
27 12
15 32
273 25
234 12
244 4
291 29
9 25
429 26
248 7
301 7
487 11
46 4
433 9
156 21
123 32
121 2
439 19
133 32
395 23
139 2
350 22
322 14
22 30
279 22
232 3
496 7
457 21
206 5
193 5
45 32
376 2
169 15
300 1
378 31
19 24
184 16
297 30
429 27
107 4
292 31
490 11
409 19
179 14
187 27
327 16
38 22
397 26
368 4
211 17
242 17
113 2
153 21
431 29
431 25
492 30
79 6
360 27
280 6
453 14
113 27
197 26
332 13
412 20
493 14
296 18
54 12
159 30
21 17
139 15
182 26
377 32
463 20
99 22
330 3
208 26
33 32
295 12
53 6
267 29
179 3
278 17
174 1
438 14
229 8
497 26
58 9
22 32
312 20
114 21
374 25
434 18
428 1
473 4
286 28
376 25
154 14
197 11
294 22
373 30
414 21
136 31
297 17
342 24
480 19
101 25
127 26
462 3
466 6
238 32
173 6
420 30
323 32
357 32
453 1
341 18
301 20
188 17
132 14
56 7
336 20
167 11
246 8
73 7
414 18
166 14
127 29
116 9
404 20
416 17
200 5
426 8
232 18
448 28
347 31
178 30
363 1
200 32
324 20
22 21
434 12
175 28
124 14
361 4
261 12
88 20
384 21
163 8
330 18
183 4
168 4
62 2
408 9
341 12
385 7
320 2
402 2
229 25
283 1
256 15
69 15
58 28
208 28
271 9
385 5
65 29
17 14
434 12
238 31
359 18
137 23
291 22
172 16
266 7
312 10
53 28
216 23
184 27
182 26
164 31
111 16
119 7
205 24
106 18
178 9
416 26
143 22
55 22
77 29
324 21
194 17
120 29
487 7
36 24
461 27
86 31
426 16
253 6
460 22
275 29
174 26
7 28
100 5
334 20
233 13
268 6
385 24
39 3
394 26
243 30
124 16
128 29
88 32
382 7
90 24
387 19
198 25
283 1
454 32
176 30
124 28
316 9
331 6
83 16
279 5
430 18
357 9
302 20
141 15
342 30
190 28
196 23
473 30
35 18
445 11
315 9
6 18
429 24
335 27
263 21
40 20
366 20
453 19
43 5
201 32
174 7
463 17
129 15
199 20
212 11
78 15
63 3
360 3
270 23
58 32
11 29
76 17
344 16
395 22
472 4
121 21
338 15
217 6
370 19
333 29
262 22
311 16
492 11
19 17
217 16
145 11
24 4
455 27
99 30
456 6
149 4
66 10
362 30
303 15
401 8
16 14
397 22
337 21
496 15
353 32
282 21
291 9
68 5
23 10
298 18
87 2
405 8
283 7
138 26
349 22
425 32
51 29
190 31
413 21
242 22
101 11
262 31
180 2
339 22
199 5
32 26
82 28
141 17
54 6
154 23
167 10
118 29
250 11
456 23
196 9
280 20
71 21
390 6
222 20
304 1
216 3
410 30
270 26
366 32
180 23
78 26
448 11
267 5
354 18
63 21
270 6
48 12
235 25
442 16
16 13
432 4
431 9
233 12
391 14
227 2
320 32
471 3
203 17
19 32
310 2
456 27
127 27
271 1
143 24
373 30
160 32
93 18
145 1
493 11
126 8
160 17
227 6
415 17
219 26
336 24
367 3
459 1
349 25
58 15
144 18
1 19
85 13
96 25
474 32
467 27
363 14
396 14
256 30
222 10
447 14
353 17
52 19
10 13
391 19
391 26
200 7
40 20
40 15
13 1
279 15
463 21
105 6
434 16
372 32
185 26
65 25
483 28
200 28
368 22
262 3
328 17
353 27
244 28
58 16
404 24
439 23
328 27
76 14
106 31
269 2
117 25
178 3
300 5
294 28
319 11
278 10
367 6
216 30
374 13
70 29
460 12
347 16
402 15
253 15
425 9
500 5
205 9
343 20
258 4
23 8
394 12
425 8
134 20
74 19
413 19
339 4
2 2
363 3
312 15
113 28
487 32
481 23
492 7
47 21
163 25
176 24
73 12
20 22
92 5
64 32
87 22
79 20
291 22
46 6
408 6
42 27
473 2
289 12
196 27
65 18
108 28
118 24
192 9
237 7
433 20
490 3
405 8
310 32
361 11
149 1
364 6
367 20
63 11
151 15
342 31
320 25
159 9
480 2
277 28
336 29
219 13
431 23
244 20
170 17
446 27
225 13
212 11
496 7
97 31
385 26
417 20
238 23
345 1
128 13
284 31
182 10
287 8
329 31
204 22
487 25
20 31
310 16
153 5
6 29
7 10
39 32
297 8
350 25
197 14
262 4
292 15
186 23
258 14
313 17
363 3
462 19
361 15
466 9
279 23
465 22
64 27
61 28
483 10
1 11
239 26
362 3
260 27
461 29
412 13
330 11
71 23
9 15
413 30
147 23
296 27
328 19
170 32
218 24
150 2
182 32
183 15
418 2
442 26
311 17
2 12
479 20
282 23
206 6
312 24
236 7
19 8
317 8
155 7
191 16
456 32
44 3
118 17
284 23
395 2
264 16
85 2
172 14
81 5
411 12
433 15
203 15
266 11
490 28
257 20
428 25
255 27
407 32
487 30
283 21
488 30
277 12
287 8
290 23
176 12
315 8
402 21
262 15
239 11
439 16
134 22
412 16
40 2
112 26
211 6
407 30
291 19
122 1
334 3
500 5
314 26
321 8
330 2
234 12
37 32
415 10
241 2
410 4
347 9
158 2
118 12
255 16
98 8
188 23
138 7
143 24
500 7
371 13
249 20
101 21
332 19
306 8
45 23
204 23
439 9
448 12
276 23
315 17
430 11
7 8
189 1
75 17
316 29
221 16
400 21
348 3
188 1
155 28
220 22
474 22
422 10
214 17
328 28
273 29
382 7
380 23
131 2
463 14
250 3
9 14
356 32
84 31
213 26
478 24
299 11
441 12
76 14
120 19
386 28
216 15
374 19
189 9
401 11
302 18
186 19
151 5
222 15
287 18
324 28
217 23
418 22
46 26
15 30
100 12
409 27
19 27
262 31
139 2
62 24
163 23
454 18
139 28
400 29
461 7
392 22
49 29
187 31
154 13
112 2
101 20
272 19
154 9
29 16
46 26
84 29

