128
29 16
351 5
325 26
145 31
27 21
464 18
7 5
477 17
489 5
372 3
274 20
370 26
114 12
386 24
165 14
362 1
377 29
141 25
106 1
192 20
286 11
266 28
375 6
457 19
170 20
470 23
475 31
452 13
455 22
408 27
83 14
368 32
186 32
12 31
497 15
126 22
62 23
425 8
133 29
151 6
412 16
301 23
14 12
327 24
441 6
291 4
207 14
335 28
17 26
386 13
253 12
146 2
254 19
101 30
303 3
392 31
426 32
453 32
295 23
259 12
364 9
259 15
58 17
166 3
290 4
439 18
415 17
207 16
155 28
258 17
114 17
23 16
44 3
331 26
457 5
73 21
490 19
95 3
127 12
473 13
15 20
162 29
348 17
301 6
380 26
162 9
410 5
384 25
363 6
142 32
155 23
492 24
101 22
394 12
49 31
348 16
130 21
344 21
81 24
182 16
405 15
305 26
379 16
322 26
254 4
413 32
382 12
255 2
193 16
413 1
366 4
156 31
473 28
175 29
347 12
365 4
199 5
121 13
208 15
22 9
110 30
220 11
41 30
176 9
326 25
326 27
52 25
242 20
184 12
281 7
124 29
486 18
17 6
102 20
252 4
37 5
409 4
203 10
434 27
34 15
171 27
153 14
192 2
450 7
162 18
257 5
430 22
458 14
404 19
21 15
386 29
368 23
165 2
96 2
152 17
60 14
340 24
396 31
458 29
257 7
130 18
255 27
459 32
356 2
474 8
221 8
285 4
6 5
361 29
102 1
433 21
186 24
224 9
6 5
129 27
151 18
128 21
168 18
468 19
4 6
103 4
153 31
163 10
39 11
314 8
239 18
152 25
222 7
357 31
408 6
489 22
95 4
463 3
258 30
489 9
223 15
336 15
329 18
88 15
224 29
358 7
499 17
239 24
236 31
298 3
284 15
52 27
106 2
345 7
296 17
123 2
424 26
449 12
307 8
471 7
437 16
197 19
189 11
358 24
233 31
66 13
441 17
247 31
483 3
261 18
423 20
351 18
45 3
302 24
335 24
86 15
451 10
409 7
68 10
62 28
420 23
316 21
448 14
259 26
4 23
411 3
106 29
476 23
60 17
354 10
400 11
16 15
72 24
341 7
189 19
290 8
85 10
320 16
371 14
313 7
301 19
5 14
336 28
408 15
109 17
140 20
403 15
62 14
78 23
316 6
361 22
225 17
415 9
329 21
326 9
363 26
216 3
236 11
51 11
297 11
108 16
370 22
90 32
188 3
38 23
136 30
312 20
342 10
108 14
215 18
163 25
263 18
148 18
132 26
345 20
60 24
215 1
165 32
212 16
174 21
207 9
146 18
372 32
96 24
361 26
469 3
442 19
104 13
81 15
490 1
14 9
228 4
330 4
383 9
96 4
142 26
68 15
23 8
330 6
123 27
131 7
417 17
173 17
13 29
459 3
381 1
403 20
404 20
204 7
125 11
46 26
304 22
108 14
405 22
296 27
332 18
469 12
350 25
120 31
98 27
217 18
107 11
290 30
203 29
500 27
143 14
148 10
11 27
123 31
44 10
145 31
196 25
475 29
457 6
111 6
376 27
384 26
298 29
344 4
17 27
30 31
240 17
308 10
283 30
220 27
200 32
405 3
328 3
291 9
177 26
190 8
432 5
238 25
97 25
432 25
127 25
475 27
341 30
320 20
64 12
6 3
255 6
9 3
493 3
219 17
404 24
424 16
185 25
416 29
93 4
246 4
12 12
290 5
206 1
180 5
500 5
383 23
446 11
189 18
393 3
458 9
18 26
484 22
394 31
335 3
98 8
410 30
355 3
314 28
159 25
180 15
381 6
265 6
304 29
116 29
63 25
345 24
158 28
486 4
78 32
390 28
455 11
489 25
349 26
221 15
498 20
17 14
314 1
55 9
233 10
17 27
299 9
79 20
392 32
7 30
87 28
349 5
398 17
201 18
490 17
105 27
173 29
216 30
402 26
306 26
144 11
133 6
387 7
397 23
478 16
452 4
3 12
308 17
136 4
498 5
281 2
463 25
223 6
290 28
299 27
461 2
269 9
235 24
7 32
138 20
387 1
103 25
388 30
141 7
270 11
351 22
240 9
2 10
342 3
437 12
237 26
434 2
194 20
365 17
299 6
388 1
442 27
278 17
252 2
55 25
408 1
70 24
69 27
461 22
65 6
401 26
499 14
363 32
354 19
244 20
432 20
393 29
474 14
405 5
439 3
246 27
67 11
346 11
442 18
396 2
407 32
363 21
334 21
449 15
303 4
42 30
323 22
310 4
455 6
21 18
376 6
92 10
284 29
428 21
94 19
435 5
323 17
257 32
22 13
46 12
249 15
114 7
225 3
219 7
341 19
276 16
60 3
362 7
7 13
272 13
316 18
305 18
354 9
497 7
118 30
403 6
332 28
288 16
290 22
439 6
300 14
198 31
285 15
406 15
199 1
95 26
234 11
3 19
312 27
314 9
392 12
146 4
83 25
483 4
143 9
354 22
191 31
5 7
313 26
469 7
438 16
377 11
314 11
109 13
230 22
405 29
137 2
400 7
187 19
443 9
7 20
326 17
50 18
23 30
91 12
224 4
259 4
402 20
331 11
49 20
432 21
236 1
207 16
139 17
370 17
425 28
80 22
425 21
432 3
490 18
142 22
254 8
165 3
324 7
165 28
110 13
28 10
17 6
185 19
478 26
440 14
133 7
4 1
148 11
208 13
308 17
54 17
453 27
68 20
417 32
351 27
328 30
76 24
112 28
203 25
165 14
195 9
12 10
58 15
484 13
500 15
317 29
56 21
475 19
248 24
206 22
122 30
476 21
433 23
160 31
379 4
128 21
324 32
474 21
2 17
497 9
452 30
406 31
286 28
185 26
123 2
335 4
127 2
144 20
100 7
46 7
330 30
255 22
165 25
34 10
389 11
19 8
48 24
50 25
155 22
70 6
476 1
373 22
418 1
365 26
23 27
200 17
436 26
6 20
386 15
469 27
273 15
466 32
262 8
357 25
453 10
46 20
34 6
234 12
138 18
321 13
8 4
13 3
177 2
246 15
260 19
41 9
53 10
56 7
373 32
231 14
42 28
457 19
45 10
26 7
140 2
195 7
69 15
294 2
76 31
364 31
105 24
71 18
261 15
472 18
242 22
163 23
181 31
358 17
161 7
111 4
433 9
298 13
363 19
302 6
482 29
329 2
420 11
243 21
229 10
166 7
471 4
253 15
298 6
80 10
197 22
257 21
199 23
185 21
497 15
203 26
355 31
416 31
281 14
307 2
76 24
332 22
3 4
401 28
398 4
110 22
373 18
426 23
124 10
484 17
300 6
450 3
68 5
281 12
227 19
61 10
410 20
51 4
32 3
63 1
282 4
226 31
390 31
225 29
464 32
485 32
245 23
270 8
355 2
216 13
488 32
86 29
372 21
12 11
439 30
183 29
98 32
375 23
262 15
203 5
11 32
340 19
178 5
271 16
10 14
465 25
113 18
449 32
38 20
90 29
386 20
197 19
383 19
25 16
373 27
221 15
118 24
490 15
373 28
327 2
449 27
83 21
192 15
249 18
343 30
206 20
462 6
414 4
176 14
340 24
16 8
283 2
323 8
280 27
87 14
429 11
248 23
447 20
393 19
169 7
385 18
314 2
127 31
393 14
368 24
201 20
495 11
221 30
310 4
12 20
458 20
430 25
302 29
144 15
275 16
281 31
389 15
208 23
25 5
20 25
184 9
480 27
407 32
496 5
51 15
112 20
151 22
65 12
474 24
350 32
224 15
259 8
77 30
479 9
418 2
197 30
70 12
280 29
79 15
45 14
337 24
489 31
253 13
291 30
113 4
326 12
122 28
299 14
253 17
151 27
275 23
124 28
227 15
172 13
381 24
286 25
76 27
56 28
31 2
406 11
337 23
182 23
18 9
8 10
257 26
144 11
209 27
79 19
21 30
91 5
170 25
322 5
355 21
276 25
426 25
232 26
115 25
424 32
245 20
106 26
293 13
236 29
16 10
287 16
268 14
493 29
254 18
385 24
394 32
196 27
193 19
432 7
44 4
291 12
491 16
345 3
496 9
136 3
98 14
251 25
299 7
5 32
260 21
363 29
253 7
323 13
41 10
251 4
313 25
428 3
288 20
438 4
204 5
146 14
494 24
370 13
194 27
48 21
467 3
309 3
25 7
163 1
89 2
353 29
158 20
408 2
51 5
433 3
417 10
408 26
30 21
258 31
355 18
28 30
420 4
392 28
319 15
212 27
24 32
11 9
343 22
330 26
262 14
352 2
396 11
144 25
239 1
147 14
58 10
267 5
214 10
124 24
64 28
290 7
399 8
472 14
70 25
339 23
267 2
213 30
300 20
86 10
108 12
483 6
462 1
494 3
259 10
58 2
453 11
113 31
350 24
296 15
236 18
102 22
175 30
15 30
21 8
216 4
36 30
497 9
447 19
23 9
460 4
378 32
482 18
466 31
425 10
102 25
99 19
14 14
220 1
303 32
480 18
71 27
68 12
215 14
410 13
70 25
20 31
132 29
141 21
184 25
62 9
77 25
191 31
138 10
119 16
1 6
310 11
317 17
490 3
242 19
120 19
119 31

