128
233 20
135 20
110 31
14 22
234 14
356 12
213 9
280 25
389 27
208 17
395 27
318 31
55 29
19 13
242 30
238 6
221 13
310 23
215 3
488 28
172 12
11 12
348 19
149 16
309 32
328 27
82 13
461 28
333 8
488 19
289 14
400 22
450 17
44 4
383 23
112 3
226 6
142 21
116 18
160 4
497 3
331 10
335 23
417 24
122 13
446 3
334 1
124 19
406 3
298 4
197 21
398 27
87 20
347 18
329 19
478 22
197 20
459 4
450 4
51 8
484 4
186 9
192 1
303 21
475 16
441 27
213 30
297 31
377 4
352 22
2 5
87 10
340 9
81 2
272 7
213 27
478 18
275 14
58 29
322 20
381 26
258 17
100 3
95 8
50 30
237 27
479 7
100 26
368 17
107 27
163 3
246 1
420 24
14 5
301 15
64 1
449 6
329 32
228 31
227 13
220 4
179 30
138 10
16 25
310 18
496 17
497 9
317 8
316 30
97 20
368 4
500 20
481 4
67 16
250 26
336 30
461 2
19 6
144 18
103 5
360 18
481 24
42 5
123 25
182 11
325 14
231 32
69 23
4 20
271 5
133 2
426 9
120 29
42 15
182 12
271 17
445 8
100 22
252 7
195 14
145 27
335 31
46 27
438 29
390 28
6 26
313 3
466 32
431 16
250 13
3 1
357 24
124 5
137 19
235 27
308 27
53 26
458 15
397 15
351 2
454 12
308 6
343 29
402 13
132 19
237 7
23 22
434 26
106 10
373 4
253 12
422 25
26 23
255 26
273 18
207 14
313 22
344 11
491 25
280 30
395 16
256 30
313 1
415 30
111 3
109 15
171 31
19 20
261 14
469 26
231 7
111 27
393 26
402 15
198 29
4 29
400 16
214 17
152 16
334 26
119 15
328 1
177 15
484 1
324 32
470 26
478 1
300 2
386 25
104 12
85 28
380 1
71 1
401 26
424 30
188 2
28 27
182 24
65 21
141 4
320 18
145 26
394 17
19 12
349 11
215 30
82 30
122 16
390 14
77 13
107 28
59 23
483 16
190 31
109 6
287 24
496 31
77 9
79 12
168 24
422 10
65 27
179 18
358 4
411 18
437 9
50 31
355 4
86 13
430 18
78 4
474 9
351 26
314 17
349 5
208 26
215 28
476 21
13 29
165 11
119 9
144 28
447 18
51 20
246 32
282 16
48 15
248 6
8 9
178 13
394 30
330 28
361 26
204 6
490 8
148 4
172 3
127 22
493 29
206 18
9 15
413 32
93 25
157 4
73 26
308 14
71 22
277 16
295 25
157 4
52 4
96 16
299 6
193 27
103 14
28 31
236 13
370 24
453 2
280 5
211 11
343 18
76 27
417 14
451 21
358 19
80 25
78 30
26 6
20 32
20 4
90 15
192 27
435 20
188 2
372 23
152 10
384 12
185 8
301 23
76 10
341 19
110 10
237 32
40 8
263 3
359 29
165 26
15 23
45 19
164 5
453 4
482 16
395 18
339 7
357 18
205 17
272 18
467 20
449 10
468 16
416 6
268 28
228 2
31 12
484 10
392 28
213 30
327 27
95 1
6 23
430 18
148 22
23 2
413 20
471 4
387 22
58 14
317 9
435 3
260 3
393 4
410 25
229 9
64 15
253 21
274 27
130 13
88 8
238 24
327 24
380 29
93 5
366 29
73 25
108 32
423 12
187 24
308 3
420 23
238 9
143 23
207 16
283 18
276 16
293 18
79 4
315 19
164 24
431 20
184 14
272 10
241 22
142 29
373 1
123 10
233 30
472 11
389 2
84 4
477 5
118 23
104 4
77 16
167 23
355 11
101 22
160 29
436 21
241 4
214 12
269 30
333 12
89 21
345 4
237 29
252 14
227 16
489 27
475 11
365 1
209 21
307 9
158 2
21 10
401 18
465 17
32 29
260 24
370 8
143 10
128 3
163 22
102 7
360 16
9 32
108 6
41 6
438 6
7 10
447 11
192 4
427 11
60 22
46 17
141 28
238 32
434 16
473 15
254 4
314 7
408 14
480 24
187 25
497 26
226 11
304 29
58 31
343 14
416 8
250 17
428 24
176 1
91 5
248 29
332 13
107 11
482 14
242 13
206 30
66 7
385 9
200 22
99 10
263 27
134 1
275 21
204 26
273 30
302 4
138 6
433 28
76 10
33 18
286 14
407 27
169 23
220 24
437 10
465 15
388 18
63 14
362 6
316 27
60 5
358 29
102 14
293 26
408 1
199 13
415 25
396 3
100 11
154 28
136 26
234 24
272 25
389 17
414 12
471 1
173 9
22 26
470 22
155 13
342 29
422 4
162 1
190 5
135 31
148 30
165 9
497 4
381 26
420 31
441 31
119 21
71 28
239 28
157 1
269 7
450 2
106 19
210 16
223 12
490 22
465 6
454 30
293 31
347 29
129 27
307 27
252 1
91 30
268 7
86 4
449 27
429 23
349 6
350 3
333 19
144 26
197 22
111 1
432 13
405 16
447 23
10 22
439 32
391 19
51 17
446 19
363 27
405 24
216 14
486 17
297 18
50 25
79 32
185 26
172 22
273 18
4 18
20 3
86 26
353 24
238 10
486 21
376 19
16 4
348 5
344 32
334 29
340 28
108 17
125 7
170 29
248 17
383 31
467 32
29 7
307 2
117 32
218 20
386 1
287 18
86 10
81 27
226 9
183 1
149 11
463 30
408 31
490 22
329 1
313 21
275 11
475 23
262 12
87 28
277 1
85 18
207 29
132 16
437 2
117 29
325 23
402 20
141 8
225 18
200 29
30 14
7 28
421 16
48 15
119 20
83 23
37 25
220 16
73 24
38 25
93 30
471 14
445 4
237 25
285 28
409 26
466 27
22 14
34 29
244 21
96 10
59 20
467 30
3 11
286 20
431 10
105 17
223 1
364 12
421 8
99 13
166 16
95 23
301 17
459 24
133 2
74 15
37 4
173 23
134 2
283 16
335 27
316 1
288 20
368 20
31 19
241 28
234 7
86 31
315 4
134 27
97 23
342 25
450 22
376 7
471 26
350 1
396 22
65 15
49 13
95 3
455 3
479 32
21 16
426 32
108 20
134 24
118 3
41 4
340 32
2 14
277 32
318 12
369 15
59 29
19 29
199 25
191 29
12 7
241 22
398 32
349 32
107 18
358 7
33 26
414 31
359 30
90 21
214 18
411 4
226 29
128 12
105 30
453 12
232 21
405 10
244 9
161 10
219 10
349 15
67 22
489 10
156 10
454 29
387 32
344 8
496 31
388 16
492 28
67 31
236 28
352 3
76 16
32 30
382 28
249 28
346 25
225 5
19 2
221 29
393 32
221 28
386 24
339 25
151 6
451 2
229 31
68 4
18 15
302 7
331 14
51 28
490 7
28 8
305 32
117 9
311 9
437 28
148 15
276 18
32 10
387 20
232 22
268 22
404 25
352 14
470 30
261 11
29 8
319 13
35 23
381 5
123 25
244 30
296 19
271 27
449 1
291 4
314 6
133 25
478 21
303 3
238 15
405 22
55 31
302 29
9 23
138 19
351 1
104 22
456 30
177 16
234 31
287 19
376 12
116 1
256 18
151 17
184 15
463 22
482 8
31 2
298 20
177 13
252 4
498 7
358 18
462 31
140 9
342 19
20 29
71 19
78 21
471 13
332 9
203 17
401 21
6 14
252 6
198 27
314 28
62 11
369 23
465 29
123 26
79 18
466 2
268 3
74 7
8 25
23 18
69 31
294 27
473 13
460 6
251 9
69 8
147 14
187 28
150 29
121 24
303 11
229 18
333 15
12 28
411 7
253 16
161 18
258 17
294 9
7 5
194 23
356 4
364 10
303 13
55 20
93 21
214 29
482 10
327 30
238 18
380 18
69 8
240 10
377 1
246 15
429 3
457 17
279 9
30 5
185 32
208 25
496 21
450 26
319 32
471 4
217 26
249 17
93 24
314 25
225 12
351 29
498 12
289 20
332 7
61 8
106 16
145 26
41 22
79 3
73 9
118 6
102 26
426 2
58 16
15 10
299 1
286 8
228 19
276 31
245 20
427 30
455 7
451 7
368 9
57 16
281 14
81 18
244 11
280 25
98 14
286 20
362 7
43 26
145 22
500 17
5 30
91 12
200 5
158 31
422 27
359 30
92 3
436 15
297 3
339 6
360 8
141 29
195 20
14 7
353 14
432 18
143 6
21 15
414 14
261 23
96 27
389 16
410 4
374 10
390 5
452 21
188 8
173 26
479 7
425 4
52 24
393 30
81 17
240 6
442 25
181 6
471 17
77 16
96 18
290 25
14 9
85 2
36 29
287 11
443 27
198 22
270 2
392 14
354 31
196 15
483 16
184 10
296 8
37 19
414 18
227 15
270 23
332 10
419 11
172 22
33 1
411 23
162 30
356 19
285 23
161 19
426 21
72 5
308 21
315 21
286 1
500 32
55 19
213 10
153 28
39 2
308 9
340 29
103 27
335 3
98 15
153 23
395 17
448 31
185 18
275 10
7 22
377 9
309 17
386 5
324 16
146 7
225 29
451 31
384 17
65 9
484 21
355 2
145 26
432 9
268 19
151 30
184 27
186 16
116 24
453 23
347 26
274 31

