128
402 28
64 26
140 20
190 22
235 1
421 19
360 26
72 7
370 6
432 22
471 3
196 4
399 12
424 28
395 5
367 20
236 14
34 12
209 3
261 15
68 22
218 19
239 21
426 4
434 29
93 12
283 5
63 10
324 15
381 2
51 19
70 18
380 3
13 32
177 30
235 8
159 16
171 1
92 20
208 29
156 28
429 15
292 23
472 15
329 28
37 23
302 6
369 13
208 5
120 12
358 26
128 20
157 14
116 12
97 23
273 16
475 17
42 18
43 21
381 12
216 17
454 29
374 10
49 29
407 21
316 16
226 27
336 23
444 23
130 8
274 10
144 32
454 21
13 1
50 17
424 25
13 13
134 22
403 30
170 5
54 26
128 32
132 23
14 28
414 23
319 27
397 26
286 26
147 10
402 24
247 5
312 27
54 5
349 8
331 2
320 20
207 31
367 15
262 8
118 3
375 12
65 31
398 22
472 20
351 18
443 25
50 26
412 7
403 4
262 1
481 25
320 32
380 7
378 13
418 23
167 12
282 11
62 7
432 2
426 30
111 4
83 8
474 10
467 28
457 28
460 17
161 15
476 12
169 29
180 3
51 6
230 21
76 24
215 15
29 21
492 11
360 2
2 21
271 32
60 23
196 11
16 16
354 23
247 14
48 18
460 6
475 30
134 6
481 21
260 13
193 31
351 32
29 8
89 11
320 4
378 3
371 9
74 8
383 12
97 18
301 5
380 19
246 17
176 22
213 11
438 13
37 24
309 9
491 1
364 6
396 21
380 18
133 25
193 27
476 14
149 32
346 4
402 19
244 9
168 25
11 9
213 28
448 17
112 30
269 23
452 21
419 11
134 7
488 31
270 7
468 14
443 29
149 24
255 4
421 22
200 19
230 1
478 29
285 18
466 2
268 29
422 19
452 27
89 11
233 26
105 4
331 23
364 23
391 14
75 15
391 22
93 32
38 15
500 7
364 22
80 7
86 29
21 25
55 18
179 16
171 20
191 18
330 19
184 24
24 2
382 3
384 7
90 13
397 30
447 20
259 26
94 4
26 19
85 13
76 31
424 14
46 14
451 28
20 7
447 32
96 25
14 31
155 3
104 19
44 30
14 18
428 31
498 13
221 18
89 20
344 20
246 2
478 32
117 1
182 15
244 14
243 1
108 5
212 23
299 3
465 28
409 12
271 10
196 11
339 17
491 10
148 32
423 5
283 7
474 5
454 5
446 28
178 29
297 9
468 23
347 8
111 31
175 13
12 10
75 2
6 21
384 30
300 22
130 19
197 7
399 18
376 8
197 17
100 13
293 23
292 3
498 22
246 16
134 9
394 24
311 19
273 22
108 32
499 18
358 7
44 8
196 3
451 5
323 19
89 11
469 20
458 7
485 15
490 10
163 15
178 1
338 14
18 17
225 1
34 31
415 26
190 31
200 21
207 15
395 19
489 15
231 6
181 15
352 11
185 11
257 26
191 26
163 1
391 19
429 12
321 7
205 23
305 1
3 7
279 17
362 7
111 32
65 20
158 32
314 6
134 22
203 21
16 5
33 26
104 21
33 8
155 10
138 32
494 8
174 24
388 31
390 23
330 10
142 12
74 7
329 19
376 16
383 11
100 27
500 11
227 9
183 10
474 16
45 27
460 14
442 15
309 15
49 10
341 14
477 2
496 6
472 16
41 27
466 8
473 30
399 4
54 5
285 23
400 21
197 11
250 2
410 14
172 30
48 8
352 12
277 31
181 29
422 5
307 8
65 11
409 31
330 10
395 26
340 22
146 16
5 16
377 26
305 32
427 20
412 2
228 16
329 16
140 14
333 2
193 1
77 25
63 26
414 1
372 1
102 1
492 22
264 32
75 13
120 6
124 7
483 31
70 7
111 2
265 3
359 9
191 15
410 1
193 3
61 28
428 22
284 19
472 12
343 26
320 18
399 23
344 6
294 13
396 4
326 32
346 17
469 8
119 10
140 7
52 8
78 15
65 30
454 8
113 20
434 32
257 32
226 28
65 11
216 17
274 22
472 19
78 24
210 4
169 1
211 13
252 12
403 5
353 28
352 17
151 13
248 19
469 6
62 17
344 22
197 30
171 17
292 16
312 10
499 9
202 29
53 18
201 15
122 17
15 1
370 25
462 17
276 26
442 25
18 6
466 11
107 24
87 18
439 2
103 26
230 5
498 30
462 30
441 11
455 23
407 16
471 24
144 26
1 22
435 27
75 32
85 29
92 31
134 30
420 9
319 10
393 13
283 2
218 19
436 24
29 22
51 24
414 7
97 30
484 3
284 22
487 28
442 26
242 31
459 26
311 14
311 19
446 9
408 3
168 31
39 4
389 1
47 2
135 12
67 2
230 23
379 16
274 8
145 12
247 32
177 13
381 7
464 6
431 19
340 10
66 2
146 6
319 8
107 9
39 5
423 1
227 1
484 13
473 25
368 15
84 28
127 4
234 26
289 16
313 16
466 30
358 7
183 20
6 9
480 1
313 6
313 8
55 16
392 15
128 11
449 31
154 23
26 7
369 10
402 29
294 15
410 11
329 28
178 3
232 25
231 16
263 3
287 5
42 10
47 26
140 15
232 25
421 26
383 21
423 21
321 28
3 10
70 24
25 3
370 8
108 28
4 26
494 14
38 15
172 16
56 11
430 32
308 2
397 2
491 27
326 7
387 25
245 28
216 21
407 9
229 26
36 20
235 1
225 16
267 24
207 23
411 28
462 6
337 14
259 19
28 29
342 30
117 10
222 4
206 24
268 26
493 15
369 3
35 14
350 29
193 16
327 7
395 8
24 7
349 19
262 29
219 19
494 3
188 19
18 25
46 17
31 26
439 31
468 13
492 13
329 17
224 28
491 6
499 3
201 24
149 6
428 3
416 13
405 19
340 10
199 9
58 29
275 24
128 30
172 7
411 12
155 6
7 14
456 10
12 24
57 4
469 20
230 20
256 10
338 31
407 16
332 12
265 10
311 8
51 6
214 17
333 5
299 24
218 2
401 1
113 1
240 21
440 9
316 19
102 13
494 4
392 25
323 8
134 17
251 8
318 29
349 6
185 15
45 18
104 29
482 8
401 21
148 16
189 3
91 14
171 20
353 10
260 31
70 13
11 32
280 4
136 12
181 28
478 6
73 9
374 30
148 31
126 11
170 14
461 16
307 27
195 11
193 14
185 22
50 23
285 14
226 17
161 3
92 19
188 25
71 9
422 11
39 8
365 21
213 2
320 16
308 7
382 32
172 3
317 14
317 10
255 19
374 19
153 5
405 28
185 32
252 19
46 11
6 30
351 14
439 2
293 27
36 23
450 28
445 15
281 17
220 3
155 17
301 23
261 26
498 18
181 22
404 2
244 29
487 30
478 30
263 7
376 7
297 17
358 21
295 10
353 22
24 8
458 32
166 27
381 16
16 17
469 15
138 4
327 17
157 20
106 31
278 5
69 22
157 6
166 20
415 15
317 26
26 15
466 19
345 18
410 20
259 6
482 20
441 12
224 9
315 17
368 25
161 12
166 10
66 24
121 32
202 5
122 27
415 19
121 27
284 15
322 6
260 15
290 29
462 29
297 25
46 12
221 2
304 30
227 9
421 7
52 26
488 1
200 30
463 1
13 23
55 6
288 2
489 21
366 14
294 3
78 31
178 22
396 5
388 11
201 8
321 21
430 28
129 21
62 8
153 18
338 3
259 25
21 11
258 2
197 31
400 30
241 18
276 28
262 7
110 3
470 23
67 15
442 11
380 11
138 24
428 15
91 19
156 31
285 21
200 21
315 4
459 15
381 6
394 10
396 16
456 25
138 2
468 23
421 11
286 30
82 29
237 28
103 20
134 12
304 26
72 26
285 18
24 17
115 17
158 2
124 6
431 5
339 2
44 19
96 29
169 13
245 29
201 8
296 2
87 23
19 18
420 23
40 23
319 26
211 1
220 7
442 22
299 12
399 6
391 2
22 15
374 27
315 22
114 26
260 20
412 18
61 31
285 8
125 15
310 27
431 29
373 20
382 12
356 8
13 30
477 19
156 22
153 22
276 14
283 3
169 30
16 5
24 28
33 16
403 14
334 25
222 11
261 27
378 12
234 6
213 10
128 20
411 4
41 10
249 23
424 17
368 32
350 15
91 2
390 5
75 7
30 24
133 10
250 6
257 19
104 29
396 3
188 26
215 24
196 23
402 15
84 1
410 29
11 9
18 12
345 12
326 10
239 3
367 20
172 7
174 19
91 1
210 18
226 28
357 29
90 22
244 25
230 25
457 4
5 18
343 14
269 1
279 31
479 10
198 10
268 23
277 19
143 18
488 17
113 13
141 30
158 24
227 24
389 11
479 17
361 10
298 25
342 21
488 12
222 9
321 13
260 17
199 22
286 3
122 14
235 19
452 16
350 2
483 26
64 2
335 8
135 8
405 20
208 24
499 25
428 19
270 31
120 4
441 5
358 26
7 20
176 30
188 22
339 10
115 10
483 25
30 21
433 18
296 28
177 6
125 8
465 26
495 28
65 27
192 3
348 18
218 32
359 25
401 13
279 3
155 13
168 8
82 28
117 9
295 1
23 11
100 7
164 14
422 1
232 1
355 28
15 24
455 1
329 15

