128
306 19
474 16
249 28
207 18
492 11
26 20
51 26
275 15
239 5
60 24
60 23
171 24
201 7
491 6
2 7
328 3
29 30
11 9
357 1
154 5
288 32
4 18
221 10
304 31
134 31
166 29
98 28
404 26
442 22
75 23
256 2
102 20
407 12
412 24
32 22
464 23
97 19
8 13
448 7
128 9
26 1
477 27
481 25
124 30
126 18
69 10
303 14
369 18
485 25
177 4
198 4
335 2
310 2
314 17
153 25
41 14
438 29
4 22
249 27
43 3
28 7
460 30
132 8
391 12
460 23
484 13
410 10
302 15
11 28
327 19
408 23
44 13
236 7
466 8
377 21
62 12
471 21
86 15
201 24
422 28
247 9
169 8
74 22
375 29
289 21
303 5
272 15
245 31
97 19
194 22
71 16
229 1
480 10
347 32
142 9
44 16
25 4
395 3
385 13
239 10
26 13
426 13
239 30
7 16
84 16
309 22
307 5
399 3
351 5
170 16
365 29
83 30
276 21
44 25
450 30
390 3
322 15
123 5
188 25
396 28
180 24
277 7
92 7
477 10
272 10
137 24
211 23
229 6
400 20
202 13
53 31
175 27
257 29
287 25
277 18
68 28
237 4
146 4
371 10
474 22
472 6
481 26
33 2
371 8
185 29
132 6
163 2
316 8
454 30
68 18
135 19
389 23
330 15
402 32
360 7
45 11
337 2
364 9
439 3
4 23
159 3
212 25
144 27
296 1
128 31
30 6
349 30
484 7
304 22
82 4
112 27
346 8
356 18
20 30
148 31
416 18
9 16
182 4
6 10
100 2
192 21
99 25
399 3
423 30
320 4
365 19
334 15
83 25
124 10
334 19
477 10
132 9
81 13
341 2
142 16
423 30
273 10
226 23
456 20
372 3
355 21
409 21
3 15
81 2
445 3
100 1
220 23
109 4
43 21
89 25
445 8
370 9
33 11
239 28
446 18
114 20
402 18
192 8
365 21
381 25
243 28
433 2
62 1
465 21
194 9
493 26
416 2
206 32
308 32
287 9
405 24
404 23
478 4
210 10
72 7
354 14
422 26
127 20
178 19
440 15
495 20
212 11
145 9
210 32
360 5
408 25
452 3
423 5
258 12
122 29
426 15
494 20
260 24
183 2
62 14
364 5
257 24
171 21
492 24
408 8
80 27
320 24
125 14
312 3
77 10
415 11
408 9
54 32
232 4
161 10
61 16
54 17
99 28
273 7
455 24
294 15
494 13
270 14
206 1
56 18
14 15
488 2
83 25
145 22
128 1
311 12
180 12
60 23
291 32
73 26
363 10
484 8
182 13
178 15
333 5
372 23
55 28
324 9
252 24
303 16
476 29
271 7
181 23
137 15
14 25
68 13
278 15
84 23
303 9
49 8
346 5
186 32
132 21
241 19
180 7
466 3
359 29
13 11
419 6
362 8
62 1
160 32
480 8
150 10
208 27
269 29
471 14
9 30
166 5
188 13
495 18
351 13
242 24
96 32
13 17
443 26
385 27
265 32
50 15
350 17
317 26
14 7
276 10
444 9
122 19
286 24
488 4
320 17
351 27
240 23
223 23
141 28
489 9
175 18
23 4
146 31
494 15
329 5
32 8
61 5
255 2
120 30
186 32
323 32
58 30
251 5
96 7
240 4
499 26
325 6
290 23
212 27
333 9
403 29
164 11
221 10
161 29
12 18
484 22
233 21
247 7
173 7
77 24
130 28
178 31
97 15
277 4
249 25
200 7
325 28
465 22
133 29
90 12
322 13
329 31
465 20
389 26
122 18
253 3
41 2
205 13
396 21
148 24
442 28
498 2
415 15
15 27
439 8
395 25
28 7
167 21
2 27
334 19
20 30
374 24
368 22
400 15
263 20
111 24
99 4
173 5
274 16
411 29
143 5
325 11
232 11
15 5
397 12
208 17
285 13
180 8
362 12
267 12
331 29
31 13
188 28
293 18
95 15
26 1
212 2
407 31
44 9
27 16
120 26
208 29
166 8
408 8
319 26
355 17
254 22
429 22
145 13
107 27
127 20
475 14
185 6
132 32
154 15
19 2
244 15
30 14
114 1
141 8
315 7
284 16
436 20
213 12
136 11
170 26
154 1
452 18
378 19
417 19
445 32
156 9
14 17
154 3
326 10
262 12
344 1
411 12
460 32
211 19
294 29
208 8
25 19
489 2
446 10
284 6
45 8
282 22
328 3
36 9
432 1
496 28
45 15
407 20
234 29
450 23
349 17
178 21
168 23
478 9
424 10
354 8
257 28
377 8
274 20
441 10
412 4
185 20
46 11
459 31
59 12
10 32
416 19
484 31
205 10
47 8
427 21
299 3
92 11
118 13
290 26
274 17
198 26
156 15
400 10
226 11
225 3
218 17
273 29
427 30
14 22
457 24
78 20
326 25
282 4
237 28
353 27
124 26
320 16
497 24
97 22
30 14
308 11
314 12
299 12
57 13
417 14
456 10
473 30
366 30
77 7
29 29
465 5
183 20
284 31
207 12
252 12
53 11
334 22
490 29
310 31
149 2
116 12
424 12
89 13
193 9
243 2
446 19
226 28
47 25
158 17
92 13
489 29
171 18
214 12
158 19
262 22
453 21
114 32
464 10
16 9
219 31
82 24
169 15
495 23
19 12
320 10
264 4
106 14
333 24
149 3
194 3
148 30
287 25
373 23
463 9
111 21
351 8
48 23
202 30
86 28
397 21
181 32
416 11
297 12
106 5
90 11
207 6
149 30
350 5
448 32
261 18
196 19
453 31
482 14
136 23
225 4
175 13
395 2
43 15
189 24
340 27
151 26
368 11
391 29
171 10
381 28
99 16
246 19
171 23
56 10
349 8
190 23
389 16
464 11
479 5
431 18
283 5
215 30
231 2
366 29
147 22
36 6
26 6
148 20
212 24
353 9
187 10
435 19
330 23
6 24
403 32
477 25
368 19
334 18
500 15
202 31
149 6
96 10
371 27
221 6
150 25
142 17
319 13
263 28
327 32
159 29
407 27
265 2
381 10
75 1
500 1
231 28
14 2
25 16
420 1
317 14
22 3
258 28
239 32
191 17
140 9
497 30
39 1
24 15
62 18
151 1
374 13
265 23
410 1
474 10
386 27
251 27
453 20
98 11
379 12
459 18
340 7
268 22
67 15
148 16
240 19
392 18
235 12
56 13
297 14
326 14
172 12
440 4
435 29
18 17
28 8
35 27
430 18
448 20
444 19
327 31
449 18
500 4
374 24
180 10
437 5
203 12
432 30
435 14
382 28
382 1
279 32
479 16
69 10
407 16
224 5
399 1
450 30
208 19
305 19
196 25
243 18
52 6
391 18
243 8
289 16
384 15
392 2
126 32
139 32
324 7
264 30
239 26
471 10
240 16
36 8
368 18
185 12
7 8
257 9
51 10
224 23
464 7
148 22
279 3
473 22
353 25
27 15
154 13
240 29
476 19
32 4
404 29
467 26
496 11
10 18
120 25
332 12
404 32
25 6
118 21
487 10
437 13
264 30
213 15
187 21
129 30
236 4
138 6
293 29
276 30
383 4
90 22
183 21
45 15
26 22
55 20
335 16
228 22
285 25
452 7
333 4
41 4
463 30
121 3
15 24
112 9
143 22
462 9
46 19
383 4
372 26
287 7
133 23
8 21
307 32
240 27
391 32
58 10
161 6
164 23
425 12
275 24
329 29
96 10
95 23
149 22
120 4
376 24
154 24
372 8
195 7
302 25
242 31
142 3
388 14
133 32
433 24
83 25
144 23
486 2
361 15
55 28
274 19
435 11
166 30
90 32
417 19
296 10
101 26
116 20
95 5
3 31
156 10
139 15
320 24
240 12
110 6
11 23
428 25
13 1
250 18
304 26
344 24
28 20
241 15
283 23
391 26
65 14
427 11
196 2
178 11
277 8
81 19
374 8
83 31
453 32
340 8
350 20
207 29
479 15
371 14
337 30
103 25
159 9
455 7
126 5
141 22
124 1
40 9
433 18
87 17
305 23
344 10
462 23
382 16
201 17
405 10
366 3
290 24
387 5
230 20
377 15
117 20
147 16
200 23
481 3
167 18
65 31
439 2
265 1
169 25
425 14
206 30
284 4
165 27
240 19
386 16
469 23
319 15
362 30
398 7
156 12
128 24
278 18
449 30
90 10
359 2
395 24
155 6
411 20
348 2
66 14
469 6
88 19
500 9
157 25
291 16
313 6
384 14
188 32
484 9
301 2
495 31
109 9
373 20
320 4
169 1
157 6
270 20
276 26
45 8
18 11
96 22
309 31
272 8
14 15
476 7
448 26
361 8
471 9
75 30
157 16
379 29
85 4
261 12
121 13
496 15
343 11
320 7
273 7
350 6
197 30
452 4
147 17
404 25
397 6
111 5
277 21
70 9
192 18
73 21
486 8
303 20
362 6
183 26
417 8
271 1
209 11
313 28
35 16
176 19
397 10
188 10
330 25
386 22
438 6
334 7
229 12
102 30
461 20
75 29
168 22
342 32
68 2
287 26
221 15
88 5
452 3
494 22
235 32
303 4
41 20
94 18
475 4
63 15
331 6
164 18
335 9
430 26
362 12
207 26
30 30
402 18
421 12

