128
105 22
186 25
361 20
487 23
59 22
188 9
365 20
428 4
30 12
26 17
314 24
314 7
42 18
363 17
289 18
220 13
284 1
465 16
364 31
111 31
213 14
375 17
245 30
168 22
265 30
455 2
317 24
296 30
230 18
339 26
427 26
262 10
462 10
58 13
380 32
303 28
317 17
372 13
478 32
186 22
85 8
23 17
112 30
111 9
179 29
62 18
358 7
19 15
252 20
347 23
95 6
427 31
326 30
175 4
41 13
101 25
204 16
378 19
145 24
7 28
288 28
281 9
242 7
315 17
227 17
476 13
14 26
436 12
403 22
347 20
26 7
68 22
422 21
396 3
284 3
242 31
322 10
419 32
172 29
260 10
98 23
71 3
488 2
302 7
319 28
334 25
299 5
426 24
50 21
490 5
75 23
460 21
456 10
164 16
463 3
25 20
10 15
22 9
304 4
239 7
175 8
171 1
29 12
249 6
268 18
466 23
321 13
91 8
155 30
255 29
28 16
380 25
78 5
386 14
428 16
60 7
400 18
279 4
29 31
357 28
117 18
490 25
99 28
416 21
37 23
221 25
154 32
305 3
352 18
316 12
166 3
86 25
308 24
344 16
95 4
484 7
373 29
351 19
257 30
75 17
140 23
413 25
246 26
228 26
259 11
229 12
122 22
340 1
381 31
117 3
234 28
37 23
276 7
429 16
209 16
29 24
150 9
345 28
10 12
345 13
318 25
44 3
90 28
72 26
418 20
149 28
343 5
110 6
276 26
2 16
245 22
35 15
322 23
142 32
154 30
452 24
114 3
466 3
230 29
376 24
280 24
151 30
413 4
240 8
353 25
375 6
122 29
344 11
344 29
330 21
26 21
172 15
128 6
45 21
378 12
356 18
148 30
279 32
469 18
99 30
110 29
271 23
437 22
230 12
302 11
129 11
192 12
169 23
141 9
27 19
484 23
176 23
240 18
42 21
324 28
382 13
316 20
368 17
469 5
384 26
7 28
300 14
164 28
368 24
180 15
174 23
129 13
498 24
7 3
132 2
31 29
466 22
368 17
302 24
133 2
457 4
49 20
41 4
223 21
220 18
155 5
269 7
446 22
354 16
304 10
133 22
350 30
236 22
283 17
53 3
74 30
258 15
265 23
186 32
207 13
93 13
2 25
495 3
478 16
398 6
185 2
319 31
479 6
104 13
443 32
28 8
17 21
490 14
83 8
473 21
284 29
353 5
278 19
83 3
47 24
240 27
213 3
469 24
464 12
452 30
80 19
422 8
468 27
81 18
438 1
43 22
322 7
210 19
94 1
57 28
476 29
426 17
207 15
380 6
318 11
76 5
366 9
197 5
111 1
234 5
386 28
474 31
375 19
9 28
327 5
311 11
65 12
343 31
482 2
441 20
256 8
400 9
216 4
453 18
77 3
78 6
166 15
372 32
438 20
359 20
148 17
270 25
257 24
335 22
185 27
389 5
494 1
61 17
88 26
91 8
404 24
329 25
71 16
313 8
283 19
475 27
192 25
347 32
208 9
389 9
160 30
333 5
270 25
418 1
110 24
373 13
27 21
286 21
253 30
308 7
120 23
169 19
231 19
462 30
400 7
330 31
332 18
415 1
259 24
457 28
191 9
437 30
30 14
166 2
171 14
20 26
460 9
305 18
55 30
127 22
320 21
364 7
174 23
251 16
314 8
4 29
388 20
74 13
13 11
402 11
416 22
176 27
110 16
416 24
98 27
322 17
203 1
68 20
167 30
160 5
229 15
189 21
454 26
385 2
204 15
500 28
208 15
346 1
7 2
36 12
156 5
372 10
394 19
233 28
313 32
96 21
406 32
157 15
397 10
28 29
32 27
72 27
54 13
259 8
30 18
367 9
3 14
394 28
381 15
159 17
222 23
233 28
390 14
190 15
135 26
91 14
96 2
256 29
282 2
412 28
11 22
348 9
16 22
260 4
72 27
88 17
25 24
272 6
413 22
404 27
31 30
416 2
359 15
127 13
240 2
304 3
168 11
263 27
96 15
282 3
293 17
312 25
392 31
286 13
248 18
407 2
387 15
256 14
197 2
238 13
271 1
39 26
395 25
324 11
175 17
361 15
325 32
487 9
459 5
225 18
314 27
336 4
305 23
297 6
324 10
290 26
278 32
88 21
480 7
219 31
368 11
325 24
455 20
260 9
288 20
322 13
467 13
4 23
451 1
272 26
38 13
72 20
92 7
192 4
421 6
430 4
192 14
480 26
121 27
114 24
427 28
212 29
296 20
163 11
220 15
372 29
199 23
424 7
453 23
66 10
80 11
13 12
304 8
473 25
435 7
36 17
226 20
253 9
315 31
471 26
53 23
142 8
489 6
98 10
236 23
19 24
361 31
439 24
375 7
292 9
349 32
21 14
427 5
447 25
391 9
126 16
463 7
399 12
36 4
245 8
10 7
439 26
145 1
237 11
139 1
179 20
208 11
413 18
175 23
226 18
480 27
213 30
321 23
393 13
458 29
332 19
103 18
40 8
146 28
470 24
156 5
475 27
51 12
348 30
450 21
143 1
275 15
223 16
317 7
156 30
308 15
444 6
108 27
9 17
462 31
240 18
479 19
184 17
102 24
106 31
104 28
184 27
306 30
30 14
224 5
99 7
375 26
293 18
80 25
86 10
131 9
363 25
391 6
342 24
77 23
247 9
47 22
263 28
187 12
326 22
180 20
441 2
170 9
239 1
385 20
142 24
500 4
328 23
50 25
234 6
116 4
10 2
261 16
217 11
267 6
357 10
170 29
55 7
381 29
439 5
116 17
132 12
436 12
358 29
128 15
463 19
423 16
460 11
448 17
130 26
422 22
364 15
486 14
133 22
211 28
130 26
4 22
145 31
425 6
276 4
445 30
499 7
413 10
253 12
190 6
426 16
71 9
406 12
58 19
421 32
462 27
298 25
16 30
255 16
148 18
343 24
323 9
162 28
355 14
447 12
148 12
7 14
364 25
126 10
303 26
245 24
300 2
80 3
188 6
458 3
420 5
130 6
345 23
329 31
56 8
95 23
203 5
125 7
365 30
44 7
147 24
282 11
182 13
465 25
399 31
55 10
75 20
411 15
326 16
322 13
71 24
288 9
220 8
43 25
365 30
103 27
374 29
161 15
97 18
127 27
48 1
164 18
68 19
244 29
370 13
477 24
184 12
64 32
379 15
340 23
192 22
458 1
178 22
323 27
243 21
473 22
333 25
467 8
415 7
144 12
479 13
75 23
88 2
418 11
244 13
413 28
402 18
204 20
340 11
58 14
179 2
76 20
370 10
263 4
456 31
271 3
379 17
449 2
335 14
136 2
178 13
217 27
270 25
362 5
151 27
43 1
153 22
44 22
11 15
362 15
65 8
253 23
329 9
112 11
270 4
92 15
500 9
377 13
81 23
378 3
9 4
263 13
389 23
239 23
465 28
69 17
83 21
175 27
373 30
425 18
237 17
440 16
325 9
5 25
407 14
487 15
5 29
280 9
407 30
347 23
117 4
251 27
440 13
462 21
63 26
158 11
254 6
387 2
266 23
334 12
476 20
438 20
273 21
76 3
86 26
402 10
41 32
105 21
77 26
145 23
303 14
289 29
399 27
486 32
269 24
187 20
343 5
427 27
45 2
146 11
128 23
36 24
198 24
148 2
57 20
116 4
94 25
120 20
283 29
360 4
276 30
147 31
374 30
437 27
279 22
401 26
128 24
74 2
428 29
303 32
13 27
47 18
175 2
301 5
475 24
360 18
410 31
72 23
284 9
405 26
90 21
468 10
445 5
99 28
113 13
59 17
171 30
434 25
475 7
154 29
246 5
51 19
223 30
142 30
482 26
420 4
55 11
345 27
279 23
74 15
195 16
220 10
441 1
62 12
387 31
68 5
284 22
139 6
444 32
364 25
178 27
52 8
373 8
230 19
190 23
245 1
138 32
454 19
117 11
198 7
286 5
339 13
439 2
426 14
109 21
10 26
275 2
17 19
161 2
1 7
252 6
439 30
61 16
172 5
110 13
236 3
337 22
315 11
403 1
8 24
233 30
149 4
135 18
358 7
467 27
497 11
308 19
312 4
30 23
101 28
203 20
238 19
261 13
166 32
497 21
379 1
246 7
88 16
396 26
27 11
8 3
137 19
310 28
386 23
134 30
330 20
321 16
78 26
472 3
449 8
472 15
48 9
353 12
301 13
285 15
167 24
201 11
458 6
454 31
201 23
329 14
126 13
449 15
434 24
150 30
91 9
208 7
189 1
478 9
365 22
19 3
53 8
37 22
81 18
204 9
428 16
163 17
385 19
107 2
87 16
52 9
228 11
19 9
375 32
109 23
109 8
121 1
347 5
22 27
498 10
60 29
109 26
329 21
36 12
163 22
191 22
3 19
176 13
187 11
369 11
141 1
274 26
490 32
270 23
251 20
440 30
44 25
383 29
393 2
308 3
244 2
472 22
120 24
470 14
198 14
305 2
19 10
451 16
402 25
74 4
340 6
461 27
414 23
107 10
464 30
65 15
116 4
8 19
183 6
245 28
19 25
422 1
478 24
248 11
296 22
30 27
187 14
370 24
36 12
109 28
242 13
262 9
209 14
443 11

