128
380 27
462 10
279 12
342 4
340 10
490 19
349 27
474 19
40 24
354 2
185 6
23 19
167 26
414 4
122 16
467 5
470 4
394 29
296 19
180 3
265 1
282 13
499 7
27 14
435 29
131 19
206 21
377 13
95 18
16 20
5 2
68 11
114 5
75 21
251 6
247 19
274 12
480 32
487 30
161 17
90 27
391 28
148 7
168 30
112 23
161 24
221 8
442 30
244 8
446 2
473 8
361 18
424 20
369 6
49 29
330 11
24 24
434 7
190 13
116 21
339 20
268 27
207 14
96 6
429 9
443 2
437 27
499 4
494 4
269 31
100 30
33 23
21 14
497 18
122 32
362 28
239 17
371 13
190 14
246 19
211 25
372 7
195 6
358 1
441 18
83 9
75 7
367 3
284 28
156 13
327 25
216 14
497 30
214 7
256 12
157 2
500 12
464 22
249 17
234 26
298 20
434 16
134 32
170 13
15 5
173 22
45 1
111 5
178 28
79 9
135 3
102 10
114 17
32 31
89 21
256 2
285 25
461 2
192 2
39 19
158 7
104 2
303 10
95 5
389 17
117 12
464 23
213 1
487 20
143 8
361 22
165 17
142 26
266 6
107 32
244 1
219 31
318 13
412 8
353 12
289 30
27 12
392 12
180 26
335 11
157 7
424 10
43 14
299 9
251 29
316 10
21 14
44 31
407 15
102 11
458 30
432 17
345 27
428 21
405 26
51 21
309 30
234 23
391 32
215 29
289 7
190 25
416 13
147 14
39 29
433 21
342 32
185 3
187 32
63 15
373 21
3 25
438 1
88 29
120 14
25 28
184 31
69 8
447 11
273 6
315 13
186 1
421 30
195 7
481 25
401 21
73 23
90 30
491 29
394 23
182 19
222 30
485 6
169 27
357 25
120 23
350 25
31 18
26 25
228 18
185 12
415 29
382 20
471 25
236 20
187 25
486 32
486 22
50 26
253 22
299 16
428 24
381 3
269 30
35 32
116 12
475 22
32 12
237 2
432 24
70 18
240 27
230 6
377 23
231 1
36 17
352 23
28 24
273 16
342 20
143 5
231 25
190 6
325 2
116 8
249 29
226 8
91 11
65 7
85 12
447 12
28 23
82 4
234 27
55 3
366 2
383 12
18 32
209 30
349 24
450 25
212 31
289 11
333 13
121 9
204 24
388 20
70 21
491 27
27 9
230 28
94 4
487 4
388 24
305 4
223 6
389 3
132 29
237 12
233 29
232 1
128 7
20 1
440 10
352 10
54 25
358 28
248 12
111 31
243 31
75 18
373 31
400 8
491 32
320 3
48 7
11 16
22 22
224 9
391 11
278 17
211 23
444 31
183 10
297 5
172 31
242 12
37 9
400 23
480 7
454 4
473 28
55 26
198 2
306 16
57 20
384 15
70 11
77 12
84 10
29 28
96 6
3 5
263 26
363 22
324 20
473 13
132 11
142 1
157 8
268 25
383 16
331 4
330 20
56 14
133 32
373 4
205 15
64 19
481 3
265 8
242 1
452 5
264 26
405 24
245 21
484 27
28 22
430 29
425 13
122 5
420 18
489 17
73 16
147 9
478 11
208 8
500 4
148 23
309 17
386 29
429 29
179 8
386 20
312 27
445 14
71 12
483 7
192 31
111 31
459 8
101 23
11 20
382 27
214 22
63 23
242 15
319 8
298 5
379 25
367 27
98 29
39 5
348 2
487 26
420 10
249 9
316 16
472 25
122 6
238 20
284 31
378 15
102 23
159 32
487 17
7 21
165 1
17 16
126 27
321 2
300 10
418 3
33 5
367 2
426 8
41 6
286 22
164 11
296 6
219 26
402 5
218 2
121 6
430 6
89 26
495 4
23 16
59 27
5 1
264 30
381 16
491 14
425 22
405 16
179 3
354 16
199 23
350 11
157 3
268 29
232 23
336 31
378 6
365 26
319 21
164 15
284 26
216 9
12 20
280 10
94 1
474 28
56 11
314 20
453 22
308 8
48 15
290 17
389 31
11 27
135 2
109 22
31 4
478 10
296 22
436 13
390 13
385 13
83 14
8 3
335 15
70 14
162 16
11 18
218 9
460 32
398 20
121 4
95 19
322 14
356 1
483 29
17 3
394 3
120 9
337 19
68 14
188 21
469 30
130 10
422 17
389 15
8 30
99 26
460 32
344 23
380 2
115 12
396 28
198 19
409 18
321 28
143 5
408 28
410 21
1 8
125 14
150 8
103 8
437 26
371 8
80 6
309 2
497 12
54 30
423 2
431 3
141 14
103 12
389 9
436 13
344 4
278 5
395 4
445 11
293 19
315 12
417 27
270 9
179 11
311 5
488 21
47 8
18 14
379 10
14 18
295 5
225 16
405 31
156 21
153 16
368 27
376 32
90 9
48 28
319 14
72 30
303 6
137 4
119 23
78 8
180 4
44 28
147 21
226 6
149 2
454 16
197 17
151 18
325 23
257 11
260 12
152 6
149 12
86 4
6 23
103 9
238 23
292 12
447 29
390 19
98 7
315 26
23 17
431 15
367 23
193 11
218 32
244 19
187 25
338 12
195 32
80 8
290 23
168 32
91 5
387 16
103 21
482 1
369 20
175 12
303 7
418 12
414 5
90 16
342 19
143 12
71 14
172 8
444 7
300 22
99 26
73 21
238 14
177 18
22 3
193 12
69 18
195 14
123 21
81 20
415 23
55 25
296 18
197 7
416 8
476 2
33 32
66 14
158 10
227 15
444 28
354 20
381 16
345 3
36 29
22 11
351 21
435 22
302 3
236 30
478 23
83 10
463 21
483 4
242 22
150 10
481 11
49 29
402 30
420 30
22 21
388 13
17 10
370 15
157 30
388 22
20 10
348 10
470 22
453 28
391 30
249 27
456 1
436 2
394 23
147 24
147 6
140 20
59 5
186 27
466 13
201 22
246 16
171 20
229 12
131 16
429 19
342 17
379 1
94 17
335 16
40 2
477 11
497 3
39 22
102 17
106 14
46 23
53 4
270 1
191 24
104 24
130 26
356 29
426 25
281 17
244 20
94 28
202 6
106 12
123 27
300 28
212 1
430 4
61 28
397 19
99 20
222 29
149 17
237 7
81 5
187 16
40 8
43 21
369 9
184 7
59 28
70 11
180 19
386 32
50 18
343 1
486 28
229 18
197 21
60 21
37 14
453 16
25 15
20 1
347 3
235 26
390 8
380 26
155 17
161 8
251 11
204 8
271 4
221 19
452 17
447 16
26 11
415 19
246 2
295 16
193 26
201 2
185 12
3 27
197 20
395 31
370 10
34 4
86 30
310 5
386 29
25 12
7 19
166 32
429 16
48 25
193 24
54 10
180 21
420 32
424 6
174 5
468 3
137 29
164 30
89 14
406 21
313 1
108 22
368 28
141 15
8 14
367 13
63 10
173 26
125 8
352 6
241 15
208 21
371 7
26 11
272 12
276 12
196 7
265 11
270 6
330 21
91 32
393 9
445 2
338 17
13 1
422 21
359 29
333 25
351 27
40 23
142 3
410 17
401 3
399 10
284 20
150 26
127 30
378 27
107 3
195 8
108 32
76 18
96 5
47 31
119 14
273 4
104 22
448 24
60 14
173 31
278 30
68 20
215 25
31 26
12 25
145 31
193 28
436 20
332 26
290 30
419 6
61 22
448 20
25 19
58 13
54 3
222 9
294 5
418 4
462 29
253 30
251 21
177 10
436 25
168 26
310 10
491 23
108 26
82 12
149 11
385 30
29 2
174 3
394 7
350 3
223 2
312 29
250 25
11 30
349 10
115 6
115 21
380 18
395 6
410 27
156 22
96 29
251 29
211 29
416 4
351 6
366 31
315 27
151 9
152 7
206 14
8 4
223 8
98 17
405 19
159 28
152 2
96 30
78 22
398 1
70 25
483 31
263 9
49 13
325 17
115 2
170 30
53 32
213 26
360 17
8 26
29 19
475 4
265 25
134 10
397 19
262 31
489 24
231 9
140 23
293 22
288 23
80 29
206 24
194 6
261 2
435 21
64 26
116 4
166 17
342 10
7 15
497 19
331 15
236 10
134 20
428 29
342 19
113 32
150 15
317 18
360 3
50 3
364 30
103 13
470 20
295 17
398 31
323 8
369 30
50 18
290 17
275 27
483 7
382 12
397 30
394 4
301 3
383 28
312 13
397 14
280 31
110 1
185 32
257 9
194 26
259 15
134 9
465 12
123 3
451 4
396 20
479 32
491 13
64 22
345 4
287 24
206 32
5 30
32 1
146 29
122 32
207 3
140 19
74 23
369 4
486 21
424 32
312 14
325 15
419 5
390 6
349 19
305 21
336 4
317 22
412 14
237 10
44 29
141 29
343 17
196 12
125 23
143 25
384 23
367 7
340 25
360 24
351 16
392 27
204 32
20 19
497 4
437 28
336 25
360 18
289 23
209 14
26 8
406 17
170 12
63 25
28 2
48 15
290 27
269 5
498 24
163 6
99 19
237 27
379 24
316 20
355 9
285 28
80 6
140 13
313 3
462 21
476 21
423 21
152 11
461 9
182 16
347 28
74 15
418 13
383 2
324 21
462 32
320 25
149 27
141 21
365 10
153 1
315 11
309 14
469 14
466 22
97 4

