128
401 8
435 3
257 31
188 28
267 25
125 9
367 17
237 11
243 21
218 4
126 28
242 8
33 13
147 28
337 14
494 13
157 29
211 18
127 10
53 1
331 1
461 21
217 17
247 32
86 32
267 11
359 24
374 31
232 1
110 16
382 28
157 2
88 11
303 18
469 32
458 23
32 26
199 17
319 9
412 16
408 18
170 2
37 11
9 13
415 26
40 24
425 24
334 12
267 12
77 23
491 14
237 11
156 23
475 18
231 10
433 6
119 26
107 3
144 7
127 15
85 11
206 21
66 31
225 4
175 29
270 21
39 6
391 18
144 25
223 26
306 3
215 28
256 6
431 31
288 13
161 12
279 19
85 25
257 1
28 27
313 22
152 7
7 14
248 23
111 26
228 8
476 15
192 23
116 2
334 31
234 2
479 5
416 11
209 5
427 24
307 7
237 14
294 8
352 5
98 2
215 13
81 26
119 12
273 14
97 6
193 27
155 23
195 27
437 27
95 11
490 29
305 31
211 30
174 6
343 3
375 1
95 15
98 10
431 10
151 7
31 3
61 22
365 31
108 25
9 14
219 11
454 20
77 20
325 14
77 19
372 31
427 30
110 13
235 8
98 30
418 5
432 15
166 25
85 9
153 6
326 20
444 31
395 24
295 23
473 11
90 20
174 28
365 23
392 24
322 30
337 11
470 20
421 27
268 6
259 29
451 24
292 26
214 22
117 8
108 21
379 21
488 28
213 24
186 24
451 15
297 3
449 22
407 18
104 2
227 18
94 1
297 13
274 31
274 10
18 14
34 24
78 5
151 18
372 4
98 11
398 30
313 11
364 3
420 3
245 18
181 2
26 29
279 11
339 16
244 1
433 17
308 31
297 11
152 16
498 25
342 32
495 7
94 10
225 5
176 13
362 32
363 7
37 29
389 23
192 4
435 9
408 15
339 8
405 22
223 6
91 17
149 5
71 14
146 31
458 25
320 7
177 26
409 21
174 29
291 1
280 2
193 19
172 15
94 8
373 17
329 19
85 18
251 23
423 4
5 17
68 32
403 20
357 4
160 14
460 19
99 32
28 23
482 3
174 12
126 10
244 22
212 28
135 18
186 6
61 6
142 16
366 12
76 30
59 11
104 15
185 26
314 16
344 31
262 21
222 27
266 5
193 25
496 23
494 17
88 30
75 17
34 28
477 17
13 11
195 4
257 24
169 6
295 13
217 25
233 14
295 31
255 3
179 18
18 1
283 21
78 25
186 11
148 2
423 12
400 22
128 5
349 12
430 19
160 14
51 25
84 30
95 14
184 13
87 25
297 1
158 11
429 19
189 12
208 16
440 31
81 7
467 17
214 13
423 10
42 14
470 21
23 24
314 10
188 1
111 17
325 16
359 26
314 15
33 21
10 28
331 2
390 22
370 20
398 21
181 27
470 30
268 12
65 17
49 24
185 23
88 18
278 2
115 7
345 15
315 14
471 14
296 12
147 1
167 4
161 27
186 22
200 13
121 12
386 22
220 14
180 11
79 18
105 9
252 29
192 19
6 2
64 25
225 2
318 12
457 14
442 2
460 30
447 4
109 12
305 12
253 5
487 24
146 3
228 13
391 23
315 8
284 30
49 5
291 26
104 3
47 21
241 10
390 19
290 27
370 6
178 22
430 28
9 31
106 13
176 28
359 10
392 27
220 4
3 6
9 14
109 3
354 13
265 20
387 26
94 28
499 19
433 9
139 30
59 12
30 18
92 12
224 11
30 3
126 4
156 10
193 16
40 19
168 24
142 26
209 19
13 16
209 6
192 19
387 30
443 12
484 6
303 11
368 29
205 29
420 20
478 17
180 17
11 31
173 8
253 25
238 13
292 30
210 31
497 20
233 15
215 12
176 22
478 3
54 2
239 17
245 4
289 24
84 3
271 28
302 15
489 3
139 28
189 13
115 17
148 23
179 31
118 18
232 23
100 5
128 18
313 12
257 22
500 8
252 26
300 2
144 24
444 2
271 4
482 13
20 14
435 18
196 4
403 31
498 22
415 17
43 23
201 27
328 32
491 4
321 6
485 32
281 8
449 15
412 15
288 31
264 30
129 7
126 19
237 27
385 7
452 15
377 8
226 9
55 12
488 31
209 16
394 13
399 30
391 2
124 22
241 7
104 17
49 21
251 17
55 11
287 26
62 20
213 3
72 7
354 7
197 30
382 2
402 12
432 4
294 11
174 14
498 13
106 30
209 32
183 15
491 5
473 4
484 9
190 19
156 19
317 20
308 14
294 25
182 21
352 7
335 21
212 16
153 17
378 1
172 28
476 26
380 24
417 24
188 2
122 15
352 3
399 3
192 24
219 9
120 23
51 10
299 2
138 12
78 7
164 2
278 27
115 1
290 24
224 18
341 2
24 13
488 2
55 19
465 10
404 4
400 10
242 10
216 7
149 29
449 1
246 14
155 25
234 13
96 6
126 8
155 29
480 10
423 3
172 23
364 23
175 11
381 8
460 12
498 9
92 26
125 6
375 3
50 20
75 13
417 12
432 31
201 8
416 7
150 4
213 21
14 23
127 26
6 18
341 11
46 13
152 2
122 10
301 15
486 19
19 22
279 14
177 7
213 28
305 30
383 9
78 25
256 16
290 29
142 23
116 27
267 11
61 20
145 1
262 18
439 28
383 17
81 27
399 30
207 3
359 21
72 13
485 11
344 31
439 29
461 14
376 23
173 20
466 13
148 11
446 6
210 4
155 14
443 13
287 21
256 6
89 27
286 22
5 13
52 11
318 8
349 1
90 17
480 7
189 7
485 26
64 22
165 2
187 27
123 14
459 30
471 24
408 4
473 28
440 32
58 25
35 30
301 4
278 12
30 10
258 26
451 30
411 32
391 17
278 13
422 9
242 16
136 1
351 12
264 3
131 2
399 17
227 20
140 13
479 29
174 17
386 25
262 4
444 12
392 17
17 18
161 2
409 24
111 20
403 30
402 13
195 16
401 30
351 16
482 2
412 31
122 1
131 31
92 14
34 24
499 2
1 23
160 9
307 6
20 17
495 17
446 2
277 26
167 3
238 8
160 21
302 21
298 29
163 25
358 29
76 8
450 24
367 1
337 13
82 28
233 9
333 26
470 13
228 8
87 29
283 19
465 20
379 6
368 26
3 26
294 14
285 19
358 31
204 6
27 25
253 8
213 13
141 10
45 20
169 8
184 31
82 1
239 32
114 2
205 4
387 14
398 28
241 23
26 20
300 5
80 28
164 13
489 12
326 1
24 7
16 15
149 1
59 23
409 21
197 25
492 19
315 9
458 7
143 8
202 26
36 5
346 23
277 30
354 7
218 1
301 6
436 17
34 30
188 6
370 32
259 10
22 5
102 32
331 17
463 4
38 18
16 31
48 25
68 9
247 26
278 11
223 25
347 4
410 2
50 8
121 8
493 19
84 2
474 22
190 24
149 28
433 32
314 16
308 22
232 22
371 1
304 13
425 27
200 15
36 25
318 29
260 6
3 11
107 32
460 25
263 24
228 31
476 13
378 15
126 5
41 16
470 4
292 30
494 12
432 26
92 1
390 4
262 4
398 13
71 14
369 25
317 24
379 28
340 4
427 6
364 15
165 13
310 17
431 16
448 22
37 31
315 30
94 28
373 16
296 3
201 12
127 1
463 17
13 7
112 7
120 27
257 32
12 6
92 18
73 11
155 29
282 29
90 11
397 26
70 32
404 22
412 22
491 14
386 19
176 25
293 31
176 13
283 27
318 14
332 7
265 18
203 2
159 29
124 7
254 6
450 18
463 17
391 17
87 13
307 18
477 27
261 24
499 15
42 25
416 29
59 20
63 1
429 29
405 1
127 19
246 8
20 32
141 10
365 23
390 19
340 27
270 24
74 20
494 4
436 2
340 10
293 14
107 10
474 7
126 12
21 15
380 28
430 12
154 30
98 27
317 9
113 30
37 7
205 6
154 29
291 9
338 28
99 16
157 32
159 14
376 15
4 31
423 9
126 16
431 11
470 23
11 31
332 19
473 4
429 14
232 31
470 6
6 12
365 30
196 11
147 23
54 6
177 4
435 30
403 21
228 28
463 26
158 30
137 30
33 5
107 1
487 1
186 29
348 26
6 23
73 5
465 30
154 1
453 24
498 19
156 5
78 22
315 8
263 11
217 20
367 16
264 17
252 25
197 27
350 7
346 22
207 30
251 20
155 19
300 28
409 23
229 19
425 31
426 31
345 30
38 23
169 5
267 28
453 20
223 15
166 8
428 4
229 23
83 3
233 2
35 14
189 31
184 5
157 25
3 5
454 21
63 3
193 1
394 22
144 20
300 13
35 7
384 32
257 7
498 6
200 32
187 32
498 18
204 26
330 7
6 31
99 24
257 19
101 31
288 12
322 11
405 13
166 8
324 14
106 13
115 22
57 5
397 10
22 25
60 31
11 1
486 25
337 30
251 17
448 19
180 14
477 20
330 14
76 5
416 9
325 14
338 29
183 19
491 8
39 10
407 9
466 4
9 2
189 11
238 29
149 14
110 26
205 3
267 28
443 2
313 23
64 2
204 2
440 26
153 30
243 15
230 12
6 6
214 19
497 31
35 13
72 24
122 13
434 13
260 32

