128
363 14
396 2
204 19
146 20
259 20
165 17
53 29
396 6
221 31
337 25
115 21
60 22
176 25
413 13
371 10
401 9
147 8
455 27
410 20
182 4
439 3
232 32
267 11
349 23
217 5
28 8
377 3
229 32
300 25
365 2
338 5
106 25
412 20
39 5
363 32
489 14
270 28
497 1
51 17
227 15
381 6
302 14
341 18
309 4
374 25
13 12
289 14
400 8
382 22
373 8
361 21
249 23
284 1
19 22
441 13
305 6
499 26
431 27
488 31
182 21
116 2
424 20
15 3
308 16
464 8
344 13
244 12
455 11
41 25
65 29
421 5
154 23
474 20
461 9
27 14
174 10
391 29
101 30
124 24
153 23
291 4
263 26
292 5
265 28
245 5
164 2
49 26
436 6
105 9
335 31
242 12
476 5
308 5
390 7
336 14
222 27
242 32
12 1
405 24
68 1
456 19
166 4
400 26
378 25
350 24
339 23
71 31
75 10
391 28
13 30
210 14
204 27
421 12
187 17
343 22
178 31
336 19
154 20
296 11
444 13
242 2
88 4
96 30
394 2
330 30
64 3
195 23
341 23
334 23
144 5
280 25
327 19
367 4
54 23
363 17
159 16
279 6
268 18
112 1
64 29
270 19
479 8
97 27
430 11
197 5
311 28
449 17
294 8
320 20
478 2
196 32
138 22
86 5
52 9
269 27
137 2
297 3
205 21
285 6
27 13
411 13
308 7
177 21
26 17
300 11
178 12
343 3
173 16
423 8
476 11
42 28
432 14
430 20
83 26
122 1
398 4
150 13
94 10
9 24
322 9
474 12
8 12
18 20
95 21
108 18
335 29
33 11
191 10
254 13
27 23
85 8
110 26
332 4
60 21
323 29
353 28
436 16
464 22
391 2
98 30
128 8
351 32
198 5
326 16
165 12
178 29
480 32
335 7
491 26
3 29
478 23
460 30
66 31
71 9
481 28
158 20
99 32
323 21
400 28
100 20
352 9
17 27
416 7
493 10
448 28
70 21
202 30
42 24
304 4
280 28
131 5
447 2
297 2
378 8
417 25
464 4
105 12
302 9
34 31
130 17
142 24
109 11
81 23
166 16
466 1
372 25
234 26
326 10
439 15
429 24
383 12
327 7
75 25
211 8
275 1
440 16
392 29
314 12
255 28
207 12
424 6
316 1
100 29
38 26
47 27
245 17
62 12
268 29
404 6
96 26
170 28
297 29
288 2
384 10
89 3
113 25
372 25
373 7
273 3
9 32
81 17
452 2
28 7
278 31
401 2
460 18
113 32
483 20
366 22
145 30
308 17
170 32
37 15
150 30
157 6
185 13
115 12
230 18
411 12
425 31
85 8
84 9
140 30
300 9
284 24
310 11
200 28
122 17
374 16
250 26
133 10
118 11
273 19
93 7
58 13
197 10
400 21
42 27
198 13
395 5
284 9
72 12
36 25
424 13
316 9
290 29
310 11
399 6
457 3
469 27
359 17
212 3
297 22
1 23
94 32
475 6
304 10
65 11
443 12
451 10
364 28
410 5
202 13
458 2
3 22
376 30
295 32
324 11
193 28
289 22
423 28
367 2
13 11
268 7
270 2
417 9
309 22
157 2
338 23
20 17
244 31
406 18
186 13
333 18
256 29
16 3
88 2
256 29
17 16
407 2
93 19
123 14
353 23
115 10
97 18
234 25
233 7
434 14
71 6
148 27
239 7
5 26
248 32
278 20
135 25
254 32
211 32
333 19
6 27
457 3
433 22
147 29
33 4
434 15
198 9
281 12
447 5
465 23
249 27
162 19
131 31
314 29
290 30
108 20
93 12
102 5
457 16
41 29
179 10
444 28
111 20
367 1
213 12
455 29
426 1
47 24
383 1
452 29
358 3
172 22
326 5
178 15
224 26
123 6
396 22
334 22
494 8
414 2
31 13
166 24
337 12
67 11
424 3
95 10
281 22
435 19
242 25
93 13
182 11
71 21
485 20
434 10
103 32
183 14
68 8
145 24
263 20
326 31
434 9
320 26
38 6
24 24
218 12
448 16
35 22
328 23
421 14
348 4
461 10
361 24
81 21
487 3
420 16
233 29
436 8
419 22
10 2
457 11
410 16
478 4
422 30
314 14
271 25
421 23
42 1
314 18
138 28
20 29
463 21
262 3
8 16
76 9
473 4
448 30
287 13
29 24
434 26
254 20
354 22
138 19
307 23
72 12
454 24
204 29
48 1
19 7
496 22
276 1
125 3
406 11
499 31
471 25
480 8
340 10
249 22
284 19
484 32
202 30
151 6
206 2
222 24
456 22
317 23
390 5
453 19
203 8
81 17
440 9
100 11
450 21
312 13
107 12
292 5
233 2
214 2
491 15
161 11
4 5
29 25
269 26
40 23
489 28
348 32
384 31
58 21
499 10
418 26
165 13
414 29
3 7
186 17
413 22
143 25
322 28
161 2
5 28
412 21
172 31
272 27
410 29
92 16
50 17
13 26
69 6
314 11
256 19
268 1
344 22
289 1
81 9
458 5
1 26
281 28
332 12
282 21
233 5
1 14
85 13
200 18
291 29
76 30
364 23
418 23
105 22
76 29
7 25
474 3
254 26
382 10
158 19
178 14
388 2
23 12
43 2
477 1
439 25
82 14
99 28
212 27
57 27
92 15
172 25
421 5
22 14
214 23
317 12
68 24
421 31
379 27
16 32
499 30
112 25
107 6
284 15
117 4
309 24
255 28
476 3
109 1
329 14
28 17
417 27
52 6
389 10
4 25
137 27
210 32
435 1
162 6
339 6
409 23
189 27
479 12
338 19
364 14
112 3
14 25
338 5
70 22
198 29
334 23
75 4
286 9
64 27
430 18
76 23
400 28
353 26
279 14
20 19
59 12
385 24
364 18
340 1
300 10
5 21
224 20
28 21
292 27
308 10
344 15
264 20
499 16
325 17
158 25
271 24
180 24
140 7
377 11
327 16
220 3
13 19
262 28
304 18
335 23
479 2
345 26
125 15
357 2
472 6
498 2
434 29
397 13
71 2
255 9
5 11
79 21
269 1
409 4
98 7
386 12
272 31
21 29
277 13
198 12
95 23
490 16
223 6
452 21
215 18
41 24
32 7
88 25
163 28
76 24
442 22
39 10
396 7
462 32
140 3
420 6
57 25
465 11
350 16
423 5
473 27
136 29
285 7
9 8
423 16
411 4
397 2
429 24
212 18
316 27
252 3
288 12
199 20
438 24
19 20
464 4
26 23
200 15
26 20
110 32
143 20
311 8
321 16
35 29
333 22
87 21
436 23
392 18
478 22
34 13
393 5
44 23
300 15
229 25
302 26
124 4
209 26
187 2
377 10
266 10
423 20
146 23
78 29
344 20
70 17
108 27
78 15
233 17
245 21
405 30
2 32
193 26
165 12
443 2
453 24
455 19
412 8
85 21
340 17
248 22
9 7
76 22
357 32
166 17
120 14
350 1
301 15
34 6
126 21
211 14
36 17
304 23
468 9
140 27
169 19
420 25
446 31
319 14
302 20
459 17
258 12
245 14
202 11
227 19
107 25
256 10
157 32
293 32
300 12
283 32
22 10
200 23
49 6
325 6
354 3
123 27
442 7
20 8
497 27
322 15
387 26
449 28
489 25
19 32
376 21
459 1
207 22
68 7
176 28
456 21
26 2
491 11
149 22
462 25
312 12
452 3
65 32
446 29
344 24
44 27
469 26
319 11
363 18
281 10
481 28
418 10
18 12
177 6
474 6
14 17
273 5
335 21
420 16
93 27
96 12
185 20
341 16
90 20
93 14
93 14
161 27
135 6
474 11
47 7
301 9
84 1
81 10
114 17
198 6
115 1
46 32
208 22
7 17
441 15
222 6
228 6
248 19
412 5
173 22
20 13
74 3
250 11
372 3
7 5
420 5
65 25
272 24
203 18
272 23
81 5
28 28
79 27
170 22
200 11
151 11
19 9
173 4
231 24
130 13
465 14
209 1
366 21
153 20
462 32
63 6
473 6
350 15
421 15
244 32
65 14
42 16
322 22
203 8
461 25
492 9
86 5
306 11
385 2
371 30
437 9
92 5
78 5
163 14
163 22
469 12
152 22
15 25
75 13
229 24
253 20
312 10
124 9
141 16
130 19
410 11
147 17
179 8
293 2
74 7
99 2
386 26
404 12
427 2
469 19
365 29
78 25
411 30
497 27
413 11
413 26
397 7
322 3
486 30
120 3
273 27
305 22
24 28
410 6
37 26
160 22
450 30
430 28
291 14
262 7
256 2
377 12
436 10
283 22
368 18
184 12
176 28
297 32
195 2
353 20
435 29
485 17
250 22
96 20
395 2
298 27
383 26
6 11
428 20
92 11
394 23
434 17
115 22
120 9
140 21
244 18
485 4
162 10
345 14
329 28
115 22
242 17
152 27
167 19
239 26
373 20
237 18
52 3
91 20
11 30
496 7
8 24
334 17
417 3
426 29
270 12
370 19
389 1
461 23
451 27
17 15
182 1
184 18
103 7
257 13
356 12
71 19
83 29
32 3
287 1
95 28
201 16
122 9
189 26
347 3
133 15
18 2
467 17
251 17
475 23
238 27
462 16
45 4
416 16
246 10

