128
391 21
131 14
84 29
445 15
286 27
314 28
176 4
432 20
324 28
94 22
400 13
330 2
310 13
73 21
66 22
310 16
182 21
266 6
149 6
424 10
172 25
321 24
341 28
59 32
43 12
425 27
100 19
424 18
223 12
242 4
290 28
96 11
48 17
88 32
274 3
333 22
100 13
349 24
256 23
307 30
263 11
444 26
337 20
123 28
67 17
199 32
472 18
179 27
210 26
66 24
481 2
133 24
402 25
223 21
239 5
158 17
111 10
67 12
321 21
63 27
109 5
95 16
259 5
450 24
242 3
155 26
264 27
5 17
119 31
25 2
459 23
62 18
136 28
73 28
169 3
194 21
247 16
209 29
412 14
325 18
25 3
375 20
118 28
157 16
310 9
297 29
67 3
190 30
338 10
157 14
248 15
487 18
138 7
351 18
204 3
55 4
357 13
220 2
12 28
414 2
260 2
442 3
68 11
28 2
244 25
115 31
387 17
484 4
295 30
277 11
212 23
430 5
464 5
394 11
376 23
148 4
17 9
314 28
219 5
193 6
229 12
156 3
408 20
195 19
177 27
405 17
6 10
457 21
335 26
443 14
9 11
49 9
31 22
312 6
407 1
415 23
164 15
306 7
62 32
125 18
174 21
126 11
67 22
147 13
136 30
462 32
384 11
20 26
76 11
367 26
187 10
173 22
204 10
273 25
329 21
354 2
130 12
33 8
265 11
448 16
324 13
43 15
123 22
325 23
97 7
384 11
324 32
337 7
385 29
143 17
209 9
419 26
328 31
237 20
481 20
492 17
149 18
363 23
300 7
173 8
230 29
382 29
464 18
432 5
178 2
265 31
70 7
428 29
485 25
489 14
52 20
122 12
217 28
323 12
375 15
115 16
403 5
8 7
418 15
419 4
365 31
186 26
70 25
183 10
481 7
371 29
354 20
84 30
180 10
438 18
253 28
361 3
252 12
77 22
159 19
469 11
382 26
308 23
470 26
356 3
12 23
335 25
70 6
435 25
176 32
6 8
127 10
138 27
86 19
400 16
61 8
118 22
225 29
96 18
267 12
496 22
30 18
495 11
100 5
404 7
4 13
406 30
127 23
360 12
109 7
307 14
182 20
315 14
200 15
304 6
214 19
96 27
333 10
397 28
370 8
410 17
413 15
354 11
61 6
454 14
28 16
191 26
387 29
319 18
267 6
404 4
273 19
278 29
440 3
240 9
326 25
33 30
19 6
128 11
303 29
100 23
192 18
244 14
499 22
16 25
184 23
449 20
121 26
264 4
400 7
220 6
207 4
315 5
489 11
155 20
227 7
326 19
248 25
348 6
482 31
363 9
485 27
324 29
36 11
368 16
293 11
365 15
190 23
75 23
325 2
174 8
188 19
322 31
271 25
33 24
236 3
417 12
57 28
381 16
179 8
231 23
335 19
174 32
478 24
54 10
181 31
57 32
429 10
7 27
251 3
451 26
137 19
409 1
458 13
488 20
389 15
163 7
17 16
98 10
435 28
500 32
230 4
187 11
138 29
209 16
83 23
77 3
377 13
411 23
478 19
26 14
469 20
440 1
375 25
331 10
40 30
277 14
89 7
280 14
8 28
317 2
499 5
309 27
230 7
413 11
469 27
424 25
478 11
126 17
399 4
162 23
489 2
60 1
104 27
7 11
30 11
53 8
68 17
255 1
431 19
207 16
457 2
392 27
344 1
287 14
176 4
384 4
441 7
445 12
485 19
7 23
329 3
246 12
123 32
396 9
19 22
156 31
83 32
113 2
268 3
20 4
50 19
459 10
50 11
386 26
409 12
104 26
6 14
485 32
201 17
32 31
482 32
398 29
439 22
342 30
113 13
1 30
468 8
4 25
66 29
106 15
336 2
64 21
59 12
468 27
280 27
182 2
38 23
30 24
292 27
34 4
436 22
66 7
345 9
123 15
161 16
89 12
289 4
188 31
51 19
310 11
5 19
444 7
273 9
222 20
195 19
468 10
141 25
384 5
305 14
99 5
438 15
164 14
190 15
129 1
357 6
71 13
280 22
107 32
338 17
115 32
83 10
162 11
318 25
412 2
107 2
290 4
49 21
473 2
155 29
478 3
390 12
224 25
265 2
72 30
10 11
486 21
472 7
19 22
395 14
115 5
292 29
248 32
209 25
77 20
25 3
226 23
158 5
435 15
483 7
376 24
397 9
436 4
211 11
9 14
236 16
310 7
380 26
218 28
130 7
303 6
53 5
420 22
33 11
484 15
65 16
359 1
424 18
328 7
452 29
444 20
312 5
418 23
162 32
130 15
134 1
149 14
165 16
247 13
126 7
64 10
294 2
2 13
271 14
55 15
18 6
114 21
455 27
371 8
370 28
259 31
284 11
40 32
326 15
349 20
369 8
493 10
37 7
82 27
28 9
233 29
338 10
77 24
81 27
260 30
298 22
157 18
276 8
233 25
334 29
256 10
196 9
67 12
447 9
243 2
489 15
222 30
173 14
470 29
96 21
406 29
98 22
178 9
258 31
177 19
195 13
349 31
237 15
474 3
267 16
360 7
43 1
285 23
230 26
319 21
334 12
421 23
138 31
155 31
213 31
189 23
319 13
149 31
304 31
441 18
42 4
29 12
84 29
2 17
418 20
341 3
248 22
181 1
212 23
131 16
369 15
182 32
208 27
446 23
305 31
284 6
242 32
134 6
476 19
342 17
307 27
495 6
296 11
438 3
213 4
134 22
238 23
473 13
349 18
307 9
156 11
203 18
106 32
75 6
470 12
178 24
450 9
181 21
347 2
455 20
37 8
493 23
107 29
71 15
234 6
460 30
172 6
139 25
349 5
62 22
480 20
298 22
412 10
378 14
300 1
21 16
124 9
462 6
181 9
389 19
114 12
156 29
213 30
265 21
210 19
82 17
418 23
322 1
61 16
290 12
384 15
195 23
379 1
441 28
41 17
178 22
380 29
290 12
330 6
4 27
232 9
79 29
168 17
329 32
452 11
439 15
485 5
397 15
493 1
274 13
369 23
390 12
135 19
191 12
437 22
354 16
483 17
169 30
389 9
81 32
171 7
378 11
355 18
370 16
463 3
84 3
446 30
431 12
356 5
396 8
19 29
312 25
237 4
354 13
32 18
316 31
304 25
209 2
171 2
357 29
73 13
167 30
118 13
301 25
70 32
469 12
149 24
440 9
315 25
214 6
226 1
400 1
74 13
38 4
390 19
80 18
39 30
35 8
343 24
332 28
383 32
203 19
283 10
472 17
434 17
443 11
213 26
391 10
6 12
233 20
26 12
413 28
58 20
423 20
135 3
367 1
258 21
252 25
210 15
137 31
407 31
357 15
477 19
109 30
378 5
81 28
357 22
171 26
441 26
17 19
200 27
443 29
451 6
349 12
416 30
358 18
268 18
145 20
312 25
78 1
297 2
444 13
151 19
418 31
60 18
369 7
168 4
419 26
357 24
333 29
105 14
298 16
255 14
468 2
46 21
107 3
202 30
199 13
16 21
147 27
402 28
389 18
327 4
243 7
279 16
159 15
117 17
458 28
250 1
289 4
321 31
342 11
297 20
227 12
8 1
91 14
240 7
183 26
490 9
453 4
352 3
2 21
271 16
192 17
384 12
20 5
227 25
79 7
104 5
38 20
233 24
225 1
311 31
242 8
35 26
420 31
9 29
59 15
380 2
3 28
433 18
172 23
86 14
385 22
258 15
5 22
254 9
314 4
339 16
68 13
453 23
463 5
407 29
444 31
326 18
254 11
172 25
269 13
26 30
298 23
280 10
476 17
234 2
153 24
49 32
149 25
58 15
18 8
336 17
454 9
110 31
271 5
131 20
390 28
397 19
290 28
193 30
412 14
407 32
202 15
135 10
159 20
312 4
360 3
340 1
160 22
372 30
82 22
469 11
362 1
362 3
244 26
268 8
183 30
423 12
184 6
85 19
453 13
222 20
395 10
329 26
215 20
484 24
405 8
471 26
373 32
121 4
89 28
475 31
266 18
359 5
159 31
495 15
43 13
479 26
482 23
195 20
210 10
195 18
334 13
84 26
200 8
25 4
443 8
263 28
249 13
361 15
119 23
221 22
275 31
303 24
357 1
155 30
379 22
32 28
366 27
121 14
318 17
57 4
144 19
320 16
495 32
2 10
238 27
127 25
421 13
120 14
129 27
195 23
328 26
422 17
192 6
462 21
187 15
473 14
189 24
426 32
175 27
149 12
1 7
276 14
407 20
403 31
374 5
246 29
175 7
245 18
61 11
79 3
77 31
132 25
194 13
300 12
188 32
131 28
426 27
461 24
154 3
423 27
312 12
79 6
38 3
55 30
233 29
48 5
35 16
426 16
88 21
299 3
377 18
315 26
188 7
486 25
342 8
219 17
279 9
194 4
175 12
266 24
85 1
216 3
344 25
51 12
70 13
410 2
130 12
99 9
55 12
9 28
195 19
252 5
227 1
289 6
396 10
161 20
70 24
451 26
221 9
401 30
201 18
439 19
238 25
499 16
473 28
39 23
86 22
140 9
290 4
418 1
37 10
165 22
157 11
223 17
467 19
222 7
285 12
201 2
197 20
165 9
59 27
187 28
48 26
12 5
309 17

