128
28 29
169 18
188 30
480 1
30 30
472 28
364 22
40 9
138 4
69 14
108 6
350 6
274 10
42 9
52 6
475 31
470 3
276 2
428 28
398 17
133 25
289 32
366 28
477 23
299 1
148 23
42 14
116 11
139 2
467 27
143 9
473 9
287 9
122 11
356 11
23 28
239 7
187 16
490 3
310 1
59 9
47 9
158 18
119 13
23 6
191 26
230 31
130 25
263 11
83 10
121 29
457 23
120 32
166 5
10 11
249 5
283 27
21 9
161 31
89 31
76 27
200 18
441 25
174 32
431 12
173 23
416 14
261 11
477 18
496 14
252 20
54 15
243 30
327 27
65 11
289 32
193 17
297 29
21 26
188 12
429 5
354 13
342 15
231 30
392 6
155 28
322 29
30 8
134 32
170 22
270 26
190 14
298 6
298 19
308 6
122 4
50 31
284 27
441 7
412 13
92 2
328 5
126 17
32 24
64 13
161 25
11 2
146 16
336 15
330 7
132 31
82 29
278 26
423 10
84 14
254 11
252 29
144 13
141 27
340 28
376 17
388 14
202 25
45 25
328 31
383 27
177 9
492 26
34 14
228 1
452 25
495 11
266 26
283 2
313 27
110 28
327 17
425 28
382 5
417 17
47 19
371 32
467 2
381 28
128 28
468 11
441 7
485 10
452 11
463 20
93 8
155 15
421 23
447 2
252 31
214 30
13 28
373 12
298 22
331 13
213 3
207 5
465 11
210 8
309 25
32 26
96 10
172 24
469 18
21 28
332 10
369 1
22 22
176 3
347 18
447 27
8 5
64 28
195 13
240 3
445 31
256 5
160 4
408 8
397 21
199 5
366 28
425 3
13 16
409 27
457 19
269 21
211 20
288 5
105 19
260 5
149 3
441 25
146 5
140 27
481 3
123 22
110 3
437 14
498 29
184 18
404 28
270 6
136 22
371 16
436 18
492 25
348 29
97 26
485 16
36 25
426 18
14 15
56 6
360 5
499 3
210 18
347 28
219 14
389 1
425 24
70 16
112 6
52 32
411 12
148 18
352 1
307 18
312 22
19 11
118 25
214 15
474 12
158 1
393 26
133 21
222 19
436 1
324 16
393 22
375 16
383 31
464 9
296 31
106 6
298 23
387 23
401 8
274 15
256 26
104 9
186 25
295 17
10 18
460 26
203 27
145 13
265 24
329 8
87 18
429 32
156 11
98 12
379 23
466 26
240 2
226 29
98 28
249 19
489 13
64 19
247 20
331 31
168 19
274 2
444 18
489 11
221 22
359 15
308 16
436 27
97 10
175 11
33 3
5 18
335 9
268 21
128 3
295 7
109 24
400 25
474 8
355 6
325 25
496 8
389 27
382 25
296 24
31 9
183 32
54 9
104 29
450 3
271 16
378 20
16 17
136 17
17 14
34 21
55 9
325 15
163 30
427 7
114 10
139 16
345 8
16 16
364 21
30 3
413 27
218 12
388 1
416 4
194 17
96 20
181 20
190 27
478 9
301 7
278 15
90 26
482 13
421 26
422 26
184 6
413 17
113 32
457 12
203 30
180 26
250 20
70 19
54 31
259 15
341 12
497 26
9 19
238 13
28 7
435 7
196 27
167 28
146 7
187 28
476 2
349 21
77 2
16 3
168 2
189 4
14 13
141 18
15 3
155 10
241 5
308 21
435 6
244 24
300 23
131 16
148 7
352 13
101 11
207 8
345 31
128 26
79 8
83 10
202 9
191 19
177 3
379 11
176 22
394 20
256 20
103 4
59 6
128 3
173 30
278 29
80 21
226 6
377 32
455 6
397 2
372 21
496 30
388 11
76 1
498 31
361 32
86 15
406 17
429 22
250 26
446 9
463 7
339 11
330 29
120 14
290 8
355 1
93 2
160 24
78 9
55 22
461 24
208 14
57 20
295 22
194 20
339 28
262 13
346 31
173 21
373 7
308 15
451 1
320 18
124 17
119 14
187 3
170 10
296 14
234 18
87 11
329 1
434 30
305 11
384 22
447 8
144 27
482 2
211 5
408 18
402 14
364 28
456 5
185 31
462 2
192 20
48 20
325 17
461 1
463 12
310 26
452 17
368 9
251 14
438 6
411 3
35 30
130 2
158 2
444 19
436 15
19 15
154 27
464 18
175 26
13 17
39 16
141 6
101 19
483 6
252 18
228 10
371 5
479 17
22 10
499 9
56 9
292 25
211 23
378 30
384 7
222 3
354 14
328 14
457 27
343 24
408 26
346 26
130 12
158 4
98 13
312 13
25 3
66 24
61 15
473 9
333 2
219 11
111 18
344 15
60 11
479 23
312 8
449 2
351 26
297 8
114 16
453 27
415 26
226 11
312 6
271 29
447 29
35 21
239 30
328 26
268 10
469 12
333 1
21 3
374 17
335 32
128 31
478 18
156 11
17 31
456 15
463 22
480 1
162 26
227 13
367 6
498 3
425 6
103 29
217 29
465 19
316 13
41 21
134 8
347 26
366 14
141 1
407 20
29 12
337 31
409 31
453 14
390 21
440 4
174 28
320 30
410 27
82 30
279 8
349 13
217 10
130 9
246 28
476 11
104 8
381 32
219 13
121 8
210 32
451 19
215 11
224 8
257 26
277 20
21 9
12 1
191 26
298 28
177 5
62 28
289 15
495 19
479 8
114 28
175 4
274 2
186 30
217 19
303 14
330 23
470 5
263 8
482 32
300 19
185 9
142 17
359 9
331 18
104 28
377 22
211 27
371 13
500 32
43 14
285 4
328 2
212 26
470 6
2 13
56 30
333 5
10 12
185 16
381 28
487 9
270 9
259 8
297 26
431 19
263 19
210 10
173 30
384 30
171 29
262 26
274 30
274 7
489 11
326 5
98 32
478 23
360 16
359 29
50 5
347 16
356 5
106 12
182 29
21 4
77 18
429 18
79 26
188 24
12 13
288 10
28 9
180 19
205 30
395 2
179 30
417 26
2 10
265 3
214 13
238 30
122 2
343 12
219 6
119 31
394 31
396 29
375 7
12 31
317 30
184 7
499 17
232 28
474 4
386 32
336 3
181 13
492 12
8 31
257 27
145 3
237 4
275 31
318 14
42 14
44 29
480 6
177 19
246 7
410 31
42 5
458 2
53 5
449 9
11 30
39 31
208 27
398 30
237 12
120 22
201 23
355 13
408 31
243 29
33 21
488 10
249 29
148 10
393 24
214 4
153 20
262 20
378 4
46 6
79 29
96 7
31 14
311 14
184 18
295 17
58 6
494 30
78 5
459 2
89 24
77 17
275 7
157 24
202 22
470 24
70 25
58 4
218 17
241 17
274 27
469 7
20 27
340 1
455 11
271 27
322 7
488 13
389 16
100 22
197 1
369 22
485 11
69 30
499 9
103 28
48 15
454 3
385 5
16 8
443 6
234 17
484 13
213 25
216 32
462 32
85 27
381 25
313 13
123 31
462 5
434 25
499 27
427 28
383 30
223 14
79 4
442 15
29 26
435 12
169 20
360 25
282 32
26 18
41 8
108 2
76 9
362 30
131 20
309 2
82 27
191 20
191 12
74 15
489 8
166 29
108 5
114 9
117 7
187 17
138 10
362 25
187 11
490 21
214 15
182 15
181 4
307 7
355 4
441 19
240 15
204 7
483 5
439 23
307 9
311 24
271 24
360 5
98 5
125 32
499 15
310 28
30 16
254 1
348 23
431 31
153 2
137 23
302 19
438 16
52 20
255 14
272 22
130 13
315 10
384 13
412 26
344 10
309 10
30 28
144 28
446 4
446 30
486 3
361 7
207 12
23 25
437 6
75 10
366 9
171 30
53 11
443 29
228 31
198 29
111 5
68 20
192 21
194 1
112 2
452 10
317 2
130 5
471 16
170 24
296 32
437 13
126 11
301 29
334 14
313 4
42 17
203 25
245 8
261 28
301 32
377 21
389 7
73 7
414 6
47 14
138 19
262 15
214 2
320 7
263 4
342 32
12 32
240 25
144 16
316 16
416 25
265 16
51 29
15 20
135 21
377 8
395 26
386 4
403 1
6 9
337 19
320 24
447 31
308 26
263 4
237 30
20 13
333 26
394 3
237 12
259 14
151 30
455 8
113 2
93 11
22 13
21 18
128 15
252 20
408 30
263 17
43 18
201 8
203 6
74 23
473 1
404 3
338 11
159 30
216 19
272 21
31 5
430 2
463 22
445 27
399 11
219 14
340 7
169 6
13 30
481 29
426 32
460 27
242 10
417 21
220 32
46 26
184 15
111 23
212 16
369 23
466 27
404 22
209 24
347 13
165 23
410 19
63 9
57 32
338 5
113 13
217 30
10 8
336 32
398 16
27 14
10 9
56 9
298 9
336 24
189 20
323 30
146 5
466 19
392 23
379 24
63 27
365 8
347 1
44 32
452 22
214 21
414 21
225 27
237 28
207 18
115 1
375 21
469 21
167 8
495 29
364 14
344 20
481 26
132 28
137 3
446 6
43 15
323 19
422 23
382 28
188 29
212 23
109 32
255 23
39 21
171 6
10 10
334 23
55 13
366 28
48 3
393 6
22 27
61 27
330 6
422 25
290 17
283 18
164 25
24 22
490 27
456 15
412 21
341 7
105 23
362 16
369 2
446 10

