128
318 1
168 26
348 8
443 13
94 8
292 1
53 12
122 25
127 6
318 26
58 26
283 10
166 28
347 13
464 27
265 5
4 16
378 3
407 24
195 28
271 10
416 8
133 5
40 31
459 1
220 28
242 2
242 24
1 24
80 9
178 8
97 13
127 11
235 13
146 29
236 1
470 3
444 26
40 7
65 18
44 16
217 1
286 18
44 14
397 27
454 27
318 3
459 24
377 22
328 14
326 11
290 24
418 21
249 21
420 9
158 3
97 18
99 10
184 27
223 12
469 13
358 23
79 13
434 27
362 18
476 19
28 22
334 9
350 27
253 5
247 2
83 27
284 10
280 23
28 27
250 24
31 8
338 21
276 28
63 21
33 22
27 8
7 17
357 21
295 13
329 13
19 32
440 2
445 11
324 12
73 25
23 11
32 17
415 19
132 13
147 24
219 14
427 13
238 15
285 8
244 26
276 10
377 27
267 1
286 2
348 10
14 14
165 26
82 19
408 9
260 19
80 2
432 31
406 29
493 15
52 8
156 23
201 32
246 27
56 23
260 11
92 22
124 20
375 22
39 26
270 6
188 30
479 11
412 20
139 8
426 10
196 9
221 32
316 18
419 7
200 22
125 7
155 9
399 25
158 1
163 27
438 30
332 12
173 19
151 15
351 1
205 10
361 25
293 17
94 3
399 17
93 8
83 3
328 17
128 13
473 14
263 22
343 31
177 19
337 32
178 11
256 26
84 8
10 29
144 27
143 15
247 23
122 1
334 5
14 21
433 2
454 23
248 12
289 24
15 6
103 32
16 22
277 4
326 10
32 21
92 30
215 14
409 24
370 14
284 31
406 12
73 3
411 24
6 23
95 12
28 6
415 12
407 3
199 24
328 14
53 15
255 15
108 31
103 10
108 2
212 13
454 8
223 16
455 29
414 14
452 2
99 19
41 13
409 27
89 1
320 17
359 18
259 11
293 5
296 28
99 27
117 20
495 23
415 1
271 8
350 27
325 32
293 21
157 1
455 17
289 22
237 16
404 31
466 24
356 13
299 10
323 27
357 9
458 31
118 4
154 23
154 15
119 10
195 3
499 18
371 11
479 19
138 14
101 19
429 20
419 24
113 6
346 25
58 3
443 23
383 29
346 4
427 4
186 13
90 24
326 24
174 5
270 28
38 26
118 23
30 13
398 10
278 31
315 31
398 25
214 8
353 3
19 31
374 24
104 11
239 9
126 17
233 11
428 31
116 25
89 17
81 2
491 22
80 29
397 1
413 10
108 10
20 19
396 17
182 19
59 25
280 28
37 8
282 20
134 9
8 26
246 17
59 20
2 27
244 26
467 4
359 3
273 14
53 21
474 30
371 24
6 2
419 30
14 24
357 15
449 29
73 26
9 3
133 18
473 28
260 24
383 14
366 12
200 14
28 25
3 6
409 1
252 3
254 17
27 15
115 27
179 7
372 23
22 32
196 6
83 19
285 25
129 22
324 28
67 3
204 14
453 4
430 16
291 11
320 1
145 30
495 3
325 14
9 14
73 1
191 7
215 16
471 19
477 3
22 8
349 2
465 13
41 2
356 11
280 27
499 5
165 5
99 29
210 32
186 30
16 28
288 18
203 3
425 16
405 18
75 9
227 11
406 24
136 17
450 23
140 13
191 4
293 2
144 3
249 9
136 32
56 4
197 15
34 21
290 10
123 20
42 25
106 7
468 9
412 18
7 3
366 26
58 14
191 5
12 27
381 16
54 16
71 10
46 24
75 27
245 5
50 18
45 11
85 13
395 16
430 18
250 27
155 23
304 5
359 24
283 7
315 24
378 25
289 20
192 31
110 16
411 28
73 32
314 25
320 25
356 9
166 25
99 20
115 10
164 9
69 22
415 7
485 5
471 13
68 14
488 5
449 14
336 30
57 6
382 24
210 30
328 7
46 2
46 5
180 17
485 12
6 28
187 18
44 17
466 23
171 9
287 27
55 27
196 3
476 14
339 29
371 26
411 32
296 28
428 7
16 17
278 17
16 4
214 11
473 31
21 19
336 27
465 30
133 5
500 20
442 26
144 28
208 18
79 15
65 31
181 24
123 6
304 26
422 9
400 30
400 4
388 15
430 28
124 19
68 11
374 17
17 22
24 24
127 7
78 20
313 26
123 19
67 19
424 8
295 15
85 2
94 20
428 15
380 27
289 15
230 7
160 10
384 11
321 2
137 6
201 21
359 32
235 29
102 18
117 12
184 9
442 17
377 29
4 12
476 32
54 29
306 25
302 1
396 6
199 20
223 23
333 9
426 15
357 7
77 9
127 32
26 32
241 14
492 16
9 19
387 18
23 21
479 20
381 14
149 23
257 3
34 9
451 3
8 16
338 24
484 28
47 9
383 7
262 22
382 14
193 5
388 23
461 10
243 13
239 3
124 23
114 17
288 16
467 23
427 28
82 23
119 4
419 17
267 21
227 32
6 15
416 1
337 28
258 15
421 32
174 12
195 23
52 22
406 14
128 5
26 25
243 32
188 25
497 6
397 23
454 15
345 9
295 9
97 25
316 13
252 9
412 14
479 19
279 4
184 14
68 9
318 2
353 2
175 25
163 7
127 12
473 19
337 4
355 25
24 18
449 19
10 28
73 24
26 3
224 13
313 3
270 22
453 30
339 31
174 30
197 4
117 26
122 29
493 16
237 24
498 25
142 27
248 10
347 1
269 14
334 29
212 3
62 20
76 9
142 21
402 23
400 14
212 13
175 12
200 31
423 29
300 12
408 11
130 10
172 2
175 25
330 6
459 15
402 26
143 11
134 28
85 5
266 16
257 20
203 12
54 29
5 9
189 32
104 30
17 31
271 31
131 28
280 17
342 29
474 1
428 23
232 8
491 5
160 11
140 18
54 10
487 30
102 23
173 5
48 5
331 18
83 25
269 7
401 22
247 18
298 10
480 18
38 2
230 9
420 14
262 2
267 8
383 8
478 28
73 17
96 15
194 3
216 14
245 16
276 11
342 25
17 9
306 6
495 32
306 22
405 7
239 3
167 22
390 12
29 22
21 16
69 30
6 12
380 26
103 15
93 28
79 25
469 17
218 15
420 11
228 28
441 27
50 31
440 7
455 32
105 7
147 1
40 1
12 15
402 6
425 30
262 4
306 6
92 19
192 3
397 23
38 14
237 27
296 32
229 22
199 29
76 14
209 32
498 8
238 7
38 11
97 15
370 26
28 1
277 7
323 9
341 32
362 14
150 2
309 26
259 12
63 19
353 19
302 6
47 31
452 8
53 16
234 22
154 9
234 22
183 24
454 11
471 20
304 16
325 5
202 11
120 32
417 8
238 14
173 12
109 24
219 21
24 8
287 17
64 32
310 30
280 3
121 14
282 32
74 10
240 7
41 19
390 17
182 23
379 6
115 11
182 21
203 5
137 9
85 12
213 26
150 32
8 18
445 18
397 10
99 21
144 15
347 21
300 1
364 30
86 14
368 3
162 6
323 30
411 27
202 23
152 19
318 16
472 2
153 20
132 27
356 27
242 15
12 9
83 27
70 20
56 13
287 9
210 29
219 32
368 16
446 11
270 11
30 5
25 26
312 24
285 32
134 30
222 1
66 28
223 11
323 2
275 5
199 8
70 17
456 25
336 29
307 1
16 29
401 20
222 28
399 10
231 28
235 8
381 12
107 23
138 18
85 12
390 3
248 23
51 27
247 18
307 18
46 30
242 22
65 3
157 27
173 12
199 19
191 19
59 22
385 20
79 1
460 28
103 19
279 21
261 1
242 3
430 23
93 31
232 17
486 29
324 14
480 2
416 26
452 30
319 28
170 21
9 17
69 31
187 3
468 15
223 25
217 21
496 17
175 27
170 20
319 13
169 30
366 1
172 1
410 6
356 15
91 24
411 11
179 1
209 10
247 15
206 32
435 17
476 22
132 17
473 2
489 10
304 10
78 23
374 7
168 6
270 22
149 20
120 19
129 12
176 3
259 30
42 29
286 18
6 25
366 27
71 31
324 26
412 13
348 18
91 11
71 8
477 19
392 32
250 16
424 1
98 6
158 20
430 12
361 20
212 6
118 30
284 17
155 12
193 6
37 15
221 19
495 17
177 18
144 10
257 27
203 18
452 8
345 2
155 9
169 23
283 2
148 18
78 11
465 14
8 25
256 32
459 18
276 16
135 32
413 3
338 3
97 26
179 25
23 29
498 15
199 16
328 7
197 1
353 30
378 32
14 9
440 1
383 15
460 29
486 8
112 8
191 20
113 21
500 27
201 13
177 4
128 24
450 29
112 26
190 5
161 15
473 24
175 7
167 30
76 20
358 3
475 16
98 27
120 1
425 20
446 29
423 9
456 32
453 11
25 30
259 18
345 28
489 27
290 15
357 5
159 30
255 29
465 28
424 16
301 12
255 10
301 26
374 28
401 23
27 18
320 21
463 32
368 11
387 18
106 19
226 28
160 29
100 28
184 15
59 20
223 13
433 3
194 15
482 31
485 4
20 24
497 18
320 8
284 18
373 21
152 15
356 19
431 8
286 2
330 24
450 16
212 18
130 10
392 16
500 4
323 23
32 11
204 19
183 3
112 11
228 7
357 7
425 3
390 6
253 4
109 26

