128
125 8
136 11
500 10
301 21
499 20
410 1
170 29
167 30
152 23
154 27
453 20
360 1
454 15
402 14
359 28
461 23
267 29
273 31
122 9
15 32
328 8
109 1
8 31
399 15
409 24
373 1
31 9
106 12
399 3
493 21
86 6
92 32
402 12
322 7
289 16
346 16
463 6
317 27
432 15
481 25
470 18
405 17
142 26
484 16
16 21
149 25
282 16
9 27
455 22
409 15
370 6
63 28
412 15
154 15
297 31
387 2
192 32
118 9
153 14
224 21
282 28
473 27
463 5
449 6
163 21
12 32
314 18
363 5
156 17
124 28
3 26
422 30
5 15
230 18
492 29
178 29
381 18
39 3
483 11
112 17
47 28
28 25
401 10
141 13
110 16
212 8
126 5
9 2
24 10
139 15
247 24
344 31
318 2
321 32
221 9
296 11
408 31
331 16
416 32
68 2
235 4
489 24
116 14
194 27
439 12
210 29
148 21
15 13
434 28
116 2
120 27
273 7
437 15
38 32
426 18
229 29
441 10
224 28
67 13
399 13
101 32
394 28
364 4
416 9
95 19
155 2
145 23
92 5
381 30
284 19
439 5
319 3
82 2
138 4
163 20
356 7
347 25
362 6
361 9
359 27
11 25
21 7
291 4
87 19
445 14
181 15
86 19
465 31
97 15
166 3
342 18
373 21
474 10
250 6
214 8
141 12
324 29
378 14
124 28
341 1
37 5
155 27
224 32
141 12
74 27
430 15
32 22
307 21
387 29
191 16
368 27
175 4
343 12
361 22
219 17
386 15
426 5
377 13
12 2
320 17
176 5
203 7
402 2
415 24
418 21
239 1
287 1
180 5
168 21
299 18
445 16
140 26
76 9
370 23
238 29
227 5
141 6
323 26
291 5
181 4
194 23
196 8
35 8
313 2
120 7
87 32
498 19
286 10
299 31
364 4
48 7
152 28
372 18
82 18
62 6
221 15
33 24
439 19
143 3
121 26
417 7
178 30
137 19
339 19
173 7
174 12
145 29
112 24
150 29
29 4
306 29
170 30
164 8
109 19
414 5
420 18
139 5
244 4
115 22
414 8
488 12
211 8
264 26
499 22
366 7
329 24
127 10
361 23
310 5
449 27
401 20
405 20
21 28
19 15
433 12
274 13
371 9
404 31
10 19
400 24
133 12
399 28
429 3
402 6
432 26
313 16
421 13
223 5
68 25
428 24
25 9
124 27
389 24
381 19
134 12
126 2
211 24
377 12
134 14
229 1
479 17
249 20
461 19
192 4
212 11
232 16
24 31
482 4
86 3
14 31
494 31
337 5
14 29
196 16
343 32
416 17
169 32
424 13
487 28
361 30
86 12
137 25
150 22
77 32
332 18
306 6
81 30
234 6
207 25
445 5
56 5
73 8
228 25
57 22
112 5
115 25
212 31
362 25
221 14
448 12
379 22
81 15
247 26
257 13
446 9
353 10
265 6
429 17
274 5
58 17
253 25
137 24
275 26
177 11
287 8
399 6
377 7
124 16
497 8
428 18
285 13
147 29
410 12
393 15
60 19
271 25
327 7
128 1
257 32
448 7
280 2
208 4
28 32
335 8
415 15
170 23
247 20
100 12
391 32
190 15
294 24
467 28
218 22
73 30
454 8
369 29
69 16
444 16
111 19
324 22
41 17
76 27
160 31
294 3
19 31
57 16
146 23
284 19
172 8
189 1
79 21
209 23
336 29
446 19
431 29
176 15
113 19
461 17
278 14
379 16
440 3
459 1
309 10
299 4
449 3
105 31
247 1
25 27
317 27
381 11
91 20
421 4
306 1
32 23
486 6
230 25
344 5
9 32
134 12
483 31
498 7
313 5
104 18
327 4
160 11
371 2
262 7
9 3
24 24
354 21
301 31
286 4
327 6
499 17
305 6
395 31
272 11
47 19
396 1
499 7
431 5
9 8
11 13
462 18
409 3
247 1
454 20
205 4
29 7
240 10
388 2
488 24
193 10
238 8
110 32
495 20
308 23
435 15
371 4
56 7
415 6
340 8
185 12
147 18
450 31
399 30
372 2
349 12
271 30
152 20
26 2
123 1
500 1
207 26
304 15
1 10
268 8
437 13
235 28
166 4
174 24
373 25
301 21
109 3
159 24
154 16
109 28
72 16
184 31
329 31
393 9
409 32
20 25
464 2
132 9
290 13
44 6
350 24
235 10
266 13
273 15
280 25
46 11
340 5
129 16
68 21
349 12
385 8
172 32
474 24
329 15
460 8
128 9
68 14
322 25
458 18
456 21
326 17
88 17
230 8
185 25
293 25
124 17
252 7
24 9
154 24
191 2
76 11
126 31
384 28
179 18
393 30
78 23
135 5
87 4
437 7
364 9
155 31
257 31
337 8
335 3
336 30
456 31
48 13
257 31
28 19
124 21
421 22
343 31
422 17
122 6
200 29
438 22
175 6
316 31
326 27
353 13
380 4
423 31
241 7
61 24
465 13
392 9
90 22
143 27
163 8
221 30
100 14
271 30
352 7
341 1
89 29
189 24
205 23
98 17
493 18
64 21
46 20
194 31
41 4
498 15
452 26
268 15
227 31
381 26
477 9
106 5
265 6
384 5
108 17
413 24
342 29
409 32
136 10
226 24
289 23
231 24
144 18
495 23
36 19
300 20
95 10
428 31
403 19
180 11
495 24
314 5
272 14
428 3
27 1
435 4
228 1
259 7
14 1
93 2
479 13
413 13
2 13
136 4
355 15
470 2
258 16
390 26
357 9
140 20
321 22
51 32
90 17
123 8
266 3
153 4
311 29
21 4
109 28
420 8
322 21
165 15
24 14
164 1
74 4
468 30
377 10
146 15
30 4
70 11
186 30
243 21
490 31
12 3
270 31
62 3
24 18
225 23
483 25
483 20
192 10
301 20
171 14
238 13
65 23
199 23
232 5
451 14
55 2
172 28
97 25
470 20
162 15
370 8
435 1
51 2
6 11
249 29
297 23
229 9
145 31
167 1
220 9
450 6
431 29
450 11
409 31
350 30
317 7
417 19
275 31
80 17
317 9
457 1
167 21
30 11
463 8
187 22
313 24
308 27
460 29
473 8
379 2
141 8
244 9
298 15
375 14
151 16
410 11
8 20
143 25
386 17
233 9
491 17
412 2
343 20
406 15
443 24
488 32
183 23
492 25
101 15
62 3
410 27
209 13
46 11
306 11
160 6
207 2
138 19
299 32
194 32
146 32
191 29
423 22
215 7
58 24
485 19
418 18
441 7
14 26
329 3
120 12
60 23
341 29
149 15
380 14
194 9
181 5
9 12
462 24
222 7
95 6
489 8
451 5
342 20
118 31
487 1
362 30
267 23
447 31
341 22
108 19
203 25
123 3
244 16
490 21
454 8
170 14
448 16
222 29
287 15
311 25
427 5
171 6
227 17
108 31
294 16
305 4
356 7
411 11
362 32
63 11
336 24
256 23
407 9
423 9
315 14
318 6
258 24
287 12
456 14
402 13
313 27
449 4
485 23
118 23
462 12
13 29
115 25
79 9
97 6
66 24
87 19
357 4
74 7
179 17
240 24
481 17
490 13
72 19
491 2
25 25
221 9
249 16
305 8
60 2
33 9
17 31
211 21
314 4
367 16
164 14
275 17
362 25
277 18
91 32
327 19
72 31
151 12
86 28
203 6
61 31
474 21
205 9
449 30
172 3
361 32
476 20
184 14
400 12
475 22
431 17
456 2
51 2
26 29
117 32
486 25
315 15
253 27
347 21
389 3
71 5
58 7
384 17
236 3
404 18
476 7
214 31
40 16
241 21
252 29
497 13
386 19
48 2
181 18
43 5
264 13
170 21
11 1
413 6
392 1
159 27
3 24
150 14
340 26
459 19
302 23
180 11
469 27
177 21
472 3
422 32
35 3
260 2
347 25
347 6
193 30
457 31
81 26
88 28
51 14
11 8
56 14
39 12
268 31
25 19
489 26
178 15
388 6
272 30
462 23
176 22
476 4
200 8
89 31
476 15
389 18
342 16
379 8
320 6
298 28
88 6
141 10
13 16
55 4
465 12
254 16
373 13
123 20
137 15
62 24
53 30
301 19
98 7
478 9
28 32
260 3
413 24
84 25
131 26
413 19
357 22
87 5
247 21
4 23
124 10
198 32
219 22
422 20
380 12
232 7
175 31
225 15
94 21
68 28
150 4
319 19
145 17
439 27
317 15
329 8
360 30
116 30
227 25
246 14
436 13
216 14
320 29
253 1
453 4
137 30
299 11
312 31
63 7
38 31
397 10
171 12
244 14
185 26
174 26
280 10
259 27
275 18
491 19
342 7
198 14
101 28
488 20
143 18
366 20
133 14
249 23
221 4
440 2
18 9
39 5
74 1
495 9
226 22
227 4
484 17
249 32
272 9
348 6
490 13
149 10
179 22
424 19
93 3
156 22
328 15
258 29
343 25
101 1
442 32
340 9
456 20
361 27
28 28
345 22
124 25
139 2
242 31
53 7
277 8
444 12
254 22
357 5
306 13
17 27
488 8
375 27
147 11
374 23
294 22
44 14
62 10
71 28
300 3
490 9
35 29
32 32
486 28
236 31
401 8
241 20
163 28
35 10

