128
90 11
78 1
357 8
338 28
83 4
333 28
303 14
21 22
208 7
234 11
258 29
361 23
304 20
212 10
163 12
126 1
478 3
265 2
358 7
157 24
482 14
67 12
75 7
1 26
150 23
197 11
235 9
53 6
161 28
252 23
363 13
427 28
135 24
174 24
146 26
283 7
375 1
262 2
491 19
83 20
349 31
250 27
188 30
472 4
269 15
22 31
303 17
323 9
344 24
280 5
29 14
319 24
114 28
205 21
46 19
96 22
270 6
328 25
351 16
8 28
226 21
454 25
181 20
169 12
123 1
216 28
214 26
259 28
170 11
284 3
305 23
461 14
428 8
86 31
291 1
102 21
474 19
249 26
183 13
382 17
69 21
160 27
187 30
110 4
436 5
422 5
475 30
370 23
374 24
33 28
400 14
384 13
40 28
231 6
253 12
379 21
412 2
103 14
160 4
453 7
160 23
39 3
460 29
37 25
216 13
201 11
54 4
340 25
420 30
315 8
181 21
344 8
82 11
42 21
214 6
40 22
72 6
8 16
338 16
68 21
464 28
168 21
56 23
109 31
76 11
350 28
467 1
51 21
343 24
141 25
290 4
430 25
110 5
96 11
332 16
500 15
135 31
15 10
25 15
368 8
398 13
59 24
262 5
264 24
405 21
12 26
436 29
406 1
229 26
344 20
369 11
58 19
361 4
45 29
47 4
188 12
129 6
11 30
58 15
345 6
31 5
7 26
149 17
215 2
470 6
141 18
252 23
340 24
474 32
200 12
148 23
167 20
336 26
369 5
156 5
59 10
273 9
355 10
33 29
3 2
478 31
339 17
397 23
192 15
266 27
446 25
129 17
392 12
494 28
61 17
177 27
186 9
387 28
222 28
313 28
273 26
71 16
19 15
494 18
41 27
453 23
24 29
451 31
101 16
27 25
444 27
483 25
3 21
372 21
140 12
300 13
474 10
376 16
41 1
405 21
479 13
419 14
494 17
121 18
164 7
458 31
53 28
87 3
160 11
131 32
494 7
64 27
4 7
14 8
159 11
329 1
331 7
343 32
468 27
121 23
461 26
90 1
369 12
419 5
338 26
32 12
184 15
354 15
237 16
435 27
138 19
235 16
361 9
144 16
39 32
459 3
194 28
215 14
427 6
442 29
35 21
152 30
271 13
108 23
372 2
105 21
156 12
181 13
268 20
344 23
291 2
9 12
53 28
398 4
209 11
300 31
16 7
164 2
455 7
497 15
165 9
391 28
292 7
188 8
98 4
218 13
37 22
224 2
153 17
125 17
312 4
159 27
374 10
316 28
445 20
210 25
117 13
132 16
375 28
319 13
55 20
65 3
318 16
236 26
261 8
35 28
283 25
102 20
15 17
40 19
433 25
271 1
53 30
308 24
73 7
104 23
218 28
422 3
455 29
5 11
369 7
138 15
83 27
11 1
212 18
259 16
2 29
396 15
283 31
334 19
33 9
186 31
456 3
285 14
467 29
329 3
383 30
338 2
409 20
266 4
101 21
115 14
257 2
8 11
416 1
98 5
129 7
51 12
241 3
50 7
180 18
394 2
195 27
379 7
282 5
426 18
21 28
483 9
253 27
20 29
183 17
469 4
399 3
451 31
57 8
49 4
229 14
298 8
172 8
230 21
172 24
186 4
251 5
173 16
363 32
24 25
308 12
412 6
214 11
48 18
214 8
358 11
390 27
218 29
182 31
218 14
306 23
397 9
275 29
412 25
260 3
386 11
482 13
328 27
11 19
316 9
175 1
19 16
179 4
476 29
34 29
66 24
448 26
248 14
383 23
211 18
297 24
265 6
244 12
324 27
319 11
183 25
164 21
56 6
436 19
406 25
428 11
12 3
137 15
300 27
269 22
216 29
309 8
342 17
72 1
11 18
156 13
234 23
393 17
12 24
23 30
352 18
92 32
28 12
122 4
450 19
41 18
455 6
145 17
254 12
165 32
309 28
308 6
490 12
34 14
83 25
271 18
62 18
297 30
442 31
269 3
13 25
56 31
10 13
467 19
472 32
230 21
303 29
26 13
440 16
146 10
172 4
308 17
129 12
174 18
226 14
165 26
455 8
57 4
124 7
431 12
358 8
80 1
49 25
453 12
368 6
214 15
365 17
124 29
328 13
119 6
443 3
143 1
354 23
212 30
426 26
129 3
154 8
295 6
16 15
41 8
196 6
274 28
126 21
109 18
398 7
359 28
361 21
88 18
404 31
247 9
293 23
315 26
434 14
499 30
60 15
185 16
145 26
19 10
59 3
75 16
57 17
147 17
138 6
335 17
384 17
73 28
308 3
473 5
52 19
42 12
362 6
219 22
388 5
479 14
68 26
105 16
190 7
393 15
336 3
71 15
11 23
99 26
234 31
411 9
394 32
248 19
30 14
464 5
55 6
214 26
199 14
449 9
420 9
419 31
271 22
29 30
484 23
451 5
50 21
206 7
165 1
49 26
419 32
314 1
157 15
150 4
48 2
448 15
143 2
277 21
207 25
194 3
432 9
259 5
357 20
275 17
269 3
418 3
186 7
363 6
109 28
49 16
313 20
326 7
214 10
368 12
407 13
462 18
409 21
22 18
36 32
490 28
322 12
342 3
490 32
200 7
271 17
106 24
300 20
38 25
33 25
137 31
22 18
332 26
170 5
399 14
352 13
213 5
148 7
31 9
314 15
87 1
35 5
168 2
476 21
199 20
166 31
3 19
284 2
468 22
39 23
363 10
107 11
63 26
481 21
242 23
27 17
379 1
373 14
395 12
306 29
59 15
279 17
157 10
395 13
367 25
195 1
174 5
304 16
258 28
181 31
430 7
179 8
268 3
57 10
250 23
458 13
185 32
221 6
149 15
170 8
251 20
96 9
368 19
12 21
387 28
475 32
251 2
328 10
56 28
383 18
98 24
318 23
427 26
328 31
209 13
442 15
212 14
235 23
288 15
407 14
290 29
342 12
386 21
261 2
404 7
303 2
334 16
488 20
361 19
335 17
15 24
28 30
165 22
8 5
212 30
478 14
146 31
245 24
339 14
177 3
352 11
300 18
450 27
445 2
305 23
379 11
407 18
396 19
223 27
375 11
168 9
140 17
23 16
196 26
93 32
160 17
202 31
130 3
97 6
313 5
57 23
71 11
152 22
237 14
72 20
12 7
316 15
51 2
387 31
255 27
322 22
275 8
372 12
26 12
182 14
220 14
84 30
52 11
459 20
313 2
251 16
268 2
475 31
108 29
269 30
191 26
276 2
465 7
221 11
467 30
384 2
491 28
180 2
54 18
34 30
168 28
42 27
202 12
105 1
80 21
22 30
315 17
439 15
148 12
473 10
265 17
3 20
176 10
149 17
320 10
299 15
318 28
273 3
59 2
31 14
306 32
259 4
53 10
103 8
209 11
17 29
283 27
80 6
53 5
391 32
114 5
62 19
28 22
153 6
267 23
75 13
235 29
44 7
382 2
190 26
425 30
267 7
76 6
17 28
278 3
351 24
447 8
26 6
450 31
263 20
361 29
140 11
21 16
85 31
33 30
196 29
331 14
164 19
12 16
34 29
290 9
384 24
500 30
413 13
440 7
369 16
11 32
99 27
395 11
137 32
161 17
384 3
350 31
249 17
282 3
354 31
223 1
10 26
350 18
375 25
96 7
145 26
454 3
193 21
481 13
128 21
365 15
336 27
114 12
427 27
422 24
318 24
221 15
70 22
101 24
415 24
390 23
358 3
153 6
395 5
230 10
126 15
237 17
309 6
248 19
96 10
367 25
17 3
444 18
8 8
381 6
443 6
332 16
317 20
201 31
469 7
437 18
25 1
258 29
226 29
419 5
230 25
86 7
223 5
332 19
424 1
356 10
186 20
18 14
23 14
65 31
500 21
288 8
377 17
208 26
106 19
126 19
115 27
433 6
91 17
272 10
181 15
84 22
166 13
220 9
22 16
383 14
488 23
397 24
271 25
317 20
83 14
63 21
5 31
386 7
259 17
165 31
136 4
157 1
52 24
45 9
363 16
94 10
302 11
213 12
447 17
300 13
174 6
429 6
356 27
329 19
175 29
257 10
92 5
167 15
492 19
215 2
490 13
55 7
3 11
67 25
499 18
33 25
79 5
406 26
479 10
252 10
226 29
167 5
125 29
311 29
396 10
174 17
38 9
380 12
199 10
192 14
163 8
74 17
36 3
26 11
65 22
20 18
138 6
459 18
223 9
82 18
146 12
206 7
336 25
74 6
234 21
83 28
340 24
488 8
339 22
242 7
143 5
44 28
150 14
393 12
123 27
193 8
82 31
155 25
335 32
154 25
49 17
316 16
96 32
115 2
169 8
336 31
320 32
294 22
233 6
193 3
364 30
327 5
136 25
65 18
264 27
390 12
307 30
52 18
361 18
188 17
374 27
395 5
254 8
14 7
225 27
45 13
296 19
237 19
407 14
252 3
372 14
334 18
51 9
283 7
403 22
143 20
197 5
320 10
76 18
140 24
392 25
92 3
259 21
469 22
482 24
40 9
65 5
234 15
110 28
229 8
338 11
491 2
111 18
335 26
347 27
190 14
11 21
128 29
313 4
286 10
20 9
498 32
50 11
51 27
99 3

