128
402 23
169 12
382 11
445 28
273 13
496 28
122 23
180 1
77 3
148 24
415 10
53 32
172 12
179 21
318 3
303 19
241 12
222 30
330 10
5 30
99 8
201 4
279 8
9 3
290 24
334 28
138 30
452 25
162 26
109 15
388 16
50 20
235 31
454 16
141 10
369 31
310 5
310 16
300 6
294 22
178 11
145 31
365 12
327 18
77 3
356 32
50 1
444 12
380 5
51 8
206 7
462 31
191 7
306 23
293 31
432 10
78 28
136 18
24 30
319 12
100 2
416 18
283 31
433 2
459 24
385 16
106 14
383 9
468 28
287 32
139 10
81 4
497 16
9 12
29 23
324 13
204 3
278 26
301 26
351 3
397 3
126 15
284 32
151 4
400 21
363 22
358 12
457 2
11 13
226 8
143 5
20 26
139 17
36 7
210 14
49 27
325 26
313 32
386 31
211 21
103 6
174 16
369 2
165 11
94 30
122 16
142 5
285 8
141 28
422 31
58 22
161 26
348 1
341 9
139 28
17 17
477 6
52 17
171 16
75 20
162 13
55 15
189 11
287 6
363 4
32 16
30 28
5 9
220 1
461 26
396 13
450 28
18 9
68 24
272 7
155 5
395 13
88 3
251 10
264 29
433 11
384 6
42 20
42 1
233 30
470 16
330 3
204 27
123 23
238 3
469 28
31 15
304 26
298 31
343 25
167 16
412 7
441 9
290 3
66 14
484 3
354 10
306 9
12 16
383 22
26 28
345 25
418 25
26 27
55 21
332 17
348 23
475 24
47 17
270 8
138 26
499 27
271 16
251 6
435 2
235 17
41 12
221 6
432 26
25 26
318 20
410 17
450 1
453 8
1 2
312 14
179 26
481 29
317 11
83 7
420 29
415 8
100 31
270 11
233 14
220 6
1 14
67 10
218 31
1 30
444 32
207 27
325 19
423 1
122 25
244 9
174 30
353 29
497 30
8 21
267 11
130 11
208 16
272 5
66 4
494 14
84 13
484 28
91 30
401 28
263 4
457 12
5 21
412 29
134 15
433 28
498 11
370 17
462 25
334 8
264 23
241 31
231 28
459 2
481 23
237 15
206 1
382 26
205 2
415 6
64 7
441 9
113 6
470 11
154 15
454 26
333 6
468 8
269 18
237 25
284 5
196 1
370 1
403 26
222 17
116 18
15 32
198 8
422 19
54 3
321 3
196 6
404 20
217 8
89 21
124 13
129 7
65 30
248 7
276 9
135 23
106 14
150 20
481 27
470 6
498 7
392 25
444 15
208 24
170 17
168 21
373 4
316 9
498 3
108 25
383 6
163 5
95 4
144 7
235 29
460 28
107 19
128 14
349 32
413 22
484 16
15 12
80 6
496 21
244 3
349 18
197 27
318 27
26 13
70 28
426 13
195 12
436 11
434 32
10 30
154 25
130 32
200 1
349 23
285 12
150 1
421 2
347 19
192 24
51 29
484 8
346 10
360 9
352 13
416 29
342 29
205 23
440 24
31 32
303 11
83 8
299 8
1 5
446 4
369 24
157 16
324 10
381 19
134 13
179 25
297 8
470 30
343 17
109 21
49 3
40 27
214 10
338 18
483 27
462 11
483 22
54 18
471 18
340 16
222 2
4 7
389 29
372 7
86 24
456 30
243 27
468 4
332 26
226 18
292 11
368 6
156 21
431 30
59 26
433 4
491 20
150 4
113 13
314 30
205 5
183 31
115 18
106 3
159 23
464 31
369 16
76 32
456 27
1 10
332 9
498 15
73 23
406 13
372 27
234 8
340 4
226 30
269 7
252 32
366 20
230 30
251 1
110 6
15 26
424 15
395 29
21 31
271 14
355 22
496 20
421 7
207 2
141 11
329 4
254 6
311 7
279 25
492 32
119 2
498 14
204 28
166 12
414 28
353 4
134 1
59 14
387 13
52 11
443 24
271 1
425 5
383 31
494 14
91 28
232 24
357 31
35 18
11 12
13 3
67 30
63 5
52 10
241 27
328 7
334 2
231 14
383 14
312 4
339 10
191 10
193 7
5 19
124 19
26 4
81 12
134 24
68 13
297 32
139 20
343 24
426 13
81 28
390 16
239 21
146 29
150 26
31 6
417 26
372 10
141 13
386 30
300 5
310 4
113 16
71 11
419 12
231 11
7 17
243 5
53 20
377 2
77 3
60 25
60 31
287 25
87 24
326 14
476 32
481 32
435 8
246 22
399 1
204 26
301 26
2 21
185 31
406 26
137 29
458 29
248 20
101 6
119 10
72 7
413 4
386 24
455 16
53 30
460 12
111 32
406 20
464 18
194 9
55 19
334 29
379 1
460 3
118 27
256 25
25 21
445 6
220 7
245 24
104 4
231 26
167 8
382 22
282 31
499 4
257 4
52 31
468 16
317 9
90 13
478 10
445 30
227 12
172 4
139 8
379 5
45 10
61 14
27 6
353 29
29 29
60 9
448 3
444 28
316 1
40 13
350 8
418 24
351 13
251 21
420 2
62 21
27 6
242 9
315 14
430 19
55 5
127 6
220 18
469 19
454 9
383 27
48 8
231 3
92 13
91 8
314 16
328 24
477 29
245 31
163 6
338 21
218 12
70 17
386 26
175 15
250 1
142 18
208 28
400 28
56 10
311 22
346 30
61 14
58 13
317 4
182 30
288 28
321 17
188 6
247 15
397 12
123 30
497 23
113 16
130 32
238 20
389 19
281 2
256 10
458 12
410 32
281 5
243 18
406 6
11 32
348 11
351 3
296 8
301 32
95 10
280 16
73 20
266 13
321 2
394 3
297 3
474 22
352 28
31 29
349 29
260 21
300 6
167 15
161 15
207 4
100 14
291 20
357 21
228 22
430 21
160 2
276 25
155 31
200 29
235 20
78 22
448 1
307 30
323 8
284 29
279 3
218 29
258 11
125 21
456 6
458 23
484 1
451 30
211 2
175 25
401 20
142 29
480 8
314 2
119 6
387 25
332 8
318 30
382 6
426 17
200 27
155 19
467 21
320 25
106 10
325 11
449 30
207 16
266 32
434 20
117 16
485 13
275 2
390 9
447 27
197 18
50 32
180 16
160 20
397 10
197 25
476 26
39 26
425 28
201 26
243 30
381 27
470 32
380 19
16 3
25 32
324 2
267 24
442 19
207 26
396 7
410 15
400 8
256 9
455 32
386 18
477 11
276 6
274 8
8 17
186 5
204 29
310 15
216 23
101 30
292 28
29 2
70 4
353 17
456 12
132 14
357 13
312 8
110 1
491 10
77 24
354 32
389 19
102 8
266 14
230 25
49 10
462 18
37 3
294 25
474 18
38 10
238 29
165 15
137 32
316 13
183 5
344 11
184 26
27 1
499 24
209 16
365 19
17 13
337 3
97 2
440 10
343 17
186 27
227 2
14 23
238 17
63 26
471 18
231 13
250 25
456 11
480 4
481 9
73 17
159 21
330 30
7 28
478 4
30 12
218 16
98 19
444 29
92 26
110 30
115 32
255 10
170 30
242 6
82 30
22 16
186 7
393 16
374 26
236 23
426 25
298 7
111 5
387 23
359 17
376 5
208 10
394 25
68 27
230 13
152 19
93 10
453 9
381 26
207 12
80 8
272 22
6 15
322 17
437 24
241 24
4 16
498 10
28 9
236 5
65 28
359 17
429 15
346 29
488 28
129 23
35 12
148 16
486 6
284 30
353 32
438 25
175 23
106 22
351 5
310 19
80 16
128 4
182 29
21 5
376 9
292 26
252 7
153 14
112 9
11 9
164 32
321 23
86 2
392 20
470 6
55 6
73 10
261 19
6 9
479 29
281 18
494 5
61 30
270 4
434 28
136 14
80 12
288 17
437 15
305 19
232 11
308 9
392 32
263 25
201 17
481 25
11 10
13 27
323 14
94 13
414 10
58 5
241 29
213 2
23 25
436 31
227 11
411 22
14 1
218 18
265 2
47 19
23 7
197 18
193 11
454 30
224 23
154 8
207 22
141 29
235 28
187 17
170 1
431 16
473 20
249 18
198 11
364 32
206 17
269 6
55 14
207 14
436 4
241 22
429 30
75 7
161 13
476 31
62 30
218 14
257 14
123 6
261 3
230 10
399 22
67 13
424 17
82 7
336 14
205 12
407 15
131 4
391 10
250 8
67 15
338 23
284 20
481 20
298 2
213 8
59 11
352 26
403 13
193 14
107 29
58 5
27 12
432 5
497 9
73 27
499 2
89 19
221 13
178 11
278 3
418 5
21 6
170 8
54 30
365 12
462 14
377 4
461 24
109 13
193 21
223 23
90 24
177 10
232 15
180 18
449 6
198 29
219 19
96 28
433 25
136 10
234 24
234 31
23 22
207 15
22 18
110 31
445 14
124 12
196 28
37 12
105 18
317 11
305 12
298 21
224 13
482 10
296 11
208 19
56 18
385 9
47 6
243 11
484 15
19 15
226 19
175 10
493 3
356 9
254 25
385 18
86 26
491 9
433 2
51 4
315 28
269 22
133 19
204 20
81 22
499 10
481 29
487 13
367 6
473 12
347 17
301 4
426 23
16 14
192 7
198 11
206 30
220 2
32 31
158 17
349 24
270 29
32 13
5 18
302 29
221 16
185 26
283 22
16 31

