128
116 19
43 25
298 18
64 7
124 1
45 19
434 6
184 14
14 16
453 5
111 21
192 3
108 12
466 13
56 11
490 32
453 24
112 30
246 31
384 29
359 16
380 9
66 27
454 19
102 23
127 12
195 10
122 14
249 24
366 5
414 16
476 30
91 27
115 16
113 30
57 24
482 28
468 3
202 21
329 31
179 11
366 21
124 24
26 9
279 28
29 16
451 16
409 17
294 7
229 2
76 13
229 17
424 24
455 29
469 7
279 23
441 4
372 5
187 13
141 9
492 25
360 18
24 4
187 17
142 3
426 14
403 11
126 22
54 17
154 14
67 12
21 8
131 16
424 10
492 24
134 4
84 10
277 23
113 23
127 23
229 24
176 7
410 1
160 4
233 13
485 8
448 21
159 7
100 26
248 32
349 1
75 32
78 23
242 23
18 28
149 6
123 16
81 21
476 8
348 1
257 8
212 12
41 22
486 32
155 1
231 31
466 1
286 11
212 19
437 5
98 13
326 32
260 22
104 12
350 11
148 18
487 19
161 15
80 15
18 22
231 13
236 16
257 17
443 4
251 27
48 16
316 18
271 3
483 3
14 4
29 25
141 31
19 18
41 18
152 27
183 14
11 26
430 19
142 24
87 12
102 30
443 25
63 10
196 22
440 9
81 24
370 14
483 12
375 3
190 30
433 4
259 3
494 8
62 7
263 12
231 17
337 13
485 24
386 4
297 1
241 5
293 14
450 15
201 16
149 22
53 14
114 24
228 23
203 5
445 30
492 15
34 25
348 22
228 17
402 28
410 6
104 10
103 18
328 11
229 8
193 14
261 26
297 5
116 3
481 12
316 25
87 13
153 22
423 32
370 28
107 23
317 26
332 19
115 23
221 12
339 29
329 19
422 29
291 5
475 32
301 31
448 11
343 8
172 13
183 5
440 1
172 8
350 27
174 5
366 23
12 16
11 8
6 9
316 25
173 2
272 29
432 15
211 11
22 6
243 28
127 31
344 6
142 21
152 32
361 17
414 8
72 8
415 2
208 18
78 29
224 17
57 19
271 32
133 20
353 20
347 15
262 10
128 23
86 20
70 23
148 11
22 4
259 13
1 2
222 30
50 17
278 23
304 12
226 32
191 26
15 13
261 4
78 28
31 19
371 16
461 19
287 7
442 13
475 26
362 16
371 12
493 4
370 4
47 23
435 13
376 22
273 24
77 14
228 19
364 2
263 9
468 29
11 9
93 1
54 22
32 24
217 16
423 2
23 9
32 22
57 8
407 13
247 3
382 18
146 26
72 24
422 7
308 16
152 28
268 17
57 31
129 18
27 3
211 1
372 11
6 32
206 32
109 16
451 6
426 24
87 21
355 32
239 2
291 10
265 30
95 13
61 3
446 11
477 17
487 16
455 1
128 12
460 28
111 2
429 28
209 32
236 7
375 11
428 14
216 4
427 14
13 7
236 14
277 21
318 28
412 24
312 19
431 27
126 30
385 15
281 21
422 9
8 12
343 3
165 6
127 4
220 23
134 3
300 27
19 2
378 27
241 17
469 28
163 27
65 7
353 17
140 22
65 23
273 11
433 26
317 31
233 4
49 6
194 25
128 29
318 21
495 18
397 3
81 16
261 5
458 5
194 17
90 14
447 27
17 32
4 9
438 16
424 19
453 17
187 21
181 4
289 3
413 14
342 2
449 2
342 18
419 27
59 32
145 9
74 1
384 13
197 6
16 20
12 17
88 2
401 17
257 13
147 25
78 24
366 22
442 32
136 32
94 10
71 2
50 25
102 26
425 10
459 1
269 22
409 1
223 21
329 27
201 3
499 27
315 13
156 20
424 23
319 5
188 17
459 18
385 8
23 14
62 9
102 14
6 30
242 20
22 30
58 18
397 32
352 27
124 28
170 23
354 32
416 18
228 2
131 25
137 13
274 26
189 19
232 18
236 21
273 1
395 18
330 19
89 30
57 29
245 26
111 10
65 14
491 8
103 29
256 24
477 5
141 29
255 24
358 6
49 18
98 31
163 24
437 20
313 29
168 13
70 2
154 14
8 17
129 30
117 21
53 22
117 6
258 16
417 32
213 9
301 27
259 20
90 23
419 6
39 22
310 8
215 7
445 6
311 10
184 4
14 24
225 22
429 10
205 26
301 26
14 26
80 9
417 5
171 19
274 18
272 27
21 30
101 14
60 24
95 7
43 20
478 19
89 27
100 14
456 5
211 21
354 26
297 10
162 28
308 7
233 3
221 5
416 1
422 3
84 8
217 18
123 7
392 4
305 32
357 20
96 23
432 1
60 5
70 13
252 5
7 12
307 19
88 6
399 2
49 11
377 17
108 4
163 32
415 23
195 23
78 2
189 18
90 28
442 11
172 21
239 26
176 21
256 15
470 30
124 2
488 25
135 4
204 9
151 2
264 1
240 9
486 4
54 3
379 15
437 6
187 27
79 2
423 10
329 8
43 32
410 15
156 28
330 19
192 20
180 3
176 11
500 21
50 5
439 12
400 3
181 22
253 15
4 11
148 8
66 31
487 27
73 31
222 30
205 26
233 5
72 4
7 7
124 29
328 14
40 31
140 25
16 12
183 11
270 31
202 7
21 25
14 9
331 23
198 7
500 22
123 12
41 26
198 16
38 29
429 29
103 12
149 15
163 28
489 12
14 11
118 22
379 19
330 25
218 3
447 25
308 10
492 16
51 22
363 24
66 27
16 13
210 9
491 28
348 19
155 29
21 24
246 31
255 15
311 20
453 22
40 8
31 16
459 1
73 21
372 22
315 11
362 20
51 28
247 22
35 21
110 11
376 3
158 22
281 32
101 1
281 21
492 19
24 30
95 8
474 10
289 32
353 31
163 7
206 1
5 8
365 14
499 1
321 28
370 1
179 31
334 16
463 9
122 22
331 21
285 24
34 25
296 18
75 10
345 17
423 21
224 31
314 10
27 18
81 21
439 32
71 20
71 5
300 16
370 2
112 22
286 2
78 17
235 5
242 11
137 4
279 12
451 1
286 1
430 26
77 4
477 7
491 7
31 19
443 4
272 26
257 13
51 7
341 14
191 23
364 31
246 23
390 28
87 31
25 8
393 17
236 17
452 2
120 2
368 14
86 8
115 30
400 2
28 17
303 14
175 6
100 32
160 22
468 18
16 24
318 12
296 5
129 31
130 20
81 26
309 6
193 7
359 20
292 7
36 22
160 10
112 32
482 23
249 5
73 8
292 2
24 3
294 16
186 11
251 2
476 3
135 4
37 9
464 17
83 27
274 3
209 1
2 14
360 22
490 32
217 13
173 16
71 6
243 16
92 1
225 20
107 23
87 12
204 14
324 14
49 1
380 13
334 17
150 25
186 11
328 3
123 24
142 5
169 17
153 12
81 5
179 20
88 22
183 27
167 26
132 11
102 24
27 27
96 16
331 14
370 10
184 16
361 1
37 29
413 9
141 2
269 7
385 8
436 19
350 31
72 10
373 5
345 32
312 8
131 18
73 9
152 4
344 28
285 12
393 21
420 1
394 1
203 10
396 3
196 10
445 7
431 9
144 19
272 11
418 23
448 15
403 23
450 22
315 22
478 11
135 21
91 32
289 17
10 29
283 5
134 19
324 24
100 23
42 3
273 3
273 28
301 23
375 3
421 5
336 14
99 2
498 25
350 23
333 11
323 28
63 24
46 26
223 9
204 24
16 16
222 4
400 11
315 30
125 7
314 4
336 16
282 21
452 7
119 16
489 29
251 31
100 25
141 2
293 8
85 12
24 19
448 3
33 10
400 9
200 1
320 3
328 17
219 23
231 2
266 7
482 17
474 18
165 30
403 9
161 12
117 28
498 4
162 26
29 29
390 28
477 13
262 12
310 20
434 20
169 8
463 19
68 32
84 32
253 22
392 1
325 28
301 30
275 26
55 11
375 24
30 19
5 3
155 2
123 32
409 11
491 15
293 30
10 32
493 10
214 5
379 22
96 7
64 31
492 10
173 22
414 15
69 6
345 7
435 7
366 27
110 13
66 14
118 23
482 7
189 3
199 11
84 10
449 11
164 16
117 17
158 22
243 14
151 15
4 1
258 25
131 7
77 4
472 15
123 1
9 27
351 31
81 27
352 21
433 16
320 25
56 9
282 30
258 8
88 9
368 1
130 3
63 6
46 27
104 32
43 8
34 30
170 30
180 14
494 28
389 22
365 28
346 2
93 20
430 4
364 17
377 29
147 11
403 25
29 22
64 32
470 18
465 3
63 20
12 1
107 12
426 3
195 19
321 31
374 14
319 2
398 7
434 17
337 32
441 22
46 32
437 19
305 17
357 32
396 5
128 18
120 21
29 23
175 25
453 13
98 23
490 3
169 11
95 14
315 27
223 32
243 23
78 11
411 6
266 10
6 9
363 26
1 15
144 4
91 4
428 12
71 29
387 23
395 1
448 17
368 6
420 22
180 1
8 2
283 10
451 16
222 6
117 15
56 24
102 27
208 1
186 22
149 20
220 3
257 16
104 16
337 3
437 17
372 4
310 10
273 29
145 31
74 2
421 21
21 30
479 20
402 21
357 26
292 21
444 28
244 15
23 24
422 15
300 21
107 26
298 31
370 22
225 23
55 9

