128
74 19
92 13
437 28
356 25
128 10
44 8
287 9
83 22
336 30
140 17
387 6
415 10
8 25
22 31
478 8
152 31
498 11
11 26
135 14
411 30
195 2
389 29
83 4
267 10
197 10
314 3
107 8
428 14
93 13
376 30
272 20
472 14
122 6
55 4
52 25
370 10
271 6
283 5
229 25
122 10
158 8
212 16
15 24
81 15
440 8
28 24
187 7
185 25
37 11
268 32
204 29
389 30
247 15
326 11
423 15
104 8
234 32
195 5
307 19
207 26
287 31
309 21
437 21
485 17
232 9
264 3
241 25
260 7
175 1
314 14
235 5
177 5
84 12
217 26
202 27
488 24
361 4
313 30
493 25
122 24
401 30
362 6
390 25
128 28
409 29
13 7
210 30
315 5
117 19
35 6
158 18
158 6
21 10
167 13
118 17
440 3
26 29
160 3
273 19
182 13
432 7
380 17
236 30
137 12
77 19
169 30
396 14
251 25
147 6
133 25
58 9
283 3
225 2
201 26
284 2
382 3
428 25
59 11
307 8
14 7
218 7
468 30
212 6
234 11
487 26
475 32
290 29
330 7
402 6
364 17
264 5
104 15
358 6
206 20
209 15
250 7
105 29
96 9
286 25
175 13
46 21
168 20
257 14
350 14
379 25
46 26
161 17
37 26
15 2
385 3
460 6
353 5
350 12
233 4
128 31
260 22
259 27
361 3
276 2
376 27
126 13
500 22
274 28
156 20
129 28
214 13
26 31
357 3
218 29
214 14
199 21
371 13
104 11
323 23
496 30
89 5
174 5
258 7
476 9
86 29
9 16
397 6
218 25
112 23
193 14
132 15
354 6
199 17
288 9
40 27
274 24
255 15
68 25
246 28
481 15
352 5
482 32
374 11
352 18
338 12
15 5
138 32
27 20
177 26
208 24
449 1
195 19
279 11
419 4
158 12
207 29
240 16
460 26
443 19
451 28
58 9
304 23
36 10
382 24
496 5
279 24
273 30
498 19
88 21
75 13
168 9
457 15
24 4
224 18
430 18
97 19
342 13
33 2
82 18
441 25
206 8
372 26
193 26
380 12
138 2
376 13
290 32
415 2
451 3
279 24
16 32
218 14
480 18
87 1
219 7
342 24
98 9
105 18
434 28
421 15
142 20
79 7
331 22
96 21
336 27
12 11
306 21
412 5
34 6
49 8
377 30
27 26
307 15
116 8
467 8
367 8
388 17
242 14
142 22
203 29
416 14
32 9
147 31
357 8
293 17
432 17
351 14
346 21
441 21
100 7
53 18
366 24
263 27
9 8
296 7
437 31
277 12
431 23
114 19
454 14
396 13
278 18
47 8
254 23
140 1
393 24
23 10
131 21
68 20
392 20
202 32
426 14
499 25
252 21
347 2
370 14
294 32
339 8
475 4
178 2
149 26
158 23
31 8
159 7
131 6
314 21
230 11
14 16
95 6
192 14
175 6
35 20
61 26
12 11
169 25
352 1
111 5
191 21
1 1
239 7
251 20
167 12
143 29
411 1
150 31
30 8
164 9
495 8
142 22
462 30
195 29
183 1
174 21
445 14
426 16
360 28
439 15
359 1
411 1
170 12
223 15
235 2
319 13
461 24
235 26
326 17
439 20
85 24
84 5
489 29
268 24
240 23
78 30
491 16
219 24
47 29
415 13
179 29
362 7
45 28
265 10
228 23
81 28
166 4
44 18
229 20
205 24
222 15
418 32
122 20
224 25
428 30
153 14
222 30
449 14
461 21
339 4
267 19
351 24
287 31
141 23
58 17
482 27
331 3
490 29
386 17
325 6
202 25
271 8
491 7
393 15
283 12
491 5
2 17
36 20
87 4
154 32
373 24
274 19
238 20
359 16
180 3
141 18
12 7
157 18
334 13
156 8
132 18
369 22
191 8
125 17
80 19
273 32
118 10
210 3
161 1
34 1
103 6
74 30
437 10
467 26
482 15
237 14
472 13
99 2
361 11
439 32
205 3
447 6
108 16
233 9
76 26
461 19
440 26
292 12
467 31
497 24
85 5
413 12
190 7
218 6
438 32
193 14
422 3
168 13
294 28
1 2
165 29
48 20
198 3
183 24
153 3
464 13
264 20
145 25
91 6
354 12
221 2
373 6
36 12
22 21
291 7
198 28
335 9
263 25
140 14
48 12
476 31
381 23
91 17
43 13
238 12
264 26
145 16
451 16
380 16
361 2
198 26
329 25
359 12
269 14
241 32
141 8
31 17
307 17
397 13
357 22
301 20
295 5
459 13
477 30
421 25
212 18
98 28
354 20
335 26
305 31
142 26
143 24
170 5
496 11
149 4
404 9
175 15
246 25
295 2
323 23
262 22
37 11
425 18
315 24
216 31
186 5
268 28
380 2
128 3
356 17
282 11
77 28
309 6
440 20
395 10
22 32
295 18
15 16
152 9
331 15
3 28
427 31
48 14
60 23
236 11
451 21
377 32
472 14
201 3
141 12
25 10
103 11
424 21
242 31
1 32
145 4
292 31
126 19
228 1
365 27
155 16
331 31
195 30
420 19
64 12
194 12
426 9
111 17
117 16
275 26
128 27
325 11
193 30
109 4
190 5
234 8
140 12
78 2
217 18
433 8
409 18
424 18
126 10
34 23
237 16
416 8
430 12
134 2
393 14
393 6
419 2
277 6
393 18
96 21
203 28
445 32
357 16
149 7
253 19
429 17
194 12
205 12
435 10
449 31
284 18
260 10
23 16
259 32
241 22
228 4
85 16
259 30
391 19
128 23
441 32
336 7
251 32
314 1
81 30
363 32
307 2
65 2
9 24
449 17
381 20
44 30
200 22
259 2
61 30
289 13
293 32
339 7
15 4
431 7
118 5
311 16
266 15
457 22
50 17
374 19
433 26
100 8
219 10
425 23
95 1
132 3
188 22
281 30
178 15
149 27
355 11
422 24
185 27
245 31
135 18
369 15
387 32
50 26
29 31
236 15
391 19
361 31
41 25
132 2
55 32
364 25
442 5
232 3
15 28
65 10
297 17
420 24
104 14
289 24
148 32
106 10
95 22
468 27
458 4
204 20
83 23
124 13
203 27
3 26
182 15
71 2
203 26
13 14
311 9
289 18
29 10
200 27
359 3
257 12
118 16
31 9
378 10
77 32
360 3
149 25
497 27
222 15
61 19
356 27
387 32
33 3
389 8
389 7
250 17
266 16
308 16
420 5
153 12
469 28
426 29
108 30
188 13
120 12
415 7
322 26
470 18
420 14
437 25
456 3
157 5
406 9
72 9
353 12
172 17
439 1
290 26
370 5
226 9
428 5
315 21
294 20
455 25
493 31
373 20
429 26
372 18
346 11
362 14
18 13
371 28
333 12
353 10
488 26
42 31
70 32
15 27
343 25
280 19
212 4
338 24
385 29
178 30
3 3
132 28
276 10
179 28
13 11
162 4
313 23
266 2
411 20
449 9
453 16
292 4
231 1
359 16
42 4
197 4
279 24
268 22
181 22
13 21
181 22
192 5
229 25
78 3
293 2
95 25
253 6
464 4
219 22
451 4
210 31
155 32
179 6
393 23
72 5
52 28
283 3
448 7
256 5
353 8
403 19
496 23
389 27
490 31
132 12
218 9
143 8
328 1
498 28
179 9
329 2
24 27
29 3
325 32
347 9
183 13
327 6
256 19
340 29
173 15
241 18
164 19
466 31
203 7
415 9
235 27
167 18
57 15
80 21
478 26
113 20
379 23
393 10
6 24
434 26
54 14
272 29
56 5
60 18
51 22
195 25
272 5
394 4
55 29
412 32
102 20
395 28
314 11
317 19
370 11
349 7
276 24
344 24
208 31
145 6
80 3
394 3
51 7
30 25
111 29
340 24
168 10
396 25
224 24
152 21
166 24
220 26
471 31
477 10
317 25
287 16
312 12
98 2
318 23
319 20
271 18
343 2
96 30
270 15
302 5
116 23
272 31
260 10
249 32
123 25
357 1
164 20
292 25
381 29
91 15
92 1
61 27
150 28
172 27
178 13
192 13
144 27
331 19
261 7
139 23
347 11
496 6
366 3
122 18
452 12
1 15
72 1
477 13
420 1
344 5
177 7
94 16
201 28
223 5
355 21
196 1
411 19
63 28
181 4
225 20
248 13
27 27
137 11
244 8
355 15
5 24
473 30
351 21
225 9
134 27
137 21
484 27
223 2
174 27
433 3
387 20
327 17
351 28
267 22
371 6
32 15
5 24
28 3
176 5
484 5
183 8
341 26
19 31
415 24
318 32
146 8
27 9
468 1
288 18
322 6
59 25
89 19
356 32
122 28
368 1
44 3
428 25
420 10
151 23
342 16
182 27
23 8
163 14
437 6
76 30
312 22
111 32
49 6
367 30
201 3
478 1
489 5
333 32
203 15
94 16
303 11
86 21
187 13
167 27
50 2
232 29
79 14
112 31
12 27
352 20
65 25
160 1
86 12
164 12
327 22
387 25
236 4
157 18
72 15
44 2
268 4
482 7
469 26
29 4
424 1
44 16
61 11
244 22
47 15
489 17
16 27
205 4
199 21
173 14
36 1
391 19
344 13
353 20
318 30
496 25
114 15
80 22
445 23
24 15
81 12

