128
42 8
244 23
429 24
294 24
159 30
410 25
73 2
180 18
147 12
489 12
45 12
298 15
256 28
277 21
142 2
388 31
318 19
294 2
374 19
349 28
380 3
92 24
316 3
273 2
206 29
290 31
288 19
333 7
338 13
455 31
211 30
14 24
176 19
477 25
245 18
285 20
436 8
279 23
351 19
416 24
15 5
158 22
496 3
48 5
303 23
16 29
48 1
392 4
187 13
328 23
398 16
258 17
340 20
287 2
438 30
449 20
111 15
457 26
449 4
142 31
358 1
116 14
37 15
333 19
79 12
357 24
124 18
160 19
1 14
356 10
500 12
93 14
262 5
419 10
405 4
165 2
69 4
223 5
490 31
32 13
419 32
396 6
2 12
208 22
353 11
292 4
218 28
165 16
137 23
245 9
495 1
358 31
392 25
19 22
487 26
302 1
290 5
298 11
104 29
144 9
419 31
160 29
375 29
172 27
259 4
255 13
177 12
315 8
192 14
301 27
439 30
287 32
151 1
370 18
441 10
62 4
4 6
52 2
250 11
240 20
138 30
261 18
458 11
234 13
464 22
31 31
340 2
130 22
254 8
95 30
69 1
257 24
82 32
302 7
382 21
190 24
387 26
37 28
229 2
344 28
8 15
94 11
44 24
188 17
279 6
194 15
142 15
418 11
462 31
405 24
112 11
67 6
396 23
45 8
77 8
316 16
114 29
282 5
188 25
305 18
454 3
312 4
153 6
170 30
152 31
309 23
21 3
464 12
330 28
40 18
248 23
341 25
467 26
370 7
294 18
472 15
376 24
194 4
217 32
494 32
438 22
335 6
29 18
225 18
158 4
263 17
470 3
469 13
76 6
295 13
68 10
319 11
253 13
323 29
376 16
41 9
469 19
474 29
376 30
354 17
462 16
493 27
422 10
423 13
151 25
69 6
187 20
365 3
252 31
112 11
354 28
143 18
230 32
23 17
313 28
342 30
196 2
261 29
147 31
466 26
252 2
219 26
273 15
228 20
121 27
354 26
342 16
500 3
111 26
380 12
101 21
253 32
406 1
265 1
48 6
54 23
115 24
440 28
207 11
467 19
358 13
5 27
316 24
474 11
229 17
406 5
277 30
125 26
23 1
438 30
470 19
72 12
263 3
27 17
29 22
147 18
314 15
141 29
6 10
259 22
170 28
415 30
174 31
331 24
131 17
469 4
259 8
387 13
254 22
193 22
259 32
372 12
194 20
52 20
329 15
285 22
326 3
295 3
441 9
398 31
245 14
22 28
257 17
228 30
174 5
144 16
464 27
3 17
230 2
208 10
68 13
55 26
395 17
244 16
177 22
406 18
359 16
277 24
188 20
477 5
128 8
144 27
338 14
452 15
403 15
476 31
207 22
216 10
434 19
289 31
452 6
32 11
473 28
278 20
15 22
224 7
78 11
289 31
216 12
38 7
103 5
89 21
247 28
262 32
466 22
290 22
96 13
432 16
332 1
284 23
166 27
193 19
226 29
214 29
73 31
411 3
115 7
187 29
154 21
393 16
498 26
241 5
207 4
365 14
84 24
88 25
6 32
196 23
113 29
24 5
11 22
63 29
285 29
338 30
49 22
113 27
115 17
343 21
376 19
415 23
58 6
60 28
486 27
498 2
15 5
486 17
159 12
1 23
148 6
84 25
271 1
447 10
401 17
262 5
348 32
235 13
30 10
320 11
400 26
316 26
42 17
290 24
52 23
494 3
184 2
99 23
126 13
44 18
186 29
154 1
333 17
141 2
386 21
432 30
482 23
51 11
251 1
223 2
335 16
56 18
145 31
324 18
51 7
500 8
24 25
472 32
245 21
273 3
277 12
268 22
302 22
132 8
158 2
205 12
274 12
362 2
266 5
392 21
404 23
256 15
247 4
338 24
44 14
474 32
313 25
429 26
410 20
17 4
118 9
263 7
184 12
160 30
161 27
470 28
145 13
194 32
304 23
87 7
492 16
18 28
152 26
269 21
62 21
332 3
209 7
421 16
218 16
193 2
335 30
293 27
387 6
222 26
368 16
241 31
219 6
14 6
260 14
135 13
270 18
351 30
60 23
222 10
202 26
359 16
76 8
367 2
341 4
207 9
100 27
419 18
409 1
392 32
418 18
340 16
195 26
17 27
312 26
236 21
152 14
401 11
301 15
392 2
206 6
54 5
397 16
475 1
108 14
176 30
95 11
65 1
408 25
247 19
171 30
83 6
280 11
252 32
249 27
425 11
92 10
111 32
302 5
496 9
154 31
286 16
389 18
241 12
283 11
366 29
321 5
478 20
431 17
383 8
223 20
486 10
285 32
6 22
385 9
347 22
24 4
490 16
186 22
60 32
216 25
124 8
373 29
339 12
181 14
187 23
29 4
420 29
471 9
103 7
278 17
245 25
284 2
416 9
315 3
288 22
252 3
270 24
11 24
483 11
181 21
445 5
192 1
226 27
141 20
17 26
480 29
422 23
346 26
84 20
164 7
42 23
134 7
95 8
270 17
187 3
98 19
11 29
199 8
303 28
267 24
109 30
284 7
361 18
220 20
141 27
166 14
354 3
344 32
295 18
228 29
416 21
315 26
466 2
366 8
353 28
439 17
230 19
195 14
352 22
33 8
1 26
378 2
349 9
5 7
38 16
475 13
409 17
83 22
302 8
141 14
79 28
319 28
302 21
249 17
131 9
348 27
183 13
188 31
150 28
25 15
275 7
492 15
139 2
56 9
373 1
298 11
128 20
111 9
481 15
285 19
344 16
93 26
61 8
260 18
175 28
248 13
134 27
484 24
164 31
416 4
439 22
339 26
181 21
198 17
11 26
123 26
466 15
83 6
198 10
235 24
477 22
173 6
73 32
86 12
398 29
124 29
66 30
106 27
114 24
259 20
137 14
182 26
448 32
127 18
458 21
221 14
47 13
248 27
400 17
354 10
37 21
338 31
290 27
349 3
450 3
379 3
340 4
188 12
175 27
489 12
379 5
270 25
102 13
395 29
53 25
2 9
429 11
43 31
486 31
473 23
202 23
373 17
114 21
32 29
79 24
124 29
229 1
86 14
261 8
182 9
80 16
254 13
226 24
431 31
39 11
498 24
458 14
132 27
282 4
63 16
35 31
21 23
431 2
444 12
85 14
356 9
13 5
377 22
405 31
301 19
61 10
386 10
19 17
441 25
384 27
12 15
189 20
33 24
489 9
15 30
158 22
442 18
331 26
111 23
476 27
381 32
412 18
406 27
486 14
83 22
200 26
140 1
330 8
212 2
204 26
243 5
447 4
234 9
205 29
363 20
107 7
420 27
212 29
301 26
374 7
419 17
328 18
313 13
433 8
327 9
101 13
349 16
457 3
176 13
279 23
45 21
133 20
107 21
140 3
394 25
141 28
437 9
221 26
477 5
477 3
141 2
76 26
329 32
72 8
44 26
394 12
86 27
51 29
75 14
99 28
406 8
131 15
60 3
296 4
355 8
43 20
53 22
485 25
149 8
89 32
257 30
132 14
212 10
238 6
76 9
253 29
280 23
27 31
85 18
78 32
298 8
139 2
89 31
435 17
382 27
133 6
356 28
35 16
297 29
205 28
461 22
57 20
192 3
430 5
109 19
420 14
479 22
107 23
384 9
8 25
267 24
106 27
255 16
394 23
412 30
127 16
407 11
463 31
117 20
79 1
251 6
482 1
259 29
499 14
333 30
406 8
349 3
426 7
2 11
6 30
268 16
137 27
166 16
125 6
343 27
359 9
404 20
25 26
484 32
155 21
233 12
120 18
274 29
36 31
215 21
188 14
24 9
8 29
276 32
175 26
186 9
415 25
76 11
102 12
166 24
228 7
167 27
332 16
95 15
67 29
260 10
142 7
430 18
324 9
485 6
27 11
382 5
111 9
83 21
220 25
320 19
147 15
145 22
130 3
196 12
251 7
302 9
90 7
246 17
140 10
262 18
252 3
310 23
303 4
427 31
140 22
321 26
288 30
467 2
408 19
465 31
469 2
403 6
201 32
322 24
229 11
357 29
429 30
195 24
409 29
106 29
422 6
38 22
447 5
479 3
19 3
365 15
413 7
45 13
118 10
304 14
301 12
30 1
29 28
312 9
196 13
189 10
47 27
179 21
83 21
199 21
303 23
439 27
33 23
179 2
201 10
200 21
345 25
229 29
305 13
14 12
161 10
321 11
280 19
52 2
359 22
314 30
17 25
228 9
87 31
403 15
92 26
287 29
34 24
13 6
260 30
42 28
80 6
331 11
213 6
73 31
335 2
84 7
342 20
104 9
274 26
67 25
163 26
5 4
73 14
386 20
43 27
307 18
140 21
333 24
370 9
127 21
494 18
259 4
225 10
468 22
423 2
215 21
91 3
133 11
236 2
50 27
148 13
252 27
493 8
343 27
192 9
271 26
30 9
77 31
447 8
252 21
429 2
306 4
185 2
386 20
159 12
402 30
292 26
296 24
441 10
350 17
106 32
374 12
353 6
242 27
493 29
19 21
311 24
144 3
113 6
118 27
317 4
280 8
377 16
95 29
213 17
153 11
416 22
158 24
475 31
418 7
243 1
444 25
112 19
399 17
468 17
199 8
388 3
95 16
406 14

