128
474 21
150 22
267 11
152 1
144 25
381 18
458 13
224 19
133 7
166 13
127 22
72 27
424 31
455 32
417 31
228 11
99 5
156 6
271 32
162 11
456 6
56 21
190 15
123 7
86 9
75 8
254 18
130 22
196 24
457 5
230 12
355 8
413 14
397 31
317 19
153 4
304 4
240 10
339 31
316 8
355 2
339 4
240 16
489 3
403 13
399 28
481 21
163 9
115 16
131 15
470 16
259 25
491 10
118 5
212 17
104 14
175 26
378 6
261 10
52 15
163 15
498 15
259 13
387 5
72 29
8 29
152 6
17 31
115 23
323 23
419 15
96 25
72 21
62 17
191 6
199 21
120 9
347 22
209 25
103 16
453 14
376 1
227 32
99 1
378 1
371 29
51 27
93 23
143 19
307 13
472 5
37 11
53 3
468 1
319 26
96 16
31 27
228 25
215 14
450 16
98 16
444 29
138 1
123 25
43 25
465 10
137 6
456 10
88 19
154 3
345 26
382 19
220 1
484 14
286 5
82 27
252 9
235 30
413 9
22 27
341 26
172 30
339 23
167 7
402 16
37 22
421 26
472 29
378 19
278 7
239 7
249 11
236 24
232 24
396 29
307 1
90 22
214 21
309 4
207 22
403 3
307 28
12 18
168 21
437 1
403 27
8 27
369 23
338 12
94 18
56 32
470 30
82 15
426 2
266 12
451 4
78 1
195 9
90 22
329 22
159 23
53 30
85 21
112 3
373 1
8 8
309 5
425 22
215 22
131 4
185 13
351 14
41 6
54 30
259 18
8 17
316 4
286 25
184 1
27 24
454 14
188 2
214 4
3 4
314 13
111 26
65 13
112 5
358 29
438 13
399 21
237 22
60 11
318 16
271 8
3 12
81 6
485 6
154 3
425 3
471 15
168 7
496 3
195 13
296 13
173 14
133 22
111 25
284 17
140 10
476 14
278 13
36 2
202 29
453 27
359 19
13 26
14 4
305 4
65 28
44 9
497 17
498 11
73 29
387 16
335 19
205 28
271 16
429 16
280 1
302 10
8 19
164 13
174 32
80 6
271 32
327 3
4 12
225 24
457 8
287 15
178 3
458 24
83 6
123 30
267 17
500 26
91 11
498 24
334 21
354 4
404 12
74 3
207 18
186 31
261 32
305 18
167 22
89 21
500 16
462 2
488 25
243 2
179 32
45 12
168 22
319 8
281 20
182 24
190 4
2 30
43 3
92 5
272 24
309 19
243 11
388 6
287 14
11 6
221 32
329 1
157 32
164 22
39 17
129 24
416 2
234 23
140 5
371 28
208 20
34 3
154 2
384 32
255 15
257 28
154 22
68 2
233 3
451 7
131 3
55 7
413 20
209 8
316 23
463 19
110 17
325 7
270 29
55 32
455 11
203 24
248 22
121 20
352 16
307 11
354 25
381 22
500 13
170 3
19 32
337 13
332 10
95 1
222 25
329 16
312 27
487 3
301 31
243 8
382 17
338 32
261 2
353 20
10 18
74 17
358 10
361 1
423 15
142 24
456 2
375 11
352 13
29 12
172 3
360 25
171 5
492 27
119 13
42 20
70 3
360 15
377 32
468 31
175 17
499 22
282 29
248 13
86 12
341 21
399 12
161 1
100 5
204 22
201 9
198 14
212 13
49 24
129 12
90 27
476 12
136 13
313 15
445 18
10 17
358 8
188 18
33 12
374 4
5 6
480 10
196 23
463 16
482 3
111 4
97 22
363 12
398 23
466 26
276 19
479 13
439 6
355 3
305 20
58 18
6 17
215 13
432 17
296 21
323 22
336 15
47 7
2 12
225 19
137 5
498 15
337 32
133 15
110 5
123 7
98 28
407 17
32 30
45 3
103 20
436 10
138 2
488 28
277 13
162 17
269 19
380 1
298 20
500 19
300 18
425 14
453 16
266 20
21 30
162 31
381 13
413 19
430 24
362 26
316 27
118 20
386 9
41 31
212 4
442 20
365 10
465 1
401 30
300 6
243 9
44 12
261 12
142 2
208 11
247 7
229 4
459 18
65 15
149 8
390 2
139 6
159 27
422 4
184 25
333 19
385 12
402 21
184 27
186 27
249 16
117 9
499 27
91 31
425 11
43 26
32 1
271 22
488 4
101 19
264 1
301 28
161 2
144 4
96 5
438 32
316 30
173 7
481 3
81 1
205 11
71 24
8 25
277 7
385 6
17 24
162 30
148 18
371 3
221 27
176 18
162 27
64 2
157 8
448 6
300 16
64 2
239 27
415 20
417 23
245 26
298 30
103 1
284 21
292 4
291 11
14 9
309 5
138 6
324 14
259 19
441 26
49 4
245 15
47 21
113 15
298 18
252 4
59 27
77 22
391 7
20 20
171 4
184 25
497 3
98 19
185 2
429 9
69 1
399 27
37 27
109 3
477 21
86 31
99 30
88 13
381 19
96 19
138 23
211 31
341 16
241 14
198 29
462 22
45 13
233 18
427 25
268 19
405 25
141 28
219 4
196 27
186 8
1 12
274 24
310 23
371 26
492 24
275 25
186 19
369 30
104 12
110 23
402 3
428 15
222 6
122 5
96 8
60 12
483 10
159 28
300 10
397 3
301 11
447 14
342 32
403 1
315 1
20 8
231 7
258 32
444 8
220 11
39 16
338 1
465 25
368 24
230 16
406 2
435 20
220 24
223 26
72 29
338 15
105 28
241 26
223 32
93 31
426 15
74 32
207 6
112 10
153 25
190 22
426 20
113 9
103 28
119 2
224 28
469 28
376 5
42 18
245 22
392 14
469 29
285 19
354 4
453 30
440 22
267 22
117 28
10 19
419 32
96 14
436 4
322 19
273 31
260 13
200 20
38 24
116 7
47 18
70 7
31 6
492 2
227 4
381 24
30 19
68 9
144 19
41 9
313 21
31 8
181 27
75 26
102 11
392 28
364 10
350 10
175 29
43 9
152 7
340 21
425 23
158 25
409 10
237 13
362 8
497 30
202 15
463 19
465 23
303 20
372 16
74 14
345 8
150 12
243 21
381 7
248 30
87 20
87 32
81 4
295 21
45 8
351 23
150 28
65 8
495 12
308 12
333 4
36 14
499 2
323 15
296 14
120 7
429 18
410 1
357 12
141 21
403 24
260 12
159 24
356 1
464 11
73 28
18 32
482 28
89 12
99 8
77 22
322 25
276 19
218 28
138 14
237 16
201 28
444 23
23 15
364 22
165 4
486 6
247 27
49 3
474 11
70 30
365 24
258 8
474 15
475 8
37 19
3 1
410 18
300 1
448 15
122 24
450 7
145 20
277 30
382 6
192 31
151 8
194 25
399 32
235 18
483 3
288 29
212 18
283 27
334 14
25 7
194 26
266 2
21 14
383 2
496 7
204 22
482 22
258 29
269 21
458 27
467 17
87 26
294 5
40 19
155 28
286 24
389 7
37 1
296 24
14 7
346 2
493 11
467 10
411 11
446 20
337 21
465 27
442 6
348 2
89 18
249 18
201 18
276 1
250 11
360 20
418 21
333 14
88 11
159 6
237 21
218 25
369 30
199 22
143 18
495 27
251 20
456 11
85 3
392 22
6 3
449 31
12 29
184 23
431 2
96 27
298 21
91 30
50 6
180 21
391 10
127 26
121 27
444 1
165 15
39 10
290 31
296 9
120 19
251 2
173 26
421 10
363 15
340 32
4 27
456 11
396 3
36 1
17 7
73 25
18 23
407 7
302 10
311 17
33 13
174 17
258 14
378 20
457 1
236 16
439 7
206 31
477 29
203 5
424 31
378 25
238 32
451 11
189 13
311 5
173 12
129 30
282 15
254 22
427 5
401 10
383 31
52 20
51 6
204 30
28 21
118 25
420 20
155 29
32 29
181 24
153 22
486 2
20 7
375 18
431 27
163 21
233 2
24 20
319 32
109 11
12 7
463 8
498 6
392 26
138 4
233 10
437 6
427 28
160 1
106 22
428 8
403 20
334 18
147 16
357 24
350 5
186 29
4 23
486 15
212 3
170 1
265 11
14 23
414 18
344 19
115 19
139 17
486 4
147 13
475 19
240 13
223 1
341 2
459 10
472 7
300 2
467 24
100 12
107 17
357 6
236 4
424 30
192 29
197 22
41 19
341 12
199 31
408 7
493 3
216 16
241 28
457 15
431 28
390 1
125 23
338 16
422 29
85 13
170 13
303 2
303 11
194 30
409 25
392 9
171 20
217 3
327 9
469 1
433 11
146 17
309 7
268 26
244 12
194 29
484 8
326 22
342 11
139 27
324 23
3 30
490 27
109 24
244 17
424 8
287 25
288 27
404 23
176 3
258 26
411 25
69 28
378 19
107 1
161 10
399 15
127 32
86 7
407 13
312 14
60 18
103 11
397 6
253 32
4 2
145 6
102 26
1 7
124 7
199 24
388 29
2 23
40 15
101 18
267 20
332 14
214 6
172 18
291 24
237 18
285 10
411 18
447 23
69 14
370 31
409 13
420 10
475 23
349 32
109 19
339 8
293 24
225 24
365 23
92 26
160 8
187 30
466 5
332 18
406 17
356 22
162 11
75 32
86 23
211 10
390 18
133 10
453 29
497 18
223 16
123 26
168 13
155 17
293 10
370 2
39 17

