128
262 16
426 16
271 30
19 24
241 28
164 13
259 6
229 2
471 7
228 27
329 5
127 11
458 15
459 12
358 15
275 7
3 8
51 9
85 17
344 29
176 31
450 18
432 14
283 3
420 6
425 4
399 15
298 16
406 12
343 3
243 9
233 25
168 31
73 20
351 1
281 26
275 26
312 3
407 30
313 26
308 1
277 14
492 11
265 13
34 23
11 16
75 23
224 14
378 9
345 4
417 17
106 7
354 9
101 16
214 13
141 9
354 6
78 29
196 18
445 5
300 23
209 6
49 28
467 2
432 20
6 12
288 3
243 14
231 27
105 16
460 6
317 21
367 14
9 26
88 25
494 7
111 18
113 27
338 31
437 17
242 2
321 22
256 15
375 14
109 31
133 16
428 21
232 14
343 20
207 2
248 5
20 26
254 20
369 3
415 17
212 4
450 16
37 21
446 27
394 6
94 30
474 29
327 25
167 21
1 17
302 24
73 29
106 11
305 6
269 3
130 32
226 7
363 31
339 12
377 28
214 18
109 7
343 11
447 25
307 11
233 20
195 30
429 20
336 1
477 20
155 14
436 8
388 2
346 14
458 31
309 31
396 1
61 30
56 3
98 10
454 31
322 16
340 14
3 3
186 27
130 16
436 9
71 27
215 29
400 24
491 16
46 10
328 26
476 27
464 29
97 9
107 2
268 22
19 26
120 28
100 14
395 27
166 1
209 32
85 28
255 23
167 12
313 27
257 8
229 1
64 25
489 31
242 1
116 8
230 12
167 14
189 13
216 14
230 29
290 10
236 4
241 3
196 1
249 20
44 17
24 11
154 29
129 3
473 29
359 22
184 13
383 32
438 11
429 7
227 26
184 30
114 16
216 13
180 28
464 23
293 20
34 22
204 10
192 12
110 2
81 13
427 4
368 8
266 25
86 20
366 29
305 15
45 17
491 28
336 27
151 24
294 20
425 29
49 5
376 3
370 8
303 20
123 27
215 24
319 8
231 4
421 28
367 17
260 13
392 23
311 30
427 20
281 27
304 14
23 23
340 5
339 30
392 9
16 19
53 10
258 11
222 30
22 32
346 17
444 26
80 19
483 22
62 8
412 22
445 15
248 4
31 10
129 10
251 25
232 19
182 22
289 15
371 3
194 1
295 26
158 26
96 16
83 17
255 31
226 11
133 18
334 31
115 15
288 13
163 4
371 8
65 28
451 11
470 4
355 16
133 4
490 8
4 24
89 10
270 30
309 2
491 2
268 10
308 8
322 22
279 21
166 3
204 20
481 13
111 24
288 20
199 5
323 14
405 19
460 18
77 12
280 31
113 19
172 29
158 30
94 4
390 15
482 1
226 19
117 25
150 8
432 4
385 6
402 9
17 9
166 9
332 13
11 32
196 15
68 25
380 14
493 29
272 2
361 30
288 9
38 29
232 1
137 28
426 18
108 30
454 30
386 13
70 13
432 9
431 8
322 6
365 30
78 16
139 30
337 19
266 2
215 21
194 15
465 8
92 20
413 25
197 11
33 27
47 17
87 17
168 4
286 12
73 23
19 32
4 8
490 25
81 32
265 11
259 29
246 14
153 22
247 1
160 11
319 22
447 30
34 18
165 27
145 2
385 24
153 4
19 18
8 7
197 9
77 31
353 2
157 21
184 19
58 23
385 16
253 24
133 18
297 14
309 6
387 29
105 15
285 27
384 28
425 16
416 18
387 9
27 27
477 10
1 18
257 9
262 13
68 14
146 9
43 10
158 9
351 10
171 7
88 22
278 4
486 6
217 20
314 8
118 10
453 26
28 17
354 29
69 2
34 27
490 5
20 23
357 10
260 4
208 3
433 18
62 30
31 27
141 4
22 30
337 18
79 8
387 25
4 31
58 14
21 3
466 29
397 30
114 24
53 22
206 26
159 31
403 29
397 8
88 26
5 12
96 28
140 14
220 23
140 13
384 5
27 21
405 7
375 6
282 19
191 23
264 1
457 3
93 14
414 28
475 14
456 18
205 27
255 28
441 11
52 21
407 22
377 15
352 27
32 25
382 15
323 25
275 4
15 12
337 4
399 23
50 14
85 26
300 7
30 25
437 29
269 31
363 21
357 14
452 1
51 29
463 21
181 29
4 16
308 8
475 15
3 4
412 7
130 4
129 19
156 30
295 8
260 1
124 9
223 11
357 21
259 23
349 28
407 1
487 27
396 29
273 6
337 4
336 30
99 25
180 2
382 30
233 17
483 5
109 13
431 1
181 22
135 9
333 10
85 27
108 17
131 12
82 23
119 2
136 22
86 3
175 15
141 32
459 31
264 24
179 18
384 11
439 15
91 23
412 28
441 27
360 8
102 1
390 20
62 18
289 27
44 32
113 20
223 8
306 2
491 28
235 22
46 26
244 25
444 27
16 1
25 31
308 26
167 5
198 1
426 22
227 10
5 4
5 19
115 15
416 9
498 7
182 16
176 2
384 15
432 27
207 17
477 22
286 23
415 23
75 16
173 18
13 1
345 22
256 31
32 7
415 13
25 4
128 12
225 3
23 1
113 9
465 21
447 26
84 25
85 2
404 29
311 1
137 7
286 16
465 25
119 11
401 3
179 1
47 19
391 9
59 32
149 3
444 15
477 31
307 13
389 15
21 19
479 5
58 4
105 30
136 11
105 32
217 23
416 27
185 3
183 28
14 20
470 21
130 26
188 9
210 20
351 14
330 5
91 31
296 7
261 3
269 5
318 29
499 2
248 3
392 26
278 5
465 28
65 15
397 12
235 27
31 13
188 5
265 26
99 24
176 31
342 16
75 27
429 29
244 4
108 31
161 29
243 10
336 28
424 13
263 14
191 6
446 14
358 10
212 12
473 7
167 26
183 13
324 3
18 16
342 9
406 2
213 17
479 29
160 2
485 18
115 15
419 8
256 32
325 3
84 17
206 22
314 32
46 30
202 11
409 7
391 26
44 24
314 19
4 21
480 28
99 3
366 29
358 5
145 27
292 8
331 17
181 21
88 30
134 17
493 30
183 27
355 30
338 1
452 5
345 4
32 27
230 9
312 15
222 20
269 21
387 20
361 23
96 20
496 25
88 28
270 26
223 12
347 8
496 7
457 1
286 12
283 15
89 18
101 2
253 6
322 31
25 26
409 32
481 9
348 16
244 13
189 26
444 31
82 4
389 14
132 14
377 30
188 13
212 25
126 20
214 3
307 22
332 7
209 8
119 12
231 19
376 31
384 15
158 13
462 2
354 21
72 19
63 11
399 2
251 13
441 32
175 7
53 11
462 9
318 28
168 9
498 11
171 26
66 4
198 11
78 32
324 21
486 18
259 16
363 2
260 7
325 11
402 22
293 27
342 6
146 18
362 4
256 21
377 21
64 2
52 29
477 31
141 18
316 16
198 2
409 29
332 17
95 21
166 27
299 4
201 5
369 14
292 16
150 4
1 26
93 4
58 6
482 7
87 17
98 24
474 6
445 25
442 27
390 28
130 28
115 22
336 19
447 7
162 5
294 6
14 15
65 19
12 10
269 10
342 14
234 11
223 22
324 9
420 17
272 5
104 2
82 12
424 29
66 21
477 28
451 30
302 3
412 29
413 9
262 6
46 7
125 9
376 20
285 12
364 20
196 15
497 10
258 8
10 12
208 6
387 22
179 16
25 18
352 5
270 17
394 16
164 26
288 19
317 8
186 16
479 14
351 15
363 24
246 28
283 17
61 9
463 3
60 31
180 3
275 14
80 12
469 11
390 20
133 18
179 27
90 21
404 32
483 30
399 24
341 26
32 25
406 14
491 26
332 14
228 14
323 15
478 23
401 31
398 22
276 4
204 17
84 23
8 26
76 7
145 12
292 25
168 1
374 30
14 18
31 22
163 6
252 24
348 29
358 6
390 6
25 1
202 1
51 6
378 10
320 11
393 11
403 24
11 8
273 5
481 31
470 24
360 29
135 32
77 5
157 10
478 13
410 31
493 32
92 7
289 15
245 29
77 19
296 4
422 8
316 19
223 1
250 10
209 24
493 22
228 13
455 5
34 9
88 6
28 7
248 17
146 28
201 14
138 1
161 8
64 24
18 14
464 3
72 21
2 32
162 22
417 8
138 6
332 29
179 24
108 23
176 25
418 20
474 32
224 23
171 28
462 32
425 6
158 32
450 27
264 3
92 12
78 10
481 26
306 27
269 9
437 24
17 3
23 7
466 31
329 8
386 10
27 2
419 8
158 8
194 1
182 18
452 20
367 28
21 32
294 29
289 7
436 9
289 30
499 10
56 11
241 21
321 23
103 3
302 24
311 31
32 20
484 3
103 10
118 19
226 19
263 18
345 2
374 1
8 9
238 27
403 26
356 7
300 6
166 13
421 20
300 20
23 27
286 14
485 19
100 14
17 15
279 30
264 24
346 15
376 8
38 19
117 25
205 17
54 2
369 26
401 8
425 28
303 2
401 7
316 8
200 24
66 18
45 6
333 19
304 9
30 29
191 26
85 19
414 18
117 7
111 9
450 23
292 16
448 12
390 11
396 9
299 9
122 23
494 3
289 2
367 2
138 5
316 19
451 5
212 11
363 15
288 25
209 23
416 29
475 30
475 22
450 9
182 32
172 12
378 8

