128
476 3
328 3
62 13
483 23
311 23
193 23
82 27
303 32
360 8
354 31
409 14
423 6
151 19
312 23
2 9
396 5
439 32
391 24
60 26
3 30
216 23
301 14
49 11
353 4
435 22
119 7
72 9
200 22
239 11
180 16
311 24
272 29
3 27
101 2
240 3
283 3
1 19
104 10
38 28
309 16
366 15
314 21
171 1
362 18
80 22
353 30
321 21
491 3
287 15
384 2
397 2
332 9
101 20
298 18
391 31
461 32
385 22
396 4
490 30
317 1
151 21
459 31
145 25
145 23
243 4
308 23
397 28
239 25
427 17
338 29
347 10
277 27
423 16
490 21
429 18
333 31
179 19
401 15
443 29
106 17
424 29
175 5
404 6
21 6
154 7
499 4
8 31
82 15
446 28
195 27
81 23
305 19
374 22
82 20
102 7
353 18
451 11
402 27
144 18
388 5
132 2
148 8
12 6
422 14
5 24
36 13
346 32
196 23
249 1
387 7
315 15
432 9
321 13
323 9
254 3
465 22
448 21
377 4
46 18
121 26
265 24
338 22
199 5
33 12
161 23
354 11
361 9
444 29
117 22
497 18
328 18
459 28
278 3
87 31
484 15
76 28
214 29
414 28
298 30
63 6
216 24
137 24
52 4
460 20
197 25
242 17
122 12
300 15
239 10
73 2
444 4
26 29
412 15
272 1
236 31
19 31
454 23
230 22
86 9
25 18
349 14
306 10
170 13
220 8
194 4
185 13
143 6
145 7
500 1
115 31
307 13
37 20
139 18
117 28
307 18
358 27
463 15
329 24
120 28
243 17
44 8
302 6
489 6
92 1
418 19
223 4
43 28
336 2
229 32
109 7
297 10
394 16
129 6
95 20
121 6
264 32
117 1
202 25
67 17
445 12
203 24
60 2
131 7
279 31
198 31
450 23
205 7
458 1
416 12
284 12
241 23
404 29
168 17
314 30
249 14
421 4
129 24
197 23
226 7
322 4
65 27
122 13
317 31
453 12
130 32
471 27
487 2
79 14
330 12
91 19
354 19
30 30
343 26
445 8
404 10
343 4
240 4
89 4
42 29
139 12
481 5
246 19
335 28
324 24
68 10
242 1
276 31
254 6
200 18
38 23
315 24
275 30
196 11
461 29
255 15
112 3
208 13
53 26
181 20
57 16
493 27
372 25
421 13
238 17
175 11
427 25
359 1
247 30
415 23
142 18
158 2
256 25
110 9
110 22
388 2
389 25
464 20
1 21
237 14
357 31
217 11
103 27
336 13
480 22
260 17
271 9
374 27
133 32
39 18
125 30
259 26
306 15
477 6
459 13
248 7
327 12
301 2
242 28
482 29
90 17
341 24
157 31
90 25
50 20
234 18
54 29
39 7
67 24
221 13
80 32
395 15
135 3
188 16
35 29
96 16
262 24
335 6
2 25
263 19
404 8
77 29
340 15
20 14
482 16
134 10
59 12
320 25
427 7
420 13
379 19
436 16
302 2
262 32
46 20
58 6
223 22
258 31
101 5
320 10
220 6
143 2
185 10
322 31
172 1
423 19
107 6
42 29
480 23
268 1
30 13
326 5
311 8
167 7
416 14
492 32
143 3
265 4
300 27
142 28
31 13
374 14
274 15
250 25
422 5
130 15
193 31
55 19
94 21
265 18
411 9
497 21
95 17
84 22
51 26
69 6
142 30
71 23
209 28
20 18
188 9
432 16
159 19
383 13
411 27
114 9
107 14
78 13
370 21
299 9
90 19
354 19
161 32
498 29
95 25
350 26
17 13
13 7
471 11
279 6
246 16
54 8
1 11
405 27
144 23
495 13
421 16
316 25
123 9
301 9
329 2
350 1
135 10
223 13
313 26
338 26
245 32
261 6
374 21
320 9
367 2
102 20
13 21
220 31
81 1
203 29
22 8
309 16
117 3
465 5
236 14
338 5
397 31
430 23
263 9
343 30
266 20
121 26
64 28
264 4
212 30
256 30
221 28
93 21
447 9
470 26
63 23
14 3
257 7
285 8
395 24
353 24
423 21
289 19
16 8
482 12
221 22
17 9
153 21
482 15
370 23
133 20
109 6
94 2
293 15
237 27
6 13
51 16
265 3
266 16
95 24
211 15
189 3
460 29
188 21
440 21
391 20
340 23
421 29
216 5
163 32
252 16
392 18
448 12
344 1
140 30
16 22
457 4
281 4
45 16
356 12
228 2
259 11
448 23
203 16
392 18
115 27
33 27
148 32
218 31
397 1
133 24
411 9
468 15
356 28
214 3
347 1
12 5
359 27
135 17
474 22
278 25
224 3
151 27
494 24
66 2
77 22
6 15
490 21
233 9
336 26
111 22
386 14
138 4
432 20
8 18
2 22
198 25
448 28
448 25
215 13
35 11
414 20
481 31
12 21
99 23
158 17
380 7
182 5
342 5
492 30
370 1
339 31
422 10
266 13
430 13
233 28
123 26
355 16
400 22
168 30
416 18
58 23
72 11
15 2
55 19
115 5
203 17
195 12
442 29
196 27
293 16
187 31
425 5
370 32
259 18
173 6
215 10
321 26
172 23
51 3
45 25
355 28
469 9
75 2
9 31
133 13
50 19
420 23
211 25
2 17
30 19
495 12
108 19
382 16
353 32
210 18
449 24
497 1
112 19
31 5
193 31
125 31
333 28
69 7
185 10
364 30
448 14
162 24
376 15
39 8
178 24
477 6
311 5
247 14
248 9
246 8
291 3
386 23
118 26
17 18
228 20
220 31
441 25
230 32
275 28
396 20
367 32
282 1
49 32
303 28
8 32
439 14
122 9
272 32
482 32
393 5
372 32
384 20
344 25
332 30
233 27
274 7
450 11
480 30
286 22
497 17
33 28
442 23
464 1
98 5
204 6
154 19
306 13
91 29
1 26
119 25
500 12
388 13
150 7
151 31
500 3
227 16
138 12
242 1
232 27
398 11
33 15
66 6
439 4
338 31
429 28
228 16
51 23
80 28
481 6
134 24
433 8
67 6
379 13
23 30
351 12
249 7
470 6
72 20
321 14
50 5
69 9
380 16
391 15
171 27
393 5
406 29
368 25
246 31
485 8
60 11
187 4
70 12
473 29
267 17
254 17
97 19
445 8
146 24
139 12
262 11
176 4
59 28
344 8
142 32
424 21
14 2
213 27
322 1
280 12
182 1
108 6
59 21
106 20
92 4
224 29
126 15
224 20
294 27
487 3
246 10
340 4
224 16
398 25
88 21
484 1
210 32
47 8
348 20
324 31
247 27
495 4
149 27
55 19
137 17
229 15
7 12
346 6
471 15
126 11
420 1
327 25
404 17
100 19
228 27
393 26
173 12
197 30
310 19
116 26
348 4
32 30
116 25
83 10
324 32
144 11
20 31
75 32
47 2
26 19
301 3
452 17
10 9
498 19
103 29
468 30
161 20
155 16
80 29
361 19
148 13
349 28
327 31
443 25
301 12
351 29
90 23
277 27
451 27
121 25
91 25
207 23
292 17
378 23
450 31
126 9
95 6
116 21
101 30
145 5
378 24
353 23
150 13
270 12
459 30
356 30
330 26
152 1
423 26
344 24
120 1
468 2
146 4
486 10
493 2
498 10
329 14
41 6
35 18
429 1
51 21
394 5
198 18
353 24
427 28
343 2
220 15
259 2
98 24
315 18
77 25
312 18
366 28
235 32
161 8
97 27
300 30
443 9
387 4
469 25
195 15
358 27
473 28
484 14
63 6
160 12
462 27
249 4
174 19
283 2
146 3
248 21
369 27
294 15
42 30
420 28
424 1
354 9
97 17
318 15
487 21
2 20
151 22
331 4
233 26
361 2
492 1
27 28
3 20
319 24
285 18
131 28
366 9
456 14
173 26
325 15
102 22
311 29
76 25
428 20
106 5
241 14
249 11
161 31
290 19
498 14
68 8
134 22
464 13
247 9
214 31
147 20
249 25
420 32
450 15
335 3
487 7
4 23
194 25
189 15
495 10
409 15
166 6
200 1
334 6
469 24
369 32
215 25
276 26
144 9
184 10
484 27
256 27
109 1
3 6
284 30
187 12
116 32
289 15
185 2
112 9
21 24
472 3
300 32
72 7
324 4
124 19
130 32
146 14
180 32
387 15
201 2
358 8
277 10
482 1
120 10
318 4
425 17
79 17
36 2
19 24
109 7
370 2
374 23
328 5
219 2
368 19
139 13
87 4
75 16
80 2
13 13
37 26
186 11
14 13
469 32
136 17
378 14
167 11
224 2
156 26
59 3
213 6
451 7
317 5
70 12
422 15
497 11
224 22
277 17
106 1
120 6
174 22
99 4
248 22
37 15
116 7
129 28
348 32
182 20
308 23
264 10
37 24
392 12
145 8
348 14
265 12
343 26
317 5
333 32
467 1
171 10
19 31
465 19
230 6
382 2
248 5
471 1
108 30
396 8
233 8
354 13
63 8
490 19
341 2
146 7
394 32
92 9
467 20
131 28
53 32
437 20
361 7
288 32
324 32
220 9
131 29
257 25
120 27
275 16
272 28
470 30
88 5
430 26
468 32
101 16
275 18
172 3
148 23
103 28
494 10
232 28
246 24
20 9
438 30
29 14
214 14
79 21
411 16

