128
318 30
224 11
409 9
131 21
374 15
362 26
476 12
413 11
391 19
316 10
59 22
146 25
500 29
198 11
188 13
176 30
11 7
272 15
335 18
3 25
452 16
378 20
420 30
418 2
144 17
408 18
486 29
223 21
197 4
287 21
153 2
242 27
65 25
285 23
118 11
311 10
207 32
349 22
329 26
287 13
202 2
378 16
99 8
24 23
224 3
31 28
328 28
242 12
340 30
143 30
368 17
379 2
141 3
199 13
196 14
145 5
383 23
436 13
474 24
480 9
326 14
276 29
338 25
45 29
98 11
134 30
139 32
39 11
442 22
452 29
279 16
386 17
118 21
346 4
336 1
492 5
38 16
314 23
488 10
404 30
248 13
51 14
253 25
369 14
382 16
183 16
119 12
173 5
92 30
32 12
46 19
440 11
142 17
162 10
314 21
67 13
453 1
151 13
261 19
251 7
42 5
154 32
204 22
248 15
399 11
426 16
154 10
231 31
470 28
128 20
308 14
196 16
14 26
317 7
68 23
121 13
351 2
269 10
304 16
52 10
147 18
498 24
343 20
298 20
471 30
299 30
323 7
241 25
44 9
315 12
475 11
220 25
60 4
434 3
208 26
269 14
315 6
209 5
197 26
172 7
283 31
148 2
317 16
294 4
149 24
323 23
42 7
152 13
86 17
20 29
422 28
350 20
257 14
244 25
416 16
323 30
238 2
7 18
61 24
117 9
259 4
184 16
334 15
105 19
123 12
64 9
263 25
132 7
175 20
471 14
495 29
491 16
466 10
489 14
149 21
235 16
44 22
59 1
456 27
148 2
138 3
122 12
179 6
270 1
333 16
294 27
236 25
262 9
486 10
227 2
354 13
41 22
82 16
478 5
114 9
466 16
391 16
3 6
397 13
422 13
216 20
407 8
56 16
4 13
269 6
174 22
394 31
223 19
166 1
215 23
29 29
382 20
324 1
489 32
361 30
300 8
181 18
379 28
77 31
276 25
464 22
318 22
368 25
36 1
93 31
163 1
135 29
392 6
133 12
29 9
494 16
420 26
385 31
410 1
33 29
305 32
338 6
205 5
366 29
89 22
195 28
283 21
500 10
490 20
258 30
328 31
197 11
424 13
249 13
41 5
222 5
129 27
22 25
468 8
277 4
49 15
11 19
3 22
61 28
345 18
213 4
68 5
271 7
489 23
380 29
152 29
77 32
363 11
316 22
338 13
90 14
267 24
273 30
314 29
465 22
150 18
182 29
86 8
263 7
322 22
455 25
94 4
308 9
482 16
490 31
420 23
408 22
383 12
159 28
364 12
205 21
153 10
433 18
337 20
16 15
337 27
187 27
206 31
91 11
470 32
209 9
363 20
426 5
500 17
292 7
60 16
228 24
382 12
153 10
355 1
432 8
343 31
474 24
465 4
86 10
495 10
322 25
113 15
453 28
35 28
475 26
92 30
9 5
361 26
394 8
182 6
259 20
296 16
423 32
499 12
45 21
153 26
54 17
316 10
229 7
102 15
296 17
108 17
17 20
170 2
387 3
439 9
226 10
432 32
345 10
7 17
127 31
106 12
127 18
185 27
476 26
261 23
330 20
427 30
188 16
460 2
298 6
423 7
336 2
374 24
136 16
273 10
242 18
441 29
3 9
75 26
115 32
101 12
55 23
346 26
327 9
20 24
406 6
351 29
499 4
125 18
308 29
247 1
126 15
269 17
368 20
458 26
31 26
129 5
437 14
179 23
482 26
238 4
343 12
480 5
164 20
327 3
500 17
371 30
464 32
458 23
187 23
16 5
325 20
153 1
322 7
227 23
232 4
42 30
256 26
267 31
125 25
93 29
369 3
454 8
306 7
366 20
29 13
60 13
229 1
317 2
247 3
204 7
211 18
256 22
267 6
88 23
318 20
219 7
346 12
222 24
286 12
495 15
320 3
19 24
119 8
449 9
82 17
47 16
250 19
109 12
28 24
110 22
79 21
236 1
204 9
76 18
396 2
156 12
476 26
467 6
361 28
163 11
420 29
86 13
67 31
388 7
94 25
292 1
177 23
449 13
335 24
370 19
297 29
298 29
50 32
70 23
31 16
205 6
145 26
322 27
188 9
9 14
58 28
158 14
30 14
466 17
333 23
447 29
63 32
253 9
359 27
375 26
406 31
191 22
72 17
465 16
425 17
245 26
477 10
68 30
211 1
370 27
72 16
375 10
411 16
450 14
302 16
159 19
106 5
313 6
65 25
141 14
453 17
323 21
490 14
435 16
127 32
446 6
472 32
35 30
299 1
3 24
160 17
363 30
362 19
295 10
155 23
267 19
23 30
36 32
183 26
63 25
477 24
62 8
179 13
34 6
433 16
281 28
49 7
61 22
317 27
391 3
493 22
430 23
451 29
378 29
138 4
146 14
299 19
118 18
155 27
159 11
390 19
235 10
82 31
51 18
354 30
73 10
451 10
213 5
318 22
385 27
234 22
124 20
89 29
213 7
95 27
34 1
162 24
274 7
414 9
344 15
118 12
317 24
269 25
172 26
322 28
96 7
290 28
291 26
312 31
472 15
226 17
391 7
124 24
333 30
192 4
8 5
296 4
80 4
56 23
354 10
11 17
136 4
168 10
29 4
429 28
238 2
209 32
244 20
495 20
73 23
103 29
199 6
108 23
314 28
233 7
245 31
467 20
394 3
158 30
318 6
126 23
443 6
386 14
17 12
465 10
270 23
374 29
317 5
451 6
348 31
148 4
278 2
324 31
452 21
297 9
270 22
27 32
459 20
101 19
496 13
268 1
131 1
437 31
326 15
280 5
70 15
117 11
245 32
73 20
124 5
317 13
494 27
456 20
107 24
279 14
120 2
70 6
39 11
401 8
245 8
36 6
311 20
364 7
295 25
454 6
9 22
310 23
465 29
306 31
320 16
24 23
482 25
393 20
451 1
87 28
324 6
361 30
478 17
392 12
365 30
42 5
467 3
227 3
468 5
1 19
320 12
282 5
321 6
24 7
318 18
170 13
84 3
479 17
459 14
36 27
419 13
47 30
280 26
316 15
10 1
89 17
396 10
334 16
43 13
191 20
171 24
205 22
242 11
18 12
256 1
226 3
130 5
412 29
250 31
211 27
247 11
291 11
21 32
62 3
185 16
127 11
112 23
312 1
365 5
257 24
233 18
146 18
106 25
474 19
136 24
317 22
335 24
228 23
435 26
121 3
41 15
325 16
429 12
209 5
316 29
265 21
298 22
262 4
467 20
462 6
123 3
187 13
90 27
163 16
56 28
495 28
382 31
452 15
11 28
455 26
328 15
226 5
481 20
232 19
427 30
252 17
176 18
358 25
204 32
492 31
155 26
207 5
361 6
51 3
21 5
196 24
428 10
176 24
261 4
58 3
157 1
87 32
450 16
300 30
316 31
116 10
129 22
210 17
183 32
359 27
469 14
254 24
327 14
155 19
393 24
477 17
224 8
232 9
7 7
382 6
321 2
144 29
23 29
437 18
317 31
112 1
201 30
180 3
499 6
318 27
249 10
291 20
357 26
200 8
52 2
389 4
431 28
173 25
89 13
10 21
256 22
41 24
191 12
334 29
257 15
283 13
297 1
180 9
446 27
368 25
460 29
220 30
492 28
47 16
353 32
336 20
381 24
415 7
447 4
463 19
103 25
59 11
169 30
403 18
469 3
110 20
231 6
22 22
73 8
302 9
475 9
384 28
365 6
130 3
250 5
218 28
337 20
102 22
218 24
119 10
478 17
465 24
262 14
430 22
257 19
463 28
71 26
291 27
348 24
450 9
364 19
4 25
146 9
58 23
460 20
400 26
460 29
497 25
54 30
259 31
8 13
246 11
270 16
365 5
159 2
269 3
184 16
75 26
228 8
396 24
363 16
329 31
364 1
395 21
251 5
283 14
77 12
188 23
267 29
167 2
70 8
448 18
59 30
287 15
357 26
178 31
33 22
393 20
182 20
17 20
292 27
394 9
179 25
67 1
337 25
370 19
168 5
12 23
42 14
365 6
183 10
469 16
399 1
463 20
500 11
364 12
482 9
12 12
189 18
456 22
310 14
284 10
198 11
56 20
296 4
489 30
313 29
397 11
170 16
290 17
42 5
312 31
113 15
386 14
400 22
179 10
223 10
391 20
108 18
11 11
217 32
84 1
160 21
443 25
44 8
202 29
89 5
312 25
188 5
354 19
94 8
500 28
345 14
88 4
39 22
58 19
449 22
487 17
326 29
141 13
13 18
305 17
207 4
153 10
17 15
332 2
242 24
278 7
425 13
242 4
314 24
422 23
497 9
223 22
189 15
190 9
57 10
153 23
462 2
156 22
16 27
439 5
374 20
195 23
432 21
466 2
292 15
360 24
147 30
109 28
296 14
388 12
143 29
466 4
50 1
285 13
164 16
25 13
291 28
39 3
360 28
320 27
243 27
438 1
112 30
224 3
47 32
463 1
356 16
349 25
253 29
173 12
60 21
304 15
268 27
277 31
50 20
129 32
274 10
33 5
315 28
495 17
71 21
254 22
237 22
182 21
86 18
404 30
403 23
200 22
253 28
149 7
423 13
446 28
195 6
284 29
86 6
222 28
235 31
434 31
428 31

