128
499 24
93 21
78 27
111 14
273 17
252 10
352 12
122 7
388 17
210 4
433 12
401 22
357 26
26 11
467 2
347 10
405 31
86 19
481 8
224 22
24 7
379 19
307 9
117 30
337 7
41 30
462 9
87 6
166 4
272 9
202 30
302 30
261 15
440 21
139 16
346 14
342 9
389 8
77 25
193 9
35 6
386 17
26 24
314 16
436 6
28 1
259 9
446 31
271 14
112 13
253 29
423 18
385 27
94 21
167 30
78 18
371 3
50 17
139 23
292 22
4 23
266 31
351 19
133 21
448 16
382 28
405 28
146 17
466 7
454 8
228 3
37 7
197 26
199 31
5 22
112 12
12 9
122 10
440 7
334 27
350 31
143 2
370 4
247 15
230 24
171 13
230 15
259 30
349 9
465 25
150 16
212 9
157 14
226 20
440 16
186 9
478 4
247 8
319 29
34 16
192 12
209 13
467 15
402 3
276 6
19 21
294 30
290 14
267 15
397 30
130 14
347 12
114 17
307 24
437 8
184 32
248 4
104 14
358 21
28 9
223 10
262 16
479 27
317 18
121 29
303 7
350 21
358 27
445 4
99 17
355 26
212 30
25 27
167 14
172 26
219 10
443 20
113 10
234 21
371 22
345 9
456 26
26 13
361 2
328 7
55 27
444 2
136 28
285 3
201 12
200 31
53 31
250 13
268 31
297 2
41 17
14 16
186 7
161 30
213 12
60 27
22 3
236 30
322 24
164 7
179 27
293 23
357 23
99 32
229 3
465 9
387 11
265 29
369 21
174 25
264 30
51 6
236 15
499 30
158 2
432 9
228 8
123 21
470 2
412 19
468 21
467 23
355 19
131 15
359 12
8 7
389 26
112 9
196 14
34 14
475 9
394 10
40 20
490 14
441 18
60 25
130 26
467 4
313 1
58 19
104 25
497 21
475 4
469 26
421 2
227 31
170 28
301 25
340 6
422 4
395 5
392 28
211 10
7 11
158 17
45 22
185 22
458 27
353 6
33 10
131 27
372 16
83 16
212 6
166 14
405 12
318 5
436 16
358 6
402 24
62 23
333 31
192 22
257 4
419 13
169 1
252 21
52 30
416 23
459 25
248 11
493 22
363 12
445 29
73 31
88 7
497 32
233 32
61 29
83 15
130 16
379 17
144 30
418 7
44 16
492 24
90 4
209 9
115 17
173 31
203 24
173 3
383 9
90 11
246 5
125 15
128 7
459 23
136 12
33 23
103 28
174 20
211 26
496 13
239 32
216 25
131 16
344 13
497 29
159 30
457 15
172 20
489 10
206 24
209 7
155 15
466 28
354 1
414 30
205 32
369 24
296 20
12 19
216 32
72 23
305 16
213 8
464 26
457 13
325 5
111 31
327 21
11 20
457 16
381 1
279 14
433 6
101 32
65 32
7 8
246 27
367 27
138 26
12 18
55 4
462 25
19 8
445 29
319 1
156 12
414 26
301 26
211 25
345 23
272 23
114 14
13 21
328 18
14 27
95 20
26 24
289 32
47 25
128 25
486 7
416 27
420 28
448 31
320 12
257 12
494 19
461 18
55 32
7 20
478 5
340 23
360 20
251 26
212 18
122 5
13 22
299 24
457 18
414 5
389 11
368 30
393 8
239 3
115 17
366 32
197 29
298 16
184 12
313 28
278 27
296 22
324 31
73 32
44 3
408 13
9 19
166 9
102 25
51 32
1 32
363 30
325 21
105 12
208 22
107 29
204 7
126 31
201 31
10 20
37 2
380 13
44 10
149 14
154 31
65 10
466 12
203 26
88 20
2 31
77 12
484 24
214 13
10 22
159 19
362 11
288 9
443 8
138 11
329 19
493 1
297 7
24 3
452 11
10 5
462 30
265 5
217 2
405 10
96 28
449 1
462 16
49 29
419 27
199 11
329 16
344 9
354 23
328 21
182 1
110 11
275 10
87 19
203 31
421 2
258 25
106 32
456 11
476 31
193 2
473 17
217 20
202 6
35 5
227 12
217 20
210 3
413 4
186 7
490 18
265 28
178 10
467 17
376 22
359 24
319 24
293 8
351 2
309 21
374 7
304 10
74 21
285 22
160 2
453 26
131 5
397 28
438 15
292 2
360 27
233 26
186 1
417 28
370 14
125 7
464 16
37 14
145 29
23 28
346 31
305 16
43 9
135 17
267 22
146 26
280 10
156 1
107 20
57 12
149 13
423 21
312 3
2 32
335 4
112 28
203 16
7 5
469 21
77 15
418 6
65 26
304 28
366 26
495 22
441 16
454 23
460 30
25 5
73 23
188 24
242 10
452 28
487 32
240 3
358 26
489 22
59 24
197 12
257 32
50 21
39 3
412 18
472 4
310 29
351 29
432 12
239 27
340 21
154 23
139 8
88 31
489 2
474 14
274 6
81 15
279 27
29 6
468 17
329 1
249 3
125 32
123 3
415 22
87 20
392 14
135 28
408 24
329 2
161 10
463 17
480 1
211 9
134 22
361 15
306 5
493 18
140 31
145 30
428 11
474 32
12 12
3 4
83 23
153 7
489 11
335 24
208 1
476 17
426 24
155 11
148 16
365 32
466 17
193 2
443 14
417 19
274 27
226 28
453 26
303 17
344 25
409 15
386 8
96 15
424 30
394 27
101 22
210 27
470 23
164 32
420 28
218 29
350 7
253 6
24 27
243 4
43 31
122 12
238 17
91 5
467 20
436 27
445 25
485 14
251 16
177 19
79 31
215 32
41 7
82 5
373 28
284 20
326 25
47 31
474 25
428 24
176 3
210 20
359 7
237 10
46 14
280 1
12 10
404 16
165 5
320 17
160 27
156 25
212 3
252 29
43 27
476 7
393 5
42 23
83 27
212 1
396 27
105 19
189 32
14 21
197 22
93 4
140 9
45 3
7 20
387 5
178 18
471 10
399 5
172 1
495 32
461 6
226 1
500 30
425 25
322 5
198 23
328 30
367 4
40 9
371 31
273 4
140 24
469 6
460 13
223 26
376 7
47 5
100 22
219 8
410 20
496 28
306 19
149 8
399 24
248 13
318 29
169 6
116 29
199 15
129 17
232 20
456 6
457 31
323 27
430 8
66 17
395 24
451 27
99 25
287 15
470 8
219 22
413 30
478 24
112 27
236 19
462 31
120 6
449 18
296 2
229 14
6 28
437 21
370 3
157 8
233 18
112 27
319 28
136 25
339 3
107 27
441 32
117 12
190 22
353 5
295 22
198 9
409 22
109 6
373 9
138 9
95 29
56 1
476 27
61 11
290 11
241 18
87 29
142 16
126 26
112 9
279 6
73 31
147 13
169 19
149 18
124 15
406 31
8 5
73 8
47 22
87 19
444 29
200 5
152 1
430 31
97 13
424 25
247 31
53 15
89 26
220 12
296 13
94 23
210 3
75 32
380 17
247 31
389 2
259 24
122 1
154 11
249 26
91 23
500 8
410 8
49 5
4 8
310 29
351 3
467 29
126 23
289 20
373 25
21 24
68 23
172 5
213 4
150 3
266 21
150 31
441 10
360 16
42 21
244 16
187 11
20 24
113 24
388 21
336 32
320 31
402 3
327 22
114 1
269 32
477 2
110 17
116 1
212 29
489 12
104 11
370 23
191 22
282 14
170 29
337 22
371 3
332 29
204 30
25 16
29 18
242 26
270 29
459 2
69 15
141 4
474 2
146 28
343 7
445 32
43 21
353 29
371 13
313 15
334 22
398 6
43 15
203 8
51 25
497 3
312 21
142 1
498 31
152 12
213 4
56 7
376 32
223 15
296 28
173 21
429 26
194 23
413 25
486 19
409 7
434 24
119 27
208 17
214 19
160 30
454 7
237 14
327 7
280 18
198 24
103 18
373 32
448 25
44 6
100 9
268 1
376 6
311 24
206 20
294 18
154 32
284 22
281 30
52 8
84 30
215 22
79 15
185 23
76 13
164 19
385 7
411 20
20 13
195 2
97 21
295 18
88 10
195 32
40 2
131 23
199 5
12 14
135 32
8 26
276 31
88 32
305 30
124 16
423 30
401 11
158 3
472 5
477 2
316 20
263 10
342 2
494 21
443 1
252 18
42 32
176 6
39 20
331 18
155 13
184 20
475 1
454 18
290 2
463 9
297 22
255 30
391 32
194 5
432 6
486 26
325 5
307 3
492 1
229 26
94 4
405 4
456 3
14 9
492 8
54 25
405 4
130 19
259 8
331 3
473 12
16 17
328 26
363 7
310 7
169 7
354 13
323 14
487 32
406 19
15 7
119 4
118 32
418 13
275 13
419 19
416 10
395 8
459 22
118 28
52 14
375 6
415 13
67 9
236 8
231 18
283 5
373 24
301 11
480 11
391 18
26 14
35 32
105 29
381 3
465 17
360 27
190 10
387 8
27 18
431 13
223 29
458 24
169 22
90 24
36 24
250 29
341 4
185 26
481 17
20 25
201 11
283 22
357 25
201 7
494 12
491 12
48 4
15 28
57 4
216 25
139 29
357 32
100 17
277 32
162 20
376 2
230 10
456 18
30 20
320 11
139 11
91 7
462 25
254 7
413 21
167 23
285 19
382 17
416 14
316 5
157 8
290 31
201 29
324 19
253 8
105 15
10 19
429 31
4 23

