128
230 1
151 24
365 6
152 22
34 4
147 1
224 7
19 23
364 10
232 31
245 29
333 18
296 25
12 13
82 11
338 27
327 12
175 7
337 10
472 2
109 14
366 9
89 8
239 12
65 3
210 25
207 3
155 2
483 22
230 16
452 3
79 10
406 29
469 30
430 12
316 18
114 1
222 14
65 25
5 25
431 3
142 25
109 28
194 31
313 7
359 16
341 25
41 22
393 9
191 26
5 18
359 14
39 5
171 27
245 19
435 23
93 4
367 25
223 8
144 15
482 6
150 22
142 23
271 18
403 29
207 19
171 21
228 1
201 26
163 21
277 13
471 1
377 25
422 15
248 17
486 13
270 27
254 19
325 12
148 16
189 14
338 23
122 2
419 27
167 17
267 7
29 26
16 13
278 1
356 18
353 25
458 6
475 32
236 4
439 27
83 19
88 20
337 9
189 31
31 16
187 18
2 12
239 29
324 28
305 19
393 13
371 11
278 30
414 9
349 20
247 19
331 10
54 15
43 27
422 21
302 28
74 31
175 16
172 31
180 24
29 24
133 28
274 22
449 11
127 25
391 1
431 5
59 16
387 29
78 32
377 19
120 23
34 2
262 13
496 17
32 17
217 8
128 10
278 4
29 28
76 19
480 6
491 6
341 9
490 31
241 19
1 4
317 2
209 14
90 5
223 18
433 7
489 32
132 22
339 4
373 30
282 13
123 12
242 23
205 20
85 29
98 6
8 14
471 4
47 21
272 25
386 28
411 30
467 15
344 29
54 4
70 8
272 28
163 2
359 7
97 7
163 26
380 2
163 19
90 1
115 13
330 12
269 24
77 3
134 28
244 24
192 25
79 15
209 17
180 7
460 4
361 26
25 25
496 3
443 1
248 17
1 29
260 21
20 4
208 26
312 23
397 31
115 15
169 3
67 29
241 22
180 22
352 29
342 11
95 24
135 2
396 23
474 3
256 18
194 3
351 5
265 27
359 7
425 16
54 7
432 18
221 11
247 12
167 20
122 6
427 32
307 18
94 5
328 1
126 26
15 32
378 27
426 1
10 2
320 11
192 27
60 4
213 3
335 12
98 4
345 1
415 23
198 25
283 6
209 16
47 28
87 28
206 8
364 23
361 11
481 17
285 29
168 10
51 3
229 20
162 5
376 9
75 6
437 22
99 25
469 9
72 20
272 10
67 32
344 4
170 1
36 15
69 7
452 27
57 12
470 15
104 2
147 10
419 23
239 17
431 4
13 3
115 28
280 17
271 11
164 5
299 7
247 7
254 10
189 22
81 15
232 4
4 26
213 22
312 12
290 31
363 30
97 5
289 12
361 20
202 9
352 1
75 10
71 28
499 8
490 7
418 21
114 5
451 22
194 30
333 31
356 15
488 28
23 20
383 8
187 29
260 30
289 30
339 3
14 25
470 11
119 31
75 8
363 13
262 28
139 30
242 6
141 21
150 31
357 8
250 15
468 21
285 32
47 19
319 12
164 12
414 10
379 20
218 13
365 15
149 11
276 2
200 24
323 17
135 31
85 28
73 28
245 25
12 3
184 30
54 23
469 3
332 19
158 17
440 22
231 8
228 11
181 16
126 31
332 24
33 24
496 10
172 4
166 15
234 13
364 19
47 20
457 3
383 10
131 6
192 18
113 31
220 21
50 29
500 14
309 16
149 8
341 24
99 27
354 16
207 17
322 10
401 22
336 11
447 30
308 30
179 28
409 10
268 10
447 3
339 27
3 28
114 11
11 12
53 25
395 12
433 28
217 13
197 32
319 15
17 6
281 12
249 9
445 17
146 27
135 9
201 5
28 22
332 22
377 20
402 27
495 23
338 19
371 6
262 26
177 15
19 1
178 32
497 14
136 26
69 2
182 29
259 5
287 22
99 19
325 8
286 8
38 3
382 1
9 12
154 29
478 24
345 19
291 5
480 6
38 8
400 32
21 14
132 23
451 30
469 11
82 22
150 3
229 12
231 1
379 28
477 16
408 25
66 10
365 1
328 26
297 23
325 13
88 29
123 6
38 11
16 31
49 2
442 25
401 4
217 3
408 21
338 19
365 19
216 9
299 11
186 27
325 27
263 4
319 9
153 16
180 25
179 20
38 16
356 6
143 4
68 18
468 25
68 4
159 32
264 29
30 13
256 11
163 30
118 29
107 23
41 26
143 27
13 8
190 24
117 28
495 20
234 18
292 17
145 22
84 32
110 26
60 9
320 19
87 17
55 13
59 27
330 21
165 18
232 30
413 8
38 3
383 7
368 6
71 8
327 7
123 13
324 18
5 3
108 27
431 19
487 26
109 12
42 2
157 10
331 5
473 24
327 12
490 26
233 21
261 12
419 7
348 26
269 12
236 28
147 14
390 13
359 27
449 21
476 21
26 26
378 14
26 32
57 15
454 10
427 26
349 29
449 12
438 25
399 17
444 29
43 2
178 5
184 2
153 23
434 22
316 15
28 1
219 28
356 8
373 18
237 25
479 1
120 4
253 27
145 13
415 19
382 32
439 9
421 16
223 23
269 14
17 8
379 19
232 30
110 8
367 27
29 29
383 4
317 20
18 21
388 21
147 13
376 29
333 21
28 19
3 17
444 15
296 14
106 27
259 27
335 26
413 3
26 16
214 22
487 4
302 2
16 16
142 11
385 2
39 24
232 9
412 19
412 32
201 25
438 11
83 28
140 8
338 26
495 4
7 25
135 25
354 30
108 7
392 20
172 7
108 27
175 19
429 6
78 13
454 12
292 17
139 27
236 5
448 14
380 3
210 14
115 31
15 2
113 18
418 12
392 1
38 7
395 18
4 5
447 10
340 22
198 22
372 17
454 4
14 1
126 3
50 32
489 24
165 5
174 22
236 1
310 21
483 9
90 19
381 4
296 28
477 21
49 9
277 11
20 2
39 17
216 25
236 4
4 16
156 25
186 23
242 27
15 32
255 16
62 15
492 13
206 12
53 27
168 5
109 31
322 15
183 9
87 30
92 23
170 19
119 19
341 8
405 19
288 16
163 25
146 22
58 8
325 6
310 21
143 6
31 16
268 2
1 27
483 4
297 12
43 31
62 31
127 11
442 14
478 20
114 23
461 11
30 9
485 31
481 27
312 16
442 24
77 2
138 15
238 2
267 28
200 24
14 6
146 11
443 27
410 25
450 6
431 15
7 19
22 11
393 17
350 23
264 10
128 25
189 29
186 19
496 26
134 18
267 12
464 18
254 26
322 23
243 12
238 13
371 19
88 11
443 17
449 11
215 25
311 19
145 29
209 13
438 14
150 20
473 25
117 31
190 14
485 17
42 26
33 24
332 20
26 15
57 3
37 31
255 27
25 15
399 21
39 12
278 24
392 27
5 4
33 2
298 13
478 11
91 15
102 18
334 3
252 6
453 24
364 31
339 20
106 9
324 8
425 10
36 20
56 16
27 28
437 8
456 3
218 14
129 19
172 18
298 31
408 26
63 27
161 9
363 6
341 22
113 5
491 12
284 2
391 15
485 12
338 5
94 8
190 30
226 17
387 15
136 6
477 6
417 1
154 15
106 30
168 18
111 3
70 26
408 24
56 1
139 30
389 16
301 22
157 30
291 28
253 22
41 21
327 1
69 8
291 26
325 19
243 7
321 8
329 24
124 8
176 2
481 28
198 9
494 30
11 24
101 19
61 26
195 7
154 27
70 9
140 18
255 30
329 15
46 25
358 5
96 30
134 5
449 23
61 10
37 19
429 13
37 13
482 11
431 32
49 32
80 24
394 2
422 10
260 27
434 21
191 1
2 4
457 11
7 18
448 15
440 21
31 9
69 1
263 20
148 24
499 7
351 4
412 4
317 23
442 14
491 28
279 29
308 19
147 26
104 26
356 8
322 2
76 15
398 2
390 1
1 20
123 8
484 14
475 4
56 9
402 15
400 32
391 3
118 17
372 22
482 3
469 24
465 12
46 6
233 7
111 6
26 13
437 17
119 23
309 30
31 6
424 3
241 22
341 22
202 1
431 16
143 7
191 7
294 12
25 31
374 19
464 11
71 16
408 25
14 16
67 5
277 2
179 25
8 11
226 29
435 25
96 14
407 18
388 17
225 32
431 14
250 18
349 17
497 20
361 6
323 31
258 23
121 16
467 24
159 28
188 5
200 32
374 19
125 6
159 14
229 17
151 23
482 19
299 2
106 15
339 8
290 17
230 14
384 12
389 26
92 24
339 27
415 16
397 8
29 15
241 26
495 15
236 32
242 22
305 7
396 8
479 17
444 12
446 23
256 2
221 31
466 15
137 16
474 6
271 19
292 11
260 19
106 27
466 27
380 19
45 19
118 15
312 17
83 1
239 18
147 23
36 28
221 8
343 3
409 2
49 1
328 32
191 5
154 4
131 9
278 32
11 15
50 30
159 8
283 6
321 1
60 8
392 1
380 6
327 28
51 23
192 19
34 14
15 15
242 22
71 7
173 17
118 2
255 20
354 13
25 2
317 21
382 8
217 25
145 23
400 20
417 16
278 2
29 28
488 14
289 6
141 5
342 10
35 4
385 16
336 22
265 28
346 26
63 30
258 16
456 6
107 32
453 8
173 17
379 16
103 20
421 19
480 10
204 30
62 24

