128
260 26
486 14
477 16
220 24
408 3
343 32
20 22
261 1
155 32
44 32
265 29
161 25
356 1
427 16
369 31
289 21
484 2
466 8
278 5
383 29
184 5
457 15
235 1
195 21
221 14
349 13
295 17
101 18
441 11
373 18
93 13
290 32
286 7
387 31
439 5
100 18
198 24
177 4
124 15
376 24
461 12
384 7
232 8
256 13
215 24
334 27
492 3
235 17
377 1
192 19
94 11
141 15
50 5
426 25
39 9
221 15
377 20
309 16
440 12
132 14
395 25
312 6
439 2
163 3
167 6
482 8
496 26
254 17
142 7
421 16
331 25
235 3
97 19
19 8
459 14
41 1
467 28
239 1
398 29
72 32
458 25
27 17
378 28
201 15
310 9
50 16
114 28
403 14
327 5
97 13
70 9
489 24
340 19
293 1
331 28
356 16
120 6
92 5
365 32
15 2
265 16
18 10
200 4
439 26
192 11
14 25
375 18
1 22
81 9
155 19
360 22
51 23
244 2
327 28
138 13
486 10
108 15
131 7
274 9
36 25
307 5
429 5
403 1
246 27
425 16
97 12
262 15
114 1
493 28
316 18
132 25
235 4
155 13
398 24
137 10
96 7
334 1
475 4
305 4
274 10
472 11
365 25
221 23
441 9
418 20
46 26
261 20
141 19
348 6
47 20
323 26
278 29
370 4
96 27
324 30
108 27
92 24
231 32
450 11
81 32
130 2
121 10
110 21
157 21
150 7
441 9
48 2
481 26
322 4
444 13
149 23
143 8
374 25
256 28
395 16
395 32
313 19
266 6
479 6
379 32
476 3
100 11
240 12
292 9
360 23
57 16
489 27
100 27
423 31
38 21
42 16
45 30
2 30
128 8
83 30
107 14
28 15
284 3
490 28
180 9
366 32
357 31
287 16
217 13
14 14
378 27
241 22
260 30
231 27
73 21
96 11
426 23
237 25
94 19
340 5
427 6
8 19
60 30
442 28
3 15
233 12
361 5
153 1
418 19
211 6
399 19
168 8
133 9
236 2
335 20
498 21
281 10
396 28
3 9
319 17
144 31
88 32
227 28
476 4
474 27
485 20
345 24
251 21
260 27
55 26
266 28
355 6
261 22
89 12
290 23
472 21
161 24
289 23
151 20
234 1
302 2
200 26
221 15
327 25
289 5
426 22
136 32
451 5
233 27
364 19
297 11
159 5
246 27
195 21
63 20
373 28
497 8
66 13
22 4
49 30
476 23
67 7
106 13
211 11
407 26
213 23
409 3
363 6
170 21
402 12
336 14
151 28
346 28
401 11
459 13
233 6
423 27
397 25
168 23
219 14
33 31
129 21
5 31
298 30
252 20
109 27
325 16
123 22
327 31
241 10
323 9
423 14
123 27
478 10
278 8
216 2
182 28
454 6
38 15
212 13
450 12
228 3
283 30
296 6
224 24
99 6
212 29
495 3
192 24
476 9
19 3
482 4
238 31
238 24
185 13
416 15
324 11
113 19
344 8
420 3
148 6
465 31
390 27
45 25
283 13
253 17
415 10
205 13
20 30
280 21
94 7
43 1
338 19
227 25
414 10
100 25
15 4
272 17
226 24
337 16
40 10
13 19
27 21
311 27
362 2
103 27
284 17
75 25
299 14
358 28
447 13
125 6
224 12
218 13
63 30
309 7
347 29
261 26
241 23
272 2
12 2
408 31
370 22
472 20
283 9
83 26
137 3
43 4
454 20
160 17
17 12
175 24
492 15
89 24
209 4
185 28
85 20
218 22
426 17
325 12
369 23
289 13
318 3
216 7
294 32
491 7
399 13
174 19
155 14
326 31
473 3
286 21
454 20
362 31
396 18
439 29
444 15
121 1
410 25
384 7
268 30
13 2
95 10
408 5
151 30
464 7
96 29
31 21
456 4
132 20
77 30
468 29
148 24
133 29
480 4
112 7
446 16
413 12
366 28
288 16
405 19
139 24
204 17
253 31
413 32
10 9
453 1
213 8
269 2
9 8
417 8
347 6
447 23
401 16
282 1
180 11
495 22
38 2
190 14
209 26
25 18
295 9
399 7
429 11
56 21
118 13
260 32
186 18
426 3
222 8
331 1
246 21
70 19
375 27
425 23
213 13
152 23
278 26
365 6
420 5
346 22
97 21
205 2
14 11
72 7
190 6
135 3
79 28
69 17
167 21
35 11
146 14
237 23
236 29
332 11
373 21
44 17
133 21
103 14
83 22
85 16
428 27
58 22
127 6
458 13
323 12
23 28
29 23
242 32
359 13
123 20
101 10
404 9
118 22
434 28
384 10
323 7
89 28
20 27
210 1
359 28
172 29
203 4
139 8
168 5
220 14
432 20
307 28
108 21
45 17
476 28
59 27
442 31
30 29
213 23
141 31
122 8
303 8
216 13
471 15
141 2
172 9
213 18
260 16
106 20
213 22
436 27
380 17
121 5
42 17
500 10
107 13
50 9
149 29
201 3
147 5
13 6
265 25
351 16
249 29
32 9
38 19
83 1
47 27
177 16
239 32
326 25
1 11
253 1
491 21
471 17
145 7
158 6
412 12
285 8
464 24
472 25
486 18
121 13
460 30
176 22
29 21
394 9
227 14
29 5
302 12
57 26
186 10
207 17
74 20
460 29
11 7
94 21
188 14
381 3
215 28
48 8
409 5
124 15
290 25
56 19
356 8
389 21
30 11
490 7
290 29
195 9
232 24
297 27
206 29
418 16
436 21
15 8
258 7
183 11
495 10
490 2
405 10
390 2
176 27
240 18
180 11
266 27
74 22
33 7
442 18
51 9
119 13
73 32
407 7
274 17
48 7
250 32
344 8
238 4
222 9
337 25
263 14
367 21
367 8
467 20
201 17
388 31
286 12
46 16
270 8
445 1
138 18
473 30
37 2
353 27
38 21
215 29
494 6
341 4
333 11
371 5
176 18
204 25
70 1
4 15
124 8
360 22
346 16
95 18
41 19
196 26
339 31
82 8
344 6
43 16
81 1
412 12
22 23
420 15
420 11
486 31
75 13
156 12
176 6
357 12
48 9
497 30
315 27
69 10
204 15
37 16
227 12
243 1
267 30
43 26
289 12
80 27
372 12
486 19
337 2
466 9
246 3
122 16
97 11
421 28
5 17
436 8
109 6
332 31
192 22
412 12
254 15
46 25
430 11
376 11
76 9
3 22
7 24
233 7
370 30
255 27
462 14
106 10
71 9
296 22
162 31
445 31
402 6
244 7
224 3
449 28
163 3
325 22
131 21
476 28
62 30
374 32
123 23
445 30
119 17
307 29
151 20
47 28
445 18
235 9
112 19
172 31
338 20
296 16
256 15
319 26
353 1
193 23
227 1
20 22
229 7
126 32
282 12
283 18
166 29
98 17
404 29
403 5
468 2
264 24
173 30
393 29
478 9
203 21
73 7
402 26
401 27
33 6
402 19
259 3
388 17
196 31
477 2
235 29
148 22
20 20
431 4
48 17
348 2
169 20
324 14
73 20
448 5
257 13
476 16
120 7
372 3
5 12
264 7
496 7
88 27
434 14
278 9
482 9
435 2
397 18
219 9
482 22
278 30
71 5
105 18
115 12
356 15
28 23
209 31
86 16
390 23
17 23
204 27
496 10
148 28
395 11
212 32
88 17
318 2
93 10
199 31
102 6
177 13
229 1
3 26
32 4
184 13
263 15
47 26
376 2
1 19
116 24
202 12
405 15
213 29
145 32
56 14
169 8
374 1
469 4
62 24
472 10
400 2
336 10
195 16
344 15
186 23
110 19
14 14
258 15
11 26
342 6
147 18
149 32
111 21
99 12
321 10
269 16
155 13
18 5
168 5
247 29
171 25
91 29
370 16
115 16
101 24
1 15
169 2
470 27
470 17
303 2
490 27
10 5
379 11
197 2
239 28
102 9
300 13
149 25
392 15
105 5
70 29
91 15
106 1
369 20
481 15
365 10
298 6
318 16
252 23
426 30
458 15
455 5
423 11
129 23
218 5
159 31
190 13
377 31
13 22
370 29
472 7
167 13
460 20
149 28
350 14
405 27
304 31
267 23
314 28
393 3
480 7
169 1
355 14
168 32
347 17
64 6
475 2
439 3
66 15
350 31
364 22
74 23
465 24
245 30
87 25
12 19
391 32
439 18
281 18
465 15
495 12
297 25
110 7
255 3
25 24
89 16
210 26
406 2
354 19
7 4
491 30
358 10
401 9
331 10
254 11
308 28
26 12
421 3
42 15
309 6
483 6
157 20
263 27
421 16
417 19
56 23
296 9
344 12
61 26
377 11
172 13
118 26
492 26
184 10
417 1
303 15
94 4
294 4
374 22
324 10
492 7
400 23
495 32
334 32
269 23
74 29
99 15
490 26
81 17
327 17
369 18
99 22
89 32
170 18
457 13
455 28
75 26
86 1
449 19
476 18
333 9
10 11
92 3
225 32
375 7
372 4
180 14
205 12
213 18
433 1
70 23
468 16
445 13
65 9
175 16
462 8
441 7
142 16
173 22
407 28
417 30
291 20
99 23
68 23
425 28
331 6
443 18
342 3
202 6
279 28
297 5
87 13
415 21
472 20
446 10
135 6
359 13
162 17
123 25
471 11

