128
362 28
402 13
420 7
292 32
298 6
394 19
349 25
482 12
84 10
202 4
116 28
139 5
389 13
372 2
121 23
242 14
398 12
459 5
462 6
128 28
267 17
174 32
25 27
59 32
184 20
200 31
143 14
99 23
438 31
48 26
165 14
244 7
433 2
83 10
155 15
357 18
435 19
241 8
389 27
123 17
410 10
223 29
363 18
287 16
496 11
210 4
476 17
426 16
358 21
5 24
423 30
285 1
448 25
20 28
175 15
260 1
168 27
341 15
8 15
182 27
165 7
366 16
399 8
399 8
4 24
268 30
321 8
486 4
429 6
455 19
500 11
39 11
401 15
49 16
210 23
466 22
177 7
366 20
326 4
331 9
223 26
458 15
354 4
310 2
153 17
88 28
183 7
170 31
357 31
194 18
5 23
144 17
193 13
108 11
476 31
51 11
240 25
241 25
156 11
430 4
19 14
311 21
144 4
487 8
402 32
270 22
42 1
439 18
125 10
104 28
188 15
150 32
367 31
76 2
145 18
329 3
23 3
67 18
322 9
369 8
84 18
481 29
254 3
210 30
169 10
330 20
172 31
487 30
73 11
411 5
68 3
83 26
81 29
107 10
201 3
477 12
169 14
260 6
432 22
4 28
135 29
308 22
163 2
47 24
356 17
304 7
251 3
216 23
35 10
84 4
1 17
371 1
74 23
294 13
100 9
105 10
481 24
243 32
409 17
231 5
449 18
391 19
272 11
381 19
280 8
246 32
228 4
152 21
246 6
158 5
446 10
282 19
377 12
274 25
16 8
253 28
241 8
162 13
102 22
23 5
210 20
365 21
383 4
442 17
165 11
177 23
64 3
241 20
186 26
428 10
221 9
17 25
176 19
325 1
424 3
361 5
466 9
274 13
445 3
181 21
17 17
275 32
19 19
75 1
380 30
110 12
386 14
265 21
360 9
41 8
140 26
472 1
330 5
305 14
163 9
87 19
46 13
314 12
376 4
472 11
242 21
411 7
263 27
392 2
467 16
109 14
37 21
63 11
177 27
492 32
56 26
222 29
439 4
16 6
423 20
124 8
272 6
143 10
60 10
8 3
317 20
484 2
48 30
72 1
265 3
416 28
141 17
124 3
24 31
96 27
478 23
314 26
105 16
487 28
193 14
394 18
462 14
67 9
423 30
85 3
200 8
62 28
341 21
270 12
324 5
14 5
288 8
254 24
487 1
259 16
86 17
41 15
30 19
260 8
96 32
195 15
48 8
339 32
441 8
103 16
177 17
268 8
444 18
207 14
466 17
461 31
117 29
154 30
311 5
450 30
108 16
405 11
251 23
42 19
54 21
158 10
113 22
45 28
151 15
189 24
216 6
222 32
2 3
330 17
139 3
422 11
126 26
401 8
272 31
419 14
291 28
55 23
353 8
162 23
202 26
174 21
351 4
453 1
122 18
369 13
264 30
7 5
320 11
116 7
405 6
416 27
462 11
301 18
274 2
21 7
164 22
244 26
441 16
218 31
329 10
175 20
432 1
332 31
291 3
193 20
185 25
94 10
135 31
15 20
60 3
382 27
433 21
441 17
320 14
287 4
448 25
91 31
345 14
481 4
73 1
35 25
337 4
106 27
78 28
378 2
359 8
64 23
236 16
15 32
14 22
407 21
466 26
43 7
271 15
298 23
399 32
303 8
15 16
206 5
232 16
82 10
195 1
380 18
353 6
41 14
47 20
30 9
297 20
175 19
446 24
114 16
7 24
431 25
28 25
465 19
424 2
348 30
395 27
103 19
472 32
464 27
443 1
235 31
416 17
9 21
380 26
408 30
242 27
110 25
31 19
379 26
472 6
275 22
156 5
316 31
372 7
349 22
123 27
52 26
491 5
454 18
386 18
459 15
404 5
247 30
495 17
91 10
202 13
36 21
445 7
336 21
482 12
130 20
267 30
346 17
298 27
331 31
12 17
162 23
61 20
404 11
33 10
225 26
62 20
443 7
314 2
175 7
313 4
251 19
41 8
40 2
98 6
373 14
214 14
80 11
441 24
33 5
181 9
263 23
220 13
101 22
334 23
180 26
282 22
429 27
229 16
12 31
393 28
492 10
269 15
84 10
406 9
238 7
77 12
181 13
204 25
182 5
407 29
387 8
143 11
362 15
134 30
253 14
461 24
483 2
167 11
291 12
35 24
362 3
28 14
111 27
174 16
472 20
5 30
120 31
172 29
73 1
410 26
34 19
421 4
100 23
434 30
215 32
269 20
283 24
470 17
231 7
37 18
75 13
411 22
391 22
230 23
90 12
140 3
10 1
490 17
351 20
202 25
243 2
493 21
118 14
270 12
456 6
49 14
198 11
279 28
244 21
402 21
500 2
307 29
158 28
173 24
423 26
277 2
343 29
394 20
82 27
307 29
172 27
271 17
17 13
308 4
261 30
296 32
307 14
324 32
102 8
323 24
221 7
393 28
367 15
375 12
153 14
189 9
92 19
193 13
211 5
72 32
414 8
287 32
469 27
183 30
458 21
298 3
456 14
94 30
328 12
474 5
353 18
305 1
324 5
405 2
201 28
61 10
343 32
37 24
162 7
85 27
428 10
149 23
424 26
408 19
414 29
83 30
246 3
210 17
88 10
307 16
442 19
458 8
66 2
299 11
65 20
198 4
469 2
374 20
144 13
495 1
14 29
174 23
168 28
180 7
201 26
98 10
56 15
278 30
49 16
200 25
311 13
104 32
299 21
23 10
461 25
202 10
150 7
437 21
110 8
275 7
305 16
304 12
427 1
333 15
9 17
439 19
485 2
302 11
74 5
428 22
397 29
64 18
4 32
214 5
467 32
275 7
212 27
482 14
363 27
464 11
51 2
246 7
499 15
170 24
75 5
309 16
226 12
369 5
223 7
45 17
70 20
163 21
102 9
270 8
163 29
39 13
190 16
247 32
34 4
111 17
13 4
432 10
143 32
170 26
382 22
406 12
237 1
436 22
417 2
6 11
142 16
143 28
31 9
19 28
157 18
24 21
401 11
110 3
459 11
260 16
196 6
495 9
290 27
122 14
488 27
136 25
226 14
312 8
18 15
172 2
164 15
194 20
206 19
310 4
433 18
207 29
439 14
413 28
484 2
285 3
365 32
303 6
49 15
50 2
297 17
92 28
119 25
227 24
440 4
191 8
309 14
352 11
451 8
326 2
2 14
108 6
233 30
159 25
376 24
199 8
280 30
335 7
426 17
426 1
301 25
89 9
366 12
208 32
408 25
101 29
347 4
478 19
469 12
360 13
344 6
72 11
51 23
225 24
171 15
193 27
471 1
80 12
276 23
151 31
23 11
295 21
310 28
448 14
408 19
178 11
68 14
77 26
8 6
445 10
156 9
1 26
121 8
461 21
422 15
431 12
65 14
313 6
349 8
355 16
270 13
210 17
134 15
306 29
292 26
22 7
91 10
276 11
157 4
459 14
50 18
22 10
319 26
339 7
297 1
423 26
77 16
254 6
122 19
54 17
12 8
63 14
301 22
165 2
425 23
387 10
68 8
439 6
297 1
53 1
322 3
10 14
310 3
312 16
173 21
48 1
144 23
138 13
152 6
106 5
129 28
254 4
456 1
434 4
173 22
197 2
164 30
96 9
469 3
460 21
123 24
177 19
322 3
63 25
468 12
253 4
363 11
496 10
51 17
70 11
118 18
69 29
323 28
457 15
422 29
284 20
276 24
14 1
274 4
273 2
447 22
41 22
384 12
127 10
316 12
156 1
165 32
65 12
387 2
130 24
290 29
56 17
373 17
365 14
497 9
91 3
14 20
104 29
19 23
330 27
482 26
119 31
61 24
134 20
57 3
459 22
28 22
262 20
435 22
249 27
114 16
77 28
175 21
228 1
467 30
379 12
247 22
94 15
33 19
458 5
194 13
286 21
282 31
472 8
172 8
350 17
115 31
116 25
311 4
334 29
253 20
224 23
61 18
157 21
100 7
385 25
383 18
13 20
216 20
232 3
408 29
24 18
359 31
163 13
334 4
297 2
59 17
288 32
394 29
416 5
263 13
286 21
470 10
308 14
486 3
424 25
472 3
118 26
290 20
351 3
127 15
413 14
223 28
9 32
348 32
461 26
76 2
254 10
247 22
83 8
304 6
476 23
157 10
457 10
225 23
124 20
9 16
389 4
440 13
199 3
172 7
249 24
256 10
497 19
119 23
234 23
288 26
49 4
7 29
445 31
367 25
434 24
456 18
459 19
422 29
386 10
20 18
45 11
339 1
129 26
323 23
380 18
276 28
258 18
489 2
216 11
122 2
82 2
175 28
176 17
401 9
394 28
194 26
46 21
182 3
342 16
241 29
465 8
352 22
1 16
128 8
47 17
69 28
178 28
372 6
44 16
266 5
395 8
226 16
344 23
318 9
262 10
109 6
277 28
300 9
152 19
345 6
27 25
177 21
8 24
262 31
23 7
339 17
338 32
61 9
174 18
69 27
288 21
13 12
489 28
193 28
442 5
41 16
153 1
376 17
469 29
415 31
16 18
112 17
21 16
238 7
401 10
481 28
187 1
456 15
8 28
18 9
388 10
269 28
330 28
404 2
485 27
493 28
424 16
56 28
275 5
490 31

