128
423 3
239 7
457 16
449 23
69 4
100 15
38 31
500 23
46 22
83 14
280 26
60 21
370 12
429 22
106 1
192 8
399 30
451 23
185 23
145 10
194 20
136 19
430 11
361 23
89 11
28 24
17 27
16 22
11 12
163 8
372 2
200 14
136 30
328 12
252 16
73 13
215 12
379 21
195 7
471 23
33 15
354 21
289 25
491 15
164 21
471 15
359 6
8 22
171 31
165 22
158 22
218 16
149 32
220 23
186 15
329 22
393 26
323 5
402 21
36 21
317 10
451 31
27 30
372 17
144 21
118 9
330 7
377 10
134 28
25 11
490 13
240 6
239 10
119 24
226 30
409 7
11 15
69 21
169 25
85 8
181 10
465 22
240 9
339 21
288 31
395 14
420 30
215 18
400 29
1 5
338 21
19 32
120 16
236 16
380 24
451 20
225 7
421 16
107 7
40 19
326 2
376 17
272 18
106 7
275 10
147 8
367 22
312 2
105 27
125 12
71 7
247 19
342 7
315 28
129 6
46 18
492 13
198 7
363 3
137 13
261 23
100 11
448 27
316 16
162 28
239 8
218 25
230 15
3 28
211 12
102 24
437 9
29 31
59 3
141 27
231 13
329 2
83 29
93 2
32 18
41 7
337 31
107 18
21 30
314 23
445 15
339 5
211 19
219 5
313 4
167 3
112 15
224 7
123 32
444 23
421 5
129 9
447 27
27 15
48 8
402 32
106 20
225 12
162 7
436 26
154 14
368 26
448 31
164 7
111 7
429 15
295 25
492 13
143 18
412 11
209 1
34 14
256 14
481 25
405 8
94 30
221 13
175 16
255 22
442 9
297 18
100 7
278 15
36 29
460 15
463 24
111 16
185 2
458 29
338 18
136 11
419 24
243 6
227 1
283 29
66 23
38 1
22 24
107 17
88 14
355 26
289 13
249 9
386 6
341 7
419 8
5 6
183 7
135 5
299 5
429 16
348 15
28 25
134 30
129 25
403 7
474 15
3 26
15 32
280 27
314 22
182 22
387 32
268 5
477 2
290 5
430 5
371 1
209 24
295 5
428 9
375 1
92 29
475 14
116 26
313 1
451 10
98 10
62 17
210 14
134 23
442 3
487 5
224 23
372 2
87 12
270 5
52 1
189 6
319 28
131 23
436 14
328 17
123 9
101 4
278 19
183 8
149 21
236 24
68 7
445 6
258 3
319 30
427 11
39 17
15 2
227 2
103 7
187 5
295 19
408 5
225 2
496 26
111 23
449 2
41 10
183 15
312 17
460 14
360 14
335 2
19 5
379 29
319 21
49 26
56 9
390 12
398 9
5 32
467 22
389 27
51 8
157 10
276 20
99 19
318 21
64 16
198 23
161 4
359 13
333 18
369 26
194 31
458 2
478 32
3 31
283 21
290 3
414 29
259 21
404 24
149 3
263 2
409 19
66 4
336 2
181 20
472 18
322 29
276 16
205 10
18 23
183 19
277 28
75 15
164 30
462 25
297 13
362 25
351 31
324 30
177 17
94 28
82 3
428 21
418 20
339 31
118 29
445 3
320 32
281 8
349 23
148 29
171 25
202 1
288 17
411 24
233 16
315 3
122 10
23 4
374 21
326 7
233 19
89 9
290 26
388 14
464 15
487 18
247 32
6 30
64 16
201 17
123 7
463 17
109 9
136 14
50 21
324 14
231 29
38 24
134 5
214 5
163 16
82 26
387 7
147 30
207 12
246 21
66 32
277 2
45 24
7 6
77 3
79 19
447 9
31 20
245 16
380 32
295 13
21 13
251 15
482 9
218 24
342 12
139 2
309 31
234 28
480 6
350 23
468 28
27 2
227 11
445 6
30 15
418 2
271 4
69 5
329 10
36 10
421 18
139 2
61 4
397 20
33 26
302 1
393 8
202 3
303 19
428 28
237 25
234 28
216 14
316 8
439 27
417 12
228 28
293 28
279 9
32 8
138 25
164 22
217 9
352 19
363 31
350 28
327 11
163 18
236 22
142 15
32 10
90 27
465 6
399 4
274 6
407 15
318 18
144 30
286 27
52 21
477 30
304 15
336 6
48 32
295 25
302 10
247 7
84 7
124 26
306 25
115 20
11 29
133 10
318 31
500 10
123 28
123 2
482 14
391 9
233 1
218 26
362 4
276 13
378 11
131 20
351 5
247 9
381 12
366 27
354 21
68 28
44 10
401 25
499 3
54 4
179 3
117 12
290 29
336 15
347 30
202 10
415 9
410 3
32 4
493 29
344 32
360 8
101 20
264 32
254 1
35 24
291 31
323 8
247 26
99 2
328 24
143 26
452 28
388 19
179 25
367 23
144 6
262 1
41 29
48 14
194 2
429 32
436 7
268 27
113 30
480 24
369 6
33 21
25 12
303 32
4 22
78 28
451 19
448 20
363 27
137 12
280 6
392 27
168 19
249 12
228 16
71 4
349 19
416 22
227 31
281 2
92 10
81 14
48 24
385 10
226 2
170 13
439 1
220 18
275 28
238 2
196 32
97 32
263 29
121 17
435 9
422 14
462 15
271 13
234 28
475 24
381 12
316 3
260 11
128 30
355 17
35 18
377 3
297 3
347 6
331 25
22 4
362 32
458 1
196 24
492 2
355 24
17 18
42 24
57 13
309 3
386 19
164 14
178 4
104 20
81 2
9 23
37 18
438 23
206 1
242 13
7 28
420 15
469 29
151 9
482 27
139 7
154 30
332 3
114 3
206 10
220 2
148 8
288 21
454 5
422 11
42 24
142 21
302 19
274 12
339 27
263 6
325 20
131 20
246 4
294 11
290 25
369 13
472 32
374 30
500 23
472 21
74 14
2 19
428 27
179 26
233 5
95 21
208 2
416 13
321 29
255 18
73 3
47 20
130 32
321 6
66 25
170 3
110 3
217 5
149 19
6 17
187 29
289 14
178 12
198 2
116 17
460 28
279 18
84 21
129 32
390 6
400 19
36 29
434 28
249 18
351 31
167 5
59 7
135 24
363 12
437 26
488 12
18 15
105 5
379 13
208 28
278 28
30 25
468 3
269 25
101 3
27 23
359 17
73 25
24 15
177 32
413 32
208 30
134 8
382 16
397 5
483 6
48 25
191 24
31 19
288 15
281 6
249 27
250 2
132 29
108 24
84 24
175 7
153 5
455 22
24 3
327 31
376 26
223 6
93 17
228 32
236 12
45 4
499 26
157 26
418 21
289 18
340 7
292 1
123 6
230 31
448 16
5 16
134 19
93 26
183 13
310 2
32 30
106 30
500 10
159 13
230 7
418 10
114 22
414 24
159 31
234 3
403 18
134 24
20 6
465 7
250 10
324 10
480 13
311 31
43 30
395 20
120 9
193 17
226 6
469 24
453 30
194 19
496 11
94 19
405 26
217 2
184 1
435 11
321 18
493 3
67 19
487 18
403 19
271 24
137 11
216 29
144 9
295 23
88 24
6 4
149 2
497 20
466 16
346 15
29 6
1 15
77 7
484 19
166 2
311 18
196 26
94 20
286 28
182 21
479 19
216 3
261 29
311 22
144 20
12 12
346 21
470 18
351 25
104 20
59 14
21 6
291 18
297 9
205 3
301 31
165 21
162 9
229 24
151 28
479 2
99 4
378 32
449 17
372 25
448 18
170 9
388 13
434 16
241 7
162 17
25 7
57 6
103 21
9 13
212 8
471 22
15 4
229 32
280 13
220 24
234 29
48 21
53 25
9 29
323 22
186 4
200 18
385 11
231 6
111 22
381 5
104 23
133 32
62 28
284 13
491 10
374 18
194 18
223 2
423 9
76 28
244 19
53 21
281 19
22 20
429 6
324 20
500 32
215 18
220 31
194 14
220 7
452 5
197 10
467 7
70 30
78 30
20 14
442 13
265 11
44 9
68 23
76 11
27 14
480 18
140 26
159 19
92 30
124 24
487 30
258 25
187 31
222 10
317 7
358 13
329 21
477 32
120 16
314 2
341 6
95 9
467 17
191 30
67 18
198 21
459 19
313 9
142 2
203 30
400 8
94 24
313 30
475 8
121 1
281 9
82 27
145 4
331 12
309 25
205 22
154 12
313 26
160 26
204 6
467 3
274 32
183 10
481 17
369 9
297 25
265 22
227 2
129 29
97 26
306 9
147 3
316 23
276 8
468 23
189 6
434 26
197 20
399 1
124 19
129 21
119 26
2 29
155 3
254 7
124 15
403 10
369 3
81 12
46 16
475 22
186 28
400 26
375 18
411 18
269 3
270 15
284 16
436 22
106 5
188 13
99 11
350 3
161 22
462 22
182 16
291 27
195 26
452 25
192 14
419 16
401 16
50 12
163 9
474 16
377 29
200 31
103 18
293 19
183 15
320 12
394 19
434 9
4 26
9 23
247 11
6 23
467 4
35 25
244 4
101 25
20 4
447 7
349 24
89 28
198 1
247 3
371 13
179 30
418 12
421 12
466 26
367 16
37 5
265 9
112 17
105 7
164 23
457 9
494 6
248 19
454 10
282 24
378 32
401 27
351 9
15 1
303 9
100 31
485 24
323 20
80 7
78 28
330 7
460 11
80 7
366 17
256 19
412 6
458 28
132 29
189 6
477 7
378 12
33 26
144 12
309 11
134 7

