128
488 32
217 27
25 9
480 1
298 23
313 19
465 18
20 21
254 11
325 16
6 2
36 7
85 26
361 23
443 13
162 10
364 31
133 24
71 20
460 20
430 25
162 10
110 9
223 23
307 15
382 28
264 30
226 8
251 18
199 6
30 24
327 9
90 19
485 28
423 24
231 16
420 21
450 25
277 24
244 16
422 21
247 22
394 13
89 9
262 27
190 28
499 28
388 8
475 4
100 21
20 18
452 11
278 29
320 3
276 19
490 26
39 28
87 25
60 11
429 6
314 14
169 24
485 4
399 23
132 2
59 3
384 15
441 25
263 16
215 31
174 12
88 9
292 6
497 15
200 1
228 21
246 20
176 22
156 11
41 31
276 23
289 31
461 13
172 16
193 18
262 30
294 5
430 5
374 6
139 25
406 7
290 19
466 25
233 17
391 21
259 15
75 15
29 16
480 4
259 24
438 12
241 19
220 27
167 25
300 9
369 6
375 30
208 9
475 32
313 25
64 8
235 31
322 20
26 17
463 12
176 12
155 29
482 6
439 20
22 22
9 14
147 11
252 19
427 2
146 12
294 6
15 1
52 8
144 17
341 10
212 32
62 18
432 19
443 18
395 20
460 3
205 2
137 12
164 32
33 6
7 7
223 29
59 14
208 26
202 28
363 25
416 24
482 23
319 32
69 17
239 16
467 19
485 31
251 5
370 11
310 8
461 20
248 23
9 8
424 30
207 19
326 30
210 31
469 20
82 29
92 16
416 22
114 28
365 32
252 18
147 9
314 27
296 29
330 28
220 1
217 7
391 14
400 29
52 24
332 9
108 20
304 31
185 26
127 29
281 26
487 3
143 8
90 30
64 15
94 8
375 18
414 2
408 17
70 11
237 13
444 28
176 11
71 9
16 21
261 29
278 19
427 16
250 28
210 30
138 7
449 25
168 18
482 23
230 23
386 10
303 21
14 3
427 32
191 3
484 15
91 1
402 29
385 27
237 30
464 2
452 28
238 27
329 19
46 15
121 19
376 12
111 29
254 5
324 24
479 15
98 5
420 7
438 32
150 26
101 25
399 32
81 21
22 1
59 11
319 16
349 7
307 3
435 8
496 31
207 14
417 4
247 28
155 20
343 12
61 23
120 7
346 24
299 16
461 2
138 7
389 23
473 11
297 16
106 32
18 16
470 26
319 32
474 29
103 16
480 31
463 12
473 28
3 32
27 27
481 5
94 17
3 14
267 19
177 12
443 10
387 32
332 13
331 25
382 17
472 17
95 14
164 19
94 31
42 20
481 18
136 26
94 18
492 28
289 4
83 23
214 1
198 17
378 20
201 23
312 16
471 18
458 3
176 7
153 22
22 25
91 18
207 9
499 26
396 7
365 11
73 10
3 18
474 24
149 2
490 8
198 21
217 15
299 29
57 23
462 14
83 24
439 1
88 2
338 4
428 23
166 5
484 24
270 26
400 27
335 29
230 12
405 27
38 7
191 14
5 8
24 12
203 26
80 31
103 6
478 3
324 15
383 27
162 28
320 21
274 15
154 24
38 2
302 20
113 8
21 5
143 28
408 13
62 28
339 16
257 12
46 28
458 24
90 32
284 10
384 9
64 5
412 17
447 17
28 15
56 5
379 6
148 3
247 21
274 29
373 30
401 22
461 2
198 14
181 1
311 21
241 14
453 9
179 31
69 2
161 17
310 32
174 6
178 8
166 31
357 30
332 13
308 20
318 1
45 15
41 24
415 9
433 27
285 3
470 10
21 6
330 10
373 15
287 6
127 9
352 27
194 31
91 25
178 20
61 19
258 25
430 4
382 14
95 18
325 24
223 21
397 20
26 2
407 13
171 25
469 11
367 26
409 25
367 27
216 11
161 14
28 22
349 5
303 15
278 19
358 17
175 3
404 5
376 6
69 10
46 5
420 16
402 29
368 16
267 20
195 3
409 30
368 17
334 26
52 23
1 5
315 19
367 11
227 10
232 7
140 14
35 7
189 9
239 5
204 25
344 18
283 24
119 18
212 16
24 7
415 24
376 13
50 18
299 1
484 7
275 15
160 18
33 16
246 24
460 17
480 11
347 11
258 17
116 10
121 7
84 7
366 27
467 8
201 10
44 8
500 14
10 3
479 10
62 24
17 6
25 17
28 11
463 18
391 22
255 27
421 10
249 26
297 20
53 17
185 8
384 12
118 13
398 20
138 31
24 23
332 20
355 20
122 1
145 24
98 31
375 18
88 19
156 12
42 12
84 2
8 19
465 9
211 26
72 21
173 7
355 28
494 17
215 23
377 19
479 6
313 1
344 25
179 3
136 25
58 32
150 1
186 7
41 17
328 5
97 24
59 15
208 5
11 2
19 15
485 9
360 5
201 11
49 28
53 1
452 27
404 13
27 17
419 4
189 19
384 5
450 18
439 29
346 17
431 17
335 19
213 19
415 2
249 20
145 10
500 16
264 19
48 30
195 15
61 4
417 8
224 10
238 27
375 15
111 5
3 10
423 24
344 13
481 24
152 21
245 19
72 4
405 31
2 8
289 2
39 13
210 18
275 3
424 29
85 23
305 16
184 23
303 27
415 31
470 3
259 19
69 22
74 26
300 23
277 1
341 11
497 2
428 3
200 8
271 20
90 31
371 29
153 9
151 24
307 8
486 25
186 14
98 16
379 2
38 7
190 30
321 14
131 13
309 2
304 15
114 17
6 24
17 2
9 3
429 7
490 18
84 4
468 13
139 6
282 24
353 15
258 29
9 20
125 13
70 28
99 11
320 8
166 24
318 2
206 2
193 4
160 8
223 19
308 25
176 2
388 4
412 5
405 12
237 9
440 14
457 19
488 16
346 25
316 3
31 1
409 3
68 24
350 10
398 29
2 1
98 18
453 14
238 5
281 14
385 17
131 17
111 18
321 28
327 8
119 5
360 3
431 12
446 16
421 3
140 23
267 10
16 7
451 29
75 15
431 24
303 5
4 1
383 8
221 1
163 27
269 23
69 11
154 22
182 22
208 5
200 26
262 19
45 4
172 11
295 26
282 17
366 10
214 20
109 14
160 32
124 24
498 4
478 23
409 27
280 16
332 24
293 13
46 9
157 25
160 3
22 21
251 16
226 4
487 15
249 23
162 24
74 3
267 16
13 19
414 4
142 9
271 11
42 5
475 6
89 6
352 15
75 26
350 24
418 32
190 14
334 19
94 4
361 32
163 13
387 28
165 20
173 11
314 26
307 17
115 12
274 6
6 16
419 23
352 28
42 13
58 12
244 15
135 20
10 1
477 32
76 17
128 32
279 17
165 10
81 23
481 23
244 14
406 27
44 13
54 25
150 31
164 25
261 18
348 27
298 12
370 14
316 13
473 23
290 6
32 30
416 20
428 24
53 26
26 4
442 7
384 31
42 32
187 18
197 3
276 3
210 6
368 10
494 28
472 15
329 31
357 29
366 32
108 18
173 5
365 31
415 16
409 16
147 20
110 32
482 13
338 3
382 17
68 4
100 11
10 13
393 30
25 26
206 28
379 22
468 31
344 10
195 17
42 29
52 27
184 25
387 29
427 25
281 7
496 25
385 13
161 26
427 13
91 8
20 30
213 7
64 17
72 10
13 9
451 4
115 2
300 10
359 22
474 11
220 29
371 13
29 7
438 19
67 24
290 26
497 23
424 17
263 16
170 7
312 32
42 27
106 5
132 32
418 5
454 22
129 13
446 9
207 7
464 6
410 21
211 19
459 31
171 17
334 28
199 5
164 32
423 29
432 2
436 30
362 5
339 6
417 20
147 4
370 10
249 23
418 7
389 9
445 11
301 18
455 16
423 2
91 21
238 19
251 25
224 28
265 2
454 14
401 16
157 14
413 25
252 22
363 13
58 4
255 23
85 29
210 11
326 20
204 27
174 22
291 21
269 16
14 18
89 10
173 13
387 25
149 27
267 3
483 12
170 29
34 27
446 7
113 23
395 4
390 32
473 4
169 10
87 10
463 15
448 28
419 10
424 31
324 2
430 10
366 7
395 15
205 32
346 6
166 16
189 7
159 2
87 3
255 29
9 5
348 32
56 6
141 20
185 13
21 6
474 2
64 28
489 13
411 6
142 17
73 26
335 3
491 1
410 5
446 18
166 9
225 9
262 25
200 18
181 17
263 27
310 3
226 2
299 17
483 32
417 27
269 23
490 20
24 3
208 21
168 1
317 4
94 10
108 5
376 1
69 18
147 7
168 16
176 2
360 15
257 32
65 26
231 6
137 14
304 4
426 27
69 30
362 14
171 26
10 2
314 7
388 20
457 7
35 20
373 3
142 9
374 11
6 24
464 14
61 24
190 6
238 22
79 16
123 10
125 20
351 2
62 30
101 6
145 23
354 13
381 27
497 27
405 23
62 21
348 23
488 21
460 29
146 31
28 12
492 20
252 18
441 25
432 9
183 20
28 24
296 24
382 20
218 23
498 4
359 14
402 22
234 21
422 12
103 30
499 26
157 22
288 6
415 27
342 13
498 13
484 13
481 21
288 22
3 10
477 21
335 18
58 24
295 28
151 25
133 26
343 9
251 30
90 29
404 28
465 5
152 12
397 12
165 16
182 11
25 26
28 15
240 9
279 18
268 9

