128
454 3
487 28
387 31
473 10
263 6
489 7
335 10
263 21
335 29
475 21
195 2
389 3
142 26
61 25
438 10
93 31
129 24
298 19
90 22
252 24
228 25
435 14
350 9
186 20
270 8
464 16
85 28
382 26
301 3
82 18
272 27
332 24
458 9
119 7
103 6
398 26
314 28
95 32
381 8
51 10
143 27
465 23
218 11
157 11
345 2
460 24
468 12
220 13
124 26
323 18
207 17
259 29
256 17
388 16
336 14
489 6
304 18
409 30
4 13
244 8
6 3
315 10
198 14
250 2
223 9
251 6
349 30
154 4
66 29
444 6
182 12
83 18
89 7
211 24
407 22
143 1
156 30
238 6
195 31
27 18
115 25
199 31
490 24
419 4
244 22
309 29
497 19
114 30
234 28
381 12
277 20
404 9
333 21
490 27
332 20
296 26
496 2
261 2
197 27
393 12
96 13
69 16
443 22
29 24
6 2
168 2
285 15
418 5
416 23
347 23
274 11
44 22
340 8
107 5
186 27
180 17
51 24
225 5
134 13
225 31
366 32
124 2
166 10
470 17
300 5
327 10
15 23
47 26
378 21
94 32
355 14
196 21
77 16
101 18
377 21
52 10
68 16
244 2
69 17
166 24
85 25
145 3
67 31
157 12
47 26
211 1
375 27
305 12
30 14
13 6
434 13
500 22
92 27
439 20
11 8
231 32
448 12
398 14
418 30
310 29
156 4
217 30
130 18
185 8
131 6
417 32
114 28
269 13
362 11
68 1
163 10
24 18
25 1
476 31
179 25
111 22
8 23
67 26
200 28
149 6
153 13
98 18
185 26
174 30
425 29
122 23
390 29
48 27
270 7
61 28
11 19
133 27
201 3
8 17
154 20
286 30
424 27
423 8
453 12
6 25
336 3
315 14
476 22
344 29
89 32
44 27
278 8
117 26
226 8
82 8
131 32
37 27
454 20
14 14
407 7
134 7
350 20
172 9
14 27
273 6
270 28
200 11
343 21
228 12
144 14
299 23
233 24
33 6
147 18
92 9
417 25
351 2
25 2
146 22
388 14
491 21
85 26
407 11
358 3
346 10
500 9
480 28
332 16
417 10
409 20
234 25
85 1
294 25
458 3
498 30
60 8
206 24
29 17
422 15
451 24
92 2
264 23
385 31
434 29
276 6
161 25
19 29
297 24
205 27
455 2
304 10
393 9
10 9
473 3
11 11
50 14
76 25
376 8
111 9
113 30
3 21
451 13
221 15
184 5
205 30
478 32
152 14
369 9
142 1
443 13
468 5
458 23
9 30
207 20
142 3
209 20
295 7
16 7
110 4
291 30
189 16
174 8
489 6
204 18
234 27
486 17
343 24
300 27
277 6
174 26
176 31
266 30
245 13
336 26
332 14
168 17
97 21
64 25
86 8
418 31
118 8
224 32
199 23
162 19
380 8
96 3
70 25
228 10
494 3
168 21
392 27
197 12
379 29
276 8
380 13
486 5
448 21
308 18
83 29
176 6
156 16
220 9
484 7
39 13
65 22
154 24
96 6
147 30
110 6
289 5
467 10
189 6
335 12
264 9
317 27
83 12
62 22
197 18
305 7
226 5
144 31
29 11
229 31
64 6
449 12
383 23
329 19
180 19
419 19
284 7
86 10
206 23
223 6
396 27
340 6
248 7
500 28
425 8
302 24
270 30
43 24
16 24
74 16
90 8
342 5
78 15
442 32
426 13
389 13
395 17
294 6
415 22
269 8
225 27
31 10
24 2
349 12
149 11
87 2
118 28
463 32
207 20
331 16
272 3
304 7
151 14
160 10
95 13
461 31
55 15
369 30
416 9
469 8
343 3
154 5
335 16
8 9
75 2
172 3
260 19
365 23
276 20
180 2
156 16
393 6
482 9
140 14
329 12
165 4
163 30
484 13
137 11
389 16
328 12
410 15
238 26
349 30
149 4
235 13
371 31
366 17
239 21
102 24
465 18
91 15
436 2
475 28
64 15
135 23
274 28
181 23
169 10
376 2
113 19
326 32
441 31
336 24
48 13
451 20
202 9
342 13
466 28
61 21
30 19
475 3
443 15
17 3
388 13
280 5
207 17
484 15
148 19
30 3
107 20
410 28
224 23
149 5
418 17
421 27
107 3
453 17
254 21
160 9
65 23
493 31
396 16
270 23
350 19
441 32
483 14
468 2
452 4
247 21
28 31
19 22
266 11
35 19
291 26
11 32
188 8
478 23
35 11
329 25
250 5
192 4
322 19
289 21
478 11
493 9
54 23
343 11
333 5
189 32
126 23
183 13
406 28
100 21
259 16
325 4
401 4
443 6
231 11
347 12
118 3
417 31
54 19
193 26
191 5
65 20
431 23
480 25
259 3
129 25
359 25
228 7
172 2
332 18
252 6
462 1
221 18
243 2
192 7
363 26
167 20
49 6
26 12
286 28
311 10
4 1
218 15
279 29
252 18
495 28
140 12
224 32
37 27
337 32
253 27
461 12
330 5
221 24
240 14
491 30
271 7
70 24
77 4
432 5
310 2
184 13
233 27
12 9
373 12
348 22
398 32
397 20
168 17
435 20
474 29
161 20
271 15
287 24
282 30
28 7
496 27
243 12
469 30
349 10
101 28
171 15
356 31
430 31
387 12
134 12
140 3
307 11
229 9
462 2
14 29
101 5
403 27
89 11
449 5
64 1
336 18
251 27
152 16
418 30
395 11
101 3
49 7
1 29
203 14
287 21
302 7
429 32
433 9
426 25
157 30
134 13
75 8
387 31
268 32
468 18
59 5
400 23
327 32
88 26
213 18
302 22
316 6
421 24
99 31
333 27
40 10
303 10
53 14
44 8
345 4
334 23
284 13
66 18
337 1
195 25
378 24
119 9
226 3
144 12
89 16
134 28
293 13
94 10
126 13
17 6
352 10
77 23
287 10
97 3
146 19
375 27
139 9
419 8
236 2
391 12
242 24
452 10
460 13
231 29
33 4
259 9
301 31
371 3
180 7
61 17
462 32
51 4
132 13
463 19
234 29
43 31
228 6
361 24
390 27
476 10
42 22
158 11
124 17
281 27
347 18
331 16
333 21
259 24
201 29
35 15
277 9
261 13
422 21
396 31
416 23
84 13
309 26
151 32
474 4
439 32
477 5
332 5
2 2
124 26
15 6
340 23
86 21
147 27
425 6
169 24
265 1
297 9
198 27
208 3
82 2
194 18
119 17
218 32
467 18
377 17
203 1
271 5
21 10
147 29
311 24
137 11
420 25
351 17
83 27
139 17
408 20
426 2
209 24
349 23
189 26
155 31
294 13
383 14
46 2
110 5
345 30
135 16
30 2
232 9
396 18
481 23
405 26
181 9
401 25
139 25
254 5
184 11
274 26
64 7
95 2
379 19
123 26
54 21
351 1
469 22
210 21
400 23
354 4
79 31
461 30
195 14
214 14
113 19
296 16
158 2
53 4
181 16
401 22
180 23
223 32
348 8
448 24
398 1
179 29
259 23
398 22
205 27
183 29
450 10
196 7
220 29
494 32
276 7
485 15
497 11
306 9
343 1
296 16
257 26
420 32
465 5
321 21
132 23
189 13
333 28
39 12
188 28
303 3
130 31
121 31
198 30
175 28
382 6
131 31
147 23
6 15
71 18
483 26
180 19
486 8
111 24
267 6
260 29
113 21
60 25
219 5
363 25
296 20
66 10
234 29
180 15
175 27
416 14
156 8
32 26
311 14
17 2
440 4
350 28
17 25
488 11
165 10
332 28
298 1
442 15
461 5
474 8
75 29
145 19
336 20
224 19
170 28
76 21
368 17
216 24
186 3
322 6
257 5
14 10
402 7
288 2
427 21
349 10
2 29
84 21
373 7
187 18
250 26
354 1
39 21
204 20
123 26
425 3
30 26
284 3
96 4
145 11
36 13
376 9
338 15
78 26
469 4
103 22
378 16
335 8
376 14
491 26
415 19
81 5
57 8
227 12
139 11
26 3
364 9
415 1
211 8
114 11
460 4
249 9
375 23
456 22
324 10
451 11
64 11
35 8
99 21
476 29
484 9
467 23
254 10
103 8
77 16
347 28
283 19
76 5
381 19
110 12
180 8
294 24
295 4
419 5
293 18
333 24
247 32
326 12
33 4
167 25
495 5
349 5
459 24
137 31
159 2
247 6
157 32
137 27
72 28
47 28
301 32
343 7
383 32
398 7
299 5
227 21
281 19
273 32
55 1
282 21
154 8
106 10
420 23
465 11
150 3
410 30
242 24
201 32
475 22
242 25
366 5
417 3
99 5
90 1
449 31
217 6
251 15
115 14
417 19
216 22
442 29
71 23
80 23
11 10
73 28
326 6
276 14
288 23
134 9
27 22
100 12
387 14
270 9
223 30
432 18
455 17
266 5
259 1
148 29
398 8
225 11
9 24
20 21
226 9
25 5
438 4
200 24
177 9
28 11
358 27
40 24
183 9
188 18
1 23
414 18
406 6
324 11
342 19
415 11
199 27
171 24
267 30
163 15
42 15
194 11
1 21
414 20
390 30
329 6
288 18
492 18
436 19
312 21
10 26
343 32
368 14
48 18
87 6
429 17
252 26
83 29
58 29
140 11
450 20

