128
246 1
440 24
157 2
489 12
149 30
344 16
367 19
361 19
235 13
471 14
137 31
497 2
254 12
72 8
411 16
138 17
8 14
300 4
491 4
180 31
293 19
495 23
305 23
37 27
419 27
385 19
33 29
48 26
500 16
213 15
219 31
271 14
132 6
94 26
209 1
112 9
499 6
11 24
312 7
194 31
109 26
489 25
310 5
278 30
360 19
424 18
193 10
7 28
115 16
297 23
76 12
175 3
70 29
378 13
435 11
315 3
353 28
35 26
192 12
175 19
154 2
480 14
495 2
21 25
86 29
283 1
429 13
87 26
345 28
230 11
239 17
25 11
200 7
456 11
75 27
293 16
432 32
74 7
109 6
387 18
115 14
59 11
182 21
392 3
461 9
9 23
17 26
493 4
148 4
162 18
430 10
450 26
429 31
140 10
320 30
83 6
251 13
328 5
138 19
311 18
192 19
352 20
56 8
480 12
143 5
277 9
447 30
286 23
304 1
412 32
154 27
261 9
339 21
189 8
159 19
129 2
21 32
262 17
323 13
484 18
233 24
390 31
190 27
406 17
451 21
468 24
367 21
212 22
21 12
385 15
250 22
233 3
345 6
51 28
438 14
485 2
145 6
53 26
400 22
179 26
330 26
157 25
78 17
254 22
120 10
129 26
355 21
344 20
206 14
219 11
279 27
16 31
428 12
109 31
229 3
380 11
488 8
107 10
256 16
367 20
201 3
449 24
207 8
107 16
37 25
258 15
231 6
89 18
193 5
336 18
39 7
184 3
454 30
296 6
1 10
289 5
9 5
460 3
380 6
183 32
94 12
230 16
65 26
333 2
219 16
235 5
86 14
135 4
207 18
101 23
92 1
463 8
477 23
18 16
192 28
123 26
492 28
313 24
373 10
369 19
369 11
200 15
20 30
198 2
116 26
488 11
390 19
10 30
225 27
73 4
431 27
257 30
398 6
181 10
271 14
65 7
4 20
297 16
301 6
305 32
143 9
474 24
95 27
249 3
214 1
438 12
367 3
269 16
468 29
386 22
202 22
228 2
417 17
285 25
18 1
133 21
233 2
396 3
293 1
145 18
317 11
353 28
481 5
151 20
273 4
37 11
189 4
384 1
288 28
322 10
256 18
318 5
115 9
167 15
61 12
116 10
98 28
265 2
440 15
377 1
303 29
391 11
176 22
448 20
293 5
121 12
278 26
240 8
354 23
3 11
70 22
144 23
438 24
96 17
26 12
293 24
236 27
23 7
308 14
226 32
442 22
500 7
135 27
314 17
497 4
255 18
434 14
84 11
361 31
451 10
354 12
66 17
278 4
352 22
409 17
37 2
275 32
420 21
479 21
101 11
401 31
393 18
308 4
56 16
359 22
54 12
453 27
153 7
58 20
168 14
136 16
167 10
444 22
23 10
22 3
396 2
182 16
107 13
116 14
9 22
372 22
37 4
384 29
406 13
396 5
110 20
129 8
293 4
65 27
493 6
142 32
212 31
380 26
163 3
184 7
320 11
84 24
230 11
249 24
111 4
60 16
27 16
347 20
111 19
338 31
53 11
195 32
153 14
285 20
420 32
190 7
374 22
298 24
444 18
91 23
190 10
126 12
338 29
239 12
87 13
403 7
55 9
254 32
374 31
227 5
358 12
383 8
41 8
187 1
78 13
243 15
426 28
186 15
192 25
415 7
1 5
121 27
117 19
466 2
265 12
134 14
312 16
205 24
47 19
40 16
19 14
94 21
2 24
411 1
56 29
175 20
493 20
314 13
22 8
98 22
27 19
111 10
98 24
42 25
410 25
324 9
67 6
77 16
49 31
316 12
164 23
11 28
138 12
265 15
307 22
500 6
297 6
23 10
129 16
94 7
201 10
23 15
335 11
38 11
437 13
486 4
195 20
256 12
23 8
46 18
437 29
15 5
7 5
331 31
305 16
377 29
193 19
123 7
349 8
261 6
216 6
237 23
445 8
298 24
215 28
149 12
388 31
236 26
403 30
233 23
342 29
415 6
360 29
265 12
400 29
345 24
475 26
82 27
277 15
90 16
222 26
495 2
456 10
207 27
500 19
269 21
400 4
226 31
72 6
170 4
367 27
143 5
300 8
463 20
102 17
419 32
346 29
489 2
347 27
12 14
338 12
38 29
315 27
199 15
457 4
414 3
86 12
367 17
279 5
165 8
85 7
259 31
200 7
84 10
294 27
243 15
78 24
219 21
394 5
483 18
136 20
376 6
303 26
458 17
423 26
164 19
409 31
141 4
373 16
5 6
22 3
148 16
378 30
344 11
486 6
325 10
73 16
47 23
442 4
159 8
330 30
426 30
448 11
197 1
494 13
338 4
299 26
467 8
407 22
298 25
487 14
366 19
174 16
137 7
267 15
182 16
320 7
185 8
377 13
292 11
81 13
386 7
318 32
406 29
13 32
469 15
29 22
261 10
97 9
168 23
247 29
163 2
12 19
37 20
80 16
258 24
309 11
243 2
346 12
202 30
407 18
60 24
355 12
489 11
420 17
370 10
61 8
436 16
230 20
460 25
152 1
173 32
212 15
437 21
118 31
267 5
160 30
460 23
350 28
169 29
308 2
139 25
69 18
440 3
45 11
311 8
116 11
7 23
453 8
87 19
434 29
95 21
383 18
459 4
353 12
352 25
17 6
29 22
63 24
88 28
219 18
359 14
437 10
364 21
13 14
459 22
155 29
242 5
458 21
268 27
32 7
323 12
461 3
485 3
22 24
186 28
26 1
277 6
262 12
350 26
294 1
71 4
65 24
336 11
364 15
185 11
277 23
295 1
61 23
464 18
407 1
26 24
45 22
245 10
146 22
79 27
106 17
90 19
313 5
45 20
231 1
275 7
291 21
96 15
403 11
136 25
59 13
240 12
167 12
261 4
282 24
102 23
340 27
409 16
319 5
32 17
385 2
259 27
78 30
377 32
116 9
289 19
25 8
130 23
216 18
354 21
81 23
235 17
349 20
424 15
448 3
419 29
464 22
211 25
383 32
373 27
452 17
377 28
392 10
371 11
247 12
455 4
383 10
100 19
185 19
102 20
182 32
168 25
49 7
38 8
318 10
134 13
422 14
300 17
367 26
124 17
246 26
292 8
119 7
62 31
470 27
287 15
35 2
499 15
36 24
218 13
149 23
177 26
360 1
87 26
498 6
191 31
139 30
74 2
429 32
412 30
2 18
252 20
208 18
471 27
490 24
300 10
39 32
60 18
304 14
328 26
59 22
248 17
55 30
306 23
161 18
232 22
471 31
198 22
233 12
273 26
207 24
211 17
251 6
199 23
119 14
60 5
247 7
226 21
332 7
284 32
452 31
6 27
350 31
452 14
74 32
7 12
351 9
229 14
191 31
360 1
304 19
338 14
429 27
350 29
297 13
456 25
352 17
23 9
15 2
134 24
254 28
220 24
208 32
57 18
226 8
59 9
38 24
430 19
162 23
431 18
116 10
410 15
199 28
19 9
110 12
153 31
291 4
318 10
23 27
248 32
142 14
480 28
257 29
350 22
391 28
79 22
17 17
324 31
124 26
132 9
345 8
447 11
359 29
337 13
491 16
332 24
93 19
15 1
71 32
118 1
495 28
319 32
36 26
430 24
188 5
244 24
48 7
371 22
159 23
490 25
494 13
336 2
483 3
286 13
66 23
366 29
450 4
424 30
29 25
497 16
118 20
304 9
486 10
127 28
84 32
496 5
289 4
14 11
386 7
176 7
201 5
363 14
76 30
487 4
343 31
24 20
279 27
180 12
204 26
260 3
422 27
363 6
290 12
332 3
174 7
478 14
399 12
227 18
478 6
282 32
400 9
483 22
335 14
294 6
320 9
324 1
159 14
154 1
413 21
475 10
344 12
163 6
292 17
68 1
454 13
440 26
357 18
383 23
287 16
228 6
80 3
198 27
440 11
39 8
188 29
141 27
317 7
476 32
191 23
228 13
95 31
202 23
144 20
141 14
464 8
36 27
122 25
133 25
288 15
264 3
36 16
357 20
58 28
163 13
79 18
97 21
260 30
124 31
85 24
332 20
188 31
443 9
304 3
74 27
98 1
417 29
445 25
40 6
308 2
102 6
91 10
411 2
199 6
104 24
353 11
331 28
6 25
53 1
200 6
251 13
166 23
133 22
495 24
464 2
373 13
40 11
467 2
16 29
187 11
300 3
405 31
283 30
255 3
70 18
312 24
102 13
42 6
87 28
109 30
338 21
318 5
499 32
30 10
153 12
484 16
458 9
82 12
150 5
426 4
142 21
243 20
214 9
33 4
320 22
53 1
326 10
237 9
358 10
190 6
185 6
313 3
266 3
86 19
435 28
486 28
248 17
23 17
365 8
464 28
401 20
45 6
90 1
254 7
251 32
160 31
321 32
281 18
218 15
352 8
230 26
432 25
418 18
142 2
213 29
317 21
325 25
191 14
142 8
64 4
239 31
30 11
46 3
496 32
29 32
119 26
185 10
86 2
356 27
235 20
184 31
33 8
412 3
125 17
18 8
148 17
262 21
167 3
339 23
274 7
362 9
476 14
294 18
351 13
492 17
69 3
487 9
386 6
175 30
302 20
49 9
152 10
478 31
469 20

