128
467 18
103 18
46 29
466 28
292 19
460 19
17 30
84 31
184 12
343 15
163 4
468 21
383 21
236 22
238 22
354 24
67 28
201 12
377 19
419 12
489 23
138 13
356 29
395 11
301 21
369 23
264 16
295 18
328 27
39 1
52 29
324 22
348 32
433 16
394 8
243 22
82 25
239 17
157 13
179 29
426 19
271 25
86 30
187 5
300 17
33 7
117 28
320 5
83 28
40 13
455 15
210 32
367 4
324 27
137 10
480 18
104 10
102 29
167 20
453 30
13 5
168 17
192 31
297 27
91 9
103 29
323 8
433 29
464 12
211 28
314 14
13 17
144 22
106 30
254 14
480 14
247 31
98 18
190 19
416 24
83 18
28 17
34 16
93 5
420 3
448 17
197 12
1 8
425 14
205 10
220 32
147 14
35 21
107 28
139 11
355 1
244 6
329 21
194 29
273 17
427 24
49 15
383 1
166 4
359 27
189 10
406 4
395 24
432 21
367 30
375 5
494 27
307 14
395 32
94 8
316 8
91 16
347 2
264 12
485 30
234 17
51 32
212 29
135 11
298 10
64 16
74 5
494 24
230 25
231 27
260 6
195 30
261 25
27 5
404 3
350 10
388 9
333 7
197 31
94 22
320 25
370 22
66 15
477 15
103 4
470 6
457 12
416 30
408 2
446 7
157 3
152 24
399 24
346 16
303 15
293 30
448 10
367 5
377 32
159 31
403 28
193 11
347 8
428 10
253 9
417 13
372 32
156 22
404 2
217 14
144 10
179 23
23 30
455 11
241 14
230 31
297 14
353 16
85 17
397 29
357 9
450 4
233 13
350 32
310 30
193 30
427 23
396 26
268 15
52 16
20 13
354 4
258 23
311 14
339 12
31 31
372 20
275 28
288 28
443 14
41 7
403 32
210 30
121 17
204 28
189 7
157 14
39 2
100 29
256 10
408 26
133 28
469 11
87 12
382 18
353 30
368 3
241 21
109 21
406 12
385 6
35 25
487 29
306 23
125 9
376 1
50 8
16 14
118 18
274 23
335 18
273 27
437 17
131 21
226 20
208 22
333 18
354 12
18 7
258 7
424 1
27 17
493 2
195 26
347 24
109 22
297 5
88 29
245 30
481 26
106 17
135 10
282 28
109 16
351 22
146 18
499 28
450 31
417 32
452 15
463 8
148 32
144 19
196 1
453 13
62 2
217 9
199 30
36 32
353 6
25 2
11 11
21 25
365 25
456 1
404 15
80 11
30 20
138 9
464 14
105 13
351 17
73 25
23 25
208 27
346 13
225 21
107 25
169 32
386 4
492 25
42 7
191 31
146 32
500 13
269 28
338 27
277 14
20 27
370 11
25 4
311 17
424 14
198 4
241 27
215 12
223 25
6 21
31 12
93 30
112 1
486 17
332 6
211 15
412 4
281 20
147 16
241 30
213 14
13 9
372 8
388 26
336 5
358 22
396 2
100 8
15 13
160 30
198 22
400 17
154 4
100 32
475 8
74 15
129 30
343 28
165 10
445 4
475 3
70 30
308 13
81 6
457 29
19 10
314 14
466 11
302 29
471 4
257 8
167 25
481 9
237 10
91 9
201 1
187 6
138 15
142 3
316 10
311 23
103 16
104 12
443 21
485 5
33 13
308 11
477 16
59 25
489 5
246 6
65 12
311 3
278 29
273 14
402 3
132 25
58 7
72 12
492 12
264 20
148 27
426 29
415 16
337 3
485 22
92 25
366 19
455 27
59 31
440 20
161 11
464 19
158 16
422 13
295 14
376 19
460 29
419 18
284 3
277 32
189 28
373 26
474 19
48 28
258 28
492 18
410 27
340 23
194 2
67 5
299 2
283 22
242 5
132 10
307 28
349 31
479 1
252 5
400 12
484 5
491 15
426 12
134 26
319 19
379 5
19 9
179 13
434 4
205 5
1 24
176 22
210 23
70 14
107 9
465 26
477 31
121 3
58 18
372 12
284 22
465 27
426 23
307 27
118 24
128 7
375 31
468 4
309 17
249 15
210 9
61 6
223 17
144 17
286 3
360 5
264 12
223 21
170 6
104 28
41 15
406 11
237 29
54 2
113 31
164 6
219 24
64 14
404 19
74 9
222 25
110 13
461 12
378 6
213 17
417 13
415 2
223 11
250 5
48 11
431 28
388 9
287 27
294 27
10 19
83 3
4 16
271 16
228 16
445 12
332 22
249 30
239 15
397 21
99 20
203 21
359 14
382 2
245 19
40 22
98 30
188 17
370 6
268 9
458 20
92 21
277 12
387 32
163 27
4 13
430 18
494 29
147 31
138 7
253 25
496 22
354 19
154 3
493 5
23 14
337 31
442 1
454 20
128 4
462 19
229 28
188 18
384 3
300 21
77 32
401 5
106 2
107 27
329 15
384 15
252 24
465 30
184 23
373 24
386 31
146 10
430 14
39 17
372 10
37 24
242 17
372 31
42 19
309 22
281 24
221 29
115 17
78 7
455 10
462 1
488 7
158 1
144 5
285 3
34 21
315 23
109 22
325 23
368 14
372 9
177 16
181 20
129 30
90 7
411 23
127 15
361 17
19 17
481 32
371 2
476 13
141 25
75 13
87 10
450 26
90 31
402 22
270 10
231 11
316 26
465 23
392 29
79 22
181 27
65 32
424 9
440 20
477 14
233 15
456 26
372 9
12 17
167 9
6 17
343 10
242 19
468 17
484 6
247 28
308 27
419 27
203 7
499 3
224 15
241 11
116 25
76 32
237 18
260 3
194 27
120 12
465 11
420 28
336 2
316 15
477 18
225 31
444 23
210 12
157 18
198 13
414 9
252 19
70 19
449 28
169 32
199 26
358 2
433 25
136 12
39 32
334 15
494 21
190 31
148 10
5 22
470 26
174 1
272 24
436 32
7 32
491 25
89 8
174 14
244 29
121 6
272 22
249 26
435 26
468 10
135 8
131 25
94 29
29 13
400 12
289 6
420 11
462 4
479 23
381 18
296 10
208 15
159 12
36 9
245 32
379 7
179 17
187 8
17 24
137 32
179 1
321 14
55 2
310 29
121 2
459 12
43 6
38 10
325 2
146 21
429 4
151 7
237 26
379 1
405 3
169 19
143 5
237 13
327 18
434 31
87 24
66 30
261 3
183 13
28 24
357 4
56 27
415 16
400 25
396 4
363 16
91 29
109 23
405 27
224 18
233 26
433 2
291 5
104 29
481 8
357 17
439 16
48 21
55 31
349 14
103 7
218 25
67 18
223 12
112 22
13 4
107 6
345 6
342 8
74 27
79 22
363 26
341 22
222 3
61 27
401 23
281 14
59 4
147 29
23 10
78 11
305 32
184 17
433 26
96 7
52 7
436 30
396 1
28 13
227 8
39 19
454 8
448 12
223 30
496 25
203 25
483 19
460 19
155 29
248 27
251 31
481 30
416 32
18 15
196 1
234 19
223 19
258 19
402 4
116 5
76 23
173 30
325 21
428 12
377 27
286 19
325 6
16 21
493 14
387 16
130 25
126 32
159 27
374 9
214 2
309 25
160 10
51 32
318 6
167 14
357 16
24 25
69 15
273 25
424 16
453 9
132 10
257 18
313 26
202 2
471 7
167 18
48 17
318 13
398 28
410 22
288 25
287 32
471 27
121 3
422 1
447 17
2 19
195 14
185 28
192 7
110 10
489 17
130 10
21 15
141 22
133 16
362 19
136 21
329 8
431 23
32 1
155 17
284 9
51 32
97 14
326 6
303 30
215 16
471 19
310 12
17 2
391 22
212 10
414 1
485 32
143 24
73 29
401 20
498 7
27 10
44 24
151 10
18 5
481 28
452 22
451 32
436 2
49 11
71 31
391 28
158 1
423 30
182 27
141 3
477 3
124 20
371 26
421 16
491 21
79 22
395 18
261 2
75 9
180 29
123 23
52 5
455 11
66 20
1 19
166 6
373 1
201 15
415 22
334 25
374 9
198 20
294 2
301 12
118 1
364 17
403 32
225 13
94 22
345 14
348 22
275 29
3 12
167 17
449 9
173 10
413 22
294 10
179 18
425 32
278 28
36 8
407 4
389 4
402 21
446 1
446 4
173 32
399 8
364 15
340 24
21 32
257 22
161 3
111 29
83 25
224 18
68 19
82 20
482 15
392 7
435 18
351 12
285 25
299 1
448 2
240 32
241 5
133 9
283 27
337 9
483 28
187 19
394 16
358 4
102 14
6 12
439 20
495 15
105 9
427 20
282 7
371 10
15 7
274 17
449 22
366 20
374 20
334 31
319 11
346 32
144 12
307 22
59 2
9 11
446 19
418 20
101 16
101 3
494 15
116 23
188 13
226 21
32 15
32 2
453 21
121 17
80 11
382 31
432 10
5 22
29 7
457 21
62 5
448 12
135 11
202 23
43 11
87 22
189 30
275 17
199 23
441 18
377 7
120 13
416 25
390 12
251 10
425 20
106 24
71 1
434 32
267 24
402 1
253 2
175 3
435 17
125 19
206 25
49 18
161 9
154 6
260 8
99 20
419 29
407 26
149 12
113 19
19 3
323 15
308 17
1 22
73 9
469 3
478 1
456 6
37 29
392 29
364 26
332 30
398 27
123 18
282 16
16 9
306 23
275 21

