128
297 26
500 30
328 17
307 10
441 5
408 20
180 16
130 6
254 29
417 5
149 32
231 13
476 24
271 14
95 11
376 3
377 11
92 16
83 19
345 31
379 21
154 7
416 12
452 17
104 21
401 24
172 19
449 3
351 19
128 17
194 15
40 2
81 19
125 19
381 10
38 28
222 3
170 1
178 13
9 21
341 5
237 20
392 17
10 2
403 5
390 32
343 5
17 11
412 18
86 28
463 15
255 24
17 24
24 31
397 8
327 5
144 31
101 3
99 14
480 18
99 22
301 5
2 18
216 17
311 13
409 29
127 3
160 11
439 11
189 31
418 28
275 29
430 27
300 9
189 3
234 27
352 10
79 18
351 14
470 29
298 14
137 20
393 12
419 11
182 7
369 7
474 11
12 28
222 3
136 14
293 29
48 29
402 6
350 1
124 15
117 13
49 22
49 13
253 31
123 23
425 31
385 7
337 32
154 14
410 5
171 7
9 2
347 6
48 16
366 27
366 3
295 26
440 7
354 24
13 28
478 10
170 11
188 3
462 17
120 12
333 11
278 21
8 20
250 19
171 32
429 32
302 20
302 25
270 31
284 31
335 30
424 20
180 23
66 17
7 6
216 27
476 13
31 27
468 8
242 2
99 26
378 8
97 27
140 7
185 16
353 19
241 12
79 20
90 28
412 8
329 32
286 16
120 16
491 12
447 24
429 30
253 14
445 30
484 5
68 1
64 8
243 32
399 25
75 20
465 22
287 21
465 28
301 1
239 15
376 1
374 24
434 22
110 3
327 13
167 22
317 26
17 32
237 15
380 11
106 12
500 28
193 21
315 5
253 1
135 32
442 24
283 31
337 28
105 32
189 7
261 21
56 18
416 24
396 12
158 2
343 2
393 23
326 20
379 10
464 13
409 21
224 31
132 17
287 20
428 3
211 4
331 26
169 11
410 21
394 19
418 12
76 18
475 9
221 29
182 25
218 26
441 13
485 32
205 19
160 12
97 14
172 11
487 4
25 24
108 10
315 13
358 30
391 24
347 3
184 24
499 29
322 8
46 10
363 6
280 26
234 16
95 1
154 14
448 15
329 28
448 15
136 13
237 6
136 19
489 24
462 3
424 27
130 29
292 17
423 31
218 20
298 17
412 8
394 23
130 2
470 13
217 26
382 29
483 29
387 7
40 24
162 8
335 19
136 22
135 6
49 13
65 2
17 12
149 26
39 30
335 20
59 11
465 4
207 12
160 21
122 20
145 27
15 31
74 30
308 16
412 8
264 28
258 24
304 18
393 10
388 12
53 26
482 10
237 29
169 28
485 6
447 29
425 9
311 14
167 15
409 10
30 25
53 31
156 12
45 1
401 32
480 18
229 1
175 21
1 15
212 14
336 31
466 20
175 5
109 13
451 30
270 8
246 27
119 5
382 23
153 27
446 16
440 14
297 6
342 13
160 17
134 7
415 4
107 22
80 27
282 26
436 24
213 13
226 7
286 23
197 22
241 18
274 28
19 22
145 32
218 20
265 28
3 31
303 21
120 6
27 22
115 7
305 31
347 30
362 4
488 2
274 5
52 31
260 18
468 1
282 21
412 2
36 14
224 14
226 20
275 17
97 17
419 21
420 9
282 21
249 5
338 6
349 9
420 9
311 23
365 12
423 28
137 27
246 12
500 11
407 27
75 7
15 17
107 26
110 12
214 6
361 4
83 25
292 14
169 6
240 9
45 14
365 29
472 14
245 16
432 7
450 19
6 20
203 8
250 28
204 27
373 4
70 11
124 10
308 29
167 27
177 32
61 9
244 16
2 4
59 14
491 8
292 24
324 2
459 9
158 18
91 30
77 1
337 17
226 32
345 24
43 17
455 3
414 19
190 15
390 17
52 32
108 27
227 19
189 22
207 26
51 30
79 28
162 31
32 7
59 24
130 25
248 21
407 1
135 12
280 28
196 11
256 20
26 18
86 2
19 1
263 14
294 17
401 27
108 20
193 14
307 30
470 18
110 32
67 24
323 2
120 7
176 15
174 17
208 31
266 7
403 12
500 28
73 28
354 12
35 22
197 25
72 30
246 5
245 28
277 7
361 16
289 9
474 6
441 29
73 11
111 3
290 22
23 18
65 20
393 31
126 21
291 29
106 1
229 14
404 29
121 25
104 1
5 9
223 25
462 11
355 8
121 25
386 11
6 14
223 7
401 8
339 3
248 13
431 4
498 31
333 14
451 12
231 23
365 21
251 26
451 18
249 11
102 30
270 19
288 20
357 24
43 20
230 30
344 29
265 25
199 1
15 17
385 21
455 1
401 21
74 7
14 26
125 15
308 6
74 3
237 26
134 19
329 19
420 12
227 17
69 9
133 11
425 29
31 31
117 7
436 22
485 25
364 29
416 7
355 9
117 27
122 2
74 15
316 29
326 3
29 30
319 30
32 4
382 6
474 23
344 21
40 24
62 27
141 21
277 23
465 9
289 30
346 30
240 30
207 6
408 7
163 10
452 11
321 30
108 15
184 28
407 31
483 16
330 7
444 26
117 32
203 14
198 12
119 9
61 5
354 8
116 17
398 15
415 30
104 10
216 31
325 15
214 24
442 23
282 2
352 27
349 18
8 30
454 18
335 6
155 20
186 2
260 31
40 30
152 28
400 8
134 12
342 23
235 19
93 1
372 29
267 21
350 2
118 11
251 24
169 9
196 30
378 15
436 26
333 23
265 20
158 14
307 19
97 2
486 17
410 25
337 28
281 27
449 31
341 15
406 21
308 1
214 1
408 13
306 28
440 14
323 1
320 13
448 32
22 25
308 15
493 29
106 30
35 6
376 27
457 17
236 12
234 1
300 1
450 6
84 17
175 10
337 14
386 4
113 4
420 29
190 13
269 28
390 15
53 5
29 21
249 24
476 6
213 12
326 6
381 1
402 3
314 6
253 32
374 29
459 5
489 20
409 17
147 26
411 16
118 8
412 19
55 4
200 23
15 30
280 31
286 17
153 8
271 17
3 32
474 9
288 6
460 21
71 11
50 21
10 12
124 29
386 27
160 21
149 14
314 13
272 16
313 13
51 19
33 29
78 10
365 22
172 32
266 6
134 23
426 3
482 22
416 31
432 31
156 32
453 5
212 24
420 9
352 10
459 1
374 13
446 10
254 25
266 11
62 19
185 24
42 3
389 21
385 28
235 20
103 31
361 7
115 12
191 26
102 9
54 27
37 4
417 22
468 14
160 26
432 1
369 21
363 29
133 3
280 28
491 18
110 15
400 16
130 6
394 15
91 3
58 3
2 14
269 2
7 24
203 26
124 11
263 26
31 23
85 30
318 19
395 12
277 7
3 26
236 4
341 26
399 18
157 12
75 21
221 25
204 7
222 4
345 32
165 23
83 25
36 8
175 3
327 11
77 14
61 20
281 13
342 23
150 10
431 28
126 15
8 9
426 5
360 6
65 9
145 27
125 16
398 12
314 21
454 26
110 26
406 18
266 27
421 3
448 11
342 1
1 17
105 14
430 21
48 26
489 16
344 29
223 21
116 17
169 30
278 10
435 23
20 29
133 4
467 20
142 29
356 6
361 29
420 2
425 7
339 13
10 14
229 20
275 17
472 11
266 14
425 4
136 16
252 21
235 31
404 32
83 28
369 7
220 24
437 8
458 3
112 19
309 28
255 19
36 10
81 25
179 17
205 27
152 28
287 18
230 22
113 20
301 22
107 8
325 3
367 11
21 2
305 21
170 3
115 9
137 4
62 3
404 30
481 20
425 11
293 19
161 22
318 17
91 32
185 23
22 7
401 7
233 30
223 6
264 2
310 12
237 15
67 24
340 11
47 5
370 16
123 22
449 28
342 15
68 30
157 29
429 6
483 13
115 30
414 2
247 31
482 3
298 28
326 25
298 5
105 27
416 19
48 24
19 22
254 10
267 10
26 23
467 9
59 17
66 20
163 4
251 32
498 32
191 31
388 32
47 21
7 22
71 10
325 21
295 18
378 18
340 4
312 10
116 11
91 17
46 13
344 16
396 25
47 6
15 7
277 26
279 31
375 1
189 28
290 7
481 19
248 8
422 32
330 1
282 12
69 7
24 4
179 3
308 5
208 19
363 12
88 5
119 26
342 19
365 27
493 2
1 17
369 3
300 26
163 25
321 20
463 28
199 21
318 19
218 5
181 4
213 16
73 27
81 14
341 30
248 5
347 20
73 7
22 4
117 25
8 5
120 27
337 2
111 30
324 8
31 24
260 19
271 20
425 16
245 25
1 8
449 11
91 18
413 17
97 17
149 17
170 20
427 22
85 25
11 9
69 21
264 12
135 7
159 19
90 31
27 2
98 8
140 32
201 28
152 13
433 24
105 2
271 7
311 32
420 9
468 32
66 7
315 4
469 9
463 2
431 1
351 12
168 14
419 32
394 27
369 22
74 9
131 29
356 13
404 15
465 3
114 18
453 24
230 22
104 12
331 6
384 26
265 20
23 27
475 16
105 31
93 7
168 27
375 23
15 30
1 28
500 18
9 8
393 2
373 8
485 20
85 25
89 29
124 19
31 30
27 12
293 7
166 4
194 20
38 8
169 30
391 16
3 16
119 23
193 20
94 30
399 10
398 19
378 1

