128
386 27
71 32
155 18
274 22
8 16
51 11
58 32
278 16
92 20
470 7
215 28
465 12
115 4
367 8
465 22
97 7
404 4
102 6
25 31
167 1
171 9
31 24
425 32
91 4
175 29
487 18
348 19
5 22
218 11
157 19
188 14
237 16
273 30
353 5
65 16
181 11
292 15
166 32
222 9
84 1
21 14
138 28
372 14
181 22
364 14
476 23
443 32
198 11
401 27
11 25
422 20
403 1
106 5
281 16
29 4
76 17
285 1
120 16
58 28
449 5
341 12
175 3
487 1
497 8
423 28
56 4
255 3
260 16
83 4
187 19
255 14
363 23
326 14
47 27
133 11
155 18
271 26
108 1
54 1
348 20
168 8
23 10
66 26
133 16
26 24
110 4
433 4
23 19
305 1
493 25
415 12
114 1
181 30
442 30
382 9
61 25
44 7
322 25
68 26
460 29
125 9
77 22
392 27
168 28
19 20
485 5
11 30
118 3
171 7
424 24
51 16
452 31
270 17
407 22
79 31
134 27
287 18
112 19
12 23
374 6
291 2
463 9
308 16
344 26
342 11
234 4
455 1
338 16
310 25
265 28
315 23
294 29
312 6
131 20
36 29
353 6
214 3
331 29
98 26
203 7
144 8
35 30
120 12
26 25
320 18
20 26
392 10
87 16
71 5
27 10
73 27
284 31
398 30
159 15
491 17
138 26
148 32
288 32
395 5
400 15
306 12
200 30
437 30
401 3
355 15
464 3
9 27
65 6
64 28
105 14
436 10
392 4
117 31
55 19
195 26
429 24
77 9
49 25
470 1
371 8
79 7
251 24
285 11
197 25
390 17
106 18
98 13
113 2
379 23
429 13
472 21
425 21
41 25
265 3
274 8
334 8
174 20
291 14
103 28
158 4
492 12
373 6
464 9
155 3
3 27
267 15
144 19
227 12
164 15
194 5
478 24
492 3
167 11
461 9
474 22
465 17
85 1
258 25
174 29
243 8
199 9
2 6
200 24
378 7
219 31
3 28
154 22
199 1
480 15
441 5
332 21
122 5
94 11
317 31
143 23
294 30
419 28
35 26
23 20
184 25
39 10
141 8
384 19
364 31
201 17
168 4
61 25
300 26
19 4
124 10
26 30
355 25
65 9
414 11
357 18
32 15
487 24
438 26
214 30
85 10
106 28
297 18
244 21
376 22
416 3
275 18
268 5
90 24
222 27
271 10
452 6
324 7
177 13
12 6
62 24
7 23
51 27
389 6
251 20
260 7
114 26
312 22
367 1
65 12
255 15
369 7
340 12
349 16
304 12
109 2
308 3
236 22
270 32
356 12
239 23
390 9
352 9
234 14
453 10
361 4
485 13
266 12
124 22
44 16
325 16
497 4
119 8
194 16
208 21
111 26
367 13
298 26
53 31
492 30
181 32
65 1
285 10
192 4
147 7
39 31
91 3
307 9
119 28
300 18
252 18
123 26
262 13
39 19
303 26
172 19
86 16
203 6
269 31
333 23
481 28
89 27
258 23
483 8
246 26
53 1
44 4
466 9
448 13
471 26
238 10
289 31
433 31
396 17
237 13
467 2
452 28
492 5
154 31
289 4
460 5
248 3
220 30
160 23
422 6
473 15
328 29
186 8
103 17
313 24
13 31
261 4
38 20
377 12
430 21
443 10
209 18
244 1
107 23
299 24
237 7
391 12
235 20
175 30
360 11
381 1
118 13
40 3
244 12
346 18
432 28
415 25
330 6
273 28
265 15
168 25
46 26
268 24
337 22
321 16
281 9
272 10
341 20
404 21
79 26
110 31
241 32
355 2
385 15
210 1
401 17
149 18
434 28
78 22
210 30
169 18
99 21
91 27
104 6
79 6
447 20
44 20
415 26
461 24
228 18
448 5
46 17
74 11
216 31
452 29
401 5
118 3
413 8
493 32
406 12
49 12
111 9
243 18
194 20
325 10
77 32
50 7
72 3
305 28
478 17
416 30
81 6
80 13
445 28
360 26
495 16
406 6
204 4
483 26
55 31
171 28
282 16
106 14
398 18
493 19
370 32
456 22
293 15
146 18
311 13
291 17
117 16
262 20
196 12
421 10
254 15
85 8
14 6
93 16
304 29
138 25
344 18
327 1
480 16
78 10
33 28
299 25
416 16
172 31
8 25
64 5
35 13
148 5
42 32
312 9
176 21
370 24
246 16
360 6
223 9
219 27
8 9
255 15
429 31
237 20
371 21
196 29
153 4
157 18
287 20
39 31
121 28
186 14
159 13
295 9
333 2
136 24
30 22
115 2
20 19
245 10
355 13
499 7
488 7
201 18
475 19
88 3
202 5
164 24
169 3
240 5
472 3
45 13
469 3
163 12
361 3
230 28
199 28
74 30
382 26
164 28
68 31
6 25
228 14
480 20
480 16
101 19
298 21
7 10
155 13
254 11
428 11
434 30
62 8
16 7
133 11
355 13
133 32
321 12
381 21
108 28
224 24
366 21
352 13
287 2
393 20
372 8
226 18
150 3
165 1
433 25
195 11
201 19
499 10
187 23
26 30
443 1
353 32
269 32
32 19
61 5
150 12
448 3
441 17
13 21
113 14
106 27
84 18
486 2
179 12
313 24
169 11
304 29
266 13
76 22
183 28
426 5
271 5
59 4
470 12
20 6
221 5
241 16
283 14
238 17
101 10
17 1
8 32
493 29
96 24
274 11
55 11
463 25
72 21
240 5
296 20
326 24
236 10
172 14
143 25
331 15
162 7
67 21
370 11
145 18
478 3
96 20
117 10
61 28
430 8
432 30
263 10
93 19
175 28
220 10
24 30
264 21
248 7
57 10
241 26
435 19
472 22
102 8
291 18
480 28
166 3
445 20
372 14
482 31
153 6
216 29
103 31
417 7
13 26
172 22
27 10
324 14
339 13
289 29
439 24
348 24
235 17
235 6
34 17
4 6
418 11
418 24
254 19
222 14
160 13
223 30
350 10
35 20
323 31
168 21
147 8
216 17
364 22
486 21
18 26
286 27
60 28
159 13
38 16
283 25
125 29
234 18
51 32
218 29
294 21
485 20
104 28
172 19
353 26
215 23
499 1
9 22
56 3
75 9
399 29
141 15
213 22
200 31
493 5
487 18
6 11
430 21
374 9
428 23
110 14
449 20
198 29
222 9
476 12
197 18
356 17
100 32
210 31
183 26
420 25
192 29
344 17
385 9
73 24
147 27
10 11
494 19
404 23
460 7
362 12
456 9
345 23
137 2
57 7
460 24
191 7
252 2
123 5
307 15
300 9
229 1
400 23
16 27
289 15
237 15
482 24
71 22
98 31
84 2
81 19
482 4
45 13
9 15
369 15
65 13
120 6
329 11
368 32
25 8
22 5
362 8
304 13
33 9
343 20
406 16
158 3
399 30
472 23
72 32
426 9
212 29
282 25
267 9
88 11
360 6
255 6
465 10
6 9
162 28
465 27
475 2
158 29
28 13
484 11
172 25
439 24
305 32
276 27
72 7
65 24
324 19
5 24
80 14
489 13
61 29
363 20
278 4
260 29
352 3
108 28
3 26
259 15
118 2
81 1
100 13
472 20
167 20
63 26
337 11
42 10
355 13
285 5
276 12
141 32
491 8
3 9
146 13
4 27
498 32
303 21
433 19
224 11
102 19
49 7
189 10
188 4
346 12
380 6
219 8
249 5
472 31
54 17
215 5
231 24
344 5
12 16
363 20
227 29
374 31
107 2
68 18
161 30
469 12
387 19
264 7
248 3
237 5
203 15
61 29
366 12
169 17
180 24
112 22
348 9
384 22
251 27
451 15
216 3
303 26
105 14
88 12
152 4
356 2
478 24
138 23
172 30
72 31
41 11
460 8
372 7
193 30
145 3
384 25
413 6
314 26
455 18
73 2
429 21
311 7
196 32
453 15
458 4
421 18
59 32
238 2
426 22
255 7
277 10
135 29
28 16
58 2
53 27
440 22
59 6
92 26
402 24
325 3
420 21
208 10
329 13
111 26
79 9
176 27
354 30
395 1
110 13
215 14
435 6
347 21
107 30
450 16
334 22
70 17
75 6
434 31
426 4
8 20
260 24
62 29
197 5
346 2
261 32
320 23
417 18
391 15
456 24
235 5
170 16
393 24
285 14
498 7
221 13
418 28
392 8
444 25
288 21
246 28
404 9
446 24
435 28
47 10
379 5
30 32
436 2
143 9
451 12
283 31
349 8
354 28
31 17
180 26
142 14
69 25
194 6
69 16
53 23
369 20
247 6
183 14
375 10
106 21
169 4
199 13
292 12
461 26
53 28
344 2
417 8
90 31
278 10
90 14
272 7
113 26
208 20
404 19
473 29
111 17
101 26
10 12
213 6
417 1
461 24
310 10
172 28
340 13
409 21
482 5
239 27
254 7
242 5
233 10
370 31
206 2
4 23
65 29
36 17
333 29
241 31
226 8
246 13
416 30
197 13
38 28
343 32
438 20
300 26
297 5
364 23
342 16
69 18
436 9
387 8
453 11
114 10
94 31
298 5
217 22
257 30
133 24
249 18
183 1
443 8
421 3
186 11
26 10
20 29
62 30
432 22
236 10
395 25
108 20
189 4
390 14
282 26
397 30

