128
340 12
109 32
204 3
158 11
129 11
486 5
82 21
77 7
479 13
286 1
76 28
24 5
216 16
417 11
423 27
464 2
191 9
374 6
483 7
349 11
182 18
43 15
74 11
101 28
36 11
116 27
446 16
263 10
383 8
64 17
318 23
419 8
303 20
254 10
174 30
100 11
139 3
470 21
465 14
320 4
12 12
463 30
75 29
471 25
108 26
114 6
264 28
433 15
175 26
204 8
343 11
55 6
297 12
398 26
149 9
113 17
4 27
118 14
152 20
387 27
325 16
184 28
383 13
154 25
358 1
256 29
12 18
34 24
389 27
273 22
499 14
198 23
164 19
432 31
106 10
426 18
169 25
17 3
281 23
459 11
231 27
191 2
376 8
254 9
6 10
154 4
115 3
210 31
369 30
297 26
311 22
255 32
35 23
234 19
145 29
157 4
407 3
321 2
422 30
250 11
452 7
135 30
457 8
196 29
337 25
2 12
66 32
331 28
83 12
119 3
256 11
306 30
474 11
500 23
200 9
174 15
356 16
69 24
151 8
341 28
460 10
487 14
154 17
181 32
380 23
314 4
426 8
353 15
98 32
145 25
453 6
152 24
125 20
175 12
187 3
263 27
61 13
376 22
417 16
301 24
207 22
135 8
437 28
382 14
191 26
183 3
196 14
154 20
405 9
95 27
195 5
441 23
457 28
172 13
76 32
373 18
142 31
117 18
346 14
464 21
227 6
383 6
183 17
242 19
217 24
381 3
45 2
222 13
193 5
78 8
421 30
401 26
308 17
491 22
366 10
42 5
303 32
14 1
312 3
275 8
443 32
495 23
181 4
191 29
312 28
493 12
217 29
145 21
262 16
30 11
441 19
71 8
198 25
432 2
191 27
93 21
214 19
323 26
6 14
118 30
133 26
253 2
355 14
78 4
385 31
94 21
233 29
420 2
101 4
143 15
410 12
128 23
26 14
220 20
463 5
53 4
299 25
149 21
54 26
120 2
184 5
263 8
229 18
197 21
89 12
472 18
279 7
472 20
400 23
39 15
232 23
162 26
100 22
386 21
35 5
91 6
421 13
485 10
238 21
330 19
224 1
176 22
103 12
362 27
42 16
217 29
195 26
154 22
187 3
446 29
395 32
142 16
92 14
317 10
362 22
8 2
151 31
291 29
34 32
107 12
404 31
52 22
52 30
95 6
96 20
14 7
280 3
10 31
484 14
52 18
175 3
135 25
94 9
430 11
429 12
406 24
211 30
485 2
15 23
204 26
470 9
156 29
224 21
472 27
342 3
256 5
286 30
193 7
167 18
209 15
158 7
130 8
276 18
481 30
192 16
103 17
401 23
466 4
275 9
34 13
163 10
485 16
179 13
178 13
299 7
291 28
205 32
27 16
385 11
473 24
43 3
441 19
185 22
418 4
194 19
280 8
92 32
156 3
292 13
319 10
71 10
249 31
381 7
254 26
134 26
193 12
153 25
470 21
242 19
352 11
41 7
495 1
246 10
107 18
482 17
479 9
386 32
327 3
354 21
236 23
10 12
14 10
265 31
55 18
221 22
145 22
37 15
246 2
288 24
171 13
276 14
173 2
81 28
132 18
284 31
125 29
146 10
159 14
473 5
120 25
470 28
158 22
402 3
492 1
106 10
309 2
15 2
247 3
185 6
233 12
448 29
464 13
198 14
207 14
38 26
67 12
89 20
217 30
331 24
382 16
74 10
169 24
375 19
35 7
496 15
378 27
475 26
240 16
167 2
194 25
123 4
64 15
187 4
404 13
192 9
453 29
178 13
352 29
240 14
463 23
4 21
382 6
34 25
150 20
418 19
256 20
454 15
102 12
303 13
9 14
141 21
110 6
285 29
222 32
51 5
463 6
377 8
32 6
168 1
313 25
227 5
476 8
239 13
171 5
81 11
386 13
491 27
390 32
160 20
151 2
296 21
115 16
12 18
285 27
30 13
115 4
17 30
287 4
166 30
500 2
488 26
170 7
436 32
106 11
375 4
156 10
425 19
45 20
120 13
467 22
129 1
109 10
23 4
457 8
57 20
490 8
397 23
226 1
422 19
279 8
291 23
317 15
409 9
150 12
393 16
29 14
49 26
371 15
237 3
462 29
486 31
188 3
462 18
67 11
96 13
383 26
131 3
452 11
412 10
419 32
69 23
29 9
288 3
391 12
429 13
316 27
155 12
149 32
269 31
203 32
411 29
102 14
135 1
284 10
6 14
54 3
353 22
395 20
185 2
16 29
342 7
379 24
38 19
316 14
445 2
374 28
454 7
101 28
379 32
338 17
290 15
163 18
176 29
485 28
398 4
177 11
183 15
87 28
286 26
230 18
271 23
437 24
281 21
163 3
125 24
247 2
242 5
259 10
22 23
481 31
243 29
10 5
64 12
348 13
349 9
430 31
383 11
46 27
107 8
174 19
60 16
348 5
33 6
70 22
201 19
176 23
59 29
71 26
484 26
322 12
199 4
154 1
174 31
96 12
407 25
215 6
392 18
118 28
372 24
181 20
442 5
218 24
245 4
326 9
409 23
412 31
102 30
392 7
116 27
407 2
459 17
191 26
238 17
478 25
200 6
384 17
70 21
344 11
240 25
43 21
168 6
459 9
223 18
248 31
392 2
64 30
478 7
404 19
267 13
28 30
94 23
310 28
364 21
478 3
174 24
103 29
177 10
313 32
467 20
90 7
417 29
60 6
111 27
313 25
47 4
194 25
102 3
156 5
360 25
420 5
356 30
77 12
287 5
283 2
153 8
464 13
81 11
167 7
42 11
420 12
22 21
80 7
468 23
292 15
219 19
211 30
84 19
458 23
379 20
328 15
168 31
452 32
369 14
438 14
152 5
350 5
322 29
351 17
368 22
467 2
352 17
12 24
167 9
362 25
264 5
76 23
183 3
178 11
200 28
313 7
176 18
227 25
442 21
137 1
71 7
247 18
335 2
61 25
282 22
46 5
314 25
476 28
203 17
399 10
472 31
456 12
224 26
496 29
462 13
326 24
291 32
158 10
33 18
126 10
344 19
358 1
495 9
5 5
190 3
302 5
317 29
12 16
142 20
408 4
344 9
339 18
8 4
463 8
66 29
205 29
463 31
65 26
99 25
358 32
323 12
301 27
120 20
382 30
171 22
69 6
374 27
352 6
255 18
273 20
106 30
80 29
244 12
378 2
65 19
130 31
98 6
230 6
93 3
331 32
104 3
129 22
157 28
211 27
498 7
82 27
16 29
23 31
157 12
101 13
339 2
163 28
363 4
5 31
207 3
218 30
437 3
139 2
30 13
208 11
388 10
482 23
302 28
162 14
256 22
382 6
195 5
233 29
140 2
363 14
276 25
8 9
131 30
362 24
199 5
39 30
210 8
488 20
227 9
173 10
466 27
279 20
303 16
420 6
101 11
140 20
215 31
144 29
144 5
356 6
74 22
279 23
469 23
498 32
471 11
29 29
281 24
448 3
319 32
228 23
150 27
350 12
365 6
412 21
498 27
54 19
217 29
58 13
303 19
380 17
281 21
209 1
68 29
495 18
376 11
8 5
441 17
92 30
202 23
370 32
473 11
474 1
107 27
374 25
142 25
34 10
365 22
335 24
102 13
169 13
255 16
205 28
237 32
205 22
2 10
489 7
348 7
163 27
197 20
67 14
345 28
112 25
46 2
493 3
478 25
328 5
41 32
280 9
32 24
66 21
409 19
359 20
369 2
414 25
261 1
107 1
432 30
166 13
367 10
328 12
22 31
76 10
390 15
42 29
42 16
158 6
14 12
58 26
389 7
150 2
303 24
106 3
177 27
267 19
132 30
239 6
452 14
271 26
373 1
318 2
272 7
216 17
343 1
18 31
447 27
232 14
127 2
188 7
312 30
198 32
400 24
153 23
101 19
396 1
87 6
239 2
40 10
346 30
78 27
465 16
234 28
125 8
237 12
14 25
470 7
48 5
350 28
423 3
474 11
127 1
384 5
122 27
170 20
9 23
34 21
475 3
372 3
478 13
115 24
361 24
258 28
304 28
107 22
410 4
396 32
492 15
105 6
258 18
285 2
225 6
90 15
437 5
1 18
421 31
109 21
50 7
188 17
326 6
283 31
226 6
474 13
13 2
386 30
56 10
387 28
340 20
182 24
140 26
41 9
149 18
193 14
220 13
255 25
378 5
483 27
418 20
24 30
386 25
403 9
283 25
424 18
320 13
249 4
138 17
372 30
494 8
336 25
296 10
109 6
330 7
128 23
399 7
381 16
116 15
280 2
276 27
19 19
159 27
54 12
259 1
434 13
341 21
317 28
210 22
13 11
220 1
137 22
495 21
105 6
152 28
7 11
290 25
21 28
495 19
96 30
203 17
358 27
297 14
383 2
451 23
396 31
387 12
140 30
49 25
343 4
332 10
478 10
430 10
421 21
276 12
30 15
396 27
225 32
412 31
49 11
354 12
385 12
476 28
325 24
472 12
427 8
221 8
129 22
253 21
74 13
417 27
211 28
341 3
356 29
246 28
467 23
200 15
190 31
226 11
254 30
34 16
205 10
435 21
255 7
381 9
419 9
487 13
461 24
268 32
432 17
423 26
463 2
100 8
352 17
370 21

