128
14 23
80 16
318 17
334 10
455 11
442 30
189 2
255 7
364 24
403 16
353 5
131 28
351 20
489 23
115 15
134 20
242 9
447 15
466 13
228 32
103 1
245 19
482 16
73 21
75 24
392 15
312 31
210 2
486 27
484 1
269 9
80 14
33 23
421 10
159 20
270 25
317 6
255 22
217 4
495 27
155 14
69 22
112 19
479 30
477 14
50 21
430 17
255 6
7 31
312 9
174 25
277 6
298 12
492 19
359 6
157 9
75 22
182 31
4 20
488 20
473 25
76 22
17 10
67 16
208 10
40 26
162 25
75 32
200 26
326 18
403 30
274 18
59 23
16 26
318 11
393 10
391 21
247 11
2 25
134 6
395 18
443 4
194 29
219 13
435 20
302 21
230 23
166 4
85 21
202 22
387 10
395 1
266 29
388 28
305 5
329 23
398 31
311 31
491 29
335 17
277 8
114 2
414 11
497 10
164 2
251 30
496 29
179 9
489 10
380 14
290 4
196 4
182 30
482 29
387 13
449 11
156 18
224 18
45 16
271 28
122 26
461 29
370 23
81 15
408 9
356 14
372 31
89 14
409 18
430 23
90 22
161 18
292 12
19 4
455 29
247 12
14 23
396 12
50 13
446 13
141 21
358 32
203 10
121 15
220 22
109 25
428 5
258 19
356 12
110 11
121 20
90 30
266 30
221 23
166 2
124 30
318 29
373 9
131 10
335 2
43 28
362 10
416 4
392 16
451 17
434 23
60 15
57 14
212 29
492 21
295 7
386 20
300 15
484 10
252 19
483 22
114 4
116 13
167 27
152 22
212 21
40 15
164 32
448 15
373 32
104 27
258 21
130 9
99 10
42 26
284 28
496 9
220 15
129 6
321 17
355 20
69 7
155 8
490 30
459 2
245 26
380 3
402 10
263 17
475 29
202 14
180 25
358 23
159 10
285 16
470 23
11 31
385 5
122 3
119 28
88 31
345 32
217 3
329 12
99 27
488 28
412 31
349 29
418 27
458 18
486 32
192 13
318 5
365 3
303 19
223 10
50 19
209 18
17 17
449 7
191 4
267 18
307 23
426 24
473 20
425 27
163 16
159 16
396 23
122 26
210 16
88 27
467 12
376 23
37 9
450 7
464 32
33 14
34 6
493 6
45 13
168 11
237 6
390 16
201 12
182 6
59 13
372 29
416 11
360 20
423 17
31 31
376 19
8 5
76 17
266 17
121 10
327 25
111 21
341 11
80 18
276 26
142 15
367 21
394 10
213 12
386 3
406 9
361 22
373 12
266 22
56 2
423 23
95 14
303 3
48 10
160 8
223 17
322 25
61 15
18 13
383 27
219 4
367 3
53 15
367 30
229 10
56 3
8 26
388 10
436 8
43 15
463 22
99 4
410 3
351 16
136 13
34 30
224 13
285 9
139 15
446 31
424 5
222 24
2 17
93 25
100 20
235 6
105 5
50 22
344 28
145 23
336 15
184 23
79 20
187 21
470 5
288 26
337 21
177 7
173 17
479 29
256 6
186 12
250 11
226 17
486 6
423 13
400 27
232 14
426 2
399 16
254 22
141 15
250 25
281 14
437 19
46 13
176 12
52 2
170 25
370 28
203 25
328 18
251 11
432 32
329 2
423 18
219 23
24 32
83 20
241 24
267 23
212 30
222 27
219 23
244 17
398 18
381 26
399 27
136 2
158 16
363 9
398 25
347 1
252 14
429 5
449 27
131 8
488 28
274 23
94 21
295 4
166 15
217 9
9 32
98 2
168 13
450 17
245 9
189 29
226 5
341 26
163 27
185 23
378 2
357 7
31 19
462 28
381 6
464 9
234 14
406 21
374 20
21 30
4 21
318 17
178 26
106 24
332 10
342 9
451 26
32 1
52 25
29 12
375 32
172 4
405 30
64 6
285 28
100 12
496 29
368 9
427 5
217 10
114 14
171 24
108 2
249 19
46 21
295 24
120 18
83 1
43 18
154 31
433 9
114 29
22 5
453 28
305 5
57 22
79 23
186 26
280 6
48 18
62 10
449 13
308 4
409 10
381 19
29 2
167 18
242 32
327 2
487 31
67 32
105 25
326 2
34 14
427 29
283 32
275 7
372 2
466 25
135 31
195 19
160 5
361 29
253 27
150 31
373 4
486 13
64 20
118 13
269 20
30 31
383 16
485 31
441 15
387 27
1 1
442 12
293 18
264 9
192 5
284 4
333 5
393 4
284 30
345 24
406 26
306 4
381 27
394 25
445 24
247 21
212 32
308 29
193 7
49 28
335 12
4 19
305 16
415 8
257 7
344 30
336 21
302 8
143 3
388 23
179 18
235 18
378 10
394 2
464 19
158 27
126 29
169 14
408 3
74 24
193 21
30 8
269 23
95 24
229 14
202 19
172 25
297 17
182 18
470 18
484 15
296 2
491 24
243 22
399 4
266 3
436 3
471 1
477 25
468 17
251 5
112 6
309 8
322 31
301 7
488 29
122 27
98 32
450 12
362 12
360 3
143 7
273 25
203 29
381 30
453 23
43 16
256 31
27 17
45 16
220 12
316 13
18 9
156 24
308 1
19 3
495 17
166 7
477 16
367 26
390 16
192 16
87 12
134 22
376 11
145 19
414 16
139 28
76 11
251 11
311 21
402 14
282 23
276 14
286 23
319 19
166 23
458 4
310 16
217 29
474 29
484 15
24 14
170 3
416 28
334 3
41 27
88 22
153 3
283 22
209 10
465 30
464 10
478 1
217 26
161 18
259 12
429 2
266 10
233 17
370 18
259 22
152 2
435 28
61 13
93 29
22 25
495 21
331 28
109 27
17 18
89 11
265 13
409 22
318 17
63 27
58 25
300 13
371 26
364 31
155 24
403 28
365 21
13 19
220 5
93 5
94 25
363 19
401 27
240 27
263 14
109 12
179 5
380 1
346 31
183 4
51 25
28 7
334 16
461 29
364 5
141 10
86 16
168 2
126 3
408 21
265 17
412 23
277 24
343 18
238 21
474 12
461 21
406 26
392 10
51 23
271 23
64 12
46 27
45 16
342 9
264 14
469 3
400 13
170 26
218 16
118 19
47 26
43 13
76 10
170 10
41 4
168 32
147 6
187 28
441 24
496 24
485 28
230 8
412 20
477 5
159 14
172 29
23 30
9 26
500 31
75 8
118 3
347 17
160 1
308 28
264 15
155 28
470 12
335 17
135 3
361 1
404 12
350 23
98 6
24 17
36 19
340 6
193 30
122 28
423 1
155 22
435 9
138 24
396 20
488 19
283 28
27 6
232 16
464 17
86 12
129 25
290 24
478 18
357 19
37 19
231 3
169 1
351 26
272 30
481 31
480 3
311 3
153 2
382 4
74 7
307 18
440 12
225 29
429 29
220 9
64 2
359 24
171 21
241 26
159 29
405 2
336 19
144 8
108 22
455 5
344 26
86 27
61 30
256 2
242 7
158 9
128 21
92 10
77 16
444 27
257 28
225 12
62 32
431 1
245 29
53 17
350 26
427 27
299 2
252 16
360 5
49 16
277 24
489 2
324 28
292 20
279 24
23 4
236 17
212 12
41 8
272 3
253 7
5 23
84 24
295 16
368 31
283 21
334 23
54 29
203 17
440 9
213 14
25 32
266 16
279 11
204 7
253 24
453 9
211 20
216 21
331 27
51 1
431 8
384 4
245 10
181 20
270 29
498 30
192 31
234 6
125 5
224 21
448 24
485 10
416 28
366 14
135 16
211 5
4 6
401 28
383 29
135 32
325 16
150 20
99 11
337 23
375 5
100 10
440 8
332 7
488 17
453 26
317 3
242 24
108 6
419 22
74 1
345 26
37 18
265 31
432 6
209 10
14 32
480 5
96 7
12 11
211 32
260 23
478 1
198 9
495 32
278 8
373 18
318 17
172 14
247 31
35 3
261 28
115 28
205 10
106 12
348 24
383 23
195 12
107 28
148 29
212 17
21 28
250 6
344 5
271 26
376 6
396 12
409 30
79 1
423 8
32 26
351 22
376 13
125 7
141 20
435 4
48 7
287 6
144 10
218 31
71 13
276 30
80 4
328 30
149 2
397 16
372 4
446 11
496 6
433 24
342 20
339 29
174 25
38 6
106 12
288 4
200 7
494 16
246 29
493 14
274 18
426 25
489 3
244 4
292 20
472 1
395 22
374 1
287 31
90 16
18 9
272 2
439 21
201 24
289 29
430 14
82 3
59 2
77 10
258 12
329 1
353 4
242 10
144 4
340 9
124 18
313 7
427 31
11 3
286 11
171 27
360 13
421 30
378 1
71 19
365 4
215 25
475 9
294 10
336 9
406 31
342 2
205 12
320 31
98 21
13 13
172 1
77 12
494 6
293 5
441 25
168 11
77 14
463 18
315 31
206 8
109 20
437 2
19 8
380 13
212 9
441 11
321 17
179 6
174 3
82 14
331 17
269 11
94 11
128 20
381 21
479 6
232 3
155 7
22 6
71 6
130 11
468 22
231 6
116 16
320 5
18 2
2 22
408 19
220 7
355 9
368 1
294 3
100 20
201 13
185 27
206 7
485 2
116 31
375 23
119 15
484 12
196 17
477 28
431 32
490 9
148 29
322 21
308 13
92 8
393 1

