128
322 13
435 20
161 32
3 26
388 22
462 21
35 16
469 31
32 32
265 6
134 26
163 16
14 20
353 26
498 2
227 11
403 30
494 31
477 29
240 21
6 13
345 13
253 25
15 12
456 7
325 29
201 7
65 2
166 17
103 15
131 10
186 1
491 23
447 3
231 23
387 5
91 31
277 31
396 27
478 15
421 26
292 1
140 24
187 26
124 29
172 26
470 1
138 12
240 25
483 10
475 5
206 17
452 30
260 27
124 25
49 25
391 20
369 18
47 27
39 19
196 19
128 29
419 6
329 10
54 23
480 12
179 1
444 30
371 11
180 22
292 1
390 22
68 7
63 31
165 18
489 24
164 28
229 22
233 29
92 30
367 19
165 13
459 5
231 17
163 2
175 18
138 20
135 22
26 14
24 27
151 4
254 2
479 6
247 32
390 22
497 20
112 6
5 27
122 11
251 24
496 17
90 14
45 16
191 30
125 22
112 27
429 10
292 23
199 19
118 17
228 19
196 16
480 4
262 1
138 20
236 26
141 1
267 9
253 9
106 13
226 30
356 22
287 3
412 21
185 2
425 29
496 9
104 11
376 21
279 26
228 2
147 12
191 25
256 19
425 26
171 30
283 6
155 29
25 30
405 29
447 22
325 18
154 4
120 9
144 6
394 32
264 20
443 10
156 31
452 12
264 26
433 14
352 27
114 8
357 26
436 23
51 29
301 12
40 4
85 24
22 22
259 17
370 1
442 21
103 21
309 22
366 9
411 13
32 12
444 28
98 24
394 20
344 26
204 19
466 20
418 7
469 32
123 18
81 16
67 31
308 7
49 17
467 23
446 18
39 17
89 8
120 31
283 27
28 26
198 21
477 23
331 22
495 17
135 23
220 13
109 3
427 9
256 2
172 17
447 2
89 32
197 9
222 3
375 21
169 16
446 9
243 4
442 29
433 5
15 20
481 7
31 4
336 10
357 15
486 23
68 26
190 24
338 19
94 5
364 22
488 17
259 26
436 28
170 8
332 8
20 17
11 18
424 30
187 24
352 20
82 27
449 4
34 15
34 11
351 29
389 6
57 31
272 1
402 21
212 26
477 3
398 11
132 29
184 14
100 19
341 1
305 14
156 30
428 26
316 14
290 8
319 3
54 18
191 32
383 10
41 3
485 2
49 32
258 20
286 17
118 14
93 18
267 21
463 22
142 22
323 3
186 22
129 3
231 7
46 13
73 26
175 29
23 27
24 24
306 9
192 19
287 25
400 17
385 18
99 26
344 9
308 5
62 1
471 5
107 9
109 23
454 32
439 29
358 15
312 8
123 28
142 13
140 30
314 32
107 4
401 22
332 20
34 10
496 1
390 27
373 30
485 10
133 4
154 23
238 26
210 8
321 23
473 8
244 18
335 3
49 31
356 32
442 18
477 6
394 22
244 26
216 16
91 16
3 9
42 4
62 3
304 22
102 32
193 13
413 3
399 5
113 7
44 18
144 13
195 9
238 22
154 21
18 4
153 24
192 10
316 13
297 7
190 6
98 30
446 22
260 1
174 32
451 29
130 30
441 8
334 11
466 7
335 3
286 3
58 22
33 21
286 25
343 4
78 32
209 15
153 1
219 14
44 21
247 17
466 19
201 23
217 22
341 28
352 7
390 17
308 10
282 29
454 32
68 31
268 1
406 20
97 28
246 32
145 12
165 2
30 9
113 27
234 21
150 21
431 19
345 22
165 10
183 30
454 18
1 9
230 10
140 18
381 29
318 21
80 2
339 6
50 15
60 7
107 21
219 30
451 31
127 3
393 5
85 18
263 29
418 8
194 21
318 10
498 11
303 25
320 21
390 21
295 29
3 5
9 21
290 24
487 21
426 27
429 26
76 15
298 5
183 27
254 16
269 11
190 3
179 5
63 1
229 25
369 19
109 14
155 31
41 25
167 30
372 11
180 31
286 13
292 16
172 29
171 12
147 24
362 9
220 4
97 20
132 6
30 24
399 12
138 23
28 8
108 23
399 11
50 12
468 25
355 31
89 25
282 27
236 23
411 11
66 12
106 21
177 3
288 3
22 2
365 17
81 12
152 27
111 29
14 14
393 32
420 9
244 21
67 7
343 5
137 4
188 14
308 32
228 3
290 29
372 26
2 13
478 21
283 28
353 13
17 5
16 20
429 4
488 15
294 18
175 27
441 3
24 12
430 24
194 4
204 18
77 1
370 2
209 4
141 5
300 5
361 28
296 21
279 31
135 8
316 22
354 4
228 10
207 25
333 29
80 20
318 25
445 11
62 9
190 23
418 30
63 22
157 19
419 23
493 13
358 1
418 32
416 25
293 19
6 9
375 13
216 28
445 16
230 31
17 19
61 6
408 15
415 8
333 5
202 18
90 28
486 19
123 21
356 3
227 29
243 21
149 6
144 14
470 21
452 14
144 32
123 23
338 13
171 15
222 28
348 3
431 17
21 17
289 32
171 12
88 29
468 5
223 16
182 24
188 29
29 11
348 23
86 9
187 32
207 20
479 22
422 18
90 11
314 11
170 21
246 6
249 21
198 19
28 27
162 8
363 14
398 18
192 19
246 7
442 17
342 13
210 16
182 12
410 31
382 3
331 11
40 4
43 17
402 3
467 32
138 1
457 27
94 17
222 12
231 31
496 16
435 1
39 8
208 24
111 1
379 25
271 2
224 10
7 18
236 29
41 21
358 29
259 15
349 28
142 3
143 21
355 5
194 17
45 1
341 19
46 3
447 12
488 7
129 22
148 32
23 8
88 16
36 3
182 17
178 24
315 24
312 5
101 1
414 9
462 30
151 3
324 5
322 3
471 3
9 2
18 11
157 22
262 13
156 23
429 21
118 15
357 26
264 9
138 9
453 27
282 11
105 5
51 11
119 26
81 31
491 14
361 4
55 2
340 26
417 12
395 6
362 27
167 13
59 25
153 19
255 26
113 16
390 11
490 5
36 6
487 31
167 12
174 22
173 17
135 5
484 29
327 21
279 9
174 25
1 22
199 20
464 7
319 13
326 28
213 21
229 20
91 19
251 20
172 11
480 23
216 31
335 26
12 10
386 21
154 3
214 13
494 25
15 24
382 4
471 22
405 19
497 11
149 7
111 13
374 2
127 1
405 21
482 20
278 27
304 32
105 17
284 18
398 30
261 15
342 27
76 26
485 13
240 18
23 2
306 4
292 32
188 4
244 29
167 18
388 30
305 20
190 28
294 23
89 14
217 26
341 9
27 21
69 23
310 7
468 3
191 27
250 14
10 22
251 20
219 2
497 23
333 31
314 26
125 10
384 26
184 16
338 22
400 22
328 10
348 4
28 6
258 14
120 28
475 30
295 9
211 32
67 19
330 16
21 18
485 20
499 28
479 12
82 6
93 29
291 29
408 27
330 30
300 21
489 10
22 7
318 16
426 16
127 3
467 15
61 23
402 31
323 4
99 4
257 11
16 24
483 32
218 9
145 25
465 21
142 15
415 19
70 1
194 32
447 32
194 23
314 15
270 8
474 32
391 27
410 11
482 17
182 3
57 6
419 21
458 28
359 20
370 1
64 15
328 23
426 14
369 3
116 2
375 14
357 21
376 11
171 25
11 8
259 19
29 21
439 6
88 10
62 29
282 13
371 9
487 24
130 16
386 18
197 4
391 18
229 6
24 23
474 22
455 24
452 11
408 14
173 27
391 10
451 32
62 1
133 25
172 30
108 17
211 24
21 13
413 13
218 4
351 15
321 1
422 32
492 17
218 28
175 4
101 1
132 26
1 12
414 24
229 25
81 24
29 29
244 25
201 22
229 11
4 21
208 10
377 23
458 2
66 5
53 22
461 8
31 6
151 1
485 28
169 5
23 9
165 22
490 9
79 30
120 15
470 31
212 6
229 17
291 6
5 12
15 26
231 9
279 6
193 27
113 2
180 19
262 32
252 11
413 19
172 28
265 26
210 24
191 14
496 6
287 29
29 13
318 3
197 20
492 30
62 8
455 13
90 8
437 2
319 21
24 26
232 20
335 9
115 18
82 18
211 8
462 7
168 3
349 8
78 17
457 4
296 3
380 18
479 28
79 29
16 6
490 31
241 9
39 3
202 28
168 16
339 2
2 22
112 30
74 26
190 2
181 6
293 12
75 15
80 9
271 23
458 32
342 6
84 28
256 1
352 27
48 26
404 5
48 32
251 13
57 16
354 21
129 18
148 11
120 7
59 10
174 32
2 19
417 17
98 12
74 5
95 1
343 2
374 14
13 8
214 25
415 7
157 12
65 13
98 24
235 9
426 16
376 11
274 13
215 16
464 12
24 30
465 18
408 18
107 32
313 24
193 15
239 5
326 23
357 16
190 4
284 15
351 31
245 21
451 20
200 3
451 23
324 11
441 31
456 7
355 20
71 23
199 29
99 28
463 12
299 32
251 2
119 1
93 7
429 11
26 24
309 25
55 13
243 23
67 31
245 9
318 27
171 20
475 26
244 9
429 26
441 19
328 23
483 28
125 8
462 23
243 19
479 13
255 17
495 9
271 32
446 1
406 16
308 17
89 3
21 13
297 1
47 24
223 18
43 20
293 24
350 23
478 24
36 8
400 6
405 23
121 2
463 31
317 10
111 26

