128
403 1
61 15
473 24
337 20
87 20
12 5
495 4
341 8
467 2
380 32
9 6
295 27
182 6
171 30
31 1
157 5
317 13
176 13
132 32
124 15
163 19
219 10
314 3
389 32
220 16
200 9
477 2
279 26
355 25
495 10
57 23
170 25
71 1
13 7
209 4
477 19
122 7
380 12
457 12
67 13
239 10
257 16
463 23
77 18
335 32
55 8
426 8
468 25
273 5
403 9
320 19
203 30
425 23
81 1
406 19
409 29
117 1
360 7
51 20
248 6
211 18
129 9
230 12
337 2
280 31
334 24
117 4
245 9
174 29
273 28
175 22
224 11
346 3
74 13
222 9
134 9
327 30
273 20
413 17
409 25
347 30
144 31
481 4
207 27
64 15
234 14
12 13
233 26
95 10
458 4
478 23
452 12
408 28
211 28
332 19
12 26
212 3
344 17
246 30
347 5
381 32
251 16
92 11
453 26
140 14
205 5
204 9
421 23
380 15
431 16
102 6
93 17
153 1
5 14
338 11
59 10
486 5
314 21
495 2
466 2
28 11
250 19
327 22
194 22
5 28
121 6
269 14
418 9
2 23
171 11
329 9
261 11
241 14
95 27
191 13
368 30
83 1
153 9
343 26
318 27
321 3
304 21
4 21
214 29
347 20
195 12
464 27
342 8
380 20
290 23
200 29
492 22
329 4
42 19
341 28
369 17
2 12
454 13
245 3
361 11
254 15
118 17
214 11
124 17
99 25
367 30
273 27
432 17
354 17
124 27
184 16
207 9
16 16
41 28
382 29
202 7
12 28
203 21
482 14
21 4
442 12
230 26
98 21
19 3
485 14
145 17
337 8
205 24
67 14
463 9
202 25
83 21
336 6
289 25
315 14
249 25
197 30
322 30
342 28
96 22
185 29
198 6
296 31
225 26
204 16
162 21
204 17
118 27
234 18
207 8
215 15
304 23
136 18
56 29
317 20
7 22
244 24
375 19
310 23
104 1
138 14
418 13
362 31
83 19
292 26
494 15
448 26
121 20
275 25
412 23
32 2
296 27
474 6
17 15
121 24
500 2
89 5
303 2
303 21
248 18
26 14
304 22
391 5
409 17
305 24
459 8
442 19
462 19
128 14
401 20
301 16
358 10
168 4
395 22
396 31
268 6
236 7
99 18
347 3
494 7
30 8
338 19
410 15
237 18
480 6
285 1
389 26
374 9
5 20
378 21
262 5
378 29
420 20
474 22
186 15
269 15
123 10
390 16
257 6
69 20
467 6
220 32
51 29
264 28
213 5
160 2
490 9
175 21
216 12
26 17
319 6
319 17
104 32
324 8
186 1
299 16
450 15
359 4
315 22
259 27
467 14
205 4
158 27
68 17
230 1
125 32
91 32
340 22
3 16
257 4
408 23
340 21
277 2
208 16
172 23
470 18
236 6
297 26
404 12
470 6
308 11
33 18
390 21
295 8
36 3
80 19
310 31
151 30
468 30
29 23
28 23
128 24
24 28
361 28
139 26
265 19
276 5
48 13
373 11
409 28
245 32
54 6
110 20
344 29
266 16
68 5
222 27
408 2
471 12
229 29
302 29
407 9
493 19
94 26
149 10
125 9
193 3
151 6
86 18
82 7
365 21
496 7
196 7
388 6
375 4
126 24
460 17
252 32
339 21
21 31
50 14
231 6
28 21
99 5
226 13
464 7
181 23
381 16
213 20
245 15
235 23
114 22
255 6
349 9
414 14
283 24
367 13
409 10
246 8
358 7
40 25
413 20
483 25
300 12
412 24
486 2
266 32
43 20
317 12
316 30
113 2
397 19
463 18
76 16
17 9
30 12
310 3
331 16
87 2
191 7
26 21
348 7
128 31
15 24
486 22
377 2
132 10
280 6
283 15
153 19
491 10
410 24
476 28
444 7
74 2
117 23
162 20
93 9
58 23
84 27
493 21
492 4
438 15
421 24
329 29
74 20
106 7
323 18
426 18
348 31
104 4
449 9
131 18
54 9
204 17
231 20
153 31
171 2
197 31
13 10
15 2
197 1
420 7
406 10
137 9
196 12
420 29
4 2
242 5
90 21
250 13
493 26
247 31
344 23
106 20
468 24
294 28
92 29
35 9
262 27
305 14
262 28
306 25
478 23
378 7
343 19
239 19
380 29
350 7
428 15
431 19
74 16
411 30
288 17
218 18
467 23
359 16
450 8
196 15
414 5
494 8
51 8
443 3
69 12
357 24
246 3
94 31
10 24
40 30
300 2
347 18
484 13
197 9
72 9
212 17
317 13
92 4
288 18
2 24
325 14
55 22
145 25
93 2
4 16
303 24
93 13
273 8
409 10
361 12
214 8
464 30
128 20
101 7
89 6
475 2
312 13
187 4
177 11
313 21
115 4
336 11
320 20
283 9
429 3
60 14
214 16
376 29
431 12
459 7
282 1
488 5
314 31
252 18
305 12
374 3
235 17
478 31
21 32
135 1
254 26
295 11
69 26
363 11
349 9
74 22
254 25
74 23
87 1
408 32
93 14
14 27
342 15
233 2
102 31
163 15
413 17
377 1
478 31
184 14
60 29
308 17
169 29
231 12
58 14
351 10
123 12
328 25
207 29
30 8
131 28
367 19
500 15
376 21
334 31
7 21
19 6
409 15
46 11
146 31
332 4
308 19
64 12
271 10
400 4
429 2
344 7
73 11
242 8
376 3
210 2
171 32
47 27
470 8
421 8
251 28
315 14
58 26
45 24
499 32
332 20
326 27
278 22
221 15
49 4
297 2
329 7
189 11
249 14
171 5
125 25
273 32
330 14
21 31
362 28
170 1
151 31
71 8
244 31
151 16
91 7
401 7
266 17
498 14
451 4
35 19
440 19
366 1
340 11
347 5
258 29
97 20
363 31
39 15
162 17
102 32
488 15
374 5
295 23
118 29
390 4
172 21
162 1
302 22
127 20
406 16
368 31
495 11
373 30
41 26
74 22
489 5
348 31
165 3
233 27
239 15
490 14
155 20
151 24
357 25
308 2
365 27
468 11
257 29
244 29
78 22
143 15
82 22
281 3
132 1
233 23
339 26
336 18
77 18
153 21
467 20
251 19
339 22
189 19
262 5
96 8
454 2
110 19
227 2
133 15
254 17
285 17
291 8
438 23
458 10
4 4
106 2
254 12
175 18
390 9
78 13
480 15
74 5
66 5
478 22
363 7
415 23
27 17
118 24
275 23
258 18
350 31
383 15
158 10
397 7
198 22
384 1
357 1
117 6
461 10
471 23
28 1
173 7
293 11
370 24
217 31
197 27
341 28
21 6
341 9
397 22
95 32
66 3
440 26
76 5
479 2
427 18
135 8
60 19
94 22
346 18
260 19
80 17
326 21
450 18
73 2
55 27
181 28
321 1
5 4
225 23
294 31
340 8
306 32
206 23
33 4
61 8
446 20
244 3
444 14
140 5
243 26
387 16
17 28
248 9
455 20
207 4
326 6
27 24
445 5
30 25
136 22
121 29
434 24
55 17
409 18
97 20
91 20
131 31
43 18
183 13
201 5
97 22
434 27
9 15
207 27
59 6
184 7
478 25
395 32
198 3
77 30
10 27
481 24
329 31
17 31
224 13
399 28
95 13
146 15
63 21
345 1
250 25
152 28
349 6
111 26
52 12
44 30
58 8
53 31
103 30
249 18
490 32
349 12
332 2
391 6
402 3
366 16
467 13
231 12
118 5
65 26
380 28
435 22
188 11
28 10
408 16
319 18
275 7
185 26
364 23
351 30
14 5
121 20
437 23
499 3
43 4
428 11
23 18
416 2
348 19
351 4
70 5
357 17
187 17
302 19
468 9
20 1
221 28
312 29
194 19
415 12
226 26
362 20
203 21
162 7
423 32
10 9
385 30
41 15
406 2
325 21
494 16
205 22
187 9
75 28
31 17
320 16
183 29
207 21
162 24
139 24
84 4
280 28
13 24
390 15
14 11
495 3
262 24
277 5
420 11
32 26
191 7
205 5
88 11
462 21
131 20
36 26
248 12
33 24
339 30
234 28
488 9
415 2
132 23
402 31
393 5
500 27
340 32
160 15
318 25
27 12
72 14
365 3
81 25
283 28
171 32
475 30
448 21
111 7
79 4
481 11
1 28
406 20
387 5
118 5
37 4
208 8
409 21
279 10
321 5
113 3
132 27
353 12
328 31
362 26
179 23
81 11
26 10
370 13
254 31
321 10
334 32
101 18
452 27
435 1
495 31
115 3
486 3
58 9
134 31
422 4
465 6
342 7
191 11
107 28
401 3
289 10
158 22
327 22
120 22
234 15
160 24
93 13
19 30
309 28
272 23
463 17
436 12
79 11
218 9
126 30
463 11
203 12
304 1
81 15
142 22
241 10
366 13
298 8
334 11
387 6
41 1
194 28
356 12
158 1
308 12
42 30
50 4
93 21
124 10
479 26
339 32
419 12
404 24
439 22
26 21
195 2
377 16
246 32
363 3
8 14
38 29
495 3
144 19
291 4
260 26
385 27
341 31
6 4
370 25
333 24
473 19
313 2
118 22
285 28
313 1
205 6
45 19
289 29
286 31
160 1
200 28
347 16
50 1
284 15
1 12
166 5
495 31
174 32

