16
245 21
369 22
88 15
478 14
236 27
89 23
147 30
468 15
492 17
498 15
203 15
326 25
220 30
475 1
418 21
161 30
357 29
287 25
104 13
458 7
235 30
241 2
451 8
144 11
72 6
365 14
128 14
102 23
35 17
379 1
5 19
170 14
420 17
10 27
425 11
213 3
365 29
244 3
364 20
257 28
381 5
413 12
14 15
206 29
295 24
205 3
474 26
364 25
182 21
267 6
340 19
117 8
283 12
370 19
99 23
286 23
451 22
338 13
64 3
217 2
330 5
361 4
498 20
48 8
97 15
489 8
293 21
343 16
169 24
426 31
42 15
98 9
260 23
13 8
182 29
33 19
353 13
166 30
469 18
233 9
232 18
204 32
30 30
303 6
461 16
317 3
290 26
199 2
52 31
225 9
291 17
448 27
2 17
196 30
30 29
386 1
2 21
137 19
486 15
229 6
19 29
152 28
162 18
61 5
412 5
150 10
394 9
48 19
61 28
216 27
172 21
203 5
393 27
203 26
130 15
27 8
179 7
11 32
380 32
257 8
208 18
197 25
2 21
347 18
488 26
4 7
218 7
35 22

