16
162 16
5 13
204 2
470 8
259 31
341 27
91 9
490 6
359 6
57 12
181 26
321 12
471 13
87 21
276 6
405 18
345 13
150 16
234 24
59 8
22 31
66 25
52 19
438 26
260 22
165 9
227 10
276 2
58 6
162 1
115 11
474 32
179 16
211 5
447 6
256 28
20 14
284 11
80 17
480 24
419 9
484 21
334 19
342 7
120 12
427 3
422 25
398 12
376 16
216 14
377 28
493 25
349 29
171 8
201 7
119 19
499 30
264 32
212 29
74 8
312 12
270 29
252 11
389 11
274 24
152 15
279 1
103 27
125 9
407 9
127 1
296 29
479 3
308 14
219 1
373 7
85 30
467 16
160 11
167 2
163 18
140 21
166 22
420 14
366 18
319 13
202 18
321 16
376 5
222 18
213 18
476 17
88 27
133 23
1 27
384 7
468 7
456 30
116 11
127 26
404 1
178 13
410 14
285 5
478 26
231 23
451 14
339 26
352 7
489 13
121 8
367 13
99 14
278 10
400 20
251 19
201 8
260 6
278 28
99 7
401 1
297 31
238 4
93 22
458 9
498 11
8 20
223 30

