16
395 11
429 14
69 31
433 26
359 16
88 25
403 28
264 13
206 2
82 14
325 18
188 32
244 21
117 22
182 3
163 12
145 23
309 30
422 25
411 8
352 6
332 6
17 11
90 22
352 32
67 12
69 14
59 12
330 3
257 32
197 11
439 18
362 4
407 23
44 5
266 4
18 29
1 10
395 27
107 19
466 1
478 10
426 9
49 16
211 21
471 16
75 25
453 32
212 15
422 24
379 19
3 28
339 3
281 22
297 3
184 22
59 5
499 16
49 19
295 24
203 13
371 6
378 7
417 1
385 27
196 7
229 18
10 28
53 6
5 17
28 24
315 10
52 5
273 9
212 24
64 30
36 6
395 9
460 8
354 32
354 1
458 14
99 7
205 7
460 25
55 19
100 29
424 12
34 20
104 25
319 19
362 15
304 25
267 3
124 32
106 1
373 7
262 19
233 23
325 24
27 15
178 31
100 5
130 13
352 29
229 3
103 26
25 6
50 7
168 17
467 9
1 7
39 31
161 27
433 17
314 3
215 27
437 10
147 10
446 22
2 26
20 20
116 8
361 5
391 32
42 21
356 6
195 22

