16
116 19
43 25
298 18
64 7
124 1
45 19
434 6
184 14
14 16
453 5
111 21
192 3
108 12
466 13
56 11
490 32
453 24
112 30
246 31
384 29
359 16
380 9
66 27
454 19
102 23
127 12
195 10
122 14
249 24
366 5
414 16
476 30
91 27
115 16
113 30
57 24
482 28
468 3
202 21
329 31
179 11
366 21
124 24
26 9
279 28
29 16
451 16
409 17
294 7
229 2
76 13
229 17
424 24
455 29
469 7
279 23
441 4
372 5
187 13
141 9
492 25
360 18
24 4
187 17
142 3
426 14
403 11
126 22
54 17
154 14
67 12
21 8
131 16
424 10
492 24
134 4
84 10
277 23
113 23
127 23
229 24
176 7
410 1
160 4
233 13
485 8
448 21
159 7
100 26
248 32
349 1
75 32
78 23
242 23
18 28
149 6
123 16
81 21
476 8
348 1
257 8
212 12
41 22
486 32
155 1
231 31
466 1
286 11
212 19
437 5
98 13
326 32
260 22
104 12
350 11
148 18
487 19
161 15
80 15
18 22
231 13
236 16
257 17
443 4
251 27
48 16
316 18
271 3

