16
94 6
183 23
251 28
175 18
4 29
147 31
140 3
117 13
356 32
237 22
190 20
210 32
124 28
358 24
1 26
489 2
239 23
12 29
127 30
371 14
458 29
345 1
363 5
13 15
477 18
160 2
61 25
210 20
36 31
103 13
473 23
334 23
466 6
404 32
383 2
277 29
142 25
289 28
434 10
74 2
255 13
427 31
306 4
202 25
259 28
81 27
99 19
145 32
112 4
211 26
321 11
186 2
312 19
170 1
480 7
6 22
180 4
400 25
272 5
177 10
256 22
464 18
376 20
473 31
156 15
480 28
374 14
142 29
344 27
281 27
405 30
408 20
69 3
420 8
259 29
73 6
410 20
72 25
496 8
271 31
431 14
478 16
471 23
340 26
281 8
488 18
257 3
473 5
53 17
369 11
193 29
177 30
181 8
238 24
495 12
326 5
313 15
432 20
126 31
449 22
242 1
443 10
183 12
27 8
160 27
46 8
187 2
305 7
321 26
394 24
253 19
444 29
226 16
200 7
350 29
108 20
437 3
293 31
318 11
206 9
65 24
32 28
325 20
322 2
433 32
17 17
286 20
101 19

