16
124 25
321 14
8 5
11 24
429 8
354 12
284 29
208 9
276 18
120 26
103 24
195 24
222 5
465 5
434 8
281 1
121 17
170 20
294 32
320 22
283 13
89 31
473 24
495 16
205 22
90 3
133 28
138 3
12 10
211 6
474 3
354 18
444 20
73 9
55 16
458 26
268 31
460 4
194 30
340 31
68 29
409 32
64 27
406 24
352 8
225 21
459 2
122 30
305 11
138 8
290 3
401 22
345 24
149 23
313 12
493 8
268 21
432 32
151 9
111 19
305 19
31 27
264 13
16 9
51 29
280 16
303 16
101 32
243 30
390 27
89 10
287 17
134 10
392 13
258 6
139 2
188 5
28 11
173 19
223 7
251 2
415 14
385 27
53 23
116 2
34 1
175 20
413 8
241 32
444 14
157 18
264 28
251 11
498 7
390 25
498 12
426 4
45 11
130 5
141 22
242 18
154 16
197 6
428 1
221 11
139 9
453 30
424 19
248 9
329 5
493 6
129 27
441 9
81 7
474 5
168 19
99 17
187 27
90 26
436 26
336 10
390 32
179 5
194 14
85 11
415 14
200 3
348 25

