16
169 6
166 13
23 3
18 13
194 10
206 17
199 3
316 10
188 28
98 1
65 25
327 24
41 17
45 2
440 31
478 4
448 15
68 14
322 13
222 19
466 19
187 12
405 19
270 21
150 27
397 2
475 3
253 12
455 5
453 26
403 31
354 7
277 13
172 30
62 14
464 15
172 19
395 21
5 16
169 18
382 29
219 29
139 11
76 17
471 20
338 17
14 7
427 31
316 11
92 13
344 12
107 23
410 21
443 2
16 19
271 14
27 5
458 13
163 17
461 29
116 7
209 22
193 4
124 32
438 15
88 5
474 7
499 23
47 6
500 31
404 10
312 7
110 21
299 28
5 16
108 8
262 5
453 2
8 16
166 21
495 13
429 24
151 19
55 14
220 6
112 16
28 23
258 29
395 8
113 15
371 16
222 12
240 19
290 27
102 15
43 32
411 7
416 14
102 6
111 17
227 6
148 26
348 21
95 6
17 15
196 19
278 9
371 18
443 12
264 29
466 27
344 20
481 19
289 26
432 27
255 3
176 10
264 27
11 18
320 27
416 19
413 30
432 11
211 22
294 26
474 15
484 14
487 21

