16
246 1
440 24
157 2
489 12
149 30
344 16
367 19
361 19
235 13
471 14
137 31
497 2
254 12
72 8
411 16
138 17
8 14
300 4
491 4
180 31
293 19
495 23
305 23
37 27
419 27
385 19
33 29
48 26
500 16
213 15
219 31
271 14
132 6
94 26
209 1
112 9
499 6
11 24
312 7
194 31
109 26
489 25
310 5
278 30
360 19
424 18
193 10
7 28
115 16
297 23
76 12
175 3
70 29
378 13
435 11
315 3
353 28
35 26
192 12
175 19
154 2
480 14
495 2
21 25
86 29
283 1
429 13
87 26
345 28
230 11
239 17
25 11
200 7
456 11
75 27
293 16
432 32
74 7
109 6
387 18
115 14
59 11
182 21
392 3
461 9
9 23
17 26
493 4
148 4
162 18
430 10
450 26
429 31
140 10
320 30
83 6
251 13
328 5
138 19
311 18
192 19
352 20
56 8
480 12
143 5
277 9
447 30
286 23
304 1
412 32
154 27
261 9
339 21
189 8
159 19
129 2
21 32
262 17
323 13
484 18
233 24
390 31
190 27
406 17
451 21
468 24
367 21
212 22

