16
469 28
429 19
20 7
420 15
31 5
228 14
95 31
97 26
247 4
19 10
142 24
44 27
9 29
195 21
281 27
244 13
346 32
39 21
498 10
55 20
11 22
433 1
417 2
199 23
85 29
225 6
240 28
5 16
45 7
105 29
281 16
425 22
371 7
342 21
421 13
100 31
382 9
239 22
414 25
17 14
5 13
76 8
360 20
196 32
482 28
432 27
499 4
240 25
171 26
89 27
182 21
77 7
221 23
65 6
104 9
335 4
173 6
204 28
193 3
492 19
402 23
141 8
483 28
268 5
313 13
299 26
397 23
409 29
41 29
454 28
405 20
104 25
402 11
312 18
409 15
472 10
430 16
209 32
492 16
268 32
36 2
2 28
292 26
400 4
86 25
328 26
493 31
270 6
441 5
339 21
440 27
10 25
422 14
484 21
397 27
421 25
20 14
216 19
35 12
346 28
320 21
313 16
307 6
205 27
218 12
447 29
206 12
377 15
25 12
96 22
462 24
206 1
289 1
143 11
36 9
146 16
365 26
167 16
391 20
418 8
119 25
265 4
172 25
154 29
353 21
118 10
116 31
295 16

