16
77 16
483 18
290 21
478 11
359 20
385 3
199 28
445 13
484 28
340 17
466 10
207 9
260 2
301 1
494 7
378 2
202 12
427 27
433 20
129 3
152 21
37 2
300 21
99 23
356 6
67 13
203 14
493 26
131 1
158 24
135 15
397 28
451 11
178 27
431 27
25 6
319 1
283 31
394 21
253 5
318 28
70 8
297 6
334 23
59 27
106 13
82 6
381 4
28 30
266 14
216 26
243 7
54 26
357 15
110 25
196 8
484 5
151 28
30 16
410 16
179 31
133 20
220 5
143 20
126 20
261 26
401 20
80 6
233 4
253 26
248 8
121 16
64 16
363 21
107 29
181 9
491 1
248 31
381 18
14 6
1 18
199 17
481 30
59 17
65 11
407 29
110 11
248 29
2 22
265 25
86 21
97 13
313 29
343 25
438 28
403 19
481 29
43 18
231 25
26 27
263 12
163 20
15 2
44 16
372 1
476 9
457 9
237 10
269 31
166 18
434 32
496 7
21 7
80 23
343 25
101 2
241 8
329 27
173 5
122 32
385 18
205 25
374 29
314 30
20 4
199 21
399 19
71 31

