16
375 24
261 8
63 24
155 18
46 29
153 13
44 32
297 18
58 10
77 4
220 26
192 10
387 15
335 21
88 6
90 15
441 10
494 31
189 8
268 31
148 16
435 27
75 15
488 24
456 12
499 15
210 2
321 20
477 15
13 4
172 18
82 16
303 7
466 28
426 30
430 18
153 4
116 28
94 24
63 9
167 14
279 8
103 15
324 31
105 4
347 16
141 20
239 15
355 13
138 8
290 3
205 22
134 5
373 23
424 4
479 30
201 22
170 31
208 1
86 1
32 32
292 24
211 15
318 13
439 16
197 4
226 13
373 24
73 10
438 12
385 13
290 29
26 15
91 5
155 24
249 18
459 21
61 10
423 14
234 29
185 10
440 15
35 24
474 7
409 19
103 13
31 28
433 32
202 4
493 24
51 9
245 18
281 17
179 31
34 16
267 27
398 26
333 16
370 14
38 18
420 8
275 31
235 7
358 12
82 2
495 5
443 11
494 7
43 16
130 25
139 32
499 24
102 27
467 11
340 29
452 7
348 26
61 7
137 3
370 10
472 21
54 14
455 3
489 26
422 26
278 17
13 4
448 18

