16
110 21
5 3
158 11
373 19
358 4
421 24
482 6
96 28
22 31
455 17
53 14
433 9
301 28
240 25
285 8
332 27
392 12
433 5
295 25
36 16
472 4
331 9
425 22
272 3
32 3
299 4
132 28
316 16
159 7
305 3
466 28
41 9
176 25
258 30
130 5
325 13
100 19
258 17
432 25
323 28
255 5
399 11
204 11
170 22
473 2
9 31
314 21
147 5
374 20
14 31
48 14
455 32
344 32
24 7
93 2
90 19
318 1
437 6
259 23
87 27
136 19
21 21
348 32
141 21
423 26
223 11
343 29
470 6
241 25
313 21
42 14
383 31
446 4
84 24
130 31
287 17
321 11
418 24
474 30
388 29
64 30
219 30
139 16
444 23
236 16
415 1
361 17
339 11
468 3
362 13
297 20
66 17
455 3
137 8
392 20
28 23
486 10
213 12
489 24
58 32
411 12
204 3
120 31
429 16
317 15
388 1
438 25
433 32
287 25
376 27
93 11
133 30
353 5
257 13
352 10
417 2
137 12
237 16
162 17
195 10
455 27
146 1
387 27
340 14
147 7
204 31
470 24
372 6

