16
268 3
355 13
318 8
141 12
293 29
372 1
357 25
431 22
185 23
439 11
108 14
477 31
307 25
32 31
250 12
405 17
62 19
253 7
362 14
102 14
146 25
419 10
258 25
176 14
107 22
249 3
215 13
193 6
41 5
88 15
4 12
11 29
455 28
147 24
9 21
322 18
425 20
359 30
144 26
476 27
351 4
169 18
448 29
439 20
289 26
482 16
17 1
60 3
108 15
139 4
159 32
473 15
255 15
117 30
69 24
352 23
167 20
336 10
233 30
453 17
151 31
369 28
279 12
342 26
338 24
205 28
143 17
283 9
211 23
499 7
342 30
402 8
370 5
473 2
215 13
178 25
63 18
384 9
178 18
430 23
409 30
215 32
162 29
152 13
247 14
355 32
352 16
447 29
197 23
378 23
47 15
275 14
305 3
302 30
440 24
200 28
217 6
251 3
114 3
455 20
404 1
151 27
417 25
179 5
219 20
375 18
463 9
227 3
11 20
100 30
315 19
150 32
269 20
114 26
154 16
446 6
228 32
16 32
249 23
108 7
102 30
84 12
335 22
182 17
394 13
147 20
284 8
91 24

