16
53 14
458 7
37 6
42 8
223 27
115 3
422 31
125 27
488 15
134 15
385 1
486 19
236 23
35 29
207 30
32 11
47 6
225 32
435 22
143 25
201 1
216 18
367 12
24 6
86 21
376 30
462 13
28 5
404 2
473 18
183 25
72 10
50 12
17 8
414 15
345 18
267 28
87 13
251 15
190 32
323 6
9 24
130 12
184 21
302 29
346 12
217 1
417 18
417 29
101 14
295 25
147 25
4 1
45 26
399 23
441 18
4 21
357 13
41 5
370 14
49 7
177 21
336 14
382 20
378 30
137 21
427 31
85 10
219 18
388 14
68 28
191 3
481 7
55 17
439 16
214 11
343 22
103 30
335 4
485 13
318 17
89 24
255 13
377 13
6 4
442 5
296 24
143 16
383 22
148 9
325 29
160 27
102 18
400 21
450 8
353 23
4 1
214 6
317 14
435 11
58 12
395 17
212 22
480 2
439 31
266 15
339 29
134 12
243 1
80 4
269 32
162 32
224 7
234 13
168 24
363 5
247 5
429 6
498 20
403 4
386 17
403 12
149 28
368 27
272 23
434 4
231 23
164 22

