16
105 22
186 25
361 20
487 23
59 22
188 9
365 20
428 4
30 12
26 17
314 24
314 7
42 18
363 17
289 18
220 13
284 1
465 16
364 31
111 31
213 14
375 17
245 30
168 22
265 30
455 2
317 24
296 30
230 18
339 26
427 26
262 10
462 10
58 13
380 32
303 28
317 17
372 13
478 32
186 22
85 8
23 17
112 30
111 9
179 29
62 18
358 7
19 15
252 20
347 23
95 6
427 31
326 30
175 4
41 13
101 25
204 16
378 19
145 24
7 28
288 28
281 9
242 7
315 17
227 17
476 13
14 26
436 12
403 22
347 20
26 7
68 22
422 21
396 3
284 3
242 31
322 10
419 32
172 29
260 10
98 23
71 3
488 2
302 7
319 28
334 25
299 5
426 24
50 21
490 5
75 23
460 21
456 10
164 16
463 3
25 20
10 15
22 9
304 4
239 7
175 8
171 1
29 12
249 6
268 18
466 23
321 13
91 8
155 30
255 29
28 16
380 25
78 5
386 14
428 16
60 7
400 18
279 4
29 31
357 28
117 18
490 25
99 28
416 21
37 23
221 25
154 32
305 3

