16
157 22
31 23
92 12
68 16
83 22
498 31
130 26
372 24
349 32
79 32
154 7
26 12
160 6
68 31
193 23
240 29
388 10
479 31
93 30
142 11
316 16
101 21
45 13
452 13
464 11
353 5
101 14
129 16
395 20
82 19
42 2
287 22
295 2
408 32
15 2
266 18
41 19
478 25
191 18
330 10
460 18
475 12
263 31
171 17
2 8
447 28
129 17
325 20
350 4
15 17
485 28
46 21
350 8
110 12
453 19
398 20
324 4
175 2
178 25
94 19
152 20
426 9
272 30
408 22
186 14
338 6
257 7
399 23
406 8
350 6
150 23
473 29
322 23
58 27
47 15
382 15
394 27
183 5
261 18
138 26
67 31
319 7
210 25
429 19
428 31
177 25
229 17
49 15
500 18
401 22
312 22
448 1
293 26
222 9
275 31
202 9
38 32
164 3
441 12
65 24
74 13
445 31
94 5
205 5
155 21
194 22
91 30
23 27
475 28
287 2
454 4
90 23
211 25
441 27
49 14
371 14
450 3
276 23
363 24
339 29
437 21
335 23
378 9
261 8
452 19
453 29
238 19
100 24

