16
219 13
216 20
311 15
198 8
31 19
70 4
497 7
273 11
78 32
78 23
103 16
20 2
312 4
298 6
82 26
100 12
375 3
279 9
2 29
296 28
375 25
3 24
419 16
54 20
31 8
355 1
267 18
70 3
158 19
352 7
157 31
242 19
118 17
419 19
201 10
2 27
283 12
446 1
483 20
49 9
131 31
497 17
480 10
179 5
137 27
227 9
185 29
27 26
341 21
272 25
10 25
115 32
481 5
345 31
412 21
328 18
499 16
142 2
94 21
467 22
203 17
226 7
365 24
41 25
48 12
97 9
289 4
201 9
476 9
83 31
141 14
280 15
86 17
320 23
93 22
112 19
183 9
386 19
440 26
104 11
441 28
395 9
263 27
201 6
343 24
476 31
193 19
325 2
380 29
160 8
134 3
323 24
311 20
67 10
337 22
88 17
221 7
210 16
429 10
73 4
193 25
106 6
155 15
219 14
427 31
210 28
353 16
80 12
91 30
265 15
19 9
407 3
335 24
74 15
378 7
386 2
399 20
159 9
274 14
291 12
108 12
463 12
383 26
475 29
391 12
251 9
92 9
500 2

