16
479 8
301 3
99 3
288 30
494 7
53 9
277 5
320 25
79 12
290 5
72 32
316 31
468 15
331 30
266 12
4 29
83 8
91 1
470 18
46 16
241 15
268 9
499 3
189 25
15 18
246 6
401 17
392 28
319 6
226 12
345 13
32 4
236 6
460 29
500 2
20 16
456 4
108 2
78 24
234 20
125 23
29 25
243 28
244 5
345 13
349 18
401 24
469 12
354 24
193 21
285 20
296 8
351 27
397 29
402 3
372 26
461 9
254 32
172 5
116 5
170 20
58 10
196 10
58 9
305 30
105 26
313 32
181 8
6 10
444 11
60 19
136 4
67 21
75 31
237 7
459 10
154 24
180 5
41 9
249 1
338 9
286 22
456 27
165 1
100 32
219 15
275 14
30 13
94 21
283 27
295 13
440 20
256 23
1 4
207 5
197 4
158 30
46 21
152 22
74 27
170 32
261 8
498 27
488 15
247 31
273 9
363 13
192 15
183 20
470 2
497 22
137 6
500 30
266 11
244 15
106 9
335 14
208 28
360 3
422 22
169 19
498 12
259 26
354 1
437 11
34 5
341 7
438 20

