16
262 17
281 21
144 28
415 10
456 13
246 31
483 22
163 26
28 13
138 14
483 25
130 28
414 29
159 32
425 24
57 18
364 9
466 11
252 24
8 27
328 30
169 10
19 32
387 22
192 24
479 22
369 12
157 2
273 3
453 17
102 10
234 1
346 7
175 22
78 31
8 1
140 9
270 14
360 12
56 19
32 6
77 20
346 25
237 26
104 21
166 21
198 11
22 16
97 32
345 14
230 20
134 25
380 23
379 3
410 10
142 5
319 30
396 32
154 12
133 17
321 2
314 30
48 27
265 28
382 17
21 24
165 22
332 32
408 22
135 14
347 24
462 14
345 10
33 10
489 6
107 21
167 32
179 19
106 31
62 19
256 23
302 20
88 26
315 24
47 21
17 14
76 22
411 32
335 7
122 20
312 4
484 19
351 26
397 28
309 18
294 8
392 24
335 20
81 13
179 31
302 15
224 13
24 6
353 3
281 22
386 24
405 29
274 27
235 14
62 15
480 3
310 7
302 16
54 10
496 4
213 29
130 20
378 22
422 22
216 6
55 13
497 3
173 7
417 31
292 18
5 19
36 2
346 14

