16
460 8
45 24
230 7
308 11
422 18
360 21
238 20
215 29
398 4
235 22
62 9
163 17
281 19
318 11
333 7
237 24
158 6
144 8
28 15
422 9
300 1
197 22
9 7
138 22
42 28
364 23
244 2
156 1
36 13
203 28
332 15
160 1
424 3
228 32
457 25
252 17
282 5
498 14
211 23
399 21
358 14
59 21
343 18
477 3
187 31
246 18
470 17
358 1
411 26
196 4
86 8
328 11
248 25
360 22
459 27
414 32
224 21
268 23
186 9
297 4
127 22
93 20
151 7
341 25
388 20
132 17
335 15
340 6
283 19
392 21
161 5
260 21
129 8
155 31
124 3
38 22
344 23
198 30
433 30
407 28
277 18
292 12
349 7
45 7
386 12
428 6
445 15
134 9
214 4
239 5
238 9
439 30
111 4
427 27
25 17
214 17
75 1
264 3
340 13
257 1
448 4
122 8
371 32
169 8
43 23
125 9
387 7
214 29
198 32
391 10
325 12
374 19
461 22
25 20
298 29
376 25
317 25
193 19
104 17
474 27
471 6
279 6
12 8
58 21
131 25
134 23
404 24
57 16

