16
153 18
367 24
84 25
2 10
232 11
252 24
244 18
486 16
412 2
307 25
482 15
148 28
316 32
314 26
193 4
362 18
101 20
121 13
92 7
450 24
205 21
483 1
155 13
436 6
238 19
242 7
221 17
290 24
168 20
261 12
131 2
57 11
405 6
267 1
356 12
172 28
121 6
212 7
326 12
396 31
94 9
337 30
229 7
405 8
230 6
107 16
491 16
294 28
45 17
96 32
480 19
163 28
124 23
430 10
374 13
216 31
313 13
484 13
31 16
288 12
405 7
175 28
262 20
495 10
84 18
409 32
60 3
367 27
297 29
336 26
473 12
192 30
160 19
178 10
267 30
153 23
64 15
270 25
498 8
482 6
57 10
497 28
164 31
3 5
363 26
186 4
445 22
473 28
256 10
145 10
319 25
45 10
475 18
58 9
282 3
258 18
132 18
10 24
320 4
312 11
53 25
222 2
226 14
101 22
47 2
355 30
394 31
99 1
65 9
397 10
47 22
387 23
111 8
178 22
259 9
316 8
337 13
161 15
82 5
248 17
210 2
198 32
1 20
176 17
304 8
262 7
429 20
381 3

