16
126 22
324 5
186 10
362 23
396 14
155 30
249 12
330 4
173 8
262 12
325 25
252 11
149 21
145 8
42 24
33 11
297 28
467 26
433 24
12 9
141 6
310 1
317 7
264 21
290 2
73 26
306 24
193 14
1 13
417 26
324 13
60 17
9 18
158 13
57 26
121 13
335 26
438 16
273 17
344 14
282 4
232 11
240 12
392 8
112 13
133 28
461 4
260 1
69 21
114 29
438 2
173 13
368 22
276 28
367 31
405 24
387 16
87 30
411 26
69 19
490 5
162 31
244 25
123 28
41 12
288 27
174 32
103 9
274 2
384 28
348 12
139 2
128 21
63 22
55 3
412 20
183 21
198 14
197 17
237 26
260 32
68 9
336 26
177 21
399 20
452 26
52 2
184 27
371 26
68 5
229 24
172 3
256 10
189 25
42 25
394 21
301 5
86 24
482 14
448 24
26 27
329 1
44 12
255 18
462 10
190 2
357 14
452 13
83 20
269 16
417 22
276 5
474 1
56 23
179 7
186 16
457 30
280 28
230 10
266 15
59 3
84 20
20 19
380 6
379 4
77 19
161 25
363 18

