16
266 4
60 13
227 6
198 23
131 10
449 25
447 10
325 23
363 19
308 12
462 31
170 13
86 12
136 24
63 22
244 5
1 31
445 20
120 15
498 15
312 2
363 30
188 20
453 2
314 4
93 15
451 7
439 32
366 22
387 24
223 10
460 4
137 13
155 12
103 32
210 18
302 1
376 13
316 4
242 25
439 27
403 9
301 2
276 18
119 30
297 2
496 5
269 16
365 27
91 11
426 21
232 27
77 11
67 8
286 21
372 21
495 6
317 15
319 5
312 30
106 8
131 9
68 3
436 28
173 19
398 22
31 2
29 27
440 23
202 26
107 1
154 25
198 10
99 13
414 6
306 16
222 8
324 25
38 16
221 6
490 26
363 8
451 11
478 7
190 3
320 12
455 13
101 8
294 11
20 4
461 29
431 30
464 10
470 13
217 10
414 26
12 13
77 30
19 2
408 24
436 3
356 6
51 8
246 5
6 1
404 2
294 26
499 1
291 21
462 28
362 31
65 1
355 22
391 2
47 2
433 27
377 28
76 19
447 13
123 21
86 30
122 11
63 21
339 26
293 24
65 6
27 9
83 1

