16
84 24
466 23
363 14
172 16
353 27
301 20
396 18
322 8
187 3
25 19
5 19
435 23
250 22
430 5
230 15
310 1
374 27
28 17
276 31
164 4
161 28
144 5
449 29
264 7
180 8
274 20
366 4
70 27
69 27
196 2
234 5
463 15
131 26
399 6
392 30
386 16
229 1
312 6
345 31
164 28
66 5
411 32
497 25
102 1
479 25
215 28
153 5
23 27
370 9
41 21
187 10
16 31
306 24
444 6
254 16
26 28
396 16
455 28
268 20
309 27
57 31
162 9
403 32
344 32
309 4
236 15
161 23
261 22
78 17
467 4
164 28
355 19
132 25
155 19
420 11
497 24
189 3
37 11
46 4
66 10
467 29
52 19
403 5
444 1
369 2
16 20
106 2
442 9
382 20
487 5
410 8
277 6
346 29
40 11
248 25
301 6
257 12
44 8
368 31
492 4
248 11
119 29
228 29
441 5
360 32
261 14
115 5
219 16
405 3
54 32
215 14
217 16
410 28
483 9
98 30
365 26
184 3
402 19
247 27
371 15
474 31
80 32
372 14
251 4
408 8
280 11
362 8
298 15

