16
44 7
305 31
19 14
404 13
352 23
428 24
33 27
283 27
87 7
9 11
210 24
256 7
34 20
358 3
270 11
362 1
405 26
199 3
75 22
107 6
268 2
85 13
436 11
159 27
258 27
125 23
218 28
429 31
251 11
465 25
281 10
37 5
195 24
459 9
41 22
398 25
451 10
461 19
53 11
409 6
285 17
128 23
117 24
457 27
46 22
91 22
451 12
362 2
215 1
118 15
238 24
415 12
349 11
426 21
345 10
414 26
71 21
484 7
301 4
405 14
65 20
376 24
475 29
365 1
261 2
147 18
349 22
390 26
288 27
154 21
353 8
262 31
312 29
461 8
388 5
162 25
212 25
172 22
329 8
430 18
369 5
291 2
490 32
471 25
199 8
409 31
43 26
325 11
118 1
318 22
1 7
162 29
219 29
454 20
72 8
489 12
312 7
361 5
163 7
77 1
455 10
411 29
7 27
203 25
371 25
186 31
351 27
139 30
383 13
469 26
328 21
245 31
439 18
439 1
436 31
313 6
352 31
91 11
161 9
187 19
165 16
106 32
70 12
437 32
40 13
257 11
213 29
357 27

