16
399 1
313 12
215 8
107 12
459 17
354 19
212 5
119 26
428 2
281 26
318 17
34 18
237 12
435 20
89 10
420 3
306 20
50 17
19 24
228 17
156 10
239 23
218 9
456 22
383 29
355 16
53 9
86 5
40 24
292 13
477 19
171 11
146 29
155 1
376 22
345 28
167 20
102 13
440 2
382 6
146 16
78 10
476 23
486 12
386 6
348 14
192 6
496 30
238 18
206 22
236 14
349 6
485 2
138 29
359 19
450 32
459 23
53 26
393 23
301 26
20 28
492 19
18 31
252 3
341 13
72 24
359 8
181 27
222 15
119 12
41 25
436 3
299 20
433 28
378 1
469 5
85 28
164 30
151 7
60 11
76 24
270 14
255 30
128 8
120 31
408 13
371 31
11 5
182 11
212 28
380 21
160 8
344 23
269 10
442 4
188 17
311 21
302 26
259 5
393 30
379 20
242 25
494 25
270 4
399 29
87 14
13 30
445 1
273 25
202 18
393 30
230 23
198 31
120 4
163 17
186 6
312 11
494 22
383 27
333 6
96 23
263 8
220 8
168 8
124 18
205 28
463 26
71 32

