16
339 7
429 32
379 16
274 15
361 31
458 18
492 30
400 32
199 21
499 27
68 6
13 24
263 19
50 19
10 6
432 28
201 20
168 11
248 13
285 8
24 2
473 27
107 32
326 14
440 16
268 8
194 32
83 16
475 17
110 20
458 9
388 2
252 11
88 31
495 4
459 2
465 31
32 4
155 22
81 18
33 24
453 26
332 24
33 10
372 10
493 29
386 12
191 14
434 10
340 13
2 18
298 18
81 10
93 15
391 5
32 3
225 25
353 20
224 5
213 23
231 25
275 32
437 17
105 26
447 25
2 8
446 20
117 26
333 14
464 27
234 8
349 14
332 25
217 15
438 29
1 12
338 23
135 26
444 24
495 2
388 25
189 25
148 1
63 8
218 26
406 32
225 30
113 32
307 14
314 20
110 18
115 31
441 9
72 16
192 11
477 15
415 25
116 14
173 26
245 7
407 22
194 20
107 18
39 9
487 1
8 9
18 26
395 26
223 31
45 2
385 25
49 11
37 24
64 10
45 12
100 3
13 21
434 19
302 9
384 5
29 23
89 26
365 19
208 19
301 28
56 25
477 4
187 5

