16
116 6
240 17
397 2
386 7
345 7
177 17
167 4
18 14
311 15
13 15
172 3
394 19
129 25
377 12
92 4
17 11
349 28
155 21
134 13
399 10
459 19
186 21
102 24
203 1
30 11
259 10
397 16
348 26
440 16
497 11
395 6
441 28
473 16
340 30
340 11
435 14
313 1
126 19
380 4
179 29
246 1
462 27
292 1
20 23
236 24
465 3
85 21
226 30
204 13
367 31
155 2
396 20
478 14
234 25
201 24
469 31
52 27
293 7
443 12
425 11
383 29
161 32
497 10
229 21
302 23
299 13
100 31
276 25
216 5
285 28
124 6
66 19
36 18
221 26
373 21
8 32
237 16
75 1
405 27
137 15
249 8
15 9
482 26
129 17
2 18
316 25
371 6
151 22
443 3
235 20
367 19
275 7
262 17
39 27
3 28
225 27
463 3
303 8
380 4
492 25
49 3
357 11
392 27
176 31
229 14
354 19
4 4
401 2
328 31
284 30
466 4
432 28
246 27
371 1
370 26
209 18
373 9
188 4
423 27
302 31
124 19
301 8
134 9
245 9
343 4
142 1
387 30
88 12

