16
278 21
160 3
81 9
19 2
318 12
74 11
426 1
485 4
422 26
77 25
11 30
367 12
276 7
278 24
172 9
172 5
149 31
447 17
495 17
418 20
377 4
327 6
228 15
189 5
424 29
217 2
223 15
97 14
149 19
65 16
243 16
120 24
66 26
324 20
235 26
223 7
85 5
116 32
212 20
16 27
273 32
273 11
166 9
344 2
299 28
486 22
495 5
137 24
375 20
323 9
53 17
423 9
298 26
300 9
193 11
347 29
398 31
311 23
44 30
81 2
265 10
235 3
374 3
374 12
331 4
60 3
93 2
372 10
371 19
102 8
190 20
232 7
419 11
2 26
400 22
155 1
499 18
479 12
112 29
324 10
400 11
29 20
69 24
85 7
422 14
206 7
134 18
50 20
184 11
217 3
132 7
303 30
112 6
205 12
134 32
369 1
115 1
377 23
296 17
473 2
147 11
32 32
320 21
387 23
131 31
289 30
177 28
447 29
225 4
216 2
31 28
390 13
333 22
179 20
79 32
49 5
34 29
60 5
161 22
59 16
400 19
109 24
142 8
68 14
207 27
223 13
71 17
86 19

