16
495 14
224 10
104 25
108 8
5 2
483 22
343 20
68 16
64 6
301 4
291 6
83 27
279 6
81 30
253 19
182 31
236 13
20 8
417 15
147 22
392 17
387 30
288 7
102 11
136 14
62 2
227 25
321 1
106 9
314 30
243 31
456 27
252 4
22 16
454 16
293 2
1 16
79 4
134 12
491 1
137 28
398 12
196 30
220 17
322 10
362 1
232 10
247 19
497 28
3 30
491 7
295 11
326 30
279 11
109 29
431 2
320 13
109 12
398 24
20 16
65 10
488 9
403 10
483 31
205 29
348 15
484 27
38 25
220 8
472 32
436 14
73 27
434 13
326 4
65 2
255 5
79 2
129 29
327 8
231 15
448 22
77 7
72 22
92 7
281 3
471 32
20 7
27 10
280 32
489 24
49 31
324 11
336 9
459 10
416 1
44 19
119 20
146 6
438 25
185 6
355 19
490 10
253 32
179 12
219 31
375 32
261 31
246 28
355 17
109 22
97 28
484 7
476 1
109 25
217 25
334 19
151 3
297 3
190 15
287 1
494 17
28 10
63 9
202 21
329 10
38 10
166 18
344 21

