16
50 10
463 6
218 5
126 6
274 1
245 24
421 31
22 13
65 22
61 17
496 1
228 26
15 6
165 28
219 31
46 12
304 17
433 25
157 19
374 18
419 23
449 32
149 26
308 18
79 16
434 30
109 13
427 15
271 23
103 9
409 16
461 28
360 5
437 20
303 18
149 10
132 13
265 29
418 20
494 20
143 15
274 19
292 8
78 14
143 12
254 19
179 10
467 27
459 3
258 5
212 19
38 28
355 22
476 5
225 5
120 12
99 9
470 14
445 31
303 15
78 17
489 5
122 15
351 8
357 12
45 5
366 26
116 29
236 23
345 24
263 24
327 13
357 1
455 17
47 21
239 9
165 31
437 31
34 11
422 30
246 18
162 20
252 1
184 27
423 16
446 17
343 21
250 7
125 24
203 19
312 21
351 17
20 7
319 1
425 20
146 7
58 32
486 17
288 9
295 23
48 28
247 30
68 4
441 4
51 27
67 7
436 17
43 3
56 5
63 8
100 32
206 29
367 7
317 31
211 23
69 6
55 27
500 2
15 8
18 25
286 28
131 17
204 21
231 3
385 21
295 17
353 24
345 19

