16
467 18
103 18
46 29
466 28
292 19
460 19
17 30
84 31
184 12
343 15
163 4
468 21
383 21
236 22
238 22
354 24
67 28
201 12
377 19
419 12
489 23
138 13
356 29
395 11
301 21
369 23
264 16
295 18
328 27
39 1
52 29
324 22
348 32
433 16
394 8
243 22
82 25
239 17
157 13
179 29
426 19
271 25
86 30
187 5
300 17
33 7
117 28
320 5
83 28
40 13
455 15
210 32
367 4
324 27
137 10
480 18
104 10
102 29
167 20
453 30
13 5
168 17
192 31
297 27
91 9
103 29
323 8
433 29
464 12
211 28
314 14
13 17
144 22
106 30
254 14
480 14
247 31
98 18
190 19
416 24
83 18
28 17
34 16
93 5
420 3
448 17
197 12
1 8
425 14
205 10
220 32
147 14
35 21
107 28
139 11
355 1
244 6
329 21
194 29
273 17
427 24
49 15
383 1
166 4
359 27
189 10
406 4
395 24
432 21
367 30
375 5
494 27
307 14
395 32
94 8
316 8
91 16
347 2
264 12
485 30
234 17
51 32
212 29
135 11
298 10
64 16
74 5
494 24

