16
465 11
231 22
330 30
225 10
159 1
325 7
181 28
272 9
322 26
409 14
180 9
384 5
494 20
161 29
143 26
254 16
437 21
105 26
50 25
355 24
325 12
298 17
3 1
261 25
378 30
130 9
150 9
205 27
441 21
56 27
75 5
42 19
497 14
128 10
327 15
106 31
14 31
212 32
176 8
44 25
141 29
314 10
38 14
137 2
87 28
412 17
204 6
23 25
451 14
246 25
484 3
484 21
458 7
217 1
166 12
389 19
137 26
152 14
276 32
3 10
183 10
22 27
71 28
87 2
45 20
354 5
387 17
229 24
31 13
180 5
57 16
59 1
474 18
218 17
202 28
110 12
189 19
122 20
26 24
337 22
244 14
302 2
379 19
177 21
327 16
309 23
275 15
427 8
429 4
348 18
419 17
365 4
291 3
219 16
398 11
442 5
96 31
122 22
273 30
235 16
153 3
334 12
114 29
379 18
460 11
23 31
387 31
486 30
225 24
49 27
462 18
115 25
85 5
235 1
34 25
308 15
215 22
318 12
106 12
221 17
126 31
443 17
482 16
394 30
187 26
180 8
136 23
409 28

