16
125 8
136 11
500 10
301 21
499 20
410 1
170 29
167 30
152 23
154 27
453 20
360 1
454 15
402 14
359 28
461 23
267 29
273 31
122 9
15 32
328 8
109 1
8 31
399 15
409 24
373 1
31 9
106 12
399 3
493 21
86 6
92 32
402 12
322 7
289 16
346 16
463 6
317 27
432 15
481 25
470 18
405 17
142 26
484 16
16 21
149 25
282 16
9 27
455 22
409 15
370 6
63 28
412 15
154 15
297 31
387 2
192 32
118 9
153 14
224 21
282 28
473 27
463 5
449 6
163 21
12 32
314 18
363 5
156 17
124 28
3 26
422 30
5 15
230 18
492 29
178 29
381 18
39 3
483 11
112 17
47 28
28 25
401 10
141 13
110 16
212 8
126 5
9 2
24 10
139 15
247 24
344 31
318 2
321 32
221 9
296 11
408 31
331 16
416 32
68 2
235 4
489 24
116 14
194 27
439 12
210 29
148 21
15 13
434 28
116 2
120 27
273 7
437 15
38 32
426 18
229 29
441 10
224 28
67 13
399 13
101 32
394 28
364 4
416 9
95 19
155 2
145 23
92 5

