16
340 27
148 25
53 21
484 31
218 11
417 10
449 24
7 14
356 14
411 1
2 1
150 22
13 22
160 31
123 15
96 19
265 3
219 29
447 31
139 1
289 8
334 29
479 24
274 15
365 13
175 18
5 32
276 5
57 15
152 24
369 31
346 6
193 20
154 24
118 29
8 26
200 1
347 2
32 32
216 28
156 30
113 25
66 20
29 18
174 32
5 31
278 18
28 31
266 5
314 23
325 13
141 4
161 7
406 4
458 21
439 18
363 11
478 16
291 6
105 32
390 10
210 3
311 1
341 32
474 22
311 6
326 7
26 14
289 15
381 18
403 15
63 21
222 12
396 24
250 5
31 23
462 21
157 8
33 26
200 26
355 30
156 17
312 9
18 16
111 15
197 25
69 4
130 22
355 17
357 32
377 4
94 2
480 15
462 12
452 17
370 22
374 5
338 17
205 4
136 3
106 32
31 14
295 8
20 18
37 16
105 13
115 7
103 10
153 24
458 28
428 27
113 21
203 23
337 11
158 4
425 11
155 7
140 6
319 27
303 7
387 7
471 29
309 1
447 1
340 28
268 31
434 13
271 20

