16
105 31
200 32
38 5
38 16
85 11
275 19
469 28
177 15
425 28
3 20
111 16
396 22
1 20
451 3
21 17
85 9
467 4
157 16
292 22
119 29
112 22
419 8
489 20
222 13
175 29
304 5
228 4
79 17
255 5
279 7
369 28
456 3
203 24
190 7
9 17
223 12
202 17
52 22
440 9
158 18
349 2
399 17
13 17
9 27
61 19
98 9
354 17
115 13
368 28
403 20
464 21
347 17
469 18
410 9
23 8
22 31
29 16
151 13
100 15
11 20
298 8
440 15
12 6
411 31
62 13
106 13
141 17
42 6
202 3
370 28
18 7
299 18
15 9
290 22
108 5
126 25
112 5
111 4
323 2
206 12
38 20
408 15
116 21
344 5
252 1
245 1
455 27
19 29
491 16
83 26
312 28
206 32
476 25
251 10
42 4
33 7
119 13
313 26
241 8
403 24
368 31
113 15
41 11
143 27
290 29
333 14
136 6
229 24
58 15
113 23
138 22
382 9
438 18
342 2
202 32
374 1
94 18
243 22
116 26
221 21
462 5
210 14
294 14
413 8
120 5
154 14
22 27
218 27

