16
354 32
423 24
476 16
302 28
138 4
236 26
234 30
384 31
256 3
393 3
345 20
158 3
302 22
182 9
5 31
289 6
194 7
457 10
378 26
437 4
229 32
261 15
386 13
481 21
415 25
19 3
297 16
41 30
113 23
274 5
281 31
326 18
477 6
495 27
244 32
74 28
307 26
286 28
182 22
184 20
139 7
59 27
230 27
236 27
173 29
311 5
275 9
131 32
122 17
458 13
260 23
189 15
68 18
258 22
92 26
49 22
496 31
368 21
58 7
271 10
463 14
387 30
422 5
341 3
493 22
260 5
32 24
319 27
273 28
200 16
221 25
297 20
207 20
497 16
118 23
346 29
200 8
170 25
100 22
16 32
159 11
196 22
222 22
140 10
294 32
62 6
440 30
434 14
226 2
262 11
48 23
275 28
338 32
220 9
305 15
380 31
9 12
152 26
293 4
428 18
483 29
304 26
50 17
419 11
222 4
470 9
138 28
368 23
392 24
115 16
322 7
159 31
274 2
264 18
305 27
356 7
235 27
412 17
451 7
411 28
362 16
292 4
180 8
326 7
99 25
118 4
287 4
454 16

