16
179 13
496 19
167 26
372 20
448 8
396 4
125 5
89 21
304 19
236 14
289 29
488 3
382 9
460 7
320 19
269 6
227 24
208 9
121 8
449 29
183 4
456 7
472 28
164 31
474 3
324 22
112 11
388 25
355 16
291 7
206 24
376 1
27 4
177 32
367 5
272 25
172 27
207 16
475 26
122 4
473 26
414 28
108 17
280 23
500 19
341 2
334 8
490 24
151 10
359 21
495 18
65 22
209 12
13 3
493 19
482 1
432 31
252 15
48 16
205 15
454 1
104 11
113 17
146 19
111 25
132 9
338 20
474 22
171 3
228 4
473 30
332 32
456 32
294 11
467 19
50 16
395 9
206 27
98 27
122 20
59 21
16 29
300 25
442 7
475 10
338 15
83 13
202 2
456 28
41 26
346 6
341 32
446 2
99 7
101 8
102 15
176 21
407 3
458 29
149 8
74 18
231 12
359 4
193 10
279 25
236 12
26 12
68 12
474 6
366 10
89 12
84 8
288 3
442 13
395 19
29 4
428 11
123 2
42 27
452 13
252 15
148 17
114 3
100 7
436 14
364 20
285 8
491 24

