16
291 4
44 32
393 12
378 4
144 22
455 1
414 17
277 15
81 13
191 8
482 8
416 32
114 16
273 18
42 22
254 12
273 29
159 22
384 20
89 23
133 7
27 7
16 11
473 4
408 31
83 17
366 3
176 32
210 9
177 31
206 18
286 22
282 20
495 21
331 4
43 16
330 2
362 1
224 10
293 3
53 15
372 14
225 3
397 2
199 30
388 8
207 9
234 29
468 8
5 3
163 28
114 21
321 7
189 8
364 25
27 24
208 30
334 24
444 18
70 11
7 25
398 30
482 15
406 29
211 10
99 1
13 16
217 1
242 10
229 6
238 19
373 9
152 2
81 15
140 26
441 2
458 11
415 19
173 24
240 15
286 14
460 6
402 4
483 19
285 15
100 15
317 21
319 16
382 23
266 9
400 23
223 2
249 9
296 25
13 3
360 2
225 23
447 14
198 13
472 7
343 24
5 27
248 11
330 1
74 8
206 17
6 20
330 30
268 6
378 28
364 29
429 24
259 4
417 13
156 5
291 11
312 7
9 7
321 15
391 18
286 16
219 19
227 20
396 31
229 5
126 1
362 23
32 20

