16
291 25
344 21
259 22
490 22
160 2
479 7
64 25
334 4
51 17
140 29
294 5
26 11
455 25
250 9
170 18
469 32
238 12
44 1
301 22
306 32
231 21
18 18
149 31
50 19
275 9
283 29
109 12
67 23
52 16
251 5
165 27
385 11
30 24
251 6
461 32
493 3
44 10
337 32
212 10
94 22
426 32
258 30
239 25
448 14
344 18
215 9
416 23
263 17
378 29
478 27
272 26
381 16
479 17
211 10
454 1
379 11
236 17
264 11
313 27
468 16
260 10
16 23
484 10
323 14
142 28
52 2
121 4
81 23
1 31
492 14
151 31
37 31
7 32
65 23
215 32
326 6
418 30
353 9
119 3
114 13
327 29
26 19
449 30
398 21
100 9
458 27
111 26
341 21
498 1
139 20
140 17
37 9
158 21
162 20
268 7
92 22
292 13
244 4
426 17
244 6
234 25
480 32
399 24
165 12
76 31
459 23
471 23
476 28
440 17
460 3
115 15
356 26
20 31
349 5
444 20
174 9
497 9
224 31
176 28
142 23
247 8
170 9
298 13
401 9
485 20
147 19
262 2
357 29

