16
323 23
85 8
492 30
248 8
423 30
130 4
436 8
393 28
233 15
341 26
371 11
143 17
171 15
289 11
274 11
232 25
458 5
132 17
366 8
336 13
329 17
132 29
357 24
156 13
458 12
110 16
254 28
120 28
70 8
183 32
151 22
292 20
82 23
260 28
154 28
440 3
60 23
451 4
299 22
208 20
305 21
436 22
273 3
333 26
167 23
37 29
133 16
128 6
103 19
365 4
334 8
294 26
79 4
13 13
201 13
484 25
389 3
266 17
326 31
355 16
317 3
12 1
423 27
15 25
229 7
484 27
387 2
308 13
373 16
45 30
392 24
282 29
447 4
497 32
350 23
467 22
446 26
467 12
320 29
244 32
63 31
462 17
356 13
469 5
441 21
6 24
41 23
168 7
38 1
462 27
367 20
405 16
109 7
31 32
55 30
327 5
353 25
270 28
261 18
140 1
251 1
237 19
136 12
481 17
420 30
412 3
73 28
450 29
390 13
460 4
106 26
264 6
278 29
370 23
123 1
91 21
358 15
367 25
287 31
369 6
344 20
196 12
299 26
448 16
330 3
483 15
396 27
97 14

