16
55 2
29 30
407 28
10 4
155 22
60 27
418 27
163 18
2 1
293 16
344 10
318 4
276 6
38 19
482 7
310 28
493 26
345 11
369 22
94 11
4 17
410 13
231 32
90 28
156 26
36 31
251 29
246 19
2 7
409 11
470 6
370 22
259 30
212 20
272 13
2 31
457 3
47 7
186 8
123 1
222 14
191 4
214 32
202 11
423 26
50 20
179 27
205 30
337 8
417 12
220 14
234 16
181 20
66 18
267 24
207 28
197 17
164 14
185 21
477 23
179 14
350 13
148 18
498 32
469 26
443 12
184 20
67 24
307 16
81 2
172 27
117 12
36 28
482 28
349 18
178 31
335 27
439 6
432 21
170 4
54 16
439 21
492 9
304 10
488 21
75 31
23 8
231 26
323 4
129 19
21 6
401 19
36 28
40 11
480 29
218 29
173 28
474 16
12 29
313 28
161 4
362 32
431 4
445 13
155 14
128 27
83 16
381 19
219 5
85 26
481 11
83 13
310 8
168 10
184 21
377 21
72 30
232 2
34 12
106 8
101 13
67 12
113 15
154 7
71 26
233 20
392 23
56 10

