16
172 3
295 13
478 7
185 14
438 17
77 12
159 26
150 22
259 4
471 28
25 8
367 3
76 8
378 14
358 27
162 21
222 24
110 11
478 14
133 11
378 25
187 29
26 12
162 13
352 16
24 8
347 2
406 3
437 7
68 18
234 17
175 31
36 8
5 5
429 1
132 18
198 6
194 11
153 31
211 32
338 30
231 5
179 16
107 7
123 22
113 24
254 31
14 13
422 30
5 26
7 32
155 24
305 25
278 22
55 25
313 5
278 28
429 21
31 15
423 1
264 19
64 9
173 13
9 22
447 5
443 9
353 26
8 9
150 1
466 8
477 19
300 15
26 20
211 24
466 29
413 5
20 16
449 32
405 1
138 7
322 4
155 10
381 14
182 14
150 16
438 7
278 1
233 15
169 23
210 22
279 30
67 2
302 7
194 10
472 23
56 13
114 30
170 23
223 7
228 24
498 25
350 23
106 18
281 14
228 11
111 27
316 29
360 21
192 29
322 11
87 13
11 13
290 12
47 20
30 6
88 8
143 9
358 24
223 3
373 2
129 7
160 20
12 24
413 7
424 6
421 7
315 7
63 28

