16
303 9
249 17
22 30
379 7
20 1
308 14
117 10
10 21
214 22
402 3
140 11
377 2
468 9
494 27
493 19
159 8
376 11
108 21
112 2
447 31
75 10
273 3
31 30
431 28
223 24
458 31
306 23
88 14
179 29
324 11
296 2
170 11
93 10
67 20
115 26
187 13
323 31
83 22
444 5
449 14
197 15
232 30
445 11
127 3
252 18
145 23
284 31
69 32
444 31
431 18
204 5
451 27
279 13
232 30
398 32
240 14
290 23
447 18
142 22
356 9
227 1
143 26
167 31
89 6
49 12
19 21
488 21
279 19
354 30
340 19
41 27
196 11
402 10
416 19
419 16
491 6
124 25
359 14
47 24
251 19
319 9
51 18
90 21
424 31
190 20
45 15
194 16
265 31
85 20
341 24
303 11
353 18
167 27
67 25
10 17
12 20
438 18
134 23
243 9
173 24
172 5
366 10
160 30
312 12
162 25
451 20
187 31
94 6
218 4
270 11
181 9
407 14
195 4
348 1
300 24
220 8
88 30
337 15
419 24
194 12
4 29
248 19
299 5
248 20
352 21
95 28
150 29
1 24

