16
425 20
277 29
307 22
356 30
43 23
47 4
178 16
14 30
11 27
92 12
408 28
243 30
183 20
324 30
319 12
312 23
411 16
340 13
118 31
63 28
221 21
255 10
444 16
464 14
358 7
205 30
486 11
439 17
286 6
482 25
185 13
199 15
233 2
164 2
436 6
361 21
38 27
406 30
86 5
491 20
275 4
413 13
142 11
133 12
465 10
384 1
259 18
448 19
472 11
192 19
40 16
415 9
222 5
262 19
393 17
306 20
300 22
280 1
421 28
424 17
377 15
237 27
241 32
477 20
146 32
470 25
275 13
114 24
57 7
7 25
183 16
116 10
382 11
127 6
158 22
390 11
209 6
169 5
310 18
12 15
17 29
492 32
365 9
139 25
35 1
222 6
457 29
51 22
84 25
491 13
431 16
275 19
357 28
439 26
293 14
325 29
134 16
304 19
476 19
271 6
291 28
79 3
181 26
288 32
10 18
356 32
361 3
430 22
278 8
235 10
21 23
434 31
78 2
5 29
384 27
63 6
471 13
125 15
474 32
118 24
42 25
275 18
455 9
471 24
276 22
5 5
116 7
155 18

