16
349 5
336 2
3 8
96 23
496 30
32 23
389 24
349 1
315 9
342 8
417 32
345 16
330 4
38 30
268 31
364 4
47 7
446 29
110 1
112 17
46 27
3 22
242 3
238 5
275 12
480 8
331 20
55 28
479 21
49 19
51 8
66 21
314 27
146 27
403 5
231 25
103 18
234 16
140 4
104 31
403 31
310 25
110 28
96 9
160 13
39 2
260 16
159 2
319 8
200 5
264 7
21 10
220 11
413 11
78 13
125 28
303 14
268 29
2 7
205 25
63 31
223 7
50 17
100 24
388 3
441 3
433 25
368 32
419 4
11 16
500 19
31 27
273 30
67 10
365 27
286 23
365 28
101 6
92 4
486 3
203 26
481 15
90 16
287 21
332 25
208 3
135 15
337 11
240 19
32 16
25 22
383 5
29 3
7 29
387 8
451 13
269 4
223 18
483 9
218 6
9 10
349 12
368 5
254 3
440 10
63 4
307 25
57 15
483 19
159 1
406 10
309 26
97 8
235 31
244 17
245 17
82 13
100 17
129 17
407 8
490 5
236 24
117 20
335 24
58 17
320 31
158 5
340 6

