16
297 19
137 3
222 7
409 7
255 22
433 15
360 29
29 18
413 30
280 26
249 25
18 9
356 16
360 27
183 27
409 19
161 29
134 19
224 18
233 2
63 29
344 10
334 21
88 26
98 23
83 2
363 1
390 6
440 9
448 18
175 24
101 16
457 26
422 24
331 26
9 17
170 9
167 15
429 22
101 14
472 27
76 27
135 25
256 11
66 32
48 4
115 32
427 11
85 20
102 3
1 27
160 3
315 14
377 31
431 25
472 14
12 27
88 14
364 8
424 21
251 20
20 29
471 11
288 12
498 9
174 11
203 1
373 5
10 29
463 16
78 15
46 9
185 5
438 28
180 14
328 18
185 8
147 19
498 22
414 15
26 12
197 1
272 5
97 26
318 8
425 23
346 6
335 30
307 20
430 22
337 9
120 1
308 22
380 1
51 17
4 8
84 8
156 8
121 13
489 14
312 9
36 9
87 2
38 25
345 31
82 22
428 21
54 23
318 9
96 20
78 7
148 21
2 3
16 26
55 28
411 2
473 10
226 19
167 16
155 32
434 24
193 21
289 10
300 22
31 3
178 12
345 5
268 22

