16
130 2
157 31
79 24
489 16
294 20
126 12
89 15
38 31
188 21
449 27
252 24
436 32
298 10
415 8
67 17
332 24
275 28
266 29
156 15
21 29
82 22
388 22
188 1
21 15
489 1
201 16
124 9
303 2
74 6
201 16
190 28
188 8
372 29
317 11
411 17
179 12
186 14
14 9
194 22
247 3
206 32
126 13
288 1
102 25
350 22
353 27
38 16
3 9
48 7
139 23
359 25
450 28
86 3
268 19
348 26
313 13
165 7
234 32
219 7
17 12
341 1
106 14
464 8
138 27
130 8
321 4
444 19
383 5
85 2
159 13
368 12
337 20
262 18
188 24
109 12
47 21
128 8
30 27
464 23
305 29
146 6
433 29
248 31
321 12
317 23
116 28
302 17
419 19
78 2
394 26
365 12
338 24
296 15
286 3
237 7
203 2
216 31
322 3
302 30
146 30
473 6
5 22
270 7
189 23
233 18
237 21
374 30
441 17
145 30
279 17
316 17
263 15
116 16
197 13
430 31
238 2
308 2
27 25
16 31
127 16
149 31
345 14
289 17
394 9
362 16
165 18
4 11
412 15

