16
454 11
138 1
228 26
136 16
77 20
259 24
47 2
116 12
343 25
238 9
324 10
403 6
284 14
453 20
1 14
124 3
45 26
471 20
27 22
331 3
477 6
330 16
359 5
83 5
221 4
97 12
429 28
394 25
405 22
332 25
279 28
63 27
273 30
446 7
195 17
253 28
70 2
47 28
82 5
332 2
153 13
50 21
280 31
145 16
140 25
144 22
488 3
93 8
444 30
58 18
18 22
309 3
447 23
218 28
188 30
181 4
330 10
272 17
24 5
496 27
97 7
285 16
197 1
343 8
118 4
278 12
265 6
74 15
145 12
90 24
193 6
171 18
352 18
482 23
62 1
94 18
467 2
93 16
458 23
7 31
390 16
62 18
74 24
68 18
131 9
401 11
279 3
196 30
216 29
60 10
5 5
139 3
382 28
338 7
222 9
414 12
332 15
469 13
462 29
326 8
45 6
266 19
500 13
156 28
489 4
197 5
220 31
168 14
418 25
440 12
53 25
103 25
32 19
493 13
459 3
289 20
396 6
178 16
367 22
463 27
253 15
200 32
345 7
73 7
223 1
254 32
421 8
12 32

