16
221 13
401 25
494 4
65 32
277 3
314 4
283 4
109 32
296 18
134 22
325 31
435 23
342 9
299 23
240 21
384 1
390 16
265 23
55 13
311 15
328 4
130 22
315 7
433 14
492 18
435 32
229 30
179 6
338 1
216 9
26 11
389 23
87 2
1 13
334 3
472 29
138 13
474 12
395 6
62 11
324 28
406 8
69 32
325 30
265 8
187 22
343 15
408 13
432 24
421 30
71 20
278 32
197 12
160 19
9 5
33 8
272 7
439 25
226 27
98 6
359 28
335 21
211 6
481 26
2 25
259 24
497 17
131 13
492 2
487 12
214 28
388 6
162 2
326 7
293 19
81 31
411 7
203 25
9 19
114 10
287 9
433 23
465 23
327 20
205 2
159 30
37 18
255 30
224 32
436 16
207 16
18 1
283 32
89 3
254 10
300 28
130 12
175 10
146 21
401 26
18 28
120 18
309 26
103 32
10 19
251 12
258 28
184 24
339 4
330 12
29 5
484 31
416 26
104 18
10 5
263 4
416 2
137 12
312 4
460 21
482 26
388 23
330 11
131 16
398 8
112 26
145 3
84 28

