16
169 13
85 30
262 32
71 5
268 7
293 2
158 27
280 25
16 1
453 16
49 24
164 10
170 28
453 7
245 22
115 29
14 31
27 15
419 13
323 26
95 3
499 16
118 15
345 29
107 29
120 15
181 19
56 6
307 8
308 3
425 30
463 30
325 25
65 27
437 31
280 24
206 15
135 31
261 15
159 11
480 6
226 32
412 17
361 6
141 17
268 21
442 7
3 10
71 31
360 4
305 24
243 30
122 1
184 2
412 22
100 27
323 5
402 19
106 30
304 14
430 32
162 28
154 20
341 4
82 9
287 15
396 1
100 5
110 8
102 17
181 17
411 24
378 4
90 11
425 1
432 15
316 25
430 5
109 14
397 30
26 15
132 21
64 24
141 17
219 30
45 27
295 11
254 4
470 27
6 14
236 5
100 27
233 5
224 9
151 8
235 8
154 18
449 5
301 21
93 7
183 21
122 1
295 19
148 12
70 17
158 9
145 21
59 17
286 2
70 12
253 32
315 31
373 15
327 26
56 24
396 22
260 1
66 11
244 25
318 1
69 15
469 29
84 11
441 29
161 6
360 21
17 26
171 22

