16
17 15
161 16
182 1
409 2
115 3
464 8
316 15
350 29
4 9
249 4
442 23
278 15
247 20
79 9
164 2
168 5
256 5
448 21
21 8
219 19
302 2
454 5
192 11
105 27
195 30
338 32
8 7
370 7
391 12
175 14
293 3
86 28
375 5
189 11
240 7
233 21
292 22
361 23
340 26
381 19
23 15
22 10
37 32
136 15
43 31
333 24
209 14
87 7
155 3
181 30
33 13
139 16
450 11
158 1
168 23
27 26
313 5
424 25
144 19
128 14
73 4
225 17
81 24
67 3
438 7
333 3
11 19
294 20
321 24
101 1
46 7
382 18
27 29
410 14
216 17
60 32
200 32
273 5
447 7
219 17
438 7
207 32
373 4
260 22
7 8
386 8
338 15
113 25
72 3
90 27
411 1
426 7
285 10
243 23
389 17
319 30
216 25
273 16
377 16
485 23
95 26
287 5
489 23
1 20
273 2
198 12
91 7
294 3
25 28
309 1
52 32
90 3
4 26
207 20
98 23
115 32
413 9
476 25
3 32
312 24
270 25
459 4
335 20
290 15
491 30
475 26
429 12
161 21

