16
439 30
97 8
32 26
42 18
191 12
308 8
393 18
206 18
445 30
32 16
340 22
206 8
498 16
94 9
218 11
36 20
168 25
111 4
78 21
377 32
296 16
475 8
373 4
458 25
349 17
40 8
374 1
219 19
396 1
435 21
3 15
268 18
455 3
73 24
383 9
299 22
189 29
69 25
156 22
82 32
366 25
395 11
366 21
110 9
129 24
374 31
366 5
153 12
223 5
203 29
378 25
486 6
477 15
478 20
432 15
339 10
32 25
388 1
50 17
9 2
393 6
309 14
227 17
282 17
389 28
258 2
337 31
35 9
149 5
149 17
275 15
378 26
424 13
202 21
114 3
150 6
296 22
467 18
122 12
175 27
84 16
480 28
26 3
84 27
231 32
255 25
423 4
311 22
100 12
170 13
426 31
422 22
481 5
447 26
488 9
316 23
52 16
342 6
14 22
104 24
361 10
100 3
193 2
332 28
478 1
209 27
24 26
328 20
222 23
309 14
395 1
484 23
476 22
228 1
103 27
436 31
392 7
450 16
1 25
227 22
486 19
232 25
417 32
216 10
186 24
199 20
352 27
82 7

