256
60 22
68 8
392 12
429 16
234 16
361 18
120 16
89 19
132 18
97 28
418 9
372 13
220 5
218 19
460 5
281 24
63 20
127 2
339 31
470 1
419 6
326 18
297 18
253 21
339 21
180 29
69 27
333 13
435 14
115 6
47 32
265 13
299 27
118 18
446 31
414 8
416 3
253 25
4 29
197 23
58 28
155 14
426 27
118 20
389 25
253 27
332 22
247 10
260 20
119 9
451 12
420 22
474 9
134 2
233 26
24 22
205 10
120 10
16 29
341 12
469 22
394 12
315 12
282 26
356 16
131 18
488 18
375 9
278 21
290 31
338 1
152 3
194 23
376 14
360 9
169 8
162 31
332 8
202 9
253 9
68 3
214 19
137 1
16 14
449 5
276 2
322 32
32 15
402 16
280 9
476 21
441 21
363 4
316 28
88 28
473 3
303 30
210 19
478 17
56 18
233 12
416 26
463 23
273 32
58 4
477 29
352 25
21 10
40 12
130 7
108 10
485 6
343 30
52 5
122 23
450 3
290 9
112 12
368 4
116 5
140 20
310 31
360 18
57 7
370 14
81 5
343 21
90 29
111 1
357 32
99 23
438 25
375 30
140 30
137 15
19 8
50 4
471 13
9 15
11 18
268 31
58 18
156 31
146 6
139 15
349 22
161 7
478 3
40 17
481 4
76 3
156 1
178 18
386 26
208 32
268 27
487 1
436 18
176 25
259 30
83 27
255 11
97 32
334 4
53 14
164 16
164 19
456 21
500 29
230 3
89 25
33 27
26 8
420 25
48 2
218 7
488 9
429 29
56 30
424 24
427 7
291 26
109 23
134 28
439 28
166 15
64 26
305 13
165 20
141 1
457 27
47 17
183 23
233 10
89 12
50 31
95 8
309 11
438 6
15 17
157 4
107 21
378 8
13 30
339 6
458 16
364 4
92 2
331 12
135 15
331 12
137 9
228 5
332 17
91 26
245 11
25 32
171 26
115 32
148 1
189 21
100 4
461 15
97 19
218 15
265 17
119 13
325 14
50 12
214 28
353 31
238 2
162 5
335 4
444 18
432 8
439 20
35 31
426 15
245 28
65 17
192 23
113 4
232 14
376 2
153 20
404 15
309 29
355 16
44 22
477 3
281 7
358 7
17 24
297 21
279 17
473 30
396 2
41 11
451 16
72 24
496 11
198 24
243 24
447 6
201 8
113 9
190 30
499 19
457 3
171 7
7 12
408 26
433 5
381 27
216 16
190 23
483 23
367 1
290 21
215 26
88 15
174 10
500 16
336 1
318 2
43 5
205 11
430 25
103 2
224 2
318 5
381 12
152 7
228 9
411 18
135 23
120 4
276 12
184 27
76 5
172 18
29 9
124 7
217 10
472 20
396 25
205 4
440 20
374 16
500 4
461 30
134 1
146 25
200 21
75 23
181 15
96 2
475 4
20 23
297 15
335 24
132 3
171 11
98 4
442 17
180 27
83 1
483 16
426 6
408 12
160 28
246 3
1 16
178 4
467 19
215 17
18 26
191 5
120 8
84 30
88 15
316 6
280 18
249 9
331 24
204 18
300 14
448 16
225 26
172 3
452 6
343 21
435 5
9 2
24 1
467 4
207 22
133 30
431 30
42 29
93 26
454 8
399 2
192 3
379 11
166 6
452 24
150 14
393 19
291 8
103 14
231 1
243 20
147 10
97 4
490 5
285 20
433 3
49 4
158 15
338 11
460 29
330 13
26 30
119 24
194 17
129 16
382 8
287 16
249 19
419 22
276 16
385 4
238 29
183 23
415 20
69 30
12 3
187 25
324 9
56 5
230 21
293 11
408 23
342 12
166 12
245 1
463 10
352 13
266 10
299 17
405 4
406 12
118 24
156 5
249 19
162 26
247 30
440 2
384 29
161 29
40 14
193 3
239 32
259 28
429 17
36 5
276 26
452 25
385 19
390 17
170 7
314 12
356 13
70 23
385 26
140 17
339 16
131 29
228 1
433 24
297 4
341 5
261 12
317 14
251 26
482 4
108 8
335 3
48 28
54 29
190 13
209 28
228 31
457 11
79 17
315 15
356 31
447 17
150 16
466 8
173 27
171 9
242 26
95 22
465 4
74 10
192 30
182 12
472 30
430 26
378 24
276 1
454 27
53 32
190 14
207 18
465 18
494 10
235 5
347 31
88 16
353 24
405 14
403 8
375 24
129 24
280 9
336 5
479 9
40 12
406 11
233 30
124 23
280 6
167 6
260 2
250 12
385 2
349 27
234 3
323 10
326 2
118 18
38 20
402 10
467 15
324 28
381 15
278 20
8 12
489 23
49 14
83 6
96 27
72 25
6 18
190 23
347 20
344 25
255 1
314 6
256 21
125 28
287 18
499 22
49 7
264 9
77 14
30 4
129 14
352 6
347 29
168 18
200 4
282 23
460 11
232 19
435 28
54 1
461 28
218 9
391 1
105 23
327 31
342 23
88 21
292 10
85 23
479 1
174 4
443 30
58 18
52 12
381 30
416 25
9 1
349 27
466 17
69 16
291 10
450 26
102 1
164 15
51 30
323 17
106 5
62 15
290 29
7 2
70 6
10 19
407 26
181 8
14 30
15 25
159 28
34 5
408 21
299 18
191 1
386 20
237 15
310 26
264 28
195 5
442 20
115 8
117 4
71 22
45 5
286 7
252 32
315 27
16 29
320 6
85 14
353 1
4 27
346 7
182 20
304 23
299 2
322 19
417 12
45 5
180 22
368 15
353 22
293 9
499 21
278 15
318 7
404 29
497 9
292 22
493 15
153 3
216 10
58 21
70 30
297 5
135 4
32 8
198 28
208 12
288 29
278 17
319 9
130 3
486 17
345 14
71 5
472 14
322 5
122 3
482 27
492 21
82 27
456 23
50 11
326 6
351 28
294 10
488 3
336 21
47 4
154 17
28 18
255 22
154 32
92 24
146 31
104 24
457 7
358 15
425 16
344 23
491 9
296 14
412 12
155 30
163 4
279 23
285 13
40 11
112 3
426 6
66 13
337 26
291 10
28 3
81 27
193 3
212 25
253 15
472 19
284 18
66 26
176 11
298 19
141 18
198 22
167 23
298 19
136 20
48 24
6 21
90 14
51 21
38 7
127 9
61 15
347 15
176 2
181 14
89 13
235 10
238 21
252 3
255 15
326 2
254 11
134 24
232 13
496 30
191 15
334 12
385 32
82 4
54 18
237 22
82 15
131 31
223 30
409 9
120 22
131 18
268 32
69 23
152 20
324 31
390 26
446 30
189 3
38 26
288 18
87 17
245 13
243 3
450 15
296 22
236 22
147 3
393 15
57 1
482 13
387 4
38 8
497 30
210 2
172 29
160 6
69 20
327 27
370 28
313 1
49 12
442 23
254 11
261 6
231 7
190 9
466 23
152 10
157 25
200 12
61 31
289 1
262 3
291 7
95 3
500 15
2 29
190 27
479 10
416 17
396 18
29 25
36 8
175 28
244 14
371 20
84 24
284 29
126 14
327 24
28 10
67 29
471 12
135 13
57 23
10 5
8 22
313 15
274 31
87 29
64 17
25 23
320 4
343 2
234 22
369 1
199 31
142 5
190 20
470 31
178 15
51 17
72 31
80 1
406 10
66 9
474 14
468 2
249 18
443 2
35 27
447 6
246 32
254 3
67 27
385 29
257 3
281 13
2 12
25 31
377 10
375 15
383 6
348 8
208 18
317 30
100 11
327 5
406 13
336 29
359 8
421 16
7 5
296 12
265 8
414 5
114 16
343 8
186 2
479 13
331 24
338 31
262 13
479 12
449 10
344 31
386 32
274 28
316 9
251 20
93 16
73 2
155 11
405 20
309 24
436 31
383 10
421 16
290 32
15 14
213 2
248 26
121 26
341 5
294 27
368 18
458 16
295 9
59 28
156 7
435 28
5 1
69 2
312 26
177 11
299 9
36 18
339 13
419 23
297 13
122 8
450 27
456 17
43 18
444 31
232 30
494 28
46 30
13 13
123 29
387 29
430 3
318 8
431 25
298 31
301 15
242 2
202 29
346 12
414 29
146 5
370 3
233 23
404 29
476 22
138 26
150 31
136 32
38 10
408 3
144 28
458 14
309 27
286 15
254 24
147 16
196 5
242 28
283 18
377 30
227 18
472 25
284 19
48 21
25 15
7 4
14 8
257 6
122 27
180 8
94 31
127 13
343 8
69 29
217 1
87 32
310 18
172 1
368 15
265 32
25 11
264 6
87 20
63 20
62 31
435 31
421 17
296 31
133 20
91 17
160 21
496 5
438 7
265 10
237 25
49 17
3 12
2 21
332 1
149 13
11 3
252 27
348 23
397 12
262 19
32 29
368 12
93 13
46 5
110 7
89 31
247 31
322 13
32 9
165 28
250 11
262 1
309 17
251 29
440 32
43 24
136 22
351 28
67 20
140 24
30 28
38 17
170 32
229 13
12 9
380 29
271 6
465 23
454 19
135 18
430 1
217 13
291 11
496 25
314 7
236 24
214 6
176 28
133 4
436 12
148 16
109 30
13 5
496 10
492 6
211 9
10 3
338 28
197 29
8 11
172 4
410 5
369 9
472 13
488 8
348 23
279 32
52 11
85 7
108 28
380 15
348 17
449 25
41 30
74 32
360 25
347 9
481 11
205 29
419 28
64 15
178 26
426 5
484 18
479 23
437 22
113 17
450 22
173 18
411 30
94 26
342 20
242 19
7 18
479 21
489 18
43 30
235 17
246 14
34 12
160 15
285 9
459 6
38 7
428 16
229 9
421 26
312 10
244 26
311 26
95 7
263 17
464 21
161 5
66 3
284 6
17 16
202 15
153 11
105 12
38 25
452 2
255 16
323 30
433 5
220 23
283 2
368 14
183 8
306 24
222 1
177 26
360 10
212 4
468 29
296 13
353 3
18 7
214 24
105 27
176 28
377 6
9 24
407 19
124 4
143 9
4 7
287 19
401 10
227 4
370 6
429 27
472 30
329 26
490 5
36 17
460 4
475 29
360 9
215 27
445 25
31 16
380 5
163 16
371 25
203 20
114 3
462 5
429 15
122 22
279 17
434 19
421 28
411 16
141 29
466 17
186 12
384 21
17 2
48 31
490 22
478 23
233 32
40 25
434 25
430 32
22 19
154 30
475 32
425 19
393 22
51 18
89 2
142 17
184 9
195 29
290 1
128 22
464 15
386 13
31 27
312 16
382 30
345 28
381 25
322 25
10 16
202 15
9 15
55 20
235 14
217 21
274 4
250 13
362 24
189 24
154 4
296 31
169 20
94 30
261 7
174 26
490 32
220 7
70 7
394 5
228 10
33 1
305 2
293 30
121 5
262 11
332 29
13 9
48 3
402 28
77 27
430 31
154 29
269 8
479 30
232 22
124 4
410 20
397 2
298 30
34 7
144 14
319 16
218 18
318 27
26 27
249 3
165 15
307 29
330 2
446 1
343 1
176 13
201 8
306 6
441 20
260 12
57 14
296 22
295 13
448 12
211 4
126 31
98 13
11 7
422 21
339 4
229 10
368 9
290 30
278 22
217 25
18 17
318 29
102 5
277 21
284 16
244 30
66 10
46 9
472 23
385 23
82 17
28 10
42 17
179 7
399 23
60 8
371 5
80 12
341 12
20 25
47 23
238 9
308 31
41 16
101 13
294 14
37 5
335 22
490 29
101 28
407 28
155 25
240 6
100 9
293 3
57 12
234 22
304 25
428 4
24 8
120 13
413 12
138 12
438 7
260 30
366 27
253 4
147 24
105 23
424 25
217 32
88 18
477 23
195 8
438 18
135 9
387 4
417 16
147 22
354 22
95 23
276 11
90 3
42 2
21 2
294 17
149 30
243 22
476 13
233 14
358 12
322 28
119 10
471 29
443 32
22 17
394 2
87 15
72 29
380 28
446 10
384 30
259 14
71 26
266 16
499 24
227 29
219 9
262 30
461 5
365 22
445 19
483 16
93 26
364 17
349 9
350 1
254 32
62 25
193 8
184 32
303 2
216 17
106 1
414 14
33 11
251 26
389 26
213 29
139 20
157 8
236 6
424 1
113 21
17 30
164 32
349 26
313 24
191 10
392 24
187 29
234 26
254 30
375 30
307 5
393 7
204 12
469 19
468 17
464 5
90 3
240 10
445 5
353 7
322 25
90 5
169 32
150 10
149 16
91 23
388 23
270 32
110 10
70 13
22 25
117 8
12 21
49 24
261 18
294 6
498 27
442 30
410 7
291 23
318 13
217 10
363 10
1 4
75 26
104 13
307 1
208 14
429 4
477 13
361 2
270 30
356 28
227 22
358 1
28 24
249 24
233 15
230 9
286 20
6 2
400 20
462 19
481 22
419 5
430 11
78 19
489 2
114 3
51 16
84 2
499 16
173 7
295 26
315 16
58 16
321 13
484 18
268 4
375 22
273 8
316 14
355 8
135 8
223 5
143 14
114 29
489 31
223 27
40 17
67 5
209 27
406 4
373 17
7 19
210 15
51 5
481 21
385 11
76 23
4 19
116 21
211 32
255 18
91 11
174 5
243 2
395 32
425 11
172 12
366 21
414 24
462 22
24 6
213 7
156 16
21 31
184 8
226 23
369 24
437 26
472 15
128 27
179 32
485 30
187 2
435 5
117 12
198 4
93 26
443 12
477 3
370 13
398 7
303 2
411 3
12 26
269 23
304 31
42 25
149 1
490 15
33 19
330 30
302 10
492 32
21 32
411 30
480 12
336 14
278 2
372 9
184 1
279 15
439 20
275 27
252 1
21 24
427 2
218 8
123 13
324 31
28 10
384 24
393 32
141 2
169 21
310 28
209 8
339 19
260 17
86 15
81 22
499 3
456 28
87 2
276 18
73 19
495 28
162 15
379 15
409 28
19 26
399 23
158 1
225 29
54 22
483 2
268 17
345 3
400 15
4 19
44 4
478 26
88 15
128 26
145 24
365 31
458 12
241 19
204 30
87 29
479 25
243 30
402 3
172 21
369 4
328 16
307 13
153 6
147 16
212 24
20 20
306 25
191 11
147 11
68 25
151 26
153 5
496 26
331 23
59 23
46 22
314 1
246 14
246 28
450 5
35 5
385 9
149 23
443 7
321 26
379 8
259 15
68 10
289 19
273 23
153 26
436 15
22 13
136 32
424 25
428 27
405 28
355 25
239 21
199 19
158 29
234 32
460 6
22 20
256 10
298 32
315 21
226 29
265 10
160 8
446 31
350 31
103 4
255 13
352 22
455 5
382 25
129 29
194 14
144 21
147 25
356 25
377 2
353 13
295 16
33 12
303 22
294 9
290 1
449 17
354 19
206 7
443 26
280 8
187 19
436 29
68 16
497 24
77 10
437 27
213 25
462 7
406 16
123 7
156 3
40 5
178 13
447 32
430 14
460 12
353 3
152 12
38 28
215 2
349 7
336 30
323 2
280 13
257 19
423 32
177 10
476 10
410 14
178 27
352 17
306 28
383 13
179 5
457 9
238 13
396 2
422 14
75 14
446 19
456 13
298 20
34 21
190 12
46 7
134 29
3 12
156 9
248 30
9 32
79 19
213 22
172 22
191 22
187 29
280 2
209 25
330 30
201 19
389 14
385 15
347 15
314 2
475 17
40 4
469 6
82 29
91 9
18 29
54 21
121 5
402 1
261 11
423 9
101 7
410 21
185 32
223 14
462 26
263 1
33 15
118 18
115 32
70 28
192 23
40 21
307 6
141 23
376 19
83 13
78 20
461 14
452 4
464 21
233 26
265 25
308 26
82 18
293 3
257 20
477 29
148 19
294 29
405 17
55 7
145 8
330 30
98 13
493 17
45 29
138 21
193 17
394 30
70 6
128 14
374 24
326 1
238 11
161 18
140 12
480 24
51 17
241 8
90 21
60 30
161 1
147 5
493 32
478 18
78 1
92 31
60 9
323 1
240 28
290 15
403 9
14 25
430 27
101 23
191 24
356 32
209 6
56 9
394 6
319 11
342 26
125 30
30 7
50 21
134 16
351 8
312 9
489 17
323 1
111 17
100 27
68 16
320 20
213 5
361 19
387 30
292 23
307 13
310 25
294 31
400 4
331 31
360 7
304 14
259 22
47 30
84 14
370 16
441 6
320 25
316 3
207 3
69 17
131 22
221 16
173 16
272 27
183 31
173 30
17 7
103 11
492 3
380 17
294 25
146 5
473 13
171 7
271 32
192 30
469 32
29 9
384 32
495 30
135 3
51 11
301 13
417 13
191 12
5 32
468 19
301 21
463 11
471 14
62 18
487 31
426 23
375 1
19 10
374 21
240 24
7 21
280 19
185 19
422 29
306 2
339 22
182 14
429 16
387 10
166 5
224 19
239 15
103 17
24 16
113 3
103 3
155 10
245 23
204 19
380 14
408 2
319 9
223 3
444 9
441 25
333 20
255 8
318 29
32 25
332 29
456 18
263 18
168 20
153 23
26 28
84 25
453 7
225 12
353 24
488 21
333 1
161 27
96 10
444 31
171 3
271 30
413 26
87 16
393 23
154 18
474 10
54 15
492 10
454 24
149 13
489 17
465 21
68 20
330 3
187 32
489 13
125 25
342 12
332 18
154 14
355 20
427 12
258 6
37 27
465 22
355 9
18 20
305 17
379 27
447 25
486 24
374 23
188 11
26 24
5 3
209 31
362 27
471 23
256 31
181 28
396 24
377 26
355 1
350 17
167 29
150 21
436 15
115 3
441 12
346 21
374 30
8 4
392 30
206 23
336 11
71 16
422 23
497 12
479 18
360 18
346 5
150 1
383 16
108 12
107 29
472 8
359 19
419 18
308 5
101 12
11 27
227 16
117 3
411 7
272 22
92 2
131 29
102 13
356 5
392 6
14 24
146 28
194 24
325 26
40 21
497 10
95 31
37 31
149 19
158 20
217 29
389 3
342 23
63 5
403 7
11 28
318 24
139 7
423 4
216 11
388 4
68 7
490 13
397 2
51 10
410 7
155 10
317 32
492 24
44 27
334 14
162 27
413 13
217 20
468 1
354 7
348 17
41 6
377 18
327 28
491 28
398 1
386 11
492 5
446 4
123 31
441 21
133 22
437 25
393 16
485 6
462 29
18 3
374 19
440 8
26 14
288 15
279 9
341 14
401 26
9 12
268 2
160 16
7 32
453 31
203 1
496 4
473 25
18 30
111 25
250 24
91 9
263 21
413 31
490 29
241 19
40 16
152 7
260 10
350 8
408 20
500 11

