256
453 16
299 8
177 7
100 7
367 17
308 20
437 17
55 22
56 15
57 32
377 1
282 13
68 23
492 25
59 2
82 3
189 1
466 30
491 25
160 1
57 7
112 18
87 31
279 18
233 4
161 21
276 26
21 3
221 20
107 31
101 20
493 6
272 10
359 26
375 6
470 11
41 14
128 3
248 3
121 24
94 5
292 9
223 12
211 15
175 5
73 19
208 13
268 12
226 26
93 24
348 31
383 12
496 30
366 23
120 2
278 5
119 25
433 5
232 23
135 2
163 31
384 19
475 12
54 32
481 2
152 4
412 26
271 11
247 29
353 23
474 14
283 4
50 8
284 9
210 26
38 25
328 30
95 2
277 8
206 13
145 25
289 9
94 31
167 8
47 20
410 25
1 25
316 7
260 4
35 29
221 25
193 21
346 31
54 30
138 23
82 15
319 26
43 32
281 9
456 19
432 5
403 29
261 7
187 28
170 17
341 6
145 13
142 30
376 16
315 17
158 5
351 21
118 21
240 22
454 27
429 25
264 19
169 28
401 23
248 2
428 16
312 16
324 1
414 7
500 8
416 22
124 22
486 10
11 29
343 8
124 7
52 23
306 21
262 18
427 9
128 18
448 27
426 20
243 15
26 11
66 17
104 2
411 9
135 17
17 9
88 28
100 23
26 9
211 4
462 22
500 13
343 4
379 8
423 2
310 16
68 12
93 11
121 7
111 23
423 23
83 14
267 14
500 4
438 15
283 16
52 19
340 10
434 3
218 12
192 7
155 15
106 27
281 30
249 11
332 23
369 19
384 19
448 8
131 22
298 29
489 25
251 32
94 4
398 19
391 5
190 10
199 11
496 11
373 5
221 28
119 22
470 31
428 14
442 30
7 27
27 7
439 9
174 20
313 8
47 27
12 32
100 31
234 8
41 18
192 30
14 6
203 27
368 26
104 9
244 10
47 18
456 21
398 22
221 6
405 15
265 8
354 4
478 23
311 15
397 22
132 22
16 30
244 31
167 24
44 14
309 10
31 17
279 25
98 7
342 2
117 30
269 2
322 15
260 12
117 32
486 8
269 29
433 5
87 27
64 2
361 28
424 7
488 10
375 17
52 29
438 4
174 27
341 27
305 28
127 5
460 8
168 16
316 16
444 30
402 15
236 18
83 11
357 22
212 23
359 3
151 24
282 13
354 10
319 26
425 13
430 32
260 9
316 23
400 3
181 2
470 20
415 28
426 11
473 17
58 23
251 20
479 24
32 32
5 7
46 5
499 23
17 7
276 20
389 23
294 17
180 7
188 11
314 1
421 19
453 22
321 3
186 23
86 9
335 26
271 16
371 2
206 3
84 5
422 4
212 11
245 19
478 24
337 19
249 18
133 9
87 14
404 16
252 5
193 26
431 7
169 29
436 15
391 15
59 20
343 14
26 7
13 15
222 29
350 22
310 6
171 21
435 10
20 23
414 28
328 12
27 25
496 10
223 6
333 25
49 11
403 23
465 7
133 14
467 6
156 17
316 2
377 30
103 8
492 24
460 4
360 6
168 11
299 2
445 7
374 9
361 32
271 1
394 4
363 9
237 18
193 20
47 29
6 29
464 5
16 7
20 23
260 3
82 27
280 18
393 30
370 18
133 25
430 3
396 32
91 4
13 3
36 3
351 9
59 2
93 19
441 21
301 20
3 10
462 27
111 15
140 21
460 20
473 17
150 8
33 32
351 1
374 2
308 32
130 2
242 23
144 10
187 29
85 1
30 11
175 1
105 18
473 24
86 1
156 27
164 24
179 18
437 28
104 28
480 29
313 29
307 17
106 29
253 2
386 18
292 24
126 4
226 6
163 15
246 3
249 13
210 3
275 18
331 18
241 26
462 10
382 1
362 27
317 6
380 26
451 8
466 9
419 27
26 6
205 20
400 17
32 1
232 30
107 18
35 31
223 29
104 32
469 1
294 25
134 21
339 29
196 4
13 7
346 18
196 6
161 19
354 5
407 9
350 5
350 17
64 4
437 11
379 9
336 28
393 17
345 19
405 12
238 17
6 19
307 29
336 7
499 14
11 2
478 13
122 16
449 9
103 9
204 22
493 31
5 17
359 1
468 28
93 25
32 30
492 14
151 3
305 9
220 31
258 6
379 16
229 7
64 7
63 11
368 31
9 13
144 24
425 19
335 25
19 30
319 22
204 17
189 32
321 8
26 3
309 9
458 1
83 9
424 30
492 3
404 28
15 11
71 28
9 5
308 8
271 10
389 14
298 21
37 19
189 10
197 9
318 6
90 1
230 17
250 1
303 25
425 2
52 15
109 32
252 16
291 22
246 4
51 19
460 15
13 20
500 25
201 10
418 6
70 12
302 7
220 8
323 8
125 2
491 5
138 10
353 8
319 14
459 1
344 3
159 5
122 6
269 18
327 27
111 24
334 12
418 17
220 29
49 28
170 15
281 31
484 21
87 22
82 17
374 1
19 4
133 9
41 2
314 24
88 17
467 1
40 13
325 15
329 9
307 6
263 11
157 14
71 11
251 32
343 24
428 14
359 5
354 4
314 15
471 1
443 9
173 27
173 17
93 29
222 19
351 16
189 7
434 27
453 32
262 11
12 26
8 18
454 13
473 3
380 15
371 26
232 3
156 12
243 29
109 12
351 11
152 12
169 25
2 1
472 32
267 15
157 3
57 22
487 21
80 10
324 26
40 27
196 23
310 14
147 14
106 2
228 21
241 8
45 18
368 4
357 19
351 9
113 19
178 3
287 21
169 10
410 16
368 9
106 10
247 25
299 16
102 15
312 6
274 16
287 30
223 8
480 5
360 4
331 14
42 30
146 18
283 16
269 11
12 7
32 14
127 10
313 24
208 32
125 14
183 19
327 2
406 26
330 10
101 29
155 2
482 24
204 32
59 20
414 31
198 29
32 24
127 9
255 30
24 11
19 23
142 21
464 23
354 29
164 10
157 22
448 18
322 31
402 20
474 27
302 12
464 30
495 30
234 18
127 13
332 6
315 25
342 26
20 8
275 15
353 15
205 28
421 18
450 18
109 12
340 23
95 3
448 25
96 25
394 27
289 6
368 8
50 25
85 13
108 23
456 17
494 32
112 6
389 6
87 21
337 2
259 7
81 30
75 4
238 9
250 27
398 29
482 11
30 2
368 21
277 19
449 30
186 17
35 2
474 25
422 6
398 1
296 30
238 10
358 20
42 31
354 31
76 15
238 17
252 1
93 8
131 10
1 4
306 7
93 15
155 26
292 25
46 31
382 24
160 23
463 26
198 24
344 17
354 1
81 21
241 5
189 19
418 1
390 7
76 26
353 6
200 8
486 13
82 20
232 14
458 14
147 31
213 30
131 10
275 15
227 31
236 27
90 1
455 7
228 2
313 28
464 20
76 5
460 9
168 4
102 2
237 28
484 22
442 15
71 24
177 29
82 16
63 7
121 18
2 24
251 14
279 26
29 22
15 32
363 22
31 20
11 20
64 23
273 9
313 7
72 1
492 21
457 26
28 1
275 9
424 30
46 10
443 22
260 21
413 30
343 24
437 1
415 32
199 19
208 27
29 7
204 28
136 12
278 23
236 32
43 3
281 20
416 20
365 11
384 29
148 18
72 25
431 30
288 9
172 32
344 9
126 31
424 1
410 25
275 21
105 21
7 21
108 2
312 16
97 16
101 20
273 32
32 19
10 4
36 13
167 31
85 8
481 25
257 6
61 31
386 9
200 16
254 27
165 5
279 29
112 23
209 21
402 28
291 19
263 2
296 1
260 20
425 28
92 17
481 29
63 26
21 2
109 2
421 26
191 7
238 26
429 6
390 18
390 21
297 32
210 4
433 22
175 9
61 3
389 18
271 7
259 3
65 20
417 5
345 11
35 2
260 7
380 18
348 9
34 28
272 27
87 8
64 22
412 1
380 8
18 22
307 28
292 23
347 28
207 27
166 5
273 10
407 4
279 2
124 32
250 19
54 28
451 10
449 10
94 8
218 27
329 32
90 21
246 5
328 16
127 22
44 27
271 30
106 25
55 9
212 28
476 17
344 22
234 8
491 3
472 16
141 12
83 19
272 4
167 16
131 21
445 6
396 3
475 13
115 2
82 18
389 17
294 20
186 28
376 4
58 11
236 27
350 2
429 22
350 3
73 24
91 9
6 6
83 32
191 5
65 8
226 30
32 23
37 29
46 12
244 16
462 19
154 12
353 22
285 26
380 5
181 14
373 14
12 23
370 6
3 14
177 16
239 4
246 28
128 24
39 31
99 29
406 16
164 6
37 8
459 28
304 15
89 24
29 28
482 10
5 8
183 13
63 2
444 28
197 15
155 3
146 25
87 31
356 6
308 12
197 2
11 24
108 16
27 12
403 28
385 12
343 12
144 25
341 8
417 9
10 7
123 3
176 10
57 7
459 4
479 28
333 25
359 21
440 2
280 19
245 21
306 32
84 21
196 12
240 12
312 18
387 30
108 18
495 21
148 22
380 10
165 29
115 3
357 10
260 16
452 1
152 25
296 3
58 23
10 9
159 1
250 21
459 14
310 5
22 29
462 25
83 10
317 9
149 5
306 16
161 14
264 24
14 15
399 19
254 8
72 8
81 21
308 7
30 1
195 3
425 5
156 3
282 16
407 26
349 29
190 9
322 25
24 15
216 26
110 13
34 29
84 10
205 15
356 19
211 26
137 11
58 16
346 12
468 24
121 20
168 14
28 29
467 27
176 14
177 13
206 22
169 13
27 25
31 14
459 9
283 32
227 5
239 32
32 14
28 20
373 11
166 28
36 8
303 19
369 11
347 14
40 7
362 30
239 20
151 10
336 17
293 14
477 23
338 4
89 5
364 5
263 25
361 22
364 23
8 20
493 6
157 32
368 26
301 11
465 7
156 8
87 28
65 12
182 2
275 22
322 6
83 21
370 27
382 29
309 18
168 17
95 16
36 3
45 12
421 21
490 32
160 8
375 17
343 12
182 2
178 24
459 28
88 5
54 21
413 6
210 17
14 29
108 5
119 9
88 11
13 1
170 25
208 4
453 27
451 26
372 16
489 2
91 28
10 32
397 7
209 22
355 26
262 22
474 16
466 13
474 27
193 3
207 21
38 27
303 21
144 10
172 5
355 15
60 17
110 16
139 19
414 13
392 23
306 10
111 32
130 32
306 3
431 12
75 8
22 5
160 25
402 32
1 24
446 29
472 27
368 30
225 17
454 25
160 12
334 14
235 23
57 4
489 15
403 15
307 20
291 18
292 32
1 9
300 30
205 31
205 16
233 5
57 6
397 8
297 30
337 27
397 1
422 13
232 12
300 6
99 14
207 11
486 8
387 5
357 23
259 29
14 31
342 6
29 30
489 21
320 1
60 16
422 13
304 17
157 23
394 23
249 12
349 18
159 19
370 24
177 24
428 15
323 21
316 27
359 1
379 14
481 30
449 2
123 24
406 3
59 7
385 19
103 26
392 5
172 25
128 21
92 16
95 6
28 22
116 22
214 15
415 23
136 31
448 22
467 10
388 5
356 17
35 2
210 26
71 21
390 2
433 1
457 11
247 21
437 6
370 22
412 13
196 32
499 4
9 1
201 13
45 28
21 27
14 6
208 4
314 5
133 3
282 22
273 12
426 13
241 19
63 5
431 14
404 10
105 24
450 29
308 15
213 32
277 22
261 29
13 31
285 29
173 6
438 13
445 27
358 2
10 28
42 12
381 9
73 26
356 31
494 4
73 14
47 21
135 8
37 27
86 18
496 6
239 9
54 8
296 11
73 17
34 14
96 15
58 17
456 21
247 29
132 27
359 27
167 13
190 32
492 7
377 31
384 7
271 29
2 10
52 22
222 13
187 22
203 24
190 2
213 20
459 4
254 9
226 28
161 31
327 28
393 11
342 16
22 1
65 31
178 20
449 4
404 23
69 27
231 30
116 27
45 26
490 30
242 28
273 23
334 20
406 31
358 12
2 15
212 26
106 21
237 2
492 13
188 16
99 6
21 2
64 29
140 30
418 29
473 19
135 18
494 5
32 3
492 30
82 27
303 31
295 4
92 7
32 23
50 22
401 3
195 28
339 18
221 25
419 17
299 1
351 16
297 18
346 20
267 3
342 6
317 29
313 32
275 24
39 24
325 19
246 3
106 25
409 7
193 3
223 27
231 25
338 8
307 27
167 25
462 9
198 30
145 6
38 7
205 20
94 9
218 24
252 19
276 32
1 32
338 16
14 4
500 3
299 18
385 6
435 26
474 8
328 18
494 21
240 10
292 21
79 13
172 30
183 27
193 24
118 30
111 19
153 14
185 12
120 18
417 10
267 30
37 2
211 30
310 6
80 29
282 26
461 6
43 8
104 19
31 26
468 5
408 16
306 1
423 17
14 11
330 28
432 11
226 22
248 19
443 15
488 21
188 24
382 30
295 25
168 29
262 31
21 30
459 19
114 9
103 15
72 29
258 27
151 7
497 14
370 11
429 9
15 4
8 24
50 31
85 17
183 2
56 28
219 30
382 28
98 16
310 25
268 20
24 18
402 4
168 19
310 28
479 13
415 27
424 32
493 20
33 19
58 32
230 20
453 27
108 2
299 25
71 22
336 14
188 6
317 7
8 30
154 19
6 32
177 14
384 5
289 16
195 22
355 5
474 11
91 25
208 9
201 6
159 29
427 6
126 3
404 25
425 13
323 10
328 23
211 11
19 24
478 18
49 8
342 22
490 20
306 30
173 31
179 27
247 22
380 28
52 11
208 24
43 31
258 2
233 24
433 16
319 6
317 28
242 22
93 31
89 31
280 5
109 31
443 23
268 30
282 11
456 5
499 30
223 4
72 24
75 12
59 10
265 7
465 30
32 21
441 4
307 24
85 15
234 7
325 9
201 22
24 12
299 22
358 29
481 9
328 19
136 26
152 4
112 32
110 27
25 30
467 7
473 7
302 11
429 26
59 17
84 6
137 10
307 6
254 19
126 26
46 1
171 1
12 19
165 5
277 21
22 11
223 23
145 16
53 30
2 19
54 25
45 10
170 19
239 7
342 28
208 11
124 19
287 32
13 11
108 17
343 6
236 26
328 12
293 28
157 18
490 23
82 6
104 11
441 15
230 30
58 17
372 6
167 18
21 7
461 8
320 27
461 19
72 8
286 29
19 7
10 17
5 24
246 28
398 14
154 19
319 20
64 18
97 6
52 29
261 32
448 4
18 17
486 14
400 19
306 27
65 23
427 21
110 32
233 16
210 26
486 24
301 5
274 5
483 13
217 23
40 5
174 5
425 15
498 12
281 27
94 26
174 16
470 31
396 30
494 29
440 16
188 4
380 29
341 30
137 9
308 20
221 13
233 1
343 10
173 28
89 18
173 22
490 2
396 17
344 2
341 23
221 32
226 4
341 2
166 5
475 21
153 23
306 17
44 28
318 4
123 30
185 11
19 22
289 7
58 12
8 18
470 24
130 27
179 14
113 28
446 7
317 10
133 18
186 20
121 20
95 4
113 12
390 4
453 26
102 7
13 17
112 6
336 9
29 2
62 29
210 8
431 14
309 31
499 11
295 11
350 9
66 14
20 28
297 21
337 26
39 26
358 18
183 17
243 31
59 16
407 16
15 29
145 8
104 27
318 14
465 15
138 19
332 10
338 13
334 2
378 24
227 16
373 26
132 3
324 18
123 19
309 9
271 29
312 10
299 1
123 28
147 13
498 11
122 27
311 19
212 28
30 23
127 18
52 11
221 7
300 7
309 29
183 8
265 31
305 16
475 8
31 14
244 24
304 9
66 14
23 13
153 4
419 20
305 18
390 9
197 25
219 17
149 30
436 14
248 9
329 26
224 7
195 3
90 30
183 15
463 5
283 20
108 30
247 28
23 4
289 7
176 19
428 17
260 15
90 11
159 26
229 6
480 11
200 29
125 18
75 19
290 5
54 29
262 12
309 17
139 29
207 11
455 14
343 31
53 24
221 19
201 13
297 16
76 32
248 32
82 22
138 7
382 24
268 28
195 28
132 18
376 2
204 6
28 22
396 12
477 13
494 29
269 22
208 16
490 23
395 7
480 1
293 5
76 16
356 26
339 11
159 2
29 6
248 28
407 11
487 7
463 4
263 16
122 14
279 15
276 14
181 15
58 1
468 5
237 19
458 27
162 9
493 10
330 4
97 9
234 11
175 5
414 18
132 7
407 18
145 3
435 9
141 12
2 4
180 26
431 14
16 20
106 16
485 3
99 1
227 1
163 26
233 24
339 24
463 9
125 19
131 8
136 28
403 5
231 3
78 21
72 17
456 5
453 4
315 19
20 18
87 14
443 23
462 21
34 4
229 23
382 8
70 17
335 16
209 1
406 18
78 1
83 29
357 3
325 12
289 4
65 8
82 7
46 23
491 12
318 23
442 15
282 31
420 32
186 20
33 32
118 22
420 8
346 5
86 18
300 30
70 12
101 7
74 3
193 12
430 22
134 15
60 32
85 3
235 26
311 31
213 28
432 25
479 6
113 12
151 12
141 12
479 14
370 8
92 14
467 29
275 20
95 7
219 23
17 18
152 31
424 9
106 4
201 28
337 29
203 31
428 16
59 30
289 28
161 12
194 23
104 12
430 18
6 29
80 27
306 23
53 29
299 19
288 31
298 8
163 21
463 2
196 17
199 32
300 3
215 21
189 18
17 3
367 18
119 10
248 12
380 5
356 31
163 8
29 4
119 24
312 21
485 27
453 24
342 17
98 4
449 19
77 5
405 23
191 19
92 2
150 32
442 5
2 28
500 26
416 27
425 23
199 10
86 20
297 11
108 26
187 8
32 3
225 32
58 3
162 25
56 15
324 10
316 21
453 31
59 4
285 31
299 8
96 12
339 8
14 30
138 4
353 13
315 17
457 32
343 30
224 23
281 16
248 32
76 4
262 18
124 23
321 2
234 24
157 24
160 2
17 1
74 25
317 12
298 25
315 28
95 2
242 3
289 17
322 21
393 31
202 28
333 22
289 18
438 9
489 13
170 29
245 15
226 25
334 31
390 4
366 8
390 12
358 22
448 11
394 16
465 16
59 30
117 7
363 18
347 24
354 25
60 10
463 9
215 1
11 20
148 1
87 9
188 4
67 7
326 8
179 22
407 1
87 28
140 2
281 22
5 11
206 12
436 21
201 22
317 27
105 24
291 3
205 6
338 31
465 19
82 3
305 29
435 27
216 10
44 4
264 20
334 13
464 2

