256
495 14
224 10
104 25
108 8
5 2
483 22
343 20
68 16
64 6
301 4
291 6
83 27
279 6
81 30
253 19
182 31
236 13
20 8
417 15
147 22
392 17
387 30
288 7
102 11
136 14
62 2
227 25
321 1
106 9
314 30
243 31
456 27
252 4
22 16
454 16
293 2
1 16
79 4
134 12
491 1
137 28
398 12
196 30
220 17
322 10
362 1
232 10
247 19
497 28
3 30
491 7
295 11
326 30
279 11
109 29
431 2
320 13
109 12
398 24
20 16
65 10
488 9
403 10
483 31
205 29
348 15
484 27
38 25
220 8
472 32
436 14
73 27
434 13
326 4
65 2
255 5
79 2
129 29
327 8
231 15
448 22
77 7
72 22
92 7
281 3
471 32
20 7
27 10
280 32
489 24
49 31
324 11
336 9
459 10
416 1
44 19
119 20
146 6
438 25
185 6
355 19
490 10
253 32
179 12
219 31
375 32
261 31
246 28
355 17
109 22
97 28
484 7
476 1
109 25
217 25
334 19
151 3
297 3
190 15
287 1
494 17
28 10
63 9
202 21
329 10
38 10
166 18
344 21
2 28
257 11
448 10
141 30
117 25
205 14
116 15
418 21
355 13
214 14
218 3
38 14
429 12
175 18
449 7
438 14
322 18
20 22
339 21
71 7
301 19
465 20
469 2
376 32
179 6
93 4
208 14
497 20
57 8
285 21
42 10
455 15
471 26
336 22
486 23
116 27
385 16
54 10
166 22
177 32
223 21
443 2
250 19
270 27
314 26
311 7
480 17
422 30
91 25
259 24
367 15
418 24
158 32
457 15
253 9
370 15
105 16
108 30
455 5
364 28
135 7
475 2
143 24
63 1
152 18
365 31
252 10
474 29
253 22
84 29
266 25
35 26
117 27
427 11
371 15
190 29
317 8
118 11
411 29
396 15
58 4
285 13
41 2
69 22
187 20
354 20
457 29
25 21
31 3
199 21
445 4
258 5
404 15
72 10
111 27
228 24
78 4
328 10
269 13
263 27
400 17
462 12
357 26
484 3
289 30
139 13
422 8
346 13
123 1
342 1
87 14
253 24
433 28
485 22
328 32
212 8
216 30
287 28
11 19
310 19
452 20
236 17
196 17
401 18
201 19
254 11
164 10
6 16
438 2
1 13
89 21
344 16
238 7
79 8
253 8
399 8
40 26
281 23
66 21
256 26
275 25
108 6
219 5
386 8
102 26
272 7
450 8
346 31
302 1
287 6
16 1
461 3
170 5
141 3
274 32
204 32
109 31
338 27
423 27
334 8
460 21
418 2
276 4
300 9
392 6
482 11
122 27
314 31
35 6
229 24
54 28
208 30
94 29
192 28
119 25
244 10
333 17
191 9
128 11
37 23
428 31
278 22
461 15
396 23
248 21
155 25
408 6
18 10
110 13
221 24
437 8
9 18
329 12
230 12
42 10
327 5
284 4
222 32
398 14
91 5
94 5
2 17
310 19
354 11
80 31
498 4
390 2
137 30
57 14
26 2
484 12
419 31
159 32
215 32
109 21
404 14
253 1
407 2
276 24
332 19
186 13
222 28
186 11
497 27
428 2
340 15
225 2
234 27
102 12
290 14
456 30
116 24
450 26
121 17
133 4
431 7
132 25
98 29
215 26
59 26
468 19
257 8
360 22
427 21
289 28
23 32
465 30
303 23
11 15
491 7
78 10
313 1
278 14
229 4
356 20
485 3
390 5
366 25
230 12
62 26
212 16
113 32
425 15
442 3
41 29
281 14
206 22
30 7
207 11
326 10
398 6
236 3
51 22
239 4
245 8
2 8
87 22
336 3
381 29
1 1
61 14
243 30
431 28
452 5
382 13
51 3
439 26
269 29
239 32
324 16
159 29
143 30
439 30
312 23
107 5
91 19
298 5
489 20
457 20
216 6
421 6
321 19
256 13
403 14
448 14
329 19
51 20
408 29
301 15
159 11
383 9
278 4
286 14
259 14
409 15
283 1
444 27
243 19
396 1
45 19
371 29
153 25
196 20
261 1
131 7
107 21
223 8
45 28
353 15
453 22
481 28
146 17
42 9
475 29
33 3
132 23
244 20
175 15
196 3
139 10
409 26
190 24
333 22
491 22
241 28
3 1
235 32
145 12
36 20
417 17
490 24
323 21
35 22
376 18
488 18
407 1
111 25
28 12
34 10
185 18
17 11
495 27
334 3
231 18
462 15
142 12
398 8
36 16
165 3
366 21
277 28
49 31
220 12
34 2
149 10
379 26
256 5
268 30
364 26
163 29
200 16
480 13
119 8
233 20
130 30
436 30
221 28
497 13
263 6
46 27
452 32
428 3
149 8
148 12
249 14
392 9
113 16
397 20
239 17
367 32
226 14
478 7
489 26
239 15
355 32
365 14
411 29
13 3
44 16
126 4
322 22
92 26
389 1
17 27
117 19
50 31
388 23
141 8
500 23
330 15
218 31
160 20
43 12
391 30
36 4
229 25
33 13
494 29
309 31
103 29
245 17
471 17
179 31
212 23
193 14
385 10
440 32
390 6
420 20
419 7
499 3
15 16
319 16
156 27
18 3
404 31
115 18
451 25
337 6
323 5
55 19
143 30
455 12
327 30
15 5
32 21
96 2
248 22
405 16
393 31
366 8
389 4
21 11
124 9
352 11
442 3
357 28
400 15
467 3
388 5
175 15
197 14
168 29
36 1
200 20
347 29
75 27
44 19
277 27
8 20
465 9
386 2
384 22
336 10
216 28
34 30
198 6
364 26
26 15
142 13
326 24
141 28
278 8
198 22
55 9
385 7
153 31
44 20
408 24
89 11
307 10
68 28
204 19
73 17
181 14
158 2
53 6
109 22
186 11
235 16
363 20
110 4
242 30
255 5
237 20
327 7
317 22
250 12
177 23
453 9
388 26
419 9
259 7
474 12
37 9
35 4
32 17
119 13
2 29
125 2
420 31
484 13
48 9
108 28
407 20
285 3
373 15
291 12
81 8
427 6
324 18
369 11
162 15
331 15
63 7
104 27
109 23
71 25
171 30
232 30
294 24
428 30
70 10
149 27
481 32
120 1
241 8
363 18
178 2
416 32
500 15
426 13
457 32
117 3
230 24
260 15
216 31
188 21
404 21
435 25
264 14
393 4
393 3
109 10
300 20
14 12
246 3
112 6
139 28
32 32
427 8
242 2
330 25
427 14
117 5
322 32
267 30
87 7
24 23
433 4
422 26
327 11
236 6
220 30
17 24
93 19
395 10
437 4
115 11
309 15
75 22
315 1
399 17
204 19
300 24
98 17
433 4
388 12
65 11
394 9
210 6
227 32
320 15
180 18
377 20
368 8
174 14
496 28
287 15
494 6
186 3
158 22
366 17
138 14
356 11
214 29
16 17
373 31
455 32
472 24
243 16
135 28
225 6
488 27
181 5
448 26
276 22
188 13
354 17
275 1
207 16
478 10
428 26
261 31
401 24
66 11
275 20
411 4
181 30
362 13
230 30
431 9
119 22
498 24
294 16
33 32
111 22
73 31
211 17
273 7
269 18
105 15
389 23
394 29
264 16
486 22
417 16
202 31
237 19
358 10
174 14
381 1
103 17
175 17
490 27
127 10
488 8
152 16
98 10
500 18
153 21
59 5
252 4
455 8
311 24
369 24
258 25
120 8
258 22
377 11
444 15
356 27
86 11
158 20
52 22
249 12
494 11
124 14
270 18
85 4
446 6
268 15
258 19
414 7
385 14
113 24
145 4
111 18
327 28
117 2
129 9
286 27
375 29
220 1
191 28
428 24
461 31
190 31
286 27
233 26
97 22
201 5
17 3
174 7
283 27
425 15
7 22
385 22
470 16
82 32
260 25
499 12
408 28
290 9
347 15
418 31
72 18
387 28
281 24
283 19
202 11
177 21
268 10
294 17
369 31
101 4
235 7
52 14
343 25
38 25
215 23
335 10
425 25
226 29
132 8
119 2
66 15
246 17
60 31
421 17
265 17
260 19
324 3
345 26
4 22
206 2
189 8
356 21
112 17
169 15
292 31
280 9
285 5
393 5
415 25
125 31
38 8
382 1
47 18
230 6
459 11
267 19
178 18
463 17
406 23
87 25
473 15
257 2
243 25
454 22
166 26
188 27
313 5
119 11
146 20
408 29
486 23
455 15
352 22
7 10
252 29
158 1
163 3
334 30
267 7
415 12
68 6
338 32
375 32
91 32
155 26
476 16
228 11
358 24
404 28
189 11
161 2
83 3
112 12
80 31
54 18
14 17
448 16
205 2
159 27
193 2
496 29
9 4
155 15
155 6
434 27
64 2
40 27
269 32
414 4
234 24
342 7
292 13
450 24
314 5
142 14
478 6
378 22
65 16
204 3
89 14
265 5
231 24
151 19
159 4
199 20
235 12
491 3
32 16
226 5
104 12
202 25
61 28
67 25
111 18
47 32
259 23
56 14
466 2
192 5
325 22
16 32
281 18
290 24
2 27
8 21
86 14
38 22
141 28
122 19
77 8
154 12
478 21
29 12
470 24
420 27
314 7
206 14
145 27
110 26
361 1
102 27
178 27
444 22
446 30
273 3
85 26
210 3
191 6
210 4
161 29
454 10
415 23
272 27
5 29
408 6
349 2
16 11
352 15
48 18
376 8
172 17
450 1
375 16
174 32
151 2
64 17
12 30
115 3
389 24
163 12
189 27
9 28
389 9
162 5
10 22
460 13
498 13
117 24
400 18
159 15
475 18
7 30
51 5
120 7
444 30
87 24
145 31
335 29
307 29
173 32
238 13
200 23
393 24
310 21
105 4
195 28
41 1
269 3
25 25
382 1
22 28
452 14
266 11
403 1
339 11
92 24
207 12
162 16
459 27
96 12
142 6
347 18
194 31
272 10
355 29
390 13
324 2
394 18
332 4
14 18
223 17
245 5
248 22
380 31
80 23
474 13
468 16
254 1
490 17
83 5
382 20
73 5
165 10
146 32
114 7
17 28
116 25
116 19
370 20
273 29
174 26
373 6
269 6
154 23
207 16
455 4
60 11
496 24
196 30
72 1
152 8
348 27
201 28
482 14
163 30
223 24
204 19
181 32
425 3
434 15
422 16
422 21
266 25
409 14
410 4
474 26
419 10
32 11
137 1
393 19
471 3
486 22
413 7
497 13
353 11
171 26
170 12
311 20
361 27
101 26
50 14
35 8
395 7
439 27
431 11
181 5
149 23
426 1
37 15
102 5
57 8
218 18
216 12
365 24
246 5
49 3
391 4
115 9
2 29
20 16
87 16
185 19
70 14
499 2
88 32
198 20
76 4
74 27
443 10
70 21
107 2
335 1
53 1
485 14
353 12
190 3
56 18
377 1
187 8
83 27
179 8
270 14
47 19
396 26
485 25
382 11
435 4
439 31
17 19
245 1
279 10
12 26
159 24
162 25
467 28
323 6
228 1
399 14
139 27
467 15
111 20
65 13
416 3
384 28
130 24
356 20
61 31
445 27
107 6
267 21
202 6
70 5
34 13
406 24
115 25
147 25
72 31
270 3
66 17
474 23
132 26
454 8
48 22
466 14
355 20
431 28
173 28
188 30
320 18
82 14
170 28
159 21
290 12
432 27
136 21
401 3
438 26
14 6
103 11
343 10
62 21
365 23
125 5
144 24
350 9
378 31
304 12
463 30
19 10
300 18
3 9
272 12
406 29
277 17
115 4
318 4
392 30
114 8
438 14
312 23
186 5
157 26
428 8
435 6
365 14
451 15
138 10
159 24
210 11
256 12
406 1
351 6
106 9
17 32
74 12
182 11
368 11
100 31
310 26
444 2
324 26
245 29
171 11
60 8
41 27
407 3
239 2
96 25
74 20
240 31
292 13
109 15
111 13
158 8
446 17
150 13
51 26
434 13
148 29
305 24
160 7
486 18
320 1
94 17
397 1
243 20
106 24
50 4
412 15
340 9
364 21
330 10
234 31
338 17
459 10
272 18
353 2
220 24
42 13
417 22
498 23
477 27
214 11
170 17
437 9
186 24
201 15
65 10
481 23
18 7
44 2
113 16
251 28
272 4
144 16
434 21
402 2
243 20
288 13
92 5
125 29
24 18
143 29
463 23
491 21
118 18
474 22
486 24
61 9
71 24
148 20
197 29
414 27
164 1
55 20
277 28
384 1
61 27
93 7
353 15
207 14
172 16
51 1
459 19
265 2
167 32
33 23
313 10
5 12
351 24
435 15
295 15
483 31
197 11
229 25
361 32
223 25
319 9
189 22
384 2
307 6
217 11
116 29
137 12
209 31
383 7
169 21
313 28
383 29
78 24
262 31
251 28
471 5
256 15
346 31
316 16
244 17
343 31
413 15
183 21
21 13
468 25
446 16
192 20
493 26
143 2
208 1
441 14
314 32
392 31
39 12
15 2
92 9
345 8
39 11
329 3
295 24
99 24
427 15
420 19
412 22
376 31
307 16
500 28
364 7
130 14
450 8
387 13
352 15
397 6
461 17
152 16
372 3
347 14
245 18
421 24
32 20
126 30
316 1
161 19
219 18
136 25
138 14
413 9
457 25
83 21
385 22
24 16
40 11
406 8
488 30
291 3
325 20
208 20
244 24
22 27
10 5
187 3
31 23
487 15
260 25
107 24
359 7
104 6
1 5
34 12
38 12
7 18
444 14
206 19
434 11
205 15
88 31
441 2
342 27
160 5
200 18
448 2
396 3
455 8
411 20
236 8
16 2
14 31
159 31
497 20
1 30
386 24
444 18
409 17
457 8
237 32
334 17
65 17
87 7
329 26
211 12
297 26
9 26
36 27
232 8
463 1
85 16
24 1
378 17
17 14
352 6
341 17
290 13
118 8
127 26
225 13
361 2
266 17
35 29
239 19
185 25
203 9
401 10
1 10
158 26
463 18
123 3
46 20
411 3
491 1
460 28
78 32
441 19
392 23
496 27
93 20
331 27
300 27
21 5
360 30
22 26
391 28
328 17
259 10
303 9
479 15
316 24
434 32
102 30
83 25
308 31
128 10
322 8
73 30
432 8
223 9
310 10
448 29
402 18
79 12
158 17
318 30
316 8
433 17
281 19
366 28
190 21
281 11
124 9
56 7
489 2
359 18
391 18
286 4
67 20
200 29
272 9
50 11
120 22
356 20
497 5
191 26
417 20
252 21
176 11
447 12
84 10
165 23
315 11
470 30
166 9
458 2
38 19
376 1
340 7
261 16
7 3
225 4
126 12
316 18
282 18
169 2
419 26
44 22
284 17
319 1
34 12
238 11
282 14
431 5
400 31
161 31
198 29
182 23
213 25
476 30
258 5
415 5
330 22
114 1
323 12
413 32
207 3
130 20
320 20
312 3
307 12
125 20
209 2
178 17
154 18
470 4
150 13
440 19
342 1
443 8
336 19
223 2
61 16
85 4
468 12
99 22
220 7
129 32
233 18
52 2
311 29
149 24
405 12
290 11
344 28
114 23
291 25
424 3
392 12
83 11
404 13
336 15
255 8
254 27
122 29
225 28
325 1
96 2
313 29
180 24
321 29
187 7
333 6
313 29
470 15
287 9
427 7
199 14
438 4
372 7
108 4
195 24
321 22
365 17
26 4
140 10
41 22
308 21
140 25
301 13
219 24
333 2
414 11
31 11
334 22
114 13
350 20
76 30
97 29
6 26
336 21
172 32
323 19
453 6
155 5
422 18
44 6
223 25
488 1
160 29
6 21
465 15
80 12
228 16
332 25
353 8
230 12
247 24
207 27
217 9
156 14
86 27
243 12
156 2
412 23
402 2
439 6
124 18
257 28
397 25
436 9
108 1
125 6
420 19
257 20
43 32
125 21
462 19
288 13
448 12
283 17
117 13
418 28
90 7
295 30
115 11
87 30
99 27
279 3
393 3
358 7
150 23
415 28
53 27
80 29
254 11
201 18
435 3
313 21
145 4
362 7
42 24
184 24
10 6
214 30
201 16
189 10
406 31
461 14
157 13
310 30
255 23
131 13
333 28
65 1
107 19
87 12
78 10
343 28
83 29
193 23
480 29
485 17
484 5
46 20
189 8
402 7
218 32
336 22
179 20
378 25
382 28
136 16
437 7
251 19
387 3
6 14
324 10
102 27
490 27
298 31
354 31
325 31
83 24
324 25
264 9
250 17
368 21
456 8
215 10
27 29
149 4
318 12
373 7
130 26
270 19
392 3
478 29
398 16
80 21
172 31
126 25
488 1
10 15
1 8
149 3
177 5
410 14
120 18
117 21
347 22
27 3
360 24
159 25
415 18
330 15
81 11
63 32
151 20
362 19
148 6
29 32
10 26
21 25
275 1
81 22
374 20
212 14
315 22
490 18
459 19
20 23
125 6
310 8
6 4
278 21
237 15
180 19
300 32
431 19
41 24
48 22
323 31
499 21
332 9
218 26
11 5
385 24
23 6
263 4
421 24
32 18
402 11
108 14
262 14
128 10
401 7
68 15
137 2
360 24
258 9
461 5
370 1
256 24
243 26
271 15
113 18
172 23
364 3
68 5
169 3
131 21
221 14
144 13
467 7
28 25
135 20
345 28
37 24
247 27
321 13
293 1
170 9
299 25
447 26
10 27
412 12
388 4
41 19
192 7
237 19
83 7
59 27
79 27
378 21
225 2
342 29
335 31
333 25
396 16
351 21
246 14
248 25
98 24
367 1
146 3
212 29
178 26
155 12
68 9
432 8
434 1
12 12
488 9
105 23
476 23
491 1
420 10
58 21
229 4
362 30
231 9
102 16
46 17
367 21
493 26
256 2
423 31
398 26
463 18
144 30
160 26
363 11
75 24
300 3
399 21
28 1
437 26
388 30
238 10
94 2
404 13
7 30
319 16
235 18
257 6
423 8
215 13
347 1
260 18
295 31
362 2
139 2
303 15
279 4
132 16
121 27
424 8
212 6
383 14
227 24
27 6
259 17
138 17
85 22
306 19
408 7
53 18
464 15
424 6
247 24
465 23
146 16
346 10
334 21
7 12
72 10
61 10
478 3
287 11
300 28
293 11
111 17
456 10
52 28
168 18
491 4
16 4
224 6
345 9
294 4
116 5
237 5
46 6
79 8
128 30
276 13
288 6
469 3
459 28
474 30
169 16
462 21
452 21
250 32
241 19
147 16
259 15
236 4
301 26
488 4
395 15
52 30
500 13
277 2
392 30
288 21
418 1
301 1
285 2
16 17
296 3

