256
291 25
344 21
259 22
490 22
160 2
479 7
64 25
334 4
51 17
140 29
294 5
26 11
455 25
250 9
170 18
469 32
238 12
44 1
301 22
306 32
231 21
18 18
149 31
50 19
275 9
283 29
109 12
67 23
52 16
251 5
165 27
385 11
30 24
251 6
461 32
493 3
44 10
337 32
212 10
94 22
426 32
258 30
239 25
448 14
344 18
215 9
416 23
263 17
378 29
478 27
272 26
381 16
479 17
211 10
454 1
379 11
236 17
264 11
313 27
468 16
260 10
16 23
484 10
323 14
142 28
52 2
121 4
81 23
1 31
492 14
151 31
37 31
7 32
65 23
215 32
326 6
418 30
353 9
119 3
114 13
327 29
26 19
449 30
398 21
100 9
458 27
111 26
341 21
498 1
139 20
140 17
37 9
158 21
162 20
268 7
92 22
292 13
244 4
426 17
244 6
234 25
480 32
399 24
165 12
76 31
459 23
471 23
476 28
440 17
460 3
115 15
356 26
20 31
349 5
444 20
174 9
497 9
224 31
176 28
142 23
247 8
170 9
298 13
401 9
485 20
147 19
262 2
357 29
453 9
282 16
1 11
276 9
312 31
391 19
91 16
442 21
335 23
257 20
107 1
73 31
368 7
41 22
425 29
466 9
454 19
124 2
54 15
450 17
101 16
55 7
75 12
231 21
106 24
244 4
496 4
6 12
239 19
49 19
443 18
391 20
465 18
349 2
264 30
86 12
341 20
407 11
136 13
27 1
328 7
9 28
290 6
391 20
412 7
394 7
156 32
102 28
149 15
489 16
452 14
480 25
66 14
411 1
226 2
145 30
412 5
229 17
19 31
285 2
261 10
136 28
314 2
388 26
244 20
78 27
302 5
191 3
146 22
271 11
243 3
424 30
272 32
410 18
474 18
423 2
372 27
2 5
352 21
498 11
116 7
141 9
335 24
135 28
137 13
351 3
376 14
236 23
130 13
140 11
339 26
41 26
324 10
98 15
430 27
121 5
374 30
314 12
445 24
40 1
409 14
311 20
367 2
282 8
190 17
303 12
186 31
441 30
236 2
36 5
485 5
61 30
270 22
417 22
378 16
146 18
197 24
69 24
353 14
263 6
122 17
274 7
111 22
168 22
104 16
362 20
64 3
297 21
352 25
250 5
21 31
14 5
54 26
484 14
283 27
299 4
367 4
63 26
138 14
175 17
285 9
180 16
15 20
384 2
40 13
447 20
231 28
333 32
246 20
41 28
266 32
284 25
263 10
462 28
427 32
492 20
228 15
263 18
498 7
460 14
483 26
301 30
217 25
201 10
153 10
342 26
433 5
254 11
322 3
299 4
55 18
311 10
17 26
376 2
72 15
255 18
240 16
119 28
40 12
270 20
265 11
462 29
87 31
95 28
282 13
7 4
239 22
321 31
243 8
120 14
30 15
219 29
282 14
429 5
213 30
365 13
160 6
25 22
244 15
5 5
216 15
64 26
32 21
412 18
80 23
439 18
257 30
230 2
51 6
211 3
207 31
91 10
104 23
463 7
85 15
76 32
182 19
309 1
23 16
339 3
103 17
64 11
138 1
397 24
303 19
302 9
385 8
79 20
358 17
38 3
360 5
446 29
104 27
105 30
326 15
432 16
72 19
287 13
492 7
249 26
345 30
6 9
146 20
420 3
477 21
297 4
274 7
228 17
201 28
354 10
275 14
306 10
132 20
406 19
478 26
268 18
260 14
402 29
61 21
259 5
333 4
224 2
2 7
334 10
135 32
79 13
325 12
106 12
475 11
431 24
369 10
477 28
175 2
384 24
402 22
124 31
49 4
192 2
150 18
251 12
65 30
44 29
65 13
196 8
364 6
195 28
176 8
63 6
401 14
289 31
439 25
241 28
112 28
389 5
161 8
45 29
321 8
465 13
441 1
276 12
286 19
239 21
494 29
15 2
450 23
400 12
419 28
227 10
276 4
291 4
107 31
161 15
274 25
15 26
137 15
369 31
465 11
87 26
111 13
55 16
460 27
300 18
446 2
408 13
141 10
9 15
384 17
377 13
497 24
223 2
34 11
260 6
254 18
307 28
151 25
276 2
315 7
339 9
452 14
185 13
295 5
43 30
65 24
39 30
163 17
399 20
407 30
45 16
207 23
376 13
211 23
170 2
77 1
342 4
106 30
176 5
423 11
134 23
342 12
252 16
136 18
51 23
159 27
54 30
445 17
74 31
79 24
384 3
104 9
239 5
455 22
313 9
484 11
215 1
118 19
328 18
116 18
500 19
324 13
492 28
482 25
127 4
160 26
271 7
87 13
472 9
422 20
269 2
82 15
82 20
449 18
157 5
139 12
43 15
60 6
434 21
450 4
305 14
422 31
372 32
435 31
252 12
331 24
465 16
354 15
315 7
308 7
71 2
478 1
464 10
350 26
282 3
309 22
260 26
12 4
441 30
178 32
6 20
63 22
476 29
368 6
423 3
113 13
325 30
309 20
331 18
37 5
308 10
50 4
427 14
403 28
359 8
411 20
144 18
186 31
446 13
408 16
432 16
64 20
166 8
247 20
233 20
312 12
481 18
311 31
275 21
274 9
145 21
201 24
362 6
258 19
142 25
26 1
389 29
384 22
164 27
253 28
266 1
287 10
426 22
152 16
310 2
36 6
314 20
445 27
325 18
185 11
219 14
95 19
2 31
12 13
109 16
60 6
328 14
471 1
443 22
156 13
251 8
410 12
279 15
294 20
56 18
274 10
391 8
232 8
346 3
408 30
211 27
31 2
165 17
495 11
475 18
63 29
45 9
493 20
31 14
131 22
116 4
212 30
475 27
250 17
242 25
478 16
476 17
193 28
361 19
450 7
41 29
412 29
41 12
112 27
189 22
8 24
349 15
162 4
366 27
348 7
271 1
262 6
185 6
89 18
493 7
232 29
107 27
173 7
46 9
69 31
378 16
390 23
147 11
254 8
165 13
174 24
425 3
385 30
388 30
359 32
68 6
468 6
85 21
24 6
277 12
216 26
371 26
84 25
360 9
84 9
437 13
16 2
191 28
27 23
77 13
14 28
326 18
373 18
122 12
244 2
191 27
403 18
268 11
430 24
175 10
208 8
270 31
177 5
122 7
243 19
439 16
398 4
89 15
378 6
166 13
311 17
431 2
270 27
404 11
30 30
212 17
41 10
459 13
146 8
123 8
334 5
495 8
29 24
2 30
497 15
378 4
227 16
373 32
358 16
195 27
205 30
475 18
443 25
166 20
217 17
179 26
201 18
281 29
461 22
486 5
153 3
264 3
375 12
375 28
263 13
471 8
30 1
65 17
230 22
412 26
370 31
347 27
468 20
3 24
113 17
384 13
55 4
144 5
339 18
13 10
142 23
273 7
131 9
495 16
270 27
9 4
201 28
414 8
187 20
447 23
108 26
416 23
33 19
443 12
280 27
177 1
141 5
443 8
137 30
483 10
48 32
397 16
51 10
267 9
430 21
239 1
246 2
51 11
416 18
2 23
152 10
467 29
126 30
416 26
199 26
371 18
93 16
345 19
281 23
435 22
27 26
247 24
179 13
402 15
142 23
141 10
432 28
438 13
369 9
22 19
454 9
164 27
12 4
393 16
322 8
354 4
353 28
323 27
248 29
329 6
331 14
387 19
281 20
171 1
380 5
419 29
85 22
379 4
145 4
91 18
451 24
17 11
395 15
37 27
267 14
88 30
187 14
360 3
1 14
319 28
74 21
212 30
374 15
457 2
418 20
335 28
195 7
374 30
393 10
436 32
127 23
109 17
200 12
335 4
349 21
283 11
93 22
284 18
288 9
483 21
492 5
276 6
223 21
127 32
263 26
479 21
288 27
406 19
406 24
242 30
245 20
28 21
370 16
155 13
404 25
66 19
158 17
432 8
342 27
199 4
472 5
344 4
263 29
302 4
341 12
126 1
419 9
273 8
168 27
149 15
416 22
169 17
258 25
156 11
159 31
406 6
383 6
445 2
202 31
17 22
494 6
330 8
499 11
404 6
233 4
89 24
469 21
424 30
209 32
177 31
138 22
201 32
35 13
17 29
95 6
482 20
27 8
352 25
118 11
395 22
158 19
350 6
91 21
203 20
56 11
18 17
165 22
65 27
67 17
287 13
318 9
101 1
284 28
73 1
410 23
454 19
301 3
44 16
280 26
395 11
477 20
232 5
186 12
191 12
432 22
264 18
450 24
298 13
371 10
337 24
41 2
198 9
297 1
288 28
339 26
114 31
150 1
159 23
196 1
438 8
30 25
229 19
121 10
267 3
99 11
271 19
245 4
36 17
413 19
468 31
357 17
417 26
130 31
192 29
127 17
304 21
181 28
339 25
409 6
144 24
60 22
202 28
85 5
48 29
60 23
247 4
300 23
125 25
293 12
105 20
296 25
428 4
292 14
129 25
75 24
264 3
389 25
142 5
202 10
470 21
56 28
232 7
435 20
487 7
23 20
498 26
352 1
145 31
247 25
399 1
248 6
307 28
127 1
461 28
490 2
144 9
201 7
456 15
82 14
66 24
385 15
421 12
44 13
83 30
42 1
462 21
143 1
277 5
273 17
152 10
370 15
10 14
373 1
409 14
259 18
409 15
240 21
83 15
97 5
424 6
497 10
279 11
210 11
463 10
495 14
95 12
112 4
489 16
273 21
437 19
74 1
25 6
377 27
448 22
123 32
463 4
461 21
462 18
499 29
3 25
390 13
60 6
404 29
337 20
149 18
58 23
322 7
388 7
393 15
24 32
410 22
339 22
227 16
243 9
76 1
70 22
45 5
319 29
381 15
124 18
132 22
104 18
468 3
356 28
29 19
79 31
364 29
160 18
217 27
19 24
351 28
109 8
272 7
196 1
286 19
386 21
204 25
426 3
183 29
235 11
159 25
1 23
82 29
168 2
267 2
293 17
477 6
216 29
32 27
253 1
82 14
438 21
330 27
160 32
144 22
426 6
58 19
380 3
439 4
140 5
85 29
377 2
186 13
162 13
355 26
34 20
255 3
73 12
185 32
299 20
477 20
186 2
150 21
377 20
464 8
348 29
300 13
462 5
169 27
202 31
388 31
311 26
409 27
429 29
114 15
477 14
450 10
327 8
78 19
243 22
71 19
294 30
19 15
207 23
229 20
413 28
346 7
461 18
457 25
50 26
467 30
363 8
39 22
219 5
244 10
362 2
256 11
388 26
113 2
16 1
205 4
160 6
3 16
155 11
212 4
233 14
434 11
445 8
136 4
440 8
329 5
397 8
307 8
61 7
81 16
463 29
355 2
186 29
445 24
20 24
248 12
185 29
198 26
4 22
497 16
417 9
96 5
260 3
153 16
25 21
99 16
370 17
313 19
162 2
99 21
265 6
284 30
230 21
431 5
18 19
28 6
251 8
303 10
82 23
385 18
39 23
297 28
287 18
167 20
367 25
332 11
166 7
432 31
300 30
479 5
288 23
307 10
186 21
251 7
267 11
224 21
469 25
269 8
130 31
407 28
403 3
330 20
57 14
314 4
123 20
377 27
2 19
300 7
347 23
453 17
37 5
121 2
49 21
113 6
175 3
229 9
109 6
496 14
319 13
373 30
305 25
204 10
487 27
345 17
257 29
445 18
177 6
151 29
306 27
458 13
485 2
261 2
96 17
463 26
269 31
59 29
288 14
231 2
117 23
107 25
223 19
18 20
320 28
328 18
486 18
310 19
323 18
268 26
30 2
184 31
268 10
75 23
356 1
181 32
83 11
196 10
41 2
409 21
437 12
190 19
373 3
97 16
420 24
113 22
297 28
452 24
38 14
471 29
35 7
216 5
289 19
274 13
180 10
41 17
418 6
391 18
80 7
337 28
54 10
301 22
97 4
265 10
481 27
378 31
385 1
132 17
60 17
354 7
439 30
207 16
476 25
497 11
287 2
406 28
135 22
393 15
161 30
217 10
392 30
8 25
391 11
153 18
248 6
392 22
104 15
393 7
399 5
485 6
74 23
81 16
448 18
439 5
131 23
454 6
100 21
354 18
304 7
495 27
364 27
88 15
337 20
397 15
220 6
476 30
272 21
353 7
30 11
31 20
149 24
385 21
297 23
294 12
97 9
2 8
175 21
131 11
272 11
449 31
260 13
136 11
333 9
306 6
335 28
225 20
172 17
436 32
51 13
271 3
17 16
311 23
416 1
405 11
171 26
177 27
482 5
17 6
357 22
379 31
10 3
26 5
415 25
352 26
42 14
316 26
449 6
101 32
418 17
50 17
210 18
223 15
242 15
356 2
413 30
493 22
40 18
454 19
331 29
124 16
482 7
281 6
417 25
145 18
90 14
126 19
271 12
194 21
439 21
314 31
487 22
272 18
176 13
184 18
85 15
229 18
98 9
199 2
94 27
51 11
36 21
185 6
24 30
22 26
279 16
164 5
493 11
142 12
215 26
377 31
336 29
68 29
318 6
150 7
108 17
297 7
229 13
153 4
211 6
418 29
361 21
253 26
220 22
225 22
423 2
437 23
58 4
395 3
122 17
489 9
449 25
76 5
470 28
280 16
253 5
168 22
130 12
319 25
17 19
486 16
496 2
254 18
426 24
280 15
396 29
479 8
109 6
372 26
133 20
257 2
52 20
351 17
47 5
233 32
63 23
59 11
140 20
464 29
163 15
167 19
215 2
254 32
51 6
401 8
481 2
421 16
285 31
417 20
291 9
451 25
71 1
263 23
24 30
479 30
321 30
96 23
143 10
210 5
179 15
228 7
472 20
42 4
122 22
291 20
311 9
469 29
453 15
443 28
161 6
14 25
419 9
367 1
310 5
105 32
39 17
146 2
184 28
117 22
201 28
69 15
352 21
244 13
472 30
484 16
311 1
464 5
458 22
493 27
258 10
255 12
134 32
157 29
143 18
326 12
33 27
206 16
135 5
244 18
487 4
89 5
428 8
230 13
234 14
4 23
23 2
139 16
361 15
177 28
68 30
347 12
100 32
40 7
353 23
44 7
214 25
191 30
36 20
378 29
494 17
112 24
490 22
376 19
396 20
206 4
257 20
119 9
455 10
295 23
145 6
201 26
174 8
203 30
163 1
182 28
165 13
24 3
246 27
209 6
154 2
161 30
317 23
118 7
289 20
282 1
306 26
346 23
225 17
392 28
185 14
395 1
70 10
207 28
20 23
161 17
180 9
435 12
451 20
471 31
168 16
375 1
437 25
451 10
473 11
401 25
268 27
209 17
269 28
356 8
34 12
313 10
188 7
413 19
150 7
229 1
486 16
289 31
28 24
436 16
286 12
360 25
334 32
93 10
187 21
94 13
316 10
138 20
4 10
142 9
285 22
322 6
325 10
44 12
53 11
55 2
166 2
94 28
186 3
305 28
339 22
296 22
155 29
9 14
187 14
163 23
372 32
444 8
445 32
104 10
318 14
39 32
276 5
187 17
375 31
36 29
241 20
70 19
468 27
257 22
80 23
180 11
106 8
203 30
463 6
251 16
315 18
263 2
478 9
254 28
144 30
416 28
473 9
482 32
415 14
298 11
360 1
1 25
452 7
367 14
360 29
194 31
110 12
468 3
109 18
290 28
215 21
339 31
42 4
330 32
410 19
154 21
308 31
86 27
209 4
25 17
272 6
447 14
377 14
468 5
339 14
88 13
314 22
443 31
98 9
15 11
251 8
479 14
26 12
21 11
367 17
155 15
262 9
372 6
218 11
475 21
300 10
313 26
192 12
172 25
28 22
499 14
58 1
392 3
393 4
169 27
456 7
249 9
127 4
58 5
311 24
105 6
298 25
427 1
172 23
481 23
488 27
33 9
455 32
332 7
187 24
458 22
27 10
210 13
178 11
201 28
3 9
301 4
222 32
492 5
178 28
148 1
450 32
414 16
307 21
455 1
448 24
486 10
469 19
183 14
165 7
337 31
188 10
318 17
217 5
357 30
132 16
114 21
387 7
41 13
475 27
185 7
258 2
452 18
216 6
224 17
17 8
399 28
49 17
316 25
81 32
214 21
28 20
497 30
206 13
107 21
383 23
307 24
165 10
366 12
392 9
464 28
500 11
463 1
135 2
369 15
301 15
279 16
262 12
94 27
16 24
351 31
46 9
390 6
267 31
294 2
47 13
269 23
323 19
299 17
212 15
24 20
249 2
192 30
281 17
181 5
336 7
195 21
40 24
443 2
191 12
315 29
344 31
135 15
165 9
327 4
100 30
239 20
4 26
62 12
66 10
80 17
272 18
134 31
62 32
468 32
163 2
192 2
216 15
228 16
111 15
107 14
256 10
114 11
479 19
43 13
268 6
297 11
452 2
202 1
209 9
468 11
303 27
81 10
337 28
102 32
214 12
213 22
257 14
80 24
352 22
132 27
448 32
10 19
210 15
263 2
83 18
141 1
240 25
107 21
232 4
80 30
119 32
119 4
470 18
463 13
24 30
292 3
373 13
73 30
215 7
352 17
268 12
34 3
268 28
287 23
199 10
148 13
10 6
44 23
316 10
3 31
303 10
161 4
446 21
109 16
271 32
309 18
155 18
396 14
333 11
273 11
400 24
199 29
390 7
91 21
452 22
395 23
239 19
134 21
491 26
48 1
406 4
298 4
49 5
334 1
227 22
115 3
229 2
91 10
408 18
174 23
127 16
317 5
326 6
105 8
396 29
428 25
360 25
212 21
122 13
345 12
354 32
178 15
273 13
52 8
154 22
242 4
145 11
348 7
212 1
138 15
457 22
259 28
494 3
280 11
219 5
167 17
84 4
7 4
316 22
239 13
283 8
100 16
94 24
250 2
252 3
264 20
304 23
79 6
345 31
116 7
335 6
135 6
478 21
477 25
51 19
262 21
398 21
112 12
160 25
149 3
100 28
322 19
138 5
404 10
111 8
397 5
153 7
214 22
376 18
275 6
256 20
258 29
100 30
348 20
82 20
374 17
112 12
288 1
300 27
83 18
62 27
58 15
361 31
48 28
460 18
13 19
413 27
71 13
344 23
476 13
118 21
458 25
100 1
330 15
287 4
12 29
94 21
119 30
191 14
394 2
192 26
68 4
28 3
468 11
409 15
148 2
496 21
107 3
53 20
198 15
403 17
391 20
130 21
153 24
379 10
322 2
304 13
25 23
379 21
54 7
139 25
17 6
9 3
433 1
114 26
251 12
190 26
215 15
354 15
491 16
265 32
153 28
404 22
250 27
374 19

