256
188 27
230 1
72 8
60 2
436 28
427 6
211 28
425 20
442 23
284 1
334 10
151 14
346 27
403 22
226 19
10 14
345 31
446 16
370 25
282 17
400 24
434 10
247 22
45 4
8 4
84 2
417 30
359 23
64 21
20 6
60 1
203 20
120 32
24 5
4 21
146 11
216 11
217 31
141 17
2 12
441 6
341 1
171 28
471 27
164 3
376 23
223 18
479 2
77 14
35 8
158 28
186 13
110 6
335 6
15 13
250 11
274 30
163 20
141 2
382 9
180 13
27 6
38 9
96 14
358 14
249 23
161 7
240 14
188 14
224 2
114 5
360 11
414 23
387 27
360 12
211 27
229 1
292 22
94 7
84 31
220 24
318 28
118 25
206 10
482 29
211 32
253 23
186 2
445 8
424 4
44 30
194 12
223 29
241 8
76 4
118 23
8 27
379 25
343 28
486 25
364 13
124 24
119 1
485 15
85 21
70 28
42 15
251 16
451 7
283 14
167 29
25 6
187 23
354 10
190 32
410 9
388 25
372 14
193 24
272 1
116 13
256 30
307 2
125 5
349 4
339 19
160 23
392 22
469 21
79 30
436 32
62 31
372 5
32 17
140 7
45 8
199 13
469 13
10 17
466 22
204 4
224 19
18 31
413 6
212 7
143 7
183 8
174 30
488 17
322 7
64 31
438 10
371 18
119 24
351 8
90 22
239 21
121 4
132 17
93 7
375 11
193 29
290 18
463 29
127 8
459 26
2 17
303 16
154 25
456 4
356 21
262 10
61 2
201 28
266 21
238 8
379 15
197 16
352 31
148 2
294 15
19 12
207 30
223 32
242 2
68 22
426 29
43 31
414 12
382 15
388 28
318 31
106 26
286 9
376 26
287 30
96 5
21 6
126 3
13 24
125 8
317 26
112 11
388 1
306 18
203 22
93 5
312 22
238 1
6 22
86 8
487 1
97 27
334 14
101 11
441 1
278 17
127 22
172 18
266 17
487 5
374 15
341 25
128 6
338 2
43 19
277 13
456 21
239 25
447 4
487 7
268 21
348 30
358 19
112 31
199 18
443 9
29 11
461 4
213 26
493 11
221 14
488 32
494 30
316 4
417 27
179 5
271 2
430 24
248 17
102 22
491 25
370 3
31 31
230 19
128 11
202 4
196 21
227 25
266 27
481 19
401 7
71 3
388 24
150 27
393 15
284 11
147 14
105 10
336 18
124 3
408 25
15 19
217 9
496 31
339 8
369 23
486 7
261 21
290 18
211 6
13 30
416 7
499 28
40 22
206 12
149 9
340 31
420 17
459 7
391 10
242 31
240 27
49 25
303 2
262 29
224 10
358 23
137 5
363 32
190 32
43 18
384 15
204 3
143 23
421 13
164 22
495 31
92 15
255 30
84 1
258 23
142 20
150 26
472 32
158 17
283 4
351 6
286 18
173 16
420 17
312 7
459 6
338 22
52 28
444 4
460 13
498 6
168 7
83 23
10 24
152 4
144 10
162 13
259 18
209 3
278 24
113 8
382 14
138 17
394 17
124 5
485 14
306 29
120 9
143 26
332 26
125 27
499 6
256 30
471 4
140 25
39 8
336 24
406 29
205 31
405 28
3 10
301 13
394 29
401 24
402 20
182 18
411 20
164 22
141 14
333 16
234 19
236 6
291 13
394 19
291 15
174 13
40 23
305 29
247 13
320 8
493 5
377 15
33 16
420 9
26 28
157 3
474 16
32 24
32 10
462 6
76 24
318 15
314 11
251 32
31 30
411 23
423 31
277 27
179 8
331 12
299 27
166 17
378 22
388 5
123 18
434 22
189 28
368 22
78 14
413 28
187 27
335 13
461 23
415 7
307 10
194 1
84 32
229 14
57 25
426 19
318 28
432 18
315 11
211 28
268 27
351 2
149 9
415 13
296 21
100 30
130 5
410 2
4 15
379 24
107 32
294 16
15 17
133 17
227 7
72 18
169 3
300 21
107 2
129 10
98 20
59 20
225 5
293 28
459 3
492 25
326 29
192 29
214 8
373 8
370 25
434 14
219 13
58 5
150 2
431 3
266 21
474 14
309 10
69 11
288 28
331 14
49 10
158 6
197 22
53 30
326 6
307 8
70 12
221 31
402 27
318 3
343 23
360 8
409 24
418 12
192 21
13 12
474 2
205 15
404 29
440 5
95 23
477 20
462 25
87 15
403 20
85 1
46 32
396 10
76 26
2 11
266 14
210 11
388 6
261 7
22 5
75 4
299 23
484 28
451 10
327 1
325 27
98 6
207 9
28 18
10 5
400 15
246 17
218 1
226 18
127 23
382 18
67 16
252 18
292 23
323 22
407 23
380 24
220 10
53 11
219 2
127 22
41 1
78 10
357 27
87 8
402 17
185 12
500 32
221 11
342 23
112 13
41 16
308 8
429 4
7 20
126 1
117 22
357 15
275 2
201 25
49 26
33 1
273 9
224 1
27 22
35 19
370 3
482 5
187 26
389 29
409 14
29 22
31 30
424 1
303 12
369 7
78 2
139 10
286 6
195 28
131 1
302 28
156 15
177 14
397 9
238 21
282 6
34 24
207 13
468 1
433 16
63 30
89 13
63 26
267 17
390 13
338 3
397 21
326 9
38 26
341 11
230 6
244 24
433 19
424 20
311 28
439 26
69 20
130 32
105 24
240 2
293 1
37 13
273 22
113 22
435 5
288 28
426 16
131 6
334 23
461 20
262 27
73 11
482 19
314 27
450 25
284 14
334 32
282 14
33 14
120 3
50 3
335 27
290 17
36 19
371 24
471 25
99 19
463 32
97 12
370 15
32 22
140 29
473 22
323 10
19 14
28 21
200 10
247 2
179 15
316 1
482 26
33 24
181 27
216 17
122 17
175 10
238 27
370 27
88 16
420 18
337 15
230 13
13 21
378 19
463 1
91 8
331 12
80 7
322 23
139 12
231 22
301 13
332 26
383 31
214 10
80 6
452 22
438 16
138 31
6 12
360 21
99 26
424 18
52 5
176 22
40 15
207 4
227 26
362 1
160 7
262 8
328 1
401 30
29 6
432 18
341 27
482 3
184 5
321 19
2 28
277 25
254 19
233 4
225 26
440 4
20 13
327 11
266 7
316 30
116 4
31 28
242 21
451 18
121 19
160 2
118 12
15 24
123 23
55 11
44 31
434 15
47 25
113 24
339 1
309 11
28 4
114 1
204 4
46 16
186 22
298 4
197 12
379 31
114 21
369 17
279 23
71 30
415 23
489 13
111 10
59 26
489 29
259 4
88 12
219 22
213 4
429 2
31 19
80 16
443 9
300 26
455 30
399 13
405 11
325 11
36 16
5 32
260 31
419 11
270 22
472 11
357 24
244 8
262 11
383 17
475 23
278 17
256 32
149 8
414 22
379 30
61 23
177 16
349 32
18 30
437 26
304 13
93 19
32 27
74 11
411 16
153 20
329 20
363 29
272 28
6 14
77 22
384 22
237 24
53 31
53 9
448 29
133 8
107 9
246 12
135 12
432 19
195 28
46 17
292 1
185 10
318 5
215 17
70 4
284 14
58 29
462 25
397 11
44 7
315 2
239 5
297 14
87 12
133 28
400 32
153 8
73 10
401 8
375 6
91 2
444 12
198 9
4 22
203 3
301 5
40 15
169 17
60 31
180 4
91 23
319 23
367 12
416 11
383 26
88 29
300 3
324 25
288 11
443 30
225 11
211 17
133 11
453 20
486 28
439 4
414 25
22 16
352 25
250 22
227 10
410 14
220 25
374 23
411 20
349 16
262 23
104 22
289 32
141 10
391 31
201 12
188 6
288 27
11 21
477 17
226 2
466 10
471 3
304 29
359 20
220 20
62 11
70 11
230 18
328 4
289 1
128 8
102 11
366 4
303 18
52 29
80 17
474 14
60 5
486 10
281 22
93 2
28 6
396 10
372 32
81 8
456 28
487 5
122 16
373 5
46 28
305 21
145 6
230 32
406 11
325 2
420 5
84 32
431 15
409 2
406 21
165 13
197 23
270 22
206 26
94 7
417 26
431 1
27 28
468 9
227 8
174 6
413 13
297 23
440 13
200 9
46 32
58 18
218 7
263 27
320 1
230 20
458 28
353 25
172 20
473 30
316 10
395 8
255 8
274 18
100 21
242 21
188 15
90 9
477 13
31 20
413 4
236 6
124 28
58 23
259 30
396 10
28 22
153 30
185 14
179 17
102 8
281 21
219 11
45 11
75 32
343 3
39 6
60 2
369 6
160 15
499 11
53 10
197 9
159 29
335 21
165 24
257 18
77 19
168 9
21 18
400 27
432 11
144 27
304 32
460 4
139 3
18 7
484 14
99 19
447 5
479 23
221 3
260 9
61 3
269 18
372 25
296 7
311 12
146 14
303 1
281 25
415 31
335 15
216 14
245 22
218 7
125 14
162 20
234 30
15 7
155 10
375 27
41 1
94 18
2 16
494 31
41 21
285 7
363 8
160 3
14 6
33 10
167 18
77 9
120 19
107 30
477 13
428 13
369 29
406 26
121 15
356 21
11 20
387 5
344 15
183 25
276 16
50 6
113 30
46 16
217 28
358 13
336 5
61 20
158 22
426 14
68 5
290 7
125 28
155 20
74 18
176 29
257 13
495 1
202 16
101 26
44 30
462 19
94 30
435 3
191 20
232 23
344 17
41 16
49 7
287 22
236 14
175 24
390 21
213 4
208 9
9 15
474 3
482 7
344 8
22 19
127 25
497 18
478 5
290 22
435 4
499 3
390 29
366 11
193 18
370 21
94 11
355 31
201 4
486 12
103 15
282 5
463 6
51 16
166 24
317 21
415 16
475 12
192 16
435 29
122 4
137 27
34 19
486 26
179 31
334 1
181 3
362 19
245 28
435 18
103 7
66 13
270 28
25 2
232 15
198 13
114 14
419 32
176 32
437 22
226 30
135 10
237 28
401 9
111 31
94 9
437 32
433 27
51 13
20 6
267 25
486 13
50 25
232 5
12 4
431 22
438 17
199 2
264 27
6 2
137 3
438 30
462 30
132 29
179 19
146 5
219 20
177 16
92 28
344 3
76 14
396 1
190 23
38 9
45 11
178 10
345 19
255 15
189 30
171 27
240 12
15 26
151 16
77 10
451 28
49 10
398 4
242 7
38 11
244 11
25 25
116 2
240 26
380 28
459 26
350 6
365 20
7 4
55 7
461 14
58 25
235 11
453 1
394 22
311 1
276 32
261 19
409 4
112 16
131 2
337 20
471 13
196 5
272 10
263 29
459 13
241 14
275 17
374 8
239 24
8 6
223 1
257 23
472 4
270 3
290 14
286 12
363 29
89 10
83 27
366 29
171 27
438 30
355 23
169 17
199 13
107 5
297 15
404 16
82 1
74 23
335 8
483 9
192 19
182 10
273 24
19 20
210 16
93 28
119 21
157 21
289 3
89 13
329 20
57 2
369 14
133 3
341 27
251 25
37 28
10 25
183 8
104 4
484 28
308 30
309 12
122 17
430 10
386 30
406 26
19 18
423 23
180 28
469 30
352 29
65 21
166 12
389 1
343 20
317 14
29 13
465 2
73 6
63 26
355 8
251 2
93 26
228 12
493 9
53 8
53 2
56 26
69 24
339 27
19 23
413 27
483 1
400 31
475 7
217 9
282 11
54 7
344 2
350 24
330 27
383 14
224 27
452 8
234 2
54 29
148 10
151 26
195 19
36 17
217 16
349 6
71 3
76 30
388 30
306 13
32 20
302 19
126 1
398 32
246 27
464 25
121 18
22 15
368 10
187 28
161 23
434 19
141 13
349 28
286 6
448 1
193 2
423 7
206 12
30 4
475 1
196 11
458 14
261 22
127 23
261 15
333 18
222 6
55 18
205 8
427 9
9 15
106 27
289 11
103 26
466 13
162 10
375 12
231 15
297 13
433 17
347 17
455 28
442 1
341 23
348 3
3 16
90 8
139 6
122 17
400 32
373 25
453 19
32 31
233 4
243 5
89 5
133 23
361 11
403 13
73 30
172 31
310 1
34 24
342 23
392 5
446 4
154 30
362 1
432 22
365 6
110 25
115 14
199 11
316 5
379 24
54 6
314 15
14 27
162 12
206 13
448 7
20 13
401 5
138 32
326 18
358 19
10 16
29 24
298 24
160 16
84 29
430 5
428 27
448 17
150 17
346 22
7 13
402 27
98 15
443 11
244 32
358 9
475 30
460 8
81 27
151 4
36 12
117 3
23 8
403 12
68 16
473 14
465 3
185 14
117 3
336 17
278 21
113 16
282 25
375 7
247 13
82 10
105 18
96 31
261 31
2 16
450 11
458 10
53 6
179 29
268 15
381 9
411 6
148 21
122 14
407 16
398 4
2 18
186 5
332 14
447 26
330 17
364 27
162 16
280 17
288 7
355 25
295 1
14 6
309 27
167 15
354 12
55 3
270 8
452 13
241 10
138 18
294 9
208 20
268 11
148 4
385 2
76 31
118 25
472 23
427 22
493 28
406 23
487 31
342 6
127 19
39 17
4 9
265 16
492 17
402 31
440 11
140 15
317 1
307 13
387 25
482 28
364 3
482 18
61 16
491 12
406 6
452 5
66 20
176 9
452 14
195 23
216 6
109 32
146 11
376 29
351 14
116 23
244 9
268 17
420 31
344 25
492 23
290 17
66 17
465 14
42 31
112 21
196 9
493 9
191 32
225 22
77 28
108 29
289 19
477 28
337 8
237 20
318 18
88 7
342 28
104 32
414 24
344 29
492 8
154 18
56 10
223 20
70 18
304 10
57 28
269 21
451 25
73 32
382 12
355 12
64 26
459 1
377 30
290 16
342 3
402 13
320 8
380 17
306 16
450 30
315 31
458 14
75 26
89 1
394 19
32 13
105 22
137 29
495 10
201 24
368 14
436 24
77 4
280 14
351 2
447 29
300 29
486 22
138 23
182 27
369 1
191 21
258 20
454 9
105 30
292 9
107 4
364 31
395 7
269 25
76 23
465 7
323 31
453 9
25 18
195 29
51 10
218 8
65 3
412 25
28 16
345 10
283 32
20 25
55 20
125 14
355 5
61 29
391 17
341 23
350 8
12 20
273 5
60 13
251 11
209 6
378 6
115 12
465 22
40 11
422 20
353 20
457 13
156 27
277 21
114 30
384 5
378 12
205 13
196 15
111 28
84 17
161 2
352 6
331 32
348 32
259 8
83 11
112 3
414 16
439 23
366 18
3 31
181 3
179 20
13 1
483 4
481 16
145 13
473 27
76 4
283 30
372 13
401 31
455 14
75 5
192 28
66 30
182 18
104 4
325 16
352 20
63 21
155 23
165 23
385 12
150 11
277 5
32 17
208 6
342 18
231 1
73 32
430 6
246 29
317 22
148 12
229 30
352 11
120 32
213 5
459 27
171 20
87 6
264 2
392 2
279 22
490 31
121 32
308 6
452 12
288 8
496 4
13 23
251 25
67 15
489 1
29 11
464 8
213 24
465 28
185 28
77 26
298 5
93 30
415 21
285 6
200 32
69 32
479 23
48 13
486 20
125 14
47 1
333 15
168 30
214 16
393 26
377 18
190 2
351 8
70 24
9 17
267 22
332 13
100 8
493 17
267 6
303 25
58 19
423 29
136 16
280 8
129 20
422 7
329 8
478 10
259 27
166 22
268 10
122 27
81 27
156 11
84 10
12 5
148 10
69 12
274 12
15 2
355 12
276 20
60 22
433 18
92 23
195 31
152 9
77 16
283 4
430 2
245 29
358 9
79 6
28 32
477 6
457 15
182 9
218 5
486 31
262 13
453 29
287 20
125 3
187 7
299 28
272 19
261 13
287 31
110 14
394 2
60 30
268 5
434 18
333 3
488 30
199 4
402 25
247 30
200 25
284 2
252 11
392 12
387 15
54 8
196 7
433 15
149 25
495 10
186 27
205 25
125 27
464 18
240 18
256 15
494 19
140 29
446 3
461 20
61 18
32 13
165 4
363 29
164 14
450 5
388 18
225 32
261 24
94 32
249 1
142 18
387 29
191 16
15 23
368 16
220 31
184 32
214 22
400 30
255 2
430 11
207 31
210 31
194 27
170 31
151 11
240 14
295 30
425 6
284 32
237 28
394 16
91 32
169 23
189 8
44 30
122 10
328 27
69 18
134 6
168 16
401 31
377 23
189 26
208 16
297 16
31 23
67 6
2 4
316 18
363 19
11 28
460 11
314 4
212 11
118 11
435 26
489 23
268 5
464 12
205 9
271 31
303 26
356 20
425 31
345 7
381 19
122 13
397 23
72 24
86 25
42 28
410 11
34 2
411 2
5 3
462 7
350 8
316 5
419 28
80 31
378 20
173 3
4 14
286 16
381 27
116 7
94 26
157 7
407 31
476 7
182 17
389 3
52 13
439 18
296 10
436 10
330 1
376 29
30 5
260 18
235 20
36 20
253 8
307 7
111 2
421 8
71 25
26 10
365 16
444 13
186 11
186 23
339 1
51 24
426 31
334 4
186 1
340 30
265 18
300 15
279 16
370 5
380 31
323 13
62 10
257 7
348 14
465 31
206 16
110 19
326 31
495 31
164 14
152 8
183 31
154 17
22 11
14 21
121 4
349 22
305 25
133 32
102 25
42 20
112 20
142 21
94 28
3 17
173 14
388 7
456 13
168 25
267 13
434 31
368 14
421 28
91 17
27 12
1 25
351 17
72 5
253 29
332 24
126 9
261 5
211 17
258 6
397 8
410 22
263 1
464 27
152 10
87 23
449 19
99 20
51 26
496 8
38 23
263 3
331 3
380 14
91 25
271 28
12 5
317 6
13 20
308 1
37 10
47 18
185 5
489 31
18 28
242 19
310 4
274 17
27 29
386 25
141 16
456 20
392 5
130 25
108 25
273 21
35 15
482 31
167 10
305 16
453 3
294 22
402 23
458 12
71 3
249 7
55 24
67 6
180 20
54 20
484 22
284 14
348 13
236 22
86 9
401 26
291 7
355 16
261 21
324 16
359 32
394 9
479 16
211 19
7 12
150 15
294 13
360 5
401 8
7 14
488 31
227 26
101 21
321 2
97 4
397 32
67 6
72 26
454 22
408 24
250 17
154 3
193 2
183 21
461 1
430 24
448 8
77 4
440 25
465 5
393 21
48 31
355 11
208 16
253 3
471 2
375 13
248 15
490 10
11 22
323 4
249 10
299 29
21 7
73 18
479 17
198 14
480 32
496 7
211 24

