256
238 29
405 16
322 28
344 23
377 20
166 16
443 11
289 5
68 1
183 32
454 20
498 14
191 8
476 21
81 32
415 6
256 12
54 5
375 17
112 12
333 1
191 31
44 7
252 27
11 2
258 32
461 7
89 3
19 24
463 15
443 22
268 18
49 9
127 7
70 18
174 30
218 12
28 29
398 31
371 24
416 16
223 21
235 4
379 5
79 14
203 18
71 6
71 3
143 25
245 8
138 27
465 28
486 32
116 24
123 15
143 30
466 6
266 20
381 9
304 3
338 10
332 24
328 23
230 30
155 2
385 25
96 9
148 2
192 11
317 6
101 7
56 23
28 21
470 20
169 2
219 18
335 10
117 26
156 2
335 15
24 27
455 31
419 26
52 11
216 24
128 29
31 19
439 10
208 28
318 4
237 20
234 8
437 30
85 29
400 24
255 3
490 17
41 21
162 1
223 13
312 14
249 22
237 27
252 8
447 29
23 19
456 32
106 12
310 27
336 29
314 18
131 3
2 31
415 11
467 21
244 23
339 32
324 3
31 11
222 17
347 20
363 22
352 29
194 17
363 9
221 8
471 11
330 28
225 1
487 8
381 30
322 23
425 9
497 23
424 2
487 26
314 10
424 9
22 17
29 28
497 5
411 19
451 12
291 23
484 21
218 1
62 27
139 14
388 16
145 23
205 11
284 6
184 31
386 25
175 6
440 8
14 22
342 24
90 8
139 13
112 12
493 13
247 4
363 10
119 31
148 3
341 15
397 29
490 22
81 28
48 9
391 5
222 29
377 31
216 11
440 32
74 24
352 28
415 6
305 13
424 4
60 13
87 24
493 32
89 29
295 8
297 30
401 3
418 9
33 29
495 12
312 8
108 8
240 30
433 8
259 17
200 26
473 30
125 5
65 29
389 23
53 6
44 17
408 13
433 8
446 11
116 5
494 23
476 21
448 25
481 30
265 8
375 5
317 7
405 1
416 9
91 8
182 11
272 21
299 16
233 32
482 16
205 11
422 16
412 25
440 28
427 16
423 13
144 7
4 28
323 23
397 29
238 18
251 21
19 30
416 3
145 29
450 1
75 23
381 6
443 24
377 5
228 3
374 27
389 5
123 15
147 27
476 24
448 18
448 18
127 15
420 12
463 5
472 17
443 28
23 10
376 23
458 27
50 31
325 2
411 11
1 29
317 28
496 17
405 31
434 28
157 22
155 23
426 18
156 21
34 30
310 1
280 11
363 13
302 15
119 12
338 31
121 30
150 28
270 6
411 16
437 7
261 7
38 30
421 5
110 6
74 15
214 21
38 32
386 3
466 16
402 7
326 22
309 7
342 18
232 12
485 13
170 5
463 15
487 11
455 20
188 20
15 21
85 28
180 10
94 2
325 11
152 6
369 12
328 18
390 23
165 30
79 14
471 22
245 5
424 15
404 16
431 26
216 11
173 24
336 18
97 12
113 32
161 29
208 28
394 9
46 10
470 21
95 8
166 19
100 9
242 4
256 4
125 28
38 18
71 1
415 11
32 31
414 28
211 21
383 8
69 8
365 3
404 8
34 5
2 22
214 27
489 5
266 21
292 11
262 18
27 9
232 22
407 6
305 2
470 7
73 23
467 26
281 10
249 2
143 26
299 28
345 15
28 18
104 32
117 9
385 7
393 13
257 24
114 13
269 11
248 1
325 2
482 25
435 26
271 25
184 17
488 8
60 20
341 3
187 21
379 3
304 28
39 24
275 32
120 11
439 23
235 11
432 5
220 3
150 30
499 17
262 15
212 13
354 17
335 20
9 26
314 32
41 5
223 7
208 27
209 14
61 27
113 9
363 28
415 29
173 5
345 6
251 5
107 20
109 1
495 25
358 29
133 14
13 15
64 4
49 4
70 26
67 10
158 29
365 12
441 29
484 6
322 3
194 20
190 30
73 29
122 14
345 14
32 25
313 15
132 5
367 13
174 17
86 31
213 26
254 6
338 26
143 24
324 20
291 17
341 31
49 6
497 5
272 8
305 16
122 25
148 8
489 18
476 27
356 5
24 26
46 10
199 20
77 14
227 11
238 23
434 11
84 22
383 15
309 12
290 18
124 18
474 8
463 17
186 18
489 22
279 30
127 29
425 31
202 23
273 8
273 18
78 9
339 32
63 3
499 21
281 14
494 14
234 8
202 23
125 19
184 4
428 10
436 1
216 10
207 17
429 4
398 2
336 9
317 2
87 12
102 31
289 27
472 14
402 10
145 27
68 16
134 11
490 29
199 1
58 2
45 22
385 19
195 16
383 24
321 5
179 7
40 27
369 15
193 3
388 13
149 19
16 26
154 21
54 8
414 28
109 6
301 13
104 8
416 18
359 13
159 1
363 26
207 19
60 3
353 32
439 17
106 11
486 15
163 32
111 20
3 31
386 11
416 17
150 7
327 16
271 25
248 5
34 11
216 25
57 12
244 28
69 10
302 6
108 4
445 14
392 31
141 17
102 24
117 27
90 3
111 17
279 26
345 12
16 12
109 17
128 28
420 20
201 17
453 29
36 30
82 11
344 22
55 5
481 28
48 11
466 10
135 25
367 15
260 7
391 8
159 18
72 2
269 8
2 29
284 5
118 14
168 22
291 10
462 16
245 25
194 3
18 20
307 5
10 30
119 28
286 1
121 9
206 17
480 19
462 20
447 7
333 6
244 3
336 22
394 20
66 11
142 16
118 16
320 32
366 30
379 19
66 8
359 31
240 10
181 5
157 7
132 29
241 7
112 28
284 17
359 10
148 5
285 25
300 12
244 1
393 19
19 6
326 13
80 17
419 20
118 19
386 1
416 6
327 15
405 3
235 16
164 26
116 4
147 7
51 10
284 23
216 26
252 21
31 31
106 29
442 27
227 11
175 30
9 1
20 17
167 11
28 14
136 19
129 22
262 31
376 1
473 27
198 16
132 32
258 21
380 31
15 11
82 9
100 26
393 20
2 12
78 10
241 1
228 10
199 21
400 22
385 29
16 15
152 31
14 26
439 10
312 1
352 1
493 27
482 18
126 4
149 11
69 21
268 8
462 2
137 6
391 17
438 6
455 13
257 13
202 23
214 30
500 9
258 32
71 24
81 17
427 13
251 7
470 6
142 31
335 10
144 29
151 5
335 25
226 7
277 23
137 26
292 20
258 18
332 5
141 4
229 3
493 15
413 18
201 22
244 27
332 20
112 26
24 26
438 9
388 23
28 28
408 19
364 18
368 3
198 12
458 10
426 22
460 22
263 12
392 23
195 11
450 30
56 1
455 21
426 22
411 9
217 27
123 32
188 31
478 1
350 8
14 24
237 1
465 4
485 24
210 19
282 3
188 5
335 6
34 12
335 4
64 11
466 15
335 9
29 12
389 22
451 18
357 16
79 26
391 31
29 12
93 19
462 32
499 16
273 16
408 31
328 15
9 17
9 19
298 9
359 2
267 17
292 11
348 6
296 18
284 21
189 20
339 10
155 29
298 23
221 21
385 32
379 29
44 32
88 9
276 14
231 6
106 30
17 30
95 20
395 6
340 12
253 14
85 11
367 14
37 23
290 21
338 5
165 5
408 32
426 11
401 24
77 11
381 1
164 23
460 22
204 28
493 20
181 22
418 19
163 30
337 5
226 30
473 2
259 12
346 16
414 14
395 6
456 27
138 31
453 26
381 12
249 21
315 29
154 28
180 13
37 24
121 10
246 25
355 24
176 12
391 25
150 13
283 17
411 4
280 23
369 4
370 17
384 32
250 2
267 29
206 19
500 30
268 9
122 6
100 25
26 6
237 11
126 15
483 24
143 10
102 15
273 15
480 5
358 13
398 8
213 19
130 28
280 21
457 5
223 4
197 12
398 13
126 27
156 16
263 14
222 32
160 6
39 27
354 28
71 15
372 15
205 29
347 16
102 15
236 12
358 16
275 27
69 12
482 24
211 8
373 20
459 32
130 21
23 3
393 1
86 20
80 18
320 26
274 1
228 21
448 25
145 2
44 1
325 9
288 8
120 28
319 22
395 20
427 21
283 27
214 8
138 5
9 29
70 26
230 5
495 9
85 19
103 16
351 23
356 10
314 7
1 25
257 31
432 7
16 2
57 9
433 14
373 2
2 10
75 7
90 9
112 10
59 26
6 13
344 17
250 14
40 26
494 20
349 17
182 12
491 26
92 27
283 32
216 16
257 23
367 22
211 6
371 26
247 24
382 14
89 28
451 32
233 32
127 13
221 12
296 3
249 11
485 11
54 25
166 18
343 16
359 13
213 6
26 19
457 12
401 5
391 27
24 27
499 22
408 11
161 31
281 5
294 9
439 19
317 9
361 15
488 11
416 13
300 1
11 13
404 31
301 18
318 21
121 20
30 20
386 11
434 10
99 27
430 30
278 19
346 18
109 29
208 28
385 12
21 8
264 8
362 8
218 31
444 6
346 6
69 15
164 10
396 30
81 10
3 18
276 32
347 28
33 30
260 5
413 20
16 32
203 18
444 20
408 3
461 2
212 17
484 23
383 8
341 31
409 15
172 12
43 18
419 11
275 30
195 24
161 27
215 12
440 30
339 27
397 24
100 8
32 12
335 2
167 19
228 3
369 15
462 15
120 20
337 15
114 8
82 2
94 28
341 13
306 12
231 26
183 3
161 10
266 31
128 32
21 11
210 18
458 15
152 25
254 25
323 19
224 12
493 1
404 1
53 1
364 19
114 14
113 26
112 2
121 3
13 9
297 2
234 6
96 26
183 18
78 5
216 17
113 24
173 24
245 29
428 4
7 17
358 4
166 9
201 2
59 6
131 23
491 4
461 23
101 27
436 14
351 11
182 15
63 14
34 27
78 29
266 25
353 15
408 23
443 32
8 1
25 2
208 12
354 20
454 2
366 9
336 12
243 13
383 21
223 32
315 4
229 13
88 9
407 23
303 18
307 23
202 27
300 9
50 29
132 7
311 9
243 14
65 2
162 15
346 20
66 5
388 10
93 19
79 11
174 17
200 32
43 14
162 31
14 32
347 18
66 25
494 21
302 14
498 32
60 11
403 10
355 10
123 31
469 5
150 6
434 5
473 28
454 30
170 8
345 21
317 3
25 18
423 19
72 12
346 27
114 4
460 5
390 23
119 10
135 12
351 16
321 19
396 2
456 5
445 13
433 1
415 6
275 5
488 18
108 9
328 5
432 16
393 25
222 12
178 32
335 16
128 7
202 27
133 18
291 17
162 24
42 12
385 4
116 20
13 31
408 32
147 7
479 12
12 20
107 1
408 13
421 3
448 18
261 28
131 27
360 32
126 29
71 14
420 26
437 20
260 28
124 27
35 2
150 2
6 28
86 9
48 18
151 27
480 7
278 6
313 2
254 19
242 16
152 30
214 1
445 1
284 4
83 30
374 32
215 27
487 1
347 3
158 13
233 21
259 19
247 19
500 32
213 17
379 5
106 24
157 31
417 32
470 19
110 7
83 28
425 13
476 3
307 14
119 12
270 1
402 28
4 17
71 24
345 10
284 15
393 32
1 25
380 14
160 29
17 30
164 21
162 20
64 25
125 6
360 2
263 1
466 26
13 24
333 17
337 13
307 2
56 11
38 11
481 5
127 13
290 31
289 12
282 24
272 18
34 7
3 4
391 16
413 23
356 13
111 8
361 6
273 5
280 3
55 8
211 22
108 9
324 21
304 5
248 23
66 9
57 8
280 3
388 8
53 31
289 31
138 13
284 15
269 20
73 32
175 23
357 15
135 8
31 18
488 14
364 1
115 4
472 2
422 31
290 30
157 30
489 3
430 32
57 27
187 1
22 14
263 14
144 22
409 30
187 32
155 15
300 1
174 7
15 24
186 12
421 2
233 17
488 18
33 20
360 3
24 5
432 11
110 11
184 6
100 6
117 19
124 4
375 6
243 21
245 16
192 17
121 8
278 21
438 18
356 5
232 28
382 4
18 27
90 5
213 22
274 5
148 30
449 26
47 19
263 31
470 14
159 18
82 16
402 15
449 14
167 21
489 28
196 14
391 5
58 23
30 27
283 1
80 3
51 26
421 9
268 22
470 7
332 11
214 13
421 23
342 12
195 2
487 2
187 29
378 32
331 32
279 14
436 18
196 26
336 5
2 3
358 24
381 1
374 31
126 27
461 7
234 31
1 12
248 23
301 5
135 27
384 17
448 4
474 24
361 13
112 31
264 21
38 24
10 23
442 3
409 10
453 22
408 17
418 7
344 10
132 30
52 15
94 12
390 15
495 15
228 30
317 11
74 2
338 7
468 24
421 9
181 18
222 9
30 31
95 9
60 26
202 12
445 19
463 26
214 25
288 29
62 20
135 7
309 8
274 13
251 22
5 32
419 18
76 9
69 22
173 24
100 23
239 24
373 25
81 10
157 25
230 6
472 12
57 1
336 26
409 18
375 1
73 22
342 24
446 2
170 14
390 29
48 28
164 13
181 4
358 5
464 28
111 8
451 23
420 26
200 20
428 30
92 28
71 5
500 16
195 1
338 32
437 1
63 16
157 15
47 3
136 15
306 30
2 4
264 29
246 3
452 9
240 3
24 19
179 23
178 13
191 31
308 19
104 7
282 12
169 21
330 8
43 11
401 24
95 24
168 12
330 3
216 26
13 23
232 11
114 13
416 4
128 3
135 11
149 24
46 30
96 4
473 14
362 10
385 28
241 24
147 27
22 26
344 30
453 31
77 30
187 32
221 22
418 23
248 11
123 22
384 26
21 12
412 6
433 12
338 22
200 8
300 29
198 3
107 18
69 3
67 11
26 15
273 3
494 32
9 20
165 20
389 13
304 20
67 20
448 20
113 3
91 24
71 28
406 25
289 26
211 27
81 28
494 5
31 15
224 11
306 25
135 14
425 30
346 23
25 1
98 26
143 5
401 1
180 11
242 13
280 20
175 8
392 16
416 14
358 16
312 31
232 22
209 12
235 14
351 4
198 12
249 16
340 13
404 16
455 9
340 27
301 2
150 12
386 14
465 15
57 16
110 4
426 26
295 24
75 17
271 20
297 23
315 12
20 18
155 26
215 22
412 23
212 22
410 9
479 26
43 31
353 4
26 14
173 16
290 3
317 32
222 29
431 24
100 26
106 3
127 4
100 7
38 15
304 27
259 30
172 14
20 28
305 29
154 14
216 15
76 12
354 6
348 4
185 16
437 6
54 16
313 9
306 2
168 17
148 14
446 15
79 9
195 12
213 20
65 16
494 8
164 15
141 3
335 10
458 15
319 3
38 24
368 19
333 3
7 21
164 16
151 11
268 13
330 28
396 14
260 1
385 7
88 2
433 2
203 27
396 25
105 14
4 8
128 9
210 3
317 26
438 31
468 10
16 25
185 11
42 16
152 26
218 27
303 31
364 5
393 11
230 21
44 13
25 24
421 6
158 17
459 11
260 2
152 27
426 25
37 31
484 16
245 30
130 19
352 5
108 20
456 21
296 7
273 4
22 22
406 23
486 8
478 21
142 21
19 3
317 20
386 21
95 26
354 13
380 13
421 3
152 32
175 7
227 24
119 4
345 20
131 18
387 28
427 4
88 21
447 29
352 8
409 11
313 2
375 12
318 7
31 13
23 5
119 13
208 29
348 8
112 10
86 11
437 32
230 21
308 20
281 28
211 1
310 27
302 28
67 15
330 21
291 8
357 13
304 21
498 4
468 25
481 21
311 18
64 17
294 8
420 22
235 31
466 8
153 23
79 31
237 4
371 31
464 12
287 31
292 20
270 27
97 15
164 15
372 3
299 5
302 3
90 12
201 15
431 25
173 21
276 9
121 10
287 4
373 17
54 20
61 4
127 17
130 30
415 17
72 30
165 10
284 14
261 32
160 8
40 32
404 15
92 20
313 14
311 13
6 25
53 2
392 15
74 13
24 17
21 11
54 17
320 13
142 9
24 25
476 3
132 11
230 31
255 10
156 21
430 9
281 22
79 8
216 28
396 15
492 16
334 25
304 13
437 29
85 16
245 4
227 12
291 4
154 13
201 21
313 2
470 14
168 8
469 27
51 9
122 15
484 3
143 24
311 12
232 4
243 9
159 13
408 21
128 30
345 28
370 2
14 15
455 21
90 3
63 25
139 24
239 3
194 13
262 9
312 13
104 19
173 18
375 9
211 15
142 7
386 23
416 7
406 22
79 27
145 10
339 3
381 25
109 27
458 30
431 29
215 14
175 31
295 14
467 5
108 12
116 5
323 19
244 8
105 6
426 1
167 21
87 16
193 8
474 18
417 12
123 15
289 29
370 23
50 20
144 5
500 7
354 2
493 21
253 1
122 10
49 9
294 4
40 11
35 1
340 15
268 10
286 4
111 11
342 16
46 21
373 29
95 30
218 20
174 6
388 11
500 21
435 13
128 10
131 2
338 19
464 21
284 13
364 2
459 18
258 21
42 6
401 1
355 15
428 20
440 7
174 3
307 17
84 18
82 6
95 4
388 3
376 20
11 16
65 6
297 6
326 6
303 10
178 13
196 25
388 12
124 30
426 26
170 29
216 7
279 30
374 26
72 2
337 15
489 2
256 17
427 13
474 18
158 28
90 14
460 30
341 19
391 6
217 8
479 24
366 5
93 24
422 21
489 11
303 9
12 22
465 18
342 14
371 23
293 1
204 29
290 28
187 24
162 27
443 4
186 12
248 7
399 5
499 27
131 29
419 26
62 27
284 19
25 14
253 17
466 13
273 11
352 28
138 9
214 32
356 8
92 19
382 14
328 8
229 6
32 11
304 21
234 11
495 14
92 15
130 6
55 11
164 3
214 18
475 27
233 23
178 28
137 15
314 32
290 18
126 25
392 5
265 1
367 19
438 6
358 12
367 28
470 27
374 27
332 9
313 28
31 23
388 7
253 1
335 27
298 12
67 13
240 32
18 30
442 27
267 19
22 14
415 27
164 12
377 19
488 10
410 18
384 5
389 4
201 31
30 22
386 17
39 25
280 16
434 1
362 24
372 16
185 2
430 12
425 31
46 1
200 12
134 7
308 10
70 21
96 8
210 17
400 12
309 7
7 30
399 5
146 26
308 26
407 29
382 8
247 3
448 2
86 25
380 30
455 18
254 10
253 27
235 16
415 3
182 1
489 28
141 22
54 24
315 16
37 20
495 15
475 30
81 4
23 24
305 25
113 18
378 1
225 28
368 19
359 5
411 31
481 24
332 22
203 2
493 3
46 28
226 12
281 2
283 15
469 16
483 2

