256
44 28
291 19
9 31
19 18
377 1
127 2
339 23
441 31
217 13
196 9
207 2
427 11
7 17
457 4
94 12
406 2
232 29
412 24
271 2
493 15
438 7
429 12
286 1
3 2
150 6
331 28
400 1
54 10
138 7
329 23
22 23
424 25
135 11
345 13
321 25
403 14
160 11
34 29
52 4
150 25
437 8
112 16
441 26
93 26
28 6
364 17
360 8
154 14
326 26
102 30
186 20
404 17
187 5
493 10
176 11
142 16
474 21
448 26
122 24
195 13
313 3
402 24
198 7
369 27
404 30
169 17
326 4
138 16
360 14
101 15
124 26
146 10
198 29
215 28
337 22
320 17
320 5
173 1
127 13
39 10
363 19
175 28
278 28
51 29
145 3
23 1
96 9
70 9
465 12
464 25
397 12
302 24
356 18
84 27
218 19
216 8
181 30
119 27
405 13
299 2
171 2
170 10
342 11
411 14
374 22
459 23
361 16
338 17
85 6
403 30
396 14
234 28
212 8
238 4
225 13
369 3
358 6
13 23
128 31
356 6
148 10
476 21
73 9
77 25
86 15
163 5
300 28
261 7
451 22
331 23
34 15
422 15
89 6
293 4
208 9
273 23
314 4
67 11
413 15
247 26
325 25
35 25
8 31
339 23
292 9
485 22
72 6
272 12
191 9
79 14
65 24
457 2
451 15
320 7
370 15
65 26
327 31
22 27
245 17
145 16
233 29
65 16
387 9
167 13
253 10
31 1
449 31
250 27
213 14
466 10
488 2
276 2
332 21
352 28
9 12
463 30
477 16
397 11
420 8
143 8
161 17
192 17
363 9
211 28
362 12
157 17
409 8
15 12
433 14
167 1
214 18
386 2
213 11
404 24
198 2
155 2
423 6
170 1
490 28
360 4
260 1
52 20
152 6
408 4
284 6
377 13
407 2
38 23
396 25
102 29
190 12
6 12
453 15
101 31
259 8
146 18
180 21
37 16
115 4
267 14
222 23
98 32
109 7
99 4
427 4
301 24
308 30
432 32
185 16
406 23
343 31
164 31
452 12
206 14
496 32
167 25
319 20
196 15
398 14
282 24
198 18
143 1
92 18
468 28
309 30
422 24
480 25
378 15
284 3
348 19
406 22
347 24
129 3
2 2
40 24
53 1
217 8
445 24
473 1
435 26
342 4
137 25
144 6
252 32
448 3
410 9
317 29
281 1
3 6
323 14
65 27
335 6
274 15
441 27
395 16
380 12
435 4
409 15
381 12
210 16
462 31
384 6
227 24
75 25
298 9
327 26
475 21
495 5
291 28
347 18
163 18
477 29
93 1
379 29
248 24
4 26
59 3
191 17
403 5
218 24
365 16
413 16
408 16
88 6
195 18
87 21
11 20
157 23
300 28
279 32
475 30
461 9
372 23
22 26
268 3
177 8
486 2
471 21
349 10
442 27
343 17
103 29
296 31
11 23
498 5
494 13
274 14
209 2
105 14
271 32
320 12
355 1
389 30
401 29
235 15
131 2
75 5
486 2
343 17
316 29
137 14
165 23
115 29
408 31
455 18
442 26
477 5
135 9
474 15
305 8
229 27
489 27
19 7
172 2
471 20
406 11
149 6
369 27
146 24
334 12
306 23
78 6
275 32
203 28
246 19
308 11
294 12
129 12
270 1
377 8
140 10
51 20
55 19
402 17
195 7
152 20
214 1
337 24
292 7
236 14
398 23
364 7
190 28
354 20
144 31
403 15
216 13
422 23
224 16
323 10
262 2
121 19
55 21
315 2
348 30
235 21
296 6
287 21
294 12
148 29
426 3
72 18
355 13
264 14
20 14
199 18
263 19
108 17
480 14
15 3
175 1
275 30
51 17
307 8
404 26
132 6
356 15
323 11
400 30
492 23
375 15
404 25
361 12
454 8
137 28
18 4
272 32
133 2
204 19
17 12
245 13
437 8
55 7
366 22
196 10
225 14
400 20
58 24
343 15
452 24
182 9
495 6
113 27
127 24
418 16
275 26
496 19
465 22
173 19
356 28
40 24
141 19
411 15
50 10
61 9
437 7
322 27
48 26
409 18
453 2
21 20
339 28
142 28
270 31
486 29
386 9
408 3
463 30
77 4
127 13
365 7
231 30
197 30
175 22
304 7
283 16
58 18
44 32
129 29
218 26
289 23
490 12
333 28
217 9
167 16
250 11
110 8
420 23
110 30
412 21
73 2
440 30
19 15
33 31
147 26
260 3
205 25
334 9
52 23
150 19
98 7
453 27
230 5
13 19
170 28
455 6
322 11
76 16
81 32
339 4
210 6
14 10
51 20
154 18
102 3
24 15
53 1
257 23
53 26
325 6
249 16
168 18
378 15
114 18
54 16
185 7
401 27
380 19
250 2
257 23
40 8
401 13
108 13
79 12
278 11
86 27
34 29
448 19
51 13
369 24
364 25
219 17
307 14
67 32
483 7
406 19
455 26
467 22
315 1
426 12
299 19
470 5
467 18
95 25
330 27
472 26
220 14
310 6
492 12
434 10
403 27
348 1
497 26
270 27
62 23
254 5
409 12
397 23
493 31
243 26
158 31
367 13
108 28
106 7
256 23
425 26
230 12
366 6
142 15
240 31
34 5
267 14
68 11
169 12
358 19
86 3
329 24
243 29
332 32
239 27
239 19
448 8
491 13
397 4
151 12
38 32
480 5
478 32
171 18
163 24
260 16
394 21
404 8
81 27
188 19
25 30
38 8
97 4
136 17
11 14
480 8
322 11
204 27
62 27
148 21
106 15
324 12
51 11
191 19
165 26
154 25
7 11
364 27
70 19
95 20
137 6
479 14
237 7
460 26
113 19
374 18
69 18
273 4
276 16
102 1
45 27
333 32
149 25
154 18
47 5
149 11
378 32
344 26
14 31
264 6
113 1
47 18
186 20
153 14
135 10
106 11
213 6
82 9
486 4
283 9
188 31
419 17
262 11
31 3
121 30
104 26
282 31
267 16
174 31
281 20
376 10
338 12
27 8
153 13
7 15
101 18
69 7
110 11
485 12
161 26
285 21
191 7
119 29
386 4
79 18
451 2
255 20
246 9
59 2
497 5
388 9
462 28
468 24
490 32
415 19
261 12
267 11
470 25
111 7
28 1
372 18
347 18
469 16
110 32
45 15
296 32
55 26
239 6
181 1
178 19
231 30
498 25
241 15
233 15
173 12
392 12
441 18
373 1
385 23
288 17
89 4
212 27
193 10
369 13
382 6
319 28
335 29
460 11
135 4
278 32
7 9
203 11
110 8
208 26
58 11
274 2
282 25
344 10
138 28
346 12
109 21
335 4
185 27
370 27
190 7
126 13
167 5
495 8
256 2
473 9
401 10
14 26
434 5
8 4
421 25
295 1
221 21
324 29
275 18
76 13
340 17
365 7
381 15
338 32
413 15
4 29
112 17
198 26
226 25
321 22
410 11
26 30
95 26
387 14
395 18
38 2
14 18
444 23
464 22
86 16
296 30
392 27
458 2
156 3
146 16
32 11
294 14
389 25
259 3
462 17
88 31
238 21
104 26
199 15
167 1
295 18
226 10
72 11
479 32
70 5
407 5
31 9
362 23
441 24
45 6
124 12
104 26
437 19
247 11
477 1
271 31
78 8
161 29
235 19
80 32
115 11
256 6
39 22
64 19
89 21
232 21
92 27
278 32
97 32
15 13
140 21
48 17
337 20
69 15
198 9
226 29
487 17
458 5
302 29
355 19
333 14
307 17
476 20
304 20
459 26
348 18
159 11
166 11
454 14
417 4
234 6
316 8
326 1
448 28
497 2
370 14
443 20
106 22
111 13
193 25
283 9
18 21
435 11
287 17
268 23
392 14
196 19
425 17
331 1
500 15
378 25
8 17
248 25
442 18
78 15
130 12
27 19
152 9
181 30
201 21
492 12
302 15
2 22
411 16
302 11
363 24
335 26
204 15
187 13
144 24
483 10
475 17
272 2
322 25
415 18
253 18
318 14
296 27
483 30
355 25
320 9
316 11
438 23
89 20
367 24
91 30
209 13
358 29
394 7
137 12
405 1
65 22
146 28
244 16
418 26
264 1
314 23
243 4
301 3
431 16
267 2
369 27
290 26
307 28
109 11
491 25
183 4
438 24
119 29
308 24
279 15
125 24
2 3
47 18
50 18
173 32
351 13
142 32
323 17
175 7
243 2
147 6
425 12
105 3
264 4
431 30
187 19
486 24
125 16
193 26
213 10
341 19
110 19
55 28
283 13
214 29
98 32
302 18
295 31
417 19
22 15
100 20
105 5
99 21
173 20
255 21
361 7
300 18
281 26
106 27
286 15
88 20
383 25
405 25
147 25
235 25
371 27
80 7
475 23
56 19
174 10
384 6
108 15
207 9
240 4
303 13
335 26
408 1
483 5
393 9
189 4
1 4
166 13
386 28
111 5
139 12
102 22
169 30
56 7
450 11
39 8
319 29
494 23
89 20
95 21
456 23
312 29
194 21
389 4
469 11
372 31
282 22
480 6
387 23
176 24
181 22
439 23
438 32
429 14
259 7
211 15
158 26
375 23
351 19
134 31
113 2
129 18
331 16
47 9
346 2
404 6
288 30
376 9
126 9
455 16
31 25
302 12
38 8
243 32
290 28
262 22
233 26
499 19
201 29
483 14
119 26
423 22
80 15
334 21
455 20
440 5
156 2
25 30
121 19
285 3
346 27
16 11
288 31
493 29
411 24
386 25
213 29
138 8
459 12
348 1
463 32
249 11
233 21
312 9
243 4
467 21
346 3
19 18
349 27
326 27
190 23
492 3
371 1
46 29
452 6
93 11
33 2
385 5
318 28
173 29
495 24
1 29
326 15
326 26
85 27
136 27
213 7
29 4
108 6
116 19
319 29
177 15
254 17
171 19
108 32
483 11
335 31
295 16
57 20
185 22
122 28
416 30
151 12
473 10
221 1
168 28
353 25
446 26
257 29
380 21
312 27
467 18
401 5
305 6
84 9
99 5
12 10
242 6
13 3
271 5
7 11
476 31
487 10
168 11
242 3
107 1
113 29
198 22
37 18
471 24
194 21
176 29
286 30
71 18
336 17
382 2
131 22
404 29
483 23
212 4
469 6
128 22
243 21
95 3
178 5
251 31
485 22
131 22
195 29
67 18
42 28
223 8
9 18
493 15
48 12
418 1
21 21
98 19
221 32
246 14
108 16
324 28
125 7
213 24
155 23
201 16
430 28
72 3
253 28
485 21
119 3
317 23
151 10
106 32
309 31
473 12
402 25
359 18
103 23
197 1
53 18
9 30
377 8
124 25
347 17
281 9
215 1
455 9
214 8
88 18
466 21
437 19
61 3
245 11
69 13
475 5
394 27
455 10
414 2
399 4
242 15
76 4
128 11
321 25
294 20
363 24
24 7
330 20
150 14
450 2
219 9
191 24
111 9
382 5
278 4
136 28
162 20
475 1
94 11
334 15
259 4
350 6
198 16
218 19
105 23
417 23
295 27
287 2
455 16
282 12
3 13
251 4
480 6
157 29
224 30
164 14
37 17
116 10
44 13
285 29
351 17
175 2
11 1
255 13
184 8
48 2
304 31
202 20
228 10
60 19
199 27
137 7
440 20
24 11
84 12
335 2
212 26
135 6
174 5
390 10
276 10
395 32
440 16
67 11
157 2
321 31
405 29
145 8
208 21
178 15
328 25
281 28
226 19
465 11
304 19
460 3
496 31
362 3
154 20
453 7
110 9
369 18
230 10
357 21
34 10
432 29
250 20
104 19
478 25
226 29
127 17
64 6
243 1
56 29
409 20
411 10
132 7
383 1
144 19
354 13
476 25
242 30
200 1
200 17
265 13
310 3
314 13
364 12
1 15
304 1
130 10
278 30
345 4
178 32
250 19
369 18
19 22
303 22
306 30
247 15
279 20
17 8
484 25
499 12
3 27
97 9
16 22
98 20
386 3
52 15
10 32
64 32
233 14
450 10
220 28
312 22
455 9
293 14
61 15
125 7
445 5
47 13
95 20
24 20
475 19
170 12
198 2
215 6
451 32
320 26
211 7
371 9
311 11
306 15
158 15
286 2
3 4
266 13
32 14
132 14
68 2
341 18
35 3
47 17
71 6
359 29
349 25
150 27
448 27
382 29
89 31
410 28
54 12
392 25
169 8
442 24
177 30
205 11
41 32
399 3
469 5
243 17
190 4
328 1
403 21
93 7
431 26
286 20
381 10
421 29
405 18
489 25
348 29
143 16
148 29
350 1
150 16
433 31
40 28
179 18
172 27
136 2
124 26
438 25
303 2
405 19
71 9
491 2
290 13
9 1
25 2
53 10
154 18
216 5
301 6
486 29
16 13
426 20
394 19
496 8
72 32
106 7
145 4
264 14
80 25
370 25
482 15
482 11
464 10
179 12
295 4
88 15
137 6
302 22
228 13
430 12
196 23
294 20
483 25
125 10
181 15
370 11
121 4
149 28
401 4
199 27
343 15
357 23
152 10
213 11
306 10
30 2
380 7
193 26
84 22
128 16
16 5
426 32
348 15
423 20
106 1
147 24
259 23
131 2
365 27
141 22
188 2
23 3
197 12
133 8
237 32
43 4
256 17
91 12
247 29
407 16
485 13
3 12
112 21
5 4
179 25
497 18
19 16
137 3
439 17
346 27
380 32
130 19
60 32
442 14
84 29
361 24
105 4
311 12
348 16
43 7
164 8
96 2
411 12
248 17
352 13
227 11
333 8
70 28
427 27
254 2
63 6
77 32
329 28
235 1
407 26
55 18
169 30
456 23
86 23
279 5
148 17
372 16
212 13
427 30
155 20
147 30
146 23
237 2
166 7
2 28
452 8
346 32
262 1
50 15
355 28
135 26
36 2
37 3
298 20
384 21
495 30
22 32
309 14
466 6
432 3
250 20
79 15
355 16
99 9
186 5
436 16
11 16
178 7
70 31
362 18
427 1
187 4
348 3
57 1
173 5
484 10
224 14
220 10
105 6
38 26
122 22
461 8
149 26
31 22
113 8
171 11
100 22
191 8
56 31
464 32
87 11
149 26
212 32
92 20
37 21
457 15
454 22
494 14
407 4
172 7
268 10
114 19
403 32
166 23
50 2
38 1
428 31
150 4
258 29
307 3
222 4
305 27
33 6
481 7
174 12
162 21
345 31
159 20
78 1
58 27
158 31
467 13
133 21
76 27
209 7
37 2
498 13
309 2
342 5
172 27
144 21
159 4
459 22
87 16
198 32
367 23
91 5
291 27
301 19
317 10
453 17
143 2
45 7
35 15
443 10
105 26
391 24
426 17
285 20
237 2
360 11
188 18
287 26
228 8
48 1
301 4
397 27
153 14
98 7
32 12
245 4
330 15
103 3
483 7
118 31
72 9
173 31
482 24
441 6
251 4
254 15
340 22
197 12
295 10
383 30
38 3
166 27
113 28
121 15
211 18
166 10
271 22
393 20
1 1
461 11
24 30
153 11
420 2
59 22
495 9
244 32
271 21
398 27
232 22
329 18
312 22
224 2
36 4
185 24
4 14
139 7
415 27
242 30
344 8
400 7
444 7
222 26
255 32
448 10
341 28
280 28
326 23
437 29
174 18
100 29
471 22
203 9
233 20
71 12
243 26
118 10
316 24
103 26
163 22
259 11
382 30
359 3
244 3
419 13
120 18
93 18
460 12
179 24
239 1
471 26
422 21
223 25
280 6
158 2
227 20
296 12
158 18
166 5
153 12
318 8
306 26
214 5
57 20
308 4
344 30
333 13
218 31
353 29
380 22
290 31
129 10
66 26
443 24
39 15
167 16
219 32
469 16
88 14
27 31
25 22
377 13
486 14
263 6
295 15
51 8
101 3
373 22
317 12
101 27
262 16
266 16
91 18
263 19
463 1
425 15
362 13
47 23
99 6
36 5
304 22
32 32
117 29
273 21
424 2
491 1
493 24
17 31
341 15
113 8
272 2
494 5
394 17
480 8
54 23
440 9
305 24
112 5
228 28
205 27
461 7
39 13
154 11
240 6
186 28
1 9
93 3
89 11
239 8
182 8
139 30
148 11
93 23
215 8
198 7
174 15
317 28
463 10
119 6
167 32
258 28
112 30
14 20
188 16
324 26
43 26
491 6
404 11
152 18
106 13
388 19
359 4
194 22
377 20
227 27
467 28
210 26
334 19
334 1
326 9
94 24
470 16
409 5
222 24
342 11
113 13
309 31
136 11
144 28
166 15
406 17
354 12
266 3
42 23
264 32
107 29
439 32
145 20
300 6
111 25
45 15
425 13
46 20
207 1
275 21
411 5
61 25
352 14
7 13
277 30
464 3
479 3
311 7
102 6
488 32
455 28
139 3
89 28
143 31
224 5
371 11
449 23
103 24
257 29
397 9
231 16
267 21
114 13
183 7
391 6
131 17
54 21
427 10
452 9
288 11
338 27
13 22
293 23
290 21
428 18
285 14
45 8
366 19
332 28
225 6
69 31
270 2
475 9
467 2
117 19
305 30
469 1
444 29
284 1
162 11
270 14
220 18
349 25
176 9
336 29
254 20
459 4
230 14
72 32
63 28
6 27
346 30
36 13
235 19
373 12
233 30
193 20
159 14
388 19
74 31
439 3
330 9
350 7
182 17
459 5
461 24
463 6
290 26
446 16
20 30
123 8
15 19
203 9
208 6
359 21
16 9
108 22
46 29
108 7
230 2
175 26
382 10
347 15
487 16
398 15
165 24
110 7
186 17
203 10
106 10
174 26
210 21
171 3
90 10
38 31
344 20
360 5
53 22
99 32
53 16
398 17
367 3
99 16
171 5
445 9
214 23
102 32
103 16
234 28
49 11
214 4
335 17
172 27
482 26
278 10
469 7
454 15
386 16
239 28
353 23
388 2
357 5
193 24
112 3
355 13
49 13
256 11
493 24
474 3
401 31
360 26
482 6
56 15
217 6
126 9
181 14
339 9
354 11
200 6
161 19
478 26
123 1
296 27
12 9
441 9
372 9
134 13
466 9
71 2
187 4
455 11
413 21
459 3
27 19
84 12
213 25
249 3
145 8
449 17
165 26
421 24
42 26
92 15
298 30
392 16
61 26
54 18
342 13
92 13
171 27
408 3
235 28
69 11
403 1
387 19
110 19
306 27
416 13
361 14
410 25
49 11
302 23
148 32
467 15
364 1
265 3
75 27
130 7
81 32
363 32
303 1
478 28
475 30

