256
499 24
93 21
78 27
111 14
273 17
252 10
352 12
122 7
388 17
210 4
433 12
401 22
357 26
26 11
467 2
347 10
405 31
86 19
481 8
224 22
24 7
379 19
307 9
117 30
337 7
41 30
462 9
87 6
166 4
272 9
202 30
302 30
261 15
440 21
139 16
346 14
342 9
389 8
77 25
193 9
35 6
386 17
26 24
314 16
436 6
28 1
259 9
446 31
271 14
112 13
253 29
423 18
385 27
94 21
167 30
78 18
371 3
50 17
139 23
292 22
4 23
266 31
351 19
133 21
448 16
382 28
405 28
146 17
466 7
454 8
228 3
37 7
197 26
199 31
5 22
112 12
12 9
122 10
440 7
334 27
350 31
143 2
370 4
247 15
230 24
171 13
230 15
259 30
349 9
465 25
150 16
212 9
157 14
226 20
440 16
186 9
478 4
247 8
319 29
34 16
192 12
209 13
467 15
402 3
276 6
19 21
294 30
290 14
267 15
397 30
130 14
347 12
114 17
307 24
437 8
184 32
248 4
104 14
358 21
28 9
223 10
262 16
479 27
317 18
121 29
303 7
350 21
358 27
445 4
99 17
355 26
212 30
25 27
167 14
172 26
219 10
443 20
113 10
234 21
371 22
345 9
456 26
26 13
361 2
328 7
55 27
444 2
136 28
285 3
201 12
200 31
53 31
250 13
268 31
297 2
41 17
14 16
186 7
161 30
213 12
60 27
22 3
236 30
322 24
164 7
179 27
293 23
357 23
99 32
229 3
465 9
387 11
265 29
369 21
174 25
264 30
51 6
236 15
499 30
158 2
432 9
228 8
123 21
470 2
412 19
468 21
467 23
355 19
131 15
359 12
8 7
389 26
112 9
196 14
34 14
475 9
394 10
40 20
490 14
441 18
60 25
130 26
467 4
313 1
58 19
104 25
497 21
475 4
469 26
421 2
227 31
170 28
301 25
340 6
422 4
395 5
392 28
211 10
7 11
158 17
45 22
185 22
458 27
353 6
33 10
131 27
372 16
83 16
212 6
166 14
405 12
318 5
436 16
358 6
402 24
62 23
333 31
192 22
257 4
419 13
169 1
252 21
52 30
416 23
459 25
248 11
493 22
363 12
445 29
73 31
88 7
497 32
233 32
61 29
83 15
130 16
379 17
144 30
418 7
44 16
492 24
90 4
209 9
115 17
173 31
203 24
173 3
383 9
90 11
246 5
125 15
128 7
459 23
136 12
33 23
103 28
174 20
211 26
496 13
239 32
216 25
131 16
344 13
497 29
159 30
457 15
172 20
489 10
206 24
209 7
155 15
466 28
354 1
414 30
205 32
369 24
296 20
12 19
216 32
72 23
305 16
213 8
464 26
457 13
325 5
111 31
327 21
11 20
457 16
381 1
279 14
433 6
101 32
65 32
7 8
246 27
367 27
138 26
12 18
55 4
462 25
19 8
445 29
319 1
156 12
414 26
301 26
211 25
345 23
272 23
114 14
13 21
328 18
14 27
95 20
26 24
289 32
47 25
128 25
486 7
416 27
420 28
448 31
320 12
257 12
494 19
461 18
55 32
7 20
478 5
340 23
360 20
251 26
212 18
122 5
13 22
299 24
457 18
414 5
389 11
368 30
393 8
239 3
115 17
366 32
197 29
298 16
184 12
313 28
278 27
296 22
324 31
73 32
44 3
408 13
9 19
166 9
102 25
51 32
1 32
363 30
325 21
105 12
208 22
107 29
204 7
126 31
201 31
10 20
37 2
380 13
44 10
149 14
154 31
65 10
466 12
203 26
88 20
2 31
77 12
484 24
214 13
10 22
159 19
362 11
288 9
443 8
138 11
329 19
493 1
297 7
24 3
452 11
10 5
462 30
265 5
217 2
405 10
96 28
449 1
462 16
49 29
419 27
199 11
329 16
344 9
354 23
328 21
182 1
110 11
275 10
87 19
203 31
421 2
258 25
106 32
456 11
476 31
193 2
473 17
217 20
202 6
35 5
227 12
217 20
210 3
413 4
186 7
490 18
265 28
178 10
467 17
376 22
359 24
319 24
293 8
351 2
309 21
374 7
304 10
74 21
285 22
160 2
453 26
131 5
397 28
438 15
292 2
360 27
233 26
186 1
417 28
370 14
125 7
464 16
37 14
145 29
23 28
346 31
305 16
43 9
135 17
267 22
146 26
280 10
156 1
107 20
57 12
149 13
423 21
312 3
2 32
335 4
112 28
203 16
7 5
469 21
77 15
418 6
65 26
304 28
366 26
495 22
441 16
454 23
460 30
25 5
73 23
188 24
242 10
452 28
487 32
240 3
358 26
489 22
59 24
197 12
257 32
50 21
39 3
412 18
472 4
310 29
351 29
432 12
239 27
340 21
154 23
139 8
88 31
489 2
474 14
274 6
81 15
279 27
29 6
468 17
329 1
249 3
125 32
123 3
415 22
87 20
392 14
135 28
408 24
329 2
161 10
463 17
480 1
211 9
134 22
361 15
306 5
493 18
140 31
145 30
428 11
474 32
12 12
3 4
83 23
153 7
489 11
335 24
208 1
476 17
426 24
155 11
148 16
365 32
466 17
193 2
443 14
417 19
274 27
226 28
453 26
303 17
344 25
409 15
386 8
96 15
424 30
394 27
101 22
210 27
470 23
164 32
420 28
218 29
350 7
253 6
24 27
243 4
43 31
122 12
238 17
91 5
467 20
436 27
445 25
485 14
251 16
177 19
79 31
215 32
41 7
82 5
373 28
284 20
326 25
47 31
474 25
428 24
176 3
210 20
359 7
237 10
46 14
280 1
12 10
404 16
165 5
320 17
160 27
156 25
212 3
252 29
43 27
476 7
393 5
42 23
83 27
212 1
396 27
105 19
189 32
14 21
197 22
93 4
140 9
45 3
7 20
387 5
178 18
471 10
399 5
172 1
495 32
461 6
226 1
500 30
425 25
322 5
198 23
328 30
367 4
40 9
371 31
273 4
140 24
469 6
460 13
223 26
376 7
47 5
100 22
219 8
410 20
496 28
306 19
149 8
399 24
248 13
318 29
169 6
116 29
199 15
129 17
232 20
456 6
457 31
323 27
430 8
66 17
395 24
451 27
99 25
287 15
470 8
219 22
413 30
478 24
112 27
236 19
462 31
120 6
449 18
296 2
229 14
6 28
437 21
370 3
157 8
233 18
112 27
319 28
136 25
339 3
107 27
441 32
117 12
190 22
353 5
295 22
198 9
409 22
109 6
373 9
138 9
95 29
56 1
476 27
61 11
290 11
241 18
87 29
142 16
126 26
112 9
279 6
73 31
147 13
169 19
149 18
124 15
406 31
8 5
73 8
47 22
87 19
444 29
200 5
152 1
430 31
97 13
424 25
247 31
53 15
89 26
220 12
296 13
94 23
210 3
75 32
380 17
247 31
389 2
259 24
122 1
154 11
249 26
91 23
500 8
410 8
49 5
4 8
310 29
351 3
467 29
126 23
289 20
373 25
21 24
68 23
172 5
213 4
150 3
266 21
150 31
441 10
360 16
42 21
244 16
187 11
20 24
113 24
388 21
336 32
320 31
402 3
327 22
114 1
269 32
477 2
110 17
116 1
212 29
489 12
104 11
370 23
191 22
282 14
170 29
337 22
371 3
332 29
204 30
25 16
29 18
242 26
270 29
459 2
69 15
141 4
474 2
146 28
343 7
445 32
43 21
353 29
371 13
313 15
334 22
398 6
43 15
203 8
51 25
497 3
312 21
142 1
498 31
152 12
213 4
56 7
376 32
223 15
296 28
173 21
429 26
194 23
413 25
486 19
409 7
434 24
119 27
208 17
214 19
160 30
454 7
237 14
327 7
280 18
198 24
103 18
373 32
448 25
44 6
100 9
268 1
376 6
311 24
206 20
294 18
154 32
284 22
281 30
52 8
84 30
215 22
79 15
185 23
76 13
164 19
385 7
411 20
20 13
195 2
97 21
295 18
88 10
195 32
40 2
131 23
199 5
12 14
135 32
8 26
276 31
88 32
305 30
124 16
423 30
401 11
158 3
472 5
477 2
316 20
263 10
342 2
494 21
443 1
252 18
42 32
176 6
39 20
331 18
155 13
184 20
475 1
454 18
290 2
463 9
297 22
255 30
391 32
194 5
432 6
486 26
325 5
307 3
492 1
229 26
94 4
405 4
456 3
14 9
492 8
54 25
405 4
130 19
259 8
331 3
473 12
16 17
328 26
363 7
310 7
169 7
354 13
323 14
487 32
406 19
15 7
119 4
118 32
418 13
275 13
419 19
416 10
395 8
459 22
118 28
52 14
375 6
415 13
67 9
236 8
231 18
283 5
373 24
301 11
480 11
391 18
26 14
35 32
105 29
381 3
465 17
360 27
190 10
387 8
27 18
431 13
223 29
458 24
169 22
90 24
36 24
250 29
341 4
185 26
481 17
20 25
201 11
283 22
357 25
201 7
494 12
491 12
48 4
15 28
57 4
216 25
139 29
357 32
100 17
277 32
162 20
376 2
230 10
456 18
30 20
320 11
139 11
91 7
462 25
254 7
413 21
167 23
285 19
382 17
416 14
316 5
157 8
290 31
201 29
324 19
253 8
105 15
10 19
429 31
4 23
193 8
355 3
318 28
234 20
228 25
61 27
77 2
438 2
456 19
315 15
73 15
126 1
309 7
224 18
106 31
124 10
494 18
9 3
321 2
214 24
242 23
295 22
344 20
239 23
222 21
429 10
471 27
323 32
189 30
221 6
476 24
296 1
25 28
483 22
249 25
97 22
323 31
11 6
475 1
316 24
154 32
342 24
298 12
255 27
413 7
484 4
170 15
60 7
286 6
244 6
442 8
375 12
435 5
281 25
338 12
308 27
192 17
466 5
16 9
179 4
195 31
19 13
497 10
263 23
324 14
168 13
49 23
233 27
131 9
95 32
313 3
310 32
403 12
196 15
496 3
402 2
93 25
110 13
202 32
371 17
229 31
494 2
137 22
464 15
90 15
439 18
461 8
257 3
375 21
485 6
31 3
264 23
11 21
211 28
97 6
89 1
176 10
306 24
159 30
430 28
328 20
2 28
468 30
354 14
414 15
64 8
429 27
418 11
403 1
150 3
266 18
176 9
23 5
104 25
250 5
429 13
105 2
216 20
391 6
265 17
112 20
100 4
358 22
330 29
202 19
259 27
421 2
111 31
267 2
476 8
302 12
445 30
37 28
329 11
433 18
83 20
125 19
435 19
404 4
243 29
95 13
275 27
287 25
309 21
302 16
420 31
391 16
361 7
80 13
354 12
486 12
408 3
322 22
93 5
106 3
181 16
187 23
418 29
191 2
229 8
214 13
447 12
68 3
31 7
347 4
159 13
23 18
443 13
259 3
421 32
73 18
267 19
260 24
288 23
466 32
146 11
368 4
134 8
250 8
434 21
251 32
429 26
9 15
322 24
461 22
335 21
47 6
495 15
489 22
461 22
150 2
484 1
402 22
156 11
485 22
99 8
33 31
213 6
101 6
161 29
479 19
445 2
448 24
184 21
425 20
242 2
453 10
295 26
195 10
209 27
391 3
118 20
38 2
465 14
67 21
403 2
471 27
423 31
490 18
207 31
453 28
340 25
377 2
463 3
288 23
454 10
329 31
101 26
105 21
356 7
393 18
420 16
308 10
486 30
299 32
64 31
343 27
8 32
93 10
142 8
492 31
57 24
370 14
38 30
426 25
348 11
354 12
386 21
109 7
310 16
414 13
10 32
480 5
327 4
338 1
303 13
119 27
1 28
220 22
313 10
134 29
168 23
280 13
147 28
275 29
147 24
33 25
147 16
25 22
435 11
498 29
191 20
448 27
456 31
432 8
16 29
132 27
51 11
87 30
151 25
358 17
104 2
157 7
254 6
428 4
44 17
277 6
244 24
481 19
94 16
171 30
477 30
144 31
65 31
280 15
295 21
215 7
379 8
353 8
53 8
23 28
260 11
385 27
226 1
54 24
277 8
133 29
377 12
335 13
358 23
359 1
103 26
107 1
445 19
464 13
442 19
296 17
489 8
55 31
397 24
238 25
183 10
481 4
497 15
352 31
281 11
63 16
136 5
216 4
479 24
280 16
370 23
324 6
458 10
276 6
486 25
230 32
234 18
79 23
377 19
141 5
493 19
392 32
223 4
411 13
491 18
324 4
116 27
69 5
24 13
279 5
209 8
381 7
422 7
377 26
241 17
306 21
71 18
64 25
157 22
197 15
15 32
358 14
370 26
55 29
122 29
106 11
396 6
477 29
296 13
466 5
73 20
473 31
321 13
139 25
362 27
475 9
410 24
358 19
109 8
23 23
448 16
117 8
317 17
160 1
149 26
1 25
249 29
419 17
361 13
397 11
95 15
99 32
54 8
282 22
220 32
448 19
488 12
362 4
8 30
268 24
499 8
432 3
241 6
19 13
258 27
175 24
137 9
355 14
433 8
55 32
144 15
22 23
418 12
286 22
257 30
137 31
321 29
205 9
270 19
366 20
489 12
379 21
369 2
18 5
221 4
156 16
130 21
346 12
60 32
177 8
185 13
422 1
85 6
122 11
52 31
382 4
82 8
16 30
197 25
102 18
161 5
485 14
434 7
189 25
166 25
161 2
382 6
58 14
412 11
320 3
369 21
355 19
165 30
252 5
107 18
482 19
110 23
56 15
1 25
388 2
461 8
367 22
481 4
160 24
307 27
207 23
384 1
329 12
282 25
112 20
286 6
6 31
412 6
290 24
10 21
429 14
76 27
16 8
422 7
152 12
5 26
459 16
122 11
287 23
71 11
495 12
344 16
103 11
265 24
370 18
420 26
300 7
444 3
254 17
193 13
297 9
466 31
289 31
393 19
342 12
325 32
171 12
39 1
126 4
368 23
281 3
292 20
133 3
450 23
304 30
291 16
191 9
58 31
195 22
257 28
117 14
75 24
453 10
264 15
269 16
73 1
418 21
185 27
155 10
289 10
128 19
261 14
39 6
500 2
472 28
473 28
189 24
227 2
13 11
72 13
474 20
385 11
64 1
145 31
55 21
380 18
216 1
203 2
162 10
339 1
309 32
221 14
63 15
343 23
141 30
59 18
261 15
357 25
216 1
395 26
138 30
155 29
266 9
458 4
262 1
412 22
164 32
419 22
283 17
152 7
26 14
389 31
208 21
463 11
449 13
396 10
482 14
142 8
110 4
379 7
100 14
293 3
126 31
488 28
176 3
182 29
52 26
339 11
166 17
34 3
9 25
404 7
183 18
442 28
497 24
15 24
313 31
210 18
369 17
197 12
39 15
97 2
300 3
52 22
440 1
284 16
218 3
290 32
436 3
43 8
106 29
231 31
215 24
208 24
340 29
331 26
135 11
171 18
214 7
251 1
11 30
452 32
277 6
127 20
28 26
348 2
430 26
52 17
74 15
432 25
15 10
495 21
41 13
435 2
91 13
258 26
423 17
329 11
154 24
114 30
181 25
167 6
95 30
106 4
180 29
80 23
151 14
195 27
91 17
296 13
166 29
134 8
465 31
138 3
122 15
4 6
416 30
263 26
239 1
177 6
109 24
464 3
34 7
301 32
287 24
8 20
352 18
243 1
456 12
139 5
335 2
82 2
163 20
111 25
64 23
170 17
246 26
283 19
144 16
106 22
383 30
86 27
107 4
403 30
60 29
490 10
182 11
495 28
266 5
96 18
95 17
206 8
250 20
323 9
275 12
27 10
393 8
244 23
143 30
60 26
186 21
447 23
323 13
414 29
249 5
270 11
125 15
183 31
166 13
471 5
284 5
450 1
312 17
27 23
190 11
8 7
191 19
445 30
99 14
454 16
218 7
190 6
401 12
420 22
80 11
358 16
91 7
244 27
203 6
209 4
208 32
470 15
22 6
264 17
123 5
468 4
143 25
386 31
381 13
460 28
47 14
27 6
328 26
392 11
392 16
274 15
315 24
201 1
157 8
309 16
32 16
175 22
284 28
68 12
217 8
328 31
197 18
252 8
476 3
406 11
242 32
317 1
423 22
245 19
481 17
414 9
180 21
390 7
148 18
479 24
337 26
479 13
11 26
260 22
373 6
204 14
197 25
374 27
38 14
401 10
22 15
234 29
255 16
16 18
433 22
118 25
151 32
153 25
177 24
499 21
429 14
367 1
74 16
95 19
210 8
333 27
162 14
136 24
393 27
169 29
496 18
445 30
85 25
158 10
213 4
14 13
62 32
470 23
324 8
98 13
263 6
467 4
347 30
43 16
104 4
416 7
201 1
96 6
13 26
399 9
465 12
70 14
144 3
13 27
158 14
203 25
39 13
48 5
123 23
328 2
6 32
29 14
308 12
491 24
433 1
249 2
153 22
275 24
60 19
318 1
396 24
341 18
188 21
23 14
183 10
92 4
297 24
393 8
447 4
128 8
476 32
129 16
45 23
479 12
42 24
172 9
315 5
75 19
253 17
368 3
150 15
474 3
430 22
254 9
101 9
108 29
256 24
408 28
138 19
255 23
182 19
468 25
291 26
203 15
342 10
181 3
381 22
141 30
371 15
38 4
127 21
252 31
380 11
34 26
397 1
400 7
67 15
279 9
260 9
455 17
254 7
296 10
140 24
296 6
182 13
185 29
478 8
395 13
447 20
78 15
68 22
273 6
196 19
46 12
235 4
260 13
486 15
474 5
195 29
339 12
454 19
388 11
311 2
491 13
210 29
99 9
250 16
467 21
126 28
104 29
364 28
201 9
474 30
30 16
147 24
396 4
242 3
234 4
417 4
160 26
496 11
106 17
334 16
394 27
436 5
319 11
416 31
351 10
397 32
409 23
99 20
346 1
291 7
96 27
154 20
184 10
366 21
98 23
65 31
157 16
192 8
2 3
50 12
200 2
436 5
192 2
116 17
78 14
115 6
316 1
281 27
122 22
344 3
48 20
414 28
259 5
383 28
415 9
167 19
82 18
427 2
340 14
310 21
4 9
294 3
397 18
22 18
423 13
440 18
272 21
26 2
161 16
345 32
396 3
394 2
465 8
251 8
65 20
72 16
188 22
239 4
291 16
305 14
124 9
35 27
449 12
480 22
24 24
389 19
186 6
396 14
305 22
305 1
410 17
141 5
94 3
385 12
342 29
449 13
137 24
63 2
99 2
47 30
69 11
393 18
420 4
108 28
490 20
296 3
140 12
199 9
18 15
469 31
476 13
27 16
456 17
49 7
334 7

