256
7 20
340 32
180 3
429 30
7 20
54 9
222 31
288 24
457 23
266 6
47 20
240 14
276 21
21 22
340 10
18 6
22 17
38 17
119 2
219 5
173 16
258 18
87 21
409 31
471 2
364 29
442 28
231 29
496 7
206 19
5 27
385 14
283 30
78 29
91 12
230 19
272 15
8 10
235 13
252 13
294 12
74 3
71 20
155 22
54 16
105 10
286 1
139 20
114 21
321 28
216 18
318 27
388 17
196 2
445 12
178 11
267 23
177 29
406 12
106 4
395 26
221 5
402 4
452 23
428 8
422 23
173 31
334 24
268 21
33 12
32 7
302 22
313 3
486 7
14 4
30 8
153 22
292 23
313 4
273 16
367 31
87 4
137 24
451 12
4 20
468 12
46 13
333 22
451 19
428 28
262 5
224 18
411 15
172 19
110 21
315 29
343 9
16 15
24 26
235 11
301 18
414 6
26 23
408 13
269 23
292 30
348 11
147 22
382 23
332 11
467 10
319 29
102 6
491 17
152 5
4 12
482 17
2 20
15 13
336 15
299 7
164 30
494 27
107 11
481 27
69 27
288 28
311 22
73 1
366 32
82 1
380 27
138 29
422 24
345 13
287 11
236 18
141 5
112 27
307 28
37 3
242 25
114 12
418 31
57 19
114 18
4 9
200 5
77 26
496 13
230 2
416 25
84 32
45 31
6 11
139 15
430 16
71 11
136 20
285 8
474 7
329 25
243 4
321 20
353 25
240 3
450 23
399 13
414 24
228 16
498 6
166 15
449 4
26 16
427 2
275 28
208 15
81 23
335 17
122 15
421 9
269 3
220 12
403 21
315 26
404 4
199 1
295 20
8 12
83 26
481 26
186 21
312 10
343 26
370 20
333 3
176 25
13 27
324 19
380 6
249 19
154 11
56 28
298 23
471 1
497 19
90 6
195 1
151 17
399 8
352 3
14 32
35 14
126 31
293 9
200 13
492 13
191 15
4 21
109 14
73 21
129 14
342 7
414 8
212 8
216 27
394 25
294 5
107 20
491 7
128 6
291 23
395 9
17 26
25 10
76 17
286 8
110 24
378 12
471 5
187 14
4 29
119 25
65 13
68 3
475 8
96 5
18 26
301 3
92 10
216 27
274 9
370 24
480 15
259 31
188 21
340 19
229 18
339 17
34 23
199 16
306 27
476 27
488 1
61 7
102 8
245 3
129 2
462 16
65 28
410 4
369 26
294 1
59 32
94 9
390 4
452 19
290 12
370 18
56 10
356 21
410 25
235 2
270 17
349 10
268 31
289 28
212 2
289 2
66 14
66 23
377 2
2 15
297 23
444 24
356 23
360 17
455 2
6 9
142 3
410 30
465 31
101 24
132 21
297 1
122 3
4 19
232 1
165 16
431 32
231 22
462 18
403 5
35 24
493 5
262 30
290 26
304 26
253 28
131 10
336 16
412 19
250 15
47 2
22 9
225 4
263 23
193 5
307 7
424 7
107 22
256 12
115 32
490 32
199 20
417 22
371 20
225 5
322 27
238 31
248 7
446 2
353 22
378 23
216 1
161 7
190 32
274 5
327 23
172 25
234 12
263 13
119 23
429 32
109 22
134 20
332 31
69 24
216 26
194 15
451 10
309 16
474 7
296 8
345 23
29 7
406 15
387 32
129 3
315 21
332 28
297 20
26 29
347 13
15 25
376 17
450 16
456 11
118 20
75 19
70 19
245 12
97 11
203 5
445 10
313 4
317 1
439 31
326 2
287 20
382 6
156 27
50 3
106 11
66 24
481 32
486 21
315 10
207 21
10 11
386 6
131 3
283 5
249 4
58 11
151 31
49 26
474 6
268 31
116 18
110 13
321 31
25 27
380 32
3 21
86 13
62 24
295 32
137 15
155 2
429 25
337 9
462 26
130 14
240 30
267 13
194 15
147 10
73 18
153 23
266 19
19 31
306 17
375 6
59 1
340 24
186 8
168 11
337 14
80 24
395 22
128 20
136 14
9 12
151 6
339 4
252 5
94 1
22 32
499 20
349 14
419 26
365 11
384 21
88 28
480 2
365 15
273 21
232 17
412 26
294 2
297 13
107 30
454 28
210 20
207 30
493 26
147 21
416 26
261 27
197 20
336 6
50 16
414 29
92 25
162 22
75 18
282 1
51 15
160 12
390 10
21 2
195 31
90 6
49 30
464 13
293 27
10 18
110 11
122 10
100 3
439 30
92 32
58 3
159 25
106 16
138 23
282 5
497 7
146 13
425 10
494 21
464 11
411 14
278 20
127 25
19 21
254 10
488 19
456 2
231 26
398 12
40 3
404 4
253 26
285 13
215 10
246 6
132 8
103 9
391 9
489 17
497 22
223 17
256 6
334 18
91 3
58 14
113 13
370 14
214 2
394 8
431 27
106 30
498 32
27 29
141 7
1 5
461 7
473 4
401 7
406 11
241 19
325 14
275 10
71 5
199 20
268 21
159 25
394 16
285 24
248 1
287 25
413 27
471 26
314 11
44 19
66 8
33 14
341 4
287 15
500 1
79 19
465 17
492 6
244 4
130 12
52 28
240 8
366 2
201 19
285 32
102 2
380 10
443 28
145 5
335 20
65 13
411 25
1 18
90 28
381 27
439 24
338 10
247 11
92 32
86 24
395 3
429 6
24 7
346 25
303 12
312 15
444 18
99 20
327 4
391 23
259 22
490 20
359 13
3 10
388 28
177 10
126 25
408 9
179 17
169 9
136 13
199 19
54 29
226 1
337 20
87 31
149 5
42 8
17 16
309 28
483 18
37 8
442 20
461 9
48 17
453 31
109 8
465 27
152 22
395 4
10 17
434 18
261 20
165 5
371 10
32 14
163 5
313 4
364 5
428 28
254 29
298 18
236 11
228 7
156 6
79 9
307 12
323 11
191 19
196 2
164 15
415 22
499 3
134 11
204 5
478 29
293 31
170 4
241 26
471 9
223 21
61 21
264 11
448 31
426 15
16 25
73 14
119 16
212 8
286 23
164 31
371 13
389 1
188 6
494 26
26 24
58 30
97 14
173 12
276 6
390 11
390 22
424 12
385 7
111 30
402 31
432 16
83 25
16 26
450 9
280 11
77 1
116 13
158 16
420 25
89 17
427 19
122 26
338 11
189 17
28 30
75 4
213 25
132 29
278 25
441 5
259 5
246 10
393 19
14 8
40 14
472 14
432 30
20 30
304 8
70 15
149 28
142 17
152 13
293 5
205 18
338 7
306 15
41 7
189 10
214 12
359 6
398 23
483 1
264 10
328 1
468 12
328 10
188 15
234 9
259 27
418 28
105 15
30 17
273 11
254 3
150 17
376 15
459 10
315 26
495 22
54 10
469 21
423 29
211 9
341 21
447 30
417 3
184 26
252 1
368 13
295 26
321 10
416 3
379 23
500 5
76 21
186 13
137 1
53 11
117 13
168 11
2 16
465 21
85 32
493 13
73 23
174 9
160 13
24 18
171 7
262 15
428 4
143 4
260 3
115 12
439 14
290 24
69 2
476 5
174 1
457 14
107 22
342 23
219 1
156 5
388 30
339 3
69 13
82 4
27 20
407 29
329 4
256 29
153 32
50 6
200 18
275 22
488 9
276 10
481 20
298 16
53 1
386 17
321 24
152 28
367 2
164 12
105 12
444 9
3 9
287 10
203 1
211 2
177 11
247 18
122 24
229 14
384 19
146 5
286 17
404 20
206 23
51 22
190 7
418 12
43 12
245 9
265 20
138 21
146 20
154 27
132 7
144 3
349 5
71 2
289 6
341 6
97 20
155 30
90 24
478 8
128 30
229 16
381 26
388 14
454 10
496 25
424 15
451 8
483 2
461 7
51 29
468 3
44 6
433 9
398 10
117 1
335 1
120 24
414 19
93 7
48 13
303 11
431 26
298 14
479 26
388 1
411 32
28 6
181 4
439 2
73 31
306 19
103 17
122 24
284 15
87 31
7 29
6 21
494 27
202 16
413 22
205 11
297 20
128 25
395 30
407 3
324 28
225 26
489 31
146 16
413 16
454 7
472 23
207 2
114 29
141 6
202 1
52 6
280 31
326 10
301 24
140 24
148 1
254 32
63 3
111 11
482 28
97 29
227 11
270 4
415 15
69 24
459 24
465 3
2 27
412 18
78 24
278 5
120 27
64 22
281 18
212 14
90 16
214 32
314 8
7 1
246 11
48 4
398 21
294 23
7 18
53 32
109 18
13 32
212 8
113 8
102 20
457 7
483 30
210 28
357 8
228 26
142 20
158 19
140 3
289 22
8 17
81 28
374 25
47 13
21 15
280 26
334 8
16 4
258 5
316 10
292 27
68 29
170 1
175 21
379 23
306 23
8 31
206 9
331 13
318 23
115 9
176 29
185 15
320 22
119 31
259 30
382 2
194 7
254 8
212 5
183 5
371 6
107 12
422 26
32 3
344 19
40 32
299 28
414 14
369 1
105 15
442 6
305 24
36 18
207 7
42 29
468 16
282 14
340 16
215 19
146 23
369 29
430 19
112 3
285 8
227 13
311 1
374 7
360 29
24 22
212 14
159 15
181 20
456 24
347 3
95 21
81 15
381 14
482 9
408 2
324 19
358 6
7 31
100 10
195 4
135 30
393 17
436 13
85 8
297 7
414 15
127 2
57 12
59 30
352 30
359 3
100 12
309 2
150 20
175 5
235 10
102 7
454 14
52 30
133 24
25 30
442 31
391 2
10 13
240 29
414 30
388 26
166 8
175 19
307 6
363 18
363 25
20 8
206 11
410 26
122 10
235 7
436 21
265 18
277 8
10 10
101 13
407 14
148 30
285 15
135 23
348 17
315 23
368 20
142 29
209 3
62 3
30 14
271 18
499 23
149 12
89 29
109 3
71 12
280 11
62 2
353 25
466 16
480 10
39 17
462 16
87 12
246 28
225 9
113 23
63 5
82 31
66 26
350 12
150 1
490 31
247 22
472 20
213 7
397 8
423 3
203 9
234 8
477 6
316 17
32 15
54 29
233 23
359 14
254 28
415 23
70 17
288 17
76 17
343 1
104 13
183 14
126 16
457 26
77 5
394 16
355 31
424 31
417 2
373 22
141 27
116 23
151 24
103 14
256 30
50 31
414 16
368 31
499 32
344 19
448 2
34 22
388 14
93 21
443 1
178 12
455 22
498 5
49 8
182 20
249 32
14 15
315 29
53 14
408 5
240 32
190 2
361 5
287 9
85 29
121 3
16 3
408 9
31 4
317 25
259 21
148 8
227 6
356 16
127 31
232 19
470 25
344 19
349 2
487 22
62 4
48 6
34 15
294 13
262 30
481 8
27 28
143 21
441 18
236 20
112 23
138 14
239 25
116 12
166 26
225 23
61 24
8 3
430 10
363 23
115 19
62 25
174 12
246 14
405 17
385 12
300 6
301 22
58 24
477 23
222 1
450 14
176 9
80 29
462 30
147 25
488 16
217 29
263 30
331 23
295 11
387 22
441 27
131 14
307 12
221 4
12 18
13 4
330 1
144 12
238 19
220 14
350 20
442 29
250 20
483 32
339 21
489 15
408 31
480 2
282 32
297 22
73 21
333 11
105 24
398 19
470 25
124 12
256 9
136 29
189 26
252 27
487 16
9 30
63 4
163 24
40 3
137 20
119 5
218 12
1 19
122 6
287 29
493 23
161 24
251 1
98 15
79 32
94 3
181 12
427 27
500 10
301 16
281 19
309 27
346 17
317 27
130 24
63 7
498 28
102 32
424 15
250 23
134 12
441 10
499 31
8 26
36 32
338 5
431 30
315 16
306 11
447 3
86 1
261 15
232 7
183 24
413 28
362 3
479 6
212 30
373 16
179 12
231 32
224 1
13 14
141 10
373 27
309 26
95 21
245 23
283 23
38 16
62 27
242 25
52 29
370 4
24 12
184 27
268 31
267 8
149 11
302 5
345 30
182 32
30 6
470 13
56 3
8 14
257 13
362 28
53 27
436 21
482 15
35 17
377 9
381 25
60 10
397 24
495 27
195 24
208 12
336 28
22 31
85 10
443 14
438 20
380 5
128 13
195 22
314 31
314 22
448 17
431 20
277 5
126 31
448 14
487 32
301 24
330 17
286 9
34 7
324 5
299 3
477 29
464 14
267 21
39 18
150 1
262 14
393 19
100 1
424 22
180 8
94 29
312 15
133 21
305 32
461 31
258 10
299 25
431 21
498 26
131 19
290 12
128 31
334 11
227 30
313 30
185 14
266 29
488 31
45 16
58 10
450 32
295 8
388 9
164 5
398 2
87 28
241 22
222 11
441 24
184 1
205 12
362 14
68 9
220 25
344 10
118 5
445 20
244 32
192 7
273 30
405 27
129 21
73 18
71 17
1 6
469 29
326 30
174 25
382 22
5 29
23 18
221 7
237 12
2 1
74 10
370 26
485 22
327 21
51 13
273 15
355 21
255 4
274 20
424 23
25 13
83 7
254 19
69 3
470 19
123 15
196 32
225 32
193 23
88 27
299 24
293 21
304 19
184 29
30 20
83 15
388 5
157 29
23 2
335 20
148 1
239 15
300 11
375 20
13 2
234 3
26 22
316 5
128 15
258 14
106 20
64 1
209 16
338 15
445 28
279 4
481 5
287 28
331 1
124 15
326 29
357 27
87 8
32 26
23 1
223 24
480 2
177 12
358 22
475 2
37 29
98 13
121 24
1 15
248 24
349 25
184 13
128 6
81 19
336 11
299 6
434 6
196 26
22 25
475 12
206 32
100 31
232 8
390 20
374 13
59 18
62 31
130 25
216 18
199 3
164 29
461 30
478 16
207 19
60 6
494 1
45 5
272 16
164 21
64 1
150 14
462 7
68 16
251 16
301 9
186 29
149 26
414 6
5 16
125 16
5 22
385 25
63 16
381 6
168 12
467 5
417 24
231 5
19 9
120 8
281 5
488 21
7 29
407 7
224 19
279 1
500 7
481 2
22 1
492 25
156 14
210 5
237 8
409 12
273 28
279 1
36 22
186 30
18 16
405 29
474 27
25 9
49 22
239 22
218 18
462 2
39 11
298 3
463 14
382 3
85 32
491 8
277 24
14 6
119 10
91 8
156 31
269 4
472 27
125 10
88 6
267 10
109 16
252 3
121 26
9 5
497 7
28 14
379 17
271 5
162 21
293 29
476 29
372 7
419 24
340 2
286 26
483 14
169 22
168 5
423 20
197 8
378 21
45 24
117 7
457 31
28 9
299 15
13 27
153 27
370 5
288 15
450 6
252 7
207 11
111 10
298 20
49 24
32 5
135 12
259 11
130 6
43 5
492 23
451 9
337 16
489 12
179 10
245 26
260 12
53 27
81 2
30 5
81 21
425 8
412 19
10 10
173 5
470 12
459 12
160 12
91 32
271 25
290 8
403 25
319 23
123 7
360 32
231 17
416 19
8 20
41 9
221 29
421 10
81 8
313 28
379 15
444 9
376 5
16 26
485 2
436 16
436 7
463 18
235 3
24 14
410 9
463 18
333 3
375 13
466 15
357 28
441 4
345 4
236 20
445 4
398 12
383 29
175 2
351 9
428 18
207 25
142 13
22 31
403 4
91 25
82 19
64 14
98 24
42 29
472 14
109 1
218 19
53 12
188 11
4 23
481 10
155 22
378 24
300 5
423 31
353 12
189 16
230 7
176 11
323 19
108 3
15 17
274 15
68 9
174 16
428 22
133 14
127 15
462 31
347 32
21 15
444 13
114 5
347 5
295 22
287 6
304 9
79 13
72 18
390 17
421 21
250 26
102 16
120 7
6 26
3 10
16 18
235 5
470 9
122 4
306 32
369 22
265 31
390 32
149 23
432 17
447 21
326 13
408 17
315 18
114 25
291 17
466 17
462 31
162 31
402 23
46 11
280 6
273 14
497 25
448 20
342 15
312 19
499 12
316 13
337 13
334 23
262 15
356 19
86 1
9 15
335 14
461 3
216 2
284 24
154 19
344 3
181 19
366 27
78 25
344 26
461 13
245 2
327 24
296 8
468 4
399 14
62 15
120 5
444 31
192 10
190 7
296 18
246 1
401 23
193 20
89 30
272 1
79 26
284 19
362 15
382 24
108 7
322 12
423 22
482 7
67 27
205 10
393 6
375 25
273 3
240 13
72 11
397 31
312 4
229 5
486 6
136 13
405 2
172 23
75 2
145 21
28 10
354 8
299 8
416 11
499 11
135 10
369 3
424 25
414 24
57 23
262 25
344 10
2 27
48 16
20 29
420 24
394 1
319 20
205 31
319 19
93 21
476 30
188 4
346 29
51 18
352 24
446 23
181 3
61 1
226 13
273 21
332 2
122 2
61 30
88 19
232 9
184 11
346 31
458 27
323 9
444 14
172 22
72 1
40 21
285 10
417 29
114 4
74 19
101 18
264 5
217 31
221 12
406 18
122 23
108 4
75 23
174 31
144 21
303 4
81 31
153 9
347 10
448 24
353 17
257 12
89 13
167 1
224 20
226 1
138 29
493 9
87 22
163 31
262 5
118 19
403 14
43 29
387 7
372 19
243 28
411 11
453 9
491 32
500 28
373 5
252 5
53 10
30 19
272 3
31 9
337 25
362 16
385 13
426 8
43 12
384 29
350 12
381 32
363 32
111 11
73 18
451 17
403 8
192 3
475 26
119 31
7 1
394 7
433 3
147 11
190 18
132 3
69 12
82 7
96 28
370 16
257 32
144 8
152 3
390 18
57 20
492 15
340 30
305 32
408 3
303 14
36 18
488 16
297 18
239 8
465 8
411 26
279 23
85 14
241 10
259 21
333 15
211 17
340 24
500 11
22 26
344 14
87 8
365 8
105 19
479 5
414 6
142 1
148 30
474 20
51 13
37 4
187 11
408 6
318 3
124 28
61 8
101 7
3 5
234 7
272 29
175 17
306 9
377 29
394 31
192 13
287 24
328 5
31 3
350 4
345 25
391 1
292 7
256 14
308 21
252 3
53 31
263 18
95 4
162 12
194 30
284 12
285 7
304 23
49 25
15 14
477 25
150 17
248 21
266 11
246 18
485 26
296 31
156 22
90 25
229 3
22 25
466 11
475 29
473 8
125 27
269 6
244 2
74 19
175 19
397 32
208 9
69 19
479 4
244 9
245 9
55 18
337 25
276 31
141 29
186 10
439 26
219 10
224 4
376 18
334 24
21 26
152 9
248 7
17 20
403 9
316 25
230 28
477 22
166 6
458 32
235 8

