256
172 3
295 13
478 7
185 14
438 17
77 12
159 26
150 22
259 4
471 28
25 8
367 3
76 8
378 14
358 27
162 21
222 24
110 11
478 14
133 11
378 25
187 29
26 12
162 13
352 16
24 8
347 2
406 3
437 7
68 18
234 17
175 31
36 8
5 5
429 1
132 18
198 6
194 11
153 31
211 32
338 30
231 5
179 16
107 7
123 22
113 24
254 31
14 13
422 30
5 26
7 32
155 24
305 25
278 22
55 25
313 5
278 28
429 21
31 15
423 1
264 19
64 9
173 13
9 22
447 5
443 9
353 26
8 9
150 1
466 8
477 19
300 15
26 20
211 24
466 29
413 5
20 16
449 32
405 1
138 7
322 4
155 10
381 14
182 14
150 16
438 7
278 1
233 15
169 23
210 22
279 30
67 2
302 7
194 10
472 23
56 13
114 30
170 23
223 7
228 24
498 25
350 23
106 18
281 14
228 11
111 27
316 29
360 21
192 29
322 11
87 13
11 13
290 12
47 20
30 6
88 8
143 9
358 24
223 3
373 2
129 7
160 20
12 24
413 7
424 6
421 7
315 7
63 28
110 21
172 3
234 27
222 24
47 8
475 29
218 19
275 22
34 26
493 29
157 17
451 5
343 19
295 9
301 29
464 10
317 19
252 10
245 22
278 16
405 16
116 6
451 10
171 28
176 3
380 20
272 26
264 10
52 2
474 4
414 21
113 14
276 24
132 20
41 25
15 9
12 15
270 10
20 8
297 27
455 28
379 30
357 6
191 32
52 24
111 5
452 15
399 19
291 10
247 19
142 9
480 9
243 9
319 15
41 23
161 27
143 23
72 7
33 30
111 4
425 9
400 32
148 26
455 30
31 25
472 4
313 11
29 24
404 31
22 4
313 14
290 7
73 21
10 1
474 20
40 6
192 11
477 19
89 23
128 7
483 32
495 16
254 23
55 29
73 12
452 9
109 29
44 29
453 29
137 2
24 32
175 11
467 12
406 15
434 13
229 17
336 31
64 22
449 6
98 9
397 18
258 9
290 1
38 31
353 2
372 12
54 7
442 12
402 19
278 19
84 14
103 11
81 2
360 1
135 18
50 23
359 27
240 16
459 5
94 23
154 14
390 7
216 23
78 5
382 11
451 9
361 26
87 5
71 19
321 2
108 14
440 6
28 23
317 2
307 3
500 1
228 25
19 3
424 25
411 25
303 29
473 27
266 19
455 17
209 4
246 8
497 9
281 25
216 2
214 26
360 18
186 19
454 1
233 25
153 27
385 27
355 17
322 13
120 20
161 8
51 14
144 8
442 28
276 21
225 25
235 32
202 8
226 20
476 6
236 32
100 29
287 23
181 16
279 16
235 31
480 26
196 7
37 1
250 32
498 31
300 4
262 2
3 16
213 19
297 32
310 21
272 12
55 9
55 13
456 30
123 15
427 22
409 23
306 23
126 11
189 13
386 18
482 25
289 2
219 22
494 28
186 29
124 20
421 2
424 29
171 10
311 21
363 32
263 20
434 32
323 10
17 12
423 26
448 28
44 14
1 29
194 26
5 17
277 30
198 12
302 17
97 4
317 19
387 16
330 24
171 4
145 27
212 28
389 19
483 16
177 7
172 10
372 4
38 12
453 11
199 26
455 11
70 32
457 32
55 2
480 29
290 24
264 21
395 12
11 9
435 7
63 6
408 14
485 9
433 10
384 15
43 14
129 32
313 21
272 27
75 23
444 28
78 15
68 1
210 22
201 20
469 24
453 12
49 1
25 30
226 8
316 13
97 5
84 2
381 11
480 15
309 19
22 15
129 25
211 26
371 23
185 11
378 5
66 19
278 10
112 15
349 27
327 6
223 7
59 24
469 2
410 18
461 16
16 21
372 14
131 22
340 27
432 18
156 22
348 5
439 19
491 16
89 14
85 12
80 27
267 4
32 8
177 16
311 20
433 31
121 19
128 5
81 20
30 12
261 25
372 7
391 3
338 23
384 10
142 3
416 4
362 32
140 27
291 2
434 19
188 15
137 20
367 18
79 8
305 15
476 13
389 10
243 11
196 30
352 2
440 24
449 5
419 16
395 5
242 13
284 17
235 28
96 13
341 10
348 10
364 19
26 13
392 4
183 27
245 10
128 32
153 1
188 23
368 3
132 1
263 19
390 9
38 21
301 27
11 8
376 22
174 25
330 21
372 24
3 28
250 11
3 2
411 30
325 26
476 20
239 14
74 12
86 19
316 10
341 30
237 16
404 10
320 21
326 3
301 13
10 14
163 24
303 1
406 7
202 21
434 20
471 31
419 24
470 31
146 30
264 18
378 15
144 21
104 25
92 16
1 21
305 27
317 11
87 2
234 21
306 11
80 24
378 7
36 27
437 17
8 32
414 5
71 29
434 18
378 17
281 26
477 29
245 17
191 15
218 24
323 8
147 11
151 12
105 14
222 21
70 29
296 32
466 2
40 27
391 17
423 19
351 15
255 31
44 22
277 17
73 16
136 15
206 23
446 10
28 31
54 2
100 17
81 29
67 28
463 5
93 1
480 23
487 6
37 14
383 1
495 8
116 22
378 9
472 16
482 16
194 15
97 9
88 17
357 18
352 27
314 24
407 13
386 10
231 2
127 13
439 21
272 18
455 10
79 22
177 12
277 6
151 21
163 26
105 19
95 17
42 32
400 8
53 22
397 31
59 8
247 25
496 31
107 6
372 5
80 32
448 32
121 10
433 19
39 25
358 13
493 19
393 17
50 25
30 11
79 28
322 1
141 13
47 31
471 6
283 14
21 18
109 10
180 1
128 30
430 1
55 2
235 23
18 13
95 23
83 5
339 8
349 7
424 4
225 6
17 7
499 14
88 32
179 19
500 18
189 25
495 27
407 5
41 12
365 31
323 7
159 21
54 7
491 2
106 31
427 19
425 26
12 28
33 22
335 24
199 31
17 25
469 11
274 9
198 14
347 24
141 9
384 2
67 6
375 25
292 10
147 8
79 10
432 27
51 18
198 5
492 2
146 8
488 27
320 2
260 22
409 28
22 5
298 12
370 32
112 14
177 14
81 11
119 24
69 21
129 23
122 24
332 23
79 4
389 14
357 24
415 29
252 32
261 17
228 11
424 15
144 25
301 12
207 19
236 8
292 12
394 1
188 21
383 2
396 7
368 28
122 18
369 17
422 25
273 29
111 17
339 26
149 7
478 11
410 9
482 1
280 15
169 23
304 23
437 27
25 8
451 26
289 15
371 10
151 11
62 10
191 17
15 3
391 8
46 16
56 31
204 4
106 16
6 17
126 18
107 2
449 1
148 18
79 6
151 22
12 1
343 11
465 1
41 7
349 26
7 24
317 6
295 6
286 21
182 27
446 32
61 31
49 24
188 15
77 10
60 12
402 2
142 26
111 3
221 11
472 23
418 20
140 29
61 17
365 14
188 22
382 8
260 14
307 3
112 27
137 32
322 22
277 28
256 3
350 16
49 25
406 15
109 1
179 5
174 27
263 29
408 32
108 4
277 2
466 8
500 18
263 1
492 8
488 23
278 25
74 23
158 11
293 30
375 15
286 28
69 20
408 24
43 27
495 31
484 1
59 23
266 13
8 25
64 19
3 30
184 20
168 29
406 24
458 9
486 27
180 14
143 28
381 1
158 32
356 18
40 6
476 17
438 31
414 6
182 24
195 29
344 22
205 9
25 18
233 18
108 21
63 26
204 3
435 5
170 26
354 1
407 30
218 16
368 27
197 13
46 23
413 29
104 1
342 24
482 22
489 30
338 7
339 25
198 17
254 11
266 19
280 8
492 29
368 12
127 12
408 8
159 1
265 14
289 10
94 19
31 14
212 9
337 6
261 30
27 30
252 32
325 19
316 32
379 31
27 5
302 3
29 12
107 17
426 3
102 31
369 24
452 4
352 32
334 1
173 32
478 5
151 14
307 6
470 6
352 24
42 14
134 22
465 28
66 18
339 31
260 19
151 28
343 22
203 32
114 24
35 20
152 29
97 18
355 14
495 6
266 1
211 31
458 12
491 28
65 25
42 13
91 16
240 1
398 2
460 27
169 30
306 20
383 15
482 29
320 28
294 1
364 21
336 18
180 26
49 28
210 6
272 28
486 15
85 27
305 28
245 9
390 3
497 20
305 2
212 12
157 17
413 25
361 12
46 4
425 22
340 22
387 7
285 16
474 13
458 6
117 31
454 2
457 10
481 17
131 4
88 8
48 8
12 25
99 9
152 23
354 27
8 24
454 29
316 23
365 17
56 17
179 9
338 15
163 6
451 29
361 27
284 29
390 3
169 21
55 16
215 8
163 23
204 12
219 7
394 27
495 29
416 6
161 29
12 23
275 19
320 11
353 23
395 14
102 27
434 4
439 13
268 21
223 11
420 21
193 1
375 7
465 26
212 1
395 32
152 25
390 11
155 30
425 10
39 26
168 13
34 14
473 9
58 27
475 1
135 3
493 29
353 29
151 21
286 13
344 21
65 5
407 7
30 31
472 12
357 20
40 22
97 16
394 3
58 16
483 24
34 4
53 26
284 11
154 29
451 1
357 27
433 15
85 6
446 17
382 6
48 9
395 4
285 24
150 2
7 9
386 24
312 14
277 11
196 31
368 14
131 24
12 4
487 8
377 20
4 26
437 27
31 19
399 27
322 4
360 16
32 21
367 23
238 23
142 25
277 9
78 20
232 13
175 6
37 31
353 12
161 17
147 27
323 5
209 12
92 16
323 20
17 1
170 6
36 11
187 12
171 4
423 19
57 21
324 5
148 17
336 12
169 22
54 4
26 26
339 2
33 10
445 13
202 30
155 1
481 17
253 27
308 11
405 4
272 5
308 19
109 24
282 21
125 3
472 7
448 7
472 4
176 28
381 25
233 3
318 1
79 6
68 6
96 8
102 15
404 17
341 32
404 30
493 21
308 12
383 27
478 2
87 1
121 15
382 21
353 19
270 3
120 17
168 7
160 17
138 4
382 22
279 9
304 23
17 19
87 23
70 20
252 12
69 20
326 14
77 10
500 30
312 23
34 19
389 5
452 18
460 5
208 11
173 27
9 10
325 3
440 26
363 24
253 11
415 30
380 19
459 23
40 18
201 29
101 9
470 8
467 9
440 2
167 24
36 20
301 8
474 1
106 12
136 6
266 2
288 13
245 10
227 4
368 15
209 32
368 2
75 18
106 18
211 29
125 14
300 10
309 5
222 22
461 1
476 6
406 31
223 22
360 21
286 3
228 26
398 27
375 8
132 4
337 30
456 2
291 15
91 31
232 20
217 4
168 16
417 21
306 27
427 21
440 4
96 19
261 25
465 23
169 24
466 25
493 26
318 31
380 4
85 27
423 17
302 10
344 7
367 13
61 9
18 16
60 25
370 8
309 14
306 17
485 23
334 25
396 3
111 24
411 20
238 29
200 16
275 4
462 5
44 22
489 17
226 24
25 7
367 26
133 28
162 25
146 19
446 2
146 8
169 28
455 10
92 31
297 30
50 14
62 17
484 14
6 9
97 10
7 3
215 3
338 13
460 16
371 13
377 20
16 9
127 15
302 7
477 11
288 14
60 6
470 27
251 31
103 24
357 18
14 11
304 24
447 15
39 22
371 23
389 15
311 24
209 16
438 9
62 1
414 18
278 19
16 25
62 15
228 26
432 9
488 19
296 27
350 6
308 28
100 24
458 26
63 6
374 12
54 3
429 3
408 18
202 32
86 7
246 25
32 13
258 3
263 1
9 32
387 12
36 2
364 5
248 18
11 5
130 24
407 10
383 27
467 16
90 5
50 7
69 21
215 30
451 17
231 20
293 5
127 12
454 2
172 1
268 26
173 17
450 12
158 12
246 20
267 31
232 16
373 21
248 23
330 26
415 16
361 23
28 12
238 26
329 18
34 32
295 31
196 28
138 9
427 15
33 1
421 20
212 17
268 19
83 26
361 13
9 25
260 29
60 5
370 17
258 15
336 1
461 32
500 22
88 3
184 4
323 16
88 19
100 31
345 6
452 17
235 1
426 22
349 13
342 18
373 16
472 13
356 13
444 11
382 19
133 6
355 16
21 14
490 21
148 6
6 4
391 12
412 32
85 32
152 27
329 9
378 16
289 25
84 32
439 30
466 16
235 8
27 23
465 32
79 1
53 5
212 27
28 7
462 17
234 6
391 22
342 20
213 2
352 1
361 14
466 18
213 32
350 27
306 14
310 1
426 31
173 17
9 20
463 19
16 28
436 14
461 5
377 22
406 12
174 6
222 19
295 22
42 16
377 7
310 10
435 11
400 11
76 1
159 18
231 2
86 10
284 30
294 16
71 19
240 8
168 21
86 14
246 11
310 26
326 27
308 24
57 11
219 32
319 1
170 29
254 31
418 17
152 19
49 15
261 28
318 28
100 16
242 25
382 7
319 11
373 22
171 5
388 5
61 11
321 22
459 6
188 13
315 15
87 23
413 4
2 19
127 1
486 8
149 27
122 11
130 14
148 8
275 32
392 23
446 16
416 16
137 31
132 11
293 27
313 10
270 18
288 28
118 29
468 11
343 17
437 28
287 21
123 17
324 14
395 29
77 18
24 18
116 8
16 28
226 29
113 31
346 32
94 32
376 29
434 19
354 30
394 12
306 17
52 5
382 2
249 27
311 13
172 2
280 7
333 21
367 2
351 17
197 12
380 29
209 25
495 22
182 28
405 8
404 28
172 10
105 13
96 15
45 15
192 12
305 12
180 24
173 18
440 14
177 23
146 5
131 24
298 4
27 26
355 31
9 23
420 17
299 11
231 27
133 14
18 13
150 5
164 6
430 11
395 18
273 28
491 15
31 16
419 6
342 29
192 30
3 11
167 21
477 13
495 13
23 20
101 20
412 29
345 13
71 12
299 8
131 21
450 26
280 8
71 13
345 2
175 23
224 25
500 32
293 26
364 31
210 4
190 5
432 11
314 7
478 16
50 28
104 3
121 7
219 19
60 15
304 30
113 31
130 16
430 26
310 9
89 23
461 10
491 12
16 12
98 9
119 31
305 30
498 25
161 12
468 24
482 31
305 30
2 10
58 27
207 23
428 27
237 16
277 7
483 24
235 13
489 13
79 5
279 12
69 15
143 8
362 16
159 26
70 4
451 27
294 5
197 1
156 29
460 4
11 11
75 21
23 27
302 1
59 12
29 28
222 3
15 31
147 9
100 32
184 26
398 10
410 10
50 29
230 26
348 8
156 27
189 26
189 30
482 20
421 6
375 2
33 17
76 27
414 23
450 5
428 19
130 13
144 24
254 1
393 9
464 20
375 4
77 24
141 6
163 9
68 25
54 20
277 9
482 2
155 7
343 14
129 20
271 20
3 4
144 27
476 27
442 15
111 26
118 31
428 16
16 11
168 17
298 16
50 11
338 24
61 24
490 9
3 32
312 22
487 15
252 14
265 30
16 7
267 1
330 22
264 13
40 23
265 29
227 22
319 24
222 23
299 19
419 25
322 26
10 20
388 30
473 17
11 29
379 17
473 28
471 13
52 6
19 5
51 9
482 9
364 7
452 14
265 30
315 10
304 20
449 31
437 30
343 11
262 6
224 22
281 2
174 9
407 5
353 9
141 6
382 13
241 17
18 5
54 32
147 5
8 11
400 4
16 18
243 1
167 10
215 24
363 24
132 17
284 12
282 9
169 11
281 29
347 14
266 8
482 16
461 1
358 16
284 2
305 18
354 24
195 24
271 5
160 14
382 11
237 15
219 9
177 7
18 19
1 7
126 2
398 6
470 15
149 5
480 22
483 18
129 17
105 27
86 24
152 11
411 32
333 21
348 17
332 13
235 16
499 28
165 8
150 18
3 22
90 6
455 12
167 23
101 32
333 18
91 24
356 25
427 20
334 31
48 9
139 6
200 30
493 8
385 2
201 27
292 14
221 2
214 23
33 22
214 9
203 13
53 2
157 23
245 18
253 24
358 32
425 17
233 29
124 1
59 16
356 22
318 28
299 23
166 15
196 8
400 18
36 24
307 24
282 7
386 3
194 3
482 26
4 30
34 11
182 20
155 25
497 24
316 32
354 6
330 25
213 5
150 32
32 28
291 10
210 32
52 31
271 13
372 22
246 13
104 7
53 26
168 9
81 19
196 30
316 22
186 4
254 31
127 22
494 26
99 27
93 10
457 27
34 16
340 31
437 16
409 29
201 4
389 26
411 13
419 14
110 13
458 27
495 20
500 5
353 14
43 6
451 24
364 12
31 16
114 3
147 15
159 7
450 4
332 8
132 23
290 17
59 7
307 13
34 27
41 7
108 16
388 31
139 11
394 13
306 20
488 24
234 14
3 19
45 30
395 32
436 16
120 22
486 27
399 15
85 19
109 28
226 32
102 8
451 4
385 4
355 4
412 24
221 26
122 2
99 4
293 11
255 17
232 8
43 2
111 31
273 11
170 22
419 20
214 21
119 18
328 13
173 19
264 5
356 13
158 3
105 7
193 3
67 12
99 1
258 1
87 2
131 24
379 21
379 20
473 1
393 1
173 25
243 16
458 31
25 3
405 13
121 13
191 31
76 25
499 5
201 29
66 4
45 29
84 31
240 1
124 21
209 12
197 19
436 10
253 24
473 17
292 21
309 18
484 21
123 18
421 3
419 31
6 3
283 30
237 10
498 32
154 30
8 11
212 7
356 1
106 32
473 1
125 14
230 8
18 28
441 26
27 7
276 4
173 18
325 10
432 30
121 25
231 20
287 11
422 23
259 23
26 27
275 10
216 9
109 9
208 10
23 2
408 26
118 25
208 6
342 7
116 10
75 30
442 2
492 23
208 18
94 13
185 4
235 20
76 7
133 16
244 31
369 32
304 22
84 3
280 25
1 31
238 8
444 31
141 4
246 32
389 3
284 1
58 2
473 18
65 17
269 24
463 17
311 6
475 14
481 2
22 17
204 8
408 27
142 32
286 27
247 19
77 11
247 3
252 7
472 20
27 20
476 5
228 2
459 10
384 19
11 21
271 10
368 27
213 2
78 2
248 25
24 25
207 7
311 14
45 14
126 4
373 13
264 4
238 18
6 29
364 24
378 7
82 13
165 6
458 26
347 10
418 27
234 20
345 28
286 13
177 3
164 9
363 24
352 28
353 25
73 13
429 10
351 18
398 19
7 4
108 29
265 30
75 14
353 23
393 18
12 17
400 19
173 2
306 4
66 19
85 22
375 13
291 17
374 20

