256
403 20
238 7
376 2
87 29
492 2
273 13
117 32
472 20
169 7
16 13
329 24
385 32
83 5
135 22
110 2
173 12
173 18
83 32
451 25
120 22
471 17
326 11
88 9
238 17
339 5
301 27
140 21
174 15
106 9
208 3
30 4
78 30
493 32
250 8
385 25
237 19
465 31
441 25
359 26
161 22
134 5
68 25
498 10
347 19
50 11
21 27
138 2
280 3
110 21
426 26
102 6
200 22
76 8
118 11
21 22
336 30
443 15
278 20
144 29
246 9
383 26
475 20
215 27
354 28
487 31
169 28
145 32
6 8
211 31
6 7
105 17
236 15
96 26
338 23
490 7
488 28
200 2
447 26
420 5
90 11
283 10
198 7
330 23
499 16
178 32
123 10
49 26
32 16
371 25
86 8
155 5
287 30
239 18
119 2
386 12
416 24
170 18
447 31
168 13
390 29
152 4
330 28
370 29
47 16
81 17
156 19
409 26
440 27
27 7
157 32
470 8
432 7
37 22
489 1
26 19
401 13
94 3
81 19
295 19
407 20
463 26
314 24
355 22
222 30
16 14
293 13
302 20
328 14
305 24
42 10
398 11
359 32
377 31
306 11
417 20
250 20
125 4
455 32
169 28
65 20
406 25
372 31
285 19
396 21
219 26
271 20
84 21
459 16
419 5
482 3
180 24
418 5
147 32
340 19
252 32
202 5
112 5
215 4
476 14
485 2
251 23
13 10
235 8
145 29
440 19
339 3
62 21
479 4
332 10
374 15
221 27
91 1
351 21
80 22
119 28
223 9
22 12
55 28
411 11
260 30
177 23
24 6
59 7
297 30
320 30
325 25
448 31
225 23
424 28
476 22
72 3
262 9
138 16
349 32
15 28
101 23
410 28
133 28
126 5
210 18
303 6
190 26
448 2
400 23
421 28
264 20
278 10
437 11
341 1
314 19
96 6
102 14
389 6
325 3
366 2
16 12
67 29
270 11
174 21
237 26
396 13
290 13
378 10
439 14
362 32
129 5
221 10
314 6
167 27
328 24
24 27
404 3
251 9
457 20
45 13
369 13
397 26
465 14
235 16
48 12
211 28
257 20
257 2
393 19
60 32
306 24
266 13
26 16
85 6
291 18
378 15
422 11
21 22
252 11
345 19
55 20
326 7
339 18
232 31
356 4
302 14
79 23
74 20
434 15
289 8
492 10
234 29
144 30
354 12
361 23
398 31
458 12
77 16
157 12
378 1
303 11
378 9
97 7
188 6
313 20
105 20
494 2
272 17
92 2
236 8
176 26
218 1
209 10
280 1
453 29
229 4
187 14
340 7
409 8
164 9
355 24
81 24
457 12
337 24
329 4
351 4
205 4
488 1
213 19
130 2
275 2
125 21
168 16
447 4
343 6
500 18
229 8
397 22
284 17
437 32
305 12
468 17
59 7
478 28
426 19
141 8
168 1
365 3
80 23
114 7
273 18
324 25
397 32
390 12
453 27
292 5
466 15
321 20
65 6
147 14
256 11
394 12
255 18
462 27
420 20
461 4
393 24
397 29
355 10
321 7
316 20
267 9
222 32
9 22
89 11
480 29
146 25
472 32
482 21
438 17
212 26
445 12
33 17
245 8
330 17
398 30
28 25
130 5
456 2
90 28
145 29
92 2
145 31
41 30
200 27
27 27
80 3
219 5
15 15
204 12
379 25
193 2
117 15
210 8
460 31
172 28
220 27
97 16
178 30
342 13
320 28
491 11
42 13
363 16
23 26
103 25
167 4
10 3
470 31
411 1
370 14
385 25
196 25
304 1
322 21
453 13
216 20
40 13
4 6
16 27
320 23
427 18
266 13
472 11
7 30
15 8
315 7
168 19
84 8
235 21
468 32
46 12
483 25
292 18
338 20
364 29
278 31
494 3
431 2
129 21
403 23
17 10
246 28
432 29
7 14
85 31
57 18
362 31
418 1
377 8
164 28
116 29
382 18
187 4
131 11
453 17
162 21
102 31
152 21
439 19
51 11
485 15
357 26
498 6
202 30
233 14
465 17
158 19
162 9
362 20
363 14
324 20
282 30
134 18
310 12
296 20
447 20
467 19
329 16
428 6
189 5
395 5
361 29
203 22
101 13
313 23
378 12
43 28
265 28
297 27
100 16
434 30
223 16
52 15
67 7
432 11
491 7
464 31
435 6
224 7
82 28
201 12
376 7
323 16
271 19
66 10
414 24
119 4
103 22
390 6
500 5
128 7
351 31
45 13
109 25
171 22
8 16
353 27
466 7
375 24
497 20
309 26
291 7
249 18
448 14
267 24
311 6
290 29
337 2
298 9
454 28
486 14
43 31
196 1
217 18
448 30
362 25
327 16
35 20
249 27
65 23
134 19
409 15
240 1
460 25
41 10
208 6
227 31
68 30
315 9
196 22
350 21
222 28
60 13
103 5
443 16
175 24
394 23
350 17
31 21
225 31
74 29
301 20
387 8
426 25
4 1
314 21
29 28
29 24
144 31
100 14
150 23
13 16
209 10
380 4
374 9
162 28
241 6
451 31
182 32
179 29
348 4
38 20
231 2
316 6
48 7
311 14
189 23
445 10
388 28
489 30
132 14
209 8
112 7
350 1
387 28
329 6
224 14
110 30
283 5
180 15
191 22
232 8
165 24
481 12
203 29
165 23
118 1
58 29
236 4
225 14
139 26
207 30
419 12
168 22
296 31
236 27
40 31
218 32
346 18
460 8
18 20
234 23
349 28
216 28
51 16
409 29
345 27
255 16
487 22
169 22
472 8
268 7
426 17
419 27
386 18
170 15
353 32
390 25
47 25
488 25
396 28
489 17
363 15
356 29
16 4
130 23
131 2
202 16
86 4
178 20
349 11
226 25
102 7
254 4
71 5
96 7
489 17
411 23
179 22
403 3
493 4
385 3
485 22
30 23
409 27
246 13
405 11
310 15
290 23
6 16
7 14
30 27
38 12
401 28
409 3
114 25
39 23
375 11
288 12
445 5
314 10
305 11
365 22
77 6
380 10
365 7
35 11
85 20
38 18
140 23
492 13
199 26
455 10
405 15
181 5
143 27
243 3
417 3
413 29
112 4
278 28
382 29
426 11
236 28
156 31
262 15
184 32
29 14
237 13
84 30
133 14
116 31
25 28
185 9
228 8
432 29
476 22
169 9
484 9
216 27
335 21
137 18
141 17
156 29
449 27
294 14
317 17
160 25
144 13
129 3
492 12
80 23
77 24
72 32
356 3
50 7
468 3
208 12
203 23
484 16
306 2
85 26
242 8
314 30
292 18
460 8
205 31
454 30
139 29
341 22
368 23
36 23
429 20
294 11
310 9
134 27
110 22
440 28
166 5
237 17
46 24
444 19
87 22
32 13
126 12
422 17
466 30
179 26
405 8
377 26
453 30
385 26
432 8
413 17
77 13
257 2
49 25
224 27
450 3
63 31
331 8
272 16
145 22
394 21
478 14
319 14
483 3
343 30
378 28
214 22
460 15
280 12
23 11
346 20
462 12
102 28
96 1
291 24
27 20
493 20
157 27
285 12
365 7
405 6
86 23
400 10
441 19
53 11
33 27
138 10
158 15
341 25
464 16
345 6
167 29
345 4
351 25
315 19
107 23
308 1
41 19
238 17
237 30
147 2
392 24
319 30
23 16
6 22
143 6
179 1
390 19
336 24
3 18
306 9
73 2
5 21
24 18
446 25
236 32
234 7
376 4
232 30
211 26
439 17
143 13
366 1
139 21
124 9
351 2
453 15
247 26
387 22
51 8
382 26
276 7
469 31
19 4
104 29
289 14
286 28
158 31
168 24
351 19
140 25
424 16
327 22
253 10
144 20
249 25
293 24
344 13
26 10
313 17
294 13
170 19
236 23
81 3
326 4
46 13
336 9
113 3
195 5
228 10
372 28
66 5
352 1
277 9
326 1
210 16
394 23
402 21
410 19
384 27
118 13
52 17
101 4
467 19
380 30
336 32
374 30
268 13
366 20
453 8
337 14
15 2
393 24
62 18
102 13
388 31
77 19
172 14
306 2
176 30
36 28
289 25
265 32
133 22
303 25
173 7
99 19
72 11
307 30
496 20
78 7
127 3
26 2
36 15
287 15
368 2
222 8
230 2
415 30
320 26
151 20
60 29
383 8
443 17
265 2
448 14
172 22
200 1
223 31
380 26
446 27
35 23
107 21
209 9
330 16
442 8
223 2
432 9
133 10
497 13
15 29
294 19
370 10
87 9
80 2
306 21
65 28
248 31
308 4
43 2
335 9
321 21
486 13
366 18
182 22
70 1
158 23
439 4
208 5
324 8
491 13
16 3
172 7
77 24
70 7
173 28
103 1
313 24
449 14
261 3
391 6
383 21
193 21
280 28
345 3
391 31
287 31
93 22
21 1
141 15
140 5
346 22
158 26
34 18
187 22
292 10
124 22
182 24
494 21
271 3
267 22
229 5
420 2
214 24
342 7
234 9
371 16
427 16
89 12
338 16
253 21
409 28
303 22
247 20
254 6
338 32
31 23
276 14
240 29
93 25
47 11
266 14
110 32
297 2
3 30
29 11
467 9
187 29
378 25
268 7
302 6
354 24
24 9
485 19
470 10
47 8
108 12
285 13
355 18
118 21
419 31
464 1
435 6
5 5
434 13
147 28
230 17
271 13
481 24
219 30
389 9
170 20
429 26
416 31
239 13
344 26
179 19
394 18
308 23
130 21
375 32
32 20
480 3
60 9
262 30
114 26
394 11
497 26
441 12
309 15
296 12
40 3
310 2
292 21
36 9
413 26
400 25
365 24
99 12
44 20
201 5
361 14
144 25
120 20
120 32
466 27
431 10
241 8
143 16
60 2
156 4
439 32
268 7
287 22
78 22
77 26
338 21
427 9
145 14
268 16
325 30
383 23
443 7
198 17
359 25
466 14
433 12
421 24
410 3
418 3
388 22
468 18
283 2
410 23
292 22
43 28
115 17
75 25
399 16
493 13
233 26
123 5
65 7
364 22
454 9
312 1
127 19
418 9
24 12
187 3
209 5
283 19
357 17
379 12
480 19
216 8
32 18
228 16
85 8
421 2
76 28
230 14
362 20
462 1
179 21
52 31
81 2
209 14
42 27
45 17
13 16
437 24
450 4
343 26
459 11
423 27
346 28
440 19
3 30
91 13
254 22
419 10
327 27
123 8
269 15
93 1
279 17
28 32
44 30
113 31
484 19
241 13
390 32
387 29
285 18
73 14
471 20
76 30
322 14
17 3
217 29
75 27
489 27
74 1
176 18
239 32
424 23
340 17
214 11
57 19
408 22
240 2
325 23
27 22
365 4
440 1
4 27
427 13
321 20
229 12
389 11
7 8
149 23
328 22
129 5
212 28
366 8
413 2
118 28
39 2
187 15
62 30
197 28
386 29
339 22
364 19
432 19
242 32
273 18
294 9
454 29
436 15
308 32
360 2
139 6
259 25
228 5
219 28
160 32
292 15
70 32
429 21
378 27
285 26
240 10
50 1
286 5
363 10
184 30
75 31
471 13
351 23
5 13
122 17
377 10
219 2
421 31
150 26
169 10
299 4
215 20
452 25
36 18
150 27
387 12
245 18
56 16
56 9
220 25
281 8
294 23
393 10
145 31
363 14
180 21
73 27
212 21
99 31
42 20
170 21
323 18
138 22
213 13
494 29
73 22
232 7
272 13
284 1
371 19
434 18
159 30
296 15
382 30
321 24
197 6
204 15
256 17
101 24
237 2
456 1
220 24
379 3
164 23
463 14
13 16
83 15
254 11
245 31
328 10
262 25
407 1
395 6
9 11
186 13
145 17
406 4
328 20
58 11
150 9
376 18
268 23
185 5
41 29
360 8
198 25
96 21
438 7
322 10
41 23
191 29
500 4
400 15
435 6
22 1
182 17
450 5
207 18
174 7
267 13
319 20
153 14
272 30
108 2
388 5
452 30
185 31
229 1
482 23
98 7
451 19
399 9
79 30
238 32
56 8
136 18
172 17
492 3
230 19
240 21
451 28
398 24
346 18
424 7
141 29
181 31
151 4
195 5
389 1
185 4
288 16
170 3
460 21
254 14
463 9
10 30
36 20
401 30
237 12
60 13
48 17
172 22
172 18
482 20
298 30
3 26
338 12
396 13
36 1
42 7
346 28
264 13
163 24
466 19
43 14
128 10
118 11
491 17
16 24
200 14
342 26
103 3
78 2
179 5
351 9
315 12
124 14
280 18
297 2
36 7
123 3
132 12
165 14
380 9
446 31
198 27
484 28
317 29
149 11
378 31
419 12
46 22
122 2
31 30
423 11
109 17
433 20
488 26
214 23
482 7
149 23
149 12
330 29
193 14
163 10
181 26
113 22
475 14
403 22
4 25
424 16
221 12
203 4
157 4
278 6
278 14
20 10
58 13
242 2
31 13
23 7
338 31
288 20
73 19
21 24
367 8
391 20
4 9
147 24
213 17
150 22
202 25
416 23
370 5
212 32
61 2
462 22
221 1
414 13
439 18
220 30
230 10
245 13
406 7
244 30
19 1
108 21
266 19
331 31
31 3
238 8
128 3
193 4
299 6
344 22
392 19
395 17
376 3
205 14
85 32
399 32
397 30
176 26
380 30
500 7
252 21
206 4
287 10
283 25
356 23
26 7
41 32
219 5
262 19
50 11
426 28
302 18
158 29
335 9
186 2
151 26
422 28
169 12
106 3
497 21
429 18
207 2
294 17
90 19
51 23
105 20
142 6
150 11
234 16
392 28
22 2
357 7
250 17
207 3
179 23
167 12
76 17
429 25
1 18
128 3
212 8
230 25
138 27
4 15
67 23
142 28
288 30
86 21
226 20
95 1
494 13
364 18
485 24
290 29
365 21
239 16
1 21
428 10
51 11
360 25
29 2
408 25
351 22
57 13
285 4
185 19
412 24
52 13
43 13
85 23
110 8
482 30
496 13
99 10
396 30
367 24
163 22
444 30
471 29
294 20
356 22
90 15
377 9
367 27
333 4
177 22
331 22
255 6
122 25
75 25
367 17
145 21
271 32
394 17
292 27
200 27
368 9
266 28
281 4
14 6
287 6
259 17
51 14
146 29
422 5
393 28
365 5
169 27
329 2
228 32
453 15
471 12
420 4
416 8
71 29
165 14
323 8
178 29
493 20
249 26
396 14
202 12
382 6
395 22
135 18
34 3
252 16
407 23
91 22
223 25
454 11
222 20
14 4
353 6
75 9
420 14
446 21
229 8
194 31
241 32
300 18
415 16
129 17
74 19
198 4
84 23
35 17
279 32
408 27
406 10
435 5
451 25
297 16
412 18
358 28
169 30
130 19
61 14
459 18
181 8
282 12
307 4
272 9
215 16
419 8
13 5
296 16
85 4
199 28
285 12
352 6
65 5
240 21
442 27
259 18
354 28
441 32
207 25
448 1
96 10
393 32
423 20
275 11
484 13
207 12
381 30
425 1
242 9
422 19
215 28
9 4
423 1
432 21
13 11
253 32
301 29
68 3
37 14
81 8
19 19
491 19
48 4
195 17
80 8
176 14
147 8
65 25
336 20
401 1
79 2
160 19
2 31
101 14
125 1
261 7
320 8
393 3
167 11
360 22
55 23
243 21
422 19
474 5
155 26
309 5
379 5
463 25
399 11
122 15
447 27
17 30
486 13
485 12
348 20
101 10
230 3
454 7
149 11
111 27
153 16
239 31
92 21
115 22
115 29
365 10
471 25
179 24
142 7
459 29
210 3
390 3
105 3
145 25
474 20
260 18
27 18
360 22
199 7
311 5
211 15
430 25
408 21
488 13
475 18
389 21
60 14
179 24
324 32
268 29
79 3
478 21
25 30
426 27
312 20
91 6
263 13
406 10
481 13
422 27
42 30
195 17
291 6
116 26
197 23
467 23
410 4
435 14
281 20
360 4
299 6
169 9
174 6
434 18
318 7
313 15
368 27
163 14
232 6
476 4
13 30
406 22
385 4
59 2
51 10
461 30
71 14
262 1
55 24
250 5
106 30
287 2
273 18
483 24
79 22
284 19
251 21
364 20
29 10
5 15
191 25
132 2
446 18
210 25
293 19
225 6
225 15
223 9
312 22
500 23
367 27
185 30
324 17
457 8
322 5
134 13
425 2
478 3
363 15
75 27
497 23
256 17
13 7
69 5
388 25
419 6
55 3
75 2
3 19
81 13
491 31
41 20
332 6
490 18
408 16
52 20
66 11
181 10
489 29
254 12
21 8
334 8
127 20
453 29
291 18
157 29
248 1
400 15
418 5
328 25
8 11
285 25
389 17
151 6
213 16
457 2
428 2
161 2
402 17
386 28
146 7
176 17
91 8
27 13
20 30
37 32
84 17
452 29
137 26
202 14
210 18
287 1
152 23
394 9
411 31
448 9
173 27
5 12
254 24
476 14
237 28
5 29
37 4
145 13
410 26
226 7
207 8
459 30
310 8
262 5
482 9
481 11
388 5
270 5
368 13
266 17
108 30
129 20
78 5
169 31
322 26
457 8
258 11
238 31
118 11
491 23
264 15
253 23
160 22
143 15
118 13
187 10
382 11
73 11
291 29
297 12
339 13
344 24
19 25
366 8
135 25
87 22
383 31
48 26
65 7
421 22
303 7
259 28
274 28
495 32
276 15
380 14
396 31
61 18
7 27
254 25
339 24
39 25
382 26
115 10
480 27
480 18
345 30
466 18
273 20
386 17
102 29
14 29
191 3
467 17
57 8
189 15
263 23
319 20
17 25
442 16
171 29
278 20
362 15
485 19
406 22
35 3
338 32
208 12
326 14
76 30
245 5
480 19
343 19
2 11
83 3
207 30
67 28
269 25
282 21
267 11
179 13
45 28
52 12
396 14
277 3
463 13
439 23
379 2
445 5
492 19
379 6
280 6
385 32
78 10
5 8
204 31
348 1
50 31
204 1
480 5
120 23
353 10
441 16
191 21
316 23
411 26
84 23
343 29
90 28
486 10
467 26
128 22
290 2
417 5
474 32
325 5
42 26
3 2
261 25
366 28
227 29
473 11
319 20
131 8
291 12
354 18
157 25
275 30
10 27
291 28
439 11
428 16
144 14
166 12
123 7
183 21
11 28
11 21
175 5
441 29
257 14
74 21
478 21
211 32
391 21
323 9
319 26
365 3
180 10
218 14
412 21
354 19
408 1
455 30
357 3
250 21
40 8
230 22
24 28
357 10

