256
380 9
274 1
235 14
241 2
495 32
378 6
500 22
195 32
238 4
465 16
219 13
362 30
177 10
270 23
368 1
258 15
169 31
83 28
117 8
217 7
147 19
336 22
304 10
345 13
233 21
37 7
342 10
452 26
299 5
113 6
222 22
468 14
400 3
349 32
226 6
331 16
12 18
221 31
196 26
60 8
78 8
83 15
345 18
289 3
459 25
365 28
122 28
125 1
86 18
241 7
391 7
386 14
236 27
420 19
376 23
63 1
278 9
76 14
30 24
469 16
468 25
371 29
368 20
461 18
321 29
116 27
475 14
464 27
460 19
345 27
66 7
343 7
403 10
317 9
485 5
272 16
321 3
392 16
490 9
141 26
257 25
372 8
258 27
294 13
421 14
107 22
397 1
181 3
219 17
83 11
485 3
7 17
349 6
492 26
454 1
499 19
241 6
146 30
408 27
270 12
280 16
166 28
176 30
179 26
398 9
301 2
467 31
38 15
408 17
356 18
365 26
276 9
427 29
158 30
63 15
366 30
154 11
222 14
80 24
75 21
12 11
210 11
33 7
349 13
479 1
154 8
262 1
4 25
53 22
226 19
88 31
160 2
473 9
423 16
484 21
232 32
372 25
178 8
391 2
196 22
434 17
269 28
481 12
236 13
285 9
351 5
404 15
318 16
243 20
484 23
236 3
74 7
360 31
215 26
480 2
175 2
111 11
461 3
67 16
476 23
360 14
75 31
188 32
343 19
483 14
9 27
392 30
29 11
36 15
205 27
5 19
280 3
322 24
57 20
287 20
90 31
210 5
261 29
260 11
179 23
280 23
313 8
472 17
274 15
436 22
226 16
209 5
406 6
449 22
121 3
346 2
233 11
78 30
303 10
448 22
432 32
372 16
103 32
436 24
406 31
58 23
162 22
192 31
147 24
381 19
374 30
328 27
132 26
452 14
95 31
119 2
330 15
121 4
38 16
160 27
131 9
278 28
334 13
63 24
460 15
98 29
20 29
143 19
34 14
436 24
197 3
5 10
397 9
310 30
385 9
80 7
389 9
10 14
177 28
53 24
14 14
321 21
278 11
35 32
409 7
291 5
377 16
482 25
124 27
58 16
111 13
374 19
346 24
72 10
307 4
10 29
477 22
205 27
496 24
418 24
62 16
64 6
207 10
414 23
188 19
42 7
459 28
1 20
3 25
30 5
400 31
481 13
72 18
335 19
277 32
27 6
163 6
331 14
487 8
404 19
214 9
29 24
212 17
180 22
305 9
375 5
99 27
285 26
392 23
292 20
74 22
209 4
112 3
457 10
134 20
476 3
157 20
223 32
237 6
286 13
462 16
449 20
366 1
433 22
55 24
129 12
246 2
216 9
80 32
306 14
236 14
412 16
489 10
463 5
239 4
470 28
111 2
111 29
355 27
86 25
471 26
241 32
403 20
424 31
479 25
48 6
214 27
457 7
149 4
131 19
371 28
439 26
222 29
310 32
148 7
188 10
460 28
185 27
235 16
49 2
40 4
483 14
258 28
12 2
63 30
145 5
446 3
414 23
335 19
446 22
469 13
451 25
413 7
495 23
446 11
416 30
490 31
443 11
190 30
5 24
447 1
36 20
83 26
410 1
376 31
251 5
340 21
125 20
40 15
454 17
13 2
322 6
120 24
248 25
421 28
264 16
252 11
111 30
452 13
251 16
227 21
24 22
405 16
21 4
470 19
281 22
196 2
483 19
70 10
327 14
186 26
209 1
92 32
123 8
192 29
75 22
77 10
336 25
301 20
277 22
182 17
103 25
362 5
43 11
370 21
273 19
162 21
344 18
4 18
353 31
190 15
465 30
228 32
450 16
359 18
149 25
134 15
269 20
39 28
130 32
32 22
315 30
87 6
151 30
475 7
285 4
429 17
133 12
104 22
387 2
160 31
206 9
489 11
492 31
138 26
286 21
375 16
214 25
461 32
51 11
366 19
154 26
139 14
5 18
220 31
407 11
277 13
375 9
439 15
143 28
340 5
244 22
232 2
27 9
173 5
331 7
115 1
36 25
122 5
198 17
283 28
423 32
68 14
28 30
16 15
433 3
303 9
68 6
338 6
282 10
22 1
252 32
449 16
444 14
32 1
115 22
97 25
77 4
186 29
226 1
127 26
407 29
186 27
18 11
272 16
385 10
412 4
133 16
127 1
485 6
69 27
324 29
340 16
385 25
4 2
430 22
119 28
114 29
366 20
31 22
431 27
283 18
255 7
257 17
195 29
39 8
192 18
132 11
261 4
111 13
477 28
98 32
80 20
104 13
195 2
82 9
401 32
318 27
483 26
35 13
314 1
292 13
286 24
91 19
143 26
15 32
93 32
67 12
27 26
469 25
155 26
345 23
118 26
209 32
87 28
480 9
168 32
461 14
399 12
352 17
253 30
12 25
181 14
369 16
99 29
428 2
238 9
160 15
138 9
158 21
464 26
329 31
261 17
436 15
192 11
51 32
356 15
141 5
492 29
244 3
197 27
48 14
499 27
141 5
427 10
213 6
287 21
373 27
33 16
409 1
299 8
372 2
226 24
42 17
372 25
11 12
160 22
354 22
117 22
146 19
143 18
285 2
454 29
180 11
168 5
415 6
104 10
472 1
150 13
397 21
150 4
293 25
169 26
170 9
139 8
180 13
25 20
414 31
120 10
317 27
386 19
105 25
368 8
169 29
292 9
242 25
176 18
453 5
179 31
129 25
290 8
301 30
271 19
496 10
160 4
381 9
394 5
385 18
264 25
482 31
469 31
348 13
256 8
341 26
274 29
454 11
129 23
81 31
469 4
345 4
240 13
24 29
413 12
98 28
164 28
82 4
302 17
480 10
433 32
195 30
141 21
473 1
255 17
371 19
128 7
202 27
143 1
352 3
188 5
82 15
380 24
334 26
296 2
443 32
337 5
286 29
137 6
97 3
162 28
113 9
386 10
360 21
94 27
287 21
363 21
131 31
236 21
276 19
334 26
111 22
206 16
499 23
357 15
233 10
266 14
10 12
215 21
384 1
283 22
441 14
390 24
92 21
92 3
8 1
436 26
446 25
69 8
335 29
391 8
498 32
469 23
159 11
80 10
343 26
64 32
211 9
59 18
430 2
20 5
426 15
110 23
448 6
315 22
306 21
53 7
212 17
309 31
56 8
116 6
454 7
33 8
336 27
170 13
92 13
405 29
496 14
388 3
191 18
428 20
258 21
298 25
353 22
43 32
50 31
306 31
41 10
370 20
133 31
140 32
228 16
241 7
409 16
17 15
33 32
446 6
276 27
110 25
405 21
388 14
163 29
308 23
235 17
431 11
216 10
90 27
318 6
369 22
161 9
177 21
32 6
334 28
421 24
288 17
300 11
278 30
72 9
368 14
113 30
172 8
220 1
474 1
147 2
262 27
430 26
352 18
264 9
121 32
332 32
360 11
286 13
444 17
425 28
14 13
461 21
69 32
150 22
216 28
88 22
454 1
119 5
478 14
342 30
417 13
61 28
156 7
116 31
55 28
114 21
429 19
105 29
254 30
390 18
401 9
299 15
494 21
11 27
3 32
125 15
377 21
399 4
383 18
334 18
406 28
210 22
22 14
330 31
272 3
96 4
400 22
230 21
15 5
419 13
444 7
139 16
80 5
55 22
255 21
103 4
336 12
493 29
330 10
483 5
96 11
124 23
324 26
239 10
446 26
206 1
52 17
265 27
85 3
445 11
59 23
350 6
63 6
454 28
367 29
492 27
15 7
309 6
172 28
380 29
409 5
210 20
133 14
443 10
144 31
260 7
137 2
300 23
303 14
90 22
190 17
188 16
48 32
97 23
247 4
188 15
265 17
467 29
74 17
318 13
147 26
123 3
39 31
482 1
176 11
66 21
4 5
124 19
101 24
473 31
48 28
354 4
112 16
60 9
80 6
254 14
159 8
360 25
150 9
93 17
116 15
393 15
263 8
373 23
440 9
62 27
61 3
150 16
86 29
357 17
290 14
242 32
189 13
348 27
146 17
15 9
99 16
83 17
127 23
76 22
3 29
256 3
403 13
87 16
170 11
356 11
108 29
111 12
401 2
134 30
250 17
10 16
260 28
413 22
250 8
156 17
328 27
19 2
372 5
421 17
103 16
351 6
224 5
6 20
271 23
374 24
491 23
72 6
179 8
488 4
323 7
384 18
257 7
231 8
63 3
20 26
426 19
375 29
183 16
476 29
223 1
177 13
84 28
315 10
435 14
393 17
500 1
110 20
235 20
88 17
342 19
314 7
329 9
119 28
272 18
168 30
295 12
411 10
147 29
343 9
82 31
189 29
363 26
188 5
489 11
246 2
234 31
300 2
99 10
425 31
364 21
216 14
492 6
239 7
54 9
71 11
167 8
67 6
261 23
330 14
381 31
283 30
486 23
28 4
352 28
306 27
100 30
428 16
351 30
434 5
98 4
391 13
467 22
498 12
64 27
181 12
106 7
262 23
397 9
26 29
444 28
19 20
409 31
487 27
464 24
367 2
275 14
30 6
419 31
321 14
57 9
129 18
167 2
104 12
382 2
16 14
165 30
221 21
480 3
35 24
126 14
209 20
11 6
493 29
468 9
262 28
369 2
38 32
484 21
451 13
474 18
190 18
499 26
414 11
468 21
126 21
350 26
197 28
423 1
492 2
58 1
413 26
494 10
461 5
295 3
194 20
228 11
258 3
145 11
57 32
471 14
409 32
367 29
235 5
497 18
30 6
478 2
480 20
96 24
152 10
407 9
157 14
80 2
212 24
289 28
187 11
153 11
283 15
403 5
11 4
95 24
453 8
334 8
247 5
428 19
170 26
243 10
467 14
444 23
397 24
150 28
342 27
234 12
173 13
345 28
36 7
75 24
362 12
124 9
40 31
359 29
236 21
387 30
275 18
84 7
413 6
310 10
388 8
82 8
180 6
447 3
68 22
54 25
133 25
389 17
431 27
381 14
52 19
424 18
448 31
200 12
92 26
466 3
405 11
243 20
28 13
2 27
414 15
375 3
436 20
219 30
66 31
236 29
70 23
294 21
17 6
229 25
207 22
143 31
296 5
46 15
278 7
269 19
453 27
89 28
462 7
458 28
462 5
144 23
55 6
399 15
283 11
235 9
376 2
451 31
466 24
345 23
246 21
286 18
460 30
142 29
237 7
300 10
495 16
80 5
233 10
323 31
309 26
355 20
287 13
59 32
356 31
347 1
220 32
2 3
209 31
451 1
93 23
494 15
194 9
487 26
403 6
144 7
219 30
98 25
6 12
108 13
411 14
165 30
437 30
160 10
13 30
442 1
360 20
396 25
360 2
34 14
395 9
324 5
26 14
469 15
429 21
95 3
382 7
320 15
481 31
316 1
441 1
301 16
396 16
409 16
282 26
17 24
119 17
493 8
114 25
379 22
389 17
85 15
288 24
441 28
235 20
112 19
216 28
326 8
164 10
219 29
28 19
324 6
279 16
141 32
129 3
138 21
196 14
491 11
125 31
102 27
38 1
385 6
180 15
217 7
148 3
139 27
373 23
172 24
278 13
247 14
35 12
479 2
105 5
268 30
252 17
292 21
285 5
394 13
443 6
307 10
248 22
469 29
260 4
476 17
156 10
147 31
106 1
124 14
445 12
143 8
112 3
337 13
167 22
213 25
44 11
402 3
168 6
115 11
362 18
316 25
164 26
59 17
438 23
330 30
278 9
430 29
111 2
489 17
347 1
237 18
424 10
33 11
360 19
18 25
89 17
237 32
146 8
372 3
182 13
168 31
377 5
51 31
214 4
467 29
92 23
302 15
193 2
106 16
185 15
124 25
307 24
228 8
359 7
238 28
3 9
350 8
206 21
70 19
440 21
183 27
91 29
398 11
22 3
38 18
477 1
182 15
373 1
86 23
359 31
123 26
431 12
93 20
224 6
407 23
50 21
398 5
425 27
127 15
149 9
356 13
177 10
259 1
298 16
132 17
222 10
222 20
77 10
140 21
327 14
315 9
486 28
73 19
358 27
61 18
67 32
482 12
305 24
144 19
287 3
463 20
380 12
364 1
497 15
257 3
400 31
255 29
135 23
499 16
378 15
350 20
179 31
39 23
275 11
437 29
161 11
273 25
82 24
349 10
490 13
457 1
379 23
477 5
390 12
209 31
238 22
414 8
92 17
251 10
339 7
279 7
438 23
391 7
38 23
153 19
47 29
267 14
171 15
142 32
70 6
178 20
463 16
427 15
396 25
272 26
68 30
436 17
304 31
227 1
269 7
219 24
339 5
93 22
80 22
421 13
140 19
160 22
394 27
156 1
467 28
226 18
329 25
242 13
339 25
325 12
51 32
423 2
232 7
251 23
304 11
164 23
121 3
397 30
113 16
154 16
183 23
465 4
392 3
496 6
27 28
337 25
67 19
318 31
329 16
461 21
239 24
427 23
151 23
225 23
79 18
194 17
109 7
476 24
217 3
81 3
495 14
23 25
380 21
63 25
112 12
193 30
351 23
413 29
146 9
116 20
366 25
188 2
171 24
29 7
486 22
333 24
379 4
245 2
400 7
466 27
34 6
213 21
129 13
89 10
113 4
201 14
217 32
8 27
255 8
126 17
145 10
424 31
17 24
281 4
179 26
279 16
256 23
300 28
319 21
213 23
296 1
112 20
4 19
103 23
7 16
351 23
389 14
26 6
146 22
173 4
107 7
239 14
497 23
449 31
131 13
97 2
425 25
142 13
179 4
39 5
323 9
188 11
366 17
468 27
74 25
38 20
295 17
394 28
19 10
458 17
355 15
278 3
115 7
411 17
366 17
330 28
41 17
103 15
285 22
473 6
414 7
389 13
491 26
352 29
476 1
9 26
67 30
312 21
409 11
326 14
23 27
166 20
227 16
174 11
41 10
220 19
8 8
15 6
242 6
358 5
378 14
102 21
4 25
477 16
487 14
389 30
160 6
425 18
25 18
248 26
447 11
20 11
427 10
304 20
103 18
440 20
379 21
276 10
305 17
497 16
406 22
5 6
143 29
303 16
230 19
85 8
221 20
334 15
341 2
18 11
151 25
274 17
201 6
263 26
154 19
1 19
348 21
180 3
137 15
362 30
237 26
393 29
253 23
456 9
216 13
387 10
486 16
98 18
413 20
395 10
323 19
181 14
251 20
12 23
194 1
104 2
170 25
239 6
427 10
218 6
370 32
63 27
468 8
41 4
372 23
298 2
34 10
215 16
337 31
375 31
303 26
312 25
178 30
98 32
95 12
301 29
271 19
171 26
375 3
470 22
350 11
291 3
96 5
18 16
435 24
166 2
222 14
414 3
231 23
59 18
178 7
494 13
426 4
38 20
79 3
249 32
477 31
310 32
247 19
208 6
71 29
123 28
54 32
394 21
398 32
166 24
15 19
376 32
26 9
443 28
124 27
31 24
433 28
24 27
19 7
416 25
307 6
84 13
425 17
349 27
133 6
250 23
376 21
142 13
241 8
5 8
126 3
316 26
227 23
440 13
273 20
37 31
97 24
143 30
300 11
48 24
208 9
134 7
125 3
336 25
358 28
433 11
226 32
96 28
290 24
400 18
95 12
344 3
259 27
64 11
181 23
46 21
111 16
175 27
454 14
304 28
201 20
350 7
187 10
82 8
333 10
241 11
473 8
469 24
274 13
494 7
347 3
195 2
70 21
44 4
231 15
187 11
286 4
61 20
333 19
151 13
328 19
295 16
179 4
383 28
500 8
406 18
119 28
155 28
321 15
211 19
101 29
185 31
137 14
62 13
240 13
190 27
307 16
218 25
451 17
437 2
328 22
500 2
294 6
486 2
56 28
368 17
297 16
395 25
149 32
105 28
372 30
158 11
482 32
163 32
328 23
234 7
293 21
305 30
238 6
255 14
189 18
302 25
377 12
121 30
355 22
117 23
223 15
257 32
354 3
136 29
222 1
39 6
305 11
155 14
484 1
187 17
382 24
9 18
35 26
487 14
207 8
320 1
82 4
485 3
198 32
467 31
44 1
136 20
200 6
241 27
50 28
207 23
267 20
41 22
49 23
395 27
334 6
387 19
141 27
201 14
194 19
109 25
24 16
436 31
386 13
257 27
456 4
218 26
235 26
227 3
488 17
389 14
186 23
440 30
498 21
16 11
159 24
132 26
71 15
256 28
95 17
95 2
180 8
124 10
125 10
196 16
175 8
137 16
210 29
38 15
217 25
102 23
232 29
409 22
151 8
462 6
28 8
147 11
423 2
472 15
324 31
10 6
102 27
357 4
223 2
74 7
150 11
17 9
259 13
35 18
293 16
7 12
107 29
379 5
275 10
75 10
369 16
447 14
82 3
337 32
401 3
446 30
437 3
283 20
91 5
457 3
368 27
55 10
467 5
2 21
486 32
42 22
363 12
28 25
291 20
100 19
126 30
444 3
64 22
110 14
246 26
389 13
232 31
438 10
79 3
143 16
218 28
270 17
172 9
377 22
364 32
356 18
77 23
404 28
377 9
146 6
282 26
439 21
180 8
62 26
167 28
25 12
92 14
168 31
146 4
428 18
76 27
351 32
285 22
144 29
470 5
339 31
174 21
115 21
4 16
166 6
84 22
258 3
188 13
289 25
173 20
194 20
54 12
251 30
1 14
55 30
34 29
220 15
21 14
263 12
214 16
398 9
470 3
323 9
135 11
193 31
382 11
258 11
134 5
328 23
254 2
456 4
478 16
346 14
213 21
226 26
388 11
74 9
481 12
217 27
210 18
274 19
148 11
229 17
243 5
267 1
142 27
488 4
250 21
117 6
293 10
92 13
316 1
241 32
413 6
263 2
367 20
417 18
270 17
146 13
405 9
213 27
487 16
166 12
32 14
401 13
328 16
209 11
9 13
143 29
258 5
246 8
496 18
489 21
11 27
129 23
399 13
313 5
392 14
472 32
464 32
452 19
68 4
489 32
312 7
348 2
239 25
45 2
107 2
351 13
20 23
383 30
24 20
154 31
25 17
190 28
200 9
334 31
356 11
194 28
305 25
441 28
134 5
277 28
370 19
208 1
310 10
158 13
137 31
247 30
287 9
353 31
133 7
105 29
361 27
360 1
191 20
60 4
136 25
415 30
167 6
246 20
212 28
308 12
66 11
361 9
47 2
43 3
104 3
19 24
149 22
332 16
29 20
15 1
80 18
22 22
51 27
222 6
374 9
314 16
287 26
496 5
91 30
364 2

