256
75 26
176 25
266 1
133 24
79 30
100 5
284 15
98 23
237 28
64 22
105 19
160 20
348 19
361 4
333 4
172 3
213 23
243 6
31 28
413 5
381 8
485 8
358 2
22 2
449 9
204 5
55 3
353 19
241 5
266 10
408 5
184 4
135 7
302 17
154 6
125 26
282 29
49 3
394 30
233 26
358 28
98 32
150 22
166 18
14 7
167 1
219 7
245 5
277 14
369 14
315 9
167 32
453 7
235 2
284 7
39 9
106 25
404 31
142 26
348 8
500 11
280 11
365 12
423 29
273 4
274 12
136 16
35 17
154 13
138 25
439 13
281 20
369 8
2 18
105 2
17 1
364 1
27 28
24 25
220 5
444 1
88 8
136 26
20 5
243 9
281 25
37 29
77 25
96 30
415 5
279 3
9 10
431 15
369 15
335 28
307 3
136 2
210 11
367 1
263 1
89 11
494 30
455 6
30 11
351 32
455 2
79 19
271 5
349 16
167 7
283 5
313 7
366 18
41 1
454 32
45 27
198 26
20 17
311 13
407 2
197 9
143 15
175 13
135 27
256 6
57 7
274 10
309 16
447 29
428 13
356 16
295 6
214 30
58 8
214 16
37 22
176 11
36 18
296 23
76 19
324 12
293 5
205 5
292 16
154 3
256 29
43 2
414 28
215 23
131 8
138 12
394 29
50 1
366 13
303 25
452 18
277 24
427 25
49 10
336 30
289 3
62 31
492 28
290 2
150 28
190 24
291 7
304 29
363 2
241 30
314 8
143 30
288 5
423 28
139 30
389 27
349 18
313 4
129 18
250 31
373 15
270 20
21 9
208 27
446 24
48 4
492 7
349 31
111 23
114 25
381 18
231 21
303 11
420 16
144 29
414 9
107 3
384 31
255 11
362 21
242 17
312 1
451 24
363 2
283 24
14 3
181 13
243 12
139 14
119 19
35 8
3 21
214 22
472 20
180 13
372 1
445 31
358 20
195 32
309 5
48 14
491 32
270 29
415 17
98 5
43 20
416 29
477 21
134 28
153 17
132 16
437 4
59 18
323 5
366 11
433 9
157 15
344 18
359 19
186 20
143 4
292 3
476 16
391 17
215 31
477 18
419 18
273 29
59 12
433 20
430 9
40 14
139 4
364 1
494 1
156 12
481 27
398 4
66 5
121 20
35 21
181 17
362 26
281 9
253 13
400 26
77 24
120 11
323 7
415 16
235 31
155 11
221 9
227 3
193 3
122 15
295 27
32 29
108 12
133 24
377 32
41 13
471 24
372 17
494 2
312 5
60 27
147 25
371 29
271 15
219 16
141 22
194 28
374 29
336 22
12 32
389 5
16 12
64 3
208 26
377 28
138 4
338 12
68 24
157 22
122 7
434 2
444 15
138 13
132 5
174 31
36 23
195 15
126 31
290 29
168 22
204 21
453 13
440 21
100 8
414 9
27 15
187 10
326 8
139 9
148 24
451 15
78 10
437 15
256 14
240 31
95 3
79 28
188 18
272 19
318 25
64 8
32 6
165 5
277 7
17 24
467 19
310 12
464 2
451 3
324 6
345 18
336 19
317 23
145 28
14 30
125 5
157 28
178 21
216 22
476 12
81 26
50 18
189 26
487 31
84 2
32 29
432 12
203 32
242 19
188 11
160 16
183 20
319 24
341 10
165 4
117 25
461 18
486 1
31 29
492 7
486 3
43 17
242 17
165 16
444 12
90 19
15 9
271 5
484 15
70 13
278 2
97 14
203 15
90 30
407 13
200 8
104 6
161 29
190 9
180 25
28 6
88 14
394 18
78 13
172 31
229 17
184 30
390 18
260 11
471 22
60 18
261 7
263 21
211 13
97 15
437 16
12 16
369 1
85 14
133 32
296 6
408 11
39 13
69 14
276 11
167 15
61 31
201 19
200 23
479 16
153 4
272 24
143 28
68 20
142 5
187 21
414 3
268 12
391 28
101 6
226 27
204 2
397 8
313 12
167 19
244 3
410 27
335 9
358 18
132 31
306 14
288 31
412 19
22 31
94 2
172 19
92 24
309 21
131 9
436 29
115 27
320 17
45 26
429 11
111 20
105 1
229 28
339 17
2 9
147 27
186 18
118 6
45 2
470 8
250 25
324 4
84 3
240 8
352 12
382 7
79 27
231 32
82 5
300 4
281 30
30 23
115 11
448 24
424 21
187 21
321 2
241 32
357 12
384 32
500 25
22 22
455 12
385 9
321 4
472 29
333 9
419 16
500 14
459 31
134 5
152 15
358 12
210 10
223 21
274 14
414 15
300 32
47 24
108 11
72 19
319 28
284 26
203 15
307 17
261 9
157 32
247 27
155 4
80 2
253 13
451 6
500 18
385 22
138 13
468 5
275 6
112 26
227 11
192 6
327 21
326 16
216 4
350 31
379 13
100 31
134 14
500 21
152 9
234 9
81 9
497 19
338 12
413 13
126 20
450 17
260 31
288 28
198 9
346 8
417 25
411 14
494 10
238 5
146 11
433 6
23 25
433 1
241 5
129 26
152 30
170 32
56 9
387 29
445 20
32 6
176 10
115 17
352 21
18 5
175 2
75 18
83 3
262 31
203 30
392 30
171 2
117 22
370 23
330 27
86 21
380 21
155 18
486 18
50 27
206 5
304 32
274 22
138 7
412 8
276 12
398 30
69 2
23 22
369 4
456 2
64 15
419 22
33 28
75 6
258 29
158 17
412 31
151 30
317 26
241 8
69 10
241 17
4 23
427 4
466 22
29 18
273 27
99 5
54 14
90 11
306 20
76 5
30 2
118 23
491 7
494 32
200 3
48 27
349 22
278 19
60 3
196 16
309 10
488 19
171 29
377 32
176 24
397 2
29 6
256 20
428 21
431 28
483 2
386 16
156 20
498 3
174 5
398 18
42 5
48 5
313 1
244 17
228 8
46 17
210 9
480 25
401 22
468 20
91 10
419 14
369 4
312 18
312 1
227 21
297 7
121 6
51 29
302 30
356 7
386 17
351 17
54 11
126 29
486 29
226 32
314 2
171 26
191 10
38 22
39 31
396 23
296 2
375 25
223 23
295 13
295 13
177 16
247 3
221 21
371 18
488 8
244 23
13 6
344 27
55 30
385 22
245 28
395 7
480 22
201 18
430 4
122 30
47 20
112 31
452 30
417 28
370 4
302 6
297 17
284 4
231 24
301 3
51 16
93 6
17 6
7 6
141 20
255 27
348 3
306 15
52 10
294 5
85 27
155 21
92 10
84 26
310 17
296 20
284 4
94 4
385 16
449 17
80 11
416 11
273 5
429 13
146 3
97 26
169 27
462 8
41 6
81 6
134 28
61 21
468 18
68 8
458 32
81 5
274 4
167 23
68 7
75 21
21 19
294 6
422 27
301 18
152 14
15 21
461 15
53 8
433 32
484 2
191 8
278 9
411 20
215 18
242 1
42 3
459 19
304 32
441 20
397 13
337 7
81 10
338 10
429 22
457 32
11 8
327 28
464 17
435 14
66 8
318 7
290 32
293 17
212 6
49 16
30 5
19 18
386 12
95 31
477 4
78 23
255 5
126 26
345 32
99 23
87 20
369 17
43 22
321 18
247 5
214 12
458 24
385 23
439 24
9 3
87 19
401 5
47 10
410 11
289 4
153 15
275 30
103 9
35 32
275 13
496 28
408 13
71 20
148 21
475 24
423 5
298 15
105 32
404 6
87 32
373 11
418 31
464 13
168 26
296 2
130 15
281 29
96 15
181 31
359 27
250 25
420 32
159 8
243 30
390 9
105 22
272 10
113 27
394 28
85 1
73 26
184 25
455 11
55 7
373 9
493 30
397 32
373 7
140 28
468 21
296 32
494 23
445 30
154 31
385 6
379 21
7 14
161 21
192 19
447 32
331 28
38 27
55 26
133 2
377 4
74 25
375 32
443 12
25 32
158 22
389 8
70 4
302 23
356 13
149 19
57 4
446 10
58 8
355 31
46 24
494 31
460 5
390 30
40 27
54 25
28 2
436 25
337 21
179 29
82 24
199 14
307 28
83 24
347 25
406 12
224 24
67 31
472 8
289 11
74 26
59 17
283 2
198 32
435 24
16 24
55 10
153 9
61 27
77 7
227 22
3 3
85 29
485 8
376 29
418 6
466 20
50 17
26 31
72 12
327 11
475 5
4 7
446 24
417 14
174 19
207 16
445 16
96 22
51 16
406 9
273 8
500 10
324 17
273 7
336 31
333 30
183 4
140 16
103 4
353 24
403 32
304 11
55 19
480 5
74 18
129 22
313 9
372 16
5 8
30 21
446 6
354 8
401 22
460 3
253 20
130 15
223 1
354 1
36 25
438 21
274 18
307 2
46 10
221 19
173 6
95 22
167 24
301 19
293 20
421 6
424 15
52 26
335 13
479 2
90 32
331 15
333 1
449 11
166 1
485 26
475 3
159 17
230 11
208 7
71 24
272 6
30 31
343 21
228 25
438 17
88 12
31 9
108 15
151 21
204 15
462 22
417 28
170 10
283 9
20 5
209 27
198 6
466 8
454 5
213 16
213 24
363 19
72 7
278 18
243 17
60 9
10 16
380 11
474 10
260 9
366 20
488 23
57 29
159 19
349 31
106 21
374 28
155 22
438 8
19 29
264 7
441 29
406 8
156 15
334 27
76 31
234 27
318 6
367 20
152 23
50 25
127 7
225 17
368 22
417 3
398 16
169 22
157 30
10 20
9 15
226 4
245 27
350 2
100 20
241 24
134 6
360 20
213 4
244 8
302 28
22 11
192 18
37 24
320 30
11 28
240 24
263 24
398 28
250 17
179 14
100 24
280 24
423 32
247 14
275 20
178 17
247 21
190 31
420 17
32 22
336 7
369 10
310 30
61 23
262 19
401 22
402 24
173 20
375 7
342 29
319 11
149 25
443 15
51 10
199 18
143 11
56 11
336 21
128 25
276 21
339 16
102 21
59 22
416 29
397 9
285 23
479 6
483 17
476 5
134 18
466 24
412 13
490 16
89 9
348 12
358 18
391 7
426 1
437 14
233 25
302 22
251 9
155 29
405 14
117 19
7 22
370 27
158 12
18 2
328 17
110 17
50 8
496 8
301 20
373 5
468 10
402 26
10 20
302 11
37 22
157 32
55 6
314 12
237 3
457 5
399 26
249 20
270 12
127 10
27 15
102 10
377 8
415 10
411 24
4 28
337 16
195 23
38 20
102 6
42 15
338 8
328 31
91 9
182 22
166 9
420 32
258 28
475 21
386 1
240 25
388 25
401 22
467 30
293 17
211 30
479 13
477 6
339 32
255 20
137 32
432 24
391 14
56 5
214 25
306 13
329 1
29 25
479 20
18 31
268 25
161 2
129 1
255 15
408 21
338 20
133 30
452 19
163 31
92 12
299 29
180 7
293 29
60 19
408 21
246 19
305 14
272 17
246 26
103 14
387 1
49 3
414 12
393 8
358 12
303 32
84 10
487 5
42 6
351 21
122 8
123 7
205 26
415 3
124 22
456 2
310 16
232 19
356 24
298 5
312 12
425 11
433 11
475 27
308 6
275 9
125 22
411 2
495 6
484 2
343 19
331 16
146 6
226 29
38 27
270 1
326 6
447 26
104 26
436 31
99 3
43 11
460 22
256 6
279 15
424 21
381 10
476 3
168 5
231 13
427 32
405 4
45 23
213 20
124 17
262 14
359 25
1 10
258 4
123 8
199 22
212 19
152 31
309 15
239 20
227 1
243 7
120 24
185 32
139 13
184 29
234 2
57 18
63 2
342 26
405 8
83 4
322 14
302 15
256 4
374 22
260 20
316 7
107 25
414 22
161 22
350 30
343 6
332 2
423 5
443 15
416 9
442 5
315 19
219 18
338 20
256 25
412 3
327 18
423 4
467 31
393 24
181 16
73 12
493 3
36 11
173 27
163 2
39 9
60 18
251 9
53 2
345 12
428 31
186 31
467 4
285 27
172 25
446 24
328 26
443 19
224 11
17 23
433 12
67 32
165 25
93 1
26 9
385 30
312 10
8 10
425 24
488 8
461 14
44 20
223 26
355 11
304 19
37 16
130 31
80 26
272 24
363 17
460 7
454 7
168 9
252 28
105 20
40 17
25 3
204 7
272 10
45 31
485 17
163 26
36 30
260 7
117 14
307 20
220 5
51 3
73 10
330 13
245 1
93 29
155 1
220 30
410 20
353 6
49 11
360 20
108 19
94 28
240 16
3 19
364 9
49 1
207 18
465 15
303 10
424 21
410 15
87 19
258 15
65 6
305 24
241 32
42 18
339 9
438 9
295 21
394 15
89 4
424 2
254 18
167 29
35 20
171 25
98 13
411 30
290 31
437 11
478 30
68 24
314 29
156 32
158 17
302 6
204 14
355 6
303 17
338 5
448 13
161 10
493 3
59 10
137 28
164 30
29 16
281 31
88 21
302 29
41 12
195 25
33 9
406 23
422 31
24 29
455 24
266 3
107 13
81 27
24 32
209 32
327 13
246 27
129 28
363 6
355 25
118 31
458 27
73 27
117 16
451 4
132 29
18 2
245 18
332 16
194 20
171 32
233 13
286 1
316 17
234 14
57 3
408 10
225 32
96 22
428 27
413 23
115 30
352 31
232 19
478 1
427 28
148 7
268 26
223 15
434 13
456 18
159 7
356 12
47 31
77 22
349 25
88 15
474 3
173 5
473 26
333 27
2 5
409 29
414 8
56 7
440 7
188 2
78 19
185 20
346 13
449 10
453 20
157 27
474 5
483 10
183 4
197 20
296 5
156 5
236 27
259 31
74 2
477 15
341 13
274 6
274 10
379 30
109 7
4 18
68 23
231 10
154 31
489 1
236 12
213 15
207 15
350 8
120 14
430 4
338 23
497 19
128 24
189 28
114 8
21 9
382 7
486 23
382 14
39 9
118 27
291 32
425 4
455 25
465 28
356 11
438 5
265 17
80 13
4 25
349 24
78 18
478 19
469 3
37 31
327 26
462 2
181 2
109 31
282 22
370 22
80 11
490 28
75 21
1 6
465 29
453 14
282 26
457 22
141 1
461 7
202 14
288 18
159 13
368 9
322 9
430 1
247 23
96 13
191 4
398 23
148 14
49 14
131 5
383 3
53 23
442 30
468 17
487 19
329 30
271 30
442 24
254 24
470 26
8 24
149 21
166 29
310 18
78 8
274 12
415 26
7 20
79 6
288 5
304 1
270 18
470 7
273 28
250 22
425 1
253 17
217 27
221 22
336 22
318 2
462 8
287 4
439 18
145 30
282 1
46 24
374 28
466 27
91 28
92 11
176 29
439 17
115 8
418 2
309 3
411 30
318 30
89 4
415 10
186 4
386 31
303 27
98 25
257 16
336 5
202 15
45 21
403 23
4 5
312 24
407 27
286 17
124 22
332 6
311 21
289 8
100 4
455 13
212 23
385 15
263 22
409 27
430 28
169 5
336 9
449 6
259 18
170 26
459 10
123 6
222 7
465 17
2 15
370 5
186 26
463 32
43 16
311 25
387 11
109 10
163 25
167 21
290 5
154 17
42 12
370 11
39 2
436 28
309 25
457 22
410 19
145 32
142 15
128 12
138 21
101 12
293 4
73 23
456 14
183 21
354 28
111 12
89 26
283 13
202 7
242 3
10 23
415 27
193 26
31 30
130 27
482 27
250 10
5 5
483 23
53 16
442 24
431 14
61 2
427 3
156 28
225 1
406 7
168 23
385 2
280 14
180 29
288 26
18 24
486 29
182 23
40 31
54 7
153 30
36 7
80 15
98 5
208 20
147 11
306 11
128 29
397 7
50 32
88 31
328 30
271 5
316 7
484 1
281 16
186 20
66 30
210 23
422 17
370 12
495 19
451 6
464 15
281 9
382 12
135 5
145 2
422 28
216 13
180 20
392 26
367 17
483 8
323 24
345 17
323 19
423 25
165 18
323 5
102 21
368 1
117 25
494 2
176 9
294 16
260 9
425 2
493 31
53 32
14 1
212 24
440 18
313 12
372 23
104 29
191 31
413 4
335 30
197 11
318 19
218 1
175 2
54 20
252 11
335 21
355 2
452 30
31 28
453 22
251 24
431 29
379 15
100 13
101 5
427 18
139 16
495 17
489 20
184 16
6 22
356 9
267 16
358 10
423 15
403 29
218 17
466 28
28 25
161 12
65 31
45 19
83 15
220 31
291 7
163 32
125 18
8 19
325 14
392 12
28 27
124 1
479 1
193 10
358 5
485 22
143 18
329 17
124 12
500 2
154 30
62 14
179 9
373 16
138 28
307 17
410 2
114 1
371 14
98 28
214 31
1 20
316 25
285 15
80 20
205 22
297 18
215 31
38 3
182 16
203 8
44 20
270 17
204 12
166 30
367 15
236 23
439 11
400 7
489 19
210 9
64 10
310 11
332 20
217 22
375 11
205 2
383 6
279 18
113 16
239 23
27 10
50 1
24 29
391 13
427 32
409 23
457 15
473 16
418 13
357 4
460 2
413 22
387 23
279 24
339 22
34 5
343 27
33 19
383 11
83 6
226 19
4 18
413 28
173 2
16 6
325 31
443 10
168 13
132 27
32 6
168 18
186 14
500 14
228 3
344 30
44 1
153 3
102 17
226 19
247 5
156 23
68 30
12 23
130 32
385 14
113 32
431 15
414 10
220 13
164 20
303 19
132 27
309 6
371 18
212 29
275 15
244 26
168 19
132 21
250 1
310 23
272 32
365 13
22 32
178 21
147 4
448 7
286 28
68 8
290 3
329 4
349 24
461 28
178 12
164 28
460 18
142 12
417 22
416 26
441 17
327 8
424 22
422 17
381 25
421 30
119 29
437 11
172 29
482 29
341 21
276 20
322 9
31 23
126 23
28 19
243 30
6 27
331 7
431 4
267 3
233 25
303 2
351 18
270 8
175 6
32 6
410 2
71 24
92 12
90 7
114 21
177 23
55 23
397 25
70 27
40 27
399 26
176 21
168 25
136 26
55 24
495 24
21 13
107 16
113 29
434 22
85 26
49 31
469 9
475 10
312 18
44 22
208 31
311 23
16 6
68 22
465 14
237 21
479 27
300 19
95 26
20 7
47 20
21 3
365 28
257 32
213 16
237 24
371 31
146 6
345 29
307 1
127 7
146 5
441 25
47 24
30 30
66 5
486 3
443 14
286 19
377 10
351 1
270 17
12 15
106 4
480 16
368 22
158 25
210 22
310 16
133 3
25 11
119 30

