256
344 17
274 13
54 4
386 20
92 14
182 2
407 15
245 18
94 11
90 24
208 13
268 21
65 29
469 22
261 9
487 5
213 17
429 10
456 14
38 27
79 31
460 1
37 16
102 22
319 20
493 18
184 24
342 21
132 30
142 29
335 4
201 31
92 17
17 7
294 6
446 25
476 29
209 16
313 11
493 7
354 17
8 29
97 29
285 28
362 26
324 32
406 24
95 17
4 7
396 6
16 25
22 15
301 22
206 1
40 2
447 29
34 30
282 26
6 10
210 20
196 13
415 1
409 17
301 12
323 8
209 2
240 14
32 21
312 13
5 3
286 28
448 32
109 25
301 19
350 14
334 5
395 24
349 31
461 22
66 31
197 27
325 29
208 16
329 11
445 5
222 10
488 13
253 25
101 2
415 6
415 16
347 9
347 15
463 15
196 17
442 1
155 14
181 18
473 13
233 25
397 10
203 17
326 11
185 26
360 19
79 27
198 9
435 8
472 10
203 27
130 4
263 4
261 23
349 13
155 17
206 20
238 8
140 15
214 12
192 30
126 7
200 31
47 26
218 6
235 28
389 28
267 27
351 15
446 20
464 20
484 1
355 30
428 10
488 25
21 20
214 18
302 13
320 8
251 22
218 9
309 14
53 16
256 3
454 25
158 25
5 26
289 19
67 32
57 2
209 17
85 14
75 14
39 18
86 1
283 3
477 24
408 13
19 23
488 4
68 5
241 28
138 21
282 20
245 10
110 13
267 10
226 29
432 20
438 13
256 21
319 29
164 30
465 18
444 24
5 3
97 17
434 26
126 12
290 26
405 3
26 15
92 31
215 3
219 25
391 6
225 29
58 24
490 11
273 14
326 29
296 30
374 14
8 19
297 5
72 13
195 17
224 18
51 6
365 1
90 3
447 10
168 8
405 25
230 9
442 20
306 22
329 19
319 8
381 27
484 16
19 18
252 2
168 14
32 24
275 5
490 21
139 25
428 15
18 14
72 23
213 29
400 17
111 14
229 19
36 4
146 15
242 1
148 25
402 23
144 28
152 9
100 10
494 12
184 19
37 15
321 25
335 21
493 25
142 1
287 10
285 12
84 26
384 7
138 26
410 1
165 25
117 5
350 10
144 25
472 8
140 5
280 18
217 8
123 26
345 21
35 13
397 26
6 12
201 23
65 30
127 26
170 31
346 23
57 13
255 4
168 22
24 19
72 32
70 18
450 2
306 28
394 6
306 19
334 22
393 22
115 31
331 8
466 12
6 6
16 12
105 11
358 17
333 9
72 23
326 9
168 31
209 6
185 26
312 22
19 1
267 1
75 26
472 28
125 5
117 29
440 10
175 17
202 4
77 9
262 18
146 17
33 22
342 21
367 14
438 29
358 20
73 12
153 4
28 18
372 8
270 23
365 20
460 10
451 32
339 16
438 4
493 2
337 22
390 7
339 31
143 16
234 31
184 31
110 3
16 9
206 29
143 27
228 6
136 7
490 22
94 23
161 22
248 17
124 13
255 14
19 25
362 28
463 25
138 24
459 9
404 4
289 31
234 21
352 2
399 9
399 16
267 16
282 22
260 17
206 23
70 12
411 27
328 6
179 1
297 13
322 29
301 14
451 14
478 30
107 28
143 6
72 5
417 17
127 20
109 28
42 30
260 25
313 15
30 11
403 26
480 24
378 8
186 16
165 7
130 4
243 20
481 14
32 29
370 18
424 30
46 26
359 21
270 19
391 15
14 17
476 21
369 30
272 14
33 16
420 26
411 22
285 27
179 5
139 32
30 7
377 3
380 24
231 17
258 25
299 7
118 6
263 18
479 22
243 16
26 18
25 24
28 22
31 10
330 9
254 15
435 6
138 14
69 8
166 7
341 28
449 10
90 8
147 4
301 25
431 2
254 28
466 17
469 12
487 10
16 4
360 3
73 9
116 6
365 14
172 17
97 24
366 10
35 20
458 28
104 32
13 21
47 22
138 11
473 32
164 21
67 12
143 11
372 6
484 4
243 27
144 28
479 13
81 17
372 18
200 11
130 9
184 12
190 5
43 31
148 10
207 6
433 9
56 9
310 32
244 1
398 32
96 12
248 32
241 12
418 8
446 3
152 21
74 14
301 4
60 28
26 30
13 2
318 17
466 19
312 22
383 9
301 14
289 32
358 17
371 31
320 1
321 8
149 14
17 14
66 32
101 31
45 10
252 2
386 10
340 9
131 7
109 19
52 5
182 1
277 29
183 13
73 31
420 17
453 8
374 30
215 7
460 3
440 27
472 9
132 23
21 2
33 1
396 17
378 6
345 26
334 16
454 30
234 25
330 26
12 12
203 6
178 18
188 1
225 11
441 16
470 25
322 30
145 5
290 30
498 31
380 11
14 29
88 27
58 22
285 21
473 11
499 18
1 2
118 9
197 26
284 14
74 9
371 10
174 25
444 23
147 31
354 4
7 9
110 16
62 18
337 30
233 31
387 25
224 32
161 12
265 24
289 10
401 4
260 14
24 27
244 18
377 5
33 19
242 18
299 11
36 7
189 32
173 23
204 4
431 24
316 15
11 8
89 15
467 12
484 6
402 32
11 30
176 11
12 17
37 18
72 32
296 4
43 28
334 22
216 16
313 15
163 27
338 23
234 1
450 5
146 7
148 29
480 8
51 19
444 3
153 19
10 28
274 32
120 16
1 23
427 1
69 29
488 26
43 5
62 20
289 32
46 13
216 29
464 2
220 11
353 20
422 6
375 19
118 6
358 26
32 1
283 32
77 22
210 16
342 19
463 2
182 29
270 13
237 1
15 8
492 19
383 9
432 10
311 29
455 29
19 11
157 17
290 25
422 3
352 31
474 11
448 7
27 14
256 31
302 2
423 25
340 1
409 11
414 28
24 25
92 30
207 20
46 12
480 19
199 20
433 4
350 16
30 4
449 29
490 11
258 8
247 17
421 4
220 18
227 3
406 22
488 12
65 13
164 20
203 6
227 15
237 4
218 18
303 27
255 9
121 12
408 7
461 24
374 24
218 8
478 19
417 25
439 5
349 22
377 3
315 31
389 3
179 14
168 9
476 2
125 12
286 1
315 10
416 28
481 1
288 26
108 32
422 18
37 22
499 29
24 1
367 8
363 29
73 22
378 29
156 22
496 5
238 26
390 14
350 14
138 25
179 1
44 24
142 28
73 24
344 4
304 19
63 26
107 31
400 20
183 7
190 3
347 31
192 24
284 17
457 26
381 11
18 1
438 12
208 14
151 20
309 27
114 27
472 20
357 3
408 20
277 17
422 19
79 17
62 27
6 14
136 10
356 13
14 25
16 6
154 27
125 22
473 30
184 8
161 9
19 24
284 19
220 17
122 23
21 15
13 2
53 4
116 20
4 21
53 8
350 18
38 18
20 22
63 23
157 32
447 7
347 26
26 31
286 31
217 11
181 5
36 9
80 23
493 23
280 9
454 5
102 31
307 1
352 5
176 17
296 22
387 27
204 16
61 25
410 13
499 27
209 15
175 24
37 31
370 16
415 12
149 1
166 11
341 30
27 24
378 19
342 4
169 29
380 5
89 1
209 24
231 1
326 30
56 10
128 5
30 3
100 14
411 26
336 3
135 6
119 4
388 8
331 4
208 26
136 24
351 24
235 21
464 20
42 15
274 14
296 23
64 3
184 18
364 27
428 18
84 14
65 24
209 28
379 24
457 3
212 15
62 30
92 18
358 21
248 15
302 19
137 17
142 8
42 17
42 22
207 1
367 23
300 24
370 19
343 7
45 30
485 14
204 24
187 13
61 31
395 14
329 31
431 6
202 32
327 7
293 25
71 24
359 31
87 1
401 29
55 5
335 27
254 22
319 17
302 31
227 28
296 31
78 10
377 31
402 27
373 30
291 11
205 1
165 3
377 25
72 7
361 26
174 15
295 20
259 16
74 13
143 29
391 4
299 15
350 16
173 6
97 27
16 2
464 25
444 28
245 3
475 14
272 4
424 10
491 26
365 8
370 3
136 16
430 10
231 7
337 7
352 6
70 28
87 29
48 10
76 4
397 26
101 8
49 12
290 19
409 10
306 10
365 30
390 18
79 24
277 32
226 4
349 31
347 11
31 18
316 19
390 32
8 6
436 9
70 25
299 22
82 21
256 14
250 25
444 24
468 24
95 13
199 27
340 26
81 6
143 25
328 32
312 4
226 31
244 23
323 6
124 25
498 11
54 11
227 5
427 18
420 25
387 23
316 10
368 24
447 26
144 7
394 8
462 31
406 21
117 29
98 32
337 20
471 26
194 13
91 32
243 26
493 29
332 12
58 31
407 20
61 19
482 18
210 3
276 31
203 4
195 17
335 15
100 13
125 1
206 7
117 24
428 25
280 16
120 25
310 6
44 6
280 6
27 17
24 6
456 31
397 10
379 12
385 18
240 1
122 17
75 18
244 6
198 27
113 13
63 3
47 31
496 10
188 31
167 11
28 10
289 13
123 23
360 11
496 15
15 26
396 17
207 7
443 21
14 11
73 20
329 19
386 21
297 21
199 23
136 22
84 8
206 18
443 25
65 6
368 7
55 7
20 10
253 14
18 14
368 30
46 5
413 19
373 13
356 11
171 7
352 2
414 2
163 12
326 15
146 1
158 16
455 13
165 20
490 22
177 17
476 2
257 4
5 13
448 28
255 18
202 23
75 15
16 5
175 17
316 12
34 9
223 24
1 20
399 14
421 12
198 28
1 19
487 1
287 14
68 22
403 29
500 17
88 3
418 6
207 9
285 4
409 11
432 5
246 6
250 7
461 15
414 30
105 1
170 32
186 26
433 13
210 32
269 1
298 18
262 20
474 22
96 10
405 19
290 30
412 31
316 9
338 6
186 14
334 3
185 19
296 1
459 18
400 28
154 1
469 24
405 7
461 12
324 13
230 30
367 21
4 14
365 9
115 2
135 24
109 3
319 32
288 9
409 3
208 3
88 17
330 24
119 6
343 6
359 32
259 29
416 31
258 17
455 29
34 29
320 22
260 30
250 3
267 6
85 10
424 8
2 1
367 16
247 1
118 25
484 24
329 20
490 30
32 29
310 21
237 14
411 24
471 32
394 17
21 31
415 13
354 20
49 5
240 19
281 25
399 5
84 31
16 6
17 27
222 22
315 26
159 25
306 14
88 11
218 29
381 24
405 15
252 21
307 15
248 23
199 18
55 22
77 18
207 13
468 28
270 27
238 5
359 7
410 11
93 15
407 26
463 15
60 18
263 26
56 10
8 6
8 11
387 12
484 22
28 8
373 25
86 6
77 20
4 14
94 29
317 4
422 3
162 29
344 21
198 19
286 5
4 25
119 18
80 11
335 27
258 24
256 19
21 16
490 9
22 4
473 26
435 26
468 25
374 15
225 11
61 10
479 24
7 30
305 6
52 16
45 25
199 20
3 3
335 16
95 32
427 15
45 26
164 20
14 29
174 30
311 2
99 22
149 9
239 2
43 26
93 15
450 23
238 28
213 4
147 4
280 30
430 28
139 26
188 8
482 17
241 29
447 11
434 11
296 4
48 2
165 28
276 14
486 17
269 11
436 19
210 23
340 31
243 6
84 2
333 14
142 17
210 4
412 27
35 15
18 26
396 26
426 31
499 7
35 15
461 2
181 30
389 17
13 11
350 20
412 3
161 29
107 10
345 14
216 15
428 1
164 11
470 29
345 32
204 23
234 20
53 15
38 17
287 14
275 20
145 6
22 2
294 9
379 2
350 15
220 18
383 24
452 9
28 5
320 23
231 22
247 19
172 28
427 2
185 29
149 9
442 11
338 4
3 21
225 8
15 21
333 17
384 21
249 31
285 1
142 19
178 32
150 25
375 8
362 3
481 14
239 6
384 21
9 10
293 14
442 11
234 10
55 13
410 20
27 22
428 32
61 9
259 14
157 25
341 26
43 25
379 6
447 31
358 7
500 2
392 25
160 21
215 6
93 32
369 12
170 12
491 30
252 10
495 20
86 31
425 29
8 20
410 22
418 27
112 25
120 16
358 7
332 20
492 5
47 5
248 8
8 26
149 4
191 15
19 5
330 4
405 5
99 2
494 8
284 21
432 23
312 17
181 8
64 8
272 23
236 27
30 28
460 3
207 23
173 21
427 30
20 27
190 14
348 27
133 23
492 21
385 19
57 9
150 9
292 5
435 28
291 28
475 19
494 21
253 15
257 3
20 1
213 14
394 24
96 3
394 23
295 26
242 27
398 3
323 17
164 1
68 6
73 2
408 26
74 32
436 31
42 20
459 30
369 12
369 8
230 2
403 4
243 8
375 28
386 1
33 17
158 24
207 30
346 14
499 15
478 31
453 15
242 11
477 18
115 1
277 4
459 23
368 29
174 6
45 8
494 5
460 7
380 14
232 21
336 27
200 9
17 16
183 10
415 3
71 17
356 19
224 6
378 27
218 7
388 26
462 6
42 6
32 26
143 16
350 14
346 17
142 2
53 13
471 27
187 5
347 18
91 30
59 32
365 25
223 24
242 20
485 16
309 9
409 12
484 22
281 1
159 15
394 7
451 12
29 9
108 11
383 6
148 17
370 32
421 12
468 27
127 20
150 24
320 18
91 19
167 27
335 13
349 20
239 3
295 19
140 14
345 6
452 5
18 25
208 31
264 27
305 2
127 2
29 10
363 27
305 25
194 15
58 30
71 24
45 1
415 12
267 7
409 2
455 6
242 15
216 29
189 28
246 23
325 23
317 15
245 29
68 6
111 13
184 13
124 4
398 14
411 28
1 31
85 31
96 22
321 8
182 22
183 15
176 32
201 12
46 22
464 21
87 19
441 30
459 5
497 12
306 15
75 6
429 3
465 17
336 17
40 9
146 26
296 18
433 28
17 7
145 5
295 12
111 28
1 21
4 10
129 17
460 7
319 5
214 27
117 1
271 12
270 17
81 1
442 30
264 30
344 13
494 30
140 24
225 32
25 24
193 13
241 1
207 31
245 28
193 25
173 3
368 6
231 8
358 20
165 1
186 8
381 19
498 4
283 30
216 23
154 12
163 30
412 21
304 16
141 20
368 13
310 11
106 9
239 23
416 23
139 13
411 4
280 4
243 10
333 10
424 22
218 2
231 1
306 14
489 6
381 24
462 23
295 3
83 21
85 26
287 16
99 9
243 6
308 25
495 13
295 14
478 24
3 21
344 4
94 8
458 3
392 27
17 2
338 23
422 22
96 32
497 22
257 23
275 20
76 9
204 18
186 2
85 4
94 32
200 23
464 17
365 7
427 17
392 8
183 29
390 23
372 2
176 4
477 7
44 8
423 23
125 5
132 1
500 13
488 15
116 7
59 28
157 10
65 20
101 19
64 14
229 12
228 21
267 8
59 6
107 9
261 7
441 20
143 21
321 6
343 4
433 2
471 25
239 11
341 27
486 28
33 6
191 24
470 22
167 20
119 13
9 23
207 9
475 25
93 11
330 32
434 10
189 12
55 11
291 15
469 20
150 13
489 17
464 19
2 2
486 32
254 2
351 32
147 1
160 7
471 22
26 24
103 6
307 1
344 25
403 21
224 25
165 5
97 5
23 14
258 28
69 20
58 3
323 8
95 11
294 13
324 20
320 30
237 7
287 9
75 13
393 11
297 29
215 13
37 5
342 7
300 7
10 29
33 12
412 12
18 18
44 21
229 28
471 29
342 17
45 32
149 1
270 2
198 24
190 30
72 8
84 28
146 29
80 22
129 28
305 30
401 25
191 17
416 5
93 21
269 18
376 17
130 30
66 15
129 32
413 17
491 16
128 20
441 3
313 21
50 10
418 10
170 4
430 21
120 7
193 28
364 28
9 9
213 30
172 14
33 4
98 3
283 9
158 31
283 31
495 9
292 5
134 9
372 12
397 16
438 5
231 9
156 23
145 25
17 8
266 17
103 3
424 30
439 9
460 21
255 15
405 14
219 15
358 26
454 18
433 11
194 20
395 22
402 3
422 30
411 19
171 21
401 2
250 31
26 14
411 17
368 16
30 14
206 20
379 23
493 16
105 27
475 19
388 12
93 29
498 31
347 24
16 3
113 5
85 2
326 19
122 13
162 16
482 31
391 1
229 7
172 21
273 18
35 16
225 28
320 6
130 26
241 13
264 21
262 28
343 3
47 8
484 16
467 9
279 25
177 3
444 24
192 32
197 30
228 6
205 27
347 19
417 8
183 16
292 16
232 18
235 26
302 2
189 16
386 23
329 19
326 8
114 17
191 19
446 22
436 7
169 2
189 5
221 23
468 5
167 31
350 25
180 15
174 1
271 3
187 7
473 16
74 31
232 20
101 14
34 8
32 26
169 12
342 18
442 17
106 8
212 11
64 7
106 25
463 24
296 30
326 16
365 11
58 13
14 30
126 7
397 13
304 14
228 29
159 25
158 20
481 29
70 32
463 23
281 10
254 20
131 11
399 19
181 17
443 19
318 24
445 19
428 25
484 27
245 30
28 2
109 20
122 14
255 1
409 11
214 18
314 16
93 1
190 17
21 1
319 30
404 28
256 28
12 15
190 8
436 9
10 28
428 7
426 15
67 14
69 16
347 23
475 27
447 1
416 7
149 14
8 24
349 20
235 28
58 9
320 14
345 13
389 13
163 18
159 26
499 19
213 30
313 8
488 31
56 3
429 8
489 9
459 25
404 18
401 29
322 24
454 10
252 19
494 22
360 16
495 3
83 24
408 11
451 23
358 6
150 14
413 10
74 11
178 17
416 22
290 21
149 23
459 16
289 20
166 13
456 20
359 6
423 14
136 9
364 25
230 29
131 26
354 28
365 8
33 32
461 26
221 10
268 19
213 25
130 30
57 9
242 19
178 28
384 30
37 3
158 18
464 28
112 5
492 16
52 4
255 9
49 3
326 12
153 10
224 27
268 8
423 25
398 17
172 25
414 24
232 3
178 27
211 21
215 22
264 11
429 18
131 21
197 4
292 9
197 4
187 20
147 6
472 5
62 32
381 3
55 24
249 32
10 3
372 17
12 23
343 16
209 13
416 29
484 4
457 28
427 8
144 17
105 27
173 2
462 18
492 17
17 8
100 27
51 4
455 2
310 5
354 2
473 21
274 32
32 3
487 30
78 10
235 22
449 3
199 30
312 26
426 29
281 30
207 11
201 1
97 26
309 30
380 21
422 25
292 10
87 14
263 4
260 21
197 28
256 15
469 11
436 7
247 9
124 29
103 4
465 31
185 1
148 24

