256
470 27
459 32
145 17
110 26
96 3
198 2
314 18
466 9
117 29
420 23
11 12
238 2
29 18
112 5
305 31
479 30
49 2
321 2
94 6
39 21
317 4
58 14
261 24
15 13
224 18
396 26
382 1
460 2
126 15
318 30
221 21
407 6
438 24
315 7
157 1
219 5
145 16
455 25
151 9
282 26
254 9
312 23
13 15
248 27
397 30
272 10
66 19
239 7
258 21
33 6
109 7
91 25
230 29
10 29
365 23
310 30
171 9
457 7
447 12
25 20
121 25
313 26
327 11
40 20
307 12
349 19
26 3
372 8
187 29
340 3
23 25
373 17
122 21
79 24
384 24
411 9
104 7
394 26
477 2
365 15
209 5
402 31
356 13
194 6
5 9
445 27
181 9
275 2
349 1
222 28
308 4
292 7
411 6
192 27
323 12
374 19
473 11
469 24
251 22
73 31
46 5
485 31
37 3
232 9
463 25
173 27
141 8
385 7
353 1
289 19
484 10
410 28
288 22
487 10
244 16
144 9
280 32
219 1
90 7
257 5
255 13
27 27
245 31
297 1
339 2
476 11
99 25
482 31
318 25
276 25
232 16
202 27
251 8
383 17
222 4
449 13
420 19
75 4
237 8
465 16
309 24
102 19
380 31
293 29
255 25
110 30
340 23
201 22
434 19
486 12
74 26
484 6
260 30
361 29
281 13
276 13
320 5
348 19
163 16
396 26
412 5
255 15
19 15
45 24
242 10
459 23
464 26
12 15
204 5
71 28
253 22
277 21
74 8
123 29
467 22
6 31
226 12
481 20
271 17
196 28
407 14
30 30
300 14
444 31
470 23
338 2
64 2
146 6
237 29
226 32
138 23
434 12
46 10
459 28
291 10
179 21
12 9
418 31
454 29
313 7
227 22
496 31
264 30
132 32
262 5
407 11
291 28
114 28
106 21
4 32
430 14
92 21
242 5
251 11
73 15
321 20
65 25
294 28
310 21
31 15
133 26
321 19
481 15
110 26
211 5
481 32
147 12
433 8
284 7
287 17
98 3
360 26
275 21
193 16
77 15
6 1
364 23
483 29
465 32
430 7
57 15
166 23
186 26
442 10
281 16
30 22
39 29
243 13
41 3
101 25
361 26
29 25
284 11
421 20
454 10
422 14
464 32
64 18
185 2
175 25
437 20
46 3
444 28
140 32
426 12
156 15
197 16
363 21
194 27
80 3
336 2
9 28
293 20
5 25
429 7
498 6
86 31
192 9
35 23
216 24
274 31
98 7
406 12
155 7
94 2
449 10
291 25
433 3
381 17
264 1
467 13
378 16
155 14
432 5
456 31
1 6
369 2
256 10
58 6
224 19
347 24
432 10
481 32
72 29
300 7
225 6
447 3
169 30
228 12
142 19
98 30
116 6
92 3
91 13
484 30
151 15
190 27
172 6
298 3
234 10
282 30
67 28
264 4
329 15
187 27
26 25
464 25
102 23
364 13
55 3
62 2
29 31
140 8
272 21
147 5
238 20
315 13
155 2
244 8
421 30
158 18
66 25
438 20
28 5
64 18
500 9
491 24
376 14
80 11
271 10
356 32
5 18
16 11
451 27
346 3
41 19
168 14
476 30
125 27
406 32
288 9
313 31
285 16
112 32
38 14
293 9
94 5
266 25
159 13
220 1
439 12
359 3
217 30
64 26
392 1
381 4
78 1
162 10
84 13
429 10
7 17
366 8
221 12
60 3
200 19
383 6
242 22
96 23
279 7
152 11
332 8
54 17
77 15
122 24
339 2
133 21
474 19
444 6
482 28
72 21
134 11
22 12
400 2
186 18
480 17
52 15
220 9
71 32
171 24
308 18
445 24
206 10
290 2
111 7
5 23
155 10
341 21
365 32
498 22
121 29
238 13
492 30
481 10
457 12
458 20
365 26
56 2
172 21
71 18
468 31
168 22
417 8
2 29
451 31
35 24
328 24
96 7
433 24
232 18
431 17
153 31
295 16
365 14
405 3
303 32
362 7
197 10
182 31
262 21
197 24
56 24
420 15
194 4
430 14
241 9
170 26
7 8
305 7
133 13
158 20
432 11
110 1
500 7
327 25
275 27
409 6
251 32
332 16
179 26
73 24
474 27
369 8
58 25
203 23
382 24
330 17
82 3
293 21
433 15
45 4
198 29
37 28
132 29
95 31
334 8
434 23
114 6
138 3
474 12
65 3
403 2
372 4
36 4
268 13
487 5
28 28
469 24
483 29
136 1
263 9
448 16
127 9
349 29
436 18
456 4
381 11
98 8
194 9
267 6
305 29
330 4
140 10
248 14
398 15
403 32
204 22
207 22
115 3
446 10
81 26
401 9
112 18
64 17
335 26
322 15
287 31
175 14
301 14
400 14
8 10
210 19
355 28
393 29
175 26
370 19
91 19
215 22
472 10
63 30
311 28
149 25
387 31
227 3
96 2
236 7
131 29
166 9
65 2
158 23
99 11
493 14
149 3
447 1
188 9
130 14
245 10
299 31
452 13
21 19
354 16
354 24
53 19
172 5
132 5
207 14
208 3
123 12
109 30
328 16
78 10
497 10
87 3
156 27
23 8
289 28
284 6
63 4
364 19
156 11
415 2
77 6
264 19
330 8
268 29
371 22
466 19
371 25
366 7
295 4
54 31
116 5
429 18
24 28
116 15
491 27
244 31
356 19
117 17
230 1
46 16
286 19
171 20
119 24
386 29
275 8
348 26
128 32
420 20
271 15
182 1
417 18
179 9
284 16
161 30
236 6
317 5
273 15
28 3
374 18
304 1
205 27
38 4
278 5
335 20
196 25
161 28
294 19
88 13
338 29
442 17
158 23
445 26
449 13
321 11
90 28
471 22
478 4
477 15
169 16
6 28
32 22
327 17
357 27
105 10
15 7
119 24
9 15
454 1
387 14
279 24
101 21
121 30
461 6
184 1
465 13
344 28
207 18
24 11
436 8
108 2
26 14
326 10
141 11
343 23
108 21
355 32
222 27
137 2
276 8
162 20
212 29
87 22
378 26
332 26
238 20
467 15
369 20
149 29
126 3
388 21
111 2
292 32
420 16
217 28
451 2
287 11
438 30
432 12
483 32
481 24
407 31
335 19
295 31
136 16
325 3
5 23
468 24
471 31
76 23
434 30
121 9
188 22
94 8
225 28
87 5
500 25
356 26
119 22
20 26
421 24
480 9
130 31
73 4
186 8
343 23
173 19
191 13
224 4
184 9
64 26
5 19
114 16
452 28
213 3
190 10
166 17
262 7
468 18
99 13
185 5
475 30
255 2
422 30
153 29
278 4
226 19
482 7
346 1
274 7
255 23
396 28
484 1
67 23
195 13
307 11
457 5
88 7
150 17
40 11
465 10
370 2
452 4
380 29
136 10
59 7
116 18
162 7
463 4
253 5
244 31
387 32
44 23
262 9
335 10
347 20
471 1
341 14
420 29
274 7
374 13
149 5
286 15
292 16
242 8
460 2
307 3
185 10
25 7
246 31
100 5
10 2
161 7
47 8
71 24
338 8
152 27
136 2
1 23
241 26
175 5
79 5
399 28
386 31
62 31
133 17
427 15
286 7
197 32
370 23
3 28
414 27
250 9
296 30
32 12
343 30
88 18
390 22
389 15
112 14
257 17
314 16
91 15
122 19
134 4
257 4
403 6
494 20
422 25
253 13
29 7
10 20
220 11
306 4
25 29
409 6
365 14
465 11
24 10
445 9
429 5
497 11
222 10
482 24
131 14
448 7
33 14
126 12
208 3
360 17
52 32
14 12
194 10
75 9
415 19
430 32
424 30
26 1
415 8
140 9
445 28
55 9
397 9
229 32
463 4
188 10
59 5
134 16
382 12
25 1
78 10
196 21
231 9
498 13
80 13
42 5
428 4
353 16
128 1
132 23
372 31
456 7
224 21
386 17
148 14
457 30
67 16
430 29
225 7
442 8
268 31
32 27
430 25
371 14
317 26
500 29
24 3
471 27
396 24
56 23
322 28
472 28
368 6
185 4
180 2
99 31
312 23
494 1
367 4
150 7
217 17
223 20
308 5
339 11
105 26
449 2
109 21
165 32
174 21
419 5
178 14
4 21
500 29
286 18
360 3
252 28
288 27
167 7
223 29
1 27
102 17
104 11
221 25
242 30
469 13
451 3
30 6
339 29
450 12
450 1
263 5
440 2
379 10
496 30
315 24
428 28
444 20
182 13
300 16
262 24
436 12
118 21
17 17
197 18
284 30
330 10
198 13
447 1
227 18
178 29
437 21
160 17
488 30
249 19
265 6
111 8
74 4
16 2
36 12
260 16
61 5
217 10
358 4
38 8
105 7
328 30
24 27
478 3
328 10
354 4
439 32
495 32
191 6
306 23
277 21
250 25
5 30
299 10
333 12
1 22
403 20
183 14
315 32
140 6
89 5
290 23
456 20
243 7
498 24
429 10
168 2
463 4
347 5
238 32
300 30
321 2
418 7
479 32
366 31
77 14
463 14
184 7
2 26
269 27
29 9
272 28
226 6
220 8
198 13
455 26
398 27
51 27
129 10
398 6
352 31
151 10
192 23
232 13
464 28
191 1
48 11
188 13
400 27
49 26
215 27
299 17
482 13
427 22
82 5
456 29
151 14
247 14
292 22
35 20
182 1
100 21
391 15
206 27
194 22
92 16
460 6
372 5
90 11
403 8
327 22
456 17
167 10
170 7
236 24
418 17
133 13
349 3
155 6
369 4
11 16
460 11
53 19
115 7
481 9
18 11
78 17
135 1
379 25
407 26
212 32
234 8
192 14
71 6
488 7
194 14
103 29
172 11
335 7
1 12
155 30
326 13
47 17
181 9
469 19
242 24
410 11
376 29
56 10
298 11
88 11
245 6
347 16
49 22
54 1
201 5
271 22
145 13
190 29
445 14
263 22
338 32
160 5
124 23
10 29
314 29
264 26
139 14
325 19
143 31
87 3
291 17
73 19
377 30
111 17
272 29
6 17
396 5
25 23
436 2
143 29
334 26
158 32
220 30
362 10
212 5
409 30
9 5
436 18
94 30
58 13
270 8
29 21
284 17
35 7
290 30
319 16
435 24
447 30
458 1
220 17
109 20
23 25
460 30
206 25
356 12
122 21
31 2
290 30
55 20
237 4
205 7
467 8
383 2
497 20
426 12
212 6
343 18
354 22
44 8
59 11
27 20
375 5
181 8
74 7
192 6
79 12
217 29
239 11
14 24
142 31
303 1
324 2
439 2
151 2
441 5
84 27
240 10
375 13
474 32
7 13
110 29
264 18
334 11
128 23
442 25
138 4
325 25
241 11
194 28
448 2
100 23
452 24
341 26
112 18
478 22
182 31
407 21
116 12
151 11
290 32
363 23
336 27
92 8
154 9
319 17
271 3
484 6
110 8
252 29
489 25
190 22
167 4
318 6
39 9
376 17
264 18
107 11
128 22
379 17
187 21
86 9
115 9
382 16
96 13
148 8
361 30
457 27
285 6
160 16
446 15
4 22
328 6
12 12
12 18
440 26
87 29
6 29
149 15
129 20
372 24
31 32
465 23
111 22
113 26
425 10
361 4
471 8
241 31
495 4
372 15
301 22
15 30
11 16
45 31
259 8
266 30
499 11
128 1
332 16
83 4
2 3
387 24
482 15
454 29
379 6
115 15
135 21
337 13
144 25
135 7
500 1
396 6
483 23
459 10
115 1
273 32
187 19
439 12
137 13
348 19
70 18
398 12
295 14
201 10
318 3
44 5
439 19
166 13
314 16
86 16
368 2
247 18
220 5
426 21
77 5
75 2
87 8
202 29
57 6
22 26
440 22
42 11
356 8
151 17
35 13
300 7
298 14
308 2
231 21
226 3
358 28
157 16
272 18
28 24
111 17
406 30
466 15
280 14
358 31
46 13
371 30
147 24
243 10
37 29
39 14
484 24
414 4
43 13
201 18
216 11
470 21
64 8
272 16
461 25
126 18
225 24
203 23
15 26
177 8
270 31
165 21
314 30
448 28
114 12
277 14
162 14
302 30
33 5
421 9
406 26
351 2
393 9
353 31
350 25
162 24
447 27
428 12
108 4
319 2
375 19
403 5
192 16
114 21
481 14
421 18
431 23
367 23
28 11
433 1
99 27
52 25
273 4
360 12
207 10
453 21
124 27
321 28
115 26
244 31
319 12
184 13
139 2
423 2
473 24
246 15
302 26
172 6
129 11
157 3
209 30
471 16
20 16
351 2
77 26
432 16
462 15
496 8
221 31
117 29
478 10
319 7
159 18
56 31
21 28
325 17
377 24
116 17
439 11
234 15
264 18
410 9
484 26
176 16
176 24
100 13
154 23
135 4
260 30
303 4
105 3
64 18
274 20
82 32
498 19
227 1
332 12
190 4
245 25
223 28
9 31
424 18
445 26
177 28
451 23
188 16
310 19
241 19
430 2
147 3
488 1
244 24
64 13
487 17
149 13
80 21
87 20
170 31
265 27
87 4
29 26
123 10
24 19
273 18
388 15
436 7
347 23
46 26
111 24
218 8
445 22
268 15
5 2
414 21
136 8
188 12
273 10
354 12
376 18
453 15
100 17
490 14
419 19
207 10
419 17
141 15
426 12
97 14
197 10
254 8
9 26
348 17
103 9
281 31
382 25
93 25
325 2
130 16
469 12
125 31
112 9
453 1
24 9
22 1
411 16
404 3
217 27
404 11
7 16
1 28
472 22
220 17
379 25
392 11
37 24
437 32
484 21
389 19
290 14
431 16
37 27
322 5
289 5
276 24
464 24
35 28
73 7
436 4
455 11
150 3
46 23
343 1
327 3
239 8
344 6
19 13
356 9
337 20
121 32
291 1
92 30
372 4
432 7
115 2
485 21
229 18
203 7
262 21
153 4
349 24
21 19
228 8
411 21
224 8
380 6
468 11
43 3
135 6
349 21
212 25
217 12
214 19
214 27
300 26
326 4
65 7
366 21
278 17
61 9
160 28
219 31
263 17
169 21
235 9
201 30
201 18
441 10
188 26
92 11
371 1
134 3
467 4
431 21
128 31
97 11
283 11
265 1
428 9
497 18
301 29
163 17
466 23
266 18
256 29
140 2
125 10
264 4
125 27
188 32
37 20
390 19
303 18
419 26
290 7
95 10
464 25
442 17
359 19
286 30
267 30
443 11
51 2
186 19
252 5
130 21
361 27
311 23
376 26
96 5
348 26
458 3
298 7
444 32
309 21
473 7
6 27
169 24
324 31
434 24
79 27
420 27
285 18
453 32
163 32
380 11
89 17
173 10
439 32
245 15
197 5
25 6
187 6
462 27
48 7
290 6
162 29
417 22
290 17
310 25
269 25
315 9
378 15
299 32
307 27
267 3
464 3
260 30
336 5
12 11
468 9
361 13
213 17
278 19
497 23
159 17
480 13
326 25
163 12
376 9
370 6
27 5
285 19
187 16
7 26
3 2
203 11
306 7
491 16
121 27
226 3
456 21
103 5
413 10
108 5
438 21
282 29
14 18
251 28
186 5
101 28
435 23
254 20
422 32
27 22
286 9
173 5
309 7
225 10
392 24
362 2
13 23
294 6
413 12
429 10
152 21
489 22
36 10
178 9
41 12
350 2
308 22
419 17
149 15
190 12
327 7
369 19
397 10
68 5
409 24
258 5
24 18
498 23
191 3
367 3
231 29
57 2
90 11
358 14
469 11
130 31
301 6
337 14
216 8
210 4
399 32
184 11
65 2
185 12
208 32
190 18
120 18
32 13
424 5
151 21
436 20
39 32
333 4
137 8
131 31
172 10
314 19
304 14
240 20
189 24
391 7
441 14
476 28
275 20
361 21
144 16
408 26
235 32
409 28
288 8
70 19
421 23
17 4
464 25
63 29
408 10
383 24
315 26
24 17
109 20
365 20
383 12
434 17
364 10
192 19
85 5
313 1
347 9
228 31
289 27
315 16
96 29
248 26
406 27
203 3
6 15
266 16
43 3
60 6
97 12
260 29
216 28
186 11
104 1
225 5
407 3
88 30
439 27
468 20
457 2
210 2
440 12
53 10
230 17
443 26
216 6
359 11
477 20
345 5
160 29
473 15
459 28
124 29
99 3
93 11
464 6
221 20
333 29
441 31
385 12
240 8
289 14
383 18
345 7
198 21
148 30
127 2
285 14
355 15
193 15
142 20
304 6
263 5
486 4
403 15
439 26
174 31
444 8
196 8
487 5
144 18
118 30
443 27
372 17
137 28
447 2
423 19
343 22
91 9
93 25
51 7
486 12
313 25
336 21
69 2
253 28
307 27
334 5
125 5
398 29
472 20
243 14
150 5
135 28
413 27
436 3
461 6
243 6
202 2
134 30
251 18
334 21
460 19
9 32
75 14
197 22
306 27
143 7
23 6
47 12
356 22
454 1
255 28
294 25
125 31
430 31
164 15
135 28
133 12
59 23
401 23
104 26
45 15
13 16
228 3
207 19
392 8
455 19
60 24
307 32
26 32
411 6
351 17
17 15
188 27
42 21
34 17
498 2
447 14
349 18
420 11
313 8
419 23
162 22
367 4
161 4
55 19
433 17
468 9
92 31
376 5
299 21
481 1
338 20
158 7
305 30
93 9
445 3
384 30
488 14
277 13
493 3
275 26
440 2
226 19
453 5
15 19
361 11
399 15
274 1
237 3
190 5
47 2
340 10
91 31
31 31
31 8
49 10
301 20
251 2
18 11
479 28
306 31
379 16
389 4
464 1
82 13
306 17
490 13
410 12
27 17
298 22
316 11
67 24
186 9
345 4
372 31
439 17
14 5
232 10
173 16
231 14
404 16
234 10
384 24
325 6
288 31
171 31
173 25
422 6
406 14
265 21
441 8
305 10
372 4
59 20
287 29
150 15
28 31
436 7
82 12
25 29
234 7
175 18
136 16
116 1
66 32
21 10
435 25
163 19
416 5
350 15
214 7
97 13
86 20
208 27
143 32
388 9
130 18
486 5
362 17
9 31
185 25
284 23
57 26
425 13
370 15
27 31
477 23
176 26
6 31
81 8
318 12
80 3
233 10
64 30
222 12
224 10
305 3
25 21
156 9
333 26
427 27
108 12
185 3
169 26
369 25
394 30
420 17
485 1
94 8
450 20
323 26
73 23
32 29
488 24
398 12
213 28
235 8
431 23
159 12
313 11
52 18
65 8
382 9
328 28
448 5
143 2
154 11
397 26
164 4

