256
245 11
393 12
487 29
188 7
268 8
114 8
311 7
301 6
307 21
452 32
479 1
360 1
5 22
174 27
3 30
277 15
333 9
378 31
421 14
225 16
297 10
184 15
148 4
52 30
332 19
129 2
383 9
286 15
482 24
338 20
329 26
82 29
134 28
35 6
377 31
446 29
448 13
484 23
316 31
401 8
242 17
309 4
221 11
11 22
406 28
37 22
165 11
451 22
430 13
407 14
244 16
34 19
184 21
138 12
256 30
499 5
418 27
120 7
105 26
44 6
181 5
300 9
51 14
346 20
234 25
341 5
456 10
20 4
391 1
491 18
46 1
494 11
499 29
157 32
447 13
169 11
133 32
324 31
217 17
218 7
421 18
279 17
431 2
220 25
158 2
170 31
402 31
222 28
128 26
59 18
430 32
200 22
195 15
448 12
44 5
214 8
222 28
44 17
494 11
177 31
324 19
410 13
361 7
329 12
360 3
413 6
114 25
203 1
339 15
72 6
167 29
198 9
480 5
245 21
356 1
328 27
119 17
108 4
71 16
319 22
322 12
71 20
196 22
448 10
128 31
268 22
155 29
34 18
409 22
459 16
199 26
147 9
78 18
148 32
41 27
281 18
198 16
1 9
329 24
130 8
318 1
101 16
213 27
310 30
264 8
89 6
257 23
483 10
340 26
185 8
448 29
94 25
168 30
241 16
394 19
303 11
119 20
387 16
242 28
157 29
315 25
319 3
184 17
108 23
282 20
255 30
108 24
78 28
145 23
123 10
41 2
453 27
385 15
342 2
34 22
130 12
95 32
122 30
452 25
152 26
372 18
167 27
309 12
106 30
414 1
195 10
358 27
113 22
485 14
219 18
304 20
217 18
500 10
27 3
418 2
388 13
288 18
268 28
2 29
401 31
453 32
221 30
94 13
255 3
490 9
448 29
25 17
42 16
354 28
178 28
450 14
412 17
323 15
36 28
404 5
239 8
384 3
370 29
143 24
407 8
153 19
277 29
371 18
52 28
90 29
199 11
498 31
479 9
141 6
144 24
302 30
104 13
44 5
366 14
152 8
22 28
478 26
332 28
171 3
276 24
316 14
2 9
436 28
485 25
198 21
472 11
214 15
388 18
251 1
147 15
228 20
206 2
169 2
257 24
272 20
303 3
210 17
104 13
136 28
73 13
68 21
36 2
323 15
243 22
379 17
476 22
261 13
163 17
70 20
472 18
155 23
132 8
79 31
213 18
175 25
251 10
33 22
227 16
412 29
281 18
210 8
247 18
140 30
102 2
33 10
255 23
348 6
403 6
325 19
195 31
251 21
444 24
434 19
491 13
139 11
134 28
230 5
373 5
142 15
430 18
400 24
212 23
274 6
376 2
432 18
300 3
219 7
318 16
413 32
349 8
134 26
455 27
214 16
231 31
302 5
232 21
196 24
151 25
409 6
270 21
299 25
375 29
312 16
21 24
55 9
331 24
202 2
50 32
113 16
474 14
144 14
318 16
1 12
12 1
197 2
453 7
202 11
12 25
222 16
441 8
252 15
315 25
408 16
220 32
200 22
137 19
251 14
34 7
125 10
363 9
179 28
168 4
494 19
97 32
414 13
195 25
159 6
117 11
429 9
438 20
382 23
323 32
232 8
86 29
253 12
381 27
263 20
163 13
430 27
176 7
147 18
211 1
83 16
75 12
368 21
491 21
439 5
84 14
21 25
82 29
116 15
56 11
214 22
487 8
180 2
42 22
383 13
334 10
432 1
181 19
273 19
251 31
484 26
436 4
354 22
128 21
184 23
199 5
104 21
244 27
50 26
460 9
390 6
102 1
54 6
323 26
304 25
388 15
406 3
494 3
192 18
79 27
156 22
124 20
18 11
394 32
356 30
204 9
499 25
269 8
290 27
229 21
163 24
84 4
290 21
30 18
402 29
208 14
442 11
21 27
402 14
378 25
119 1
206 13
89 10
168 22
417 20
175 23
363 14
203 5
38 32
338 8
44 1
201 13
80 21
296 1
486 1
293 13
458 26
221 26
324 13
128 8
488 26
374 11
411 24
355 8
12 4
239 19
440 3
244 15
11 7
55 25
415 8
453 8
197 29
122 4
265 17
463 9
50 9
455 16
116 1
111 23
204 6
34 7
492 9
218 31
19 4
203 21
471 27
9 12
31 30
39 32
230 26
400 23
42 26
442 1
366 28
136 29
253 1
267 9
149 24
99 23
108 29
303 6
307 7
97 13
292 32
484 17
341 19
3 26
440 12
390 5
348 17
77 8
397 4
48 25
179 22
415 22
150 26
68 8
28 12
497 4
151 32
44 3
67 27
224 30
342 22
163 13
342 3
493 23
82 4
487 1
390 30
398 11
119 17
51 22
481 7
317 7
378 13
122 24
259 5
302 12
310 24
141 32
202 13
242 32
228 4
396 9
129 21
360 23
462 6
245 2
308 5
424 17
125 17
333 23
94 30
335 15
449 27
258 14
163 3
137 22
79 12
359 7
381 18
158 6
479 10
135 2
18 14
322 31
307 26
229 20
139 23
6 11
241 16
441 23
466 5
145 24
313 11
307 17
424 28
386 18
69 28
39 18
281 4
432 7
366 5
190 20
75 28
147 12
163 23
274 28
367 14
376 11
124 18
75 19
349 16
448 17
331 22
206 20
198 18
50 23
150 20
122 16
139 8
95 25
206 29
132 25
138 7
307 2
392 30
308 4
193 24
8 24
445 22
339 6
55 4
260 28
331 6
131 5
1 6
473 11
298 17
483 11
315 5
48 15
22 32
446 15
315 6
442 3
371 16
457 1
19 4
332 10
449 6
170 22
391 11
360 12
451 2
475 17
334 2
471 8
229 17
274 23
426 27
6 16
494 2
424 28
29 11
213 14
68 19
131 27
229 2
350 23
35 28
295 8
346 6
427 30
238 4
321 11
414 14
162 7
491 9
271 19
191 7
200 2
69 2
420 21
23 2
179 5
445 18
129 26
443 27
68 12
459 12
194 28
417 15
483 7
291 5
129 9
439 25
442 4
362 6
360 29
335 3
145 3
364 13
273 10
32 20
189 6
79 10
213 23
88 3
253 14
151 21
62 18
413 31
301 7
420 12
363 10
198 3
237 1
484 9
70 23
200 30
208 26
491 28
124 30
319 12
159 5
460 32
58 13
279 10
499 2
370 21
304 3
219 24
332 6
400 13
68 27
363 23
228 17
399 3
487 17
430 25
185 13
69 11
113 23
304 11
396 9
323 3
92 22
442 15
95 25
379 23
143 5
141 6
150 31
424 4
255 21
132 4
94 20
386 26
250 1
21 2
214 3
48 21
88 30
431 19
386 29
401 9
254 21
102 23
432 22
38 2
378 21
329 11
221 18
381 18
255 9
319 28
95 23
272 3
60 18
69 9
362 29
325 15
361 31
369 4
304 30
330 29
427 10
356 27
372 12
468 14
488 31
93 30
5 24
468 8
121 20
212 22
356 1
301 1
315 9
360 18
427 9
150 25
347 21
351 14
92 30
195 19
308 3
13 16
206 16
79 2
368 7
159 19
179 27
291 5
480 23
462 10
339 3
110 17
468 20
106 23
129 24
342 13
142 26
452 19
185 19
24 12
173 11
127 31
345 17
47 8
67 24
81 6
470 18
294 17
1 20
200 22
403 17
270 5
246 29
243 18
103 11
334 7
153 28
329 25
228 7
173 19
234 17
256 24
147 13
344 7
300 15
480 11
287 29
247 8
322 5
314 8
107 23
403 3
310 19
108 29
310 28
35 23
88 6
450 14
339 22
233 18
188 16
44 3
313 10
358 6
483 3
409 29
21 27
200 10
246 27
219 7
290 21
301 1
395 11
463 13
44 3
74 3
258 26
409 30
259 15
55 17
289 16
182 10
126 13
343 23
391 25
129 28
166 26
260 8
32 10
144 3
268 17
361 30
38 10
299 13
36 30
389 8
169 10
337 22
154 4
369 28
92 9
427 9
130 19
20 5
260 3
439 8
436 12
109 29
421 31
121 12
112 6
483 8
283 4
278 5
203 10
184 2
346 23
255 20
149 26
340 4
493 31
139 16
282 15
400 30
6 21
9 9
382 27
101 8
162 14
304 4
375 12
10 8
302 16
47 10
93 19
61 5
369 24
12 26
298 32
351 19
432 31
124 13
201 12
328 23
101 32
430 15
471 31
46 12
406 17
425 23
183 1
435 19
36 15
200 30
210 2
340 1
260 11
157 24
186 32
26 14
319 8
112 9
246 18
264 20
102 8
354 4
25 4
186 32
86 1
97 31
286 13
287 1
251 11
208 13
279 6
74 9
41 22
90 18
47 5
141 8
41 14
283 21
134 32
476 3
204 17
218 1
361 32
237 19
299 24
399 21
29 25
377 9
362 14
59 20
171 31
407 31
45 5
479 30
360 6
100 3
378 1
255 18
173 3
53 11
286 3
251 23
127 27
235 8
297 25
99 27
344 21
381 4
397 11
417 28
164 32
22 6
185 32
483 1
118 27
179 28
338 9
70 24
259 16
156 11
449 26
373 32
111 29
31 7
463 3
467 23
18 32
20 2
468 18
262 1
241 12
340 10
72 13
245 23
65 32
237 5
154 6
8 8
214 6
474 9
188 16
303 9
132 26
259 15
379 12
387 23
312 11
48 11
135 1
65 19
192 2
63 25
115 26
164 8
459 14
356 6
281 14
55 12
183 25
214 18
36 9
180 27
327 8
434 9
372 6
12 7
3 18
112 13
496 31
297 10
264 4
304 9
162 30
308 24
22 14
109 25
122 17
256 8
220 25
260 31
390 11
5 5
197 4
361 8
95 5
349 14
161 32
254 26
361 10
369 18
435 26
143 12
118 30
59 1
290 2
279 19
293 3
423 9
103 8
384 9
292 32
258 20
236 12
125 28
277 30
182 11
323 24
470 32
425 8
128 10
197 30
244 21
40 19
181 6
302 12
42 5
148 4
397 11
163 5
182 3
366 19
1 24
390 2
479 30
349 22
231 17
363 3
238 19
345 2
396 14
334 6
90 25
89 10
215 23
359 8
41 16
463 5
264 4
362 30
370 14
200 8
310 6
426 3
316 30
317 16
267 18
353 29
130 29
194 12
395 20
443 11
480 13
179 11
109 20
188 18
453 27
429 30
301 3
161 24
328 5
31 11
126 27
303 31
27 12
302 9
252 28
59 3
1 1
325 25
480 20
290 20
251 2
46 15
276 18
370 4
34 13
402 11
487 20
117 30
403 18
138 30
365 25
236 21
137 12
177 13
424 22
400 14
36 17
428 27
354 1
118 23
49 11
249 20
426 9
401 29
486 22
334 7
438 26
271 7
481 8
395 4
117 18
281 20
91 12
167 4
357 12
183 25
155 27
144 20
148 28
260 29
286 10
187 31
367 30
1 7
109 23
103 1
41 27
229 11
295 3
278 19
382 8
259 4
391 23
320 6
298 7
374 3
376 5
362 18
222 6
441 6
461 3
406 5
129 26
335 3
380 28
425 10
72 32
149 6
86 4
203 7
251 12
22 26
488 11
368 17
96 4
390 12
54 28
408 2
281 30
105 17
354 25
126 29
64 6
238 13
446 12
236 20
367 29
321 7
491 24
415 22
199 13
494 32
452 17
286 28
495 6
96 8
270 5
124 22
199 5
186 20
4 21
339 6
381 19
76 23
51 3
161 5
499 14
353 22
258 6
385 12
379 29
451 8
405 22
37 11
286 31
98 9
495 4
159 4
447 26
450 1
428 6
97 10
467 9
227 17
290 16
328 24
296 15
372 12
352 28
7 30
130 20
278 13
392 20
204 14
374 9
186 9
115 18
79 1
287 17
305 8
472 13
448 11
263 31
171 30
226 13
455 20
132 1
184 23
224 15
212 1
39 17
102 5
235 28
86 29
40 22
448 12
226 3
130 28
65 12
306 27
180 20
350 24
196 13
186 8
271 18
368 17
350 17
166 4
352 27
104 24
492 4
403 18
150 24
57 7
36 6
357 27
474 14
378 13
442 32
440 20
17 28
224 18
480 25
450 24
343 21
75 3
308 17
404 30
212 32
24 11
26 4
314 31
289 23
223 10
458 31
293 6
174 32
192 5
109 13
188 11
397 10
137 25
442 32
14 2
204 25
104 5
120 17
283 12
460 13
137 29
19 17
95 4
148 26
49 8
278 4
59 6
202 31
230 7
439 19
500 30
483 20
426 6
372 4
9 11
64 5
304 27
277 10
478 5
35 6
384 8
114 30
337 23
341 11
161 27
161 5
124 8
468 25
97 27
256 30
226 11
454 13
253 23
278 3
7 24
108 6
327 17
184 11
91 32
81 4
154 18
468 17
89 31
325 5
477 4
142 30
102 4
82 19
178 31
289 20
226 28
425 20
173 28
67 19
335 19
366 20
92 29
264 28
471 12
365 20
223 2
1 29
305 27
383 30
497 3
369 15
270 10
126 10
105 32
57 32
191 18
279 22
459 23
462 9
334 18
228 17
387 13
233 24
367 27
25 31
489 6
437 26
391 15
404 19
106 32
286 32
437 5
430 31
311 7
176 28
420 3
52 10
483 24
349 21
454 22
64 14
471 32
404 9
414 11
207 28
322 13
167 26
261 16
153 11
338 32
66 13
82 18
415 17
105 23
117 27
192 24
204 6
32 15
226 5
117 9
316 2
129 27
48 5
78 20
311 32
379 20
376 20
345 2
80 14
257 9
212 4
80 15
314 23
226 23
260 22
175 27
132 19
409 19
395 31
230 5
106 24
433 9
271 29
123 15
430 3
251 17
30 22
260 15
293 29
438 8
178 4
478 9
119 23
191 13
77 32
422 18
231 10
14 2
334 4
56 16
70 6
108 12
135 31
146 7
203 31
330 13
47 16
41 25
46 16
29 26
355 22
7 6
7 4
439 5
360 22
456 13
299 19
380 21
282 18
212 12
460 9
364 18
200 13
22 29
340 15
70 10
204 32
131 3
448 21
403 11
62 26
439 4
420 15
497 29
48 20
185 15
452 32
365 20
8 10
100 7
492 6
245 28
245 31
110 8
296 4
202 29
369 9
421 8
311 25
193 22
180 13
216 7
128 4
486 24
170 10
186 5
107 14
208 19
9 29
247 32
180 12
12 28
292 28
40 10
404 8
311 31
312 3
418 31
458 31
278 19
340 20
140 22
97 23
353 13
368 3
260 19
250 8
299 2
407 18
495 23
273 10
245 12
184 26
374 17
417 32
120 32
467 27
406 19
309 30
20 4
60 11
427 13
402 5
202 21
266 25
471 14
354 31
473 13
229 2
29 17
349 32
104 19
258 5
82 11
470 5
94 1
231 4
190 1
448 27
293 29
291 31
454 20
181 2
32 21
124 29
257 4
208 21
491 22
425 28
384 27
376 13
275 14
53 8
442 24
411 2
65 21
200 30
197 29
444 8
141 3
288 22
94 32
314 28
165 2
359 20
484 22
80 23
192 16
278 17
132 32
219 28
389 18
65 29
150 24
312 31
278 8
244 32
151 29
307 27
146 18
66 26
251 13
240 10
277 13
427 4
205 13
307 1
266 23
29 12
231 32
410 8
495 29
231 13
61 2
311 22
407 20
187 25
21 30
451 29
295 29
260 23
373 30
295 6
288 19
405 2
366 26
230 25
170 16
357 14
201 12
288 3
43 18
468 31
252 30
415 26
146 26
248 2
443 6
359 11
216 24
452 9
281 21
145 7
493 6
32 21
21 23
4 15
145 19
182 24
92 8
293 9
474 32
458 24
433 16
498 28
431 14
432 24
482 5
14 6
430 17
371 26
216 18
216 16
48 21
107 19
197 23
227 30
290 4
437 26
351 23
221 26
88 24
197 5
80 14
247 5
106 5
162 5
194 6
384 25
478 26
231 22
92 5
195 5
140 8
454 26
270 18
123 1
178 3
129 5
380 15
470 14
343 7
10 8
64 6
276 6
235 10
67 15
314 14
59 21
97 17
147 18
38 1
426 11
440 22
324 19
281 25
8 23
127 18
11 11
263 30
436 21
496 10
175 21
467 22
114 11
98 24
132 7
380 13
202 27
463 1
342 7
169 13
69 23
218 27
189 20
69 16
181 32
330 11
76 16
292 29
63 5
152 22
376 12
103 29
54 5
453 19
363 21
448 7
471 29
214 12
349 26
487 25
49 20
87 12
464 3
165 30
119 28
71 18
199 21
422 13
293 10
351 3
346 30
438 9
167 11
328 11
432 14
395 28
482 5
455 5
211 15
174 14
287 20
323 17
121 13
441 1
118 28
420 20
441 13
484 19
7 15
325 26
328 31
121 29
52 27
457 10
398 2
443 20
226 22
20 30
362 1
462 23
456 1
146 20
237 5
207 3
143 3
384 15
102 16
131 5
431 12
118 20
69 5
363 2
178 10
343 27
46 29
369 5
185 27
101 10
495 31
368 18
189 8
460 2
107 10
498 1
381 20
216 2
380 26
447 17
16 2
95 13
446 27
266 26
329 10
255 20
376 15
165 8
374 4
58 12
269 15
369 2
374 32
451 25
218 5
161 29
390 19
145 3
422 26
317 2
479 31
129 10
193 25
270 2
120 27
46 9
85 26
390 11
201 12
415 18
440 12
2 22
34 23
16 11
408 20
409 19
403 1
92 31
182 13
161 21
391 14
393 16
175 6
138 31
325 28
497 1
183 30
298 5
496 13
23 4
145 27
494 19
320 17
493 21
298 17
5 4
414 6
15 4
31 12
167 28
260 19
324 14
12 17
10 4
433 1
467 29
167 28
475 22
396 32
190 9
472 19
85 14
444 31
325 2
307 19
33 18
5 24
211 21
328 17
228 5
309 30
189 11
153 16
165 4
483 10
297 30
252 25
191 19
183 28
373 1
358 17
258 19
113 17
231 16
393 30
200 17
151 21
27 19
404 27
406 18
397 2
43 32
434 26
195 17
453 7
309 2
471 3
24 31
387 26
23 19
63 2
331 17
314 29
219 25
48 25
454 28
178 25
443 20
82 13
284 6
203 20
195 10
10 27
460 8
176 22
378 11
408 28
155 13
65 30
290 16
202 15
407 15
91 5
46 24
338 5
409 4
273 4
269 14
26 21
382 17
62 15
143 1
319 22
42 3
227 19
346 8
425 28
10 8
304 24
391 17
236 28
237 20
255 1
142 28
437 23
36 31
133 7
319 15
180 12
185 14
42 2
185 31
485 10
186 29
249 4
133 29
227 1
344 29

