256
219 13
216 20
311 15
198 8
31 19
70 4
497 7
273 11
78 32
78 23
103 16
20 2
312 4
298 6
82 26
100 12
375 3
279 9
2 29
296 28
375 25
3 24
419 16
54 20
31 8
355 1
267 18
70 3
158 19
352 7
157 31
242 19
118 17
419 19
201 10
2 27
283 12
446 1
483 20
49 9
131 31
497 17
480 10
179 5
137 27
227 9
185 29
27 26
341 21
272 25
10 25
115 32
481 5
345 31
412 21
328 18
499 16
142 2
94 21
467 22
203 17
226 7
365 24
41 25
48 12
97 9
289 4
201 9
476 9
83 31
141 14
280 15
86 17
320 23
93 22
112 19
183 9
386 19
440 26
104 11
441 28
395 9
263 27
201 6
343 24
476 31
193 19
325 2
380 29
160 8
134 3
323 24
311 20
67 10
337 22
88 17
221 7
210 16
429 10
73 4
193 25
106 6
155 15
219 14
427 31
210 28
353 16
80 12
91 30
265 15
19 9
407 3
335 24
74 15
378 7
386 2
399 20
159 9
274 14
291 12
108 12
463 12
383 26
475 29
391 12
251 9
92 9
500 2
125 29
392 2
423 2
423 1
121 10
78 22
311 32
297 2
219 7
81 5
5 4
277 23
147 11
8 2
387 11
219 19
431 18
364 10
239 23
378 7
72 19
456 22
322 28
3 28
215 3
196 3
342 32
465 20
202 24
429 29
182 23
303 9
109 3
170 27
157 27
262 24
2 29
313 31
173 3
419 27
101 26
457 11
438 21
134 3
97 19
79 14
61 14
242 17
252 7
72 8
310 13
487 15
401 11
337 1
465 7
311 17
221 23
359 26
40 25
500 24
407 27
265 19
312 27
340 23
269 15
322 2
243 28
240 3
458 29
420 18
387 30
338 3
349 29
468 32
41 24
227 31
398 27
265 25
497 20
475 22
366 12
343 28
307 7
307 12
215 2
389 5
159 30
60 19
478 3
98 14
346 8
316 11
315 29
155 23
240 17
428 18
276 3
417 2
57 11
49 11
152 9
223 11
219 22
317 32
161 15
214 18
90 25
101 24
165 31
67 5
384 26
362 11
116 2
445 4
205 25
146 24
486 29
166 8
150 31
399 10
101 20
168 2
197 24
446 1
374 8
117 5
357 26
120 29
460 28
348 8
260 14
371 21
362 1
448 27
223 3
25 11
162 32
216 2
311 5
71 12
376 7
293 13
17 32
409 28
327 8
139 14
249 1
35 30
249 30
325 31
32 29
497 22
392 21
255 18
77 25
237 5
12 13
37 32
144 25
3 6
52 29
260 21
353 22
114 30
127 10
424 19
138 5
56 1
485 30
434 17
135 15
365 22
403 5
377 7
197 15
368 29
75 31
401 7
272 2
380 7
304 32
409 17
428 32
322 28
125 3
324 19
129 1
460 12
441 28
430 2
66 29
90 20
128 14
419 15
355 30
149 26
157 13
451 32
224 28
347 9
378 7
311 15
211 3
390 11
106 11
492 8
319 9
163 2
274 21
345 5
83 5
138 15
402 8
175 29
359 9
177 1
43 32
95 21
258 8
108 31
6 11
238 24
384 1
122 9
37 10
137 7
162 11
210 31
362 4
392 21
256 32
13 27
55 3
255 32
294 14
231 27
165 4
474 12
424 11
408 25
264 1
431 2
171 20
340 28
227 27
456 3
151 4
485 25
278 11
221 15
453 23
221 17
122 27
368 30
345 15
6 25
319 20
386 25
428 25
373 30
308 4
340 14
500 28
366 13
415 30
200 31
240 4
187 14
170 10
407 3
180 32
123 7
199 20
339 26
84 19
336 31
95 23
404 30
351 18
222 25
207 5
483 3
193 5
160 6
426 26
228 5
329 2
455 11
209 10
209 1
208 28
239 18
70 11
247 4
264 25
36 10
389 18
268 5
390 27
147 3
344 18
420 12
76 18
255 8
19 27
132 23
210 7
380 7
217 23
199 12
447 6
301 11
104 1
120 13
199 26
160 15
491 23
418 30
304 16
54 3
338 13
253 31
259 32
326 3
110 16
306 4
461 3
95 12
379 30
261 29
331 8
471 1
350 5
91 5
412 4
327 30
384 31
296 3
63 1
469 20
200 19
432 5
233 6
76 23
91 8
39 25
255 30
297 12
250 23
109 21
234 23
262 10
366 14
464 20
234 16
303 30
58 30
94 22
463 17
104 5
357 31
29 7
356 22
67 29
64 3
117 6
461 3
119 14
140 26
457 29
365 8
158 11
49 27
416 8
124 12
268 4
366 9
442 5
474 28
177 9
386 17
186 23
23 28
376 2
237 5
239 30
296 24
376 16
499 7
59 30
162 3
453 27
327 10
99 8
254 31
188 3
68 30
337 2
29 29
456 14
249 2
367 12
293 18
91 11
384 18
264 10
180 8
424 30
462 3
9 23
297 20
205 16
421 18
158 10
106 21
67 14
362 1
249 14
26 19
297 9
192 32
454 23
480 22
432 25
252 24
359 24
488 7
116 28
456 25
61 5
89 27
118 2
59 10
455 12
409 7
493 32
15 6
175 14
27 10
138 18
398 20
178 13
410 17
496 18
417 13
130 21
35 8
10 2
317 4
29 13
67 1
325 17
23 3
278 1
456 3
179 13
262 28
89 15
500 1
388 20
493 22
476 19
469 29
472 13
300 1
10 10
77 6
150 7
388 23
500 19
193 26
196 14
385 24
477 32
72 28
355 4
85 26
295 13
18 10
42 21
470 19
35 11
440 24
349 31
463 24
169 7
377 16
109 5
352 17
200 31
152 22
339 29
87 25
493 4
102 2
273 12
436 23
322 11
342 6
201 28
222 26
459 14
437 23
415 16
355 22
63 18
372 17
94 26
237 23
414 10
120 22
261 12
344 10
282 25
456 31
341 13
204 23
478 32
69 12
280 19
358 30
280 13
446 18
186 22
460 3
371 31
136 20
338 3
417 32
16 12
454 16
400 21
6 18
500 18
269 3
348 30
472 7
354 13
352 16
450 31
342 1
94 10
304 7
456 16
402 7
444 3
178 19
215 27
72 11
108 1
197 15
170 13
286 8
437 13
119 27
300 8
59 9
289 14
323 29
433 21
419 24
283 25
71 14
131 14
268 31
186 4
45 12
484 2
435 9
319 9
11 26
364 29
10 1
282 16
249 6
260 31
442 27
263 8
96 10
357 31
484 3
178 20
102 18
62 32
434 4
440 28
497 23
216 30
455 1
189 19
62 17
222 3
47 8
218 18
81 31
356 24
321 17
444 14
194 1
161 27
236 20
274 32
402 13
89 1
337 9
263 19
429 4
457 3
320 31
468 28
453 3
316 29
356 31
46 21
467 22
232 2
305 5
285 18
198 29
118 30
1 5
488 30
216 5
256 19
323 20
139 31
398 2
47 9
416 4
358 30
149 13
139 1
297 31
214 2
147 4
232 31
212 15
280 15
367 28
166 21
463 16
463 4
109 13
317 16
304 10
461 8
114 11
256 6
373 26
256 3
153 7
17 4
409 29
494 8
184 19
464 6
314 15
357 18
139 21
149 11
346 13
246 19
411 26
73 31
175 32
153 15
18 2
42 26
318 3
53 21
46 29
498 23
499 2
133 5
379 9
431 20
446 1
387 12
382 31
139 12
138 11
234 3
312 11
432 9
161 29
481 2
57 22
65 3
36 1
191 14
181 22
489 30
2 7
334 15
333 20
290 2
114 19
476 10
297 32
258 9
96 15
15 20
420 3
58 27
479 28
220 11
73 9
489 6
435 18
308 20
293 13
441 2
119 25
35 27
176 29
76 19
235 14
126 14
20 27
313 18
282 16
360 7
444 4
280 7
169 32
350 25
184 14
71 11
58 5
421 29
453 8
207 11
437 20
45 4
366 1
157 4
444 17
354 8
216 21
118 9
220 7
197 32
108 27
410 26
428 14
250 32
178 5
271 10
492 3
422 6
375 2
209 18
446 18
57 6
46 6
46 26
344 14
373 32
65 2
469 8
463 14
75 4
230 17
458 10
11 27
283 21
308 23
407 14
404 31
267 13
193 32
66 16
257 30
191 21
423 7
16 14
81 3
229 6
287 30
235 6
64 29
34 20
359 32
329 26
107 19
63 3
258 12
186 30
418 1
391 8
387 14
77 27
348 6
333 3
343 15
284 27
436 1
482 30
461 14
408 31
256 30
217 17
449 18
82 18
130 32
410 25
230 14
39 29
143 19
415 22
290 6
96 13
367 29
370 7
238 1
245 9
450 5
209 7
66 6
468 8
114 17
416 19
67 18
123 17
177 14
398 6
87 21
42 25
421 27
131 26
392 3
2 25
391 26
443 29
204 23
4 5
491 3
11 5
76 5
118 24
22 27
69 5
360 14
413 32
373 28
290 4
474 27
456 5
205 27
321 20
161 4
76 23
446 14
60 25
422 17
273 4
395 13
404 26
303 4
386 3
63 19
142 29
317 1
253 1
199 1
132 11
100 11
214 9
496 29
65 10
301 17
65 23
30 20
301 24
487 10
210 22
212 31
290 8
151 18
253 26
466 28
412 21
443 5
109 30
249 29
59 13
362 19
96 11
442 20
278 29
285 27
330 24
41 3
375 23
12 7
244 5
215 20
393 9
132 21
298 25
377 13
281 30
331 8
184 5
475 9
53 23
299 18
254 27
352 13
234 7
311 1
191 21
336 3
33 12
287 3
348 7
39 8
253 13
356 12
141 10
249 17
441 23
426 14
442 21
378 3
343 13
355 5
213 23
319 30
158 29
428 5
120 14
336 8
186 27
11 11
373 7
223 5
10 29
210 15
129 12
477 12
276 19
356 24
373 23
85 10
483 20
238 22
181 26
177 27
116 16
45 24
150 31
4 19
267 14
461 12
153 17
367 16
472 6
119 12
100 28
226 15
419 3
36 16
388 1
318 16
252 14
195 5
480 3
412 7
116 24
142 8
13 8
399 12
285 29
179 9
72 12
319 7
71 26
294 10
418 31
165 9
324 32
274 23
410 5
49 17
260 14
144 4
253 14
459 2
410 6
274 2
393 32
176 31
149 29
125 19
431 1
439 6
500 8
56 1
452 25
137 8
498 8
187 27
25 26
140 31
135 5
268 15
208 7
46 28
115 22
274 29
310 9
150 22
128 29
422 28
13 7
495 27
190 13
465 3
178 16
1 4
220 32
395 23
414 32
134 8
109 32
72 10
472 5
431 23
129 21
382 22
263 20
356 8
409 4
370 6
127 10
102 6
489 28
476 14
435 13
429 15
368 24
16 19
276 23
494 29
151 27
398 5
103 1
216 15
276 22
448 22
159 29
303 8
396 22
401 18
238 10
428 14
385 24
500 29
390 9
417 24
368 10
304 18
270 7
332 13
308 19
150 27
180 28
318 7
81 22
109 18
251 24
127 32
331 31
148 28
471 20
463 10
229 14
159 6
489 26
246 16
473 19
466 28
50 11
430 30
353 26
151 31
278 14
442 32
108 25
32 18
4 14
268 8
464 22
81 16
120 30
451 28
424 9
95 29
403 24
454 19
414 9
62 3
86 15
150 1
444 29
122 19
379 13
31 6
19 7
145 18
289 19
81 20
363 3
389 14
50 10
372 11
150 17
5 7
288 15
131 7
39 25
177 21
345 19
110 7
170 14
352 30
201 4
373 27
458 1
32 32
455 8
322 28
40 23
43 23
185 9
57 15
129 22
344 6
144 29
336 1
411 4
474 11
471 15
377 13
459 13
436 25
16 21
221 11
287 23
382 15
139 30
250 32
227 1
93 27
249 16
35 7
319 25
325 26
59 22
70 21
314 17
134 21
465 2
383 16
320 32
426 22
258 27
77 16
119 25
206 24
301 5
230 27
453 15
260 3
108 25
379 5
185 4
101 14
217 23
253 28
303 26
346 20
205 6
395 15
295 13
42 7
397 4
65 13
178 21
211 21
357 5
57 22
453 17
395 13
343 31
57 29
28 26
56 12
379 19
407 29
255 32
119 15
71 4
351 20
64 9
384 4
1 32
165 21
152 27
474 23
409 10
491 17
487 3
372 1
201 22
38 19
226 32
309 24
43 27
396 26
423 19
378 15
423 22
376 2
453 5
272 9
82 11
1 16
13 21
432 1
150 13
371 31
329 19
23 15
189 2
181 15
400 6
385 6
451 32
100 11
312 31
468 17
485 12
164 21
340 16
209 10
268 7
68 8
109 30
23 5
211 31
111 19
464 16
284 30
107 31
21 19
106 28
367 6
307 3
87 7
478 15
340 13
78 23
397 14
201 11
187 19
325 5
373 12
496 29
405 3
243 17
225 24
264 23
290 19
473 24
421 10
226 8
399 27
18 11
193 18
417 27
481 29
379 9
232 19
213 16
329 32
265 9
155 12
347 20
302 24
23 22
121 17
333 23
255 27
17 19
420 21
29 16
377 12
457 24
134 29
448 18
124 8
218 19
295 24
426 17
235 17
22 16
253 3
226 11
57 7
306 8
27 10
80 12
93 16
363 18
204 10
243 8
77 28
310 4
376 31
172 2
239 25
317 15
47 23
498 23
137 23
431 23
488 22
66 21
397 5
10 16
294 9
131 31
64 16
94 23
379 21
105 29
309 9
108 8
167 5
310 27
111 28
318 26
453 19
382 21
15 20
301 5
496 27
31 31
223 4
54 25
240 14
69 4
430 32
255 21
484 9
399 30
8 32
44 21
303 5
309 9
168 13
477 19
392 15
426 18
482 7
66 9
488 30
121 9
162 23
13 1
143 12
91 3
331 22
111 29
58 31
302 18
232 18
92 19
137 21
236 18
199 13
43 14
286 7
103 7
241 19
296 28
82 6
34 9
371 20
397 20
266 10
357 29
180 9
119 28
169 18
137 24
210 7
53 8
193 27
146 10
326 21
317 11
30 2
171 20
49 24
32 6
469 12
163 28
40 17
167 17
191 4
428 32
482 12
247 23
339 21
108 20
37 4
422 3
329 17
170 25
364 29
190 8
441 32
184 28
337 26
40 19
153 19
278 7
151 25
309 5
121 28
4 21
395 21
279 3
221 13
99 12
149 24
120 17
344 23
421 8
152 24
262 13
131 11
291 9
267 15
269 15
70 4
100 8
252 26
186 29
326 4
408 15
275 27
415 18
181 11
353 1
499 18
489 13
5 31
409 31
81 1
362 22
4 17
113 27
190 6
79 16
285 31
194 3
365 28
381 10
147 13
230 9
199 22
125 27
348 9
325 32
413 6
429 12
350 17
22 32
394 29
407 30
439 12
440 19
411 20
200 13
405 5
53 31
498 9
157 13
61 17
124 25
371 32
92 12
148 10
111 5
214 25
70 32
320 2
306 11
181 14
287 21
434 12
187 12
368 11
128 5
176 4
457 18
7 1
117 19
162 8
47 15
448 25
378 4
478 31
350 14
40 4
95 30
179 21
109 3
476 32
31 27
191 3
400 6
35 8
56 12
95 14
274 15
422 7
14 31
38 31
261 17
350 15
254 17
487 22
279 2
450 25
316 24
147 7
41 30
435 20
81 29
402 3
275 7
209 28
426 14
150 18
175 28
40 12
232 2
494 30
192 23
170 31
286 16
426 11
201 20
274 22
240 31
488 27
202 32
154 11
294 16
312 12
7 27
451 22
228 24
451 31
238 8
278 28
139 3
202 4
266 3
473 5
354 16
223 7
359 21
181 28
384 12
323 14
46 30
331 1
69 21
396 3
104 29
330 18
79 3
285 20
357 13
52 6
420 23
116 11
3 28
134 14
343 13
479 12
82 29
365 30
441 12
308 12
136 29
489 6
19 18
261 4
382 16
289 26
438 21
432 16
404 9
177 23
373 23
486 30
315 14
308 3
313 27
150 32
456 11
217 22
264 29
53 25
141 2
150 18
450 21
370 5
498 30
451 18
53 29
28 7
342 11
474 3
153 23
454 28
317 7
434 28
499 10
429 15
31 6
421 32
11 2
37 24
39 31
229 19
127 24
310 5
294 3
475 7
461 8
258 26
302 19
209 17
29 9
143 7
215 31
243 9
204 11
84 31
117 8
185 4
124 10
416 1
480 14
67 5
169 9
218 3
367 18
475 23
415 17
158 9
180 4
57 15
30 16
477 22
155 30
93 22
7 32
399 19
249 29
279 2
141 20
92 32
125 22
106 31
182 19
19 21
14 23
300 3
66 16
393 29
289 17
202 20
345 8
486 29
417 28
214 9
315 1
416 19
222 30
330 28
136 24
320 6
127 19
44 20
247 32
116 15
273 2
34 1
417 7
61 13
486 27
242 16
431 29
91 17
178 20
260 10
119 27
315 25
198 22
289 16
146 28
182 6
73 32
386 6
86 2
174 8
72 7
223 23
72 25
7 29
84 18
266 23
196 20
151 25
290 27
40 31
47 6
56 19
289 9
460 10
90 10
297 6
400 8
368 19
184 2
424 12
491 21
174 30
121 16
283 18
467 30
48 1
395 19
483 7
99 11
409 4
428 1
201 3
76 4
150 8
293 5
83 23
261 20
173 1
431 11
494 13
480 1
113 11
347 32
409 13
390 1
485 29
374 25
347 9
457 20
412 1
420 2
236 17
101 12
265 24
418 3
484 29
3 17
123 22
44 24
146 25
348 18
453 25
19 19
374 7
499 17
75 30
483 30
154 7
273 31
318 30
381 2
87 3
250 1
84 1
92 26
77 16
63 13
364 21
383 9
259 5
374 2
355 12
347 16
290 8
130 16
161 14
113 31
97 2
308 8
6 23
113 26
42 12
166 14
460 4
142 27
485 15
256 11
222 26
198 12
425 8
471 6
393 11
36 5
148 3
21 13
446 13
290 31
12 11
244 24
206 2
394 22
104 13
380 10
454 26
337 7
109 15
168 21
93 15
490 4
250 6
244 11
346 21
33 10
339 21
33 12
218 18
234 5
426 1
146 3
42 2
109 26
492 20
3 8
183 8
323 20
57 26
478 30
450 6
111 12
490 7
184 15
420 25
380 21
233 1
76 19
211 32
128 18
164 26
138 22
177 4
129 13
230 6
487 11
467 17
171 5
92 14
367 15
474 6
208 30
123 27
184 9
170 28
238 13
145 19
382 22
39 10
406 20
467 12
150 26
341 20
446 20
25 16
146 6
410 5
408 28
339 19
420 25
254 29
45 3
32 7
220 6
288 25
189 31
369 22
40 1
362 21
344 10
148 21
88 25
194 19
144 24
437 23
392 19
220 21
89 3

