256
27 16
160 2
85 5
461 12
185 31
275 11
334 25
162 9
260 32
353 28
58 4
221 23
277 30
2 27
351 19
170 5
266 21
134 22
405 2
317 2
265 31
332 22
408 9
458 19
69 18
246 14
173 31
192 13
180 2
171 14
228 32
463 21
372 24
46 13
42 10
422 26
304 25
107 31
98 12
82 10
78 31
143 18
497 26
403 25
379 5
410 14
117 24
154 24
320 11
468 9
264 17
18 28
142 16
482 11
391 11
256 24
94 10
70 6
83 8
470 30
248 4
271 16
455 13
204 10
475 11
486 11
412 19
10 5
330 31
495 29
258 2
40 19
351 29
144 13
432 22
98 16
345 21
395 19
497 6
425 23
473 14
61 12
117 6
492 2
413 30
370 14
439 18
224 9
222 23
73 18
480 31
185 4
243 31
475 19
233 19
209 21
160 10
292 32
43 15
426 19
120 31
328 10
56 31
198 30
270 6
283 1
292 15
425 22
101 27
272 17
149 17
389 12
306 4
436 8
314 13
7 29
155 26
342 27
89 23
340 14
161 6
458 32
292 18
486 32
484 29
77 24
441 21
292 6
497 15
446 10
87 8
95 5
489 12
155 25
179 22
286 31
171 20
290 14
329 19
58 17
384 30
296 28
450 11
422 10
165 15
108 19
22 26
196 22
193 22
439 7
400 20
209 6
23 3
384 12
125 1
368 4
426 3
36 15
102 1
25 6
27 12
221 4
37 16
409 9
469 7
452 16
275 20
290 1
10 9
500 11
465 7
346 6
382 13
468 23
393 12
452 27
327 20
318 27
439 23
444 8
277 19
275 23
406 12
200 28
88 3
402 28
270 19
145 19
184 21
337 12
308 4
347 23
312 4
349 26
94 20
157 23
390 24
125 12
199 4
415 23
227 12
190 16
266 19
350 29
3 10
229 6
473 15
148 4
294 13
386 12
492 30
462 6
177 14
381 24
262 23
162 24
462 31
187 31
241 8
380 23
221 4
109 29
386 24
181 3
104 30
418 4
311 15
181 16
317 25
363 14
207 20
269 16
430 11
246 3
342 9
117 2
436 21
310 29
481 30
204 16
259 13
383 22
352 27
409 24
475 11
449 1
498 9
348 15
23 30
449 4
422 10
481 18
142 2
234 10
484 13
410 26
410 12
163 21
207 19
132 25
193 16
214 26
296 9
117 10
358 25
237 12
482 17
193 32
358 10
97 17
363 2
435 16
150 25
384 20
372 15
240 8
94 5
106 21
14 10
262 19
490 10
354 4
66 26
447 11
472 11
116 26
253 6
457 26
350 12
461 9
206 24
137 23
153 18
243 10
167 8
92 28
353 26
479 10
343 1
340 22
172 15
351 24
356 23
29 18
350 29
130 27
40 10
57 16
211 27
413 21
154 21
385 18
154 15
423 32
140 15
14 27
69 4
86 17
375 2
334 28
454 27
131 17
433 7
241 31
338 25
372 3
361 4
497 26
322 15
214 1
33 15
123 26
442 12
230 12
173 11
244 10
229 30
323 9
412 27
156 5
419 27
240 32
486 28
497 15
6 18
120 7
288 10
196 18
154 9
101 2
191 4
304 23
69 6
432 5
244 7
81 18
465 16
145 30
259 10
460 21
55 27
359 27
25 26
276 26
330 8
355 20
72 6
290 12
339 9
472 10
159 25
96 15
76 12
276 19
437 24
303 16
18 1
38 22
66 21
71 27
40 10
266 7
287 23
103 26
480 2
207 14
126 30
317 2
246 8
388 30
31 26
25 17
202 22
90 19
226 21
13 6
290 26
228 12
36 30
53 15
256 8
357 25
265 25
286 14
468 13
396 31
214 24
47 31
334 20
33 23
500 29
176 5
174 8
217 6
437 21
76 4
380 16
277 1
456 22
6 8
87 25
422 8
173 20
67 30
159 23
416 15
348 16
299 9
51 3
230 27
136 2
383 19
89 27
11 25
72 1
320 18
121 5
310 9
264 32
150 30
30 26
432 9
361 31
398 31
449 31
101 24
136 23
451 17
493 29
325 1
329 8
426 22
88 11
94 3
166 4
476 32
13 12
424 5
490 25
135 10
152 27
374 23
70 12
67 2
136 15
330 5
386 20
266 1
46 23
27 8
306 3
259 22
262 14
190 23
355 28
392 30
263 1
348 8
292 27
97 20
157 11
96 31
386 17
219 27
423 2
142 1
100 8
46 17
434 16
315 28
115 6
349 1
27 12
208 18
462 17
449 15
83 28
13 24
108 11
250 19
328 20
463 15
495 8
343 16
299 5
271 2
67 3
290 17
167 10
262 20
6 7
450 20
458 14
259 14
397 28
152 4
103 18
355 10
325 17
229 16
206 4
37 32
470 18
216 20
27 17
468 20
391 9
471 25
83 17
470 15
89 5
54 27
86 4
140 14
457 29
33 10
220 13
285 5
247 24
177 25
180 32
157 31
264 19
475 30
60 28
324 16
416 30
42 21
137 14
262 21
254 31
458 9
67 6
13 9
445 5
290 5
36 14
399 12
276 25
145 3
168 21
186 19
198 28
287 18
261 8
131 18
398 4
486 17
34 6
481 6
391 26
306 14
419 12
77 7
428 2
233 23
42 27
233 7
146 15
276 30
271 30
419 28
198 8
132 11
457 5
412 23
86 26
125 5
273 29
403 9
274 19
351 19
53 8
257 2
454 17
307 12
142 13
392 15
184 19
421 1
339 9
487 21
402 27
281 6
16 3
430 21
317 13
456 2
216 32
123 9
96 2
245 30
6 28
428 2
10 5
182 5
33 24
125 14
483 17
311 10
87 1
286 7
373 5
476 32
157 11
108 20
380 28
341 25
339 29
426 5
469 27
49 13
127 1
138 5
429 12
458 3
40 11
121 24
188 17
203 20
47 31
447 6
366 24
14 17
260 24
405 20
250 29
432 4
329 25
188 13
368 21
327 16
240 23
23 15
395 30
122 1
240 8
422 21
59 4
309 18
227 25
397 12
369 4
204 17
248 23
157 32
36 11
227 11
282 21
405 8
326 26
173 13
297 14
374 32
29 6
173 11
99 22
83 19
397 6
368 21
28 32
112 7
211 2
41 12
438 9
371 8
174 27
32 3
341 21
326 25
291 18
328 25
419 26
207 32
47 14
164 26
302 7
489 24
464 17
355 29
326 21
368 27
324 24
469 24
8 30
384 6
496 19
186 22
472 9
433 10
170 8
296 3
370 4
334 21
16 28
86 13
117 21
192 32
56 4
455 24
158 6
361 17
401 27
270 4
143 27
94 24
298 17
135 16
376 20
204 7
8 21
84 32
94 27
267 21
138 21
64 31
58 9
151 18
323 21
34 5
475 3
128 16
219 22
291 6
82 3
188 25
487 31
416 32
397 22
81 23
254 32
33 3
420 4
121 10
308 10
410 6
484 10
405 30
3 20
351 8
394 14
376 12
161 23
312 5
176 32
295 21
239 16
92 7
215 12
104 10
69 30
155 32
255 3
457 5
458 31
193 11
344 12
83 24
415 2
265 14
489 23
19 31
442 26
237 24
25 21
381 25
206 15
496 24
298 20
68 7
110 8
458 29
32 8
161 22
137 17
387 9
39 5
203 13
218 12
488 2
132 5
186 17
255 17
296 4
336 3
307 21
327 28
102 30
359 6
155 11
242 21
119 28
298 25
260 23
112 12
109 3
468 18
79 2
31 26
274 6
441 16
15 7
47 12
476 13
433 22
251 6
22 9
305 3
41 9
38 5
164 18
247 3
143 26
352 5
255 9
391 15
408 5
313 2
224 24
210 32
121 4
329 23
180 5
313 13
49 18
77 32
347 23
194 6
204 6
14 3
374 20
5 6
160 6
439 7
309 21
38 10
460 10
424 4
351 24
416 27
290 32
315 12
370 28
329 6
109 27
32 15
246 24
468 6
57 26
140 26
406 18
295 6
395 2
209 9
157 24
200 2
319 30
434 12
225 30
261 26
104 24
168 6
32 27
311 12
392 22
305 2
479 7
367 2
20 15
322 1
402 13
474 28
386 15
259 3
21 24
444 4
15 3
29 30
301 19
338 16
289 14
341 15
93 23
492 28
485 26
140 10
186 30
457 16
224 12
34 24
439 13
72 17
143 4
203 11
439 24
486 31
33 11
345 25
237 29
441 6
354 16
107 27
397 20
314 25
131 27
216 1
175 11
373 21
387 31
111 5
466 25
255 27
275 15
327 3
139 7
84 32
199 23
235 3
458 4
215 8
247 11
8 5
69 24
90 3
159 24
483 12
148 9
326 18
188 25
137 2
419 28
170 21
262 28
212 27
303 18
10 29
60 9
322 17
101 27
287 23
314 26
86 2
6 8
439 25
416 7
371 30
295 28
155 20
147 10
331 21
495 16
202 23
209 19
387 25
489 25
419 30
294 16
319 20
119 18
344 22
332 6
72 26
457 6
238 23
443 28
108 9
407 29
47 3
35 5
275 27
458 9
28 15
401 23
402 15
104 14
405 31
163 24
265 20
53 6
426 11
421 21
135 11
193 18
294 31
466 8
453 19
113 17
378 9
179 3
383 14
228 27
420 3
114 4
362 14
37 31
364 9
172 11
136 4
180 1
295 17
348 27
272 24
431 5
28 17
279 23
94 23
49 10
249 3
49 14
32 22
248 8
246 31
246 17
487 13
161 5
421 25
231 32
24 10
340 16
122 11
314 24
477 22
81 25
228 13
186 8
270 17
359 32
56 32
248 18
380 1
26 8
473 20
344 8
121 11
251 23
5 28
162 21
278 14
409 9
74 18
468 28
231 30
211 18
281 10
31 8
422 24
312 2
15 23
94 8
189 32
230 22
260 11
26 13
484 23
393 17
232 5
104 10
38 6
99 31
328 29
330 25
36 21
347 31
295 4
38 12
135 3
29 30
9 10
282 4
44 31
104 8
387 32
89 4
373 12
446 20
168 8
301 28
268 7
106 7
438 31
250 12
261 18
170 13
387 19
464 27
329 3
58 19
126 18
343 7
333 24
50 5
267 6
56 27
348 25
301 21
303 18
61 23
31 10
35 29
384 18
199 13
416 24
279 22
402 21
40 6
113 21
290 11
143 9
265 6
357 5
127 23
466 27
73 24
120 15
265 31
456 11
67 20
71 10
265 12
170 4
261 10
96 27
13 18
247 25
80 4
46 18
114 19
96 7
211 15
497 31
421 21
141 24
28 11
185 16
238 30
447 7
136 10
401 28
132 3
128 19
454 17
268 32
36 15
458 14
281 26
72 9
110 20
188 21
275 32
428 20
78 22
362 5
268 26
64 27
113 19
313 2
216 16
485 7
294 6
348 26
248 31
126 13
130 2
494 16
389 5
268 30
499 29
234 26
95 1
368 19
192 32
476 23
111 21
9 12
254 16
181 25
274 6
210 31
323 7
11 8
327 18
381 5
462 7
442 4
263 17
466 26
340 10
212 30
106 12
57 23
427 13
64 8
247 21
307 25
179 21
484 5
298 5
182 19
183 7
167 17
136 12
103 7
277 26
129 18
386 13
445 32
274 24
364 12
484 14
440 6
338 4
18 7
492 19
245 18
378 15
322 17
247 12
191 15
90 27
109 11
4 9
138 1
412 17
500 11
374 15
408 31
66 25
49 25
328 30
82 5
408 12
421 6
179 11
381 28
430 21
94 13
393 16
413 28
436 24
198 30
54 21
76 24
381 1
380 24
122 26
116 9
217 16
387 27
147 3
163 32
107 28
212 19
339 24
154 11
239 19
140 20
307 3
115 19
191 27
99 32
456 6
397 24
102 23
270 16
253 8
27 15
40 26
61 14
65 14
208 31
64 31
446 6
62 29
260 4
407 2
268 10
276 12
237 29
150 18
328 26
290 26
464 29
295 8
262 3
237 2
13 20
316 18
373 1
370 16
333 4
194 8
489 25
319 13
49 20
435 32
221 24
433 20
256 11
59 29
437 15
338 13
446 30
258 26
86 12
153 2
255 26
221 28
18 27
172 6
358 6
145 26
181 29
465 16
155 7
157 19
317 10
39 22
351 29
283 5
276 24
206 22
485 15
477 3
169 25
272 23
458 13
308 27
493 29
426 16
295 22
442 24
428 1
77 6
129 28
66 4
499 16
489 3
50 10
41 6
318 13
448 31
229 12
265 1
380 3
424 10
476 18
489 23
198 14
33 14
129 6
433 27
221 9
313 18
238 2
192 19
18 19
330 6
246 10
170 5
488 22
151 4
459 15
218 24
56 22
333 4
52 21
162 16
37 27
246 15
180 25
181 9
427 18
294 9
308 19
1 7
260 27
110 14
494 4
77 5
281 9
233 20
377 6
104 26
72 5
392 27
137 8
151 7
138 16
291 21
111 28
443 10
146 5
440 31
232 28
40 32
129 12
344 1
369 23
122 17
499 1
395 23
141 14
253 2
489 12
74 31
187 16
321 28
420 32
175 27
479 30
15 31
337 14
464 25
8 25
497 30
302 20
492 2
437 16
219 29
139 24
228 1
11 4
361 27
11 23
433 29
248 15
96 28
156 27
492 31
347 29
20 12
232 15
89 16
459 15
148 25
154 7
126 13
126 22
447 12
372 27
477 31
178 4
406 5
334 13
348 16
237 31
328 24
434 8
191 12
279 19
192 28
417 29
96 3
6 14
30 29
273 22
51 18
281 20
134 22
57 25
146 9
404 1
465 5
92 7
432 30
197 19
154 18
144 1
8 1
143 1
230 23
395 24
216 15
88 29
141 12
182 10
288 13
462 20
273 17
463 32
127 19
178 8
124 1
232 23
322 22
20 31
140 14
330 19
292 1
204 32
264 5
421 32
321 18
7 1
491 13
148 17
480 17
100 3
146 31
86 19
57 17
17 32
370 6
51 25
467 2
297 18
342 1
133 22
303 4
106 21
460 21
113 15
429 28
394 22
394 11
40 14
83 24
498 24
106 32
316 4
5 8
153 6
181 6
211 27
129 16
479 24
272 19
379 8
154 24
274 7
250 5
349 28
73 2
487 26
245 2
453 1
266 17
446 18
94 32
132 30
323 26
162 18
52 28
293 25
163 22
455 20
83 19
447 23
148 1
184 20
438 12
492 11
92 25
204 18
444 7
407 6
148 4
211 11
459 16
107 17
273 2
236 31
216 18
361 8
318 4
107 20
31 15
14 11
387 26
308 31
404 10
448 32
486 27
102 12
218 13
269 14
474 32
197 1
390 1
404 3
305 3
166 19
461 20
457 23
249 24
381 12
182 25
203 15
191 21
314 28
69 22
249 14
290 21
230 7
206 22
237 26
348 31
196 8
434 9
358 30
120 19
185 1
271 20
171 29
396 9
220 8
270 32
357 19
469 2
89 10
423 2
387 14
80 14
281 17
86 19
46 22
81 22
358 15
321 5
163 16
365 2
383 10
53 11
45 21
29 21
46 3
310 32
73 21
366 5
253 3
195 18
156 27
232 14
125 16
394 19
120 30
20 22
95 21
93 3
297 13
124 7
423 13
478 31
174 19
52 6
146 26
428 13
21 31
18 29
414 11
284 13
372 3
239 15
79 3
457 32
303 8
70 29
217 11
424 22
242 31
19 19
220 18
391 12
456 25
237 30
319 24
106 11
26 12
9 17
26 9
332 28
101 21
405 5
151 20
58 28
154 20
482 9
374 13
317 21
281 29
402 7
424 28
493 13
203 9
405 21
170 12
56 2
340 8
438 31
491 31
86 12
274 8
369 23
440 9
180 24
89 29
22 24
440 15
164 31
219 1
223 8
8 2
9 12
442 14
338 4
496 3
280 30
342 4
268 29
184 31
204 16
232 18
487 19
296 10
17 22
422 3
254 22
369 6
277 14
264 10
297 31
240 32
28 22
223 16
66 14
446 6
381 9
199 3
200 22
221 12
359 22
455 8
71 19
78 11
188 1
164 16
451 32
60 27
189 18
478 6
392 23
375 28
452 1
343 27
418 11
366 1
204 20
240 11
198 21
325 5
361 9
221 20
96 4
494 28
265 23
389 20
97 12
132 12
336 14
198 2
388 12
382 23
439 9
421 5
494 22
225 18
438 29
17 5
76 18
20 21
184 32
348 21
23 23
328 23
156 6
316 27
293 25
190 15
21 18
71 30
207 28
220 4
240 20
380 24
450 7
360 13
159 19
117 17
390 1
243 13
26 30
144 22
106 25
252 23
442 23
344 17
470 3
292 9
3 28
228 28
274 11
288 8
146 9
317 7
405 31
135 14
117 26
99 18
110 6
52 28
24 28
200 13
310 31
406 20
218 21
115 28
424 23
275 29
363 27
307 7
150 21
48 22
219 22
191 32
347 15
231 23
490 6
67 7
477 24
463 30
309 9
185 12
35 28
152 29
402 10
15 15
250 22
168 12
59 11
148 6
453 6
480 2
364 30
444 16
370 2
385 2
39 6
261 9
233 20
322 22
221 8
37 26
250 8
290 8
266 17
65 10
18 8
215 1
442 19
72 27
268 29
192 30
230 8
231 2
67 12
447 23
91 27
460 16
243 21
352 20
389 4
282 27
164 8
491 17
6 11
119 14
371 6
79 8
317 17
413 7
212 31
373 15
46 12
346 28
81 21
499 5
317 12
227 4
276 26
436 13
132 30
406 10
419 5
305 15
145 25
469 17
279 17
363 16
172 28
315 28
109 26
73 9
445 31
256 24
220 31
205 27
300 30
56 30
94 20
452 23
132 32
151 3
112 5
438 11
424 29
387 16
418 7
308 26
313 3
434 29
457 22
87 28
247 27
473 21
206 4
135 26
47 17
100 18
149 13
145 20
289 3
104 30
193 27
420 13
326 9
241 30
194 32
38 16
322 18
484 7
490 14
216 24
254 27
398 18
352 6
326 16
276 9
50 16
191 5
176 32
25 5
150 10
244 23
9 29
252 29
91 29
314 3
481 8
473 30
173 4
123 30
168 10
278 1
217 9
37 20
188 17
160 5
130 27
227 18
467 3
482 26
71 24
68 19
67 24
132 23
68 18
89 15
151 26
155 19
38 19
463 10
455 30
118 28
377 9
73 15
175 27
104 9
202 3
500 16
267 11
358 22
385 26
272 23
16 18
458 21
172 16
334 6
393 12
61 5
148 13
464 30
391 27
270 24
442 1
211 24
400 13
393 8
218 16
374 25
293 7
490 4
250 11
441 3
126 9
263 9
337 26
446 28
497 12
171 18
336 26
497 23
154 21
222 11
108 28
160 4
426 17
215 24
323 15

