256
360 31
216 3
110 24
89 24
194 13
199 2
416 24
314 17
267 16
219 4
122 23
313 18
3 4
497 4
189 11
226 12
357 1
138 19
300 23
194 26
71 1
251 6
292 5
258 2
496 28
265 21
399 1
266 17
433 7
304 29
249 13
20 26
321 22
72 4
88 21
317 14
9 24
199 13
336 9
414 15
284 19
152 22
255 9
138 23
31 25
11 32
173 27
237 17
392 4
465 27
424 17
192 13
52 26
437 3
346 6
422 6
380 21
367 11
193 1
25 12
297 20
207 30
270 3
314 29
454 2
491 29
263 30
13 26
423 1
53 25
3 14
102 30
398 24
368 30
324 9
369 17
132 19
294 9
221 27
413 26
89 27
403 15
288 31
368 14
68 4
478 6
245 3
303 18
399 11
288 18
267 24
46 14
231 15
150 31
150 26
477 6
316 15
292 11
497 27
164 12
431 30
337 15
424 20
21 26
14 16
248 16
315 13
177 17
336 18
348 5
239 8
426 30
406 29
360 2
227 31
170 21
368 30
36 28
497 4
317 14
67 32
141 25
413 25
278 8
494 25
84 20
4 21
341 21
77 24
162 7
427 3
16 18
41 31
437 17
310 2
251 20
373 27
108 13
60 21
32 29
65 31
489 12
327 1
476 3
381 22
262 15
172 5
452 24
179 13
101 4
346 7
67 14
93 2
355 20
263 14
57 3
205 1
247 31
225 14
490 25
63 11
263 27
27 7
298 17
307 26
396 32
452 10
73 1
339 7
48 1
165 4
280 1
500 18
455 5
99 32
33 2
194 4
248 24
214 13
128 28
147 27
23 6
188 7
494 15
374 26
479 2
497 18
462 1
487 32
425 2
212 1
451 9
456 30
329 13
94 8
188 16
183 2
190 6
9 27
248 22
76 3
271 17
188 24
273 23
499 21
464 22
5 26
467 25
463 31
481 32
306 13
500 8
434 5
62 22
75 1
175 19
239 1
75 23
380 19
453 15
395 4
440 27
181 2
63 19
404 24
50 6
416 1
49 17
89 26
291 4
271 17
166 29
262 24
287 9
290 31
371 16
358 27
434 30
68 29
384 28
392 2
385 23
334 13
155 7
395 13
290 1
262 31
377 15
398 16
367 31
106 14
74 16
400 23
205 3
207 29
494 6
226 30
256 31
163 3
185 17
59 14
425 12
132 13
46 1
168 17
419 10
354 12
441 5
203 5
423 21
437 5
359 30
146 22
73 12
376 1
216 7
435 12
106 26
293 12
151 20
268 25
437 25
265 21
77 7
226 3
227 26
267 21
28 9
199 20
72 2
412 16
360 2
279 26
116 19
173 22
235 32
38 3
264 18
400 20
268 17
190 19
342 29
431 1
73 17
172 24
55 8
135 26
133 2
435 4
336 23
217 26
398 7
241 13
56 20
352 16
320 22
22 13
202 8
234 22
433 1
121 11
192 20
456 17
21 23
276 8
497 13
426 3
99 30
407 10
361 15
33 20
152 26
192 21
210 13
330 26
182 22
332 21
409 7
49 29
177 25
137 10
21 6
420 23
283 26
476 19
288 25
174 11
414 5
495 19
494 8
468 31
330 15
399 6
438 24
371 18
476 7
139 20
272 6
466 14
88 9
48 7
301 5
166 19
289 16
41 26
188 17
456 21
159 11
106 20
358 28
62 17
334 32
32 13
462 13
10 5
289 25
127 22
129 28
8 6
156 12
199 3
408 23
211 27
65 16
162 2
496 19
106 13
127 21
138 24
485 19
340 21
204 6
66 8
110 17
101 13
473 12
459 24
158 5
446 2
188 32
495 31
34 20
216 4
88 5
451 8
351 22
48 2
460 6
90 29
38 22
37 18
193 23
242 2
367 27
423 14
350 5
441 12
220 24
247 31
212 10
434 18
191 2
320 26
447 29
70 28
302 30
198 19
304 23
196 14
181 23
76 11
239 8
266 19
375 4
321 26
61 23
351 12
236 30
253 30
282 27
369 12
280 6
78 12
208 17
105 13
95 20
271 2
47 12
496 25
399 4
358 28
70 29
415 17
82 11
42 20
341 7
447 29
180 28
408 8
500 32
480 19
192 10
280 14
137 7
363 3
442 24
50 4
132 4
372 14
131 2
77 19
176 31
443 19
250 22
446 5
214 13
195 9
26 10
346 10
452 28
253 26
132 10
461 7
118 16
328 28
97 20
70 24
278 29
331 11
66 4
480 7
53 6
35 6
204 5
444 31
292 28
252 19
201 20
38 18
396 13
417 20
121 27
468 18
55 22
129 8
425 12
251 9
337 29
259 32
369 30
195 1
101 22
287 29
10 12
471 13
189 27
248 25
77 11
58 11
12 6
251 25
497 1
117 2
489 15
373 30
280 31
222 4
217 16
385 30
184 15
482 20
445 9
384 30
444 21
152 19
331 26
95 11
458 12
364 23
438 13
8 6
7 17
301 31
440 9
152 27
243 5
50 32
362 25
61 1
226 4
463 8
170 30
438 23
121 30
277 2
390 32
479 20
216 16
323 16
168 14
482 15
459 24
302 32
316 10
328 29
129 18
300 10
199 22
277 23
39 13
433 28
189 31
27 28
394 1
263 6
175 21
28 1
128 1
304 27
394 31
336 22
272 27
172 31
224 32
345 2
352 13
393 24
392 12
296 25
472 30
50 26
154 17
130 29
257 25
76 26
415 15
172 7
249 15
361 25
142 25
290 25
186 23
385 17
306 4
361 13
441 7
275 19
339 32
227 8
189 6
245 15
416 16
141 29
110 25
341 11
410 14
96 23
16 20
171 5
363 15
302 23
145 24
249 12
331 24
431 15
481 19
474 17
443 18
265 32
319 1
7 28
438 14
174 18
285 24
478 23
78 7
301 27
206 22
58 21
377 24
55 9
14 32
105 12
494 5
212 28
325 22
391 19
23 8
68 3
259 25
305 4
176 5
262 29
6 3
269 6
158 20
443 4
55 7
331 4
268 26
211 16
463 21
58 17
16 5
495 26
374 11
314 29
108 27
281 9
246 10
199 23
225 29
278 15
391 9
179 14
354 17
454 17
194 31
5 1
488 20
39 1
2 24
261 13
278 21
74 15
442 4
130 26
116 31
297 2
367 27
368 9
67 13
389 16
183 25
25 14
244 11
234 10
118 10
206 19
387 11
122 28
254 7
198 13
157 30
79 12
172 30
96 2
118 12
202 20
228 2
174 16
492 15
421 13
253 14
355 23
257 32
170 6
78 7
83 11
212 1
462 27
310 9
473 7
392 14
430 23
455 27
294 26
362 30
406 2
192 4
104 4
440 9
309 9
492 27
455 19
255 8
438 24
176 10
194 3
139 24
38 5
430 31
38 27
45 3
256 8
406 19
35 9
336 19
66 11
86 4
381 8
492 10
256 27
431 29
234 9
276 23
13 6
453 10
348 17
196 28
84 18
166 2
150 9
165 11
179 2
439 16
293 26
81 8
96 12
349 17
284 24
303 1
181 28
198 29
104 22
484 4
347 5
9 32
2 25
63 32
274 25
91 3
282 8
466 5
239 14
410 6
142 28
22 2
467 16
350 3
465 21
110 11
334 10
158 7
143 20
366 28
72 21
334 29
332 8
82 14
465 23
295 26
202 25
280 9
388 25
443 12
166 16
162 7
373 31
37 27
391 18
135 30
210 20
167 1
119 28
314 16
90 1
393 3
129 4
311 32
5 21
367 10
156 32
372 29
50 28
247 16
161 13
106 19
201 8
115 27
371 1
106 20
241 19
250 25
22 1
236 18
17 2
47 25
333 10
257 30
29 11
174 18
236 27
412 24
402 22
458 4
158 28
231 22
414 12
470 3
96 5
313 1
158 15
341 6
481 13
372 29
99 17
50 14
379 17
473 12
191 23
403 28
494 5
450 31
316 31
193 28
476 21
80 9
216 20
475 28
16 18
56 22
446 6
152 12
270 8
103 28
406 5
12 15
489 9
9 24
83 14
271 10
206 14
395 5
269 1
320 32
66 24
454 19
185 25
186 18
432 20
118 30
144 5
440 32
441 25
491 19
150 10
285 7
463 15
332 24
399 11
71 32
230 12
178 30
480 15
72 4
2 29
453 25
169 12
480 13
192 14
187 9
435 27
400 14
353 27
333 23
233 27
418 7
279 7
228 10
161 19
373 22
339 13
10 15
69 5
319 28
163 26
453 9
328 20
346 29
434 26
135 18
433 9
480 27
203 28
320 4
358 17
377 29
369 7
407 21
227 6
401 29
435 21
190 18
56 27
146 21
417 1
6 9
37 30
263 23
45 6
454 6
478 19
302 19
69 13
487 3
138 23
240 16
91 5
37 18
167 15
338 19
167 12
135 23
33 29
293 1
183 7
330 24
281 8
358 17
192 17
347 5
435 18
104 18
218 20
23 21
174 9
319 16
408 2
394 28
202 19
368 32
137 1
396 17
180 1
117 27
301 19
255 24
253 18
113 26
350 11
206 7
199 21
215 6
330 28
397 19
146 28
267 6
165 10
50 4
266 22
419 27
185 29
302 13
235 26
110 20
400 20
310 23
192 16
408 29
484 29
51 25
272 1
115 20
330 20
132 20
386 22
162 18
426 31
210 32
80 3
95 27
134 13
281 29
280 13
197 7
345 8
96 32
416 30
52 18
429 11
193 26
84 18
235 17
20 8
373 7
263 3
429 32
75 18
425 11
398 21
321 6
220 16
209 4
329 24
85 30
294 25
423 1
482 2
90 25
453 2
99 19
484 31
167 19
88 15
265 13
415 13
430 31
353 23
474 9
250 22
142 16
38 29
272 23
426 1
371 6
378 13
149 6
347 11
272 27
257 20
123 27
472 25
9 28
191 26
61 28
243 10
335 28
470 27
150 3
171 32
329 29
340 1
262 23
143 25
325 3
420 23
273 11
351 22
271 29
115 11
185 30
236 3
341 26
477 11
156 24
362 4
400 22
312 21
240 14
45 28
204 24
362 13
410 1
258 8
457 16
214 21
433 6
12 6
211 20
116 26
339 25
202 30
30 1
102 25
467 30
36 30
313 6
146 23
166 11
106 2
479 16
115 7
325 14
388 19
317 27
400 12
332 9
245 1
466 27
186 24
344 13
453 13
322 31
83 23
205 32
461 3
211 15
298 3
404 21
421 28
40 1
227 3
125 16
435 18
22 28
373 1
45 30
225 26
480 15
205 4
199 9
71 29
91 16
148 18
404 20
65 19
92 20
17 29
115 24
158 12
275 23
352 27
60 25
37 15
87 5
74 21
109 24
398 3
215 17
396 11
464 32
265 24
103 18
124 21
437 1
56 27
163 12
234 10
188 10
464 10
362 10
411 26
385 16
372 8
204 15
422 3
78 14
74 1
171 13
101 7
330 21
22 4
416 23
270 3
376 5
228 13
474 10
410 15
297 1
310 24
399 7
19 28
120 20
360 19
493 17
101 14
469 26
369 4
228 30
190 15
223 17
191 16
407 32
406 19
232 19
407 14
149 5
162 13
220 5
263 24
333 23
237 25
337 22
388 32
95 1
19 21
198 9
365 12
161 2
10 8
189 8
78 13
192 31
309 4
111 23
179 24
138 32
448 30
373 12
241 7
468 11
136 29
320 32
120 28
473 6
427 21
397 24
350 25
94 26
56 25
433 22
352 30
1 31
395 9
190 23
192 22
98 11
322 21
382 26
100 10
275 18
367 11
382 32
315 31
77 30
383 9
104 6
430 8
237 32
329 14
163 32
83 24
402 21
28 19
402 27
488 12
356 26
50 21
421 25
416 18
86 10
6 9
236 32
497 20
463 1
397 21
48 4
236 9
440 23
435 5
93 22
368 29
128 5
389 8
485 4
397 19
158 19
111 29
42 11
364 16
283 16
481 10
295 16
482 10
331 12
74 23
338 29
75 17
62 4
364 30
471 17
468 20
367 11
20 20
37 31
263 32
199 7
353 1
311 27
227 29
250 24
415 7
297 6
255 22
305 15
107 15
83 3
107 1
5 18
60 1
213 22
212 31
417 9
255 19
251 9
219 8
337 1
143 21
326 5
194 14
219 28
461 17
226 31
305 10
44 4
271 32
38 10
370 22
398 29
384 20
161 22
352 5
438 10
333 28
242 2
449 1
178 5
317 27
475 2
133 19
337 15
478 30
88 16
179 10
324 26
337 16
15 24
185 5
33 13
272 15
395 8
439 12
129 31
326 15
376 10
325 5
64 19
438 16
2 21
341 13
382 21
12 29
69 16
405 13
65 32
227 11
395 9
30 19
272 27
182 7
165 2
63 28
160 13
83 21
321 3
189 14
452 29
154 4
248 10
472 8
85 11
270 16
215 7
206 26
358 3
485 6
245 11
453 24
399 12
269 23
310 13
477 5
9 14
484 21
40 24
420 32
6 14
455 20
44 17
58 21
251 14
478 23
292 27
103 15
318 27
113 19
31 9
92 16
71 31
148 14
382 31
233 23
312 28
459 32
52 24
108 30
261 14
149 28
368 3
94 13
325 15
367 3
499 22
394 13
237 21
178 10
164 7
357 31
302 11
330 13
34 18
154 6
227 30
197 6
256 11
482 28
349 16
287 15
10 16
268 26
425 21
67 24
59 3
62 28
441 20
64 14
385 18
119 3
223 20
56 15
458 25
262 22
440 8
4 13
80 31
46 28
420 9
295 14
387 8
190 24
451 17
153 31
174 24
297 17
291 8
79 8
92 8
405 8
388 32
332 7
383 26
174 18
342 20
279 12
27 8
259 22
425 8
164 26
387 21
198 9
16 8
276 28
116 12
343 31
291 22
173 9
255 6
326 16
17 25
28 19
276 30
372 24
401 28
2 3
200 27
167 11
327 26
378 18
325 8
148 16
98 20
492 12
369 18
300 17
126 23
279 9
464 11
305 25
390 18
3 21
356 6
7 14
315 5
475 4
456 14
459 9
145 10
257 25
323 16
101 4
234 12
53 25
382 13
265 27
366 12
63 9
141 13
255 15
305 21
446 29
55 4
17 3
58 25
268 8
180 4
180 13
451 24
314 4
292 22
306 1
49 12
229 17
289 31
144 9
416 17
57 22
197 10
224 2
198 19
337 10
211 20
494 5
451 27
197 14
237 6
398 17
222 23
326 10
461 1
306 8
261 23
49 5
140 21
62 1
263 15
418 29
118 32
338 13
70 10
310 10
387 8
295 32
186 28
321 18
440 27
226 12
193 22
9 16
46 22
372 17
320 26
485 6
53 14
358 18
207 11
280 6
226 22
53 15
45 14
409 12
352 26
35 24
259 7
227 25
113 22
465 32
91 21
73 7
475 22
265 25
449 20
478 18
469 3
289 25
108 1
348 23
182 26
206 8
425 20
96 29
233 8
24 24
65 1
466 31
230 22
423 22
477 21
56 17
135 8
161 6
392 12
404 1
242 9
216 6
392 8
406 4
75 29
299 11
229 25
381 19
198 32
340 23
56 15
323 10
442 16
135 29
343 10
461 32
498 5
453 13
192 6
216 26
139 11
257 31
131 13
29 16
292 25
354 31
115 13
240 29
12 22
93 22
263 22
142 16
82 26
352 5
304 12
390 2
434 2
12 24
135 17
391 26
409 13
477 15
273 32
283 20
442 4
489 20
281 30
168 18
76 31
486 23
438 19
172 31
373 23
286 3
75 29
136 15
125 20
62 1
180 8
32 9
423 28
28 3
2 31
268 17
66 9
307 7
480 30
226 16
364 27
210 27
39 13
477 31
161 6
59 20
86 18
164 24
314 23
415 7
386 14
95 19
139 29
305 18
82 30
321 13
41 18
87 15
78 16
94 30
453 12
429 2
446 12
398 11
135 20
425 24
49 7
322 23
419 2
156 28
8 8
148 24
357 15
478 23
2 19
24 18
75 5
196 28
396 13
278 18
460 22
401 32
220 18
195 30
200 30
341 19
178 32
254 30
278 15
320 11
154 8
437 32
148 16
247 27
428 32
73 27
77 21
394 16
47 16
137 26
142 5
304 19
20 21
204 18
491 4
428 4
219 24
75 22
199 29
260 2
48 28
216 16
9 22
123 23
401 11
4 18
291 27
64 19
67 20
460 17
495 31
405 1
455 23
430 29
152 5
335 15
225 26
27 17
11 29
491 20
112 22
157 22
4 9
64 30
192 11
330 18
114 2
250 32
417 7
276 12
71 26
470 11
160 24
231 2
497 1
285 28
66 26
213 5
366 25
490 29
151 16
94 12
257 31
387 9
225 7
92 15
272 14
294 19
409 20
305 25
97 9
364 10
234 5
435 3
205 16
7 31
447 12
175 16
294 21
228 14
223 12
17 27
381 22
129 29
333 1
46 29
374 9
295 11
189 21
58 9
4 12
452 3
368 18
6 1
38 9
383 1
52 11
459 12
60 7
425 8
372 30
25 17
82 11
203 19
399 8
367 2
380 2
204 11
147 21
111 25
442 25
297 17
95 19
129 2
193 5
250 32
374 14
160 7
296 11
429 22
178 20
447 5
317 27
7 8
211 26
148 12
314 24
497 21
50 25
414 2
381 31
10 30
288 17
412 3
235 29
128 13
340 15
173 4
77 32
471 23
149 10
291 10
265 31
222 10
115 20
260 19
150 13
452 30
141 19
224 24
407 24
492 30
130 20
106 14
195 12
344 11
398 6
157 22
476 18
180 26
365 11
288 23
411 27
304 19
454 19
278 28
230 13
310 15
285 27
268 19
194 32
26 27
449 18
105 9
263 16
218 8
426 14
142 16
244 17
90 21
323 12
261 13
488 10
115 24
188 23
307 9
198 8
176 26
217 20
422 27
267 4
106 28
497 31
231 24
43 12
141 18
187 29
474 15
26 24
2 9
322 16
297 3
491 20
17 15
103 30
186 9
281 11
412 17
390 14
369 24
462 21
353 16
113 6
378 22
266 4
202 11
187 14
458 10
322 10
384 8
263 1
145 8
64 20
172 21
50 32
88 27
252 21
362 4
118 8
205 23
471 22
322 29
108 15
334 5
252 30
204 30
490 28
113 9
108 29
357 17
28 9
19 16
89 20
347 22
471 12
441 5
309 14
450 4
392 7
196 19
204 20
360 2
303 21
450 30
109 7
66 12
307 24
267 11
316 14
452 6
17 12
431 25
357 12
93 20
14 4
242 22
243 22
467 6
426 32
455 26
426 17
373 20
456 32
126 19
457 30
113 5
25 3
149 2
422 25
129 31
233 27
356 19
324 10
372 25
90 27
486 15
51 22

