256
17 15
161 16
182 1
409 2
115 3
464 8
316 15
350 29
4 9
249 4
442 23
278 15
247 20
79 9
164 2
168 5
256 5
448 21
21 8
219 19
302 2
454 5
192 11
105 27
195 30
338 32
8 7
370 7
391 12
175 14
293 3
86 28
375 5
189 11
240 7
233 21
292 22
361 23
340 26
381 19
23 15
22 10
37 32
136 15
43 31
333 24
209 14
87 7
155 3
181 30
33 13
139 16
450 11
158 1
168 23
27 26
313 5
424 25
144 19
128 14
73 4
225 17
81 24
67 3
438 7
333 3
11 19
294 20
321 24
101 1
46 7
382 18
27 29
410 14
216 17
60 32
200 32
273 5
447 7
219 17
438 7
207 32
373 4
260 22
7 8
386 8
338 15
113 25
72 3
90 27
411 1
426 7
285 10
243 23
389 17
319 30
216 25
273 16
377 16
485 23
95 26
287 5
489 23
1 20
273 2
198 12
91 7
294 3
25 28
309 1
52 32
90 3
4 26
207 20
98 23
115 32
413 9
476 25
3 32
312 24
270 25
459 4
335 20
290 15
491 30
475 26
429 12
161 21
482 15
164 15
409 18
474 21
234 18
73 25
129 24
12 18
244 18
313 15
425 26
141 19
52 12
308 20
235 8
264 28
186 16
498 27
261 24
267 27
273 28
83 25
75 2
355 3
267 31
101 23
473 13
309 16
412 20
355 15
436 11
66 17
102 20
67 26
387 26
208 19
377 6
115 7
87 21
473 25
340 25
395 12
18 23
187 29
171 29
279 6
363 21
78 32
408 1
30 18
182 13
156 14
379 14
360 25
91 29
170 22
109 32
241 26
119 27
259 1
171 1
246 30
233 27
201 28
171 22
137 20
467 16
113 21
62 21
161 32
157 30
433 5
246 21
243 20
451 21
4 5
241 25
358 10
423 31
465 14
288 18
149 22
245 2
154 30
438 23
309 6
496 17
62 17
265 8
456 19
8 23
188 17
59 25
222 2
455 30
279 11
491 15
200 16
392 10
41 5
20 10
126 19
294 20
108 31
195 7
125 23
374 8
303 12
61 32
265 23
413 27
109 12
26 1
139 25
366 7
450 9
84 7
103 10
114 30
436 21
125 24
363 2
224 17
133 32
392 26
150 12
144 23
59 29
271 17
438 32
80 19
224 7
313 2
40 19
388 23
87 4
239 17
65 14
465 17
449 16
446 2
11 30
208 18
258 14
470 15
317 25
81 20
64 26
70 15
172 21
282 18
172 20
410 28
333 2
432 13
433 22
230 11
319 6
216 12
119 30
123 32
234 27
31 21
300 8
104 31
408 9
432 19
256 17
166 28
418 26
72 2
327 21
497 1
442 8
72 13
397 6
200 27
249 30
483 20
182 18
223 1
322 2
168 21
199 1
220 4
134 23
170 8
444 18
456 5
229 20
297 30
73 28
312 25
78 6
73 31
380 31
199 17
300 18
334 18
403 21
318 12
344 27
348 23
152 27
171 4
34 12
209 7
167 24
483 32
314 11
206 21
53 29
449 9
122 10
54 32
335 15
412 10
357 31
316 20
265 26
92 7
157 24
109 12
172 11
419 13
498 9
381 30
381 5
254 18
111 32
230 13
178 29
326 23
251 21
246 19
330 1
165 19
341 5
162 8
216 8
200 5
408 20
262 20
260 8
290 6
175 23
18 20
11 7
442 13
187 20
479 9
228 24
355 12
120 24
283 11
151 6
399 15
413 17
346 17
232 7
98 30
357 8
461 15
162 27
183 9
442 26
217 1
361 11
89 12
142 31
19 32
205 5
350 29
281 16
493 12
34 3
121 19
58 26
461 23
336 28
419 1
157 15
149 5
409 13
348 26
312 6
342 16
135 7
336 31
90 25
131 12
271 19
366 4
36 30
250 31
321 25
351 13
7 32
197 32
88 1
465 23
262 18
118 16
201 18
367 14
134 25
413 4
451 22
435 23
308 32
209 12
56 20
309 31
411 9
478 30
49 22
101 15
452 26
262 32
171 12
293 20
328 6
59 15
187 29
117 14
29 25
474 20
236 18
146 30
286 15
348 3
269 16
201 12
17 14
223 20
294 23
343 29
72 30
251 23
246 15
456 22
396 29
62 19
62 27
481 8
34 12
386 14
479 26
225 3
251 3
34 32
165 29
165 21
130 7
199 19
486 14
353 29
435 18
67 24
472 31
47 21
78 8
10 4
221 26
51 8
384 28
15 21
312 3
489 17
298 19
20 31
44 12
219 10
489 9
326 8
184 32
169 17
156 30
169 8
116 27
199 19
6 22
103 14
96 15
314 1
481 1
231 1
408 25
2 8
86 11
60 9
51 12
233 18
257 13
433 32
175 8
75 29
197 25
54 20
120 7
37 8
52 19
476 19
68 18
207 13
8 10
125 6
345 13
467 29
462 16
177 32
383 15
20 19
131 5
222 14
440 26
202 19
229 29
301 24
358 31
300 10
476 24
275 28
484 6
273 29
493 21
433 11
51 24
157 9
25 2
135 8
340 12
306 8
216 30
215 22
317 2
439 4
493 13
112 28
306 24
421 6
184 21
376 14
156 12
118 8
114 12
495 9
439 8
224 31
110 14
80 2
7 18
69 7
434 4
474 16
415 26
93 6
450 5
35 26
204 9
137 29
256 16
473 11
135 20
53 28
337 28
373 15
205 2
341 10
121 23
433 32
412 14
337 30
346 24
319 1
376 23
70 19
142 2
29 29
442 5
224 22
416 21
121 12
38 25
110 26
479 14
397 31
419 30
104 12
457 18
17 20
432 10
166 14
183 3
54 32
127 1
402 7
225 26
366 10
186 7
476 1
369 28
407 15
309 26
255 13
487 7
300 18
412 6
195 26
12 8
218 14
377 15
236 29
344 6
419 25
428 10
397 32
469 23
287 30
16 9
246 26
15 10
124 30
215 10
19 22
418 16
419 26
206 23
98 5
256 28
282 7
261 22
331 10
333 21
359 28
9 16
406 11
353 1
300 7
198 30
348 27
54 31
260 11
421 10
12 16
77 13
62 10
322 28
419 14
360 25
206 12
84 31
94 1
491 29
207 8
211 3
7 8
173 22
78 21
327 1
472 4
233 25
241 15
277 31
412 4
139 5
60 30
79 5
10 1
398 5
109 28
123 11
427 7
232 20
239 31
445 30
314 1
94 14
435 10
416 11
210 2
463 29
127 18
273 29
314 2
205 26
481 7
388 31
325 4
263 7
382 7
476 3
87 25
452 22
291 27
368 16
124 14
268 26
427 12
238 17
62 22
162 10
324 14
449 8
225 27
414 18
269 17
4 7
458 3
228 12
25 27
99 24
129 6
249 7
257 7
147 30
280 1
212 24
62 16
103 30
74 13
95 10
257 2
48 6
404 12
165 32
74 11
427 14
332 7
461 1
13 11
110 9
267 5
100 24
184 30
317 29
70 3
450 7
212 22
392 7
477 29
246 6
23 28
104 23
51 8
295 15
170 20
207 29
429 22
468 12
360 9
221 29
399 14
107 15
371 15
77 3
259 27
397 17
346 28
487 24
415 29
311 20
389 29
224 9
175 4
280 6
328 28
314 22
22 5
336 12
123 25
239 29
87 23
13 8
338 20
32 20
132 6
39 32
358 23
188 20
454 28
417 5
171 27
210 32
3 30
436 17
162 26
209 8
364 25
383 1
72 14
304 28
255 26
75 21
456 3
496 9
286 1
393 20
495 7
500 25
352 31
325 25
312 21
112 7
253 14
227 25
112 26
380 14
75 14
330 3
272 10
291 13
442 24
13 4
138 20
136 1
150 4
353 9
492 24
339 4
161 21
272 32
150 15
490 32
309 15
106 12
200 13
137 1
432 25
428 1
216 31
261 29
374 25
381 25
280 19
461 20
487 24
416 20
87 1
63 3
279 21
474 7
417 6
471 4
314 11
472 9
313 4
97 11
196 9
403 11
47 31
470 1
299 17
372 29
493 7
279 32
455 12
250 27
418 12
422 15
470 1
112 31
476 28
321 31
185 11
349 31
290 6
468 32
55 19
472 7
125 26
318 19
205 11
301 22
139 10
205 12
466 28
94 13
375 18
315 27
341 19
494 6
185 25
69 15
299 32
137 4
493 27
354 29
225 3
23 27
228 23
27 22
394 16
338 8
238 13
31 30
19 28
59 23
484 7
293 30
370 26
409 30
88 23
262 24
417 12
379 4
362 25
41 19
376 27
227 9
383 29
190 5
132 8
456 11
78 32
452 19
29 9
160 12
123 10
132 23
57 22
386 23
266 19
229 21
157 3
254 19
415 3
143 22
247 18
216 24
198 8
123 10
380 26
46 14
55 25
244 24
186 29
234 27
259 22
443 27
269 12
157 23
343 4
433 25
249 12
264 6
167 26
376 2
20 5
251 22
97 18
185 10
327 26
436 29
232 18
352 8
278 4
34 12
159 10
412 28
318 19
205 8
413 16
382 32
352 24
357 16
478 2
433 24
311 28
240 10
302 11
393 11
451 15
402 21
96 25
220 13
339 17
249 23
208 30
386 20
113 11
359 30
136 28
245 6
215 9
192 4
427 32
446 1
214 3
42 6
11 5
74 6
389 6
156 21
155 18
156 24
136 10
209 7
361 10
272 28
142 27
295 4
251 13
1 8
439 26
125 10
154 31
3 19
224 10
139 7
51 14
146 22
363 18
160 28
363 8
3 12
98 21
424 28
389 20
164 16
317 16
129 10
190 7
364 18
288 2
144 11
351 21
376 6
346 28
493 1
23 23
64 4
495 27
320 12
114 3
63 26
474 19
104 32
25 31
429 8
25 8
354 15
212 18
292 1
469 20
117 15
482 13
462 21
371 17
212 21
115 26
266 5
168 17
104 4
40 20
207 16
455 29
290 22
142 18
426 26
69 23
452 15
427 25
379 9
46 2
133 28
67 11
100 6
119 3
129 10
438 19
221 16
395 23
409 28
296 27
497 12
81 28
118 19
213 28
155 30
289 24
121 23
186 25
440 28
127 4
314 17
403 30
308 5
396 5
37 27
255 21
259 15
185 32
193 5
76 27
358 24
486 26
71 19
50 10
327 13
430 20
93 4
377 28
184 5
320 8
167 30
457 5
112 13
5 12
389 32
3 18
147 24
75 5
11 29
79 25
153 28
180 5
43 28
496 6
180 32
298 31
93 10
475 9
394 7
360 6
114 26
231 29
202 1
329 28
281 15
252 5
266 31
29 8
338 9
386 26
396 27
68 4
436 26
44 25
77 32
462 6
469 20
450 10
348 3
85 17
37 24
413 27
118 30
462 16
170 15
177 13
29 32
404 12
341 28
144 25
55 1
107 19
500 32
45 8
38 1
328 19
317 12
229 14
385 14
445 14
389 5
118 5
68 10
85 29
173 20
177 31
185 19
101 8
43 13
235 20
126 6
6 6
6 18
79 26
128 16
444 28
496 1
136 24
286 16
176 14
448 8
36 24
135 29
19 13
133 14
460 22
19 6
403 4
403 14
414 22
209 5
249 16
473 17
323 15
456 26
420 3
350 8
238 28
444 25
364 12
214 7
186 24
492 28
108 3
125 25
128 5
433 9
241 1
113 27
367 24
413 11
323 22
94 20
97 21
372 24
112 17
486 1
21 10
441 4
76 5
352 3
250 24
431 30
40 3
256 7
463 12
193 21
429 2
400 17
174 20
40 21
208 6
286 12
207 18
207 26
290 10
336 31
193 7
232 25
13 20
491 3
155 15
463 32
172 31
312 5
486 24
481 21
81 14
273 11
343 15
420 21
241 31
375 25
225 15
17 14
94 15
416 32
41 7
35 12
445 15
56 22
402 9
474 2
154 10
120 21
281 15
333 17
497 27
453 18
313 26
311 10
328 14
358 5
308 8
80 24
442 32
33 27
228 23
28 29
308 7
81 24
389 25
108 2
120 17
459 28
234 17
42 17
198 15
281 18
346 5
461 12
52 22
334 11
204 2
11 11
212 24
451 29
4 10
486 3
174 16
259 3
416 4
320 29
254 8
322 7
164 23
90 15
128 24
493 23
489 32
193 32
447 3
300 6
53 25
277 6
432 7
485 7
38 28
164 27
107 17
93 15
119 19
485 18
458 22
76 2
333 9
497 11
263 29
80 23
285 24
245 29
242 5
267 7
236 6
273 2
267 2
112 29
400 13
483 29
74 22
154 22
30 30
36 9
298 15
311 15
323 27
355 4
135 13
399 30
255 11
212 9
388 15
109 31
271 19
143 28
1 24
453 6
298 16
174 15
455 13
381 5
243 7
44 6
60 18
99 6
465 2
38 8
337 18
343 11
237 1
155 13
485 23
470 14
447 32
228 5
332 25
381 18
47 16
303 18
70 26
123 30
267 4
89 11
306 11
62 26
268 28
334 4
322 23
385 24
150 12
372 1
424 4
407 3
28 9
280 21
166 11
482 29
414 22
35 3
353 28
316 12
163 1
75 9
304 31
456 13
274 28
286 14
431 32
224 18
456 3
406 10
109 23
54 27
309 12
445 13
388 25
484 30
113 6
90 16
220 6
221 13
77 10
42 31
401 9
317 16
472 22
329 24
313 30
454 25
174 15
485 17
363 28
314 31
377 20
95 4
153 11
440 25
24 10
87 28
450 7
483 29
329 4
1 9
397 6
261 10
56 5
334 26
64 8
97 32
255 7
239 19
357 18
487 4
11 1
7 13
180 9
381 4
4 29
148 13
39 12
322 22
356 16
216 15
7 8
62 17
2 16
371 30
477 13
89 28
133 31
300 20
435 16
171 19
117 2
191 15
77 20
452 28
371 19
202 25
330 23
193 7
414 11
40 7
475 4
82 4
74 9
123 9
116 14
151 4
111 25
238 28
56 22
323 15
60 1
7 2
491 16
72 29
466 12
499 17
443 4
400 17
164 10
229 3
315 19
363 6
71 24
317 22
493 23
404 21
15 11
146 14
314 29
114 19
32 12
71 23
395 22
343 26
344 31
188 22
153 2
139 27
2 27
200 6
446 20
102 8
218 15
169 23
464 30
161 19
97 12
321 23
53 15
400 32
85 12
110 29
341 16
311 6
203 7
392 28
318 5
311 23
240 24
417 31
465 21
49 30
160 26
256 1
236 4
312 21
447 21
409 27
169 8
333 15
286 12
74 7
216 12
489 3
67 9
9 24
185 18
297 29
131 8
261 18
411 28
38 25
345 23
348 21
222 20
439 11
403 12
461 14
247 13
425 26
57 17
401 17
194 5
289 12
452 9
42 23
325 3
71 21
81 2
385 22
449 11
308 19
186 16
321 12
68 17
449 16
29 21
69 3
397 13
398 5
110 11
63 26
222 9
102 6
255 22
104 31
160 27
54 21
31 18
128 6
470 5
426 2
277 22
220 18
54 18
374 23
260 16
96 9
272 29
135 2
386 10
229 17
352 18
241 14
359 5
36 4
297 9
325 1
158 9
98 31
218 7
374 21
110 5
310 14
370 12
111 19
385 15
152 24
324 8
174 2
112 25
9 20
21 10
333 30
434 6
388 11
457 17
479 2
434 28
151 23
435 30
409 27
452 12
259 12
304 24
457 31
492 18
175 16
3 7
41 12
140 8
438 24
393 20
14 14
56 8
480 22
129 12
161 17
300 3
208 11
202 8
17 9
333 27
56 19
49 4
474 13
375 19
284 3
31 29
444 22
165 19
279 9
163 27
225 22
61 20
64 22
448 8
306 20
123 21
319 3
308 4
211 3
407 19
153 29
495 21
374 19
223 28
304 5
443 20
346 19
312 25
117 3
341 6
390 3
487 28
337 18
204 20
32 22
246 25
398 20
485 3
251 19
274 2
92 20
433 17
423 28
198 15
354 10
164 20
56 14
155 16
148 14
291 19
319 8
215 20
128 23
190 2
406 20
135 1
383 23
137 13
15 26
47 16
427 15
167 14
212 18
226 27
383 32
390 2
256 24
121 3
155 11
464 24
126 6
112 4
368 8
17 14
286 11
306 4
125 32
398 21
145 15
251 16
342 28
433 21
96 5
331 2
215 26
13 12
95 16
52 27
223 32
48 24
482 5
424 3
325 13
499 21
295 5
52 8
241 20
85 20
241 19
437 7
265 13
499 11
72 2
173 18
469 13
154 10
73 5
260 21
249 2
70 11
359 13
382 7
309 14
434 25
85 14
207 13
170 17
59 21
106 28
238 18
452 15
228 24
171 7
273 3
97 22
313 15
166 31
405 2
12 14
374 12
411 25
148 20
137 15
24 27
438 13
372 17
356 7
264 14
438 20
297 22
433 29
192 11
155 24
276 7
285 6
466 31
82 10
478 6
172 25
16 1
465 12
201 32
486 24
50 31
204 30
160 20
306 23
438 21
298 10
331 18
215 12
480 12
261 1
217 12
161 17
244 30
472 28
1 13
260 10
84 31
247 31
302 1
446 16
217 3
453 15
29 7
194 4
314 15
317 2
90 29
318 6
306 13
481 23
450 20
208 5
54 7
479 4
359 24
447 27
371 11
473 15
417 2
406 2
324 22
315 10
51 21
451 12
273 15
14 26
23 2
106 20
28 1
283 14
8 9
312 18
479 16
128 3
153 18
328 1
107 7
94 25
127 24
217 27
326 6
121 8
303 18
128 14
310 18
67 10
491 2
399 13
365 27
68 2
412 19
198 18
389 11
231 19
186 15
266 7
380 2
63 27
463 10
216 5
451 3
294 21
364 8
466 21
70 17
450 13
279 23
203 28
289 9
386 2
231 27
188 10
388 22
496 15
143 12
475 26
346 32
90 17
163 15
289 9
439 26
417 2
236 19
89 16
255 10
349 17
125 25
299 32
342 30
214 13
5 32
134 22
307 19
411 6
130 11
54 32
289 2
137 20
145 29
400 15
199 20
88 11
340 26
38 26
31 24
370 32
439 11
89 22
77 27
419 30
50 8
274 10
145 30
417 29
487 32
40 1
268 11
211 31
364 20
492 26
351 29
281 2
215 14
239 4
220 17
497 13
480 30
162 32
236 19
117 22
246 8
110 5
134 32
176 21
271 27
242 30
380 7
263 30
96 21
237 27
9 2
140 28
59 29
315 26
231 23
367 1
438 4
193 15
499 8
271 22
387 17
243 26
91 17
63 10
357 24
204 9
89 11
56 23
496 30
145 22
5 31
406 18
191 27
217 5
170 3
162 4
203 12
25 9
260 20
182 32
443 22
332 3
432 11
381 7
461 9
357 29

