256
360 15
78 25
224 31
152 10
318 9
294 30
31 28
78 2
409 7
441 19
494 30
79 16
197 27
88 1
274 15
108 21
21 9
342 17
404 17
414 21
105 3
174 8
150 31
485 14
93 9
472 2
454 7
182 31
369 21
335 22
304 18
478 32
127 23
124 2
16 10
454 32
448 7
107 10
230 16
359 10
220 23
260 30
85 29
28 29
61 26
298 20
304 27
244 6
298 3
163 25
256 28
284 24
242 31
153 7
186 23
349 5
397 28
430 9
252 29
285 8
171 22
380 2
413 15
107 2
489 13
226 29
236 17
300 9
455 20
152 28
18 32
249 23
459 2
247 18
339 4
373 21
169 20
334 9
226 28
494 19
60 3
311 15
284 2
123 2
117 6
230 30
477 30
400 31
359 19
348 29
382 9
57 14
324 6
483 30
181 32
116 8
399 30
238 22
91 13
271 19
338 20
192 23
181 4
305 16
90 5
88 11
225 29
372 8
386 14
301 3
386 20
362 16
45 32
317 15
312 27
45 29
291 17
167 31
180 8
214 9
476 26
443 24
298 10
451 23
224 4
305 5
371 3
392 8
266 24
254 13
498 23
429 32
387 28
463 26
67 12
38 14
329 20
93 26
497 3
13 20
498 9
328 29
483 11
340 12
482 25
28 20
243 1
119 21
404 17
398 30
109 15
363 1
266 15
415 31
53 11
334 23
243 10
123 30
84 22
29 22
406 1
397 29
365 27
481 28
300 31
441 8
165 3
196 15
313 2
397 1
388 30
267 31
243 9
60 27
54 4
244 12
496 24
312 4
6 24
331 29
374 23
64 3
277 12
173 9
73 29
306 25
298 32
443 1
165 18
71 6
89 10
29 25
453 24
148 18
336 27
467 5
453 18
99 10
493 23
170 10
339 27
378 13
399 24
381 3
321 7
484 29
116 25
197 16
204 17
229 31
175 15
100 27
77 10
208 29
469 22
338 19
204 7
499 10
34 11
368 6
181 20
467 32
216 23
215 27
211 16
310 17
490 29
364 30
458 15
191 6
152 32
289 20
95 23
309 4
18 9
186 18
380 12
198 7
370 32
365 9
59 26
317 13
286 4
318 28
455 4
225 22
388 25
461 10
300 6
313 17
150 22
218 9
205 19
327 3
179 15
155 1
421 3
137 30
3 23
153 25
166 26
62 29
242 23
238 1
348 19
61 9
400 19
81 9
45 31
31 23
301 21
312 21
155 4
131 29
458 11
465 20
364 3
380 22
105 22
350 20
20 7
152 15
41 12
375 29
490 1
160 22
441 11
215 12
474 29
456 8
183 29
407 11
151 10
4 23
255 21
58 6
115 5
45 19
292 11
92 25
28 3
274 32
425 24
415 26
36 19
181 27
291 27
265 13
77 4
47 3
324 12
457 19
164 29
93 31
271 20
235 18
138 4
266 2
348 28
164 15
402 28
453 28
135 13
336 27
40 10
245 8
337 5
302 4
201 30
454 8
282 24
121 7
400 10
185 23
270 4
333 19
43 14
67 21
58 22
443 10
136 12
461 20
388 10
324 17
359 25
412 24
169 16
263 12
270 7
18 31
146 6
413 8
191 31
421 13
233 11
346 20
50 6
43 6
419 30
230 21
347 13
121 7
24 11
286 21
33 19
35 26
356 4
421 11
278 29
295 22
56 12
229 29
149 16
246 31
489 23
47 3
467 31
201 31
253 26
487 25
140 6
166 4
173 19
246 10
279 4
312 22
383 8
291 31
163 20
449 4
363 15
338 13
366 15
23 22
376 30
107 20
235 32
215 11
210 4
60 1
203 19
174 21
115 8
467 17
56 15
132 6
113 26
98 10
360 29
300 15
482 14
102 28
29 24
178 31
127 25
431 1
312 20
265 6
124 7
54 23
349 10
448 18
7 13
495 10
369 26
452 2
51 26
121 20
369 2
374 12
387 16
176 6
111 1
475 30
375 32
116 28
417 15
389 11
312 7
492 4
29 12
86 7
349 2
362 21
356 11
64 30
390 12
291 29
384 13
438 18
496 14
333 21
468 25
391 23
308 19
163 32
178 32
118 2
305 32
94 4
66 22
253 4
101 3
160 12
363 25
445 27
354 10
475 2
202 13
304 1
99 18
48 28
417 6
153 18
497 19
85 14
256 22
221 8
84 16
43 7
181 15
157 14
468 15
59 26
199 7
382 26
384 26
277 9
447 18
226 3
176 14
208 11
351 1
490 27
12 4
85 24
222 1
430 10
75 20
211 9
202 28
274 18
373 23
238 19
480 19
113 11
476 5
289 3
101 6
113 20
13 29
8 26
289 17
423 11
424 5
339 30
77 21
415 21
15 8
120 18
318 28
352 25
404 16
471 4
121 23
320 29
131 3
366 15
115 25
337 22
125 12
219 29
140 1
2 10
488 25
203 1
204 22
302 20
397 20
167 25
59 14
1 29
16 10
312 2
358 4
372 31
175 10
387 14
75 12
23 18
212 17
219 24
130 12
227 10
143 1
246 9
83 22
94 30
316 17
228 1
256 23
359 3
40 26
448 10
337 7
176 9
47 14
168 29
117 10
258 23
138 8
164 24
249 5
170 28
13 21
441 8
347 27
50 10
396 26
352 25
172 15
485 22
476 32
98 20
397 24
202 18
211 9
106 27
121 31
227 1
23 19
105 29
465 18
310 1
355 25
149 10
391 25
96 2
284 17
309 32
400 31
417 6
227 26
273 20
500 23
184 10
165 28
94 21
146 12
193 24
268 13
26 11
473 1
376 28
17 1
139 25
47 12
230 5
281 30
324 29
500 12
154 28
499 12
145 20
355 5
496 26
30 13
132 22
345 16
462 29
44 12
481 14
359 19
418 28
212 10
272 4
453 29
79 27
24 15
447 30
412 26
204 5
166 27
146 18
194 11
222 25
411 3
382 13
413 24
260 4
41 31
391 21
308 6
147 3
44 29
413 7
238 24
247 27
302 5
264 28
351 26
84 5
188 26
234 16
117 25
279 17
228 26
353 19
491 19
69 18
444 21
489 5
448 3
436 30
331 11
97 22
184 12
146 31
349 11
26 21
76 1
325 27
326 9
189 24
176 1
201 11
442 1
3 1
128 14
490 10
489 22
491 28
322 25
99 6
367 8
487 6
280 31
96 1
340 12
272 3
393 1
189 2
365 27
74 4
481 32
302 1
205 12
492 22
132 22
48 7
66 22
440 5
48 12
302 27
171 29
105 3
249 9
100 30
336 6
309 12
441 14
284 25
106 7
171 29
69 10
87 26
103 15
330 18
414 3
241 16
408 9
351 28
490 22
473 21
475 26
140 31
95 11
412 32
253 6
289 13
3 31
306 13
253 4
458 6
470 10
454 5
395 8
237 4
105 25
60 24
342 23
198 25
177 13
488 17
246 20
250 32
355 3
204 31
394 10
477 12
63 26
92 5
85 16
44 29
37 31
472 26
5 10
18 21
482 10
110 8
337 3
327 15
469 19
150 11
396 18
226 14
407 5
119 11
497 26
31 29
117 27
114 13
376 8
154 25
341 7
288 13
325 7
368 13
349 9
7 20
346 12
405 4
253 19
94 5
37 20
133 5
182 22
125 17
229 18
118 13
244 9
246 32
223 21
213 7
333 3
166 22
303 27
133 31
297 6
303 25
53 3
337 7
32 14
143 21
443 32
329 23
369 26
106 23
390 2
14 10
389 23
103 19
101 23
97 30
312 19
434 21
185 19
303 12
436 17
328 30
261 1
268 25
82 10
71 8
43 12
397 15
115 16
473 19
86 17
316 2
171 6
318 23
224 16
275 23
268 2
240 16
110 8
8 28
233 23
367 27
366 19
58 4
114 10
399 8
155 6
153 29
167 30
384 2
441 22
400 12
463 12
88 25
499 3
320 3
377 22
357 27
152 6
426 10
148 20
169 10
242 25
478 4
142 25
2 2
222 29
493 5
392 8
461 26
379 16
472 3
317 25
201 12
446 27
85 13
302 5
98 7
277 28
155 18
288 16
203 2
408 32
398 20
479 2
393 17
489 9
316 21
397 16
476 30
142 21
139 24
17 32
190 22
163 8
415 15
351 26
164 3
369 21
410 31
122 2
56 6
18 3
118 10
238 25
460 28
357 18
175 6
185 16
371 12
60 1
150 14
106 9
20 18
77 5
25 18
83 32
159 16
302 16
218 19
72 1
270 21
478 32
302 2
364 20
361 7
160 6
184 14
26 4
443 10
484 15
151 14
398 17
370 15
288 23
294 8
467 15
288 8
211 21
457 30
316 22
348 27
179 23
92 9
438 7
10 2
353 13
191 3
173 12
5 29
498 18
172 24
213 31
407 15
103 8
200 26
33 15
392 23
281 28
119 31
222 17
492 22
493 14
380 25
94 9
329 27
34 24
55 26
162 17
224 8
28 19
33 20
321 21
123 6
464 9
172 17
73 3
462 21
196 30
82 9
78 2
232 31
262 22
413 15
450 32
391 30
411 23
389 19
51 27
36 26
456 27
50 28
73 16
445 13
205 30
261 18
139 24
96 24
481 8
175 19
348 29
112 26
191 32
340 30
215 4
459 30
286 1
401 27
224 9
331 28
74 27
61 5
287 28
464 31
220 2
49 11
406 32
324 17
12 15
394 26
94 4
99 16
64 15
442 19
48 16
66 29
66 26
185 28
338 29
119 25
490 11
123 28
179 6
196 10
312 25
267 6
144 25
137 32
215 30
346 30
201 32
235 22
389 27
470 14
271 12
134 21
458 8
360 32
53 27
325 1
347 11
122 14
307 26
49 10
187 31
135 3
306 1
356 22
140 9
124 18
468 9
374 10
365 21
413 29
139 18
133 1
32 2
179 31
363 27
212 17
121 14
491 22
215 11
176 10
227 15
467 7
259 1
472 7
425 24
392 4
325 32
252 5
130 18
47 28
157 10
97 5
455 31
407 5
137 6
226 28
232 9
410 10
237 17
465 29
468 20
76 17
231 4
353 20
109 23
408 1
8 28
246 22
442 32
335 3
85 8
442 24
456 31
9 24
83 17
57 22
180 20
46 23
163 26
326 12
148 25
240 15
236 17
469 14
488 31
108 20
66 13
91 22
251 12
417 25
72 1
86 32
457 20
218 11
29 31
94 29
276 2
183 11
170 15
392 2
157 7
81 19
399 32
96 29
123 20
37 6
337 3
149 9
106 26
263 2
409 9
14 16
394 9
398 27
51 18
72 4
140 17
282 11
28 29
391 26
92 28
195 4
402 4
220 19
413 31
196 21
43 18
208 16
110 30
350 16
247 6
71 6
130 8
276 5
432 23
158 20
446 28
451 15
251 3
409 28
209 20
336 7
165 20
390 30
1 31
286 31
364 32
132 25
60 20
1 11
426 26
366 27
214 21
421 20
191 9
479 23
284 31
353 1
62 18
74 2
332 11
12 20
215 3
40 18
254 9
116 31
402 26
401 23
150 1
283 4
353 25
442 5
131 22
289 8
387 2
309 22
221 8
117 23
315 21
60 32
401 3
99 30
8 23
121 9
24 31
200 32
367 5
216 14
286 8
41 32
218 30
94 22
21 30
224 15
70 19
255 14
309 13
124 17
203 32
29 26
498 5
306 20
73 29
361 3
229 22
234 14
455 23
235 23
389 14
162 6
444 20
132 20
120 31
272 2
350 29
252 27
381 21
62 9
281 15
163 21
28 13
158 22
75 4
160 23
53 17
125 16
88 16
100 3
362 7
381 11
23 32
409 3
392 18
208 4
96 22
237 3
470 26
308 5
138 4
211 14
140 23
38 24
294 1
286 19
359 30
69 10
1 1
488 16
151 23
268 18
269 12
73 14
249 12
486 2
51 13
280 3
235 13
270 9
453 19
239 19
425 24
396 13
488 8
21 10
282 16
236 10
143 16
140 31
243 9
129 10
25 16
336 24
76 5
344 8
215 26
42 7
389 22
268 9
173 16
366 26
75 13
356 25
464 27
459 23
323 23
500 24
198 11
311 1
495 14
152 5
235 2
52 24
483 31
204 19
106 17
460 12
374 15
100 25
161 26
395 12
201 14
35 22
432 17
375 6
350 30
339 4
71 22
411 21
60 26
411 1
387 19
48 8
37 15
300 10
408 15
385 24
440 23
210 20
263 4
353 4
461 3
399 32
284 2
288 11
127 27
359 5
69 22
476 13
404 12
154 12
174 10
123 21
308 16
188 6
415 1
33 20
435 16
259 27
93 6
61 11
244 16
436 12
177 27
121 9
242 14
244 31
16 22
28 23
50 27
245 24
459 5
191 30
412 29
112 4
347 28
427 2
443 30
458 16
328 6
52 30
55 11
484 10
12 15
245 5
430 29
377 4
469 7
281 21
368 24
236 6
416 6
7 30
227 20
181 27
393 4
476 12
378 19
221 14
322 21
154 11
9 14
490 18
449 15
210 24
366 29
233 25
459 3
343 5
55 3
443 15
107 22
450 20
377 15
429 10
191 19
4 20
112 1
177 20
467 10
227 21
182 7
317 8
50 3
381 32
386 11
106 12
93 8
31 9
430 32
370 24
42 5
171 17
217 15
417 20
84 15
220 30
306 20
109 31
251 17
162 28
164 11
331 28
26 5
76 7
172 21
427 21
21 9
70 29
296 10
124 15
480 23
348 13
83 17
491 1
149 8
320 28
123 2
419 4
214 26
455 10
142 9
302 6
477 3
251 8
208 18
3 4
69 2
324 19
10 27
483 19
170 14
322 20
303 5
144 20
86 2
105 12
478 27
241 26
129 19
430 9
365 24
376 13
485 27
435 11
217 17
5 23
70 10
382 12
66 1
91 12
474 28
83 11
454 7
109 18
166 6
270 30
25 5
166 21
48 8
207 20
368 27
206 21
37 20
12 18
464 30
457 22
1 19
92 14
362 4
240 19
441 25
260 5
358 25
178 29
24 24
372 23
95 26
179 23
17 10
436 32
495 5
269 32
283 21
153 16
412 12
374 1
253 17
21 2
57 30
366 8
434 13
322 8
314 8
362 18
41 5
14 24
393 6
383 32
494 3
23 18
279 17
314 19
233 22
140 10
236 17
221 9
93 15
48 3
246 13
440 7
409 5
26 26
87 20
181 4
146 7
189 4
303 6
306 24
40 9
177 15
153 17
295 22
495 6
4 21
454 11
231 2
248 24
367 26
367 19
265 32
454 18
140 16
159 25
143 18
242 7
176 26
420 22
491 22
163 6
6 12
141 4
330 32
343 8
73 5
447 21
425 20
494 8
359 29
360 10
406 1
24 14
347 7
51 9
61 30
387 6
181 31
154 22
266 4
410 22
261 24
378 13
459 16
100 13
228 19
22 25
412 6
214 14
192 9
298 8
330 4
22 14
62 23
372 31
374 1
16 2
340 30
170 2
117 1
466 24
80 4
328 7
385 22
100 20
158 9
180 3
433 9
348 14
227 19
25 24
203 32
86 10
137 7
339 9
228 25
448 27
292 16
297 4
21 20
103 2
144 18
368 8
186 19
274 24
138 2
216 24
41 9
234 30
259 12
282 22
228 6
144 31
209 16
398 25
187 25
110 31
338 29
462 4
395 27
287 20
236 10
76 29
154 13
454 1
232 31
250 28
316 6
34 24
185 28
104 24
136 9
258 29
41 27
348 20
158 27
319 17
136 18
169 22
54 6
54 22
209 11
449 8
48 10
400 5
117 15
160 24
216 17
77 28
487 20
43 32
410 22
389 18
459 29
39 5
31 28
2 7
98 10
114 22
135 13
434 24
368 21
355 19
9 3
42 15
59 29
491 4
150 31
365 24
287 27
472 29
198 21
259 28
274 17
145 17
89 10
12 24
170 22
242 2
149 24
376 15
72 30
26 5
448 7
180 23
497 24
403 23
476 22
194 10
386 2
10 2
119 1
282 8
386 3
169 14
362 24
92 13
114 14
357 17
360 13
147 20
40 26
254 15
415 27
116 20
488 17
477 6
497 14
245 7
337 21
120 10
309 16
483 2
181 7
186 16
79 25
99 22
86 13
485 32
151 28
3 3
77 7
96 29
441 21
159 5
105 23
326 21
342 4
38 2
499 8
265 29
56 19
47 17
419 23
344 6
334 2
412 30
176 15
187 28
347 29
244 12
475 14
216 24
229 22
41 27
477 9
8 28
372 10
376 26
288 27
63 17
416 6
235 3
481 9
59 23
469 30
130 24
75 2
463 28
451 8
234 19
12 13
162 11
498 25
377 21
107 3
110 14
265 20
464 29
320 14
275 32
28 21
83 22
454 6
109 12
401 7
34 28
287 11
147 9
83 11
273 21
461 2
62 21
429 17
321 16
251 4
388 10
352 6
83 13
367 16
60 23
238 21
31 8
139 25
12 1
199 13
113 15
18 22
88 3
402 20
46 4
355 1
281 14
403 12
214 17
259 17
240 16
217 26
223 3
446 7
279 20
19 23
6 32
416 5
334 18
205 20
321 15
164 2
469 26
317 22
39 7
307 18
422 11
47 12
82 28
378 16
339 4
103 16
136 18
141 5
39 13
52 24
255 12
313 23
133 5
257 15
407 19
448 32
437 10
323 10
189 29
230 19
300 32
223 3
405 23
460 20
59 31
155 29
78 3
388 15
299 32
233 17
206 29
384 14
378 26
364 11
110 17
445 22
128 31
48 32
381 31
327 23
222 29
104 7
3 7
361 5
338 18
357 23
126 4
388 19
150 27
273 19
195 26
20 26
88 32
58 13
130 12
111 27
69 22
150 7
260 22
76 1
103 32
491 20
376 27
287 1
129 3
135 32
480 27
349 20
426 18
240 23
142 2
406 6
120 19
484 19
416 23
476 15
343 10
450 26
196 8
94 25
499 12
352 6
234 16
249 31
458 24
66 31
42 7
12 17
377 15
391 32
406 22
14 28
36 16
317 3
403 14
259 1
489 18
83 31
162 31
233 3
171 18
69 16
472 4
224 16
426 2
344 23
36 29
430 23
24 6
153 3
359 20
31 12
225 9
274 6
444 6
208 30
8 8
29 15
59 12
179 29
69 14
19 4
230 5
26 22
398 19
32 29
146 26
308 10
175 17
460 10
290 23
435 13
147 19
480 9
418 26
245 10
383 24
294 16
64 7
217 5
201 28
421 30
162 8
68 24
12 23
157 14
397 7
302 11
257 21
452 22
142 24
363 20
459 12
488 10
179 8
187 11
304 15
429 25
187 16
152 14
374 16
351 18
454 21
165 14
137 16
87 23

