256
409 16
327 27
182 28
188 3
490 25
277 17
191 8
273 9
236 24
426 28
430 22
496 5
386 12
208 20
60 18
436 29
137 10
31 18
249 2
272 22
458 17
387 9
208 3
497 19
66 26
319 15
7 26
267 17
429 26
276 1
391 11
309 11
325 19
49 25
408 16
15 14
72 21
70 23
263 6
426 16
339 24
27 14
261 17
442 21
119 1
29 21
279 17
92 31
27 28
380 23
163 6
4 11
498 25
217 16
490 10
143 28
89 29
25 17
166 6
390 24
34 26
496 17
459 11
267 13
430 6
475 17
391 6
31 4
402 27
351 27
93 18
71 5
366 31
382 27
413 27
166 10
244 30
258 30
452 9
243 14
22 13
326 25
195 24
152 16
454 15
191 22
200 1
79 13
207 16
448 3
286 25
65 29
126 6
435 30
198 5
163 28
245 8
484 3
195 15
239 16
341 29
46 28
41 32
457 27
287 16
366 24
16 10
304 30
455 14
275 29
266 5
224 3
276 11
301 10
45 23
117 22
319 30
425 15
137 25
458 11
136 7
198 16
456 22
349 30
443 7
414 21
411 17
71 22
47 27
155 20
114 23
477 4
285 25
495 17
486 28
400 25
126 29
476 17
302 20
342 21
446 8
305 4
244 31
393 19
449 23
234 10
170 14
198 2
314 32
430 23
495 13
124 28
130 23
52 27
275 25
27 4
500 23
280 24
261 32
386 14
71 15
475 4
180 4
249 1
363 22
496 29
359 7
328 12
69 3
270 7
476 21
267 27
183 18
422 32
217 27
357 7
277 3
230 4
355 14
153 9
8 28
278 6
118 29
205 30
188 22
381 27
326 15
341 21
44 7
156 16
421 32
251 10
194 32
209 8
458 17
117 17
360 22
182 13
350 6
367 17
63 15
403 5
97 32
249 28
358 12
251 6
267 1
179 12
333 28
8 14
100 4
458 24
369 19
140 10
228 14
459 18
308 5
382 24
456 14
247 9
237 30
443 3
202 29
315 30
360 2
27 4
297 8
123 29
326 30
438 17
324 32
47 7
109 24
239 8
262 17
81 30
334 31
1 12
347 15
421 19
488 20
370 20
135 16
4 21
309 21
217 24
337 7
115 25
43 29
212 4
337 16
301 27
166 1
58 9
319 14
71 30
277 16
293 28
135 32
372 11
237 20
427 9
203 1
369 25
245 32
252 9
224 28
455 29
57 8
401 11
490 31
385 22
114 25
177 12
473 32
43 13
340 25
133 14
213 21
342 21
284 1
241 3
496 32
248 24
207 4
131 28
323 11
166 16
43 2
388 27
94 18
75 21
102 27
178 2
411 7
122 3
463 18
405 2
57 4
214 24
4 28
163 10
62 4
317 8
22 20
119 7
485 9
251 14
104 28
251 18
298 4
60 8
86 25
69 6
320 2
257 3
329 16
204 2
99 5
494 24
76 12
438 29
8 24
350 23
319 25
125 20
324 28
227 17
204 4
403 16
429 19
50 2
282 30
499 21
478 12
204 25
455 10
465 11
33 31
73 20
415 9
319 18
437 2
351 24
193 25
367 9
263 25
82 13
374 13
277 23
72 12
403 15
325 4
193 22
34 25
209 24
166 15
389 6
424 11
445 20
343 4
441 14
80 6
2 17
454 26
155 10
109 21
256 26
128 16
143 25
64 23
460 9
229 25
34 21
439 11
472 6
142 4
387 9
286 12
377 27
17 31
116 9
291 27
262 11
170 16
431 18
106 19
166 11
91 8
43 13
382 6
162 31
278 4
447 19
139 31
5 19
205 17
484 15
195 29
117 21
1 28
302 18
290 31
496 24
370 26
112 23
404 22
125 9
25 27
447 8
245 7
22 21
423 21
148 2
454 28
186 30
163 27
115 4
157 11
183 31
500 31
481 3
420 10
287 12
28 5
311 29
36 13
425 2
41 20
279 18
188 24
151 6
6 30
154 11
80 4
393 11
334 29
186 21
330 24
401 10
57 19
334 8
395 22
401 32
182 12
281 25
199 32
70 21
401 7
71 4
263 7
410 12
187 27
53 9
419 1
430 15
163 23
418 18
224 30
345 21
201 1
125 12
260 11
456 28
473 30
491 27
340 13
35 6
347 7
98 25
39 31
91 25
141 28
462 1
178 26
121 2
135 2
481 26
496 12
258 28
165 20
55 12
500 29
86 7
175 31
315 9
62 6
117 18
265 11
418 26
88 7
24 30
488 8
320 19
144 13
450 28
176 4
368 32
444 25
226 2
487 4
34 20
297 11
454 10
433 23
355 24
113 30
94 4
234 13
82 25
193 4
240 24
239 27
247 7
411 28
4 10
364 18
1 8
244 2
73 16
29 20
47 21
305 28
93 22
404 14
470 32
409 2
316 24
168 14
34 15
386 5
32 9
130 20
112 17
338 1
400 14
112 7
6 4
86 26
158 10
124 7
289 24
336 32
383 4
370 12
286 23
157 9
207 6
200 14
11 17
2 22
254 1
356 32
381 30
209 30
487 32
16 15
420 12
83 6
59 28
70 32
410 2
12 16
215 3
285 29
100 11
135 17
251 14
464 15
135 9
224 17
60 16
100 31
295 14
281 9
337 22
400 26
279 15
65 29
325 5
218 4
487 12
129 26
397 4
424 4
320 20
356 20
239 19
358 29
340 22
89 8
191 12
477 1
102 9
314 10
242 23
54 28
438 2
21 26
329 29
217 17
444 17
28 18
231 21
418 3
227 18
450 21
197 11
90 22
319 19
427 32
137 12
344 10
217 16
259 18
12 32
46 27
252 5
340 18
161 25
404 3
466 30
8 6
484 13
311 26
351 26
418 7
421 21
412 18
476 18
35 16
349 4
294 32
4 22
82 32
446 5
255 24
42 26
425 9
358 24
31 4
177 28
46 21
60 25
438 19
330 8
374 27
255 12
278 18
5 11
126 14
48 20
213 17
141 2
318 18
225 28
57 9
295 30
201 6
262 3
240 31
314 26
121 21
133 19
30 5
313 23
438 12
238 23
153 22
140 22
79 16
317 27
320 7
440 20
168 13
362 3
496 32
372 4
300 32
218 25
344 19
188 22
242 25
136 26
155 3
215 21
194 31
220 9
345 7
384 16
64 18
123 31
125 14
26 4
54 24
104 17
126 11
234 7
68 17
465 18
347 15
158 4
414 21
52 18
388 8
474 15
385 20
361 9
145 14
136 14
129 7
299 14
234 4
325 21
105 21
226 7
171 11
343 16
112 22
46 27
33 3
301 21
170 21
277 22
46 8
216 7
3 2
484 32
249 8
240 25
300 25
304 31
199 10
258 2
391 15
160 28
25 4
192 6
324 13
360 26
84 31
100 2
440 19
25 4
243 20
393 22
80 28
68 15
45 2
440 3
480 12
62 1
115 14
50 7
426 1
160 13
483 31
299 30
193 15
314 11
87 30
181 14
253 20
296 29
425 12
435 5
391 29
113 5
102 10
295 3
71 10
239 9
416 29
179 25
212 8
395 14
49 3
315 29
175 23
301 11
402 23
59 24
83 19
148 28
333 7
266 7
248 13
159 24
393 21
124 20
32 18
253 32
297 28
232 11
234 20
273 19
471 4
278 29
354 5
441 18
71 22
292 27
414 7
186 11
491 1
114 23
30 31
454 6
138 18
148 11
421 5
209 15
456 6
148 29
466 4
347 21
497 6
207 27
292 32
421 7
404 2
9 17
104 18
259 25
351 6
167 8
30 31
366 17
64 1
294 14
304 28
66 29
481 16
415 13
367 27
259 14
72 15
202 28
80 20
472 3
70 23
54 3
13 31
288 25
284 1
458 3
424 7
91 28
146 21
28 4
43 26
133 11
404 14
494 8
498 25
266 27
455 19
369 4
441 16
248 16
440 1
15 11
79 17
119 28
110 14
439 20
136 15
470 15
256 3
226 29
132 31
171 10
365 20
405 2
47 8
381 19
208 3
201 14
500 3
213 25
169 7
464 24
221 10
46 17
100 28
81 7
466 4
169 11
495 29
136 25
429 28
231 12
115 8
126 18
454 2
426 26
341 21
277 29
26 23
93 10
298 26
208 11
129 32
445 19
301 32
367 1
300 22
420 26
29 5
379 6
87 20
456 15
44 16
191 6
258 24
47 23
309 30
170 13
482 22
263 26
46 9
66 17
226 5
110 26
382 20
440 16
143 31
246 14
330 8
107 20
423 1
346 15
111 11
371 28
481 25
77 22
262 14
222 31
478 15
93 27
22 24
30 8
130 7
201 3
267 8
398 13
164 32
272 6
110 22
69 10
275 21
467 16
490 4
374 20
222 6
382 19
53 24
406 18
38 15
141 12
118 10
345 29
485 20
259 19
109 3
36 23
176 27
122 25
42 20
336 16
17 26
210 22
481 28
251 14
426 27
174 31
133 18
175 13
485 29
63 13
260 27
180 23
101 9
303 18
500 27
461 21
208 3
438 4
138 16
57 7
135 10
105 15
451 31
235 31
64 26
232 27
248 15
461 8
415 31
45 19
253 26
135 12
176 16
351 25
315 32
227 9
341 3
67 4
313 18
282 28
451 13
402 30
127 6
249 18
125 29
12 29
150 10
41 17
421 23
341 23
150 7
36 31
101 22
486 10
107 3
493 17
132 27
458 10
256 18
355 4
351 30
461 4
363 9
29 31
391 29
74 21
288 21
383 12
414 20
5 17
486 26
77 5
96 15
79 19
444 9
435 14
151 23
498 13
247 6
352 29
394 1
29 5
385 3
273 30
130 5
318 12
478 15
436 17
133 30
276 28
151 26
74 13
456 27
17 14
448 4
190 1
144 27
78 24
333 22
178 19
478 3
282 24
93 13
232 13
83 11
5 17
68 18
385 19
500 21
428 11
121 10
343 28
40 16
144 32
121 9
38 31
167 15
258 28
36 29
336 6
496 16
202 11
269 18
290 12
190 29
270 30
38 1
426 9
384 13
301 21
241 26
455 31
157 8
370 4
200 2
365 11
397 30
314 18
355 19
489 20
171 19
206 21
223 11
137 2
51 5
462 11
127 8
401 7
127 3
178 19
328 18
77 20
459 18
93 29
344 2
208 19
192 1
427 6
395 3
371 1
352 29
439 6
100 20
464 19
462 21
109 25
386 1
216 20
75 17
360 22
94 31
284 5
332 14
50 10
125 16
23 24
456 21
157 16
152 8
486 29
112 6
105 1
130 1
44 24
481 3
474 2
321 21
210 32
171 15
230 19
382 20
474 10
64 6
97 16
101 26
180 8
379 1
60 4
309 27
64 17
357 9
66 29
497 23
329 31
237 6
313 2
161 26
159 32
267 3
291 11
392 27
282 26
459 25
130 27
147 25
259 15
81 28
180 29
450 8
96 22
269 12
155 5
398 2
4 4
272 19
235 32
469 32
285 7
209 22
397 11
458 11
210 14
330 5
467 23
248 6
316 24
173 2
296 22
339 31
438 7
297 8
478 29
39 30
395 31
28 3
306 1
149 3
375 18
255 25
460 18
106 19
221 14
301 4
348 23
18 29
101 19
308 2
283 10
192 18
149 19
24 18
407 1
320 1
354 26
473 26
279 22
144 19
208 32
218 7
435 23
43 19
253 6
465 24
399 20
417 23
78 28
352 24
316 27
117 14
96 17
187 30
223 18
76 10
126 5
336 8
232 18
446 4
431 14
75 5
121 3
228 6
135 3
386 26
102 22
323 17
146 13
275 12
43 30
149 16
347 4
79 30
65 16
265 11
490 28
176 30
34 11
364 28
185 1
470 10
454 28
187 27
153 9
171 7
366 27
214 8
155 12
141 19
19 6
66 24
449 13
174 30
347 25
150 3
137 15
21 14
262 7
392 18
223 14
108 20
381 13
300 7
464 32
105 19
401 22
46 5
262 31
183 24
255 28
343 15
154 7
184 19
421 4
181 27
489 28
82 25
109 9
107 32
25 24
258 13
233 28
478 15
374 20
306 17
195 32
223 24
362 27
466 18
334 14
276 14
434 26
395 18
442 5
317 10
416 3
95 9
230 8
347 23
435 28
83 9
4 6
180 1
64 9
499 29
291 30
422 32
335 16
321 25
21 1
94 16
415 24
288 32
463 14
451 25
342 29
377 5
42 32
209 1
53 23
205 31
333 7
270 11
498 14
295 10
78 5
158 17
132 17
340 27
283 6
195 8
175 20
320 4
331 16
25 27
87 1
77 27
59 22
141 29
139 8
426 17
28 31
413 7
232 16
457 14
246 20
341 24
427 32
487 25
39 31
140 21
92 12
99 6
118 20
58 4
27 8
176 6
418 20
416 21
396 13
14 25
228 22
412 6
365 10
410 4
261 17
232 8
321 7
353 30
422 15
397 20
246 21
353 27
364 4
16 11
344 17
251 15
235 18
224 27
412 18
58 4
238 22
227 30
472 23
347 21
193 28
192 26
168 32
305 23
15 4
494 19
200 4
281 26
258 21
89 17
342 18
192 7
435 30
137 2
200 31
2 25
78 29
182 9
440 6
332 31
157 1
165 29
420 17
494 25
301 10
49 10
228 28
73 2
361 21
124 13
247 25
305 13
22 22
273 17
176 20
267 4
280 31
40 24
80 22
80 20
467 25
226 26
220 14
60 13
210 31
141 20
159 29
132 12
282 21
493 13
360 11
141 28
394 16
191 25
417 2
204 4
250 9
429 14
78 24
50 23
22 18
447 13
486 10
64 31
186 20
224 6
19 28
37 8
395 19
236 16
200 11
47 14
72 15
271 9
167 20
140 28
361 10
424 18
15 32
464 17
395 27
98 17
402 22
176 1
64 23
312 27
406 2
416 21
36 2
477 22
5 28
94 25
405 25
62 24
356 26
324 11
64 29
163 10
258 19
318 25
305 25
287 10
338 27
38 9
240 27
279 17
334 16
313 27
240 19
362 32
252 25
198 31
457 4
484 6
402 17
238 31
133 16
268 2
430 6
47 6
24 9
266 21
48 30
299 31
304 32
234 27
196 7
222 12
495 1
421 32
210 14
454 26
34 6
16 7
231 6
484 10
238 1
462 5
179 13
423 14
272 1
37 4
291 2
175 17
166 32
33 19
253 14
421 10
411 8
453 29
349 28
246 26
37 4
74 27
320 32
48 27
356 16
262 7
45 13
283 19
384 7
289 24
5 17
126 7
348 18
408 4
217 9
485 9
64 26
319 27
406 11
178 25
302 19
111 11
79 22
261 10
412 1
302 16
314 3
331 9
208 26
61 32
94 9
177 14
307 11
392 28
65 29
176 15
212 19
417 14
32 21
456 3
429 25
211 6
35 9
107 14
482 27
165 3
415 21
436 5
40 24
284 20
100 20
174 3
98 26
305 13
470 8
275 3
220 1
344 26
229 22
347 10
468 19
137 19
56 28
455 7
251 23
254 7
402 28
365 15
369 25
183 3
132 9
89 31
294 12
104 18
234 30
84 17
165 8
435 24
495 26
370 22
332 23
300 25
402 4
435 7
185 1
109 28
425 13
167 18
480 18
92 25
276 31
118 32
98 12
363 8
145 20
41 20
206 24
60 28
356 18
230 24
462 10
207 27
238 13
456 13
347 15
134 14
425 15
413 18
154 3
466 31
210 22
126 31
50 30
226 9
383 27
148 1
144 18
83 25
431 6
302 29
437 11
250 1
185 22
235 18
140 12
340 13
409 2
467 14
355 5
214 13
351 21
285 3
67 7
79 5
109 32
125 1
314 10
257 2
91 19
40 22
394 3
282 31
196 12
112 2
144 2
343 15
390 27
193 28
50 11
304 14
151 32
54 20
357 14
314 7
153 9
28 30
83 29
200 15
261 8
384 24
489 30
102 30
57 22
38 26
65 25
115 11
473 20
30 1
329 19
276 1
399 3
231 6
316 26
316 8
445 3
183 9
129 5
15 25
430 32
494 26
244 24
60 16
479 2
397 11
488 24
344 15
326 10
72 25
207 7
68 4
289 31
436 9
387 18
157 28
1 18
310 9
461 25
312 19
14 8
450 14
231 9
240 25
218 15
49 20
401 17
75 29
71 3
310 17
312 6
272 5
468 1
261 32
6 4
219 19
132 16
20 10
460 27
270 9
421 19
452 29
491 19
362 17
241 31
17 8
136 12
216 27
425 24
235 6
400 13
300 7
324 24
244 19
430 18
163 27
388 22
23 6
344 16
438 28
406 22
488 18
297 15
200 13
31 6
2 2
238 10
312 13
473 23
195 18
272 25
308 11
175 3
36 22
418 5
102 32
482 21
69 27
143 28
351 9
54 25
454 19
6 17
56 2
24 30
83 15
311 31
306 5
425 9
2 18
18 11
17 7
43 1
277 2
57 8
210 30
332 20
104 1
132 15
18 11
113 20
302 3
194 19
259 18
299 32
460 8
67 20
315 9
117 15
498 17
422 20
134 21
75 29
293 10
100 22
65 24
262 14
134 27
324 32
73 26
3 16
290 9
63 16
30 23
398 27
203 20
86 20
276 20
277 29
70 28
230 18
87 27
351 12
446 30
315 2
499 9
253 24
238 19
95 3
346 5
497 16
16 11
236 31
446 20
63 27
239 13
500 1
283 10
100 28
79 22
449 30
82 13
217 15
72 28
141 9
156 14
316 23
72 27
165 21
266 16
32 28
372 27
384 2
85 7
86 11
396 26
92 26
291 29
352 6
472 25
130 23
130 5
353 29
200 1
217 13
448 32
173 11
483 4
177 31
391 10
433 6
499 17
467 9
37 7
354 4
311 27
338 4
280 6
492 31
410 16
147 22
160 19
176 10
79 12
264 1
465 16
458 24
424 5
456 12
95 14
171 9
496 8
48 7
401 11
457 19
450 16
168 9
478 7
454 24
399 25
228 7
117 30
382 8
462 30
204 12
351 2
164 18
86 31
473 22
453 29
500 2
88 15
363 14
66 28
473 8
237 29
382 29
386 12
244 27
305 23
106 19
25 25
352 2
183 28
151 31
309 31
240 4
169 10
461 2
474 22
401 26
486 23
62 11
46 25
421 10
308 10
356 8
498 31
497 24
235 31
370 19
149 21
290 10
415 7
255 4
36 20
97 13
290 18
95 11
18 27
388 25
96 15
360 5
301 8
476 7
355 17
281 3
305 15
24 3
173 23
458 16
138 2
80 19
267 18
465 29
244 16
461 15
446 21
283 10
380 14
485 2
454 9
441 2
187 16
181 11
446 10
418 15
396 21
213 30
226 29
298 17
380 15
307 9
283 17
423 30

