256
471 10
449 26
303 12
35 22
36 1
421 20
426 19
331 13
187 21
233 9
46 13
258 10
241 26
111 19
324 31
267 7
189 7
160 23
246 2
16 29
486 28
481 24
179 11
148 13
216 28
310 1
476 15
479 9
36 21
323 28
499 9
6 27
155 1
30 1
62 29
33 3
185 13
162 7
176 29
431 23
41 8
355 32
11 1
84 30
273 2
109 8
346 26
162 25
482 19
457 27
440 21
442 8
206 23
338 25
264 32
475 12
360 5
171 30
14 19
267 26
12 20
261 30
193 3
414 7
465 14
217 4
210 30
379 3
465 24
147 8
484 9
383 31
302 29
416 19
159 22
304 3
261 13
84 22
339 21
128 3
218 28
59 3
58 17
194 14
5 32
101 32
165 7
34 22
387 25
132 18
482 19
68 23
351 19
48 13
499 7
344 8
74 22
142 27
190 15
4 14
27 28
33 23
438 10
360 5
366 19
370 16
277 9
294 4
291 17
168 1
219 31
4 24
264 17
275 26
184 26
147 14
234 20
104 23
97 15
347 31
305 16
162 5
356 19
60 18
147 24
286 25
90 25
8 10
138 2
159 9
264 9
382 17
336 25
19 25
299 2
395 7
433 4
387 9
362 19
138 24
378 12
76 31
64 31
172 13
69 10
373 28
339 10
180 14
442 18
106 8
415 28
46 4
259 25
192 20
231 5
479 20
252 26
426 20
489 26
368 25
483 21
240 21
198 31
495 32
468 8
435 3
304 21
286 2
117 17
34 23
305 32
158 5
418 27
76 18
236 23
166 23
239 29
39 9
175 13
280 10
337 14
80 24
398 17
201 14
341 14
64 22
98 13
258 7
156 17
124 27
479 1
109 18
397 28
6 23
384 1
416 28
202 12
359 16
212 12
465 29
349 1
254 6
101 11
164 20
195 3
499 1
279 31
242 31
310 11
97 2
87 21
413 25
64 16
240 27
387 4
383 19
84 8
33 17
146 4
292 12
187 18
217 9
453 30
492 10
409 28
455 19
156 8
135 15
195 18
198 17
430 32
167 25
216 27
401 25
247 13
405 5
186 17
101 14
282 20
252 22
236 2
389 31
277 19
314 31
249 23
403 26
90 18
42 29
120 27
222 10
487 26
2 4
450 27
14 23
46 9
125 29
322 21
24 19
387 9
273 11
199 32
164 20
97 22
149 28
352 6
434 22
199 19
65 8
37 10
230 27
194 10
67 28
70 18
170 5
278 30
295 24
469 19
468 13
368 28
281 23
337 14
260 31
148 4
34 13
106 3
471 31
321 29
18 10
479 7
198 8
481 29
436 1
303 11
14 22
222 22
444 6
359 23
444 2
230 9
394 7
91 20
486 23
253 31
301 31
42 14
42 10
342 5
470 24
435 23
369 20
128 24
213 14
366 28
344 8
484 29
282 15
305 19
485 1
122 5
491 23
487 4
36 28
65 9
176 23
192 32
155 11
208 3
9 5
227 8
20 2
292 26
284 20
272 21
4 29
257 18
407 11
230 18
423 30
151 26
292 26
141 30
364 16
17 28
273 31
75 32
452 7
297 16
314 5
60 14
313 28
163 20
411 20
13 13
389 31
282 5
356 30
330 28
474 2
443 2
88 26
241 32
236 26
331 25
458 18
218 30
57 5
341 19
328 22
3 9
368 4
249 12
58 14
147 15
424 29
128 15
458 16
254 21
257 28
446 6
177 19
188 26
247 20
404 15
85 11
291 29
190 3
380 15
468 14
129 31
114 12
254 32
476 27
468 4
295 1
298 3
428 13
408 10
364 8
452 9
70 14
253 31
484 12
210 32
9 10
194 2
446 11
397 17
158 21
4 28
129 29
126 8
489 26
286 9
197 9
5 18
331 21
228 6
92 29
117 24
275 3
277 28
461 26
344 18
242 31
273 2
352 11
130 4
136 27
396 4
3 28
301 25
360 4
351 15
465 3
254 7
481 31
14 18
56 13
59 5
407 16
18 6
434 15
450 29
265 21
104 12
449 20
304 32
283 2
259 23
473 20
41 9
394 30
246 9
114 29
245 21
340 19
130 5
465 3
193 10
128 32
349 8
403 24
383 9
158 21
488 30
357 28
434 26
286 32
51 3
336 15
271 7
261 17
151 2
331 11
307 10
342 31
33 28
158 24
132 15
112 3
444 20
351 18
70 24
261 16
238 12
266 17
474 31
409 28
456 19
318 10
49 15
268 13
106 29
200 13
240 16
60 23
483 14
116 16
249 24
23 30
175 29
494 20
371 14
123 26
345 20
439 29
450 10
325 11
482 13
496 17
40 7
460 30
316 15
426 24
303 12
401 9
440 3
477 2
500 11
487 16
39 29
88 32
334 21
247 12
493 2
240 28
148 3
405 27
478 6
230 24
482 6
108 25
228 28
83 24
35 21
275 5
198 19
264 23
331 14
198 7
455 30
354 22
192 26
268 17
292 1
300 17
183 8
397 14
195 3
341 9
252 12
5 9
182 17
331 4
482 1
186 13
22 11
242 29
500 18
382 3
62 21
267 24
144 28
154 31
346 10
419 21
313 20
397 18
44 28
209 1
460 30
313 25
284 15
193 12
268 2
278 17
459 1
73 18
412 14
292 25
275 23
206 12
486 10
137 13
181 18
405 32
443 26
120 23
476 13
214 7
90 15
275 4
239 31
2 10
276 5
259 3
207 16
342 4
417 10
72 30
175 29
89 10
46 21
48 29
225 1
467 14
103 25
66 30
440 7
195 3
63 9
321 6
120 18
313 17
492 25
338 22
361 10
487 10
338 30
130 30
146 8
80 13
188 29
294 23
63 16
46 13
497 30
98 16
380 27
356 11
295 13
240 7
323 31
412 20
112 21
426 26
488 29
358 27
353 15
154 27
342 11
243 22
416 25
158 23
251 5
17 5
410 1
403 8
483 26
243 26
58 12
203 9
228 24
71 32
62 20
198 4
274 1
445 6
133 30
336 11
319 29
131 20
461 25
459 27
198 21
240 31
425 7
151 8
354 9
436 4
149 1
23 26
425 31
315 25
273 27
143 31
355 17
170 19
9 12
461 26
32 32
164 32
494 30
312 4
387 15
115 3
231 13
160 16
307 27
64 7
477 11
373 11
331 22
349 4
21 9
397 1
8 21
212 14
226 7
201 24
121 23
350 4
303 22
359 13
336 26
392 4
480 24
494 31
306 10
2 14
150 30
230 25
162 14
362 4
316 22
55 9
376 21
140 14
266 30
491 25
123 14
264 27
497 9
265 18
450 26
480 3
219 13
459 9
150 1
472 14
382 6
106 2
282 1
139 3
446 9
499 20
214 22
22 27
370 6
364 15
255 11
269 22
404 12
206 17
48 9
222 1
54 19
390 8
423 17
86 16
361 5
288 15
50 17
137 24
447 20
90 21
195 23
174 22
438 7
354 13
259 4
469 29
254 15
352 9
91 13
396 23
225 27
229 11
196 13
46 2
217 7
342 31
197 32
212 30
450 25
174 21
344 23
225 18
353 20
126 3
364 17
97 17
408 30
215 23
42 28
244 10
98 13
372 31
156 27
484 18
204 6
166 15
152 22
144 32
317 25
150 8
494 26
120 21
71 18
355 1
445 2
74 15
238 18
189 26
232 8
351 31
181 16
334 8
405 13
39 13
450 8
104 15
434 12
195 24
409 13
320 10
498 2
396 27
191 4
480 30
459 30
209 24
197 10
323 17
222 6
25 27
401 17
113 14
204 11
42 24
355 29
465 4
254 24
143 16
147 18
218 6
304 10
449 28
171 27
453 8
484 9
415 13
457 11
70 20
186 31
272 12
324 12
96 25
300 14
373 30
211 22
255 14
71 31
366 17
178 22
484 25
498 26
249 23
277 31
466 26
281 21
353 24
177 20
33 4
389 25
125 32
198 4
317 12
434 22
360 27
203 19
476 9
93 24
7 17
394 8
330 19
61 14
130 29
334 26
64 2
418 32
173 31
419 14
234 5
23 5
167 14
288 18
278 4
218 20
100 31
107 29
137 23
314 27
107 11
280 18
369 6
210 13
164 20
234 14
184 29
342 23
186 9
344 31
360 17
450 31
24 12
239 32
427 5
130 21
51 14
407 27
311 24
16 22
447 1
75 3
357 21
333 6
397 32
356 9
441 21
67 32
213 2
179 3
62 25
23 20
70 29
235 24
248 22
205 31
498 16
177 19
48 25
396 32
388 28
52 8
408 15
495 16
276 6
110 21
482 9
300 3
265 22
282 25
283 6
59 1
469 23
487 24
95 10
312 6
337 31
162 21
481 20
216 28
329 22
296 22
162 24
416 2
129 17
290 24
387 16
44 11
434 10
223 20
115 26
10 24
396 7
48 5
178 15
188 19
440 16
20 1
79 32
379 19
484 28
470 6
368 1
77 17
246 19
329 29
184 30
164 3
212 31
11 29
325 7
247 17
34 23
69 28
54 19
170 5
467 24
259 26
208 27
486 2
189 14
166 24
207 17
154 14
39 1
307 27
215 25
183 28
171 28
211 4
50 4
113 28
223 19
53 19
261 31
236 25
56 17
172 23
229 9
32 15
341 14
185 15
243 20
154 21
471 32
489 28
448 1
240 30
323 12
452 31
34 3
31 22
439 6
56 19
378 15
137 23
277 10
125 3
41 15
283 11
346 15
234 17
371 29
463 1
321 30
127 18
305 21
147 19
210 18
114 8
141 6
306 29
275 2
139 11
412 21
381 30
396 27
50 18
291 28
163 31
482 17
317 26
446 23
232 31
17 17
94 9
299 3
277 5
181 3
92 20
39 4
201 26
438 31
404 21
466 30
43 19
354 3
84 19
174 24
158 2
364 23
402 30
2 14
87 30
296 18
125 6
353 2
472 19
428 11
75 25
292 25
192 21
328 23
148 21
442 25
394 22
55 31
319 8
324 21
89 27
138 22
156 27
243 31
337 22
205 19
266 16
379 25
493 6
84 12
58 29
444 15
34 18
449 5
258 24
313 30
94 31
115 18
293 9
432 5
378 25
391 12
132 1
452 12
327 19
115 32
116 26
39 1
112 27
205 5
463 30
418 4
320 21
9 20
241 5
92 27
77 14
466 4
250 9
36 20
156 6
312 11
412 2
123 11
40 16
95 14
197 16
410 8
396 6
479 1
358 18
459 6
403 32
346 12
192 25
80 3
382 19
321 29
444 24
19 15
123 21
337 19
477 14
38 8
163 20
212 29
289 2
158 3
445 11
194 9
235 13
187 1
367 24
465 18
451 4
497 21
96 29
95 28
430 32
148 28
351 11
316 23
381 26
329 13
180 6
313 7
499 32
235 17
359 3
379 5
34 3
85 30
59 31
405 8
14 28
283 16
263 27
2 19
276 30
171 23
55 20
221 21
187 3
122 9
6 8
57 11
78 5
372 8
23 1
179 32
180 17
251 2
263 20
140 30
285 19
345 19
498 17
448 24
372 13
432 25
272 12
119 29
480 11
40 18
471 18
37 6
30 31
296 13
242 27
330 2
449 30
420 18
91 27
481 2
287 8
42 26
251 28
110 2
354 25
83 16
366 3
326 12
109 29
40 18
259 1
79 4
395 7
5 13
365 30
298 8
101 7
61 24
202 23
433 8
171 12
379 25
338 12
136 15
28 27
148 31
395 19
346 25
77 22
477 25
187 18
296 24
316 1
491 26
231 7
425 5
142 23
141 32
211 32
130 10
154 13
376 21
207 9
393 23
423 18
428 17
495 15
248 27
431 22
32 5
217 20
414 14
110 6
41 12
386 26
410 31
151 29
291 5
358 32
344 4
405 11
240 19
493 28
413 8
281 32
436 13
103 21
59 29
107 7
384 32
473 29
382 7
282 17
183 31
60 6
122 32
296 21
214 9
404 31
416 1
126 27
33 17
52 7
293 10
394 20
1 14
173 6
192 10
258 30
148 5
400 9
280 19
333 22
39 13
176 10
273 17
9 25
29 20
100 13
69 13
349 5
210 17
302 13
178 32
126 1
376 13
445 8
424 5
353 26
365 16
120 29
180 8
146 1
39 21
381 23
89 13
27 26
453 4
50 22
91 15
158 7
404 30
326 27
83 10
492 19
409 23
288 24
90 5
500 24
381 5
86 25
313 8
118 14
144 23
99 14
45 25
404 32
62 1
126 24
462 14
295 2
432 26
162 2
218 17
1 22
393 7
418 6
402 31
471 25
53 21
335 25
29 26
397 3
171 18
86 4
343 4
354 3
165 31
148 26
27 28
183 4
438 28
125 16
486 27
440 14
367 14
339 28
364 31
338 2
108 23
17 15
7 10
77 23
88 20
257 23
75 31
386 17
243 2
408 20
308 7
470 10
473 8
273 28
42 2
73 21
237 1
303 19
311 19
265 18
454 25
364 21
16 1
97 18
110 4
337 29
202 6
443 30
465 11
213 18
177 21
359 5
226 9
7 32
392 31
285 1
496 25
429 15
249 25
120 27
28 4
127 6
114 29
459 22
136 28
436 20
160 14
76 5
158 14
272 17
204 21
98 3
57 6
61 5
51 16
15 26
136 22
363 29
62 2
30 25
345 25
212 12
462 3
241 28
368 20
20 28
420 29
474 20
495 15
133 1
214 23
326 17
492 25
153 30
362 31
454 22
499 2
61 29
452 17
432 20
165 3
95 12
272 12
412 2
454 24
14 24
394 27
72 26
379 21
291 12
259 12
297 9
409 2
421 17
362 28
384 22
7 18
110 30
397 1
247 23
416 32
222 5
302 21
194 13
369 20
124 27
80 25
236 12
482 8
200 11
360 31
369 2
264 2
199 13
350 29
215 25
56 16
425 21
432 27
241 13
454 25
279 13
137 10
225 10
374 20
460 21
211 20
302 2
157 20
486 22
296 16
122 11
339 11
411 3
17 32
275 18
368 21
207 8
271 23
121 16
58 4
80 28
112 25
94 12
84 11
478 27
483 15
433 25
349 3
295 29
198 9
39 25
326 13
420 28
379 16
443 12
324 14
56 11
106 5
406 17
79 23
419 9
334 15
86 30
249 28
399 19
5 9
363 2
385 11
277 23
26 7
50 13
444 9
135 25
105 13
89 28
275 19
448 8
413 5
494 17
117 32
459 5
180 14
302 28
456 2
178 17
500 19
34 27
36 20
343 8
412 27
175 3
141 7
146 13
7 15
65 11
382 32
95 21
49 20
476 4
325 1
188 28
84 17
118 15
241 8
110 4
94 25
190 14
407 16
490 9
178 23
388 12
282 2
472 2
82 16
37 10
156 24
82 3
445 27
61 13
363 7
188 4
307 22
42 29
65 11
477 2
437 24
153 22
50 13
399 15
276 27
388 11
11 29
374 27
372 30
343 26
456 22
41 2
259 14
326 15
113 3
269 25
370 29
471 19
249 5
401 4
156 25
159 18
461 28
472 12
317 18
269 29
195 2
34 18
243 28
332 7
366 16
108 23
225 14
6 21
298 10
53 17
250 7
470 23
94 13
246 26
106 7
34 5
176 20
310 22
131 21
125 12
445 28
82 17
309 11
197 26
49 29
411 22
459 12
360 4
173 14
18 22
472 19
134 27
174 15
416 20
288 12
151 8
475 1
104 15
375 28
93 31
49 19
73 27
234 32
115 22
241 28
388 32
34 5
62 20
316 10
363 23
221 6
186 28
302 21
330 16
440 18
99 8
276 3
199 2
306 1
119 15
296 2
110 9
379 8
388 26
1 3
500 5
468 13
120 13
325 10
444 16
223 10
104 31
268 26
212 14
466 22
120 21
188 9
441 30
252 25
315 32
431 6
29 2
350 4
370 18
301 9
289 8
59 24
226 30
397 5
251 10
118 6
326 17
303 27
74 30
447 4
362 13
53 2
478 26
389 27
427 18
11 12
417 21
163 30
99 20
430 29
125 27
71 27
56 17
69 25
130 7
369 11
447 5
232 32
27 17
474 9
14 28
372 26
257 23
423 3
446 24
55 6
250 1
224 29
349 20
138 31
10 18
321 12
130 21
83 20
377 4
461 6
392 16
171 16
366 21
354 15
148 16
85 29
33 20
406 1
304 15
63 1
400 8
473 21
140 23
37 32
463 5
257 26
180 3
1 26
223 26
60 2
113 28
118 25
156 23
230 23
417 24
327 4
379 3
197 26
206 1
385 20
81 29
21 24
271 21
9 21
78 25
214 22
416 20
187 3
58 8
233 15
411 16
494 30
210 10
11 11
126 16
286 14
388 10
170 11
30 22
355 11
98 21
149 2
104 15
436 17
454 29
339 20
80 17
5 29
374 8
408 4
263 5
409 2
351 22
12 12
108 11
191 25
287 23
70 6
377 30
254 26
378 21
45 5
129 30
449 30
269 8
205 27
49 18
384 27
43 8
482 18
466 28
207 16
362 4
345 22
337 10
419 26
42 28
22 2
365 31
24 29
178 32
15 18
193 18
328 24
497 18
237 10
333 19
65 31
275 13
136 23
359 3
325 20
18 14
422 22
20 21
218 18
24 8
127 5
185 15
156 18
116 4
495 12
39 20
198 13
172 30
423 22
240 19
282 29
149 31
342 12
351 3
217 6
346 32
294 2
298 5
211 13
193 14
416 31
469 2
395 32
299 13
22 30
120 31
498 32
357 11
435 15
101 8
284 22
347 30
475 20
378 10
112 10
447 23
4 23
344 18
406 22
419 11
383 30
81 12
157 5
70 7
347 2
446 7
467 20
60 14
287 5
183 6
359 13
129 22
395 20
464 24
466 6
79 28
271 11
80 31
448 29
369 2
171 19
276 21
458 11
134 13
272 24
346 30
148 14
195 6
298 26
194 11
391 32
462 1
134 13
439 25
190 4
79 8
326 2
52 27
189 30
231 28
205 25
145 25
254 11
246 7
201 27
165 3
266 23
104 4
167 2
332 12
201 22
271 26
468 15
161 4
212 27
319 32
171 23
472 25
5 22
327 5
360 16
148 10
470 11
377 8
144 8
48 17
322 6
74 21
492 30
148 31
329 22
323 11
132 22
127 12
363 2
45 27
297 24
52 22
294 16
105 13
339 16
485 20
322 7
152 9
144 31
220 28
116 6
323 31
335 9
87 6
254 27
124 26
174 3
371 19
454 12
107 8
331 28
156 16
2 3
169 5
458 32
321 21
281 7
24 31
295 30
16 25
92 3
154 9
165 1
287 22
204 25
114 6
336 25
38 21
427 14
186 28
297 26
161 17
500 4
247 14
497 19
194 24
105 24

