256
35 16
117 18
31 5
357 24
47 23
184 2
370 21
150 23
264 31
88 27
464 27
386 16
2 16
305 21
165 22
15 31
302 23
388 16
311 13
447 6
67 6
255 13
498 25
31 22
151 10
440 30
60 5
382 17
188 26
265 28
348 31
254 21
113 10
332 16
90 11
485 24
112 27
92 10
199 6
427 9
443 14
315 19
191 20
267 6
85 8
434 28
366 27
432 27
180 20
106 25
246 30
425 13
32 20
170 11
342 20
431 8
462 25
342 20
496 29
85 25
344 26
216 9
57 4
39 24
115 12
357 20
437 1
68 1
500 22
51 13
185 29
329 10
282 14
1 1
130 22
209 13
455 13
386 3
424 24
451 6
272 11
249 12
439 24
28 30
405 22
483 22
115 31
87 8
184 28
24 22
25 1
490 31
361 23
194 28
3 28
173 18
302 25
333 16
236 9
381 29
142 23
82 16
25 16
3 1
107 31
226 27
463 23
462 11
442 27
458 28
150 6
69 27
402 9
42 13
113 22
481 15
285 26
362 1
230 21
221 20
95 22
319 17
13 8
231 26
138 32
101 23
21 1
89 2
273 26
410 26
403 23
344 27
304 5
200 25
273 28
221 11
70 27
275 30
374 21
239 3
396 11
149 24
211 9
189 19
218 7
72 16
341 19
159 12
324 6
29 16
333 17
463 18
343 21
335 12
446 5
78 29
263 6
461 25
314 13
308 15
247 23
2 15
146 8
435 1
221 31
416 14
415 10
307 25
319 14
324 8
214 17
160 1
478 24
301 3
269 4
173 23
339 14
158 4
186 32
156 2
406 19
311 12
153 14
280 27
111 7
438 12
207 5
300 12
69 5
326 1
60 30
55 2
171 28
437 32
155 8
466 24
15 16
231 23
97 6
489 23
316 18
383 2
226 14
205 18
486 26
482 26
379 9
147 2
100 32
109 31
175 2
314 1
406 25
59 14
258 7
61 10
176 7
447 14
476 24
195 6
385 17
359 8
65 25
17 28
88 9
270 31
255 16
155 28
332 22
13 5
464 13
366 20
367 25
41 7
20 31
304 32
115 10
371 7
18 15
195 26
216 28
72 2
251 22
129 18
143 5
375 7
66 4
246 4
256 26
126 11
76 21
31 7
294 17
221 32
140 15
269 23
83 16
324 21
269 20
119 16
296 29
18 9
436 15
145 28
104 22
170 31
51 16
221 8
305 18
155 32
60 31
150 10
466 13
179 19
276 5
146 23
493 23
284 32
129 12
323 12
197 1
262 11
396 15
91 16
276 25
495 31
224 4
181 5
468 7
275 15
359 24
18 11
286 5
130 18
80 5
349 16
297 7
375 20
297 13
244 20
265 18
110 28
234 26
29 5
500 23
296 10
75 25
60 28
465 30
330 12
494 10
171 6
492 21
333 4
213 28
211 6
166 9
317 3
110 1
99 2
500 26
23 6
58 31
137 14
124 14
417 29
496 20
258 7
484 26
127 9
370 1
26 3
9 14
285 11
187 11
432 6
333 22
111 22
388 11
116 15
65 28
331 16
119 12
250 23
382 32
151 27
65 12
489 9
17 1
43 7
359 30
92 15
132 22
285 7
153 8
234 25
431 32
480 18
4 29
4 17
309 6
339 29
181 7
297 9
451 24
104 17
369 27
56 8
101 4
223 17
239 4
173 13
223 16
422 14
232 5
314 8
282 8
116 26
182 9
363 20
456 18
145 20
364 4
28 28
391 10
420 17
409 20
1 15
243 27
61 15
51 26
70 9
230 26
498 15
450 4
395 1
29 7
432 1
90 15
60 16
60 8
312 4
71 28
451 30
290 15
344 21
236 1
377 9
98 30
376 27
438 26
155 22
12 15
210 9
45 18
284 21
249 23
276 19
462 10
336 8
440 27
444 32
92 24
492 21
397 31
440 22
340 10
300 23
32 1
303 21
130 22
385 10
384 32
49 30
442 12
97 1
415 32
408 2
63 8
398 11
470 5
293 30
135 12
364 6
304 19
94 30
456 2
163 20
342 3
37 11
447 21
15 21
228 11
218 10
174 11
248 23
156 20
8 30
335 8
455 11
390 29
424 1
230 14
388 31
149 4
205 31
112 20
307 11
142 8
128 15
342 8
13 1
119 25
490 26
244 1
444 25
345 11
181 26
452 13
497 8
196 1
398 8
272 24
146 17
431 6
431 17
353 4
473 7
316 15
424 27
259 3
43 11
85 11
380 5
143 28
340 7
281 18
498 16
145 31
169 8
120 31
200 16
246 8
443 29
486 22
471 4
437 9
50 5
440 18
409 10
9 21
124 9
190 29
45 14
116 25
409 31
163 12
59 25
484 5
321 9
70 12
417 18
8 26
27 7
451 31
233 24
387 32
452 24
477 24
410 24
208 26
178 7
130 4
483 25
440 19
285 2
150 13
367 18
371 9
308 17
32 8
132 26
396 8
346 4
431 23
167 15
276 16
213 21
284 19
17 27
53 14
84 3
206 15
212 32
195 11
101 30
411 24
496 26
19 9
29 30
447 23
440 14
242 32
479 25
50 15
100 22
500 15
156 22
485 11
133 20
90 5
405 8
169 8
305 27
444 29
136 14
231 3
464 24
430 30
201 19
288 4
285 8
186 32
345 15
11 17
202 32
62 18
99 18
210 7
268 9
439 4
395 21
330 18
344 8
151 28
442 26
47 2
429 17
166 29
255 12
102 32
127 3
413 17
96 10
479 31
479 25
118 9
289 8
82 24
59 8
232 8
225 18
78 2
214 11
278 32
270 11
275 32
97 16
472 32
365 6
55 11
70 32
67 10
471 12
45 21
83 20
233 20
406 6
165 7
404 18
439 5
25 5
272 9
456 19
313 13
396 7
15 21
242 10
378 13
81 30
445 8
50 29
175 23
338 15
425 17
280 3
265 28
132 24
277 27
482 13
259 1
159 30
45 24
207 18
464 27
48 5
302 1
437 28
403 3
166 19
367 10
246 8
453 29
371 9
463 9
169 30
433 7
199 30
227 1
103 2
43 30
302 29
98 7
172 20
217 2
31 27
135 28
418 15
152 1
316 14
345 12
391 17
163 5
458 17
345 29
282 32
414 24
84 24
26 19
363 6
296 17
176 30
372 2
369 3
86 4
341 10
19 27
410 1
24 8
421 4
280 3
107 29
490 30
56 23
149 31
108 4
15 27
226 27
80 14
261 29
129 13
298 31
36 32
32 7
427 16
278 10
358 13
102 11
130 26
213 26
428 28
74 6
307 31
32 18
244 29
255 28
97 20
74 16
111 25
394 25
261 32
446 26
260 8
317 21
57 5
19 24
201 12
481 23
94 29
244 21
157 22
264 1
402 9
89 28
294 6
105 10
5 22
23 16
449 7
357 29
72 19
44 12
170 17
482 7
389 9
155 5
75 10
149 8
106 21
43 19
219 23
452 31
49 31
191 9
165 19
206 16
273 25
211 2
125 28
408 21
417 2
57 3
331 30
22 28
294 12
335 12
211 10
439 15
112 25
107 13
27 28
216 15
413 23
444 29
470 23
402 22
264 10
80 2
15 1
381 25
17 11
172 15
353 14
189 28
90 19
296 16
311 4
118 3
290 13
463 11
263 16
497 26
174 24
323 32
381 24
200 5
270 28
327 22
185 15
290 15
13 25
94 15
448 28
101 21
272 16
348 11
279 32
264 24
123 31
344 15
290 15
251 23
266 5
33 19
295 30
429 20
110 30
186 18
233 19
146 1
202 5
95 32
188 14
284 27
444 15
165 1
21 28
496 7
344 4
441 19
405 25
150 22
242 7
71 15
473 13
35 26
61 25
6 21
486 17
263 18
267 23
218 27
194 9
129 18
296 25
380 12
141 9
214 7
67 8
413 8
204 3
213 5
427 26
217 32
358 7
45 8
405 3
115 15
179 3
488 23
164 3
378 12
99 3
390 25
79 6
56 30
100 1
398 2
190 26
290 4
444 18
375 29
300 13
299 31
84 10
157 11
356 22
106 22
477 8
470 3
149 14
188 21
498 2
274 7
403 23
234 27
249 21
47 28
301 1
230 16
482 14
186 21
272 16
494 28
139 23
154 3
192 29
387 17
482 13
228 25
427 1
231 11
273 9
75 22
473 32
309 18
42 31
494 17
138 15
412 4
5 9
414 9
461 29
89 3
313 16
179 11
129 13
266 5
389 28
326 29
495 31
18 8
333 19
52 10
201 3
245 5
231 18
253 16
310 6
486 22
9 12
213 5
276 22
242 12
21 3
228 11
405 21
255 29
107 10
206 7
121 18
11 23
460 24
246 17
309 23
243 17
98 7
158 25
488 31
240 12
169 11
226 2
211 8
162 5
490 4
475 30
21 22
164 24
453 26
453 9
492 15
281 18
205 14
166 16
40 14
51 13
224 16
486 23
460 11
455 9
70 6
262 3
267 25
274 7
186 2
183 2
124 7
471 4
105 28
371 32
245 13
56 1
401 25
107 20
392 17
12 17
342 1
255 16
197 13
30 11
458 4
412 30
379 30
113 31
369 20
182 2
256 10
434 28
482 24
219 5
304 10
38 30
2 8
105 3
172 3
433 2
50 24
415 16
77 31
114 13
362 12
262 18
385 15
477 22
438 28
443 14
425 16
239 15
271 23
477 11
329 29
276 31
456 10
10 8
68 28
180 26
123 2
251 27
340 23
76 22
126 10
371 23
497 13
329 16
303 21
414 28
269 5
214 4
230 7
459 21
198 30
282 8
283 24
178 15
463 18
252 32
123 6
490 20
82 26
239 20
178 28
219 30
44 8
21 13
7 11
273 16
469 15
376 7
290 25
373 20
10 24
44 5
449 9
104 14
407 26
118 16
345 16
30 20
472 14
364 6
381 32
33 1
394 12
99 20
17 28
491 14
299 26
158 16
271 9
481 5
454 30
112 22
286 1
389 5
43 8
86 7
240 30
123 21
82 13
20 14
396 15
123 27
248 13
294 10
245 6
46 23
224 2
200 17
150 21
469 16
192 30
466 3
227 28
268 4
161 31
257 16
1 12
102 21
216 19
118 12
373 12
10 28
25 14
308 14
150 32
218 29
385 19
476 23
475 23
123 23
381 11
394 2
462 16
130 13
94 19
489 26
114 26
413 10
59 32
312 8
51 21
253 27
267 4
250 21
470 12
431 14
102 17
83 12
172 4
444 1
163 16
83 20
134 15
414 16
419 21
104 13
457 28
256 15
83 25
168 24
228 14
105 25
274 20
96 29
103 28
62 13
323 24
41 20
138 30
500 20
30 27
377 26
310 8
412 20
488 11
147 3
381 15
395 22
142 31
451 25
382 16
9 4
7 5
364 12
354 27
404 19
317 32
220 10
263 20
221 6
266 7
464 22
321 2
152 23
200 30
207 25
317 19
137 19
116 20
318 25
66 29
204 2
352 23
211 2
258 7
215 8
149 14
21 1
388 8
283 15
125 5
20 17
56 4
115 15
359 1
491 4
357 18
9 25
321 15
26 18
353 1
453 1
122 22
321 29
497 24
300 2
444 19
266 19
326 21
373 12
165 8
311 17
261 19
433 1
241 3
11 21
51 11
445 16
288 21
385 29
72 24
462 8
354 15
218 31
459 27
66 23
158 24
348 26
398 16
499 10
90 13
434 20
323 18
16 23
346 16
451 18
435 16
137 16
138 18
318 1
296 23
71 13
110 30
371 23
50 1
348 31
81 29
131 3
10 22
217 19
397 11
476 11
78 28
118 24
318 7
164 25
169 14
418 10
356 12
488 25
360 31
395 24
467 9
46 8
22 19
34 2
281 30
248 23
473 5
426 6
151 5
107 7
378 4
300 29
15 15
341 26
473 12
17 7
464 10
118 18
176 8
403 25
13 31
167 29
219 28
331 14
384 1
392 17
164 4
198 18
330 2
107 31
477 27
445 1
388 19
278 32
66 4
372 30
34 6
266 5
481 28
474 32
236 5
476 31
260 29
280 26
415 26
244 11
212 28
183 24
102 28
15 7
492 14
96 1
423 30
129 19
161 22
118 21
171 1
147 2
470 3
371 28
16 18
478 16
154 17
327 27
472 29
126 11
226 5
488 28
138 16
254 27
422 31
399 32
167 1
21 28
175 28
75 31
357 29
418 26
65 20
321 24
436 22
499 25
370 14
12 28
305 1
158 2
339 4
169 29
452 2
197 7
285 15
169 9
323 18
355 23
181 23
423 20
472 17
480 5
462 31
200 26
311 21
344 29
264 28
357 28
405 17
194 25
176 6
182 10
299 4
237 27
62 15
298 5
135 25
225 28
323 9
213 21
133 16
133 21
420 9
464 8
246 17
365 25
370 2
270 12
433 2
350 30
368 19
230 14
479 10
449 1
82 30
285 15
69 5
315 24
461 18
16 6
286 32
478 23
277 32
174 5
105 7
406 17
373 3
178 3
292 7
3 30
140 23
292 16
259 14
48 7
235 7
277 32
294 10
26 6
353 23
130 10
425 11
486 21
373 23
351 24
493 25
241 32
195 32
192 9
489 23
23 11
5 27
94 2
405 31
219 13
169 16
418 17
86 15
445 6
270 27
325 2
499 18
246 1
449 17
497 30
379 24
364 3
170 18
180 22
428 10
35 5
301 24
245 18
207 26
47 12
484 19
89 7
288 14
379 21
270 16
230 4
247 25
382 24
402 9
194 26
162 16
482 10
31 18
199 13
415 17
64 31
320 5
85 7
486 11
47 16
42 12
107 32
221 25
408 14
253 5
7 19
180 4
228 26
214 23
299 32
375 30
230 10
366 2
153 20
333 11
163 6
179 21
14 27
461 29
76 14
373 15
480 20
422 27
113 7
337 19
467 24
477 4
257 18
66 17
397 18
164 7
123 18
384 28
444 8
408 19
409 24
453 20
35 19
447 24
213 31
410 31
198 26
431 23
80 8
419 16
245 2
91 15
275 18
207 30
317 2
441 14
98 17
465 4
471 15
131 28
250 5
214 3
278 28
253 9
491 32
389 27
105 15
306 20
452 20
449 24
477 1
197 14
486 6
58 20
128 12
139 1
432 9
176 14
200 28
270 7
451 14
129 28
488 10
287 27
297 31
263 18
328 23
51 17
176 16
268 16
148 19
32 11
315 19
140 30
339 14
408 9
271 5
48 23
174 18
401 11
421 3
448 16
326 26
412 21
106 3
156 5
289 20
35 15
450 7
469 20
288 16
429 14
116 32
168 2
162 21
112 2
435 7
33 16
56 16
113 9
326 8
117 7
11 28
421 1
30 1
100 21
117 16
226 4
356 6
373 1
166 16
302 16
394 18
212 22
481 4
462 18
147 11
124 6
286 13
470 7
285 25
483 29
301 28
337 24
305 5
376 26
45 25
422 10
214 9
387 10
12 29
203 22
483 19
19 12
223 32
434 11
261 12
112 1
327 8
420 8
156 15
305 32
323 10
490 16
62 8
81 29
280 19
83 10
461 13
233 3
293 6
394 5
285 21
465 24
452 28
447 7
30 31
11 16
329 16
91 26
79 23
315 27
157 9
324 14
201 25
4 1
74 29
397 15
401 9
174 12
96 4
163 13
222 25
180 10
376 26
292 30
144 26
164 25
206 28
270 22
396 21
103 17
22 27
179 2
212 4
126 7
323 32
284 9
164 15
94 31
85 21
492 24
194 20
380 15
347 21
361 2
126 27
62 27
313 17
68 24
296 9
183 27
184 18
15 31
132 20
385 8
197 25
148 22
88 15
493 26
380 9
27 13
315 12
151 23
384 2
3 16
115 13
150 18
2 12
349 29
475 13
201 7
313 4
265 16
226 1
185 21
109 3
109 11
3 7
253 10
181 15
269 19
291 2
296 24
285 20
277 12
229 25
134 5
176 14
293 13
6 29
358 22
40 2
92 14
429 1
131 17
451 16
255 10
169 6
237 30
46 21
417 26
193 26
166 8
152 18
473 21
435 22
327 14
499 10
367 31
114 17
387 25
248 17
10 17
395 2
426 16
463 22
65 3
95 6
375 22
40 31
459 6
380 21
151 10
202 13
9 8
217 23
84 29
240 1
437 30
42 26
425 24
55 21
11 29
422 5
451 17
435 29
490 22
193 8
395 14
8 7
413 17
150 20
393 5
292 25
374 22
42 14
189 32
490 7
300 27
435 14
428 13
10 1
238 26
57 1
300 28
239 28
492 4
412 24
128 3
64 9
388 1
2 5
404 23
275 28
106 22
305 29
134 19
301 4
368 5
208 19
125 10
83 12
186 30
352 21
400 19
18 24
372 19
364 19
214 6
330 27
403 23
55 29
301 19
112 20
64 3
39 24
116 21
303 25
318 6
466 17
421 11
356 12
205 3
270 6
61 12
88 3
438 22
203 10
497 30
257 32
484 3
99 12
267 25
252 8
259 17
153 23
403 32
174 24
79 31
25 11
246 29
157 11
106 12
272 26
25 17
13 9
175 15
312 10
216 23
377 6
484 9
4 2
389 29
345 11
323 22
161 5
334 1
103 3
28 3
393 21
107 21
117 5
220 16
74 11
46 31
112 13
183 11
267 15
495 7
93 1
184 13
237 13
422 20
308 25
418 12
205 8
308 9
304 3
452 26
165 30
32 28
378 30
94 24
137 12
459 5
109 26
334 17
363 31
36 22
407 25
221 4
328 32
136 12
259 4
213 15
437 28
51 10
309 16
162 5
436 32
378 8
465 27
240 31
169 28
496 15
432 20
38 20
448 30
95 22
113 3
480 1
254 14
66 22
378 11
211 25
50 4
208 3
2 23
341 22
74 21
96 6
108 22
469 27
11 23
464 19
221 20
375 22
177 28
239 30
19 5
218 16
388 21
82 5
224 19
410 29
463 30
6 14
491 26
329 5
388 24
475 8
439 9
285 12
140 8
21 10
324 31
78 20
367 11
452 30
285 18
443 3
219 28
21 1
126 25
61 5
492 27
325 27
87 9
46 6
336 14
236 28
360 9
223 31
175 6
20 16
239 22
58 5
114 2
17 7
278 9
103 10
315 23
52 5
240 9
479 15
366 26
86 2
230 24
156 20
186 27
67 20
489 21
233 2
406 29
192 16
30 18
305 8
73 28
97 8
304 23
90 25
344 32
246 17
187 25
180 20
428 7
500 4
223 32
221 16
332 12
163 1
57 23
57 5
174 21
144 21
431 2
498 26
261 7
198 23
348 13
171 19
475 18
394 13
105 26
177 12
377 27
1 1
158 21
266 3
61 17

