256
343 22
344 8
438 19
212 12
71 2
383 32
289 16
38 32
363 10
32 17
166 7
430 18
350 23
349 9
152 28
478 7
333 21
446 18
67 21
169 29
330 4
180 14
359 1
194 25
190 1
337 20
219 10
169 28
197 10
16 24
117 25
46 22
17 12
423 19
500 4
423 22
347 11
3 25
319 16
482 21
125 26
216 23
436 12
467 4
253 22
183 26
179 25
23 27
72 21
130 3
388 28
456 30
154 27
143 17
358 8
185 26
145 12
29 4
135 3
415 12
328 2
461 6
30 19
53 29
279 14
227 31
233 23
104 15
345 18
415 26
73 3
36 26
350 4
149 4
58 4
75 29
365 19
243 30
369 3
198 12
328 24
18 24
310 5
2 30
71 4
356 15
218 11
64 19
306 5
255 19
480 5
451 12
364 17
441 28
191 2
83 2
117 16
134 7
73 31
432 11
403 27
489 8
381 1
391 18
117 17
252 12
325 19
291 12
99 31
124 22
424 14
363 24
306 16
318 18
131 2
372 17
388 20
356 1
412 18
306 24
242 22
475 23
464 25
106 10
51 9
407 22
287 22
366 20
117 11
321 19
284 32
483 8
403 27
292 7
436 25
46 14
210 1
244 21
341 5
439 16
282 29
217 4
318 18
11 23
469 27
33 8
226 12
423 12
58 22
146 17
367 16
22 28
416 1
101 8
318 15
499 19
87 28
166 29
1 12
43 9
210 27
73 31
294 31
414 11
413 28
196 3
307 25
206 26
334 14
181 31
196 24
101 7
99 6
391 31
293 21
272 22
211 24
288 21
190 29
207 10
464 26
232 2
471 10
343 12
95 28
158 19
55 26
129 5
23 27
455 15
155 10
20 29
421 23
369 23
359 16
64 11
181 12
444 27
85 7
158 11
162 15
173 20
72 21
424 6
23 26
112 29
456 23
42 4
289 10
338 32
189 26
174 2
49 21
372 25
255 2
15 28
196 32
187 24
340 6
65 3
340 17
391 3
11 24
374 20
46 32
151 26
465 28
307 29
292 23
349 11
412 23
18 7
402 21
78 10
166 27
308 25
23 10
151 17
334 1
184 3
440 22
316 24
9 23
120 1
5 8
51 4
34 16
226 20
272 8
381 30
298 8
294 12
89 17
204 18
25 32
4 16
221 16
71 6
146 26
382 18
361 16
269 30
351 30
181 3
1 13
264 6
452 21
321 5
205 13
166 21
264 10
44 32
45 10
417 30
155 10
43 3
81 3
261 24
360 17
406 5
206 25
362 17
77 27
401 18
59 11
214 18
440 10
157 12
371 22
377 22
223 23
244 24
433 24
87 24
297 8
4 6
364 6
10 12
400 11
425 6
329 3
483 8
248 7
455 30
64 27
347 27
453 11
294 9
298 32
380 10
427 28
299 6
101 5
433 32
71 14
13 3
200 27
18 27
133 28
416 29
154 11
187 6
57 8
342 22
63 13
152 13
456 14
130 8
258 2
111 32
123 11
78 30
117 11
268 6
270 16
2 27
150 24
232 14
371 13
263 5
498 2
125 1
364 2
65 1
167 15
153 18
150 2
463 30
381 7
219 18
266 4
129 15
259 12
324 25
137 30
265 18
204 13
290 15
494 26
391 17
381 15
154 2
329 16
147 29
198 2
62 11
437 26
81 32
402 20
28 30
194 21
23 17
33 32
315 15
370 13
243 2
452 32
131 12
363 1
192 5
346 21
375 7
443 8
182 20
63 29
233 12
353 31
356 18
122 26
116 23
79 30
92 2
457 26
13 11
351 20
231 28
456 30
478 22
265 7
445 31
220 25
287 20
487 6
161 21
164 4
99 6
337 3
475 29
264 19
464 22
42 22
310 13
3 19
99 23
150 11
298 29
72 32
144 26
77 21
18 4
432 25
185 25
159 15
413 22
145 28
388 6
422 29
35 4
39 21
395 8
175 16
260 2
127 20
8 19
208 9
147 31
493 31
259 27
490 12
277 14
399 28
24 24
212 6
448 6
42 22
290 24
33 17
166 19
304 21
213 11
49 27
2 30
42 32
44 7
135 8
368 18
335 7
57 26
300 4
500 5
345 13
409 29
189 22
239 1
450 20
207 6
14 20
391 7
172 27
289 30
458 1
43 5
399 24
42 19
455 29
391 20
181 19
232 6
76 31
66 17
478 16
375 31
332 25
250 23
403 18
364 21
398 3
5 25
210 22
199 20
439 1
19 27
92 23
192 27
425 5
192 6
381 2
244 24
34 9
418 13
235 1
149 12
39 25
132 28
50 14
116 32
123 22
459 2
236 26
232 32
259 7
61 19
192 9
54 2
1 23
162 11
455 14
71 26
314 26
445 19
88 4
55 22
194 13
275 5
14 18
89 4
281 9
262 32
157 31
197 2
489 14
244 12
371 2
289 32
220 25
103 3
145 5
368 22
21 14
470 22
499 30
158 23
411 15
103 23
438 23
76 2
213 4
221 31
189 17
323 32
446 17
66 6
433 25
131 5
278 20
486 5
10 19
259 24
266 17
190 15
216 6
332 12
141 29
214 13
117 8
89 22
164 14
355 12
143 21
48 12
289 10
400 26
232 11
421 29
75 30
51 2
79 27
69 11
139 23
400 3
22 4
169 22
345 19
133 23
212 17
259 16
418 18
1 21
20 25
498 23
234 28
384 25
134 5
383 12
439 26
379 24
473 7
497 14
273 14
156 32
162 6
39 23
424 23
431 19
163 28
389 5
328 1
61 13
281 31
437 31
429 7
382 21
65 3
70 5
360 6
25 13
491 19
303 2
454 13
61 24
13 29
364 32
425 24
4 1
71 4
275 15
106 21
103 22
387 5
359 6
250 31
470 20
297 20
6 26
356 10
70 8
366 13
411 3
61 19
347 27
206 2
185 32
482 11
481 12
163 15
317 24
73 2
152 30
409 1
175 20
74 8
188 15
381 2
81 25
364 20
275 10
253 27
85 10
449 29
453 20
256 5
23 24
406 22
253 26
34 12
133 31
375 8
250 7
270 30
399 29
461 17
406 5
335 14
298 16
407 2
247 22
222 13
193 11
147 2
144 24
429 17
491 31
448 4
262 1
421 4
202 18
389 3
446 31
97 4
210 27
197 16
368 11
77 28
397 31
209 25
254 9
21 12
292 32
483 13
185 16
268 30
137 4
344 22
83 16
177 16
146 30
248 25
292 28
425 28
398 17
432 15
474 28
395 1
272 9
21 28
132 28
45 24
296 24
202 2
32 6
169 17
251 16
394 10
443 30
286 4
154 25
343 7
373 13
95 16
465 19
451 13
255 3
68 14
86 17
427 1
147 31
498 25
67 27
495 25
412 8
201 5
348 15
396 20
131 18
215 15
457 13
247 19
363 31
112 9
435 14
417 5
336 26
34 26
156 32
263 11
307 15
336 6
357 27
78 23
72 28
137 16
309 32
90 23
50 1
323 12
90 8
269 26
357 14
179 21
329 5
283 19
255 14
492 15
200 17
301 20
361 10
3 21
173 5
395 6
145 10
409 19
161 1
216 17
478 30
381 26
187 4
144 21
133 4
404 25
56 8
308 32
197 14
288 25
254 31
294 23
104 15
189 24
231 20
280 29
149 13
218 19
28 2
128 32
349 11
48 24
438 3
172 3
17 11
207 2
197 25
224 16
55 32
415 21
167 15
197 4
59 7
150 10
128 29
449 12
159 1
231 25
203 26
435 19
65 21
193 13
493 12
413 19
328 3
36 30
373 24
161 11
146 23
368 5
439 29
100 26
313 19
250 31
436 12
86 16
28 6
113 13
45 25
271 28
351 6
218 12
38 26
6 27
40 10
160 3
190 15
132 2
293 13
220 13
416 17
80 23
286 24
315 7
216 2
54 11
243 27
142 4
1 11
19 4
372 30
222 25
140 1
118 13
85 26
13 4
346 20
147 32
284 29
166 27
250 7
269 5
342 26
328 22
409 6
437 24
375 31
45 15
215 10
151 12
351 19
3 13
254 9
32 17
314 17
240 3
267 16
259 24
270 15
153 14
284 6
161 23
100 21
377 2
219 31
465 1
41 28
469 22
320 24
35 9
48 18
400 31
485 18
126 10
448 3
135 20
72 28
446 11
204 14
188 14
52 25
47 28
324 27
237 23
367 23
480 26
248 11
284 9
240 14
338 28
392 9
475 23
472 24
189 19
445 12
301 16
232 15
87 23
213 27
402 27
298 13
49 25
463 12
481 18
445 19
445 8
495 27
2 30
190 30
344 22
270 16
129 13
194 15
260 7
242 17
41 27
245 21
287 19
125 20
112 25
290 17
257 32
327 30
453 29
4 12
2 5
144 23
125 25
49 20
447 14
396 32
32 32
428 27
50 20
290 22
473 19
70 13
66 16
42 14
116 5
165 30
317 20
452 26
497 24
177 11
142 17
430 13
64 30
195 2
113 20
127 29
266 28
17 23
295 19
200 23
103 29
28 32
376 7
65 28
330 5
167 3
165 16
348 5
157 22
46 30
230 28
206 15
219 3
178 1
281 9
423 11
297 10
358 21
132 2
396 14
15 22
136 27
10 31
111 18
229 4
287 30
179 9
304 21
67 17
262 31
62 12
433 30
338 19
382 5
64 2
134 26
191 2
109 28
456 19
70 20
79 28
345 21
52 29
6 14
481 31
168 6
154 21
104 31
391 21
312 26
466 21
384 13
418 8
412 22
266 21
113 16
41 26
453 20
106 14
414 2
428 13
184 21
33 11
72 7
475 23
81 21
383 20
301 1
159 8
378 20
397 30
268 13
299 8
232 12
29 1
194 32
78 21
36 14
15 7
385 29
45 21
281 8
280 17
432 2
497 29
213 21
150 24
33 17
51 32
204 19
113 9
386 14
125 6
3 27
84 15
480 9
203 8
260 10
397 23
123 17
351 32
489 12
167 5
152 22
136 24
500 4
456 26
141 29
11 12
423 10
382 14
426 29
218 1
122 14
227 17
358 9
432 2
281 6
70 16
19 9
139 3
157 7
256 29
379 26
292 25
415 2
407 21
462 28
229 3
89 12
179 6
236 2
495 8
412 12
300 2
120 30
300 32
384 31
277 6
24 4
415 27
445 5
483 2
444 3
341 8
370 23
329 2
481 19
473 32
238 32
173 17
62 5
337 1
379 13
59 27
384 5
45 21
145 3
234 8
441 26
471 19
445 27
268 9
473 28
20 10
364 8
270 25
368 10
73 15
422 31
353 6
307 29
486 11
127 15
390 3
497 32
229 25
158 8
421 6
88 8
191 31
335 9
79 27
270 15
153 8
338 17
349 16
105 6
95 11
404 12
149 28
196 2
44 5
225 20
335 12
255 25
466 10
189 32
144 19
251 12
354 28
152 6
231 8
387 5
338 30
13 30
394 28
215 13
412 8
401 10
307 27
475 29
244 3
20 7
177 10
34 14
209 13
83 16
292 29
468 5
463 4
467 20
39 1
292 31
324 32
400 27
199 10
255 30
241 18
33 1
396 22
299 32
103 1
395 22
202 3
375 24
46 29
371 5
373 10
239 5
206 10
31 4
364 21
197 32
410 5
224 1
499 14
113 29
255 15
198 12
73 12
323 23
264 13
55 5
206 29
389 31
282 7
18 25
55 3
304 32
147 24
473 1
253 1
449 19
443 15
166 32
422 32
134 2
32 16
378 2
332 14
204 17
184 2
462 14
140 1
53 10
144 13
135 29
109 7
255 28
433 13
419 15
260 16
392 24
91 21
85 10
386 24
386 21
213 3
158 28
316 14
342 27
87 16
207 7
114 6
450 11
234 28
253 29
271 8
340 9
116 12
134 29
416 12
421 28
70 18
332 17
491 29
196 25
204 2
476 1
215 1
215 24
293 3
145 7
314 8
276 5
112 1
281 23
132 17
6 26
130 9
290 1
213 21
49 16
239 24
85 29
449 27
253 21
470 9
7 7
436 10
64 3
43 12
425 22
45 11
79 30
119 25
498 24
353 23
99 3
422 23
248 6
186 20
314 15
100 21
437 11
102 32
434 8
196 6
170 8
140 12
117 3
468 3
442 17
161 32
115 6
427 18
304 8
65 5
118 32
289 10
403 23
258 24
238 21
45 27
44 13
359 32
443 10
126 8
498 26
127 13
220 29
178 11
16 3
343 25
258 8
39 12
226 12
495 27
100 32
74 27
224 28
154 26
109 28
253 31
417 7
423 20
284 8
362 7
342 13
284 12
40 2
111 17
321 26
79 12
497 32
62 4
435 31
441 32
346 29
2 15
423 8
250 6
375 32
209 25
20 12
20 31
17 26
323 25
87 25
108 11
405 9
358 19
87 10
234 1
342 15
47 9
10 16
174 5
111 26
305 26
77 32
40 17
305 6
281 12
467 12
30 23
260 4
61 27
37 27
131 19
381 9
199 31
176 8
479 7
458 31
120 6
106 24
479 22
373 31
5 27
351 23
413 30
274 26
308 6
472 18
392 28
318 18
446 18
314 28
484 27
206 23
156 23
114 22
425 11
97 13
29 31
315 22
260 28
267 20
102 2
209 25
441 31
435 23
372 4
162 7
370 12
457 29
30 11
363 14
409 7
87 25
109 29
82 32
193 28
139 26
437 24
138 26
226 28
468 5
171 1
303 28
348 7
269 14
33 11
35 5
441 21
82 21
78 11
472 10
363 7
415 3
162 20
232 19
124 11
335 14
180 1
38 23
99 2
108 24
288 31
276 28
319 25
332 4
372 3
165 10
265 15
384 6
483 8
164 18
166 14
103 29
190 8
76 21
149 23
272 20
29 7
367 8
256 30
243 3
353 24
360 9
190 23
395 8
62 6
129 16
112 24
128 1
75 31
89 8
238 32
11 10
259 10
465 6
427 28
140 7
319 19
248 24
297 30
32 7
255 24
290 22
95 1
167 14
472 11
393 21
319 15
178 17
132 15
294 31
54 29
189 28
135 20
231 23
133 18
141 20
126 18
105 24
51 31
241 18
230 25
286 20
388 3
328 31
309 25
429 26
405 2
85 3
109 8
321 6
281 22
481 2
447 1
478 25
208 30
222 9
203 15
336 30
322 31
108 2
283 25
492 11
358 16
77 14
243 5
59 16
414 11
133 1
476 10
209 11
180 3
471 30
141 14
471 2
468 22
444 2
318 31
288 7
214 24
345 5
464 7
184 22
294 4
90 29
278 14
303 21
432 25
190 1
78 12
386 17
441 5
146 15
467 29
489 17
500 9
489 15
88 8
192 1
191 25
1 24
431 3
424 22
75 29
286 32
124 24
400 9
500 1
379 31
181 11
499 16
200 3
346 3
362 2
19 20
22 31
372 32
321 23
166 27
112 11
250 27
122 9
3 30
45 25
292 5
100 10
108 23
480 17
437 21
194 27
96 12
325 19
167 25
466 32
391 29
487 12
15 12
140 26
433 28
102 4
112 21
217 19
351 24
375 3
388 21
297 20
284 21
154 10
117 15
486 31
47 20
350 2
431 29
283 8
228 12
291 23
437 24
261 11
55 12
130 27
204 10
130 31
47 19
492 11
106 17
374 12
152 19
417 3
416 7
150 7
435 20
482 19
299 6
361 26
229 10
148 16
268 1
474 18
263 22
180 20
294 5
372 10
128 12
380 7
191 21
185 5
320 10
347 19
112 19
176 32
401 31
328 16
303 29
37 17
118 28
285 24
121 4
357 24
147 12
290 1
468 10
313 7
344 27
109 3
70 4
350 10
458 17
193 32
330 25
29 31
444 21
358 20
172 22
163 6
153 8
359 32
482 11
111 5
182 31
483 19
355 8
276 4
361 20
276 6
196 20
136 31
320 26
407 31
411 29
12 16
77 10
387 22
41 21
234 26
68 32
28 22
251 7
437 31
122 28
152 5
367 8
11 22
485 21
28 15
190 24
14 22
409 13
175 21
101 4
226 20
327 25
441 9
259 2
40 24
441 11
400 12
182 31
197 18
31 21
117 4
116 30
189 12
234 3
29 11
122 14
354 8
359 7
377 5
376 24
349 4
458 24
327 20
362 16
9 9
100 5
316 15
107 5
442 12
219 26
378 13
76 20
492 14
230 4
402 1
487 14
124 29
202 19
288 27
178 20
307 5
273 15
195 27
479 12
274 25
458 28
93 13
87 25
318 8
156 11
272 23
25 11
291 30
49 2
140 30
77 27
354 13
273 20
283 27
36 13
151 5
60 24
377 22
32 10
461 11
116 4
385 12
330 19
217 11
456 1
456 9
7 10
233 3
209 28
381 28
72 15
236 15
478 16
128 21
9 32
252 13
23 32
468 16
163 1
286 6
393 2
150 27
403 3
29 7
250 25
355 5
143 2
155 13
406 22
333 10
221 32
242 23
72 14
150 18
246 32
203 14
29 5
388 11
439 4
393 4
28 19
212 2
393 26
494 6
147 15
415 3
114 5
313 13
218 30
122 31
249 21
452 29
233 19
59 31
458 24
62 17
402 9
6 30
138 32
295 16
178 18
2 27
218 10
328 7
127 5
101 4
329 16
4 17
94 7
435 23
218 16
387 7
268 24
265 25
391 7
40 4
120 25
359 13
58 6
327 9
190 23
264 3
182 11
431 7
33 2
177 14
361 3
221 9
455 25
237 17
247 9
265 23
21 19
259 3
12 22
467 1
216 22
71 18
200 22
172 17
71 21
186 7
263 18
263 17
94 16
414 9
128 22
411 24
152 1
78 31
458 4
67 2
477 2
71 25
343 10
261 13
294 6
195 21
204 2
477 1
309 6
341 8
271 7
435 2
124 25
140 29
260 31
106 21
196 16
413 22
474 21
302 23
322 20
27 17
157 16
174 5
449 26
104 16
469 11
345 8
255 17
376 30
43 2
250 14
213 30
127 10
390 4
157 12
275 11
236 12
390 13
100 15
127 28
410 7
446 14
390 8
442 17
65 12
450 23
73 3
180 27
52 6
126 12
281 21
243 12
36 16
129 15
174 31
190 27
53 15
393 18
186 6
58 27
170 20
417 10
374 4
441 1
369 2
485 25
22 3
369 21
62 29
44 16
307 13
374 31
72 18
300 17
452 17
211 9
420 27
362 25
279 22
70 7
72 6
500 13
484 4
2 25
68 5
336 26
333 18
84 12
475 7
217 26
443 7
398 27
258 20
7 32
413 12
182 32
185 5
281 24
400 14
417 7
30 24
44 2
313 23
470 12
361 10
417 20
464 7
18 17
426 32
256 2
156 22
378 28
322 14
360 2

