256
230 1
151 24
365 6
152 22
34 4
147 1
224 7
19 23
364 10
232 31
245 29
333 18
296 25
12 13
82 11
338 27
327 12
175 7
337 10
472 2
109 14
366 9
89 8
239 12
65 3
210 25
207 3
155 2
483 22
230 16
452 3
79 10
406 29
469 30
430 12
316 18
114 1
222 14
65 25
5 25
431 3
142 25
109 28
194 31
313 7
359 16
341 25
41 22
393 9
191 26
5 18
359 14
39 5
171 27
245 19
435 23
93 4
367 25
223 8
144 15
482 6
150 22
142 23
271 18
403 29
207 19
171 21
228 1
201 26
163 21
277 13
471 1
377 25
422 15
248 17
486 13
270 27
254 19
325 12
148 16
189 14
338 23
122 2
419 27
167 17
267 7
29 26
16 13
278 1
356 18
353 25
458 6
475 32
236 4
439 27
83 19
88 20
337 9
189 31
31 16
187 18
2 12
239 29
324 28
305 19
393 13
371 11
278 30
414 9
349 20
247 19
331 10
54 15
43 27
422 21
302 28
74 31
175 16
172 31
180 24
29 24
133 28
274 22
449 11
127 25
391 1
431 5
59 16
387 29
78 32
377 19
120 23
34 2
262 13
496 17
32 17
217 8
128 10
278 4
29 28
76 19
480 6
491 6
341 9
490 31
241 19
1 4
317 2
209 14
90 5
223 18
433 7
489 32
132 22
339 4
373 30
282 13
123 12
242 23
205 20
85 29
98 6
8 14
471 4
47 21
272 25
386 28
411 30
467 15
344 29
54 4
70 8
272 28
163 2
359 7
97 7
163 26
380 2
163 19
90 1
115 13
330 12
269 24
77 3
134 28
244 24
192 25
79 15
209 17
180 7
460 4
361 26
25 25
496 3
443 1
248 17
1 29
260 21
20 4
208 26
312 23
397 31
115 15
169 3
67 29
241 22
180 22
352 29
342 11
95 24
135 2
396 23
474 3
256 18
194 3
351 5
265 27
359 7
425 16
54 7
432 18
221 11
247 12
167 20
122 6
427 32
307 18
94 5
328 1
126 26
15 32
378 27
426 1
10 2
320 11
192 27
60 4
213 3
335 12
98 4
345 1
415 23
198 25
283 6
209 16
47 28
87 28
206 8
364 23
361 11
481 17
285 29
168 10
51 3
229 20
162 5
376 9
75 6
437 22
99 25
469 9
72 20
272 10
67 32
344 4
170 1
36 15
69 7
452 27
57 12
470 15
104 2
147 10
419 23
239 17
431 4
13 3
115 28
280 17
271 11
164 5
299 7
247 7
254 10
189 22
81 15
232 4
4 26
213 22
312 12
290 31
363 30
97 5
289 12
361 20
202 9
352 1
75 10
71 28
499 8
490 7
418 21
114 5
451 22
194 30
333 31
356 15
488 28
23 20
383 8
187 29
260 30
289 30
339 3
14 25
470 11
119 31
75 8
363 13
262 28
139 30
242 6
141 21
150 31
357 8
250 15
468 21
285 32
47 19
319 12
164 12
414 10
379 20
218 13
365 15
149 11
276 2
200 24
323 17
135 31
85 28
73 28
245 25
12 3
184 30
54 23
469 3
332 19
158 17
440 22
231 8
228 11
181 16
126 31
332 24
33 24
496 10
172 4
166 15
234 13
364 19
47 20
457 3
383 10
131 6
192 18
113 31
220 21
50 29
500 14
309 16
149 8
341 24
99 27
354 16
207 17
322 10
401 22
336 11
447 30
308 30
179 28
409 10
268 10
447 3
339 27
3 28
114 11
11 12
53 25
395 12
433 28
217 13
197 32
319 15
17 6
281 12
249 9
445 17
146 27
135 9
201 5
28 22
332 22
377 20
402 27
495 23
338 19
371 6
262 26
177 15
19 1
178 32
497 14
136 26
69 2
182 29
259 5
287 22
99 19
325 8
286 8
38 3
382 1
9 12
154 29
478 24
345 19
291 5
480 6
38 8
400 32
21 14
132 23
451 30
469 11
82 22
150 3
229 12
231 1
379 28
477 16
408 25
66 10
365 1
328 26
297 23
325 13
88 29
123 6
38 11
16 31
49 2
442 25
401 4
217 3
408 21
338 19
365 19
216 9
299 11
186 27
325 27
263 4
319 9
153 16
180 25
179 20
38 16
356 6
143 4
68 18
468 25
68 4
159 32
264 29
30 13
256 11
163 30
118 29
107 23
41 26
143 27
13 8
190 24
117 28
495 20
234 18
292 17
145 22
84 32
110 26
60 9
320 19
87 17
55 13
59 27
330 21
165 18
232 30
413 8
38 3
383 7
368 6
71 8
327 7
123 13
324 18
5 3
108 27
431 19
487 26
109 12
42 2
157 10
331 5
473 24
327 12
490 26
233 21
261 12
419 7
348 26
269 12
236 28
147 14
390 13
359 27
449 21
476 21
26 26
378 14
26 32
57 15
454 10
427 26
349 29
449 12
438 25
399 17
444 29
43 2
178 5
184 2
153 23
434 22
316 15
28 1
219 28
356 8
373 18
237 25
479 1
120 4
253 27
145 13
415 19
382 32
439 9
421 16
223 23
269 14
17 8
379 19
232 30
110 8
367 27
29 29
383 4
317 20
18 21
388 21
147 13
376 29
333 21
28 19
3 17
444 15
296 14
106 27
259 27
335 26
413 3
26 16
214 22
487 4
302 2
16 16
142 11
385 2
39 24
232 9
412 19
412 32
201 25
438 11
83 28
140 8
338 26
495 4
7 25
135 25
354 30
108 7
392 20
172 7
108 27
175 19
429 6
78 13
454 12
292 17
139 27
236 5
448 14
380 3
210 14
115 31
15 2
113 18
418 12
392 1
38 7
395 18
4 5
447 10
340 22
198 22
372 17
454 4
14 1
126 3
50 32
489 24
165 5
174 22
236 1
310 21
483 9
90 19
381 4
296 28
477 21
49 9
277 11
20 2
39 17
216 25
236 4
4 16
156 25
186 23
242 27
15 32
255 16
62 15
492 13
206 12
53 27
168 5
109 31
322 15
183 9
87 30
92 23
170 19
119 19
341 8
405 19
288 16
163 25
146 22
58 8
325 6
310 21
143 6
31 16
268 2
1 27
483 4
297 12
43 31
62 31
127 11
442 14
478 20
114 23
461 11
30 9
485 31
481 27
312 16
442 24
77 2
138 15
238 2
267 28
200 24
14 6
146 11
443 27
410 25
450 6
431 15
7 19
22 11
393 17
350 23
264 10
128 25
189 29
186 19
496 26
134 18
267 12
464 18
254 26
322 23
243 12
238 13
371 19
88 11
443 17
449 11
215 25
311 19
145 29
209 13
438 14
150 20
473 25
117 31
190 14
485 17
42 26
33 24
332 20
26 15
57 3
37 31
255 27
25 15
399 21
39 12
278 24
392 27
5 4
33 2
298 13
478 11
91 15
102 18
334 3
252 6
453 24
364 31
339 20
106 9
324 8
425 10
36 20
56 16
27 28
437 8
456 3
218 14
129 19
172 18
298 31
408 26
63 27
161 9
363 6
341 22
113 5
491 12
284 2
391 15
485 12
338 5
94 8
190 30
226 17
387 15
136 6
477 6
417 1
154 15
106 30
168 18
111 3
70 26
408 24
56 1
139 30
389 16
301 22
157 30
291 28
253 22
41 21
327 1
69 8
291 26
325 19
243 7
321 8
329 24
124 8
176 2
481 28
198 9
494 30
11 24
101 19
61 26
195 7
154 27
70 9
140 18
255 30
329 15
46 25
358 5
96 30
134 5
449 23
61 10
37 19
429 13
37 13
482 11
431 32
49 32
80 24
394 2
422 10
260 27
434 21
191 1
2 4
457 11
7 18
448 15
440 21
31 9
69 1
263 20
148 24
499 7
351 4
412 4
317 23
442 14
491 28
279 29
308 19
147 26
104 26
356 8
322 2
76 15
398 2
390 1
1 20
123 8
484 14
475 4
56 9
402 15
400 32
391 3
118 17
372 22
482 3
469 24
465 12
46 6
233 7
111 6
26 13
437 17
119 23
309 30
31 6
424 3
241 22
341 22
202 1
431 16
143 7
191 7
294 12
25 31
374 19
464 11
71 16
408 25
14 16
67 5
277 2
179 25
8 11
226 29
435 25
96 14
407 18
388 17
225 32
431 14
250 18
349 17
497 20
361 6
323 31
258 23
121 16
467 24
159 28
188 5
200 32
374 19
125 6
159 14
229 17
151 23
482 19
299 2
106 15
339 8
290 17
230 14
384 12
389 26
92 24
339 27
415 16
397 8
29 15
241 26
495 15
236 32
242 22
305 7
396 8
479 17
444 12
446 23
256 2
221 31
466 15
137 16
474 6
271 19
292 11
260 19
106 27
466 27
380 19
45 19
118 15
312 17
83 1
239 18
147 23
36 28
221 8
343 3
409 2
49 1
328 32
191 5
154 4
131 9
278 32
11 15
50 30
159 8
283 6
321 1
60 8
392 1
380 6
327 28
51 23
192 19
34 14
15 15
242 22
71 7
173 17
118 2
255 20
354 13
25 2
317 21
382 8
217 25
145 23
400 20
417 16
278 2
29 28
488 14
289 6
141 5
342 10
35 4
385 16
336 22
265 28
346 26
63 30
258 16
456 6
107 32
453 8
173 17
379 16
103 20
421 19
480 10
204 30
62 24
105 29
349 30
253 22
367 27
459 9
374 6
134 12
137 2
215 5
270 22
172 16
465 8
318 32
58 29
162 31
461 10
219 1
487 19
59 30
286 9
330 23
283 19
491 19
400 21
80 5
150 11
393 18
399 22
410 4
83 15
278 7
188 28
407 31
171 29
380 28
334 1
318 20
171 20
386 6
365 29
90 18
272 30
332 26
44 21
329 6
15 30
224 26
305 18
228 7
447 19
134 20
19 20
99 5
259 12
462 15
153 20
193 16
385 4
445 4
116 5
109 26
230 20
35 26
314 11
361 20
73 2
95 16
297 13
132 28
28 30
382 32
349 10
307 1
449 23
365 4
375 13
397 28
157 16
490 6
46 22
285 22
47 31
413 12
423 25
103 2
342 16
334 6
262 16
274 6
95 10
126 1
315 6
425 23
305 18
496 14
319 20
172 29
158 8
412 28
480 14
233 21
202 30
362 23
410 32
24 20
477 5
472 31
375 16
465 31
13 16
233 7
239 16
400 20
191 11
179 23
177 12
195 22
329 5
192 22
396 7
241 12
216 29
15 22
312 31
472 13
143 32
359 17
311 22
481 6
69 19
376 25
422 6
474 7
478 25
340 13
379 5
97 10
349 3
239 12
145 19
188 15
118 11
20 1
304 4
282 32
362 1
320 20
78 5
90 16
457 21
132 28
213 20
485 25
394 4
73 23
434 28
177 7
158 4
183 6
399 12
37 29
324 29
100 18
1 9
161 30
469 28
497 22
224 29
94 5
204 18
7 21
130 32
392 19
83 2
100 10
390 29
446 25
197 21
318 25
85 10
358 25
122 14
438 21
187 28
165 10
253 20
231 26
59 26
169 21
399 4
326 8
460 3
205 24
167 10
205 19
352 6
8 25
268 25
21 30
32 5
195 1
60 5
166 10
250 6
463 25
158 28
288 9
411 32
273 21
366 17
384 29
390 19
41 9
39 1
462 31
97 13
207 29
285 24
478 15
410 4
387 7
80 6
35 30
370 15
122 15
135 25
451 21
247 31
385 22
403 3
60 3
59 18
359 31
489 5
81 6
480 19
168 7
493 27
252 30
9 22
448 8
230 22
224 25
92 24
466 18
158 1
196 8
290 19
263 26
95 19
380 30
162 11
485 30
101 8
219 14
313 6
309 11
415 16
371 14
491 16
351 1
212 18
68 1
304 14
482 26
25 25
472 6
112 28
43 8
395 29
25 32
426 9
102 28
364 12
197 31
159 7
59 10
296 6
222 28
160 3
349 20
120 12
73 31
479 27
146 10
227 27
285 24
3 18
195 27
61 27
277 23
141 23
440 24
312 9
91 15
419 8
6 6
463 26
120 26
44 10
19 10
288 11
273 6
392 19
212 24
61 24
22 13
174 13
193 10
177 23
160 31
222 26
485 17
447 8
330 7
221 12
112 20
354 17
150 17
55 25
48 16
201 21
20 30
233 32
63 21
495 31
355 20
92 23
104 10
295 13
380 15
484 32
375 13
80 28
285 18
88 4
101 4
252 29
14 24
184 8
96 18
2 31
450 29
141 9
483 19
190 22
302 13
353 4
214 4
403 22
418 18
182 22
482 17
194 23
121 14
274 20
259 4
18 4
220 7
113 6
445 2
416 26
326 16
477 7
404 27
37 9
73 22
42 2
354 16
252 14
465 21
42 27
4 19
283 24
421 11
277 18
48 24
315 25
312 8
264 27
22 28
239 14
221 32
499 22
367 6
400 11
479 5
258 18
203 4
57 16
138 6
341 25
377 11
113 4
298 16
458 20
379 32
117 27
476 16
377 14
69 20
229 15
420 30
29 14
229 9
97 14
122 29
106 11
296 22
242 25
446 12
116 16
395 13
127 10
200 27
268 16
130 16
167 5
481 31
22 13
335 15
278 21
259 31
307 18
100 12
499 25
247 22
221 2
346 19
215 29
349 2
17 26
477 11
378 29
433 15
221 15
221 2
75 8
232 1
33 20
281 3
80 3
497 20
372 26
498 15
443 18
272 3
27 1
197 8
409 21
7 6
99 19
479 6
206 7
406 19
394 18
473 5
417 13
125 24
367 30
78 29
24 22
471 26
302 11
158 18
499 24
191 1
390 30
122 4
84 12
390 29
65 10
153 17
35 25
473 29
103 14
413 6
103 23
379 24
253 32
318 31
199 32
347 1
381 5
240 32
348 25
144 12
342 29
97 24
425 5
332 11
322 12
356 21
330 15
32 2
122 21
184 5
61 31
113 17
203 8
109 18
332 12
313 1
48 25
105 29
181 12
55 15
32 23
131 25
349 14
295 18
363 26
142 23
212 26
67 26
309 23
315 32
427 8
17 10
388 25
2 29
260 13
423 27
319 13
356 7
418 14
488 28
331 14
406 31
235 25
308 8
147 3
35 17
250 7
251 9
227 32
261 3
308 15
129 14
87 16
496 21
337 12
136 4
465 2
62 31
366 25
94 8
491 13
437 4
235 19
433 18
438 17
448 30
228 16
427 26
264 31
22 28
258 30
119 2
403 32
272 24
49 6
279 19
198 23
483 4
401 3
393 27
459 8
288 18
472 2
352 23
136 25
186 9
382 17
318 20
336 10
403 8
307 10
127 32
248 17
287 9
227 24
339 5
75 26
223 22
191 2
132 27
298 30
423 16
474 13
167 29
182 14
397 4
103 31
47 22
335 5
350 1
216 32
97 27
165 27
188 20
244 28
34 22
489 16
425 6
400 7
326 17
12 6
124 10
448 22
316 18
3 29
46 22
205 23
360 21
313 32
428 13
219 21
450 19
121 6
224 32
464 25
453 32
123 4
441 2
98 8
204 20
421 5
21 1
243 25
197 12
280 29
464 18
437 25
408 21
286 27
77 9
179 5
76 17
308 17
223 1
272 6
208 28
26 29
20 5
461 17
176 12
341 7
441 29
51 32
334 28
478 6
436 12
494 12
161 17
380 15
262 19
160 5
47 29
49 10
157 21
134 16
304 6
322 28
251 20
443 20
411 20
49 19
280 2
62 28
46 25
174 3
147 29
128 25
221 8
111 26
241 28
61 28
70 31
140 4
310 18
107 1
206 15
271 5
400 16
128 1
476 9
104 18
485 11
167 29
462 13
434 14
224 31
98 9
81 1
464 14
22 2
462 23
428 32
415 31
415 26
124 22
194 3
216 6
13 18
87 30
214 24
176 5
218 21
230 18
213 25
188 6
467 13
313 10
233 23
73 27
121 8
241 18
126 24
196 22
41 26
111 6
5 30
190 7
262 23
372 6
316 23
208 10
60 8
27 16
98 27
290 14
146 26
384 11
337 23
408 25
416 19
482 32
156 8
346 2
146 30
243 13
128 18
446 23
173 9
182 23
423 16
340 5
353 3
191 26
357 15
122 8
469 16
44 16
479 13
393 20
106 24
437 30
437 22
124 2
354 26
232 1
129 27
49 17
498 19
226 22
337 28
478 1
303 5
281 1
409 1
404 27
160 20
304 1
222 11
58 7
84 25
407 12
63 11
397 16
194 6
470 30
321 3
39 11
319 15
403 23
195 31
445 7
350 8
155 27
27 8
202 22
204 8
26 18
63 30
382 16
247 7
341 4
297 11
190 15
401 25
193 8
103 22
302 8
89 20
227 15
19 4
429 26
35 6
191 29
79 12
408 5
422 25
392 26
479 22
184 28
230 13
327 4
70 16
487 30
83 13
477 29
140 17
26 27
62 32
475 24
288 3
316 29
483 4
131 29
345 30
44 6
394 26
257 11
349 19
177 11
308 21
235 15
261 28
473 26
328 32
17 7
386 12
175 28
243 25
32 7
323 16
364 32
297 20
383 18
215 19
280 6
63 3
320 11
126 29
200 25
296 20
67 29
399 2
400 14
250 15
284 16
210 32
140 7
119 26
356 25
432 19
58 18
1 18
372 19
374 31
79 9
138 10
201 16
443 28
381 4
234 17
116 8
164 3
6 2
480 5
467 7
347 24
108 12
253 19
326 22
401 8
498 2
253 2
277 27
1 14
239 7
174 18
382 13
460 27
470 15
99 8
53 21
164 12
144 8
342 29
246 14
225 27
483 21
441 31
24 25
268 14
379 9
115 12
481 18
498 3
216 4
90 20
245 9
279 24
21 28
61 14
213 25
360 23
465 4
305 28
445 1
101 27
365 7
435 30
492 12
148 23
380 9
326 8
342 8
215 2
427 19
479 11
263 22
37 24
342 22
67 22
414 28
108 30
234 22
475 26
326 26
136 17
359 26
32 20
121 22
413 4
373 3
390 19
432 15
362 17
120 29
58 25
448 22
162 25
411 17
110 12
110 2
144 12
411 19
19 27
421 19
430 17
25 12
279 13
98 13
81 29
421 3
101 32
8 10
252 2
102 10
358 4
311 9
31 5
28 14
103 4
184 29
92 21
204 22
165 1
362 29
369 10
235 17
205 22
434 1
216 20
22 5
451 20
425 5
404 8
234 22
251 18
390 30
126 25
64 6
245 21
238 21
411 1
433 7
270 31
423 13
106 16
409 8
127 30
240 26
137 30
388 16
391 1
81 20
222 32
361 18
421 26
79 19
126 11
445 16
433 32
84 26
311 13
297 18
30 13
171 14
10 26
405 24

