256
244 18
53 29
334 25
62 17
212 21
309 12
77 12
397 30
485 11
356 1
58 7
142 2
397 5
83 22
135 18
378 6
423 10
322 28
135 19
400 14
144 25
201 16
272 14
369 28
176 16
320 13
79 13
247 3
445 5
12 4
414 29
309 24
170 11
444 8
217 31
2 4
51 14
284 26
3 32
282 19
80 17
263 6
266 13
484 14
337 31
493 6
235 26
290 32
488 17
60 32
75 29
268 6
466 23
3 5
258 20
499 5
237 21
198 2
122 17
415 18
175 32
412 9
265 21
17 28
285 16
307 19
340 30
40 21
328 23
477 10
326 15
126 14
440 24
267 5
356 30
370 23
145 13
143 21
185 7
160 5
86 10
32 1
244 15
434 27
113 14
360 15
237 18
204 32
161 11
88 16
356 25
250 4
442 5
260 6
403 7
299 1
88 2
117 23
252 22
106 21
312 21
359 32
302 30
427 14
236 2
34 15
174 3
294 31
27 9
93 18
323 15
122 31
72 18
445 31
492 6
391 11
367 21
406 32
163 8
334 26
197 11
193 2
1 26
337 20
39 5
161 17
23 22
327 2
223 4
268 14
321 19
72 3
259 1
207 25
160 16
171 16
258 27
430 6
348 18
137 22
398 29
303 8
430 21
365 25
400 8
70 1
494 30
111 1
322 5
25 6
60 11
41 13
409 6
427 25
439 11
346 12
212 20
459 25
129 27
145 32
159 23
452 28
60 3
108 17
83 21
66 27
31 11
163 4
280 25
48 7
356 9
258 11
245 5
207 5
391 20
252 1
122 4
405 29
322 24
265 12
348 3
250 11
289 13
170 28
353 9
490 8
313 20
126 13
464 21
281 22
388 21
107 17
292 19
41 29
78 25
368 22
487 14
156 7
382 13
47 30
393 4
146 5
135 23
114 14
307 2
156 18
130 26
54 13
328 14
385 21
103 17
182 1
426 9
420 23
13 10
244 9
353 25
462 4
364 31
289 26
172 20
216 22
261 13
426 24
215 11
345 1
119 22
461 24
215 8
202 19
197 1
132 30
38 9
241 9
19 17
422 6
325 13
195 17
258 29
25 20
283 21
492 1
246 20
296 8
332 5
39 12
293 22
281 30
466 9
82 4
50 8
377 30
492 4
162 13
44 22
424 6
258 19
430 20
219 29
167 2
221 21
281 5
78 22
47 7
82 8
230 23
483 19
60 3
30 2
427 21
111 15
102 1
117 31
224 7
107 14
88 27
447 21
43 12
430 1
271 7
69 28
198 23
458 17
229 3
330 8
263 9
210 16
161 22
246 28
13 8
125 4
30 11
468 1
299 1
13 9
464 9
68 5
484 18
417 24
216 7
71 11
39 20
194 23
106 8
434 6
143 26
69 17
481 1
449 27
489 17
199 8
394 6
112 25
495 1
292 11
479 15
41 21
494 14
67 11
377 28
420 4
57 25
396 25
229 4
371 25
8 21
21 13
39 12
333 17
364 21
447 18
339 15
358 4
425 16
283 17
275 30
172 32
42 7
424 14
114 11
191 30
215 7
78 25
194 15
490 30
387 4
399 5
127 21
408 15
384 22
203 15
244 19
342 9
145 5
407 3
59 29
84 14
159 9
230 20
275 15
261 25
7 32
237 5
120 5
35 23
186 17
161 13
315 18
214 28
119 12
70 5
420 29
154 10
17 24
133 28
454 14
452 24
257 17
296 32
185 14
378 14
271 27
151 1
392 16
44 2
187 25
391 2
117 24
239 26
131 7
425 21
468 8
248 32
268 8
99 12
77 21
26 19
219 20
284 26
391 15
324 29
144 2
238 28
461 8
245 8
198 9
28 2
101 7
389 8
22 32
24 3
168 13
297 2
76 8
347 2
111 22
98 30
235 27
13 16
310 14
139 15
130 18
376 6
496 17
450 6
456 1
116 3
225 28
360 12
196 30
469 26
228 10
59 10
252 15
361 5
32 15
271 18
220 3
391 24
115 4
233 2
16 4
396 16
463 7
243 2
164 7
463 23
480 17
57 19
444 25
143 27
120 10
488 7
116 3
406 30
422 26
151 10
189 2
29 28
152 20
161 11
334 24
58 10
348 2
396 7
234 19
118 1
156 13
396 7
187 5
352 21
143 2
398 27
399 22
334 10
49 19
216 3
322 21
48 17
90 7
312 16
333 25
28 20
237 23
462 20
428 29
32 26
166 5
252 32
206 10
465 3
284 29
489 5
157 16
125 7
182 12
422 15
216 5
206 9
428 28
228 23
332 3
424 22
39 3
413 32
112 30
202 7
262 6
351 10
429 32
16 11
263 5
477 15
442 26
135 5
53 18
223 13
472 10
86 26
172 22
457 24
79 27
382 12
200 9
110 21
412 5
91 18
266 23
356 19
452 22
75 5
203 17
241 26
146 18
35 5
27 12
304 26
2 26
445 5
474 26
33 9
383 23
262 8
393 26
354 29
311 16
53 22
428 17
39 25
322 2
241 8
269 25
453 18
286 6
174 19
155 15
495 29
181 20
184 18
77 29
122 28
20 14
253 11
318 31
371 31
420 32
338 12
360 7
309 9
40 19
255 10
41 21
83 5
356 10
498 21
7 3
172 18
144 32
473 13
270 31
155 30
158 17
229 21
135 6
13 2
372 23
71 24
219 17
336 19
271 18
211 1
304 22
154 4
9 14
464 18
173 27
467 10
111 24
347 1
85 27
122 20
330 12
71 28
197 6
326 23
91 20
95 11
269 8
46 29
226 29
55 2
479 29
79 1
68 9
37 16
488 2
459 21
202 13
68 10
139 30
216 9
281 22
475 26
409 32
326 18
233 4
383 19
253 30
4 20
238 20
324 9
198 6
245 3
15 13
148 5
58 11
233 26
24 32
239 28
431 9
418 27
148 32
78 12
465 1
72 3
120 3
483 9
380 8
419 26
244 22
398 29
280 11
490 31
190 9
439 8
497 8
487 28
359 16
396 4
144 7
82 3
65 16
284 16
143 22
190 10
472 7
38 11
69 28
258 26
460 4
82 20
403 4
451 17
483 22
140 2
16 25
92 4
137 15
228 31
133 29
17 16
207 14
58 20
285 3
237 12
362 14
403 16
89 14
229 3
51 20
400 31
441 8
498 21
422 21
207 26
493 27
9 20
481 3
179 17
233 19
213 11
437 27
62 17
468 26
300 11
10 23
437 26
246 10
378 20
363 32
73 15
11 22
258 3
352 8
459 28
203 15
382 27
286 32
367 17
437 30
475 6
69 3
99 18
401 12
333 11
264 18
469 6
43 27
468 30
14 26
181 28
97 31
206 18
210 1
190 22
90 29
296 18
279 26
324 11
74 8
293 17
265 14
314 31
340 29
404 9
58 21
421 30
351 26
239 16
50 17
409 24
445 32
149 11
302 12
402 31
332 10
267 12
307 4
107 30
64 6
203 21
446 11
127 12
248 1
207 30
145 32
289 29
23 29
312 24
261 29
254 28
110 4
391 29
303 17
266 6
211 32
487 16
442 13
304 14
329 22
339 30
329 31
62 20
415 1
231 3
289 1
470 3
356 5
19 11
61 24
376 11
104 10
279 1
326 22
86 3
295 24
480 32
402 25
31 17
118 29
343 22
245 17
8 1
377 22
463 9
162 26
208 5
52 14
13 25
271 19
383 13
374 26
392 32
255 30
444 12
35 2
481 23
302 25
83 6
218 1
115 27
235 2
199 30
11 4
162 17
162 17
49 31
258 9
162 28
66 13
439 32
95 8
231 32
112 13
426 13
62 20
412 8
417 6
433 3
173 26
411 30
194 15
369 20
251 26
167 29
339 22
268 21
229 18
384 28
367 25
372 12
404 15
427 32
245 23
98 29
8 20
251 26
319 23
5 25
204 27
89 22
480 17
30 12
58 30
251 32
74 15
55 2
257 29
149 17
43 3
122 3
106 8
104 24
194 8
49 13
334 5
143 18
197 12
373 23
85 4
382 31
98 1
340 14
269 32
59 16
234 12
66 24
403 13
319 16
480 31
344 21
356 30
478 24
10 3
158 18
326 4
308 23
328 15
128 32
135 2
111 16
217 32
263 31
196 22
214 31
300 10
340 23
99 25
59 16
19 28
406 32
459 17
118 2
212 26
86 14
135 16
417 8
372 4
322 27
113 20
94 12
297 13
419 3
101 17
355 32
396 20
167 11
324 21
344 3
234 13
84 8
125 13
423 12
32 21
266 8
132 31
407 4
495 21
174 16
5 24
419 17
491 13
459 15
221 6
53 14
83 1
26 15
489 4
406 28
44 31
163 31
86 21
454 8
246 8
379 14
359 5
354 10
86 24
220 18
466 8
464 16
112 21
458 20
140 23
471 16
237 17
210 18
406 16
254 15
495 16
104 21
133 26
406 6
121 21
227 14
101 22
485 4
382 26
164 2
156 6
409 5
471 30
418 28
485 15
378 3
7 5
184 19
142 21
60 15
418 14
348 6
180 25
433 13
126 32
286 2
82 30
378 28
164 27
279 8
170 32
479 8
340 2
18 2
454 17
244 31
214 11
92 1
127 13
306 21
472 27
238 17
137 27
456 20
261 2
151 30
93 5
309 5
494 30
118 28
254 21
170 12
155 30
64 2
138 25
386 21
164 11
14 12
89 17
303 25
55 25
483 19
286 27
283 3
469 28
78 6
112 24
393 15
213 29
400 30
177 5
310 8
259 23
491 19
144 17
399 26
450 1
48 7
376 3
217 20
82 7
417 14
246 10
312 18
118 11
159 26
199 32
486 29
143 20
359 30
473 25
187 14
342 2
212 21
268 28
412 2
426 32
395 31
489 10
332 14
472 30
104 2
310 9
330 20
416 12
441 32
296 7
13 29
64 32
205 12
4 24
385 29
444 27
452 32
40 11
242 23
125 21
32 6
285 21
89 24
400 9
292 3
359 4
36 22
232 16
457 31
356 13
15 31
323 22
286 10
453 11
372 9
223 23
214 27
467 6
59 10
34 10
265 28
209 12
369 16
39 18
26 2
370 9
248 5
210 30
406 30
60 14
90 7
384 19
141 15
456 19
68 5
252 4
436 9
483 17
252 10
334 6
119 31
170 11
247 11
400 17
245 15
134 14
297 1
489 22
367 24
340 7
489 4
118 28
404 25
80 3
474 13
284 12
468 21
310 14
36 29
70 8
224 27
465 32
72 21
457 10
101 29
224 9
240 26
364 11
442 16
1 19
208 21
358 7
89 20
445 8
228 18
107 27
421 4
471 8
376 15
429 4
427 1
416 10
346 16
12 11
75 1
53 26
149 26
161 29
429 21
417 29
322 19
459 18
446 17
233 14
60 10
149 10
18 29
356 3
196 7
1 10
231 9
403 27
166 3
320 15
371 28
103 29
110 1
286 4
194 7
229 17
384 1
90 25
145 13
115 8
16 7
313 26
371 20
329 16
482 12
334 13
87 8
249 20
201 22
103 26
256 7
350 11
412 3
391 4
88 29
100 3
175 28
200 17
331 16
285 5
379 30
17 1
258 25
13 14
298 11
55 10
298 16
44 25
194 23
468 1
495 7
235 22
183 31
418 17
314 6
177 9
24 5
9 9
457 29
442 11
488 28
12 25
251 7
345 28
45 12
429 16
83 31
413 21
301 10
129 11
384 26
11 19
350 27
391 27
392 16
265 31
179 24
15 21
34 7
428 27
374 12
322 4
371 14
424 7
415 29
489 6
210 3
56 19
18 18
217 21
129 17
491 11
460 9
439 6
67 15
424 32
74 9
248 4
182 27
319 12
75 27
394 12
158 9
47 27
99 11
287 27
448 1
386 3
133 4
252 23
394 7
490 12
123 25
263 4
260 25
252 10
92 1
174 17
297 20
275 3
186 25
474 25
189 3
392 1
386 3
371 24
22 12
99 24
449 17
152 24
146 11
97 29
399 22
337 19
341 23
294 7
375 19
363 7
329 26
87 26
453 29
197 6
168 19
321 12
8 24
379 13
226 4
93 12
97 21
23 2
243 20
168 25
286 6
31 26
488 5
31 28
73 4
265 8
374 29
412 25
261 22
237 22
265 13
166 18
109 32
151 11
207 26
319 24
51 1
309 30
465 3
181 5
270 25
481 28
86 32
376 10
33 25
35 14
293 32
11 6
239 17
456 17
34 19
140 8
123 24
326 24
491 30
328 32
155 8
255 12
51 15
437 28
447 19
233 11
23 7
344 17
107 32
410 32
426 9
75 4
201 12
339 27
258 23
450 32
326 21
355 5
39 31
312 9
113 8
75 3
138 3
100 4
422 21
87 19
261 9
98 29
413 17
151 30
307 17
137 4
9 7
360 7
281 7
383 21
66 1
380 27
227 11
2 4
191 32
198 27
249 12
412 29
436 14
386 2
366 22
225 2
12 13
124 32
107 22
36 1
315 11
431 25
97 25
41 19
20 18
90 32
385 5
132 24
414 21
413 16
390 30
5 5
74 25
192 28
134 24
408 4
346 23
193 23
271 25
433 6
174 22
262 7
22 1
82 12
114 23
67 31
484 11
404 29
51 7
440 17
378 20
336 32
186 16
222 24
112 30
449 18
176 2
196 13
307 21
336 24
123 18
274 30
177 25
366 31
328 18
263 29
5 3
132 14
126 17
349 26
359 1
227 2
211 2
286 5
402 6
140 1
227 17
334 19
146 24
130 9
357 32
381 13
342 1
402 20
69 30
409 31
250 23
164 32
260 14
180 13
423 31
389 9
436 11
404 25
422 13
405 10
128 5
342 14
353 15
141 22
196 13
200 9
239 20
257 26
165 12
10 19
107 19
87 26
473 22
474 30
226 18
375 14
218 28
27 27
310 27
344 21
271 3
301 9
258 5
358 22
197 7
360 27
469 3
48 21
140 5
186 26
454 24
275 11
479 1
93 28
171 20
144 1
183 13
449 12
205 10
214 1
376 9
259 9
371 14
137 3
30 15
80 7
86 2
6 25
6 22
204 28
238 4
468 32
144 4
211 32
425 12
453 28
349 27
496 31
369 1
285 26
307 28
85 20
69 18
308 30
391 32
453 16
211 20
251 18
391 26
405 3
237 17
319 25
272 2
360 20
150 24
241 16
360 13
200 16
266 15
206 5
222 6
488 16
134 3
137 16
52 18
43 32
102 17
429 13
378 16
216 20
431 13
335 26
133 6
70 23
245 23
259 2
136 14
250 21
336 18
145 11
131 23
379 5
251 3
309 24
446 17
359 24
185 14
18 21
431 27
271 7
65 5
493 12
127 26
469 2
331 5
405 14
151 23
46 1
293 2
232 10
82 3
465 14
136 18
139 2
124 13
445 28
290 17
240 4
382 8
81 20
24 17
25 6
471 18
278 31
128 29
352 5
451 9
179 14
354 21
4 6
77 24
165 18
88 8
133 17
463 26
32 26
50 5
363 17
330 4
487 9
149 23
18 31
359 32
389 24
216 28
41 20
43 30
158 26
461 26
450 20
355 13
113 29
241 12
481 7
467 27
379 15
157 28
418 15
443 26
431 14
49 3
302 7
176 7
72 5
100 9
116 19
57 4
415 6
407 27
220 30
361 26
192 6
494 25
236 16
266 26
298 6
137 31
108 28
409 11
4 4
51 23
18 8
51 4
257 9
178 24
182 19
425 18
260 6
334 11
410 28
365 19
117 1
157 13
16 21
255 28
128 10
342 14
117 12
429 29
349 15
200 26
497 4
255 24
246 21
454 31
244 6
213 16
170 1
436 2
137 19
409 12
348 14
261 12
494 10
188 14
296 27
75 24
214 18
251 7
122 16
317 21
374 21
76 27
101 32
432 9
54 24
353 13
294 13
216 31
302 31
332 13
493 18
444 22
87 18
369 8
250 1
276 23
418 32
369 10
67 13
107 16
196 7
372 9
423 19
479 9
193 18
25 9
216 25
94 6
14 26
214 11
351 9
89 16
44 18
137 6
314 11
81 1
53 16
350 4
242 16
52 18
490 32
322 5
248 24
358 2
81 23
80 11
412 13
50 7
330 19
417 27
133 1
151 14
301 4
13 18
32 28
180 21
343 29
225 19
268 2
408 5
357 31
483 24
7 9
74 8
423 10
478 23
487 29
92 27
332 20
180 19
19 15
383 10
212 31
8 31
245 15
31 25
253 18
220 24
398 13
95 20
135 1
226 1
405 14
111 28
273 6
303 16
353 21
357 32
496 20
98 20
482 1
340 14
346 27
493 11
203 4
266 29
216 7
161 32
160 23
59 21
117 9
428 17
398 28
236 17
351 13
484 16
313 15
65 30
85 2
252 15
201 5
180 8
360 8
239 31
315 1
155 27
10 22
251 7
217 26
3 31
170 26
398 19
364 11
344 16
224 24
438 16
464 9
191 7
309 29
46 15
77 24
257 6
134 19
196 30
196 2
417 17
387 10
51 2
128 19
49 31
342 15
478 5
455 4
332 7
448 17
441 29
428 29
462 21
55 14
263 26
207 15
319 10
196 13
195 12
263 28
378 8
82 24
113 32
375 24
3 27
172 27
199 15
492 24
364 6
169 22
500 20
8 10
173 27
186 7
230 21
462 16
108 11
167 8
431 1
163 17
215 6
227 17
137 2
425 24
116 13
181 7
24 16
284 28
94 5
267 16
473 4
487 21
123 5
300 25
397 27
189 32
500 19
228 20
485 24
191 28
301 23
418 4
262 17
224 16
225 2
235 14
421 29
130 19
77 29
299 5
95 19
288 23
402 20
286 26
19 21
189 15
199 22
495 17
10 18
20 26
59 30
431 23
326 8
226 26
341 20
226 27
363 2
233 12
381 27
353 31
347 25
70 25
498 32
357 19
133 8
92 3
481 19
373 30
434 2
59 30
326 21
265 28
2 9
303 10
367 11
132 17
399 21
110 16
116 18
254 4
398 13
142 30
219 31
388 25
316 18
482 21
434 14
328 27
95 22
168 25
488 12
378 2
500 19
133 20
8 18
215 29
83 29
135 29
75 22
9 26
319 11
31 13
440 30
39 14
192 11
199 19
6 16
269 21
266 5
324 5
139 31
30 21
99 28
77 21
185 6
414 23
280 28
107 7
6 10
105 13
204 27
79 9
82 19
65 11
100 5
471 14
131 16
162 29
15 18
253 27
27 30
406 6
462 20
25 19
9 1
15 16
283 29
272 4
144 21
210 7
281 28
184 27
384 21
491 22
286 7
449 29
408 2
118 29
217 14
187 18
122 13
141 8
498 25
267 25
305 24
439 5

