256
122 1
41 26
223 22
219 15
350 24
495 16
461 29
207 15
432 29
435 1
493 24
431 22
193 1
116 16
225 8
25 6
456 13
295 14
346 30
256 12
17 6
371 29
54 25
367 5
361 22
58 1
181 20
418 6
240 21
29 8
416 10
162 4
470 12
253 24
321 13
215 29
110 29
17 20
161 4
148 9
37 29
225 5
396 30
90 4
378 31
303 14
228 24
17 29
124 1
364 12
129 22
485 31
14 1
254 6
236 9
398 28
310 22
341 21
467 10
396 5
104 3
490 15
366 2
28 29
126 31
137 15
173 17
493 6
325 30
64 21
498 25
184 11
435 16
216 1
306 23
97 1
161 22
92 19
443 27
219 25
65 23
323 13
179 19
127 24
264 30
64 21
2 27
272 4
123 31
41 4
301 9
40 14
427 19
340 21
453 14
289 6
265 19
106 11
481 4
298 20
273 13
357 23
312 8
62 18
466 30
65 26
91 24
79 5
87 6
237 23
180 6
56 24
340 14
90 29
393 4
64 18
452 24
292 23
399 1
48 4
455 28
334 5
216 4
413 30
386 1
192 29
26 16
360 30
261 21
390 13
188 9
22 8
77 5
402 31
166 6
43 4
413 32
368 20
343 16
133 12
132 5
292 22
424 27
227 16
452 12
188 7
272 26
130 20
22 12
175 3
333 21
362 17
296 13
429 22
212 21
218 12
237 9
205 12
364 19
47 19
398 23
157 17
296 7
369 13
170 23
60 2
111 21
450 30
354 22
247 29
143 20
112 3
177 8
243 32
98 9
58 23
375 10
368 14
352 12
339 1
278 10
226 12
170 20
497 31
257 27
292 19
411 3
130 11
423 4
478 4
12 27
219 11
452 2
408 20
321 18
380 14
347 22
337 25
485 1
95 17
279 18
344 9
493 25
127 31
48 28
286 7
342 28
149 26
89 9
153 9
358 32
358 21
489 14
277 29
230 3
418 9
109 17
401 9
437 4
367 4
335 8
246 21
8 27
26 32
7 26
209 28
209 30
420 14
464 28
22 25
419 23
405 19
51 18
479 15
37 1
322 19
200 28
399 11
166 20
359 24
453 19
387 6
484 3
63 27
354 28
344 28
227 20
150 25
109 8
468 25
176 25
16 16
60 18
286 9
42 4
248 18
62 19
359 6
293 9
196 18
357 19
270 23
343 27
63 11
251 22
96 10
171 15
5 2
228 19
307 5
138 10
467 12
40 13
449 16
98 16
182 26
387 15
388 9
73 30
31 11
332 22
101 2
88 13
231 4
99 13
140 21
443 30
288 18
283 16
166 32
83 3
185 1
149 8
49 25
225 28
248 24
57 24
57 21
156 28
164 3
28 31
195 30
113 22
156 7
421 17
478 3
371 30
324 3
437 12
443 9
303 30
69 24
241 25
356 25
116 3
3 28
173 17
317 29
382 8
31 10
144 8
304 10
21 15
236 9
351 7
322 1
220 18
12 25
366 3
209 30
237 11
477 6
111 17
398 32
117 5
145 16
140 20
478 17
279 5
321 29
243 10
485 15
31 21
127 5
67 23
230 28
249 26
417 27
350 2
54 2
94 2
430 18
349 11
98 23
119 26
459 26
412 16
28 30
292 14
42 26
340 3
13 4
180 21
2 6
95 23
199 28
456 24
125 12
34 14
135 17
492 21
218 11
388 17
196 7
250 10
389 1
212 21
232 8
182 1
273 32
139 19
167 14
451 8
249 12
13 27
488 28
328 5
258 19
153 14
98 18
395 26
194 2
90 21
349 23
9 21
250 11
296 17
240 18
208 17
81 12
223 25
76 26
477 13
117 18
490 6
235 16
51 21
194 12
57 26
263 30
219 24
64 22
280 32
111 31
496 3
59 26
463 18
268 24
22 32
273 24
449 11
247 3
139 24
490 8
186 16
113 32
116 12
269 15
331 27
234 26
125 24
396 24
481 7
231 6
398 23
13 10
213 4
196 32
403 25
399 12
289 11
195 16
38 31
150 1
397 11
398 22
26 13
461 10
307 27
8 24
397 12
253 17
483 12
164 10
485 22
29 13
276 32
28 22
390 25
386 23
60 15
160 5
428 24
443 14
162 30
142 2
25 6
222 24
194 2
97 22
151 21
302 23
200 29
92 18
5 1
80 24
111 19
353 10
210 11
476 27
448 29
132 16
362 13
331 19
90 7
84 5
256 9
167 15
213 6
248 26
86 7
133 20
417 13
290 2
131 21
348 30
85 23
254 18
184 20
353 17
67 12
365 22
173 15
128 25
140 4
454 25
406 3
477 3
275 10
300 6
234 32
187 14
330 16
263 25
228 3
138 30
403 30
467 3
385 22
311 32
173 13
305 3
55 5
253 29
250 8
438 11
403 5
300 29
268 22
97 23
381 30
492 7
440 6
61 8
256 3
51 20
339 31
358 29
339 26
426 16
218 27
70 8
191 17
204 19
487 25
9 31
90 29
353 17
162 13
204 29
135 31
197 30
165 6
70 32
220 19
443 1
62 9
408 12
85 12
266 31
116 7
289 25
479 1
86 4
405 1
409 28
247 17
217 28
362 18
267 21
485 9
369 18
73 29
1 10
240 27
432 11
393 5
59 3
213 12
214 18
285 6
9 11
430 5
146 12
362 32
224 26
473 21
243 25
221 8
258 24
362 10
166 2
262 4
180 18
72 9
443 28
367 15
90 4
379 12
439 9
499 15
438 19
459 13
72 19
276 13
490 21
370 11
94 3
82 25
309 29
17 23
360 15
406 30
31 24
37 1
376 19
483 2
62 17
198 17
471 1
313 12
313 19
318 10
165 4
30 9
404 2
428 24
281 5
65 3
320 29
131 28
191 18
213 20
406 10
236 5
234 1
392 30
83 6
303 7
313 8
424 8
81 15
331 25
387 19
171 14
199 30
105 30
267 5
493 16
78 21
104 23
129 4
208 7
57 26
161 17
193 28
436 10
490 23
486 28
13 29
434 24
162 18
453 8
207 5
303 4
173 11
447 13
254 14
215 22
16 32
382 8
163 29
185 5
435 19
380 28
179 9
11 8
203 7
119 17
407 5
396 4
179 14
84 28
348 3
445 3
378 22
274 28
495 27
44 5
129 32
228 27
88 18
350 2
200 16
402 3
240 6
390 3
491 21
202 14
123 15
404 24
324 26
392 22
488 19
99 32
210 26
478 26
416 27
143 3
294 13
425 29
194 10
303 4
139 29
226 21
3 1
465 14
10 32
496 13
494 30
168 4
419 5
205 2
471 23
301 8
95 9
1 20
391 3
176 17
11 9
493 9
233 17
191 3
164 26
443 2
131 27
65 13
107 1
235 30
319 19
45 26
111 9
53 13
52 4
29 10
332 2
279 21
330 9
363 2
358 5
355 24
119 7
36 30
391 18
7 29
156 31
474 31
300 3
119 19
458 8
116 18
21 14
410 26
66 28
47 23
428 29
410 31
171 18
124 9
419 22
122 7
384 27
193 27
473 15
237 3
310 9
424 30
98 25
236 12
456 18
438 19
387 16
281 17
145 12
470 3
237 31
489 21
389 13
155 22
344 28
496 17
96 11
39 25
103 6
60 22
407 6
292 5
197 25
202 21
32 15
255 5
465 32
241 5
276 7
418 7
490 17
476 5
183 6
482 29
139 1
194 1
390 26
190 26
262 27
278 21
265 5
265 21
276 17
433 15
104 19
22 25
115 13
30 30
214 27
82 28
403 12
100 1
465 1
230 22
31 8
370 3
392 3
375 15
491 16
69 10
362 18
391 4
290 32
273 15
282 27
58 20
334 6
32 10
298 14
375 1
121 8
475 32
82 26
30 29
361 10
370 10
40 8
197 25
31 14
184 32
380 17
200 13
398 7
362 28
344 20
376 8
183 30
179 5
51 20
41 31
158 6
132 25
22 21
25 20
354 24
216 9
301 7
445 30
497 10
245 1
245 20
8 23
322 15
395 8
246 27
487 31
197 14
451 14
150 8
121 3
387 20
235 7
102 31
385 7
40 29
143 4
453 14
63 2
188 21
349 30
244 15
40 16
305 19
9 30
170 29
161 24
317 11
95 10
278 3
220 17
311 22
453 15
364 15
388 31
175 25
40 18
275 24
413 3
274 29
237 3
402 1
202 10
495 24
339 20
478 3
293 25
272 25
403 27
463 23
390 9
231 21
111 21
360 27
436 21
296 24
279 17
272 17
118 2
480 12
390 2
366 26
246 6
278 32
272 24
290 25
228 4
442 26
377 25
213 16
286 12
335 4
56 30
248 21
371 28
128 20
185 14
293 22
483 30
429 18
161 11
267 21
442 24
78 6
360 2
129 29
297 27
413 8
420 20
376 23
239 28
254 11
349 23
56 27
320 21
288 9
407 22
73 12
465 10
18 29
292 6
173 24
165 25
144 24
449 27
78 27
226 24
314 30
434 5
108 1
57 4
85 23
301 5
15 6
159 20
442 26
381 26
93 25
403 16
481 31
459 30
241 32
445 30
110 2
275 21
483 27
112 11
146 17
428 20
30 30
395 23
91 31
288 7
172 2
271 8
244 1
265 25
412 26
38 29
291 24
90 29
495 9
44 4
317 23
3 14
112 29
20 10
23 20
384 18
349 6
401 21
382 30
429 6
227 2
166 17
482 19
142 12
160 21
467 20
211 5
174 30
217 5
23 27
352 22
137 13
412 5
497 1
202 13
290 24
94 8
149 7
414 22
402 21
178 32
401 20
40 10
61 4
470 23
199 6
340 11
78 7
371 18
396 17
202 13
56 11
492 16
222 14
345 3
182 14
195 10
113 6
359 17
342 1
107 8
354 19
226 23
49 32
356 32
20 5
481 24
203 32
131 32
81 12
399 15
53 5
196 26
178 11
42 19
87 17
410 16
299 11
222 27
83 13
347 26
485 7
381 31
2 24
463 19
339 1
49 27
453 24
260 14
2 30
1 12
154 26
231 16
249 32
354 15
232 4
136 28
378 25
107 16
28 25
18 18
281 2
460 29
13 32
214 27
373 10
306 10
180 1
181 8
192 2
462 12
86 29
343 15
113 1
46 4
369 31
209 17
480 1
233 25
92 23
211 28
364 24
193 3
404 29
322 24
110 31
223 3
232 9
10 16
366 15
188 2
322 8
87 13
120 31
497 7
117 23
26 21
75 6
227 6
294 1
277 32
35 31
450 26
416 19
314 17
218 29
218 15
100 4
43 12
475 32
430 23
98 20
127 4
377 2
354 27
106 6
426 32
129 27
258 12
186 3
176 15
423 13
293 2
401 23
241 19
78 31
21 12
330 20
51 10
353 24
228 22
34 29
449 2
232 14
409 5
480 8
171 14
180 15
128 4
353 28
158 27
242 31
458 11
326 20
129 6
264 24
487 9
65 15
14 12
197 22
64 12
357 2
282 16
252 9
468 20
128 9
34 30
303 19
144 24
203 28
157 18
332 23
318 8
134 3
43 2
252 2
209 20
43 6
495 18
250 22
249 18
291 19
303 5
477 22
73 11
218 25
200 5
428 21
148 21
199 30
242 14
147 2
261 1
292 4
186 21
421 22
474 23
420 20
156 13
222 24
279 27
12 19
43 31
347 10
351 30
231 8
199 5
246 12
269 17
67 22
133 7
91 11
402 19
234 25
259 7
488 21
97 31
219 31
142 14
180 16
315 14
288 21
138 1
324 22
273 14
415 21
81 22
363 18
368 29
242 6
255 25
366 4
431 1
342 20
206 10
416 24
283 27
384 9
439 12
382 11
449 9
467 13
154 30
214 5
130 7
498 28
35 3
87 22
151 1
389 16
6 12
227 32
210 19
264 32
170 6
210 22
294 9
499 11
62 32
319 31
19 24
426 5
382 25
222 29
497 3
92 2
266 19
493 20
133 9
475 2
402 29
271 27
417 25
345 10
333 19
372 31
182 1
255 3
13 29
151 17
439 11
214 12
265 19
383 1
463 18
50 8
246 24
262 18
89 6
343 9
472 2
123 1
362 9
271 27
353 2
439 3
368 29
347 8
211 13
380 9
438 9
388 11
100 17
400 16
310 22
312 13
307 30
137 25
311 15
99 11
32 29
158 27
41 28
30 7
84 9
275 6
41 30
260 17
366 12
32 3
253 24
307 24
481 27
284 27
54 2
158 25
122 19
484 23
170 21
265 21
478 12
478 14
405 10
362 23
249 30
297 21
441 8
116 9
398 27
64 11
484 9
240 26
239 23
120 8
439 12
12 8
127 22
138 32
79 19
154 19
96 14
31 4
405 19
161 23
397 16
457 9
148 4
338 18
270 17
145 5
44 20
328 19
497 1
406 7
464 7
457 3
360 32
299 9
486 19
271 30
34 31
466 25
127 7
418 28
111 2
308 19
421 12
29 30
100 22
196 31
344 29
326 15
344 8
171 13
434 21
414 27
372 16
351 22
34 28
245 13
33 17
3 17
188 3
222 7
168 18
202 19
274 7
417 9
2 24
297 7
232 30
253 31
89 19
100 3
222 5
119 10
249 13
58 16
355 8
74 6
49 27
384 6
153 24
290 14
91 2
88 27
295 20
277 12
442 13
358 19
425 28
268 5
300 22
460 22
457 9
27 21
160 18
30 4
413 7
466 24
256 5
30 6
245 10
137 30
386 30
53 6
173 12
334 32
349 29
477 29
30 15
13 9
468 10
352 9
360 29
88 23
222 17
17 26
126 13
207 16
351 7
25 3
283 31
347 19
355 23
140 32
382 32
424 5
194 20
229 25
444 12
372 17
136 12
334 22
244 1
477 2
3 25
469 25
211 7
120 18
341 27
301 2
262 25
71 3
352 19
64 27
171 11
312 26
26 21
271 13
389 19
67 28
248 19
28 2
201 31
375 21
109 4
115 19
104 29
29 7
187 16
453 13
378 12
15 15
465 21
228 21
384 10
448 19
32 4
440 20
326 7
476 27
46 30
157 5
478 1
159 9
129 11
373 10
79 27
465 23
24 20
247 23
337 27
389 24
374 28
303 31
346 18
485 11
72 5
95 9
30 25
65 22
216 6
367 26
176 23
188 15
374 26
457 6
332 13
429 17
377 7
256 10
213 8
317 8
437 3
184 18
16 1
475 31
38 5
376 5
24 7
116 5
200 24
459 20
121 7
88 13
322 19
70 6
139 10
169 7
1 28
40 8
304 30
246 1
58 29
258 29
35 25
330 2
500 12
117 20
378 25
468 31
251 22
436 5
127 16
463 11
160 2
142 7
71 23
156 1
211 13
413 21
489 30
331 20
381 11
460 27
3 7
161 14
316 29
142 27
52 29
69 23
162 23
174 29
301 5
65 32
93 25
108 21
219 10
420 31
385 15
61 23
158 18
492 17
22 22
267 25
294 16
136 15
102 13
391 18
341 7
265 1
432 5
217 22
162 28
304 2
219 13
137 32
290 28
52 11
465 27
235 2
210 18
65 15
382 27
64 14
410 17
358 1
405 2
46 2
414 9
316 8
65 28
211 18
431 22
16 8
284 31
5 25
324 25
303 14
376 7
279 21
399 9
329 11
414 10
220 7
222 15
14 7
338 20
344 1
338 20
368 25
166 16
466 1
293 24
46 28
190 9
304 20
165 4
242 26
357 10
461 30
348 14
68 2
50 28
158 11
327 9
211 32
248 20
480 32
500 14
59 9
202 10
129 6
197 26
147 25
183 31
483 27
433 26
68 14
313 29
72 3
101 26
482 28
162 2
240 25
339 22
53 4
216 29
109 12
403 7
465 25
66 27
115 18
348 14
331 9
258 22
3 14
387 13
58 28
298 5
412 28
150 21
379 25
497 7
277 7
93 9
484 18
39 18
155 22
336 1
398 9
90 9
303 5
237 32
376 2
360 20
373 29
104 27
374 24
237 26
351 13
94 30
487 4
135 1
17 14
182 23
415 23
19 13
99 19
280 27
140 15
466 16
499 21
114 32
20 10
225 10
30 26
55 20
301 22
213 22
363 22
288 25
16 10
197 7
60 16
293 15
466 14
414 9
30 7
40 13
228 1
271 5
286 29
477 23
70 13
460 21
434 23
413 13
52 18
267 27
437 19
13 31
20 6
71 1
304 14
450 27
430 4
491 8
248 23
358 18
359 9
454 4
415 18
445 30
327 3
280 4
122 32
222 21
421 8
42 16
105 3
106 3
414 8
454 5
415 7
182 1
479 27
417 13
353 21
210 15
71 1
146 12
484 19
37 4
10 22
479 15
124 28
353 29
31 26
401 1
320 23
218 14
421 6
394 29
346 3
304 16
295 29
312 2
316 28
385 9
129 23
143 8
298 7
140 20
4 4
273 31
326 22
324 11
475 5
223 20
171 18
87 9
327 30
446 30
449 14
170 9
192 29
180 21
11 19
317 3
63 29
189 16
282 13
338 12
81 1
279 24
438 1
420 32
467 10
109 23
47 3
492 27
295 15
79 1
342 23
171 24
39 4
495 4
76 1
427 32
245 13
259 18
274 23
150 12
396 14
154 22
92 1
32 14
168 31
395 17
209 17
116 8
480 14
419 3
294 26
63 14
254 25
424 19
351 17
118 14
34 32
40 14
268 19
215 15
33 9
499 6
378 6
193 13
76 23
264 1
160 18
259 22
498 14
144 25
106 6
298 27
385 9
468 4
408 3
291 12
143 17
385 4
255 29
229 10
40 32
198 3
169 24
168 26
137 32
218 2
277 24
85 9
204 4
16 27
86 30
255 17
299 23
100 5
68 4
382 7
171 23
9 19
239 1
209 19
192 30
321 4
145 17
332 21
308 23
163 26
357 21
474 3
260 29
59 31
105 20
285 3
222 13
318 24
173 2
39 12
155 31
387 20
115 26
352 2
269 22
167 5
487 4
131 22
417 13
72 1
332 24
147 9
352 24
217 17
193 11
444 24
465 11
499 23
400 18
352 20
419 19
496 17
362 30
150 22
166 25
150 9
280 25
402 20
464 18
360 9
372 31
356 4
133 10
266 13
259 17
404 1
339 24
82 25
377 23
182 31
156 4
391 31
332 24
418 11
261 21
155 4
432 18
319 28
67 32
300 21
405 8
354 19
455 7
147 19
369 25
225 12
364 24
163 23
259 28
193 24
61 20
3 4
209 2
407 32
109 7
100 17
262 9
460 12
91 14
250 12
138 15
187 1
294 1
47 20
133 24
423 13
439 6
36 15
451 14
422 7
352 2
276 1
178 27
32 25
340 10
80 14
108 26
330 29
319 5
304 23

