256
371 10
126 29
388 8
86 19
96 7
21 32
156 13
84 17
239 24
175 24
118 9
9 28
452 8
372 27
118 23
289 8
196 10
180 16
345 1
30 32
3 26
168 10
259 19
207 21
270 25
109 3
277 5
162 32
32 5
378 1
435 22
340 27
136 12
66 16
340 11
272 19
200 15
352 10
393 22
307 10
142 11
252 14
235 10
201 27
150 7
267 9
448 3
215 27
182 12
267 25
430 26
363 25
180 7
439 8
476 1
437 10
363 28
239 25
453 4
215 19
370 14
187 5
144 29
104 29
236 10
197 29
111 32
497 10
126 23
65 1
31 1
422 1
40 1
194 1
304 12
447 13
445 13
193 8
89 16
264 16
369 25
192 27
20 32
472 29
475 20
449 13
388 7
102 16
235 7
124 10
54 2
62 11
406 6
438 22
254 22
169 14
14 16
305 5
399 12
381 5
164 29
230 19
403 31
330 9
477 17
174 22
374 7
380 31
341 18
124 2
371 24
419 20
355 23
120 22
351 24
478 2
32 11
416 23
241 22
423 13
198 17
451 24
183 2
202 3
351 10
320 25
173 19
308 8
165 3
133 11
130 22
232 14
169 32
448 9
393 2
330 26
170 24
365 9
461 7
79 12
96 15
384 16
193 16
147 9
470 19
76 12
241 31
113 9
454 28
21 18
133 6
492 15
481 28
359 22
126 1
253 17
39 4
193 15
179 23
440 5
470 11
100 18
173 8
322 7
475 10
28 31
44 3
113 12
227 3
317 32
408 1
277 18
57 17
381 23
159 24
87 16
186 10
189 10
101 26
336 19
204 8
386 19
234 30
474 8
321 31
16 4
211 24
377 3
112 21
58 14
428 20
250 13
34 30
323 14
300 6
265 27
373 18
305 23
351 10
418 15
420 5
250 7
76 7
453 3
235 2
161 7
6 14
479 19
51 9
228 2
459 32
408 27
493 8
437 32
342 15
366 25
139 32
95 15
94 8
105 32
409 1
194 30
378 25
8 25
473 16
334 15
227 22
466 32
305 26
267 14
460 12
259 27
247 5
17 16
104 25
372 21
90 21
130 7
441 2
99 14
373 25
400 31
26 5
22 10
471 28
328 6
420 30
232 18
142 8
210 14
221 17
110 26
201 19
480 18
228 31
407 4
215 26
403 4
23 32
273 29
64 4
274 3
389 2
352 3
105 21
480 9
197 17
338 10
31 2
391 23
100 25
210 22
306 28
257 16
240 5
172 23
481 14
137 9
451 12
455 23
105 26
84 5
374 1
402 13
90 8
15 1
292 28
206 18
40 14
425 19
343 13
433 27
394 1
247 8
260 14
250 12
487 29
369 17
106 30
117 31
414 31
88 5
58 21
154 17
459 23
79 21
27 11
179 28
283 17
115 23
478 32
110 5
401 18
325 26
304 17
404 21
275 23
125 8
340 15
485 14
209 27
302 7
278 16
6 16
256 4
454 30
39 8
198 31
97 22
148 8
166 16
468 20
246 21
475 17
371 19
234 7
226 31
165 19
14 14
62 14
345 8
355 19
283 12
26 7
277 9
131 6
224 10
85 30
42 19
406 32
370 12
194 19
174 18
449 24
83 6
161 15
377 15
162 27
418 19
242 26
211 16
135 19
321 23
108 23
129 29
478 14
152 28
296 18
233 4
217 12
106 13
94 22
243 27
345 20
145 18
353 8
309 11
142 25
409 9
47 9
113 5
239 13
400 22
294 12
482 6
299 3
238 17
420 12
499 8
491 24
53 11
351 25
181 24
194 21
92 32
477 4
116 19
320 3
453 13
499 2
122 5
372 3
41 27
42 32
259 12
35 27
374 21
24 10
228 5
494 11
160 27
22 8
37 30
494 21
306 24
274 28
493 25
490 17
288 12
424 22
63 6
208 13
194 3
342 5
151 20
91 11
158 29
290 26
158 27
387 3
331 4
390 15
305 28
207 16
263 15
489 29
440 20
113 14
131 31
406 29
142 1
295 31
461 24
48 22
71 6
432 5
446 22
75 6
405 17
45 23
263 25
491 19
432 28
188 2
410 17
195 11
441 5
405 13
425 32
222 15
238 26
247 15
327 5
284 31
305 8
397 20
64 7
474 11
342 5
409 27
105 11
5 6
91 13
150 11
213 20
361 18
377 11
132 27
483 19
285 4
298 13
59 25
271 28
59 21
396 15
67 20
421 20
249 8
332 11
230 12
474 11
345 10
401 28
256 4
94 28
375 7
72 29
103 26
168 2
306 23
480 29
414 9
148 3
116 15
265 1
227 10
287 23
291 32
399 22
275 32
85 9
87 24
433 5
349 28
54 31
14 22
231 27
138 10
441 13
208 9
449 18
146 24
5 4
275 27
481 25
450 9
49 32
424 5
429 17
284 10
131 17
219 9
223 28
90 8
312 9
72 21
83 2
348 3
5 2
193 30
374 22
254 26
30 6
106 26
154 29
291 4
185 2
348 23
217 29
126 5
85 14
141 31
267 4
457 19
313 29
108 30
495 22
311 8
391 20
333 16
156 3
179 28
336 30
450 1
314 16
433 30
125 29
269 11
412 29
13 4
226 13
465 12
334 23
95 28
394 19
119 25
105 29
92 25
174 5
345 19
320 29
88 16
201 12
38 24
81 23
39 2
23 27
229 4
481 31
431 26
453 9
126 5
345 5
349 30
313 21
208 29
321 31
428 9
3 6
484 19
368 26
92 30
228 32
97 4
346 31
285 14
427 14
58 11
330 15
492 27
303 23
127 20
345 2
496 31
223 28
133 2
205 4
183 9
247 31
344 32
361 9
241 3
242 31
409 8
409 20
66 15
302 24
186 31
449 30
197 32
365 14
465 13
405 32
205 20
482 1
243 27
381 32
129 30
486 10
45 10
141 6
456 7
153 26
441 22
175 1
125 15
466 21
311 31
440 16
374 18
268 4
264 24
155 8
121 32
133 26
385 14
127 1
216 28
334 24
381 16
292 5
250 6
445 24
184 13
131 21
158 22
376 9
249 27
16 2
374 1
387 3
274 25
451 1
144 28
496 4
495 15
232 8
100 1
7 23
413 6
191 10
239 3
194 8
301 1
61 22
209 3
284 14
163 26
322 15
369 5
182 31
308 26
458 7
442 5
190 6
306 8
127 4
298 32
235 6
380 19
124 1
445 19
422 16
141 28
414 1
412 15
224 19
212 5
478 1
349 23
210 18
398 20
402 8
7 32
145 19
283 8
327 7
27 32
186 7
343 19
379 27
398 6
177 9
339 6
114 19
172 15
45 26
11 26
265 21
285 13
255 11
233 25
498 15
181 7
129 19
134 27
481 27
165 26
343 11
311 12
41 27
131 1
52 29
382 20
9 19
280 24
289 20
196 14
122 8
321 22
251 14
461 7
188 17
240 10
479 31
338 23
385 16
104 12
312 17
307 28
207 30
435 32
450 3
281 19
358 1
25 4
258 25
43 21
461 10
179 3
184 20
457 32
187 16
207 14
101 9
169 3
451 28
302 24
86 15
174 7
387 18
255 29
34 21
293 18
430 15
136 6
338 13
33 4
356 16
225 28
104 26
263 30
349 32
157 18
350 31
228 29
380 2
85 26
482 9
111 20
348 31
25 25
191 29
413 6
148 13
354 4
30 32
157 26
383 22
163 13
496 3
25 3
76 1
140 26
485 7
321 32
349 5
221 15
253 21
436 13
121 21
4 7
108 16
232 19
473 11
427 24
489 7
195 16
411 22
325 15
288 21
431 32
341 7
26 26
487 2
198 27
454 21
461 10
212 1
404 9
291 26
4 23
132 26
46 6
384 15
140 11
367 2
159 28
72 24
357 2
349 26
17 15
106 29
216 17
21 19
353 7
300 25
441 11
406 3
176 1
61 3
312 19
237 22
338 12
357 2
218 6
451 10
360 8
414 11
77 3
45 17
449 8
489 6
330 27
80 1
387 24
171 6
270 7
371 24
67 8
5 32
137 20
221 32
363 14
422 19
272 6
220 25
365 12
314 30
306 5
50 1
236 32
242 5
331 1
316 25
44 21
236 20
128 32
27 2
293 28
133 29
469 24
489 13
263 18
378 9
250 7
113 17
202 14
341 12
170 17
132 21
181 27
96 12
26 26
353 7
125 1
87 21
40 23
129 27
432 10
223 29
136 11
17 22
40 1
73 6
217 5
478 21
275 2
408 25
399 13
471 16
97 1
468 5
335 5
143 30
454 1
446 30
51 6
131 2
170 19
355 23
111 1
487 22
258 11
186 28
155 12
31 3
64 15
91 2
447 5
163 32
449 24
45 15
421 15
293 2
82 23
180 24
331 3
429 24
61 26
96 3
473 30
169 16
328 12
137 30
344 15
378 21
110 26
143 2
301 19
324 10
434 27
277 32
373 14
204 9
23 11
351 12
276 16
383 20
483 12
229 10
170 14
470 32
380 1
13 16
399 4
265 28
395 25
448 27
98 19
52 13
301 14
116 4
477 18
31 23
221 8
489 23
69 30
374 28
70 22
331 17
426 3
152 24
488 7
438 1
249 21
205 21
447 4
329 31
374 15
86 18
322 22
336 11
31 29
42 17
299 17
273 12
171 12
247 14
375 20
95 11
377 27
376 11
323 24
449 20
266 30
289 28
107 13
330 6
389 11
442 27
447 22
114 14
341 8
127 19
248 9
42 4
372 29
2 2
324 22
389 25
484 25
28 6
357 25
79 14
80 32
284 30
437 14
495 22
461 6
344 16
342 5
35 17
5 32
258 20
486 6
269 9
379 32
410 3
5 25
480 28
212 24
461 13
13 4
426 25
281 9
33 22
6 27
39 14
455 24
338 16
146 14
112 28
253 5
258 5
213 14
192 21
353 25
425 9
312 2
189 4
470 9
65 23
140 31
485 30
251 6
237 20
131 4
271 31
424 12
492 5
469 3
265 29
187 25
389 22
390 6
441 3
298 18
186 17
312 30
382 6
195 26
161 21
169 7
411 5
163 22
81 11
85 1
156 19
385 12
473 18
473 1
484 31
122 13
59 2
42 29
199 12
114 32
264 19
142 19
79 24
76 31
287 32
207 10
135 23
337 27
216 6
371 27
432 13
72 18
130 17
486 20
53 4
39 28
86 25
342 12
188 22
174 18
281 8
119 7
322 16
225 5
469 28
439 24
292 6
445 21
475 23
452 19
382 27
46 15
375 28
482 2
9 3
240 5
386 14
408 7
17 12
447 17
431 9
88 14
247 17
346 5
315 10
451 32
492 4
366 22
87 7
279 15
205 10
88 18
228 31
500 20
330 2
81 17
330 12
186 24
52 32
148 2
33 18
413 12
298 14
241 20
476 23
331 28
389 22
121 24
116 4
211 29
65 15
57 15
163 11
322 22
126 2
80 18
123 24
33 8
122 29
156 25
291 30
277 19
107 1
146 6
369 21
18 9
351 15
179 29
21 29
79 2
26 10
7 16
1 15
420 6
163 19
219 29
264 19
336 2
95 25
295 23
41 8
248 16
90 22
256 14
130 30
459 15
343 1
7 8
207 22
317 25
204 11
26 23
233 5
40 16
193 30
142 10
497 5
329 27
167 4
400 12
270 23
155 8
379 25
159 6
290 28
306 21
214 19
311 3
43 2
478 20
35 23
321 3
360 21
321 22
84 5
25 25
283 27
21 17
43 15
246 32
6 20
176 16
234 30
222 29
187 3
364 29
169 12
104 20
184 28
109 23
144 10
176 26
16 16
439 23
226 32
242 8
439 10
7 25
255 8
301 6
426 4
14 2
199 1
178 14
41 30
352 28
271 19
314 11
426 32
49 32
139 22
87 18
59 29
102 6
172 30
107 13
65 12
394 15
89 3
348 9
61 31
164 7
430 25
321 19
432 17
358 23
11 24
148 5
240 17
86 23
2 20
359 14
16 17
180 12
379 23
232 19
77 23
122 6
76 10
213 7
163 10
429 1
70 4
445 21
28 15
72 1
426 14
446 1
238 9
396 17
3 31
407 20
78 28
437 5
322 17
363 32
275 8
360 28
219 4
4 31
38 27
127 20
61 13
108 6
49 32
414 20
186 25
483 19
200 31
267 25
272 2
208 10
421 23
241 19
75 20
89 12
23 16
131 23
140 19
232 16
446 18
91 15
170 9
394 29
344 24
94 23
289 13
12 1
72 4
52 30
347 4
461 5
59 8
155 14
34 23
90 11
384 32
461 17
253 26
125 16
366 2
62 10
371 5
67 18
176 30
291 30
313 23
95 20
46 29
273 23
487 30
409 26
394 26
126 6
75 23
445 4
320 26
298 6
430 24
335 5
185 5
330 21
80 4
220 25
25 9
56 19
206 16
233 3
185 22
96 28
460 28
51 4
397 12
321 18
211 32
134 23
484 24
244 31
239 19
40 27
307 7
126 1
410 26
315 31
419 11
206 27
302 24
362 27
104 6
228 6
393 2
413 9
29 8
439 19
470 30
234 21
276 27
345 26
272 23
484 2
421 17
272 7
296 25
125 11
371 12
65 3
269 13
491 5
484 18
268 13
111 5
433 19
63 21
128 18
288 3
375 12
151 15
134 26
335 18
345 5
314 21
320 10
237 18
83 20
443 6
24 18
202 1
144 8
85 15
97 32
381 11
432 3
321 29
180 32
175 32
212 12
136 11
273 20
45 3
443 31
56 7
392 17
127 19
20 27
157 16
435 17
291 6
271 19
134 15
118 16
326 22
351 2
64 16
185 28
182 28
299 26
446 10
346 8
77 2
134 29
185 28
122 11
489 32
290 3
194 15
134 28
440 13
333 4
312 17
167 13
496 25
82 13
7 16
364 31
497 22
167 1
269 8
360 18
236 9
380 21
259 5
152 27
201 12
406 12
353 28
209 8
389 30
493 23
421 8
329 29
205 15
302 14
339 9
231 30
161 18
354 7
326 2
321 7
341 30
242 9
150 10
245 14
92 5
432 20
444 24
281 9
458 14
474 28
94 20
221 6
17 11
376 26
80 13
424 24
274 18
317 3
115 17
312 2
149 19
70 32
58 6
444 16
135 29
163 8
472 4
333 20
310 24
386 25
108 13
160 14
474 16
156 25
240 32
498 20
414 15
184 28
472 27
339 6
248 21
185 7
88 25
411 5
429 8
489 20
456 13
269 18
328 17
222 28
96 3
159 1
490 2
184 5
173 6
67 20
227 23
342 18
120 20
415 32
399 19
287 15
255 20
136 27
184 9
2 19
427 4
139 28
354 15
377 2
196 11
149 14
397 14
440 16
94 22
267 28
460 2
50 7
313 9
297 24
393 22
274 28
309 28
87 30
438 23
243 30
461 19
259 2
233 10
77 2
255 32
21 7
101 7
281 21
107 13
260 32
226 21
375 26
148 17
252 26
480 22
423 8
237 1
149 9
435 26
146 9
125 6
255 25
236 27
489 27
463 24
398 8
484 20
278 27
84 25
420 11
374 10
355 22
227 27
430 21
432 7
201 12
93 12
132 24
342 16
374 13
71 11
196 18
42 21
37 2
353 32
392 27
2 30
40 20
101 14
240 12
248 4
292 32
99 27
20 21
99 9
449 17
16 20
427 17
321 15
386 21
122 30
103 23
375 31
202 19
316 17
211 31
233 22
255 3
128 22
475 26
166 23
247 17
419 13
90 19
487 19
115 8
456 22
83 11
212 8
157 31
225 27
293 13
72 27
139 32
320 6
129 14
388 3
370 6
399 31
248 9
138 31
197 1
432 15
275 7
62 8
373 14
2 1
446 18
212 9
477 11
402 9
72 9
332 22
299 26
252 6
171 5
260 19
186 23
497 16
37 22
243 1
48 25
426 29
22 29
429 26
371 18
454 31
471 13
236 9
71 7
166 9
432 18
459 17
320 27
428 5
216 23
117 19
119 6
108 24
382 20
341 9
70 18
47 32
283 26
160 5
472 21
445 11
454 7
371 14
61 27
482 16
25 22
243 31
344 18
486 29
89 6
329 10
471 11
49 21
360 16
457 4
385 5
290 10
155 9
463 11
163 8
195 19
394 29
181 25
286 6
313 18
343 26
384 1
220 4
418 8
140 14
115 24
127 24
213 29
416 24
348 2
471 2
468 28
330 4
452 11
17 9
340 19
406 23
376 5
155 9
408 14
370 22
21 8
278 5
129 13
112 12
327 27
221 2
298 10
146 10
16 14
366 15
225 19
430 20
99 32
96 3
81 17
380 17
313 5
37 29
406 17
472 32
83 20
377 32
93 6
333 16
36 26
166 20
172 3
63 3
30 2
277 14
326 28
210 10
17 19
282 18
247 13
5 13
148 17
412 28
107 21
51 10
294 9
105 26
163 3
88 13
176 32
302 21
223 24
491 27
462 4
364 12
229 28
240 16
305 3
320 3
247 22
404 5
290 8
210 9
174 25
145 13
12 14
201 18
161 31
29 14
167 24
181 19
464 16
474 32
423 13
30 9
219 13
413 32
440 10
312 29
270 28
165 25
106 9
71 14
260 23
240 10
342 20
376 1
192 29
276 22
198 1
486 12
441 11
423 32
372 19
196 22
394 4
126 23
429 24
117 20
146 32
169 28
127 24
348 22
96 28
283 29
132 9
208 9
19 19
304 6
69 4
235 18
63 9
313 19
408 13
30 14
284 2
245 30
93 4
80 13
67 30
333 27
334 17
123 24
227 10
446 7
277 24
108 20
392 32
182 32
200 12
57 23
113 21
97 6
244 8
98 23
241 26
361 11
174 19
130 12
260 31
46 9
107 10
80 22
425 1
1 21
324 1
459 25
61 31
494 13
434 15
115 11
372 19
453 18
309 22
445 32
361 15
308 11
496 3
168 32
148 21
396 15
429 31
111 10
113 4
294 3
46 24
425 26
86 1
167 14
162 7
313 10
305 21
192 12
7 20
424 26
232 31
181 28
377 15
1 26
247 26
240 4
257 8
265 26
244 7
235 29
394 20
131 2
168 26
350 30
33 25
384 20
295 32
128 20
354 20
365 32
126 8
448 30
471 32
224 22
495 30
322 20
357 24
437 24
478 2
254 30
410 13
478 17
200 1
80 25
84 16
209 1
399 28
295 5
71 22
286 1
31 11
304 4
263 9
115 20
378 16
101 4
356 2
196 7
34 23
312 22
70 24
382 28
27 20
40 13
249 25
14 28
283 1
19 5
57 25
284 19
205 9
426 4
314 9
467 12
99 10
21 4
297 22
487 19
282 30
123 18
350 12
161 24
305 11
177 21

