256
165 26
177 12
314 6
174 3
429 11
173 1
76 26
358 8
99 30
62 14
419 18
448 30
399 23
434 28
115 21
496 3
206 4
91 24
125 32
366 25
7 2
209 14
131 11
421 30
472 26
171 18
187 31
368 9
185 9
436 24
177 19
430 11
454 8
458 31
340 27
187 18
64 16
279 22
462 19
479 1
237 30
175 23
268 2
212 16
46 3
103 6
282 1
308 11
108 17
17 15
291 32
144 6
451 30
104 8
325 14
196 29
231 26
187 6
115 18
302 4
249 28
234 10
140 25
116 4
10 29
46 20
40 18
358 10
463 21
253 31
394 24
51 13
374 14
326 12
339 7
500 19
235 25
116 30
329 16
325 26
68 19
342 7
412 7
448 18
363 32
217 28
203 11
232 8
208 26
416 23
388 3
133 2
203 5
348 11
184 32
73 31
246 18
209 21
316 20
87 18
411 23
137 9
273 21
189 25
130 4
379 13
222 23
491 32
463 14
306 14
213 14
396 31
143 16
467 22
463 25
191 21
207 20
338 16
400 14
312 21
481 22
249 22
404 15
477 7
280 30
12 9
12 32
303 10
215 25
316 18
174 6
254 32
185 3
211 32
468 22
168 32
63 21
353 23
359 9
333 31
315 16
483 18
455 13
183 30
405 26
51 22
208 20
162 24
247 4
180 6
246 11
366 4
319 26
126 2
103 22
168 9
6 6
94 20
286 20
185 22
478 31
472 13
243 1
428 9
356 27
406 29
10 19
261 4
45 26
5 15
48 4
63 21
25 16
68 26
487 25
204 16
339 27
500 9
11 32
273 30
238 31
319 31
5 27
427 29
168 7
195 3
307 1
471 19
116 31
493 19
143 28
418 13
74 30
266 16
49 6
301 22
420 7
385 21
49 23
325 21
93 28
283 7
128 14
82 12
496 6
198 2
473 31
322 22
236 3
481 24
329 17
422 12
252 2
376 24
468 17
368 20
72 3
311 7
108 20
294 27
317 15
444 25
310 9
38 9
204 18
181 20
150 14
483 25
259 31
53 6
411 28
137 26
274 19
180 13
190 18
187 30
168 2
498 13
395 3
226 22
404 22
481 22
359 7
306 17
173 30
194 19
130 14
64 23
129 12
488 6
421 10
28 28
304 25
417 22
412 30
499 15
251 19
220 21
145 18
77 30
87 26
252 8
303 28
323 7
263 2
453 3
335 16
122 22
356 6
39 3
383 21
434 21
219 21
241 32
382 13
33 21
142 12
36 13
451 26
227 13
19 31
247 6
10 13
195 22
110 6
336 21
122 9
125 1
274 18
56 3
238 28
327 4
223 19
324 14
72 2
90 7
433 9
148 14
409 6
363 6
427 27
10 5
467 3
93 32
204 4
451 17
439 25
320 5
491 3
390 23
397 12
357 5
20 8
326 8
49 21
445 24
387 7
228 17
293 32
149 28
171 19
436 1
227 32
473 22
102 23
132 6
46 8
30 21
195 28
344 27
44 8
422 30
446 13
486 22
172 30
233 14
436 29
302 27
128 19
380 29
341 27
79 10
202 12
302 16
315 25
342 22
284 28
491 14
264 1
467 20
166 20
129 14
72 15
264 11
409 23
427 9
357 9
338 18
317 15
305 27
283 10
193 6
113 3
295 13
215 22
164 1
313 32
482 24
426 21
434 14
239 8
286 27
69 7
4 5
261 12
367 27
305 15
313 26
446 19
146 20
220 5
40 16
156 1
267 18
469 8
267 31
412 21
5 32
379 4
68 16
315 2
386 4
197 10
241 2
157 2
153 4
398 9
260 9
417 26
486 30
430 25
296 17
361 21
376 7
308 19
230 7
228 32
298 4
165 6
417 5
127 26
401 12
114 28
280 10
389 14
119 22
222 3
362 18
215 21
172 14
31 14
348 27
369 29
34 21
34 3
410 8
20 2
35 29
469 7
366 17
432 13
379 25
251 12
86 5
181 1
190 7
10 6
321 26
34 31
467 4
157 8
79 28
185 30
160 5
132 29
213 23
361 27
67 23
387 24
427 7
112 13
481 6
6 14
351 19
360 13
458 12
192 1
191 28
206 30
232 1
78 21
103 3
239 5
401 21
24 20
43 19
296 8
108 17
177 23
191 32
479 25
51 23
389 17
250 22
146 18
134 7
278 12
13 20
256 2
493 11
93 3
265 20
410 21
40 30
35 6
473 13
230 7
35 22
319 21
415 4
266 32
39 11
283 19
410 26
316 6
20 8
289 1
147 18
9 30
136 31
268 12
407 1
187 14
467 9
226 1
173 7
429 23
237 11
113 14
305 29
400 8
40 28
460 31
89 28
76 28
214 31
36 5
340 26
414 22
430 19
38 14
185 22
16 9
233 13
270 5
261 9
212 12
60 20
190 17
343 6
224 9
460 19
29 3
184 30
308 14
284 14
419 8
15 31
240 3
415 5
135 19
30 19
326 17
370 8
237 20
281 13
120 16
71 8
243 11
293 10
220 20
395 18
395 26
424 10
8 26
495 3
364 28
341 10
464 26
205 13
273 29
365 9
428 23
244 30
41 21
72 24
464 30
102 3
79 25
196 19
67 26
433 30
417 9
471 1
186 23
285 14
215 5
54 31
435 6
164 28
186 3
439 1
53 28
359 23
269 15
69 7
96 29
468 29
477 11
245 6
317 9
324 20
29 9
26 7
26 13
290 7
128 21
64 16
472 10
162 4
328 15
130 32
435 14
140 16
240 24
73 24
264 8
291 12
125 28
106 30
209 20
417 24
328 12
367 23
253 12
243 13
462 4
60 5
321 7
308 8
82 8
320 29
480 10
340 32
278 25
457 14
44 1
25 19
204 11
374 1
122 4
93 16
339 24
480 24
350 7
71 27
370 30
479 29
500 30
156 13
466 25
318 2
337 30
84 5
436 29
201 29
424 17
140 7
296 31
274 5
109 28
427 19
86 21
179 1
426 11
65 7
299 6
252 27
427 28
231 10
292 3
418 24
427 18
330 26
28 27
218 21
298 28
467 15
252 21
171 1
183 27
420 1
320 15
172 2
358 26
107 2
185 17
69 15
286 22
185 17
204 6
153 5
398 11
88 17
468 2
178 30
493 25
483 28
471 26
410 17
407 8
34 15
96 10
406 25
203 6
46 14
491 14
110 12
169 5
241 24
455 14
137 3
218 19
462 12
476 27
72 31
91 13
177 26
58 10
419 20
171 28
369 26
13 19
253 1
27 1
20 29
262 13
279 19
127 29
371 11
315 26
337 25
399 21
295 28
95 5
420 13
28 16
130 8
118 11
277 25
227 32
125 25
452 20
171 11
200 9
385 6
187 29
123 9
85 17
392 15
481 19
148 20
451 1
103 4
215 3
212 22
175 17
134 14
296 24
408 19
49 12
360 3
364 22
171 25
250 14
331 26
225 2
293 3
459 8
242 13
126 2
466 12
494 15
130 21
107 17
135 7
181 30
389 4
328 19
344 25
472 3
11 32
4 31
370 6
402 8
339 16
417 20
31 26
107 20
402 9
49 20
367 1
381 23
124 4
165 32
489 8
142 15
184 5
153 9
311 19
164 29
434 24
304 28
45 18
476 30
474 20
333 8
456 2
446 23
125 6
398 1
450 23
315 21
36 28
185 6
226 13
346 15
484 17
474 21
411 25
326 28
176 3
224 31
76 1
62 8
335 11
17 20
350 23
416 29
150 4
434 31
4 3
385 20
279 23
16 21
11 25
425 27
351 20
169 30
20 14
330 26
41 14
489 26
28 20
330 22
208 23
404 7
245 1
50 11
351 1
64 5
110 16
399 20
487 24
238 22
1 23
64 29
264 28
134 7
308 11
320 7
77 16
429 25
216 7
196 6
395 3
130 32
98 9
316 20
448 5
145 4
471 24
341 30
260 22
376 3
289 32
285 1
271 21
390 30
191 29
403 2
195 12
293 16
412 20
79 19
12 11
11 18
283 23
67 22
28 19
460 12
490 32
237 32
308 6
97 15
62 31
140 32
382 16
251 30
392 17
208 27
255 6
237 29
272 27
430 8
449 9
171 30
336 31
197 28
384 25
346 5
143 25
404 1
268 18
374 11
186 13
414 29
151 18
477 14
156 11
73 25
499 8
42 27
2 19
182 10
235 31
34 2
215 18
106 30
443 31
493 5
411 14
69 29
407 25
335 10
155 31
18 22
354 24
192 12
2 5
445 20
103 2
465 25
415 22
2 22
252 30
338 31
251 26
223 9
302 5
71 21
316 20
166 9
499 25
376 20
433 8
88 31
150 28
55 28
326 12
125 5
402 10
239 20
367 30
161 21
222 15
181 5
170 18
58 13
54 1
372 6
457 7
224 18
363 26
373 20
185 30
116 14
459 27
442 10
372 30
198 25
36 6
482 13
75 11
77 32
175 25
465 19
259 8
440 1
317 17
364 5
162 12
291 20
38 20
149 29
37 26
353 28
75 18
480 21
224 1
128 7
209 24
85 23
131 29
292 31
41 11
152 26
338 22
25 27
377 10
135 25
371 12
336 2
173 27
298 25
223 10
499 19
221 23
250 32
311 1
150 31
399 1
256 1
446 5
463 30
306 18
234 16
437 9
473 25
236 7
209 30
400 15
93 16
142 26
471 24
86 13
7 4
477 14
220 3
42 31
244 31
132 22
375 12
250 31
380 1
321 21
499 20
147 15
340 8
284 18
296 1
486 22
352 11
63 8
385 21
254 12
155 21
161 1
156 31
80 3
99 4
475 29
472 26
187 27
465 18
324 32
338 10
61 22
124 24
113 32
432 2
339 30
454 12
115 21
262 30
143 8
445 14
309 24
443 15
78 7
317 30
19 18
63 27
47 26
54 3
45 29
228 3
71 25
234 25
289 23
82 4
207 22
105 3
146 23
361 31
305 17
476 3
387 2
254 9
75 15
444 19
292 15
354 6
352 3
250 20
286 19
275 24
60 7
358 21
277 10
428 26
451 15
256 29
293 25
121 11
168 16
338 19
235 19
172 6
129 21
429 14
103 16
257 14
434 30
367 19
388 22
144 2
400 7
26 20
112 2
411 7
62 28
89 16
438 16
233 2
32 13
332 10
216 20
147 18
406 25
212 25
10 15
334 18
309 23
453 20
356 3
50 9
110 18
64 11
249 12
317 4
161 28
265 20
291 4
377 32
128 8
192 10
498 17
47 11
87 31
78 31
214 24
211 31
469 31
74 10
274 22
201 2
93 26
162 31
433 26
431 24
330 22
197 23
351 27
485 13
94 31
231 27
246 18
481 30
420 2
135 25
147 20
331 7
357 16
474 9
381 4
348 10
377 1
389 31
491 1
16 20
139 22
94 20
39 7
450 22
332 24
355 31
475 9
69 23
28 10
119 32
297 31
470 6
363 10
104 25
434 15
141 9
217 26
160 11
12 13
269 8
397 15
174 15
11 10
54 14
488 4
297 32
490 22
309 32
179 9
409 9
383 5
389 27
486 12
410 30
9 6
193 29
152 10
479 10
311 16
199 6
56 3
434 21
317 10
101 23
358 13
459 9
113 15
395 14
395 8
447 19
481 15
363 32
356 25
293 11
225 31
168 28
190 21
28 26
47 4
352 16
192 15
348 32
157 27
402 23
46 24
157 15
339 23
10 30
212 23
64 24
497 24
271 22
36 2
43 10
482 31
338 21
57 17
477 9
279 2
116 13
281 8
203 31
495 8
17 14
366 4
345 19
15 23
252 7
116 23
132 29
393 9
270 1
6 6
161 4
179 8
312 31
252 10
430 14
430 26
303 15
377 31
361 24
113 9
442 12
259 13
177 19
246 26
99 15
395 27
238 5
387 2
383 18
63 32
235 28
109 25
139 22
183 11
377 11
463 10
226 17
94 30
223 11
51 21
293 21
432 11
221 18
80 28
159 22
119 1
338 20
429 28
213 15
178 21
461 25
110 14
361 19
292 12
246 2
256 22
491 15
68 15
208 11
166 2
141 5
110 18
12 26
157 32
204 18
16 32
474 17
54 19
383 25
122 32
390 29
18 16
268 21
91 11
84 8
193 32
244 14
405 3
396 29
182 15
246 21
115 24
377 28
258 8
216 7
239 13
107 28
485 14
193 27
53 16
386 5
203 14
250 31
236 25
19 18
96 8
466 22
335 11
81 8
454 4
322 24
252 17
448 12
6 4
14 22
267 8
154 1
29 12
427 4
252 25
33 11
60 27
260 31
193 16
486 22
339 20
189 3
88 32
178 1
127 20
3 21
295 16
361 15
263 19
438 31
83 7
65 11
173 9
37 5
368 14
214 11
181 6
149 4
38 26
65 8
221 27
409 7
426 17
189 5
408 7
55 14
301 11
132 13
147 32
189 11
42 10
73 14
303 1
194 20
250 22
208 7
28 24
337 25
384 2
141 11
356 31
133 20
18 16
480 28
284 16
30 29
273 26
102 7
378 27
119 20
256 22
302 31
293 6
236 20
367 20
171 14
275 23
81 28
418 32
159 21
431 29
81 7
494 27
130 16
181 8
351 5
277 28
71 9
141 26
96 8
238 26
433 32
272 22
155 22
425 17
94 4
353 27
410 3
209 23
422 9
490 20
29 26
127 16
186 15
461 30
478 22
251 11
61 7
276 15
64 20
232 5
407 12
183 1
134 19
207 31
484 21
30 8
314 32
167 16
479 32
133 4
325 3
218 10
257 13
452 4
45 23
477 23
471 7
267 16
402 14
363 21
22 32
452 15
252 19
334 14
246 10
37 6
201 31
159 21
451 7
129 11
497 1
298 31
115 24
423 32
241 29
104 6
28 16
449 27
26 18
360 19
304 25
44 8
3 7
164 1
17 20
300 9
248 13
332 27
364 22
230 9
38 14
218 13
93 2
196 30
4 15
240 15
451 7
14 29
189 17
110 25
469 9
70 24
209 9
430 24
154 12
28 15
197 14
459 21
467 2
258 2
209 1
128 23
483 5
316 20
318 17
228 26
37 13
205 13
49 3
20 18
146 4
96 6
497 27
130 31
208 11
285 12
87 16
279 17
405 22
240 10
222 16
63 30
116 19
206 17
401 13
218 2
124 2
239 32
220 32
435 23
458 31
47 20
482 5
465 2
418 8
311 31
375 13
248 19
492 5
7 20
29 4
142 1
389 28
476 32
452 30
239 5
480 25
305 10
109 29
51 22
324 22
368 27
438 15
189 1
271 15
25 3
270 10
155 23
397 3
470 32
392 12
109 28
344 29
389 32
33 15
181 28
4 8
406 6
366 2
74 8
492 26
287 2
115 13
124 8
423 13
63 15
5 11
242 28
435 14
152 31
420 16
175 32
84 16
69 13
378 10
85 1
92 31
482 6
163 25
421 26
402 20
104 30
6 17
105 5
326 20
111 25
292 29
372 27
217 28
323 30
286 27
314 9
129 32
434 4
252 27
81 29
190 4
410 11
380 19
339 17
122 18
5 9
86 1
139 26
20 10
99 1
72 21
33 29
208 23
196 11
25 28
464 30
311 1
260 18
239 23
98 25
400 10
477 21
330 4
491 6
281 5
6 16
353 15
404 12
357 11
223 21
226 30
446 4
262 25
77 17
7 22
65 22
128 9
95 9
360 25
10 24
377 20
492 22
406 19
141 6
346 23
346 3
400 11
107 18
199 27
14 18
209 10
167 16
322 17
496 30
197 6
321 6
373 28
155 26
59 27
95 12
158 24
474 5
434 20
70 4
115 23
393 31
364 28
362 18
172 5
219 21
66 3
146 2
203 20
419 13
446 25
164 31
156 5
364 17
421 25
277 7
220 9
61 15
80 18
120 16
482 14
472 32
229 29
189 15
268 28
43 29
324 18
168 4
46 31
272 14
167 8
352 6
421 24
173 20
37 20
103 31
334 6
270 18
42 30
344 17
269 26
226 13
443 9
424 32
127 3
454 29
447 1
383 27
69 23
218 1
198 17
475 11
246 28
444 24
406 27
152 18
172 21
118 30
473 13
454 3
440 11
96 26
63 2
456 3
384 1
88 1
197 2
464 7
10 7
434 23
398 5
88 21
166 6
387 22
98 16
89 1
98 24
126 4
13 13
143 16
458 10
328 30
143 27
448 8
402 1
418 3
170 6
71 31
415 9
324 28
296 12
401 17
447 22
405 27
311 27
354 16
128 26
273 14
176 17
126 21
305 19
227 22
252 14
160 2
106 8
30 14
247 26
498 22
159 18
4 17
300 26
292 15
243 13
401 6
489 18
347 13
272 17
471 28
74 22
393 20
317 26
285 16
203 30
109 2
184 20
386 27
173 18
114 31
446 6
185 26
243 31
78 26
307 8
93 13
382 18
412 26
407 32
113 30
329 13
175 12
37 16
199 13
441 16
476 30
29 16
171 11
42 29
340 28
500 25
80 1
418 7
431 20
390 3
137 3
116 15
434 16
75 20
360 31
147 7
401 23
346 19
149 3
23 5
87 19
273 6
255 6
361 13
365 18
80 10
320 31
16 2
198 22
237 9
105 24
96 17
262 5
279 15
180 18
251 6
324 15
283 22
416 23
115 12
245 18
485 28
240 13
169 29
90 18
197 22
493 20
402 22
85 9
16 32
334 22
29 29
492 15
438 23
306 20
391 14
449 23
465 20
375 6
328 5
243 21
362 31
168 32
340 32
148 24
15 1
325 3
341 17
58 14
427 23
34 9
264 6
192 12
374 2
65 9
86 7
77 32
393 5
63 25
348 6
440 3
42 28
461 2
284 22
11 19
232 16
379 15
378 26
75 15
192 11
155 1
298 20
76 22
180 30
126 27
51 29
93 8
33 2
325 4
423 24
230 3
231 17
1 28
382 11
62 5
418 1
350 7
152 5
108 11
415 10
209 5
2 2
409 30
207 21
54 25
272 23
135 19
243 12
314 17
266 24
49 11
444 26
101 11
27 13
277 1
146 25
109 27
490 17
33 28
454 26
29 17
220 15
79 23
354 17
291 16
120 27
154 31
89 11
361 19
167 29
259 12
325 23
162 15
236 30
214 13
483 30
265 7
109 32
369 6
88 3
433 23
497 15
473 17
45 29
403 15
173 21
78 13
380 31
163 19
285 5
155 19
470 27
321 14
114 21
244 9
199 8
259 20
114 19
336 14
267 7
424 7
251 21
288 6
240 14
96 16
178 22
494 20
21 27
429 10
207 20
335 6
200 17
157 17
176 28
175 18
82 26
233 29
451 12
314 2
469 26
269 11
11 18
498 31
280 30
17 27

