256
153 15
214 19
153 26
243 23
199 14
100 13
13 9
303 7
266 26
404 28
444 27
208 2
293 27
129 1
162 2
397 22
480 18
232 28
175 6
295 1
120 14
149 32
190 32
199 15
173 10
190 12
316 9
389 29
136 21
277 17
319 21
462 6
134 13
430 16
223 20
385 6
321 29
325 22
484 11
168 21
476 13
476 24
106 13
252 25
85 16
241 23
52 14
53 9
450 30
196 12
409 8
365 17
465 22
442 32
416 9
308 20
169 20
387 10
204 30
70 32
17 10
395 16
215 19
456 17
280 15
188 32
435 13
472 27
446 21
198 1
225 14
104 17
493 30
223 32
127 28
335 7
454 21
62 28
27 13
184 22
372 8
49 18
128 4
204 21
284 5
433 20
462 9
457 18
378 31
353 1
322 16
351 31
268 29
295 11
281 6
304 4
405 21
309 32
224 32
456 16
117 9
71 22
129 7
236 22
57 24
362 31
127 29
357 11
477 23
393 1
333 20
261 9
252 25
121 32
285 28
39 29
316 17
182 20
488 25
302 28
357 31
126 23
227 23
229 19
485 21
312 9
373 24
406 16
344 26
303 8
453 29
380 25
450 22
416 5
330 21
332 30
232 26
169 14
292 21
161 28
222 20
445 18
247 22
69 26
79 16
70 3
64 5
3 25
10 7
153 8
487 29
377 14
294 25
28 5
294 28
212 23
363 4
460 25
209 8
50 7
103 19
170 3
420 4
31 17
294 24
472 5
20 29
350 9
393 13
101 2
268 12
404 22
320 31
90 8
447 32
167 29
462 24
215 9
211 26
14 5
133 17
489 4
185 26
20 2
419 24
319 14
283 27
316 18
289 17
334 31
248 8
136 2
391 26
294 25
151 3
309 3
496 5
138 32
487 17
461 5
128 4
90 11
206 21
364 22
14 21
433 21
252 16
26 26
269 32
243 28
182 15
54 21
200 4
61 18
200 21
442 28
4 7
90 21
140 1
407 1
206 31
469 17
258 11
99 22
166 29
149 11
95 15
376 30
246 20
183 5
160 4
476 32
359 5
76 6
222 30
354 27
172 26
235 9
316 21
159 13
25 15
32 28
361 23
265 14
194 8
255 17
423 18
368 21
499 4
130 28
277 31
350 29
157 32
81 28
269 3
157 5
398 32
264 14
446 25
216 31
180 14
195 10
51 31
235 21
210 24
324 2
199 5
286 15
109 3
178 25
457 18
21 22
225 29
112 6
17 31
160 20
148 19
149 10
121 27
451 18
451 14
167 9
299 17
355 23
23 32
135 23
422 11
37 2
291 16
316 27
178 11
354 25
385 11
226 13
89 32
186 23
154 17
39 32
9 21
210 19
129 4
65 6
350 21
195 21
452 14
151 17
41 29
305 21
211 11
282 11
58 31
338 23
23 32
14 15
121 11
117 9
270 10
150 28
134 20
464 2
410 30
214 26
470 27
78 32
401 15
331 14
30 12
21 28
395 26
287 31
461 11
467 18
84 20
201 18
16 28
155 9
130 4
430 19
238 15
131 2
70 29
300 11
480 20
2 18
57 16
445 17
191 23
451 14
231 15
195 18
167 17
226 4
69 27
246 18
13 8
148 6
188 3
32 11
470 22
245 2
173 13
247 31
451 21
193 13
199 11
482 13
88 23
12 16
213 6
313 26
337 20
11 17
110 15
395 11
280 23
457 8
31 31
371 6
251 19
218 21
449 16
166 24
110 17
43 23
138 8
252 3
371 14
203 17
360 13
411 31
292 7
295 6
273 13
7 23
227 29
324 27
128 13
415 17
369 25
411 19
16 22
185 27
480 7
219 31
187 5
330 22
348 4
152 16
288 6
143 14
86 18
392 13
158 26
302 26
115 4
384 18
430 32
368 29
454 22
99 25
67 24
470 6
403 9
33 10
483 27
55 16
196 31
133 9
104 26
379 10
349 14
52 22
182 7
38 19
357 13
479 23
416 25
188 31
273 16
360 15
451 31
175 22
65 27
499 20
92 1
442 16
490 25
218 27
115 23
10 27
243 24
97 7
140 12
181 17
208 12
19 6
10 29
303 6
351 25
446 10
29 23
382 7
83 31
393 13
57 14
372 24
242 24
162 21
104 2
145 31
85 4
320 23
356 30
20 23
275 21
500 15
55 25
173 25
35 22
186 12
171 13
95 8
376 32
497 7
449 1
493 13
156 8
479 4
434 31
422 28
315 25
362 30
6 31
210 8
304 27
483 22
303 21
90 11
184 26
361 20
78 22
369 30
17 3
97 2
345 26
361 20
290 7
233 3
461 6
187 24
189 29
441 7
450 10
373 5
467 2
117 29
291 25
482 19
183 26
461 28
447 17
39 4
395 31
383 27
64 17
470 4
441 31
95 30
292 27
375 11
404 27
7 18
179 32
205 13
417 25
240 11
189 22
302 32
252 20
290 24
456 12
419 17
374 5
490 17
184 16
127 27
58 1
337 28
472 17
449 24
409 16
454 17
170 16
384 25
291 10
440 7
489 11
347 30
75 4
378 14
404 9
401 29
489 21
401 9
129 1
52 13
240 2
189 21
113 13
386 19
450 29
205 10
387 15
151 22
91 20
275 6
32 11
158 5
263 26
333 3
110 12
131 10
241 12
462 29
244 11
460 13
376 8
334 14
67 28
427 9
11 6
354 11
376 15
415 15
69 27
233 2
482 32
379 19
35 9
279 2
391 30
174 26
254 3
380 28
490 10
180 12
359 17
246 31
395 4
77 7
110 29
345 4
172 19
18 6
267 4
335 14
386 20
127 7
366 14
14 19
16 5
411 6
429 20
460 19
20 16
138 21
345 2
72 8
408 13
426 15
237 20
36 18
472 2
316 29
224 25
396 7
225 14
112 17
313 16
327 24
459 28
313 11
149 4
171 17
325 32
83 1
207 26
386 26
335 9
367 10
381 6
296 29
271 28
109 19
183 15
415 9
103 23
444 7
462 6
159 10
61 21
50 23
62 27
149 9
339 7
306 3
332 2
175 30
213 11
184 7
422 26
35 4
28 2
274 10
295 1
479 11
25 29
326 3
167 18
187 26
44 28
76 3
445 27
476 25
237 15
51 30
461 14
33 24
415 11
329 22
443 20
416 31
188 1
257 6
270 11
359 9
435 27
39 3
37 10
388 25
25 26
135 1
375 23
324 22
325 25
351 11
460 10
86 27
63 10
500 28
285 31
497 27
497 15
301 13
49 24
9 17
478 27
409 24
310 8
493 18
236 23
401 11
313 6
193 11
327 5
58 3
107 10
385 27
441 26
487 17
77 11
117 2
138 17
110 23
460 6
432 24
149 4
242 29
169 7
39 24
183 12
162 13
354 23
391 14
84 13
486 32
223 30
66 28
330 27
158 5
128 26
484 28
421 30
88 6
364 30
289 14
74 22
334 31
348 32
72 27
304 9
443 2
362 28
238 19
182 15
479 21
484 19
437 5
392 8
50 19
2 6
300 15
139 25
353 7
412 24
121 3
184 27
92 5
70 1
235 11
76 13
264 23
379 16
167 14
75 4
376 28
405 31
2 4
11 22
86 14
129 10
340 12
269 20
356 26
464 6
293 3
359 4
302 17
459 20
359 9
388 30
313 32
261 14
391 19
20 12
249 16
182 16
312 26
223 11
491 23
461 23
429 3
42 18
259 12
402 17
237 29
55 25
284 11
214 31
289 9
2 29
85 31
477 20
336 15
414 11
89 14
313 30
248 27
451 3
58 20
475 26
492 1
194 12
195 24
154 8
344 19
224 24
42 16
27 9
103 9
407 3
18 20
412 6
278 15
124 19
214 26
481 18
479 30
185 5
285 6
360 21
196 16
112 9
487 23
318 29
431 4
484 20
295 31
65 4
257 32
111 15
138 3
380 20
468 28
140 21
105 4
437 24
287 20
241 17
186 18
214 8
281 13
268 12
91 20
351 24
224 5
170 13
255 5
328 7
316 23
179 32
22 3
423 12
162 23
433 32
72 10
19 29
194 2
132 32
470 22
335 9
147 28
257 1
256 20
327 31
106 1
46 4
471 21
287 25
483 11
184 19
216 30
111 9
340 22
249 21
427 31
205 5
439 17
30 26
248 12
469 13
213 22
480 15
334 31
167 21
337 30
427 29
256 21
17 27
130 13
255 20
200 11
333 6
123 30
35 30
69 23
222 21
221 26
464 22
172 10
426 32
184 16
116 3
240 1
385 13
249 11
277 24
301 25
437 15
174 28
144 30
178 21
23 30
270 22
156 5
319 29
153 6
285 32
292 16
252 4
245 13
166 29
300 2
481 1
92 10
412 27
247 13
304 25
191 29
458 30
218 13
278 6
482 6
341 26
438 5
153 18
297 11
54 20
488 2
36 28
391 15
18 17
388 5
258 6
246 23
275 3
47 28
36 21
466 12
6 23
320 10
436 32
328 21
64 32
226 7
99 32
398 16
104 17
141 25
66 22
280 24
52 18
95 31
58 20
462 19
166 26
73 17
397 16
293 12
419 26
411 9
133 8
189 9
148 13
449 13
66 16
256 25
110 22
203 7
262 32
82 19
297 22
232 18
405 8
357 20
42 15
396 26
278 20
114 13
264 3
489 1
494 28
297 19
94 15
122 27
367 19
485 7
208 16
60 12
240 21
139 25
35 27
158 25
470 20
237 14
186 30
62 7
321 7
486 10
61 19
472 3
161 17
294 12
172 1
331 23
121 22
395 24
356 1
320 29
324 20
410 9
485 24
391 10
34 8
423 18
186 23
77 30
55 30
65 6
426 32
341 19
69 11
54 4
287 25
452 30
132 10
322 29
37 21
274 30
292 24
219 22
294 3
175 20
16 28
426 30
191 22
192 15
500 25
386 11
321 17
248 28
402 14
68 26
134 29
359 29
389 6
254 2
224 5
382 8
372 15
385 26
72 20
172 3
172 25
209 28
245 21
295 3
230 15
436 3
55 19
491 31
76 17
329 31
25 22
242 20
368 10
309 7
405 20
361 8
388 22
271 20
230 26
482 11
280 18
25 18
268 11
333 27
111 17
345 15
74 31
234 9
416 14
231 5
225 23
248 12
364 15
300 21
436 21
255 15
254 11
104 9
294 16
215 16
448 28
243 5
202 32
313 1
370 27
289 14
190 17
262 29
259 25
350 6
193 16
464 19
87 19
319 16
355 30
487 2
297 29
27 18
57 19
318 10
438 23
223 31
347 16
31 5
44 12
354 21
40 29
387 22
235 1
357 17
90 3
95 22
424 25
439 28
163 25
257 24
215 27
78 21
315 17
369 18
44 2
298 23
390 12
208 12
93 16
417 10
259 15
124 18
335 6
13 17
318 17
153 12
247 30
444 21
42 24
123 10
385 12
168 22
308 12
454 4
143 30
285 13
84 12
286 18
470 10
470 15
66 10
171 5
204 26
77 21
426 31
34 10
471 30
140 2
281 1
381 3
314 17
28 9
73 13
370 14
111 27
180 16
313 22
192 12
316 13
316 1
467 30
106 21
403 9
270 3
337 26
161 6
167 20
250 7
353 7
484 23
310 15
342 6
217 26
193 20
302 16
476 16
209 29
261 7
326 26
497 14
32 14
164 30
197 1
288 1
384 23
215 9
137 29
18 9
442 30
384 27
69 15
214 26
440 14
240 17
356 9
278 27
98 17
436 22
206 27
47 25
197 13
133 21
169 14
38 30
211 25
204 23
132 2
408 19
95 16
39 22
88 32
40 13
109 7
34 2
401 24
106 17
193 26
134 13
239 3
175 17
443 2
79 2
499 23
348 18
486 22
395 29
406 23
461 6
261 10
383 30
426 32
462 6
77 19
34 31
469 28
115 16
438 21
189 32
31 5
381 16
126 24
440 15
62 20
248 10
98 26
187 31
469 21
344 17
447 21
359 28
437 29
31 14
370 27
13 28
107 30
268 25
373 23
467 2
459 27
459 8
196 18
430 13
498 9
61 12
353 12
63 13
96 17
366 25
164 7
365 10
476 32
206 24
190 9
485 32
91 3
407 22
440 12
154 25
312 31
85 17
486 11
305 17
92 23
398 7
401 30
228 32
97 18
75 18
458 15
138 28
205 24
37 5
232 19
433 23
257 1
59 26
16 4
322 7
386 19
213 22
184 28
13 12
225 11
418 6
201 15
433 9
450 18
49 9
12 10
428 20
202 6
9 21
53 22
175 2
253 7
75 24
179 11
68 15
229 1
289 13
39 21
334 20
42 2
373 9
419 28
172 21
489 8
337 10
66 4
331 6
250 2
457 12
48 32
35 1
360 15
57 14
247 2
90 9
476 30
45 14
113 13
14 25
100 11
142 17
66 13
186 23
82 19
447 25
18 29
405 18
359 6
479 13
203 32
97 10
381 6
424 21
62 25
94 5
491 15
30 16
411 11
75 8
209 9
121 15
57 25
308 15
190 30
223 5
206 16
274 26
313 5
431 6
338 28
386 32
462 31
88 5
482 22
216 6
386 12
472 2
417 19
60 2
269 10
350 14
101 20
263 13
376 21
490 21
420 28
245 26
494 4
458 3
197 9
369 22
213 28
227 25
323 6
234 31
67 32
120 8
263 18
284 10
427 6
203 22
1 19
431 26
482 12
321 14
413 5
315 9
232 25
253 14
178 26
348 12
125 23
467 11
201 7
25 15
228 19
176 12
377 19
425 26
346 1
239 18
137 9
382 5
445 26
274 30
324 30
421 12
88 28
187 28
342 11
118 13
141 14
148 1
252 28
226 29
169 32
207 1
368 8
173 8
278 23
137 21
420 13
252 7
296 22
499 9
352 12
57 28
113 12
360 24
128 21
165 4
252 3
452 27
162 9
282 11
275 6
243 18
179 31
256 26
432 26
315 20
74 23
127 30
279 11
402 10
275 10
405 19
288 16
497 21
184 15
92 22
400 30
355 6
328 31
256 16
68 2
247 29
292 17
179 26
63 16
327 26
497 15
216 4
439 24
436 22
46 23
432 26
213 18
227 16
100 30
355 8
403 1
160 23
326 30
116 12
269 19
429 5
25 16
252 31
60 32
437 13
418 32
402 10
209 5
226 1
462 24
180 1
33 11
411 10
29 6
449 21
320 26
414 25
373 1
11 16
56 11
389 22
18 2
307 27
270 24
239 8
464 2
448 8
108 30
409 20
235 5
433 27
438 2
103 7
362 9
446 2
264 18
243 29
328 21
211 25
285 17
32 28
218 7
299 30
188 19
313 7
415 25
181 21
294 19
367 28
99 16
425 14
350 19
495 21
271 1
329 19
358 13
6 3
191 16
104 23
362 17
5 25
365 29
333 3
319 7
166 9
362 26
131 23
312 1
91 18
33 24
137 18
132 18
169 22
298 20
256 3
392 8
139 13
296 7
119 18
21 12
383 3
77 17
149 16
489 4
469 17
363 5
115 30
451 23
19 24
258 31
110 14
386 21
110 10
423 8
499 8
363 21
382 23
245 2
326 21
121 6
458 31
251 8
328 1
206 15
152 7
325 17
464 18
213 13
95 32
4 22
283 6
326 16
304 15
45 1
359 22
275 8
500 17
239 16
429 12
378 8
259 10
44 6
115 29
499 22
96 6
7 2
368 20
245 7
106 1
152 5
306 14
132 10
302 27
485 14
166 22
161 24
267 12
498 25
164 16
294 3
497 24
340 32
336 20
387 13
373 14
109 10
167 29
335 24
315 11
401 28
384 25
404 30
468 17
383 12
248 4
242 20
180 18
312 7
17 26
159 25
439 4
419 1
360 21
276 22
424 28
153 31
440 4
457 23
160 19
242 19
218 16
355 17
269 26
263 5
215 10
174 25
41 32
461 12
196 16
425 19
115 17
278 30
337 14
164 8
276 22
459 21
93 1
94 5
330 28
145 12
481 6
252 17
113 28
272 25
151 28
279 21
125 28
170 1
493 5
12 8
442 2
465 30
134 2
246 27
117 11
210 2
412 9
322 21
24 14
185 14
493 23
290 21
223 19
281 27
496 29
335 17
466 31
175 32
208 16
414 28
162 32
477 10
288 15
302 12
244 10
189 4
152 27
57 18
141 13
293 4
333 15
277 7
129 3
250 12
222 31
363 12
342 4
161 6
490 18
145 13
151 9
172 26
163 8
380 16
417 24
291 29
2 7
399 18
369 8
317 27
15 3
178 4
222 26
337 23
3 25
295 5
166 19
306 4
46 9
483 14
60 6
63 5
192 13
42 21
313 18
355 27
241 20
34 26
221 7
25 23
203 19
375 32
489 24
48 31
69 22
348 32
155 22
41 7
427 26
259 23
144 9
417 32
496 14
197 8
24 9
142 19
244 24
446 32
399 21
118 15
227 10
95 5
79 19
79 1
420 5
95 23
153 7
298 8
165 15
67 8
67 12
266 18
75 12
394 18
408 15
440 10
328 14
367 23
224 25
115 12
486 14
410 10
424 24
490 8
54 32
128 28
116 9
134 14
308 31
15 20
389 31
53 5
44 11
179 12
216 17
115 1
206 24
42 18
231 27
69 20
439 8
460 6
293 29
447 4
471 18
19 7
120 20
279 27
342 5
134 1
454 28
313 19
272 11
140 2
237 29
490 31
460 5
80 20
393 23
56 27
192 14
425 23
497 12
177 31
364 23
99 5
58 32
328 5
118 27
35 14
379 28
29 27
176 16
442 32
338 5
134 13
423 26
191 19
113 20
109 21
178 16
293 27
471 16
268 24
291 6
293 1
381 17
359 32
133 9
327 6
1 24
351 31
17 21
194 22
408 2
106 17
213 2
24 31
222 11
474 28
296 27
32 16
439 23
435 11
247 13
41 11
72 3
22 20
283 27
69 31
220 18
479 13
128 26
467 5
496 1
212 19
59 27
170 5
189 16
68 15
216 32
34 31
202 3
227 24
473 27
378 24
321 5
476 32
210 15
148 2
87 3
348 9
157 22
493 14
473 28
132 1
371 21
327 28
71 17
408 19
200 9
439 24
493 14
171 11
60 26
260 10
232 31
494 24
328 31
85 25
398 1
45 21
233 23
192 12
128 3
50 19
88 8
50 24
254 32
486 17
93 13
15 20
56 12
415 31
346 16
387 4
420 15
364 4
154 7
159 13
210 13
459 21
48 8
228 9
431 14
170 31
310 20
198 5
43 28
100 9
315 26
336 26
269 3
238 14
457 12
54 18
456 24
314 12
223 18
8 5
459 13
379 24
212 20
337 31
391 32
347 26
125 18
439 1
84 16
18 28

