256
249 9
337 17
43 29
27 13
138 3
396 24
56 12
117 24
427 11
83 28
275 19
41 30
51 10
349 26
27 19
359 27
315 4
407 5
456 22
273 9
408 24
64 19
91 9
63 10
335 13
469 29
220 9
234 30
70 18
327 17
224 5
223 30
232 22
98 7
267 18
132 2
241 15
340 11
431 30
52 9
399 25
77 10
233 30
387 19
95 29
103 18
249 13
207 9
158 16
371 12
377 30
301 9
253 1
152 3
42 7
300 8
427 16
409 32
390 23
166 28
359 20
154 20
296 28
292 2
368 10
81 12
368 26
65 20
374 8
154 23
270 1
59 13
33 15
60 30
114 29
405 24
48 6
283 15
270 6
500 13
440 29
84 23
314 12
130 15
215 31
305 1
88 3
385 16
182 24
393 23
224 5
118 3
207 25
317 12
326 1
316 13
249 15
275 18
399 12
452 13
39 4
301 10
471 25
449 24
184 5
298 3
489 27
381 19
19 22
374 17
218 21
313 18
292 32
231 30
343 2
154 21
289 23
358 11
343 22
262 31
498 15
137 3
178 6
385 28
419 19
392 16
151 9
453 10
292 3
483 18
364 17
367 8
443 4
263 21
234 20
163 19
287 20
421 12
169 10
159 19
268 19
222 2
107 2
212 2
356 18
235 7
182 25
74 8
177 32
261 22
212 15
492 22
74 29
313 26
70 7
328 1
225 13
106 19
74 13
432 17
363 7
203 32
119 5
20 27
464 4
408 23
54 24
24 20
164 12
221 25
11 25
421 11
301 26
418 19
47 17
7 5
367 26
304 22
338 11
132 1
454 32
328 32
291 3
487 10
391 31
390 1
107 26
487 28
391 8
134 25
105 16
197 15
53 1
456 6
175 20
395 25
331 30
488 9
276 10
426 14
180 19
270 31
180 25
46 30
12 7
7 24
170 19
439 31
55 10
316 30
37 10
210 15
283 13
339 7
170 8
428 29
282 2
339 5
306 20
383 25
414 25
489 16
295 23
10 30
376 17
431 29
35 16
279 1
188 2
79 17
233 27
409 3
56 8
179 21
483 9
233 21
153 29
184 12
351 17
149 19
369 3
139 27
70 25
424 13
238 2
317 3
360 9
189 23
324 11
331 11
280 24
259 20
136 2
231 7
338 7
213 18
161 7
313 26
471 8
190 25
89 2
383 5
83 31
67 26
289 6
268 28
313 2
204 16
319 14
286 20
369 14
214 29
404 18
111 19
113 28
287 1
10 5
353 8
91 32
349 11
317 5
151 1
494 22
428 9
491 6
320 23
267 1
240 7
262 10
397 10
353 3
279 2
203 15
305 9
50 10
23 18
474 25
346 19
378 2
131 17
191 23
431 25
187 26
479 9
223 23
26 8
261 28
289 31
139 18
459 24
451 26
258 8
358 27
242 32
432 21
308 2
175 22
283 1
112 25
13 18
340 27
261 8
398 2
119 32
199 13
428 13
262 1
424 24
491 13
207 23
389 6
396 11
103 18
480 10
143 20
400 26
234 20
285 4
413 7
371 7
332 26
111 25
334 6
212 21
403 6
99 19
431 2
410 6
376 9
451 30
232 10
351 10
214 23
301 18
38 15
441 17
321 11
461 2
289 25
330 3
442 32
185 9
126 18
110 21
334 28
370 22
466 8
235 3
206 11
8 27
57 12
463 1
203 20
383 7
448 24
385 9
344 29
113 25
15 30
173 8
338 30
265 31
113 27
185 2
385 20
413 30
344 7
22 22
2 32
92 5
320 4
190 15
248 30
335 14
80 19
314 21
252 18
423 20
429 19
385 17
150 17
106 5
376 12
242 17
235 21
178 2
160 3
420 24
224 22
373 27
464 26
423 23
264 1
430 24
303 31
356 25
315 22
149 6
293 23
67 11
75 12
433 3
462 28
346 13
310 30
340 25
404 22
340 3
459 25
62 9
139 1
65 6
82 30
143 22
456 1
105 30
304 13
320 25
92 25
154 25
235 13
378 14
458 1
8 24
41 9
381 16
189 1
133 31
362 31
348 17
336 20
51 11
340 14
460 8
387 9
36 29
161 17
110 22
481 25
238 10
37 14
201 9
266 13
347 12
459 27
296 10
498 10
489 14
420 24
473 30
264 20
278 20
273 3
245 21
207 22
126 27
303 22
319 17
10 10
48 13
64 23
318 17
393 10
102 24
457 18
469 32
286 14
495 10
336 28
14 10
73 28
136 20
317 6
296 19
471 31
351 18
389 20
447 21
326 32
296 30
178 32
354 23
213 16
224 28
291 29
293 28
376 8
443 9
86 18
223 28
284 25
442 4
92 16
157 9
491 4
403 32
420 4
482 16
455 21
384 30
442 16
461 9
160 7
213 5
344 11
152 7
211 13
2 15
184 2
423 11
462 29
342 9
432 32
364 19
380 3
484 5
479 8
490 10
50 30
382 5
341 13
223 11
478 20
205 21
234 16
187 27
156 9
427 12
56 26
178 27
241 13
256 15
308 13
356 1
298 5
453 18
121 15
41 10
102 21
111 23
428 29
381 16
29 19
375 12
301 24
19 9
64 6
111 23
222 14
431 27
54 27
361 2
113 9
476 10
497 10
401 1
86 17
212 11
292 10
50 16
489 28
484 4
397 14
274 18
263 16
489 12
142 25
193 18
101 24
467 29
457 27
225 7
500 12
361 15
373 6
234 21
182 21
264 2
14 17
48 28
296 32
443 9
88 19
190 24
7 21
488 11
375 17
5 26
500 1
16 17
479 5
85 8
169 29
89 26
89 28
161 13
23 27
173 18
442 15
149 24
223 29
410 17
201 19
175 8
483 18
276 25
143 29
472 15
413 9
197 5
48 29
89 31
164 6
384 5
476 25
404 22
21 29
146 1
431 16
124 2
362 32
226 24
464 26
166 20
258 14
80 5
423 9
79 2
282 19
42 1
347 1
306 31
109 27
291 12
271 6
453 12
17 6
487 32
227 8
59 32
70 11
493 32
159 7
281 32
33 6
48 3
118 21
97 2
155 31
117 25
153 25
260 9
99 6
353 29
454 27
13 3
401 1
366 23
75 2
350 32
319 21
338 12
101 3
13 24
173 26
32 5
50 20
50 16
241 22
177 6
164 9
68 21
45 9
327 15
430 1
430 16
277 16
387 30
54 8
485 18
381 4
107 18
11 4
134 16
57 14
149 8
202 29
488 30
149 7
216 15
343 26
30 27
265 25
496 26
168 12
247 32
52 1
181 6
360 18
17 28
475 10
340 20
382 31
273 10
493 29
312 11
338 22
454 30
110 29
123 13
485 1
28 24
426 28
449 5
374 18
53 12
483 4
228 32
70 16
97 7
192 1
249 1
454 22
334 3
355 20
395 27
177 26
226 22
481 14
238 2
491 26
406 25
385 13
40 31
336 1
221 8
249 21
260 22
23 6
320 29
49 6
419 13
487 8
30 19
169 28
25 20
409 2
336 18
266 4
100 9
364 20
332 4
140 24
17 18
389 16
242 21
401 4
366 19
7 3
205 32
14 25
39 19
10 30
420 7
453 19
80 4
42 31
131 13
58 31
195 18
186 12
235 2
300 8
324 26
198 25
185 8
257 11
338 11
301 29
245 9
479 32
273 20
439 19
52 20
106 30
294 31
386 12
377 25
479 20
342 28
80 11
239 29
101 28
307 29
36 23
358 6
79 18
237 21
88 25
364 21
238 13
484 31
36 20
11 10
263 9
42 19
83 8
31 7
60 21
288 27
239 9
165 1
330 25
185 29
393 29
462 7
261 5
457 1
360 28
14 30
24 15
316 22
39 30
140 26
34 31
396 29
127 20
293 32
313 18
77 29
82 14
39 22
186 8
490 9
463 32
370 6
58 22
443 4
235 22
397 5
65 17
245 27
204 29
499 16
218 23
425 27
464 15
493 21
458 6
249 24
485 2
109 19
155 23
194 10
337 19
10 1
235 14
443 6
494 21
158 24
367 2
214 14
396 2
34 6
40 30
329 12
400 26
122 22
192 20
295 28
406 12
132 8
261 23
429 3
367 2
22 22
19 11
267 19
293 5
472 20
434 20
59 1
441 29
239 29
348 21
216 21
393 20
244 25
126 8
111 20
110 20
429 12
219 12
394 11
200 21
46 17
369 28
318 21
488 8
145 7
292 9
439 28
412 22
41 5
58 15
380 7
135 1
146 1
208 16
215 27
108 8
391 12
215 28
489 27
467 17
241 31
345 28
146 20
65 14
292 14
189 16
140 31
184 6
27 27
29 9
1 24
352 31
316 18
451 4
472 29
288 13
27 13
96 21
240 24
210 24
134 30
259 25
72 22
262 26
184 18
190 4
130 17
278 13
311 28
100 14
497 3
198 19
371 1
251 15
305 9
346 30
210 12
414 2
397 20
83 16
169 29
467 14
17 20
94 15
176 9
313 8
80 22
250 26
7 1
264 15
313 13
452 14
64 1
155 24
392 10
95 25
362 25
210 18
9 32
57 28
496 29
59 19
82 28
229 8
308 20
250 4
453 1
494 24
418 32
32 21
89 22
73 14
39 19
180 27
438 32
82 25
308 24
212 13
447 24
329 15
283 10
78 11
483 3
307 12
423 18
264 11
315 13
461 21
471 24
251 16
79 4
340 18
323 19
126 14
342 18
80 21
236 13
63 6
80 1
321 18
58 16
364 25
272 20
429 26
167 28
149 1
215 17
130 26
243 16
363 13
61 2
413 28
450 31
217 29
48 17
234 17
325 10
181 28
273 22
190 8
493 30
184 15
382 26
96 17
421 14
413 9
251 29
129 29
3 5
285 26
86 7
359 22
468 19
357 12
352 6
31 24
88 27
51 17
232 14
445 28
160 29
336 10
33 8
314 20
13 31
289 2
469 23
211 20
38 7
27 17
317 18
85 16
328 15
224 31
336 1
414 23
377 29
257 22
65 6
149 17
20 21
378 8
436 8
275 21
358 26
65 26
63 13
281 22
487 9
300 23
25 13
317 5
313 13
14 13
495 2
157 22
451 14
2 2
325 24
62 3
281 26
412 27
127 5
84 1
401 3
287 21
299 4
177 24
28 19
340 2
204 1
36 10
234 21
243 3
16 32
297 29
282 32
491 32
104 7
224 16
161 23
280 24
466 29
423 9
351 18
367 2
462 2
60 32
142 22
310 1
458 6
305 15
17 20
202 9
222 13
476 2
287 28
45 28
416 7
97 6
433 15
319 10
364 18
145 5
384 10
13 29
411 2
431 20
465 24
400 14
408 19
271 7
334 8
298 5
486 6
366 6
356 17
368 3
266 24
427 9
318 12
341 16
461 15
359 1
106 30
462 10
189 28
60 30
251 17
123 17
103 12
358 10
376 5
381 30
441 19
494 30
450 11
189 10
309 16
334 31
9 23
132 29
231 23
219 21
251 29
421 29
32 27
163 4
207 19
253 27
201 6
256 3
284 5
412 9
344 22
211 32
244 14
401 30
236 23
307 10
163 23
191 26
357 13
305 16
99 29
414 3
7 2
153 18
318 17
86 25
162 32
216 17
341 20
231 16
86 1
414 28
115 32
498 8
160 18
91 10
415 32
408 17
25 17
414 6
329 28
354 6
499 22
98 8
37 4
119 19
68 16
426 27
339 3
358 26
429 24
107 3
303 15
467 24
279 20
21 31
83 27
448 10
296 25
273 24
77 7
158 32
127 24
178 5
358 27
315 14
334 1
480 9
139 2
316 13
178 28
227 4
62 14
193 5
423 29
41 3
208 6
142 26
133 28
150 23
58 28
128 8
237 20
232 11
257 15
496 10
234 2
194 32
248 26
4 22
203 32
20 26
446 25
447 2
332 16
272 10
264 28
485 8
211 32
78 3
114 9
401 23
295 26
346 26
183 26
63 9
97 6
498 30
94 20
324 18
244 23
371 15
346 11
358 32
422 7
375 23
8 15
233 26
72 3
399 26
280 1
491 20
246 4
474 3
136 17
320 27
243 14
385 25
44 30
348 1
28 26
203 19
200 4
40 15
366 30
229 1
250 11
76 3
410 5
38 5
197 25
275 28
47 7
232 30
252 11
259 8
153 21
18 12
248 6
179 29
199 3
313 1
329 17
147 26
289 8
487 10
41 29
277 7
124 24
28 7
438 2
358 6
99 8
146 14
285 12
163 15
82 7
135 26
363 18
203 12
465 17
489 25
154 25
443 17
124 3
3 17
460 5
3 26
88 8
108 24
175 18
58 32
244 21
369 15
326 11
462 30
112 14
147 9
418 21
393 21
263 15
305 27
107 27
484 30
158 27
269 20
212 27
87 4
371 11
266 20
230 11
337 17
232 7
457 29
276 17
393 18
95 21
464 18
356 32
247 17
94 4
345 6
194 23
465 12
442 26
463 23
160 15
363 27
134 31
243 17
19 7
150 13
183 14
18 10
117 13
403 6
484 31
367 13
381 19
444 22
412 22
492 15
56 18
165 25
24 31
153 30
393 11
211 32
472 8
113 4
344 3
1 3
113 20
207 22
50 6
19 18
259 23
236 31
68 9
59 24
159 32
337 12
218 31
479 1
127 19
128 26
310 12
1 22
199 11
119 5
61 22
414 11
352 21
337 19
401 32
362 4
459 31
315 8
97 25
216 3
87 11
397 32
174 25
170 21
307 32
473 19
129 14
38 32
386 6
399 31
473 28
402 3
310 16
310 23
360 17
185 18
219 21
194 17
329 7
469 16
354 29
354 27
178 31
462 11
321 12
53 9
324 10
428 1
21 21
95 32
262 16
30 32
212 3
428 17
85 20
380 14
188 1
272 25
328 2
280 4
297 12
292 20
138 23
105 14
308 11
242 17
330 31
252 30
493 32
434 9
427 13
218 3
397 30
331 12
427 30
75 11
294 27
195 31
289 19
292 28
53 25
16 23
155 28
276 23
151 1
427 13
373 21
43 25
338 10
49 16
335 19
190 16
193 24
262 30
238 26
429 7
290 5
25 9
416 16
295 26
360 30
494 28
422 21
56 3
262 24
226 4
79 11
428 23
3 1
456 12
446 13
382 12
385 14
236 16
205 18
217 12
455 14
499 32
98 27
338 31
158 19
159 28
330 22
63 32
126 6
275 16
458 29
363 2
266 14
141 7
479 25
238 14
419 25
161 8
291 15
79 4
413 9
240 30
174 18
277 19
23 8
74 9
412 28
322 13
33 27
499 8
23 5
297 25
325 1
13 15
159 7
118 16
179 17
165 12
10 10
2 25
197 32
217 20
363 10
488 4
204 19
463 23
427 31
223 19
419 15
69 14
177 18
1 3
395 9
410 4
310 12
140 2
191 28
317 5
98 21
4 9
143 18
231 29
76 14
171 15
40 15
424 17
276 24
275 2
292 1
278 18
448 1
311 22
477 8
394 2
432 2
226 2
215 9
494 3
262 12
137 17
254 12
369 25
335 20
403 2
180 32
79 31
448 6
468 28
369 13
349 8
110 7
77 1
383 6
115 4
85 19
148 10
162 21
422 32
364 28
325 27
355 20
373 27
497 12
430 5
52 19
368 6
57 20
338 7
365 8
286 9
406 29
342 23
5 19
266 24
87 22
114 9
197 10
95 1
29 25
261 13
7 16
94 3
423 23
353 27
86 18
439 23
274 20
261 31
43 2
498 21
319 8
273 32
301 32
412 6
244 5
410 2
152 3
164 23
137 12
213 22
357 20
416 10
283 24
260 13
405 30
157 15
73 30
442 21
149 14
202 20
230 11
345 5
317 24
307 5
375 12
230 31
23 5
360 5
24 16
334 20
81 18
355 17
271 16
25 11
1 31
14 14
41 18
463 22
217 13
366 11
140 20
321 22
92 17
171 20
4 12
247 12
345 9
88 12
249 32
238 21
42 20
183 7
313 21
144 14
117 21
472 25
456 1
122 32
177 8
367 16
499 25
467 16
270 22
163 26
221 16
470 19
207 16
49 8
500 20
401 5
404 12
77 16
368 10
111 28
194 1
427 4
145 5
239 26
150 13
283 15
357 1
485 31
108 25
434 20
428 26
428 19
410 20
394 17
53 16
25 14
184 23
494 9
196 4
94 21
189 21
67 13
481 3
459 4
287 17
399 6
78 14
249 15
181 26
468 30
498 12
35 25
146 28
361 29
112 3
390 16
183 20
196 11
359 6
454 17
46 5
63 32
382 15
166 19
304 13
500 17
328 26
186 26
62 10
166 21
352 7
324 2
11 31
400 17
24 26
69 26
58 23
397 15
293 6
353 13
47 16
249 10
238 6
347 31
332 25
323 27
419 22
421 25
368 8
1 23
25 10
164 30
52 8
225 5
474 13
293 32
281 13
97 6
327 12
168 2
160 22
44 2
339 24
359 30
488 3
300 32
132 4
298 12
375 10
232 24
302 32
423 18
416 32
451 30
315 26
455 14
311 27
403 25
166 9
58 17
324 10
369 23
25 14
342 23
391 17
451 12
448 5
126 28
244 20
309 14
398 24
383 28
466 10
209 3
250 10
488 29
179 4
84 31
225 21
454 7
202 4
10 21
480 15
364 12
63 9
281 16
140 20
19 17
153 31
439 14
49 6
179 27
485 30
282 25
38 15
27 23
342 17
240 25
23 27
44 1
331 29
396 2
192 27
278 12
345 5
97 1
494 3
472 19
388 21
391 18
339 10
368 20
306 19
500 24
62 16
117 16
72 8
66 27
130 3
458 27
411 30
71 17
33 22
87 32
146 13
49 12
246 25
15 15
375 11
83 24
262 31
32 5
62 25
447 8
143 4
370 2
161 28
162 1
334 20
317 27
76 17
167 22
485 5
76 20
399 10
147 8
208 18
344 14
478 10
165 5
45 22
26 14
325 23
102 2
286 14
193 9
487 3
386 7
391 2
182 22
471 5
301 19
210 9
300 32
286 20
160 31
349 9
240 25
223 25
387 8
111 23
72 5
437 14
419 31
271 5
468 25
133 17
271 30
117 10
233 10
237 32
436 5
428 19
462 6
220 24
213 18
278 29
130 6
94 32
392 24
352 24
456 12
332 27
30 32
500 6
201 1
6 17
25 13
15 2
287 14
37 31
267 6
135 20
379 4
148 15
443 23
334 11
187 13
329 12
464 8
477 20
120 22
356 13
267 7
186 21
308 7
255 19
388 14
322 23
321 25
389 12
320 10
366 18
90 26
221 1
77 13
420 9
31 24
45 5
498 2
405 17
452 11
83 20
252 9
310 9
225 14
40 16
123 9
401 12

