256
490 1
406 28
120 13
341 4
482 21
339 16
283 29
180 19
236 26
187 7
296 8
377 26
276 18
436 8
497 1
447 19
449 13
330 13
189 18
256 10
463 18
274 13
426 13
156 1
354 10
15 5
425 28
3 12
337 18
184 21
82 10
171 19
186 20
303 14
22 14
248 12
356 17
228 13
473 23
294 2
76 20
327 16
51 5
52 27
118 15
72 8
216 22
434 14
242 24
479 15
497 18
98 4
98 17
133 30
412 30
100 7
437 6
339 32
106 18
226 31
328 9
274 23
391 31
148 8
146 31
98 27
204 15
346 18
223 14
223 6
107 14
473 28
99 3
235 28
404 20
279 19
461 32
125 27
463 13
186 20
251 23
454 26
181 12
459 3
277 26
389 4
207 21
131 26
375 25
361 10
176 15
8 8
43 4
338 13
256 3
316 26
157 14
16 29
69 30
444 17
359 8
284 30
396 18
223 18
130 11
47 22
74 22
293 8
37 31
324 9
357 19
354 26
260 21
54 24
47 21
229 9
180 28
322 23
278 28
344 23
331 2
64 32
295 9
223 16
191 26
328 7
388 25
412 12
254 22
179 32
314 11
408 6
271 14
68 20
477 4
306 15
153 22
62 28
430 20
131 4
181 2
18 25
194 10
68 7
99 6
450 8
357 14
257 23
291 9
378 3
88 19
426 16
256 31
39 5
123 21
304 31
330 18
223 16
455 26
174 25
240 28
168 16
333 13
426 3
101 15
241 32
189 22
131 9
5 26
129 7
42 21
133 4
458 28
99 32
349 8
168 20
247 23
387 11
111 8
53 23
466 18
454 23
311 5
451 27
458 11
497 11
215 6
74 4
189 32
287 21
148 26
329 10
141 11
325 19
379 1
18 8
22 31
350 25
407 28
203 32
83 20
215 5
33 24
321 25
164 11
313 31
413 21
56 21
208 28
359 18
257 16
281 14
347 23
166 17
282 25
469 24
420 27
13 4
322 5
228 9
291 8
499 19
181 15
311 28
434 14
325 6
397 5
24 11
87 25
348 13
409 12
436 28
350 32
483 23
132 26
8 19
250 6
181 30
412 12
21 30
13 5
387 21
301 22
4 4
451 27
460 31
18 19
39 11
47 25
389 22
435 32
304 20
106 13
317 25
328 9
362 16
385 25
100 21
362 3
276 28
305 7
23 2
186 21
40 12
285 13
261 31
176 9
254 17
253 2
150 12
258 31
123 22
463 30
31 5
29 2
488 29
245 26
359 2
422 10
13 27
30 13
425 2
41 11
190 9
100 27
76 22
202 14
203 16
124 21
488 12
243 20
188 31
485 6
120 27
148 12
465 5
108 13
234 13
419 24
145 3
114 9
80 11
122 2
479 1
71 14
452 13
145 20
3 14
37 10
240 8
457 28
213 12
444 18
64 31
425 13
437 27
133 24
205 10
1 31
55 15
353 22
235 13
145 5
478 2
62 1
69 2
272 21
286 4
283 5
134 15
261 2
97 5
289 14
351 17
336 25
64 24
410 26
37 23
239 30
292 12
83 32
374 26
345 27
125 27
211 30
185 16
31 18
68 23
435 2
460 10
26 7
310 8
172 6
46 30
211 21
266 1
48 23
203 8
149 23
222 15
437 11
182 19
392 18
138 26
223 17
95 13
471 4
36 22
101 17
108 12
269 29
308 24
11 6
60 3
337 1
17 17
39 15
443 6
4 12
107 18
176 2
474 18
309 17
344 14
293 27
73 5
323 4
229 9
390 28
343 6
420 27
54 7
113 24
240 8
76 11
342 31
400 23
101 16
28 24
469 8
394 21
233 8
273 9
252 2
452 26
91 31
156 28
181 29
491 17
236 22
471 29
169 6
244 5
429 27
212 18
294 13
142 14
24 30
190 3
427 25
72 5
12 15
364 28
199 19
316 15
272 6
363 28
359 30
208 32
80 27
389 26
79 22
251 26
444 29
80 18
433 23
443 12
230 22
192 16
12 19
214 16
497 9
223 3
34 11
494 30
405 18
191 12
264 29
289 27
85 1
280 14
371 2
165 28
380 32
380 31
67 9
378 11
21 25
269 23
235 15
224 7
348 10
178 7
206 23
21 31
39 13
12 13
226 4
213 5
236 20
200 22
388 17
216 13
29 12
167 11
98 22
458 26
303 3
408 4
453 1
354 15
433 13
252 26
245 4
467 20
407 2
133 18
94 8
54 27
183 32
441 13
461 22
430 19
33 5
475 17
469 24
328 17
45 27
263 21
394 9
472 20
98 16
297 27
155 3
369 9
422 26
173 23
207 26
497 7
143 31
428 3
151 23
216 27
37 30
187 14
262 22
433 15
465 5
253 27
431 30
11 9
283 24
235 5
137 7
432 15
406 3
242 28
169 5
454 9
490 4
338 7
1 22
109 29
350 29
287 1
334 25
485 16
332 7
457 1
5 32
247 18
302 32
465 26
148 2
26 5
261 23
239 29
484 31
77 5
60 15
169 21
364 13
213 23
75 25
163 32
260 6
341 25
101 30
30 9
427 19
89 4
121 24
300 20
26 25
140 17
295 29
34 14
313 10
353 28
118 27
171 25
128 11
289 5
20 2
33 7
76 25
486 28
300 9
151 6
365 6
114 8
450 27
169 11
244 25
354 5
240 32
89 19
238 13
151 18
398 3
56 1
156 1
372 11
29 10
132 10
164 6
257 17
96 5
79 4
150 32
404 17
11 5
459 9
425 26
358 31
292 17
499 23
157 27
254 25
392 17
282 19
186 18
224 22
167 30
325 20
438 32
56 28
276 6
48 21
475 29
375 27
21 17
417 29
243 18
66 15
111 23
245 24
89 4
429 31
474 5
70 31
37 21
62 8
342 30
364 25
218 14
139 7
463 3
119 9
429 24
43 23
383 24
186 23
459 27
225 28
423 6
194 3
122 20
123 19
69 6
335 10
428 29
228 18
232 19
446 20
30 17
402 24
332 23
234 2
405 2
74 16
455 23
286 32
226 28
243 26
98 29
284 21
402 19
266 25
209 31
144 15
403 21
354 22
131 20
376 28
249 21
215 28
419 28
131 21
260 13
142 25
302 17
233 3
288 18
187 8
412 6
438 31
374 28
252 4
231 11
243 3
279 9
34 10
309 25
194 28
241 11
128 14
112 32
448 31
61 10
98 32
315 28
138 8
327 18
248 5
368 10
239 27
151 5
196 23
141 1
230 1
75 5
127 6
272 30
288 20
60 10
155 22
421 17
266 27
386 9
7 29
206 5
103 4
221 26
166 5
38 11
94 5
455 20
150 18
497 14
409 24
175 24
134 27
208 11
193 9
115 19
197 4
147 28
176 32
449 1
228 15
440 9
451 26
244 28
472 13
241 16
500 31
295 17
213 14
235 13
446 13
307 27
21 22
146 24
321 10
240 24
432 3
425 10
277 28
186 8
112 14
331 12
397 30
96 5
331 23
366 1
383 16
475 19
125 16
302 25
65 2
49 17
424 17
82 32
344 31
3 20
249 30
419 25
163 26
253 5
400 14
473 19
142 31
37 2
418 15
415 7
84 11
35 19
139 16
411 6
439 25
141 27
450 23
183 16
129 15
457 32
405 25
162 26
80 23
163 5
241 21
35 20
95 1
34 25
389 24
419 31
61 23
365 6
322 11
474 30
333 10
181 21
414 15
134 25
245 9
46 9
429 8
12 28
1 1
108 25
193 18
67 9
289 15
114 22
329 3
263 17
72 15
102 14
137 19
330 1
235 3
217 24
307 4
187 19
125 6
251 29
24 1
421 32
99 18
273 7
177 7
291 32
329 28
233 18
479 19
346 9
141 27
228 31
494 18
309 2
412 27
138 15
227 2
246 9
148 2
455 8
404 6
71 28
489 20
49 15
422 31
384 26
161 23
65 22
377 9
328 32
284 21
74 30
227 27
391 10
40 21
49 3
294 23
26 27
126 11
305 15
321 32
313 1
151 1
338 31
101 13
18 12
334 11
450 24
113 16
285 32
388 17
446 30
155 31
168 17
397 32
31 17
12 7
401 22
219 7
392 16
107 17
259 20
351 4
351 31
399 11
466 23
171 31
320 2
233 11
310 6
310 16
402 9
183 7
334 29
245 17
276 31
485 7
495 27
94 29
149 29
184 22
279 2
376 6
235 17
288 20
442 25
236 11
122 26
497 31
374 29
384 2
148 16
184 14
55 17
190 3
121 17
21 31
283 12
200 21
208 19
413 17
436 12
344 13
417 12
363 26
137 26
291 4
466 2
277 20
103 26
426 31
43 14
474 29
46 1
193 21
12 25
254 31
104 1
355 8
492 21
162 20
167 28
263 24
278 7
355 16
61 32
306 11
430 11
131 7
156 23
79 31
132 32
317 19
132 7
459 12
91 28
455 9
275 22
92 20
312 10
135 28
78 17
178 23
423 12
333 6
335 23
448 18
447 32
404 22
286 30
257 1
185 32
337 16
133 9
215 16
374 6
168 27
494 17
161 16
5 13
50 31
256 25
156 26
465 19
335 30
125 16
330 9
303 7
324 3
447 27
230 32
92 29
475 21
242 11
56 10
480 25
436 27
454 23
140 10
205 2
19 25
65 5
194 31
219 25
5 25
407 19
188 18
131 18
434 28
297 10
321 20
446 12
362 19
402 1
20 11
326 3
139 19
91 4
313 17
349 18
177 15
52 32
105 18
26 6
110 14
231 18
301 17
390 14
279 31
366 31
397 15
41 12
137 7
219 18
495 11
267 31
174 6
34 26
203 15
19 4
436 14
94 28
130 19
249 32
273 22
410 26
9 30
409 5
136 19
446 26
46 24
300 23
381 22
200 20
448 14
247 32
171 12
119 24
174 4
412 15
37 21
320 29
475 12
394 22
206 23
92 27
403 7
173 11
280 32
70 32
442 21
463 8
360 25
264 30
152 23
332 21
347 19
85 29
230 18
135 27
169 2
390 23
320 6
205 4
138 31
327 19
443 1
394 18
73 25
187 21
183 26
265 26
20 25
54 9
31 8
388 19
265 25
121 17
394 9
184 3
303 22
461 25
2 15
251 14
363 25
150 22
307 10
279 30
467 4
279 13
20 10
399 20
146 7
220 31
399 23
422 22
116 22
298 1
440 24
43 11
337 16
52 3
458 14
320 28
13 6
124 28
115 6
20 16
96 19
355 26
494 16
47 21
361 29
78 9
96 4
307 4
163 18
278 12
39 6
247 15
47 14
435 26
447 26
477 30
44 23
388 21
458 6
498 11
482 31
175 22
398 5
361 20
42 31
384 20
88 6
334 14
56 12
499 6
425 16
396 17
158 27
357 12
68 14
138 2
132 8
479 13
496 15
441 1
329 32
468 16
157 21
254 24
421 4
214 5
431 1
165 25
95 26
408 26
79 25
415 19
208 17
91 11
436 31
91 12
206 30
384 3
62 25
426 18
92 23
179 15
451 11
463 17
68 10
411 11
266 5
209 1
274 27
379 21
182 21
324 23
230 27
453 3
47 19
125 15
369 11
13 32
349 3
68 25
196 26
119 13
359 31
137 20
329 23
340 18
187 7
101 28
426 1
58 20
283 18
462 28
336 30
175 17
152 10
157 11
424 11
11 2
453 3
413 1
365 28
495 3
470 27
170 3
499 28
367 14
261 24
285 9
6 3
485 21
52 1
356 15
119 22
256 19
365 4
55 17
475 5
336 1
143 17
339 26
84 25
127 25
89 15
145 6
369 25
102 28
473 25
247 3
323 26
13 7
374 7
471 28
116 10
144 10
163 31
455 6
391 9
294 7
491 30
424 7
418 6
483 14
482 13
332 12
82 4
46 3
115 9
155 22
174 26
43 12
132 2
138 15
78 15
205 1
221 1
131 2
154 9
232 3
45 31
495 27
463 32
433 13
408 27
158 26
89 32
473 12
49 22
298 11
393 15
399 17
483 17
454 20
346 1
474 14
452 4
368 2
8 5
342 11
443 15
200 19
402 9
455 15
134 24
429 2
106 3
138 20
207 4
75 12
128 29
146 3
16 1
196 3
369 17
142 4
239 17
46 13
217 20
91 23
456 19
228 17
197 10
1 7
161 11
159 16
475 12
71 7
20 22
69 17
155 22
52 5
255 9
33 31
301 11
25 8
493 13
168 17
322 28
444 2
447 10
121 13
257 3
115 32
457 28
16 31
245 3
3 23
368 20
174 8
10 10
275 27
154 6
43 11
314 2
308 8
439 29
32 31
471 7
175 23
330 14
389 18
461 24
425 28
279 30
199 8
351 17
142 29
118 13
331 23
22 19
394 25
271 18
359 13
424 21
20 25
75 24
178 19
151 18
66 25
403 16
421 22
440 2
110 21
450 24
44 28
134 9
136 24
66 10
497 17
379 8
93 1
275 19
191 14
76 32
58 19
223 6
436 14
244 25
274 21
188 13
368 26
458 3
77 15
201 21
364 11
88 8
383 27
430 29
140 30
32 13
188 10
27 23
119 26
19 24
314 30
413 30
231 26
240 8
244 12
380 7
370 24
415 32
182 8
28 25
349 23
369 20
312 23
10 22
16 24
26 30
438 18
215 12
159 26
327 18
246 15
361 27
26 7
219 23
118 22
83 19
157 19
206 12
198 16
102 25
447 15
394 28
416 16
256 10
414 26
475 15
140 19
125 13
461 3
427 7
293 17
249 5
460 30
268 13
373 17
221 20
495 27
259 30
74 22
335 19
448 2
497 23
348 10
308 13
316 6
239 4
243 11
408 26
292 24
414 21
44 10
188 7
100 22
152 14
312 11
12 27
148 1
49 31
482 20
303 21
442 29
109 16
379 32
89 15
191 14
187 31
487 10
329 27
171 8
464 10
318 7
92 29
187 21
312 16
200 6
169 1
359 29
28 9
292 24
111 19
321 25
273 28
22 21
246 1
80 29
26 14
387 14
214 10
314 5
93 9
343 29
358 13
37 25
141 21
353 12
367 21
400 23
480 6
239 5
318 6
489 15
419 4
164 29
301 29
361 5
194 11
6 15
255 26
435 12
426 23
499 20
460 26
282 27
23 20
220 4
42 32
35 12
435 14
296 15
379 9
332 16
211 21
122 10
82 4
65 28
195 11
3 6
164 25
148 3
156 31
26 5
279 24
9 1
462 24
152 16
312 3
263 19
23 28
340 4
143 16
315 25
170 14
46 29
102 30
371 17
264 5
306 26
160 6
107 1
469 10
16 29
92 14
155 2
365 10
421 8
101 4
400 18
405 30
306 22
343 13
466 22
425 27
148 12
288 10
409 29
215 28
241 30
406 7
271 18
240 3
333 8
278 25
313 22
382 6
39 16
294 17
329 2
127 20
6 11
285 26
375 15
41 31
156 30
9 10
420 20
321 8
143 18
336 19
132 21
424 18
440 10
378 9
139 13
300 24
123 25
261 29
83 6
463 19
451 31
368 18
422 8
122 12
286 25
370 1
26 21
290 17
362 20
437 9
24 21
348 22
173 17
494 19
466 12
197 24
278 1
138 27
252 3
114 1
419 3
157 8
127 19
113 21
466 17
193 5
489 28
486 17
204 11
120 1
434 8
437 31
232 2
261 16
36 30
224 30
208 17
250 22
31 30
174 8
114 6
188 19
462 5
115 13
151 6
186 4
402 6
498 21
47 26
468 10
483 20
387 22
276 12
375 6
349 21
5 23
470 24
417 27
216 11
448 10
117 21
5 30
254 14
150 32
111 22
233 29
13 15
486 12
107 28
297 3
112 29
269 10
196 1
216 15
68 11
480 28
147 4
53 24
485 10
403 23
23 31
391 7
106 4
26 8
87 2
18 15
474 3
484 17
175 27
283 14
66 22
129 4
97 1
464 9
87 18
379 9
353 17
348 30
144 1
21 19
47 14
133 32
176 24
393 19
18 15
296 23
289 9
295 29
457 22
318 19
327 4
4 23
465 11
340 8
75 24
42 13
250 26
345 21
141 29
479 3
115 7
93 15
51 19
288 23
348 17
50 15
152 5
409 8
107 25
428 25
312 9
6 21
495 18
190 19
290 16
145 24
146 14
159 4
476 18
203 8
254 4
202 21
8 26
225 22
210 12
498 2
472 19
286 22
204 31
453 17
347 29
101 4
186 15
188 10
408 2
337 1
493 6
417 12
499 17
465 17
496 14
82 16
317 7
137 4
194 13
69 20
38 29
31 19
279 30
236 10
459 12
346 3
461 30
154 16
459 14
20 10
284 17
125 28
319 30
323 28
54 19
403 19
411 6
18 25
355 1
374 2
177 11
320 29
37 18
300 23
295 11
300 26
123 25
381 18
390 20
157 31
446 28
386 21
197 23
397 3
7 15
68 3
193 8
24 1
213 11
75 23
494 23
289 16
151 5
409 4
224 14
334 30
477 19
230 9
473 30
427 32
248 15
14 5
234 1
21 14
212 28
156 1
322 20
320 32
465 17
363 16
498 4
413 6
267 30
350 31
268 24
70 7
474 32
307 27
472 16
4 11
275 12
239 28
455 27
419 23
491 29
163 8
328 19
313 22
217 26
37 12
141 18
202 23
393 29
321 17
188 25
251 22
188 6
409 2
400 11
117 10
459 31
229 6
205 29
84 1
406 16
108 6
429 30
12 18
318 13
38 5
361 28
170 8
129 10
393 32
256 1
121 26
491 25
351 16
93 26
468 10
257 28
396 10
385 11
359 18
91 28
262 27
387 15
202 24
360 11
395 11
307 32
180 10
216 2
345 13
168 8
158 4
91 5
313 27
312 7
380 6
270 1
205 25
423 2
24 6
204 6
248 23
137 19
12 29
161 24
365 16
371 30
307 2
427 32
288 18
494 8
491 8
12 23
272 23
305 15
420 4
268 12
370 25
298 25
461 18
440 29
489 15
198 20
124 28
267 11
213 24
134 4
375 26
250 30
284 18
496 11
414 32
222 15
20 20
16 12
181 23
156 6
117 1
317 20
329 11
355 9
194 16
96 1
337 6
418 24
103 10
175 12
29 24
3 32
471 2
231 16
176 18
321 29
442 13
236 14
423 14
15 24
282 2
36 6
159 22
90 30
219 32
129 7
363 3
146 2
500 16
337 28
465 5
320 18
145 7
380 7
349 22
34 18
355 22
247 30
375 20
479 9
303 3
191 10
90 20
351 9
415 27
468 3
195 27
340 15
194 19
109 22
316 18
23 31
415 29
388 17
309 22
85 3
324 7
128 29
314 22
206 28
368 9
310 14
312 18
104 5
72 16
250 12

