256
55 4
449 5
324 25
105 11
234 2
103 1
2 9
239 17
409 12
15 29
276 8
391 8
84 32
139 20
468 23
222 10
298 10
23 13
14 27
475 15
212 17
32 29
253 30
93 18
17 15
458 21
54 8
428 5
55 30
445 26
92 10
248 13
39 18
65 20
248 15
2 8
320 17
24 24
154 17
85 23
427 22
167 21
445 6
469 3
11 17
225 22
282 32
46 12
93 26
223 28
352 1
355 7
461 7
447 31
199 7
137 21
277 31
457 25
396 2
424 6
42 24
211 12
471 28
143 7
69 22
106 28
146 5
443 6
43 1
220 1
123 24
217 3
158 30
472 25
303 23
14 16
246 24
167 4
183 18
130 7
231 11
23 28
399 5
481 25
57 5
33 11
408 14
430 18
127 9
174 9
499 8
272 12
263 19
311 18
452 24
48 10
378 26
57 17
386 5
421 2
89 2
473 5
55 26
266 25
154 31
461 32
478 24
99 5
22 25
38 13
200 13
6 17
359 26
57 4
451 10
38 7
283 18
91 25
263 32
369 12
499 17
271 4
412 21
68 18
277 29
110 28
246 20
404 16
29 13
199 11
438 24
222 32
97 28
260 19
20 8
126 26
308 8
345 31
116 5
356 8
221 14
219 10
433 15
421 13
435 12
144 16
355 9
295 12
28 6
162 31
33 28
268 4
387 21
262 31
377 18
246 25
287 9
415 31
291 27
383 17
306 2
300 9
94 14
316 14
499 17
372 31
468 4
74 15
252 3
61 16
156 18
428 18
474 10
216 16
29 27
340 10
328 31
346 6
84 5
43 30
342 30
464 1
405 29
367 24
76 27
487 19
85 15
377 6
108 20
26 28
42 21
174 10
356 23
291 31
384 1
225 17
450 24
385 31
429 32
214 20
382 29
86 6
115 10
228 2
406 1
62 11
469 3
20 8
457 2
115 20
198 3
416 32
230 21
206 14
256 19
13 13
119 7
455 25
412 30
11 13
286 24
320 18
158 11
430 18
353 32
306 14
86 9
401 27
225 10
473 16
377 9
321 11
435 15
432 31
160 30
367 9
365 2
50 14
229 19
339 25
374 4
334 19
69 19
126 9
44 22
329 24
434 21
267 13
275 6
419 14
343 21
82 23
175 15
432 3
462 2
335 19
118 32
498 18
106 19
182 14
424 18
421 5
10 7
77 8
440 27
421 14
132 10
340 6
337 7
60 26
245 2
188 14
265 17
251 19
11 24
224 10
146 4
143 15
387 31
143 22
66 11
460 9
269 7
206 13
274 21
106 22
10 17
83 22
330 1
348 4
116 7
274 1
419 28
268 21
486 6
482 19
176 13
303 4
444 8
252 1
272 21
438 17
150 24
259 7
352 14
318 15
177 23
432 31
210 31
251 12
312 28
450 19
377 25
135 28
260 6
388 28
243 17
368 32
196 18
222 31
232 15
69 20
334 28
206 23
50 4
90 29
391 32
200 7
292 6
438 23
219 29
138 5
353 30
204 20
131 9
150 14
316 31
473 29
218 18
43 20
189 21
480 20
24 31
198 11
12 28
421 15
312 19
395 5
416 23
416 30
375 10
112 22
284 12
190 1
318 5
120 18
217 4
85 12
130 31
258 6
270 22
76 17
88 6
449 23
68 13
253 27
430 32
484 29
151 2
417 8
258 17
326 30
488 30
269 21
396 30
110 21
407 13
450 27
7 26
201 14
114 5
220 27
20 24
459 15
229 20
342 30
116 15
163 23
281 3
71 8
160 5
397 18
69 2
412 3
447 29
1 1
269 24
307 5
275 18
163 7
345 8
340 8
375 30
414 3
136 8
386 31
368 6
213 29
479 28
11 2
88 15
338 25
435 28
349 21
261 15
212 17
218 31
268 12
257 21
302 28
17 24
391 8
321 11
172 4
78 3
225 30
397 6
78 23
205 18
40 14
140 7
126 21
5 22
5 1
426 14
209 6
345 23
30 2
405 17
465 6
87 9
351 4
102 24
166 14
205 5
327 8
11 25
53 16
346 29
480 23
214 12
417 15
490 10
76 2
350 20
228 13
432 10
124 9
210 9
190 10
198 17
110 24
321 14
427 22
422 23
140 19
446 8
397 4
205 16
181 11
215 12
195 30
338 6
30 23
458 28
312 27
88 17
67 20
138 25
277 7
251 20
46 17
176 26
336 12
266 24
138 12
424 12
478 25
1 15
159 31
78 14
169 21
95 11
276 28
80 16
143 18
320 28
378 31
481 21
226 30
81 32
430 16
47 19
468 28
265 22
210 11
447 18
211 1
465 7
125 32
390 31
225 25
306 19
407 14
371 1
88 19
348 21
306 10
127 9
145 7
250 30
85 1
436 16
441 12
134 29
147 11
183 27
288 20
29 26
330 20
178 13
350 25
137 8
123 7
132 7
5 14
177 30
430 20
237 14
215 2
287 9
96 5
435 15
13 16
77 26
215 2
462 8
483 6
423 29
212 31
427 24
288 7
157 25
66 1
438 24
114 16
344 14
45 3
92 13
94 4
102 20
126 11
75 32
12 10
64 27
256 30
438 19
445 7
111 30
339 16
494 9
124 21
162 20
467 17
428 8
125 5
71 26
91 22
209 30
347 20
324 6
465 9
496 21
59 2
271 22
357 8
350 16
304 19
147 19
467 2
182 23
454 21
192 20
102 8
497 8
23 8
401 12
137 4
248 31
57 18
444 21
485 17
393 21
7 7
411 6
317 32
416 14
48 12
166 29
359 18
96 14
38 16
221 10
95 24
72 23
190 28
416 2
160 16
314 15
198 28
492 30
20 15
136 15
218 13
216 13
18 15
310 23
11 18
432 17
349 8
108 18
19 19
416 14
182 9
48 23
157 15
245 32
150 32
94 23
384 25
443 9
472 28
160 6
133 31
86 22
94 29
223 8
419 26
346 16
71 17
331 7
284 27
254 29
158 19
151 5
8 22
293 19
49 12
460 30
395 13
219 16
294 25
304 24
283 13
16 21
393 14
431 28
124 32
312 1
234 11
173 29
260 17
219 16
269 6
193 7
427 31
354 28
56 13
283 10
9 26
42 22
495 24
281 14
359 9
398 8
259 18
185 18
387 19
29 31
433 14
21 11
336 26
430 3
235 24
80 31
10 9
348 24
444 5
122 22
425 19
98 31
293 2
52 7
36 16
37 12
153 9
178 9
134 27
231 8
171 23
463 4
135 26
35 31
142 32
84 10
231 17
248 23
314 23
53 6
379 1
169 3
497 7
223 10
157 22
350 19
320 24
358 10
177 17
384 15
252 28
384 2
352 32
356 30
282 20
367 28
348 19
395 28
437 9
326 26
274 23
272 9
42 2
47 30
226 26
36 1
101 4
311 1
255 26
322 24
426 32
48 1
278 18
469 11
410 2
160 24
172 15
128 5
412 18
282 1
160 14
466 32
441 4
416 19
145 29
82 10
128 29
195 14
422 7
472 8
308 27
219 31
413 30
395 25
224 4
165 27
197 26
346 1
109 26
35 26
350 29
175 18
97 13
235 7
383 22
202 26
188 12
20 24
469 26
128 24
442 9
278 14
274 12
479 31
385 1
340 26
481 26
415 22
235 9
448 25
354 9
159 13
272 10
345 28
444 20
284 1
264 5
226 30
36 28
124 20
69 19
358 25
328 24
126 18
421 9
383 30
73 29
19 4
422 15
436 9
186 19
453 30
131 23
191 7
382 22
438 14
128 7
351 19
419 20
369 31
253 15
316 13
495 6
21 16
400 16
485 22
26 1
387 24
467 13
174 9
390 24
2 9
462 28
323 28
32 31
70 12
145 22
460 23
423 8
111 15
435 31
408 24
235 22
468 22
222 13
106 3
308 19
479 2
311 5
1 30
196 23
477 16
308 32
183 6
268 13
52 30
239 23
14 9
456 5
378 13
177 27
139 21
442 25
458 28
122 18
297 1
380 1
8 19
60 22
269 7
334 12
381 12
483 26
249 14
430 18
467 14
109 9
294 26
426 23
153 31
61 13
215 16
425 14
479 12
116 27
163 5
418 23
225 8
140 5
42 13
98 16
26 2
316 28
107 25
422 15
491 26
411 21
274 7
131 12
319 6
350 5
46 11
227 26
371 10
242 8
138 20
271 15
397 14
186 16
31 28
466 29
293 25
78 30
211 20
21 17
305 14
213 2
341 15
324 11
360 25
122 13
108 8
12 1
33 5
360 27
360 13
288 21
53 9
422 4
276 27
144 20
16 9
133 32
351 16
418 15
225 27
207 20
134 22
336 23
471 3
433 26
224 8
334 20
436 32
391 11
402 11
494 1
95 19
477 9
286 10
155 10
285 18
342 6
135 17
288 1
428 13
435 3
292 8
130 4
227 13
494 32
407 12
249 9
318 1
149 31
118 8
465 14
369 6
24 31
38 15
460 9
383 26
319 15
13 1
458 8
321 31
71 3
290 7
283 7
395 27
62 17
234 14
118 26
387 17
457 8
304 24
93 26
161 27
64 17
63 25
468 7
176 31
313 1
209 19
424 12
26 13
320 15
214 25
65 12
430 1
375 9
140 3
122 8
230 10
176 24
410 16
27 25
34 7
402 18
138 1
197 7
161 24
125 6
157 29
325 26
413 3
170 20
370 3
55 3
328 19
94 14
78 24
26 15
163 31
204 24
251 29
314 11
120 18
488 4
479 32
361 11
67 30
295 8
25 25
238 12
283 3
293 12
155 31
470 25
97 26
468 28
278 13
462 9
70 22
173 12
317 9
291 23
119 21
170 7
489 7
346 24
90 11
131 4
161 29
412 5
478 11
308 11
363 6
3 20
275 31
332 15
412 22
326 14
262 3
24 22
254 5
373 19
63 16
290 23
308 17
184 1
283 27
243 17
316 29
280 26
272 3
33 3
288 14
64 1
204 3
151 25
159 3
3 22
378 32
296 29
344 7
321 10
174 7
474 1
160 30
79 31
216 3
317 24
320 16
404 31
170 14
332 24
429 2
401 2
330 25
195 17
379 27
3 32
282 20
41 5
433 27
75 17
81 3
4 12
326 31
274 3
165 1
26 29
495 7
102 4
327 28
348 29
163 14
257 24
30 29
88 18
267 30
314 19
256 9
450 17
428 7
427 20
32 12
240 10
82 13
201 16
341 32
465 31
102 9
150 15
221 17
296 27
398 2
37 13
130 10
85 17
412 15
352 23
314 19
172 12
284 12
155 8
272 7
478 25
395 27
207 19
363 6
305 24
315 25
116 17
30 32
353 18
62 5
88 7
147 8
474 22
483 13
257 30
451 2
330 2
212 28
164 6
390 1
389 8
13 32
500 27
55 25
188 12
261 19
195 19
238 4
393 13
148 5
178 3
383 32
148 2
395 23
372 28
131 4
192 16
116 27
390 2
247 21
490 15
55 32
470 1
203 10
217 19
10 22
153 20
253 24
190 16
462 29
283 5
172 14
88 3
17 29
161 27
257 18
326 23
37 11
307 19
8 3
293 1
121 25
261 13
96 10
20 30
362 7
150 5
128 21
24 28
65 12
111 1
185 32
483 13
82 14
163 29
16 4
457 8
252 17
361 12
370 16
405 31
34 10
468 10
494 11
9 14
26 27
230 18
258 4
134 3
57 28
131 1
103 28
412 27
8 28
54 6
4 14
312 1
215 7
402 20
121 15
469 6
381 14
59 3
113 20
329 2
340 4
446 14
399 9
352 10
481 13
487 16
66 19
76 16
429 26
191 10
92 3
47 16
208 6
314 1
149 23
342 8
306 3
134 24
495 29
313 15
242 16
162 3
98 14
439 26
67 21
427 14
140 18
481 7
431 15
19 15
141 8
419 30
498 12
1 21
240 21
319 17
112 1
140 5
218 6
439 20
410 1
293 17
42 29
248 8
271 30
403 15
478 13
356 15
76 32
319 31
21 6
500 24
470 3
397 19
420 27
322 1
51 6
434 13
90 9
416 13
298 10
271 11
342 7
250 13
186 28
436 26
57 27
42 6
425 14
64 4
272 29
228 2
202 21
118 4
341 2
4 3
203 10
265 1
252 6
313 22
286 24
495 2
34 32
220 14
473 31
153 20
224 21
270 29
393 3
68 6
272 15
224 15
197 20
371 8
354 27
237 27
135 12
332 4
119 3
126 24
390 2
39 29
362 32
389 31
399 25
340 6
379 11
348 31
402 2
375 23
457 3
97 15
46 13
110 25
183 3
460 16
217 26
184 26
10 5
184 28
381 27
133 3
437 21
186 3
402 8
297 18
374 10
300 24
322 18
436 4
348 31
76 24
244 31
494 17
183 9
364 31
52 13
174 8
329 3
178 22
270 3
292 19
220 7
62 1
204 25
396 12
243 23
467 15
286 20
443 24
341 11
235 32
155 24
83 23
118 17
416 3
439 19
29 30
150 31
50 17
291 1
256 14
120 31
224 13
386 26
224 14
176 26
321 26
217 20
164 10
368 28
220 22
138 1
463 7
395 16
344 21
308 19
422 7
25 29
183 3
367 23
340 26
216 29
224 1
268 3
266 19
170 22
440 12
290 26
298 20
117 9
220 24
444 10
203 12
342 17
230 28
143 30
102 23
82 9
291 9
63 32
483 9
245 2
96 10
379 5
69 3
238 5
270 9
486 24
500 19
209 2
387 15
151 4
209 24
164 27
432 22
259 26
162 15
391 17
241 21
2 21
115 3
153 16
123 6
208 30
317 16
55 7
470 29
190 3
140 21
381 19
430 23
188 8
346 6
52 30
198 13
98 16
495 11
48 25
240 7
443 8
226 21
258 19
406 23
225 5
3 18
320 21
448 3
228 13
437 19
230 2
36 28
298 14
430 17
351 21
155 29
225 12
345 10
426 2
485 19
499 11
460 30
271 11
324 26
200 8
481 1
246 12
460 27
249 1
91 31
410 1
447 18
476 12
319 9
393 27
403 19
142 30
208 4
269 16
466 32
495 10
100 32
165 28
134 13
300 4
216 17
468 6
194 15
453 29
196 30
19 18
88 28
312 32
276 24
179 29
251 5
390 22
265 26
113 30
466 13
122 17
325 5
195 31
236 7
235 11
344 17
380 20
469 11
79 12
122 1
188 24
281 13
278 9
130 30
295 11
6 8
480 7
60 18
201 31
172 31
77 28
243 5
447 27
499 1
306 17
133 13
196 5
421 21
162 30
215 20
349 28
427 4
50 6
205 6
133 12
388 13
391 19
369 21
193 32
213 19
340 21
47 23
462 24
360 7
221 30
134 29
145 20
100 27
397 20
148 29
180 4
442 6
370 26
111 2
381 15
116 8
372 19
107 29
482 10
11 30
391 28
271 31
203 26
433 7
26 25
480 13
468 13
330 17
434 12
454 31
467 6
386 30
232 4
374 1
161 28
414 19
379 24
290 5
110 10
31 31
154 14
43 29
134 28
161 32
164 31
234 2
184 3
319 27
463 24
479 19
427 24
378 9
132 23
237 1
240 23
227 2
333 9
366 30
492 11
385 11
493 26
136 12
237 10
294 3
497 32
173 19
219 26
431 6
68 7
90 16
138 4
53 2
288 14
287 16
296 28
138 32
493 6
167 17
431 16
131 16
435 8
54 6
57 29
355 17
3 17
284 32
464 16
461 32
105 32
383 21
123 8
392 15
497 31
48 28
370 18
207 29
37 12
310 26
96 12
70 11
312 9
90 16
40 11
379 20
150 29
248 4
484 28
442 17
50 17
260 7
371 22
75 27
77 4
352 9
400 29
123 11
125 28
190 28
114 8
364 15
32 23
238 8
102 4
348 11
372 3
422 22
424 20
353 24
232 4
376 7
477 18
45 5
62 11
321 19
154 16
290 22
146 19
53 24
410 20
102 10
210 19
375 13
223 15
336 30
283 4
288 19
61 20
63 2
270 23
149 16
418 22
313 12
316 1
367 30
468 4
359 9
195 5
13 29
312 24
222 6
411 29
204 16
44 14
445 14
1 5
441 10
382 1
185 2
321 23
127 20
371 5
316 17
69 16
185 28
27 6
325 2
118 24
113 17
146 1
178 10
354 26
267 31
222 8
136 26
2 30
181 24
450 8
140 11
27 20
250 30
433 7
195 26
306 15
63 3
215 8
300 20
210 31
155 27
370 18
325 3
256 1
447 17
205 2
75 31
466 1
488 14
455 26
448 4
340 18
415 23
453 18
474 26
484 28
445 21
122 9
76 29
477 18
433 17
163 8
116 8
36 11
378 14
489 29
101 12
38 23
234 6
433 12
356 24
187 20
121 20
272 4
36 4
273 29
133 7
180 4
415 11
202 4
56 18
320 8
370 13
375 31
50 7
14 17
74 17
56 10
360 31
241 20
427 1
68 23
300 19
10 22
313 7
209 20
105 24
227 22
236 25
428 21
259 30
394 29
494 9
26 17
128 19
304 10
131 19
316 26
469 25
347 1
239 7
352 23
82 15
168 1
383 32
158 6
241 27
178 10
351 7
290 10
173 30
235 12
316 18
437 21
78 20
269 9
338 9
159 24
403 11
292 29
126 13
482 6
499 3
451 10
66 8
179 2
185 6
393 21
167 18
137 1
465 29
265 30
377 7
425 27
453 13
120 26
17 25
443 32
112 13
69 5
485 27
266 25
364 19
21 23
192 21
479 8
414 31
309 22
17 26
273 22
450 8
47 30
344 14
185 27
234 5
335 14
352 5
239 31
111 19
97 26
416 11
457 25
317 5
470 14
350 30
155 3
485 17
469 5
394 29
339 24
406 30
49 1
126 11
471 24
46 20
389 5
494 17
493 7
313 10
348 19
56 22
165 12
258 21
424 4
138 15
483 19
436 31
151 13
170 17
500 7
392 20
379 2
436 7
252 24
332 27
114 23
156 31
483 21
263 18
268 4
168 18
146 11
133 8
367 26
121 26
368 28
253 10
453 16
468 4
140 31
154 17
390 13
235 24
74 2
277 25
101 9
443 27
251 27
394 10
80 26
483 19
230 16
396 18
127 11
238 6
13 19
223 30
52 5
477 1
158 30
465 11
402 3
5 24
333 6
121 16
116 4
62 21
191 29
230 17
171 27
287 16
210 13
289 13
169 2
385 23
223 5
437 4
460 5
127 4
42 28
408 9
203 21
353 17
278 3
413 24
401 23
483 10
263 20
222 20
389 2
110 19
159 10
86 14
190 16
261 23
163 4
388 9
341 28
461 10
26 26
65 27
276 8
388 19
171 26
322 15
419 15
373 1
180 22
398 5

