256
427 25
411 5
67 16
189 18
403 2
271 8
365 17
474 23
134 15
120 28
339 26
206 10
440 26
89 10
368 8
40 30
333 18
131 19
350 19
113 8
260 19
327 16
295 28
174 29
235 29
364 1
275 30
359 22
471 27
171 6
127 27
187 3
364 5
61 13
487 25
20 10
408 3
221 14
146 31
186 8
391 2
157 17
119 19
230 21
313 5
130 15
315 28
249 10
337 6
447 23
334 10
421 9
164 25
147 10
239 32
245 18
233 25
146 31
267 8
143 24
480 12
370 10
292 23
175 8
280 9
302 25
291 30
206 30
215 24
467 13
387 24
434 24
464 32
322 27
307 9
14 18
88 23
431 27
205 13
6 8
282 32
301 8
381 2
229 19
61 12
252 15
111 29
66 18
116 28
8 2
352 29
59 23
108 13
170 32
298 19
148 15
186 8
2 15
305 26
365 1
481 32
163 7
153 21
369 24
468 4
42 19
101 12
109 20
441 26
371 18
9 26
168 30
317 21
112 9
102 13
189 19
444 24
25 8
80 17
216 27
121 25
217 21
208 21
428 28
159 26
237 27
168 12
360 20
424 4
309 14
300 5
460 27
348 24
191 7
229 2
177 29
14 13
421 29
422 24
221 16
349 5
246 4
213 1
204 16
280 20
13 19
360 28
174 20
160 16
190 28
121 27
440 10
111 8
58 8
59 30
463 15
87 32
275 19
17 10
434 4
193 31
79 20
474 4
463 13
319 1
224 3
371 31
276 1
22 17
365 4
463 31
191 17
239 5
347 31
294 4
254 10
282 24
241 28
287 4
92 13
208 16
247 30
330 26
410 20
59 6
135 25
305 9
69 3
141 11
149 26
250 2
123 16
438 32
491 20
419 18
33 6
397 15
407 15
5 32
282 19
146 24
435 10
93 19
344 13
121 12
19 10
245 9
105 6
356 3
110 10
177 26
455 21
124 17
3 16
381 4
42 22
200 12
327 28
330 10
376 26
13 14
24 1
239 28
143 30
223 32
72 19
97 22
175 32
91 10
52 23
313 17
200 8
421 10
155 26
399 11
404 7
276 23
371 14
406 13
460 16
468 19
230 4
260 9
136 14
286 19
24 30
131 15
110 31
452 8
5 10
146 12
112 10
38 23
139 19
199 2
275 15
480 4
82 28
112 21
293 29
107 13
495 10
391 32
492 19
71 32
44 25
255 12
194 12
490 24
87 4
430 1
206 13
216 4
204 16
356 17
76 31
165 6
52 23
377 15
397 12
391 5
220 25
448 5
289 17
244 3
328 21
439 6
138 6
321 9
185 32
189 1
490 21
34 5
408 11
436 20
62 2
448 25
322 7
45 30
35 24
188 11
17 2
396 14
484 24
346 28
95 15
280 21
239 2
329 14
76 12
6 1
441 25
269 7
200 21
76 22
304 4
448 24
241 15
473 12
262 27
244 29
57 3
497 11
188 9
145 15
441 26
103 1
454 7
495 17
35 11
91 7
38 6
10 18
85 3
354 26
357 5
258 5
323 6
59 11
431 7
125 3
56 8
103 18
450 10
218 9
372 8
27 1
198 12
38 2
74 15
183 10
43 17
342 26
194 29
228 4
159 28
346 3
283 9
428 17
250 21
421 5
305 7
233 10
186 22
487 32
365 5
41 23
109 23
124 11
487 19
130 21
55 20
211 17
276 10
421 13
135 25
349 27
491 21
292 17
202 14
140 14
298 24
325 7
266 20
413 32
151 30
249 21
369 11
393 12
301 6
372 19
210 8
225 29
152 16
433 6
497 28
271 14
455 23
404 1
247 4
324 17
210 20
101 18
383 9
426 19
362 21
321 12
369 17
124 24
412 20
225 28
479 16
53 1
294 29
153 16
124 1
288 1
400 4
115 18
85 16
168 26
188 8
369 32
384 12
76 23
47 20
406 13
351 27
310 9
267 14
388 22
142 24
427 2
415 9
27 7
432 23
297 27
386 5
175 22
9 18
416 15
105 30
284 8
132 9
452 14
258 7
139 4
14 25
293 25
457 23
131 24
217 31
211 11
444 13
224 20
338 11
210 2
312 29
249 31
437 24
44 27
391 15
446 28
451 2
36 8
112 19
499 5
445 17
431 20
445 14
43 26
496 9
428 32
97 4
454 10
80 10
80 26
32 1
77 30
318 9
93 25
131 4
257 11
152 11
167 17
44 5
434 16
313 5
199 18
389 12
295 4
353 30
289 12
250 17
70 31
181 14
495 19
105 20
90 5
494 28
409 22
316 30
429 13
55 19
390 11
482 24
114 19
409 10
422 18
470 7
76 19
153 6
313 5
25 2
69 23
9 29
408 29
171 16
305 29
166 6
371 31
81 20
185 17
89 15
146 22
97 17
60 9
142 13
62 15
126 22
389 11
107 16
311 13
335 15
353 32
12 15
350 16
58 15
432 30
493 1
55 17
149 27
394 6
191 7
12 20
84 24
302 14
47 4
318 5
430 2
232 5
244 2
236 17
320 19
150 12
447 1
104 3
23 21
89 1
303 28
380 23
352 18
428 26
497 30
131 7
267 2
71 15
147 31
15 18
177 13
129 4
221 25
70 7
433 14
307 8
462 26
474 29
367 1
414 32
498 20
142 29
110 16
479 24
74 9
222 31
361 6
226 1
434 7
175 11
157 13
454 30
167 15
134 17
327 15
100 13
147 21
293 24
157 19
11 18
467 24
332 16
286 17
260 27
56 23
289 12
119 22
33 9
168 2
22 19
268 9
23 18
66 7
169 2
437 24
303 19
467 3
82 12
43 18
323 10
480 11
13 10
205 29
235 4
414 12
422 14
80 20
95 17
462 8
218 18
147 5
5 13
7 6
217 25
279 31
351 30
353 23
208 9
260 26
485 17
401 2
354 24
54 29
477 15
416 26
117 2
66 5
378 4
58 6
325 1
336 31
298 13
389 5
301 8
298 1
173 2
395 22
30 24
178 2
166 21
199 6
358 25
254 4
188 20
33 24
352 13
38 17
261 11
358 13
278 19
50 10
205 16
180 14
243 17
91 12
154 9
42 27
257 27
450 29
458 7
308 1
203 10
14 11
328 7
227 5
377 4
259 13
71 14
18 25
498 8
73 3
249 22
366 17
260 27
301 30
149 1
82 19
10 15
17 29
465 20
145 14
371 15
274 10
44 20
106 26
251 6
396 11
495 25
208 11
280 8
176 20
320 5
483 17
204 3
17 8
446 14
361 13
416 15
462 24
278 23
205 28
449 12
379 23
65 2
401 24
445 8
123 17
185 17
445 32
160 14
407 9
327 28
125 22
254 10
53 11
5 29
410 29
209 12
99 13
77 20
468 22
427 14
138 7
399 6
350 18
99 13
14 13
376 15
19 17
76 15
11 24
32 32
236 20
264 7
364 24
186 3
213 20
124 18
223 14
488 32
283 10
180 25
11 19
139 25
35 30
303 29
146 18
21 9
425 8
67 4
475 8
322 12
364 22
241 22
171 20
9 2
166 1
454 20
95 32
408 22
305 18
378 18
396 14
183 8
181 9
312 20
1 17
195 12
282 27
301 9
367 21
258 12
349 3
411 8
302 10
425 30
379 14
260 30
200 10
298 16
394 17
239 2
445 1
461 7
72 13
383 10
274 24
173 22
202 19
269 27
400 25
164 22
199 7
404 2
68 25
481 2
161 20
207 9
356 16
35 15
132 29
68 29
408 12
231 13
322 15
315 25
396 31
203 14
253 2
195 21
10 31
282 2
246 24
478 6
359 25
380 3
133 12
99 9
39 17
353 21
32 28
285 7
498 27
224 30
296 2
70 21
444 7
326 18
395 32
495 5
20 10
447 12
25 6
44 12
78 9
276 21
416 12
239 29
399 14
162 2
83 12
351 15
138 12
272 16
183 22
489 2
343 27
206 20
184 1
135 22
497 30
74 12
173 5
176 15
330 2
117 1
273 7
143 30
346 14
146 29
31 2
82 1
272 11
444 28
388 18
421 20
339 26
500 24
158 7
286 16
364 22
252 20
72 30
398 14
159 31
298 13
380 7
265 27
18 1
310 29
138 6
344 1
76 15
192 29
18 29
72 29
83 27
369 14
68 2
423 2
12 4
118 31
303 27
245 28
443 15
280 12
136 7
260 19
318 3
296 11
132 27
419 18
42 23
219 13
256 26
391 23
65 28
361 7
242 14
390 16
364 25
468 15
292 7
414 21
234 17
147 9
427 5
430 32
352 24
133 19
493 27
226 14
30 30
276 12
395 22
159 6
186 22
313 13
57 22
289 6
286 31
6 16
500 7
384 31
286 28
309 15
390 26
188 11
176 15
394 2
332 17
32 18
382 28
346 2
69 31
431 22
421 20
269 32
426 20
474 24
371 15
342 4
20 1
383 31
343 4
117 19
32 8
44 26
343 1
407 19
227 2
320 28
329 12
419 15
444 25
318 14
379 11
426 14
39 32
297 25
435 13
407 23
264 14
84 22
191 10
220 13
31 15
416 32
478 3
466 25
79 19
87 1
441 24
58 7
23 26
63 25
118 10
127 25
271 30
190 5
404 21
230 18
299 25
145 29
331 30
401 21
244 27
69 12
350 3
366 8
480 17
181 2
250 15
182 16
221 8
333 20
132 6
261 31
410 22
411 25
367 15
205 3
150 2
498 27
252 32
223 31
144 3
32 9
413 26
264 29
437 12
460 28
213 21
350 15
478 20
67 28
275 19
158 12
396 12
274 23
223 8
434 26
102 21
462 27
30 25
351 14
25 7
386 21
383 3
63 4
199 9
407 25
252 29
396 15
424 9
350 18
369 27
215 26
99 12
40 29
252 11
298 8
53 19
365 11
122 31
146 12
260 12
292 3
320 7
361 15
59 22
92 31
344 10
453 31
333 12
275 25
234 4
64 6
459 28
72 12
59 29
399 2
325 26
180 16
432 20
91 14
454 30
121 25
44 5
443 28
416 17
312 6
345 20
287 11
155 27
234 9
279 12
382 31
25 13
99 4
101 13
297 10
426 29
54 17
193 25
197 17
417 32
110 29
87 32
415 2
106 28
158 17
131 20
487 11
100 29
314 32
477 31
457 19
231 11
223 28
211 15
384 11
279 1
92 1
240 14
310 26
6 12
82 16
7 24
495 30
357 8
158 29
270 6
439 1
328 18
276 18
80 7
369 14
355 4
427 6
317 16
291 26
55 8
310 25
292 4
19 20
463 20
184 17
493 31
85 9
136 12
210 15
222 22
129 24
389 11
169 10
142 28
231 21
183 12
109 2
47 3
325 26
154 5
94 15
335 26
171 18
241 16
388 22
162 28
389 30
422 9
459 32
368 10
112 7
433 32
228 4
199 29
341 24
117 6
350 3
315 28
272 3
104 19
368 17
175 4
166 20
164 21
11 16
166 6
286 18
342 29
429 8
121 17
243 25
54 5
187 20
316 14
126 11
469 13
183 15
100 9
90 28
177 21
351 26
222 32
291 31
352 32
306 21
340 5
61 6
345 8
465 8
409 15
431 21
435 13
371 11
165 5
2 17
413 16
34 18
191 21
253 10
100 22
218 3
458 11
184 2
82 1
166 6
239 28
219 9
412 29
411 29
253 24
269 25
115 23
3 21
183 27
51 30
312 28
220 10
250 8
127 23
256 20
173 22
239 23
370 23
183 17
431 20
44 31
452 15
205 22
167 31
208 1
168 32
337 28
345 2
347 19
269 10
115 21
299 21
183 28
207 29
448 29
300 20
188 28
354 16
57 4
131 1
89 10
488 1
241 8
362 7
154 26
40 32
70 14
473 24
358 31
469 21
316 4
352 23
223 9
246 16
77 20
248 17
378 15
89 2
270 18
57 15
432 24
43 25
490 3
105 15
45 5
355 28
192 11
66 7
263 24
398 31
391 5
3 8
231 31
238 8
393 18
274 28
445 4
176 14
182 4
132 7
204 31
438 16
45 20
162 27
19 11
146 21
55 8
29 1
443 6
488 23
263 29
10 31
281 5
493 6
169 8
188 16
462 14
119 14
333 20
17 11
42 2
259 12
13 27
84 15
256 19
141 22
36 22
429 16
39 1
277 3
248 1
282 14
146 17
271 14
236 3
180 2
300 22
77 13
429 25
267 16
83 32
406 26
409 26
285 15
310 30
357 1
82 3
470 11
391 9
56 22
379 15
255 15
24 4
343 20
196 21
340 6
368 9
100 9
282 8
427 27
149 8
499 2
126 9
308 28
413 3
345 27
449 8
321 21
135 3
128 6
476 11
459 11
63 10
323 20
146 10
138 22
237 9
376 26
309 3
81 1
398 5
363 22
376 4
170 22
50 18
43 29
468 6
220 15
263 26
78 32
495 16
54 19
56 13
444 8
463 32
436 20
301 2
58 16
37 19
242 11
228 32
315 32
137 14
430 20
280 15
159 10
426 8
357 21
140 8
196 3
28 3
314 12
133 31
207 9
450 32
459 21
84 26
76 4
11 1
119 14
364 10
64 13
341 20
122 5
423 29
287 2
300 28
481 4
323 8
304 12
339 31
152 6
240 20
494 30
84 32
392 3
93 3
440 26
78 17
118 16
377 4
154 12
355 30
311 25
25 27
152 12
81 4
489 16
235 26
273 10
446 24
469 2
470 28
323 15
320 24
399 24
195 16
76 26
389 18
430 18
204 22
481 4
89 13
159 15
303 32
196 32
95 4
285 17
275 28
111 10
399 29
494 14
264 5
495 25
158 24
270 2
209 6
349 5
422 24
323 24
439 11
323 13
34 24
449 13
419 28
254 5
124 23
262 4
19 24
392 17
32 5
390 28
114 22
389 27
97 19
463 3
433 9
272 11
96 12
479 18
335 12
183 31
183 8
198 29
200 29
229 15
453 30
322 10
208 10
304 32
125 22
191 25
255 18
375 30
385 25
364 4
437 6
30 7
489 3
171 12
167 16
122 31
369 4
388 32
5 11
232 9
161 2
38 31
87 4
116 15
117 11
394 1
376 19
375 29
1 9
404 19
148 2
489 5
321 24
296 17
271 3
306 3
152 27
49 22
458 28
265 26
143 22
330 22
433 32
234 29
305 26
304 32
367 32
172 31
20 8
363 26
346 8
424 14
362 28
439 32
135 7
245 29
213 19
499 5
482 4
281 26
73 16
90 23
228 29
125 7
80 4
36 14
7 27
127 13
282 29
392 12
472 4
397 32
414 27
384 8
478 4
181 27
100 26
489 3
383 6
425 26
157 8
91 19
122 1
235 23
338 10
170 1
466 10
196 3
460 3
274 2
94 11
340 25
428 12
223 26
497 3
124 25
310 26
168 11
135 10
185 24
232 3
132 1
420 23
279 16
109 13
21 30
211 12
451 26
391 17
300 8
24 7
392 29
340 11
116 26
17 8
297 8
6 8
148 22
310 10
361 22
182 21
472 12
444 10
382 22
298 25
277 13
307 29
6 30
431 17
472 27
476 8
46 2
400 9
111 13
471 27
479 8
55 22
396 14
75 25
35 24
161 32
45 15
184 14
464 2
226 3
413 21
55 30
182 26
355 12
14 25
466 8
180 20
293 19
369 27
55 4
239 27
419 23
33 30
36 21
67 1
283 27
461 1
141 11
142 31
490 32
171 28
147 22
327 4
277 16
158 19
155 16
250 21
382 22
378 9
482 16
29 1
127 30
101 3
188 27
113 29
250 23
484 32
336 7
39 20
210 1
499 8
444 20
288 22
381 13
242 19
312 7
479 6
464 19
408 11
25 8
179 6
358 31
374 10
177 8
9 26
108 3
101 24
106 28
377 31
404 10
53 3
92 3
357 19
461 16
57 2
488 4
111 21
102 12
390 6
248 27
15 27
257 31
258 19
354 30
53 1
456 1
27 23
487 11
306 23
499 6
284 18
301 31
182 10
82 4
383 29
174 13
36 26
215 9
496 4
279 28
28 14
356 7
484 30
289 13
141 11
3 12
476 27
22 2
409 20
433 19
284 2
392 7
239 10
464 7
26 22
486 17
179 30
311 6
35 8
451 15
90 5
451 14
107 4
427 3
427 19
158 7
316 21
381 14
6 28
492 11
141 22
288 19
171 18
333 13
49 11
232 11
439 22
204 13
5 6
412 16
340 5
142 11
469 2
412 22
422 12
357 14
233 28
381 19
93 25
459 6
199 26
280 17
223 7
33 8
316 12
159 3
216 12
13 8
377 4
362 10
327 30
360 15
213 24
313 5
156 32
298 18
313 25
194 8
263 30
115 10
374 5
84 25
276 24
125 28
372 30
450 10
55 29
109 19
252 25
275 3
44 1
464 17
353 21
244 24
234 6
45 27
334 13
48 25
428 20
112 31
9 25
497 11
221 1
385 8
377 19
230 17
435 29
129 12
201 24
107 3
285 3
245 6
483 16
226 19
315 17
209 19
102 25
441 30
161 25
498 18
336 15
162 30
272 2
113 28
365 11
110 21
222 27
118 28
146 23
114 13
383 31
487 16
379 28
158 16
104 19
281 31
233 2
265 12
83 5
180 27
96 5
299 29
495 8
20 9
462 6
305 4
456 19
180 26
422 1
225 2
343 9
168 19
298 28
283 12
309 6
30 16
102 20
72 9
447 3
89 24
76 5
104 11
35 15
69 5
471 13
334 1
150 5
239 31
433 17
31 1
334 16
348 32
444 27
384 30
361 24
150 5
216 17
319 18
35 19
410 13
32 27
21 21
448 31
183 32
484 29
324 5
477 15
456 16
89 11
161 5
14 2
237 29
414 24
35 16
146 4
156 9
391 8
413 30
139 16
69 22
308 28
142 24
414 30
407 18
140 20
154 10
81 31
86 7
150 20
146 31
416 18
176 22
181 4
495 31
183 15
292 31
158 14
330 19
383 29
276 18
156 25
379 4
23 1
434 12
288 32
23 11
85 18
212 9
137 18
288 8
120 27
366 9
216 27
51 18
283 30
324 6
459 30
378 13
222 19
209 18
94 3
416 2
280 28
147 8
185 18
439 13
364 20
285 20
203 16
381 5
365 8
127 3
110 20
8 3
18 8
192 24
298 16
141 29
87 3
196 23
72 19
427 32
142 24
219 20
399 23
181 19
7 3
290 4
14 5
298 27
216 26
494 21
449 11
441 19
125 20
157 1
474 12
336 12
147 18
311 9
356 23
11 6
1 16
329 14
300 15
249 31
320 26
27 16
80 3
154 17
307 10
253 28
245 16
247 23
493 6
139 8
104 26
62 21
153 22
322 29

