256
476 3
328 3
62 13
483 23
311 23
193 23
82 27
303 32
360 8
354 31
409 14
423 6
151 19
312 23
2 9
396 5
439 32
391 24
60 26
3 30
216 23
301 14
49 11
353 4
435 22
119 7
72 9
200 22
239 11
180 16
311 24
272 29
3 27
101 2
240 3
283 3
1 19
104 10
38 28
309 16
366 15
314 21
171 1
362 18
80 22
353 30
321 21
491 3
287 15
384 2
397 2
332 9
101 20
298 18
391 31
461 32
385 22
396 4
490 30
317 1
151 21
459 31
145 25
145 23
243 4
308 23
397 28
239 25
427 17
338 29
347 10
277 27
423 16
490 21
429 18
333 31
179 19
401 15
443 29
106 17
424 29
175 5
404 6
21 6
154 7
499 4
8 31
82 15
446 28
195 27
81 23
305 19
374 22
82 20
102 7
353 18
451 11
402 27
144 18
388 5
132 2
148 8
12 6
422 14
5 24
36 13
346 32
196 23
249 1
387 7
315 15
432 9
321 13
323 9
254 3
465 22
448 21
377 4
46 18
121 26
265 24
338 22
199 5
33 12
161 23
354 11
361 9
444 29
117 22
497 18
328 18
459 28
278 3
87 31
484 15
76 28
214 29
414 28
298 30
63 6
216 24
137 24
52 4
460 20
197 25
242 17
122 12
300 15
239 10
73 2
444 4
26 29
412 15
272 1
236 31
19 31
454 23
230 22
86 9
25 18
349 14
306 10
170 13
220 8
194 4
185 13
143 6
145 7
500 1
115 31
307 13
37 20
139 18
117 28
307 18
358 27
463 15
329 24
120 28
243 17
44 8
302 6
489 6
92 1
418 19
223 4
43 28
336 2
229 32
109 7
297 10
394 16
129 6
95 20
121 6
264 32
117 1
202 25
67 17
445 12
203 24
60 2
131 7
279 31
198 31
450 23
205 7
458 1
416 12
284 12
241 23
404 29
168 17
314 30
249 14
421 4
129 24
197 23
226 7
322 4
65 27
122 13
317 31
453 12
130 32
471 27
487 2
79 14
330 12
91 19
354 19
30 30
343 26
445 8
404 10
343 4
240 4
89 4
42 29
139 12
481 5
246 19
335 28
324 24
68 10
242 1
276 31
254 6
200 18
38 23
315 24
275 30
196 11
461 29
255 15
112 3
208 13
53 26
181 20
57 16
493 27
372 25
421 13
238 17
175 11
427 25
359 1
247 30
415 23
142 18
158 2
256 25
110 9
110 22
388 2
389 25
464 20
1 21
237 14
357 31
217 11
103 27
336 13
480 22
260 17
271 9
374 27
133 32
39 18
125 30
259 26
306 15
477 6
459 13
248 7
327 12
301 2
242 28
482 29
90 17
341 24
157 31
90 25
50 20
234 18
54 29
39 7
67 24
221 13
80 32
395 15
135 3
188 16
35 29
96 16
262 24
335 6
2 25
263 19
404 8
77 29
340 15
20 14
482 16
134 10
59 12
320 25
427 7
420 13
379 19
436 16
302 2
262 32
46 20
58 6
223 22
258 31
101 5
320 10
220 6
143 2
185 10
322 31
172 1
423 19
107 6
42 29
480 23
268 1
30 13
326 5
311 8
167 7
416 14
492 32
143 3
265 4
300 27
142 28
31 13
374 14
274 15
250 25
422 5
130 15
193 31
55 19
94 21
265 18
411 9
497 21
95 17
84 22
51 26
69 6
142 30
71 23
209 28
20 18
188 9
432 16
159 19
383 13
411 27
114 9
107 14
78 13
370 21
299 9
90 19
354 19
161 32
498 29
95 25
350 26
17 13
13 7
471 11
279 6
246 16
54 8
1 11
405 27
144 23
495 13
421 16
316 25
123 9
301 9
329 2
350 1
135 10
223 13
313 26
338 26
245 32
261 6
374 21
320 9
367 2
102 20
13 21
220 31
81 1
203 29
22 8
309 16
117 3
465 5
236 14
338 5
397 31
430 23
263 9
343 30
266 20
121 26
64 28
264 4
212 30
256 30
221 28
93 21
447 9
470 26
63 23
14 3
257 7
285 8
395 24
353 24
423 21
289 19
16 8
482 12
221 22
17 9
153 21
482 15
370 23
133 20
109 6
94 2
293 15
237 27
6 13
51 16
265 3
266 16
95 24
211 15
189 3
460 29
188 21
440 21
391 20
340 23
421 29
216 5
163 32
252 16
392 18
448 12
344 1
140 30
16 22
457 4
281 4
45 16
356 12
228 2
259 11
448 23
203 16
392 18
115 27
33 27
148 32
218 31
397 1
133 24
411 9
468 15
356 28
214 3
347 1
12 5
359 27
135 17
474 22
278 25
224 3
151 27
494 24
66 2
77 22
6 15
490 21
233 9
336 26
111 22
386 14
138 4
432 20
8 18
2 22
198 25
448 28
448 25
215 13
35 11
414 20
481 31
12 21
99 23
158 17
380 7
182 5
342 5
492 30
370 1
339 31
422 10
266 13
430 13
233 28
123 26
355 16
400 22
168 30
416 18
58 23
72 11
15 2
55 19
115 5
203 17
195 12
442 29
196 27
293 16
187 31
425 5
370 32
259 18
173 6
215 10
321 26
172 23
51 3
45 25
355 28
469 9
75 2
9 31
133 13
50 19
420 23
211 25
2 17
30 19
495 12
108 19
382 16
353 32
210 18
449 24
497 1
112 19
31 5
193 31
125 31
333 28
69 7
185 10
364 30
448 14
162 24
376 15
39 8
178 24
477 6
311 5
247 14
248 9
246 8
291 3
386 23
118 26
17 18
228 20
220 31
441 25
230 32
275 28
396 20
367 32
282 1
49 32
303 28
8 32
439 14
122 9
272 32
482 32
393 5
372 32
384 20
344 25
332 30
233 27
274 7
450 11
480 30
286 22
497 17
33 28
442 23
464 1
98 5
204 6
154 19
306 13
91 29
1 26
119 25
500 12
388 13
150 7
151 31
500 3
227 16
138 12
242 1
232 27
398 11
33 15
66 6
439 4
338 31
429 28
228 16
51 23
80 28
481 6
134 24
433 8
67 6
379 13
23 30
351 12
249 7
470 6
72 20
321 14
50 5
69 9
380 16
391 15
171 27
393 5
406 29
368 25
246 31
485 8
60 11
187 4
70 12
473 29
267 17
254 17
97 19
445 8
146 24
139 12
262 11
176 4
59 28
344 8
142 32
424 21
14 2
213 27
322 1
280 12
182 1
108 6
59 21
106 20
92 4
224 29
126 15
224 20
294 27
487 3
246 10
340 4
224 16
398 25
88 21
484 1
210 32
47 8
348 20
324 31
247 27
495 4
149 27
55 19
137 17
229 15
7 12
346 6
471 15
126 11
420 1
327 25
404 17
100 19
228 27
393 26
173 12
197 30
310 19
116 26
348 4
32 30
116 25
83 10
324 32
144 11
20 31
75 32
47 2
26 19
301 3
452 17
10 9
498 19
103 29
468 30
161 20
155 16
80 29
361 19
148 13
349 28
327 31
443 25
301 12
351 29
90 23
277 27
451 27
121 25
91 25
207 23
292 17
378 23
450 31
126 9
95 6
116 21
101 30
145 5
378 24
353 23
150 13
270 12
459 30
356 30
330 26
152 1
423 26
344 24
120 1
468 2
146 4
486 10
493 2
498 10
329 14
41 6
35 18
429 1
51 21
394 5
198 18
353 24
427 28
343 2
220 15
259 2
98 24
315 18
77 25
312 18
366 28
235 32
161 8
97 27
300 30
443 9
387 4
469 25
195 15
358 27
473 28
484 14
63 6
160 12
462 27
249 4
174 19
283 2
146 3
248 21
369 27
294 15
42 30
420 28
424 1
354 9
97 17
318 15
487 21
2 20
151 22
331 4
233 26
361 2
492 1
27 28
3 20
319 24
285 18
131 28
366 9
456 14
173 26
325 15
102 22
311 29
76 25
428 20
106 5
241 14
249 11
161 31
290 19
498 14
68 8
134 22
464 13
247 9
214 31
147 20
249 25
420 32
450 15
335 3
487 7
4 23
194 25
189 15
495 10
409 15
166 6
200 1
334 6
469 24
369 32
215 25
276 26
144 9
184 10
484 27
256 27
109 1
3 6
284 30
187 12
116 32
289 15
185 2
112 9
21 24
472 3
300 32
72 7
324 4
124 19
130 32
146 14
180 32
387 15
201 2
358 8
277 10
482 1
120 10
318 4
425 17
79 17
36 2
19 24
109 7
370 2
374 23
328 5
219 2
368 19
139 13
87 4
75 16
80 2
13 13
37 26
186 11
14 13
469 32
136 17
378 14
167 11
224 2
156 26
59 3
213 6
451 7
317 5
70 12
422 15
497 11
224 22
277 17
106 1
120 6
174 22
99 4
248 22
37 15
116 7
129 28
348 32
182 20
308 23
264 10
37 24
392 12
145 8
348 14
265 12
343 26
317 5
333 32
467 1
171 10
19 31
465 19
230 6
382 2
248 5
471 1
108 30
396 8
233 8
354 13
63 8
490 19
341 2
146 7
394 32
92 9
467 20
131 28
53 32
437 20
361 7
288 32
324 32
220 9
131 29
257 25
120 27
275 16
272 28
470 30
88 5
430 26
468 32
101 16
275 18
172 3
148 23
103 28
494 10
232 28
246 24
20 9
438 30
29 14
214 14
79 21
411 16
206 10
271 2
250 13
47 29
180 11
83 18
370 9
103 9
404 32
292 24
416 18
217 32
143 14
442 9
434 32
80 15
433 6
149 2
394 3
306 1
241 17
354 18
317 12
62 28
7 26
495 19
287 8
366 9
345 31
1 23
362 8
121 7
429 21
180 30
464 6
247 4
226 16
18 14
112 15
465 6
136 28
392 18
375 10
202 23
120 10
201 6
133 18
480 29
90 19
87 29
496 25
461 13
136 22
466 3
408 3
217 12
94 32
169 32
69 23
390 17
276 3
22 17
264 1
173 25
11 7
258 11
295 22
79 7
47 17
381 14
179 17
201 16
409 22
443 25
444 4
369 11
422 30
331 25
242 8
390 17
466 7
111 13
216 17
247 6
289 27
419 19
428 12
442 28
45 16
16 12
216 29
410 25
126 17
26 24
448 3
324 5
413 2
377 4
326 3
93 19
102 27
81 9
186 7
68 6
258 23
421 9
319 7
314 13
275 19
16 14
105 11
486 29
272 3
348 29
485 8
211 2
6 20
466 8
370 13
125 15
468 30
452 22
228 25
82 26
455 5
427 31
287 24
279 26
274 26
359 31
417 5
48 2
416 10
317 17
398 22
412 25
487 23
3 22
331 16
419 25
385 21
47 3
108 17
285 6
450 19
344 10
415 3
343 15
256 20
467 2
101 30
222 27
444 8
4 2
12 30
262 12
470 16
270 29
484 10
162 9
48 5
354 19
100 29
145 19
356 31
212 24
341 14
246 16
9 1
410 12
374 11
119 15
331 5
123 26
146 13
451 10
141 20
8 24
500 28
447 31
114 30
14 22
443 7
90 32
359 23
175 4
373 2
278 27
386 29
73 19
37 23
76 25
178 23
269 26
438 27
236 12
224 14
357 3
8 6
174 27
148 12
450 29
345 16
279 18
480 11
465 20
225 32
44 11
327 28
432 8
378 27
167 14
416 20
472 28
173 17
142 21
196 19
397 9
22 7
474 13
378 30
220 18
182 12
356 20
427 31
475 29
306 14
258 1
17 25
496 25
429 17
213 4
284 29
368 5
136 6
10 21
483 17
170 32
344 2
375 3
164 14
427 25
343 8
42 27
468 21
251 8
230 32
371 9
424 23
21 31
284 30
127 30
463 25
134 10
174 16
280 25
209 10
10 23
93 11
113 16
291 4
307 4
179 2
236 30
120 25
365 19
138 15
168 4
139 13
110 32
161 25
1 25
447 10
272 19
412 32
451 18
99 25
74 5
286 1
83 17
417 31
159 15
141 19
358 20
331 31
91 27
208 11
212 26
100 3
192 7
70 14
65 5
103 14
297 32
298 11
145 7
29 19
473 22
333 6
449 4
149 27
6 28
482 17
361 25
403 32
444 21
398 24
141 20
497 1
239 18
20 3
212 20
390 12
69 26
366 17
237 22
408 27
221 17
311 5
321 30
484 8
186 17
123 10
380 3
318 23
265 21
353 12
89 14
12 17
316 9
26 4
242 13
146 14
173 9
42 5
22 21
109 23
258 11
88 9
202 9
459 2
446 24
145 6
405 4
42 12
384 23
476 9
351 13
86 31
429 7
220 26
356 16
8 1
262 15
305 7
352 8
484 21
427 21
182 3
136 15
255 4
142 30
496 8
202 2
219 31
264 10
432 3
469 8
435 18
238 12
249 13
355 32
237 17
212 26
463 12
493 1
219 14
150 26
477 8
351 27
334 3
336 29
85 28
260 8
238 26
463 6
438 5
69 7
449 25
296 7
480 8
480 18
273 5
115 10
332 6
296 17
432 8
486 12
139 17
239 16
242 5
213 16
369 26
410 29
62 21
80 21
197 11
442 17
39 16
70 27
225 30
91 28
201 24
172 7
321 26
67 18
315 11
445 7
412 22
204 21
263 7
217 7
193 14
279 31
418 17
157 18
270 4
298 18
323 21
12 3
82 14
409 12
61 21
283 28
411 22
149 21
120 25
335 12
227 17
98 4
165 3
137 14
354 2
459 32
106 23
23 4
400 23
287 28
135 1
136 21
54 8
273 17
500 3
188 6
72 6
221 20
40 30
226 13
143 32
420 21
6 14
140 26
224 6
69 15
347 12
459 28
487 12
425 19
338 8
416 1
249 1
201 20
198 22
32 28
109 12
292 11
97 7
372 29
209 24
383 19
496 13
306 22
424 26
24 6
46 32
374 14
132 26
434 29
351 1
372 4
472 8
278 5
298 17
93 26
292 11
264 11
19 26
325 15
3 8
56 20
139 25
194 6
207 3
450 1
147 26
220 15
41 17
391 14
497 19
48 9
309 19
279 19
232 19
121 31
303 20
486 1
309 19
63 31
9 8
275 24
389 3
478 1
343 24
119 20
202 22
332 6
476 14
188 20
65 25
146 27
336 3
159 24
162 1
10 10
289 21
381 9
131 6
458 9
225 24
16 6
93 23
287 20
309 3
479 5
487 24
443 6
255 25
318 16
26 19
141 2
315 26
342 29
379 19
122 28
78 1
233 22
188 12
238 28
50 16
72 8
192 30
209 2
466 10
65 15
57 9
156 3
78 26
372 1
352 5
116 22
333 28
99 28
71 20
367 20
256 22
7 11
155 8
244 9
445 28
463 13
216 7
428 6
172 15
454 11
143 1
304 23
268 11
347 3
90 9
162 1
355 17
291 17
88 22
481 8
45 16
89 21
118 4
406 21
166 31
163 4
279 31
486 26
221 12
236 6
101 18
7 19
418 17
167 25
35 28
240 23
295 20
43 32
195 4
52 8
158 18
19 32
32 5
334 24
392 21
266 4
318 4
298 7
272 25
443 26
464 31
89 30
362 27
21 9
431 16
268 32
137 27
228 17
495 25
124 14
481 5
378 19
12 7
237 28
491 24
441 18
214 5
63 7
12 11
335 30
6 31
85 27
241 28
15 23
224 18
324 1
231 21
207 30
80 11
377 26
326 14
228 23
198 26
318 17
225 12
206 30
458 11
224 2
454 2
136 26
80 28
438 10
12 12
255 11
290 32
365 24
301 16
358 30
233 11
263 13
31 28
39 32
462 2
38 12
204 25
297 23
484 30
148 4
433 6
290 30
385 18
41 17
97 3
239 10
277 29
138 3
172 32
147 30
494 4
401 5
60 13
183 16
486 26
95 18
83 32
491 4
390 4
208 18
282 2
167 18
298 17
217 22
36 23
455 17
250 27
77 21
107 15
56 16
292 22
9 7
386 15
398 7
382 29
464 23
403 19
73 28
491 29
373 18
3 3
55 12
385 23
412 3
94 4
434 13
321 18
463 14
293 28
36 18
317 12
41 23
334 17
270 32
253 3
201 31
173 19
358 2
238 9
400 15
440 22
67 5
127 14
22 7
241 6
297 1
261 1
127 14
301 9
269 29
391 29
159 15
76 4
472 25
488 20
495 24
57 1
392 15
294 13
306 23
174 14
295 2
142 14
231 30
170 27
198 32
320 20
474 7
223 30
411 2
169 5
341 25
169 20
111 19
349 28
201 18
221 31
160 22
416 2
155 1
241 12
496 20
59 14
158 21
415 24
195 27
324 15
159 32
119 25
158 3
389 26
192 29
353 7
323 4
241 5
205 5
33 4
392 15
21 17
76 27
116 26
369 3
156 7
134 10
352 20
444 20
149 32
200 5
486 2
473 14
351 13
206 23
80 9
177 1
497 8
387 32
225 16
254 9
486 4
358 21
179 30
428 3
141 24
32 2
149 16
204 31
384 1
85 11
210 26
63 2
217 6
318 2
409 3
26 10
310 27
435 28
388 6
371 20
489 6
6 22
257 5
340 16
469 9
102 14
390 5
384 2
170 17
399 30
327 12
323 25
159 5
328 30
471 18
426 7
99 7
300 11
139 16
346 15
268 20
489 25
168 12
466 1
128 29
266 14
492 4
90 14
49 26
48 19
115 29
329 2
255 21
272 13
120 6
203 27
121 23
247 16
266 12
328 29
280 13
347 16
32 16
273 24
205 8
98 20
496 3
237 6
407 32
346 26
181 13
264 29
443 6
292 5
277 27
101 25
211 11
180 23
235 4
174 3
476 24
462 15
254 10
73 16
262 6
37 14
318 28
95 21
13 22
321 17
357 25
49 23
220 16
13 30
384 27
96 31
14 22
33 11
459 1
426 8
375 2
14 24
465 32
156 29
49 4
469 5
249 22
324 32
449 8
125 24
78 28
394 19
481 3
209 16
383 22
11 9
299 12
153 19
187 12
91 32
488 28
492 12
281 31
259 21
355 7
61 8
306 2
375 19
232 23
226 7
69 24
223 3
316 15
482 14
239 4
89 10
335 17
165 15
99 31
196 21
9 16
89 6
413 23
100 21
397 25
111 25
265 9
36 20
412 17
285 18
144 14
79 19
306 15
297 12
369 4
209 17
99 29
190 4
111 14
8 31
318 18
176 22
154 19
365 17
431 10
418 22
375 28
256 20
90 9
83 22
396 31
186 31
439 28
210 13
369 25
408 14
38 3
120 3
145 12
108 23
485 21
352 11
21 20
390 26
12 29
420 7
467 21
105 22
332 6
158 24
382 13
386 7
351 9
110 3
192 29
273 9
93 5
239 1
84 17
75 19
305 10
205 7
450 30
232 14

