256
485 19
237 22
488 14
436 7
5 31
185 10
30 7
211 24
194 11
56 8
261 21
283 25
21 20
175 27
442 17
69 18
400 1
495 3
58 22
437 30
400 21
311 22
299 9
197 12
287 4
223 23
349 5
24 17
273 10
127 6
458 7
343 29
499 29
447 21
323 7
470 6
356 25
3 22
153 7
350 20
303 20
338 3
281 25
223 17
410 30
470 28
44 12
428 11
204 23
303 26
461 16
100 24
404 26
174 9
5 15
348 11
298 5
161 26
250 31
482 31
84 31
230 32
114 18
226 18
236 8
195 4
151 10
364 31
100 9
315 4
411 2
262 24
50 26
286 3
8 27
162 20
70 27
423 3
252 28
204 19
27 31
35 25
396 18
83 11
138 29
450 16
262 27
107 4
336 24
462 12
363 7
139 12
366 17
318 13
412 2
456 14
124 22
466 7
91 29
218 32
297 31
127 23
82 21
222 13
329 31
464 31
10 22
326 7
366 23
343 17
16 18
214 23
343 4
362 13
80 15
364 24
97 26
138 6
427 7
447 27
246 10
149 11
364 2
481 5
116 3
358 16
325 19
326 27
102 3
304 21
265 19
113 30
9 26
391 27
313 21
41 6
99 13
164 30
14 32
394 5
170 23
316 22
174 26
217 31
328 24
12 13
186 32
306 22
225 12
480 25
385 4
298 31
412 13
500 29
160 29
258 14
348 21
27 29
66 19
499 10
114 14
190 20
485 31
345 6
394 25
302 10
400 28
464 12
264 3
292 20
208 9
105 19
326 3
427 11
226 9
136 31
139 9
490 3
171 27
36 17
215 6
194 14
289 2
481 8
472 1
327 3
173 27
437 6
266 3
241 19
492 4
33 2
201 3
104 19
61 12
287 15
33 29
444 17
490 21
76 1
49 19
344 29
185 24
423 10
495 19
292 6
390 13
467 2
199 10
165 11
265 23
89 5
135 20
469 16
308 13
437 28
151 20
429 11
411 27
137 5
365 16
242 2
456 16
196 10
482 24
116 14
14 12
395 1
88 7
124 7
111 32
103 17
191 27
448 30
85 16
358 1
215 12
406 27
159 5
28 20
164 24
238 10
51 20
326 2
198 25
237 13
361 11
421 11
425 24
4 25
155 10
161 6
461 26
392 15
19 3
463 26
266 4
211 29
35 12
158 16
189 6
244 29
436 25
451 20
236 15
72 23
168 4
112 12
2 27
450 28
125 28
405 23
463 24
411 21
3 16
433 7
166 32
91 5
396 10
165 8
348 4
22 15
172 25
346 5
339 19
396 15
59 20
205 13
415 23
74 14
387 6
460 28
385 23
208 29
444 24
264 23
312 1
361 3
121 30
7 11
352 6
421 30
53 30
487 4
444 12
89 26
417 4
437 21
302 21
285 25
368 20
91 7
36 19
13 12
156 15
114 32
124 15
473 13
216 7
496 31
370 32
193 2
335 13
143 29
273 7
233 13
179 4
171 14
274 28
370 6
258 15
493 30
221 1
262 8
276 25
447 25
44 31
487 26
119 17
366 12
407 11
384 17
126 10
151 3
293 24
384 15
354 12
284 3
341 21
214 20
5 16
464 4
2 6
277 25
430 19
12 13
445 27
125 10
152 27
172 9
294 20
347 24
431 2
278 11
26 3
90 2
355 10
429 32
207 1
476 5
199 27
177 15
85 13
416 25
76 4
385 25
143 23
72 21
212 9
400 13
44 29
470 30
246 18
105 21
454 21
441 5
123 9
499 4
269 11
148 28
354 28
417 4
114 4
272 9
41 23
413 24
364 2
185 25
131 17
413 4
73 5
88 20
321 27
255 2
205 18
285 18
285 17
405 30
393 12
426 1
51 26
368 22
71 12
374 13
44 27
488 1
491 24
164 12
366 10
253 22
23 9
127 7
90 27
408 14
410 9
414 8
22 5
373 28
388 11
348 11
385 23
251 3
262 30
38 31
35 26
48 1
327 26
67 28
408 10
397 26
158 22
129 19
146 30
474 9
452 21
315 12
156 30
62 25
331 28
248 2
389 11
274 23
173 9
482 24
18 26
249 4
391 18
58 8
83 4
68 22
204 3
221 3
448 14
480 26
381 19
495 30
225 29
336 1
313 6
329 22
47 9
357 14
158 15
473 8
298 5
125 9
127 29
64 6
127 7
55 19
473 26
128 21
22 4
298 26
133 14
15 7
406 8
116 16
138 9
155 7
185 20
287 19
124 26
236 26
244 22
109 24
191 28
117 4
403 2
397 7
391 12
214 4
135 1
211 8
473 10
58 21
497 28
467 12
398 30
222 21
196 18
61 2
269 25
302 12
442 2
58 8
461 31
331 31
304 30
70 8
259 19
285 3
175 3
226 4
9 19
416 20
480 4
441 17
4 26
272 21
144 13
480 8
452 7
403 11
204 12
234 10
155 14
68 13
325 25
104 17
92 7
36 15
495 24
171 6
422 26
147 13
123 22
372 18
288 26
32 31
450 13
304 4
487 19
284 11
16 31
143 23
405 30
29 15
209 4
101 6
141 15
398 3
76 6
188 32
395 15
206 4
188 6
299 22
84 22
336 3
320 26
409 25
359 30
327 11
489 27
49 29
377 2
96 13
67 19
168 6
206 9
157 29
438 16
418 6
241 17
324 25
434 1
489 32
374 23
210 30
446 26
194 26
408 25
478 2
424 17
287 13
74 16
373 7
251 26
384 3
246 20
403 19
144 11
322 17
410 27
230 19
493 7
380 16
64 18
225 11
206 24
319 27
307 31
142 5
184 13
399 1
436 2
107 19
44 4
299 13
162 16
11 18
155 11
109 22
452 18
408 29
197 22
288 15
268 25
59 11
157 25
379 5
110 29
375 6
116 26
310 29
257 17
487 31
415 15
480 22
280 19
226 8
464 9
330 27
145 8
33 6
49 15
246 26
99 32
15 10
497 17
47 2
497 21
16 27
479 20
128 3
86 1
438 14
218 32
132 10
7 13
15 7
427 24
65 6
232 31
443 16
255 21
481 15
373 17
161 12
196 24
314 9
141 23
182 2
18 30
423 29
330 26
283 4
49 3
133 8
130 24
8 16
416 8
135 21
188 7
492 27
435 13
16 23
407 25
488 25
10 2
153 31
199 23
447 12
486 11
379 27
358 10
350 14
430 8
62 9
483 1
352 13
61 7
195 15
63 26
243 21
295 27
115 22
34 21
445 11
344 19
337 1
413 14
326 14
374 15
310 4
143 25
476 27
379 18
22 30
55 16
218 5
363 4
46 28
245 26
118 24
165 10
140 9
343 6
270 12
56 11
275 3
92 30
253 2
475 6
115 25
390 16
230 32
16 23
351 12
117 32
51 29
125 26
61 31
359 26
387 19
112 25
465 7
467 17
377 5
195 7
322 12
175 27
39 10
29 5
153 1
60 23
277 12
244 1
2 15
18 20
369 30
105 21
36 3
253 12
363 27
255 4
86 9
438 16
322 15
216 6
111 23
176 12
310 11
428 12
373 6
403 25
427 11
277 6
281 18
226 20
32 4
179 18
112 21
445 29
83 21
258 17
287 29
284 13
203 8
260 32
9 22
20 15
373 5
100 13
178 5
148 1
360 23
178 19
295 19
255 13
135 16
273 17
296 25
369 19
472 20
278 12
494 9
118 10
93 13
370 2
246 22
331 25
48 20
428 22
482 26
422 12
46 30
389 21
454 25
191 21
89 24
256 22
117 25
151 13
442 20
183 23
241 17
143 20
224 26
481 10
252 10
173 29
448 17
489 29
170 24
178 22
499 17
43 15
306 9
176 15
416 10
137 5
222 19
296 29
349 1
2 32
30 27
100 17
87 12
230 20
471 31
69 18
339 19
288 24
7 27
94 23
172 10
283 29
361 18
42 9
58 31
12 28
421 3
416 4
402 25
319 17
51 32
46 6
350 1
237 13
500 3
131 31
264 29
268 8
342 21
184 32
407 23
339 12
9 6
39 7
251 5
487 21
244 24
394 22
68 23
302 19
165 4
90 4
196 13
404 13
369 27
288 19
134 6
454 10
84 12
404 10
349 6
486 20
125 24
389 21
66 10
463 6
325 24
9 12
112 20
261 4
351 4
107 32
378 20
125 21
256 25
294 16
122 27
399 27
214 12
143 31
181 21
360 2
361 13
377 16
484 5
304 14
37 10
169 18
25 22
374 28
26 3
235 11
1 14
97 15
273 19
493 13
400 17
310 20
425 27
83 28
27 22
446 7
499 22
328 28
259 29
155 24
71 2
487 28
375 7
286 7
378 22
303 1
186 1
36 2
355 22
222 25
356 7
444 10
132 23
81 7
324 28
378 18
477 32
317 11
151 22
349 32
84 3
304 17
319 19
231 29
308 16
54 19
118 21
221 17
471 1
491 30
36 21
392 24
436 28
214 26
310 18
465 29
269 24
13 23
458 31
260 18
194 9
280 3
161 32
264 7
153 10
129 28
326 20
52 18
227 21
51 32
31 4
132 27
135 9
385 5
239 4
210 21
308 25
447 8
341 10
303 25
168 19
32 17
450 7
310 20
52 13
416 2
228 15
84 10
43 12
454 30
316 3
66 27
356 8
295 20
426 17
392 5
379 31
289 8
210 23
207 1
311 14
398 18
169 29
399 19
300 9
344 23
219 1
442 6
273 20
473 26
184 4
142 6
491 18
241 8
380 7
164 10
421 9
79 17
393 22
3 12
386 19
11 8
107 20
382 27
39 6
428 10
422 17
487 12
203 27
315 10
377 26
476 21
38 14
237 6
87 8
473 32
438 19
280 12
138 21
275 12
70 26
453 3
123 3
106 13
17 32
258 30
397 9
42 26
491 23
67 25
222 16
253 23
78 32
54 8
396 8
95 13
382 8
308 12
486 29
180 7
333 13
452 21
374 21
219 12
475 13
144 8
28 28
354 30
279 32
173 14
87 23
139 8
314 10
323 8
210 10
358 2
143 17
475 12
153 5
83 16
329 26
175 13
474 21
314 16
140 14
130 26
456 24
46 2
65 20
273 6
74 22
20 20
142 30
83 10
186 21
125 18
94 16
74 3
180 7
23 23
76 16
396 24
271 17
153 7
13 1
312 2
110 19
5 27
324 19
100 17
455 29
227 20
376 32
467 15
391 9
77 26
140 20
201 30
117 9
448 9
333 15
418 30
90 30
396 17
360 28
126 22
72 4
361 3
355 31
205 9
167 21
267 30
104 19
419 12
376 30
52 4
125 29
2 14
390 25
330 9
96 31
414 11
158 7
169 5
453 29
313 12
357 15
277 25
250 4
32 29
61 24
184 13
404 1
102 14
286 24
246 13
238 20
104 24
286 4
464 30
497 8
209 17
207 18
165 24
33 13
432 21
484 19
334 23
4 27
32 13
218 26
373 8
437 16
55 6
248 26
163 20
145 12
448 23
209 13
10 17
161 1
37 28
408 6
382 7
157 22
51 18
191 11
33 27
251 23
52 14
308 2
445 17
85 4
155 9
356 21
237 8
457 30
363 8
347 21
126 3
158 32
81 24
303 13
178 5
256 17
402 19
294 18
15 31
89 10
227 5
186 32
164 18
441 15
6 31
123 7
142 12
11 22
183 17
390 20
217 5
292 6
60 21
315 26
167 11
95 26
51 32
209 27
422 21
445 11
435 11
261 20
50 23
353 24
435 11
443 27
239 14
120 6
170 22
224 21
41 2
82 15
302 6
361 19
290 17
353 12
75 13
356 16
88 8
207 10
302 17
377 1
234 4
190 32
486 5
444 26
287 1
320 8
18 17
162 31
189 22
86 28
330 9
387 5
1 18
495 2
446 19
46 32
422 8
287 15
204 18
284 18
458 16
77 23
488 18
485 32
455 30
439 9
215 6
405 23
123 27
220 24
473 26
451 3
205 21
153 12
318 25
398 23
392 22
453 7
416 1
406 14
211 1
358 5
374 3
343 28
365 18
267 10
31 10
436 11
306 28
495 4
376 20
454 27
421 7
201 16
195 7
410 5
303 19
33 12
233 3
375 18
141 25
139 31
62 6
258 32
365 32
47 21
347 28
63 27
406 16
307 9
222 8
209 28
38 22
255 15
468 13
220 12
473 26
131 7
487 20
106 31
343 8
147 5
151 2
159 5
325 9
361 6
236 25
273 10
14 7
44 6
7 23
441 23
176 27
217 14
162 2
216 32
473 31
44 12
424 3
384 16
223 28
497 27
16 21
232 2
499 27
215 13
93 23
187 32
430 32
133 31
225 24
447 10
62 2
25 21
396 4
436 15
207 24
77 18
52 12
455 6
138 25
406 22
176 21
349 1
348 1
47 20
180 29
473 14
335 17
430 2
108 6
200 18
149 24
388 9
287 22
454 8
363 32
153 30
156 17
494 7
185 28
278 9
385 23
162 23
303 23
300 27
160 8
428 25
127 15
213 2
361 14
337 19
377 6
464 32
46 13
386 7
200 32
299 32
470 4
154 28
402 14
34 22
453 2
74 19
480 14
344 20
451 29
414 8
226 21
211 23
185 13
353 9
316 11
320 1
462 30
408 8
279 18
129 31
107 10
365 2
487 5
278 17
93 27
468 2
272 31
440 16
479 21
44 22
147 32
282 13
41 17
324 7
334 16
105 20
153 21
230 15
29 11
279 25
253 23
142 20
277 18
184 31
78 27
252 4
294 9
184 22
425 3
208 27
162 32
402 10
133 3
156 13
341 23
486 18
33 31
117 1
60 8
267 21
379 18
65 28
106 8
210 18
459 13
140 28
81 26
490 1
24 29
77 9
283 18
310 31
41 30
327 32
430 29
441 8
166 13
183 7
456 20
301 30
161 4
238 13
185 31
305 25
75 25
425 14
147 26
376 27
363 11
490 28
499 14
451 21
138 6
287 14
377 19
211 25
83 4
129 19
378 17
327 29
18 11
162 20
188 21
54 27
91 7
342 6
177 25
458 14
278 20
111 22
387 6
43 29
473 19
235 11
456 26
155 13
16 16
488 8
204 13
106 3
435 23
88 7
91 1
129 12
492 15
374 26
264 16
198 29
86 5
87 5
198 13
365 1
408 16
268 31
392 9
257 15
172 8
437 14
92 9
482 28
8 27
313 11
122 11
7 11
147 13
100 12
37 32
408 20
316 20
407 11
400 19
385 27
63 14
37 2
90 2
89 13
76 18
368 5
264 30
107 10
319 30
105 3
22 32
3 13
391 9
247 15
275 16
65 21
157 17
343 18
322 19
343 13
184 22
297 31
435 32
60 29
461 28
312 26
380 22
374 14
74 29
264 24
104 5
389 8
133 3
357 7
13 23
55 25
260 4
347 31
107 31
151 31
274 26
253 21
479 30
127 12
98 30
104 5
422 16
312 23
74 5
213 6
219 15
134 7
470 21
377 20
239 31
495 12
193 11
17 7
224 3
427 2
384 22
226 2
373 18
212 22
58 20
235 16
394 25
458 20
201 26
291 31
361 25
450 17
235 10
427 11
460 9
484 12
382 17
149 2
246 4
255 23
339 18
283 24
210 28
447 22
74 18
200 14
226 29
190 13
319 20
271 18
469 2
121 26
462 9
160 20
184 18
66 2
255 16
254 12
440 4
77 1
289 20
2 31
129 11
475 23
10 1
224 26
350 5
384 19
169 15
74 25
308 16
374 3
339 19
378 10
179 15
346 11
82 23
333 18
241 19
8 31
255 16
432 20
280 11
471 32
357 12
300 25
183 18
79 26
356 8
3 26
262 13
205 24
47 13
405 4
48 17
390 18
496 25
110 19
136 12
74 28
123 10
360 18
103 14
179 30
98 13
344 11
381 28
258 28
436 11
67 7
279 32
137 26
128 30
252 27
325 29
459 31
402 10
456 32
312 26
314 13
19 21
471 31
56 25
178 23
95 24
326 29
51 22
498 15
59 1
293 27
73 31
33 3
273 9
182 32
474 31
344 8
151 2
243 2
98 32
49 28
368 22
64 14
187 13
300 29
161 5
479 10
47 15
412 11
351 13
254 25
440 21
168 30
467 6
500 16
386 24
108 29
125 3
226 23
84 6
407 28
470 9
329 12
99 16
39 14
37 32
126 8
445 5
417 11
407 4
326 16
315 5
248 7
456 21
101 23
350 15
134 3
95 23
39 14
258 5
143 2
220 32
269 24
264 14
426 14
101 28
165 12
36 8
206 7
89 15
381 22
17 15
461 20
181 7
9 10
279 27
232 14
122 20
366 29
37 7
407 18
394 7
257 2
187 14
124 11
472 5
416 25
223 24
304 23
430 12
44 8
166 11
58 31
479 27
23 31
65 5
4 3
204 12
92 26
74 11
220 21
423 3
237 1
215 24
399 24
55 23
352 8
421 21
210 31
183 1
266 15
365 13
57 16
233 20
161 18
67 12
54 13
367 19
486 9
386 4
76 13
178 31
364 27
39 26
349 1
158 22
320 30
87 32
294 27
228 22
328 18
186 17
134 16
227 11
336 13
3 23
405 8
42 12
482 8
193 27
153 30
148 24
76 18
51 9
404 10
174 23
423 31
316 25
262 10
175 5
6 17
360 14
61 17
30 26
332 30
428 32
424 4
159 23
161 14
219 1
339 28
499 18
103 30
318 8
60 12
313 29
373 8
475 21
276 4
30 15
77 2
295 28
33 5
202 25
366 16
461 9
164 16
170 6
477 3
481 20
182 25
453 10
316 27
190 23
134 12
50 30
177 20
414 17
500 11
253 10
239 2
274 6
25 11
19 29
281 23
241 26
292 1
368 15
471 1
50 24
128 11
17 24
146 14
364 21
101 17
362 19
34 15
92 2
281 2
262 5
108 14
375 7
194 2
210 8
2 27
471 14
61 20
285 2
121 13
202 25
117 20
411 14
254 2
411 27
463 12
95 27
26 29
173 7
266 22
87 32
344 13
249 20
248 17
313 1
33 11
441 25
282 4
2 31
205 20
69 8
436 24
442 25
188 2
31 18
200 13
221 7
378 29
299 25
205 15
197 10
477 18
90 22
193 8
145 25
207 13
268 26
80 1
306 24
175 17
73 26
157 25
268 22
465 26
363 1
381 7
110 1
48 12
319 12
495 11
341 13
231 4
399 27
21 24
282 7
392 26
420 5
498 31
286 6
457 8
482 1
59 16
397 6
143 23
50 13
233 22
393 24
201 31
126 29
495 3
267 30
260 2
138 13
77 28
70 25
275 23
73 17
346 25
143 32
388 8
180 16
433 5
83 21
363 24
206 25
466 20

