256
273 30
5 15
392 25
122 31
183 12
486 9
73 22
309 28
498 17
316 16
301 20
363 23
110 21
480 23
146 24
213 18
442 2
401 21
18 2
451 24
461 9
360 22
462 24
5 23
248 16
266 13
495 25
363 13
457 22
107 30
106 12
372 3
389 16
83 6
145 10
309 29
174 28
342 15
40 2
446 27
166 11
39 20
191 10
468 16
95 3
101 12
98 28
450 26
447 5
95 27
270 27
48 31
274 9
429 9
87 18
452 28
437 10
115 31
243 15
126 18
9 27
389 30
254 11
443 1
223 21
143 28
143 18
138 4
431 6
81 5
292 16
120 20
225 14
206 12
168 32
157 12
114 25
133 15
235 31
67 17
315 10
152 1
251 5
225 21
207 17
401 2
188 24
77 24
106 6
231 1
169 31
301 30
284 21
1 26
212 27
327 6
480 22
187 31
119 11
115 5
67 12
26 26
387 26
17 8
439 20
117 4
338 21
241 9
201 13
343 28
364 13
290 11
350 8
277 28
238 28
348 12
111 5
57 9
178 21
193 29
376 25
76 26
225 32
38 21
261 4
189 20
104 18
170 18
157 7
125 10
42 13
197 8
197 25
352 15
381 32
343 21
352 10
322 4
85 15
205 21
295 9
172 2
74 6
203 18
140 32
475 13
152 15
184 28
127 3
74 19
79 20
263 26
185 20
210 6
499 22
170 21
10 2
190 23
387 9
16 18
72 2
58 19
12 17
422 22
127 24
496 21
115 15
339 8
46 12
125 4
313 6
336 30
339 14
256 13
122 27
250 29
464 27
267 11
251 28
316 30
387 7
286 30
421 32
5 23
23 17
362 11
274 18
8 29
427 27
189 20
237 7
92 16
449 30
378 12
249 25
429 12
4 26
193 20
190 13
242 4
29 4
399 18
153 22
118 19
225 23
330 5
97 21
365 29
482 14
96 10
435 16
421 6
90 29
213 3
161 3
342 5
410 20
343 26
202 4
344 26
266 17
238 22
297 18
259 22
196 26
211 6
230 20
271 19
96 3
449 25
141 26
297 10
234 19
463 23
451 14
212 16
182 13
282 2
255 24
107 30
97 22
283 26
301 13
496 24
387 32
4 20
86 13
429 7
291 32
457 21
401 12
309 11
320 10
412 22
481 3
227 17
188 21
255 32
413 22
87 16
46 7
31 15
95 31
5 17
406 17
478 11
480 10
241 19
227 32
225 19
22 27
135 25
312 13
48 16
491 15
227 24
77 1
222 7
420 26
55 29
186 28
483 5
169 27
315 23
79 31
453 28
342 12
309 9
328 12
80 26
490 23
409 14
119 22
88 22
355 11
215 24
378 25
408 11
476 19
293 14
465 10
5 10
185 29
162 12
373 10
386 2
104 22
132 22
276 3
112 26
65 30
374 19
226 13
341 9
207 29
254 16
378 31
329 26
275 11
278 3
436 11
361 19
308 20
260 11
62 19
65 3
48 22
69 6
274 17
474 1
393 4
4 19
190 8
184 28
174 17
111 5
475 3
499 27
314 31
217 11
129 9
1 1
422 1
302 32
181 19
28 30
354 15
196 23
214 27
359 8
192 17
348 6
143 3
152 8
457 5
182 17
1 31
465 11
455 22
470 16
41 9
61 30
231 28
141 12
486 7
183 1
319 31
47 9
81 6
268 1
418 1
473 23
335 2
193 30
203 10
129 31
362 25
341 8
296 17
387 9
331 6
162 13
452 16
461 4
109 4
420 31
380 20
297 3
33 21
208 12
354 12
182 15
376 6
158 23
206 8
303 12
465 8
36 16
375 12
151 12
279 22
362 19
166 30
225 30
350 20
285 15
119 19
121 2
192 18
16 14
25 22
433 6
486 17
257 20
20 8
47 11
329 8
309 6
269 17
192 22
316 12
24 2
294 32
131 22
125 26
235 10
167 27
491 12
339 3
216 7
358 30
9 7
374 13
384 10
349 15
112 32
255 3
301 24
483 3
237 19
428 15
460 10
490 10
450 20
253 21
390 22
130 10
500 23
214 8
497 18
162 32
429 16
446 17
168 4
11 20
239 14
227 18
384 12
352 13
247 8
201 25
65 18
34 25
185 24
152 9
13 21
492 26
433 9
22 12
69 29
207 3
322 1
208 1
352 15
93 11
366 13
439 19
327 4
199 7
71 10
43 4
366 22
377 2
322 6
101 10
282 12
400 12
444 32
12 24
370 25
98 4
249 4
18 3
359 32
437 2
417 23
217 6
216 1
432 10
342 20
279 8
191 31
79 11
138 30
282 11
398 3
94 27
414 3
73 12
30 6
53 10
192 17
80 8
361 23
149 23
394 3
178 9
309 16
71 30
401 20
157 3
82 22
149 27
213 25
266 26
434 19
40 26
439 19
237 20
333 17
354 18
163 7
14 20
342 12
269 2
139 25
392 20
27 32
214 7
113 20
332 22
2 3
23 8
193 15
91 29
143 4
455 18
30 8
129 31
256 21
465 18
26 4
466 28
248 19
142 28
214 1
257 11
48 32
7 24
390 13
117 13
245 3
42 26
390 2
145 29
270 25
391 3
316 20
198 31
238 31
274 12
16 11
18 3
310 8
154 23
121 14
435 5
340 32
490 26
497 22
226 23
94 4
265 10
323 23
324 29
357 2
216 20
128 29
286 21
257 16
339 25
209 14
445 13
101 26
482 14
420 27
68 29
175 28
274 21
498 14
261 7
195 24
78 26
61 16
462 25
155 24
397 27
425 13
115 18
274 12
123 21
155 2
58 5
225 23
29 15
428 10
429 18
117 14
295 21
369 24
345 27
56 29
238 20
433 28
357 15
152 3
251 14
372 20
338 1
139 10
319 14
155 3
40 20
104 10
152 13
442 21
347 17
441 28
180 26
492 9
432 31
219 10
300 15
194 29
187 8
2 29
101 25
455 20
484 14
178 19
382 31
335 1
319 24
16 18
1 19
238 24
1 5
169 28
47 30
288 1
249 30
441 26
2 27
193 1
304 10
323 2
192 26
118 22
285 29
212 1
344 1
272 32
405 24
348 23
6 19
387 26
480 19
455 5
425 32
317 21
221 24
118 17
149 23
126 1
423 13
273 2
490 24
314 18
187 29
49 4
499 31
150 31
114 16
311 30
455 8
118 24
471 7
144 15
173 13
255 16
310 15
213 7
422 18
44 20
390 32
356 29
379 21
71 16
312 29
381 19
212 31
146 2
437 17
4 2
409 30
409 22
136 1
368 17
351 20
369 32
355 28
332 17
80 22
76 19
487 13
9 22
11 14
84 15
294 7
260 27
197 32
124 16
141 12
241 19
255 5
82 17
36 14
342 15
19 1
357 21
77 6
55 23
223 2
238 17
76 21
423 12
17 26
104 21
389 28
351 3
8 24
104 31
49 21
9 8
65 13
424 2
434 6
432 5
467 29
377 15
18 31
166 6
48 21
246 29
316 32
283 15
379 18
217 28
182 25
199 27
294 30
240 23
452 19
235 10
44 15
164 1
113 18
298 5
302 31
449 22
490 31
144 20
469 17
499 22
437 17
248 14
319 11
309 18
362 31
391 13
358 19
317 26
236 18
482 9
8 30
358 13
365 2
68 13
214 15
334 26
263 18
232 13
420 12
202 25
286 25
37 23
499 17
465 14
170 14
474 17
80 20
377 8
37 29
128 6
11 21
251 9
42 6
206 2
225 19
446 27
203 31
5 21
187 1
138 17
267 24
237 26
147 30
141 31
410 20
136 4
228 2
44 14
72 1
435 24
8 8
10 30
66 3
263 21
187 20
313 17
215 5
150 21
14 10
247 27
409 22
194 5
472 10
110 31
338 32
42 29
127 8
259 13
270 13
297 12
476 5
113 11
9 6
255 11
404 18
149 12
235 3
300 30
432 1
100 21
156 18
318 7
249 12
327 2
152 19
177 23
435 9
169 31
51 32
169 30
277 14
117 23
12 25
421 27
29 16
415 25
365 32
171 25
11 17
482 2
323 7
289 25
299 25
403 29
232 32
6 8
241 3
371 28
391 19
398 19
14 4
455 3
396 9
343 14
473 21
420 27
187 8
255 9
368 10
186 24
81 31
459 21
313 29
276 27
323 5
326 17
336 24
67 11
109 13
489 25
437 8
432 27
319 6
108 14
195 9
489 23
483 4
299 8
128 26
202 15
450 15
139 6
363 17
368 7
465 8
255 30
467 18
24 29
224 27
175 6
275 15
45 10
462 7
257 18
121 18
244 30
41 30
207 7
438 19
225 10
282 11
7 9
369 31
237 20
365 15
361 28
278 21
101 15
452 21
180 28
370 31
493 6
156 28
164 9
274 24
199 7
71 25
7 31
87 20
382 16
358 10
443 31
351 15
226 26
103 13
225 8
32 13
234 7
416 25
484 21
137 2
300 19
238 10
497 17
253 2
128 31
323 10
449 9
316 10
178 26
283 22
241 2
323 14
204 10
223 23
131 23
220 26
417 18
87 25
134 32
494 1
154 4
182 26
45 1
128 14
118 26
328 26
427 6
36 2
239 14
169 13
468 16
2 12
197 9
500 2
280 29
442 5
12 11
386 12
323 1
482 4
126 29
150 20
310 5
34 16
294 14
121 21
293 2
496 30
62 3
23 17
339 1
477 30
87 19
110 22
79 3
201 13
103 22
108 32
238 21
163 11
398 11
143 31
109 30
384 22
484 26
215 30
370 27
376 5
257 5
70 32
131 18
392 5
324 11
348 1
196 18
296 1
497 10
135 9
280 26
126 7
276 4
289 13
383 32
305 11
204 10
326 10
496 21
418 3
420 17
83 31
126 14
59 30
168 30
78 31
63 4
413 10
43 9
335 5
420 7
416 11
13 25
308 12
162 1
30 13
193 16
47 19
342 9
144 21
298 22
159 29
277 23
50 31
124 28
448 7
375 19
18 19
455 5
450 24
106 11
48 22
294 14
320 23
199 24
495 28
389 29
60 5
76 30
187 19
197 6
93 27
496 10
161 3
287 10
270 20
440 30
41 14
263 17
220 1
380 15
161 20
219 20
136 30
385 26
344 10
308 9
356 23
398 17
457 32
330 19
279 14
248 28
355 26
236 30
323 19
492 23
86 23
406 29
208 27
246 4
76 21
340 7
60 29
151 4
477 17
446 15
454 5
278 24
55 21
85 25
331 1
63 12
139 24
340 10
462 30
249 21
342 24
320 29
29 18
121 17
154 22
111 31
463 9
266 25
253 11
97 4
279 31
203 1
478 23
466 8
332 23
476 5
154 23
426 2
321 2
390 10
463 17
433 17
241 30
293 21
252 25
280 18
399 7
150 13
377 28
168 16
182 15
232 31
142 21
221 14
406 18
139 13
462 31
145 26
473 6
251 4
178 6
458 21
364 7
453 8
426 20
151 19
466 11
294 7
243 18
272 21
327 11
17 5
333 29
194 5
450 12
233 32
326 30
56 29
500 20
133 6
331 27
384 8
17 9
255 4
394 2
408 29
436 24
361 21
140 30
425 22
350 1
421 27
50 8
67 2
187 27
327 1
334 30
16 26
239 22
461 32
500 20
204 3
347 28
407 31
470 16
428 3
192 8
197 14
175 19
291 9
314 21
433 3
30 16
348 24
422 25
252 29
232 19
207 23
371 22
65 8
149 8
362 20
43 6
81 29
320 15
133 5
191 13
483 21
364 3
340 1
343 3
57 6
250 28
4 4
81 16
163 21
263 20
420 5
81 9
225 16
75 5
237 26
273 27
190 13
253 25
273 23
324 10
21 17
149 24
248 21
296 30
309 30
285 16
67 9
80 3
320 15
500 12
124 24
479 21
260 3
193 17
178 8
418 22
144 30
73 11
294 20
152 26
278 24
33 20
356 1
486 24
471 29
435 22
257 9
406 24
144 22
252 5
318 1
370 21
86 6
204 15
162 7
184 11
347 17
134 30
33 19
229 31
104 24
448 4
428 29
431 11
6 3
95 15
203 8
488 1
258 3
371 7
249 23
209 7
475 14
297 23
460 25
213 15
40 8
126 16
68 13
242 21
91 9
248 17
300 7
285 29
277 32
327 17
62 19
472 28
228 28
394 32
496 6
102 4
469 32
207 16
284 12
108 26
136 7
370 4
293 27
196 21
310 3
446 15
261 29
258 21
240 27
28 11
108 1
326 12
356 32
111 11
184 30
216 31
277 14
458 17
240 2
490 1
380 11
271 24
407 24
480 30
30 31
84 17
136 22
64 31
293 22
334 32
95 13
147 23
134 32
292 1
257 13
125 4
271 15
480 29
126 7
174 23
318 1
143 5
166 2
147 11
231 12
286 10
381 8
48 18
36 7
91 8
323 19
132 9
314 7
473 7
421 30
446 18
255 4
42 20
498 25
230 28
168 8
257 28
299 5
266 22
347 32
182 30
422 9
466 19
127 11
26 27
436 23
285 6
114 2
462 31
366 23
43 30
410 31
433 13
307 6
98 14
405 31
175 23
295 16
413 21
282 2
468 2
112 28
259 18
281 32
188 23
115 10
32 20
233 12
288 11
366 2
44 22
16 2
448 7
62 21
83 11
150 10
412 14
357 19
487 2
242 14
136 8
108 11
84 32
186 27
82 7
108 2
173 28
47 8
138 20
480 28
303 18
474 10
391 10
236 29
171 14
106 2
185 1
176 16
256 2
139 10
264 6
19 4
73 13
56 2
25 7
134 31
16 3
392 22
140 4
338 23
457 28
320 5
8 4
261 28
61 31
157 12
348 15
260 5
239 27
334 27
53 3
293 25
277 1
30 17
16 32
79 20
163 30
316 22
97 12
137 5
178 21
481 14
467 32
150 30
258 23
172 26
302 17
82 30
353 32
346 20
331 20
191 25
378 30
14 18
434 31
131 19
295 7
488 22
406 17
319 31
472 10
176 1
306 10
202 10
73 12
377 7
27 3
99 16
277 12
378 10
466 24
24 29
174 28
374 3
352 4
93 19
385 24
447 7
229 17
52 9
400 13
407 26
199 13
182 15
321 11
240 2
122 20
398 31
479 15
225 26
166 1
357 31
288 31
445 25
155 20
21 10
276 16
184 15
284 13
5 20
127 21
94 24
212 19
246 22
466 22
223 19
138 27
33 13
234 21
145 8
325 6
294 8
445 21
130 16
193 19
36 23
231 25
122 14
471 3
335 12
336 17
419 13
488 15
101 5
132 30
460 12
263 29
259 23
81 9
138 17
375 9
147 1
5 20
250 12
134 16
115 13
492 21
145 11
336 18
255 7
195 27
274 17
319 4
367 8
124 12
376 6
29 31
454 21
290 19
212 8
138 23
96 2
211 13
164 14
42 27
216 12
485 5
396 11
225 2
406 20
117 10
346 1
156 31
234 25
206 21
424 19
123 20
28 22
464 32
231 29
462 23
444 14
287 3
100 3
452 10
359 16
491 16
269 26
206 6
294 31
446 18
106 5
89 5
254 4
176 28
408 29
282 7
286 13
41 2
431 12
95 5
263 29
344 11
434 2
384 7
312 10
296 17
102 28
254 7
139 25
190 30
122 20
248 31
244 12
144 14
483 10
315 18
26 6
128 27
411 12
38 7
45 25
195 2
421 12
352 19
433 9
309 26
216 20
312 27
48 24
485 22
397 27
127 7
12 3
233 7
470 2
201 2
307 3
11 15
47 10
489 19
106 17
32 14
205 3
132 4
150 16
133 27
470 32
173 10
218 1
460 15
379 28
404 29
406 18
115 12
479 11
282 12
104 9
257 32
360 1
263 5
208 27
259 26
6 31
363 27
40 18
465 2
333 24
306 10
485 8
394 3
78 19
251 13
192 7
340 7
99 14
263 23
349 10
188 2
156 18
133 7
75 5
464 15
465 5
200 5
392 13
468 30
472 22
2 27
428 22
417 3
147 11
37 11
52 8
53 28
329 9
254 27
281 10
13 9
190 32
250 26
157 21
255 12
434 32
142 5
301 6
239 24
88 31
294 4
202 14
199 30
30 32
284 3
373 32
259 23
8 24
348 12
76 6
143 21
413 28
74 26
193 32
161 16
291 18
271 4
152 17
374 21
273 25
195 25
305 2
59 24
165 30
31 5
63 25
101 8
308 18
41 20
190 17
483 16
6 22
323 1
74 20
42 22
57 12
195 5
41 29
228 6
215 30
150 29
282 2
104 9
276 4
292 5
196 30
296 22
379 6
62 25
18 11
2 6
191 28
490 3
153 5
140 19
326 17
495 23
391 19
47 6
446 26
334 10
111 29
399 10
450 20
294 27
415 15
244 21
195 9
39 3
301 31
65 14
467 3
84 1
361 2
226 11
319 15
4 18
391 18
271 13
213 28
159 3
62 7
435 20
487 14
454 28
4 10
265 26
429 13
31 1
330 32
151 9
19 30
430 25
407 20
453 20
319 12
302 24
218 13
340 32
414 1
195 5
163 4
90 23
160 24
83 29
80 2
341 6
239 30
210 14
173 3
469 31
478 22
223 31
358 2
250 27
354 25
39 12
108 29
310 11
100 25
459 11
330 12
480 24
421 14
65 26
56 5
84 29
155 14
227 28
367 24
135 17
124 21
292 11
301 30
349 5
198 28
431 15
459 31
446 15
452 11
472 27
247 32
39 9
213 17
265 28
296 27
356 24
71 7
2 32
100 23
124 25
362 18
175 24
464 13
198 27
335 14
273 5
77 11
334 25
131 18
72 3
348 31
198 26
74 27
141 9
253 28
470 2
170 8
285 29
116 31
400 10
356 12
235 24
187 28
424 17
17 4
95 24
422 12
133 7
195 10
20 23
389 17
265 18
336 17
43 12
235 6
105 26
317 3
225 7
258 1
24 10
496 10
341 5
262 18
116 28
99 27
254 31
179 10
397 2
271 31
169 9
84 2
299 20
316 19
107 2
23 18
51 22
99 12
287 16
217 6
167 23
240 29
153 10
142 5
135 32
191 24
269 6
281 11
26 28
293 20
373 16
261 8
185 31
167 31
71 15
76 25
49 3
9 25
436 27
102 23
414 32
226 2
66 6
452 31
305 9
74 30
412 22
453 28
396 23
419 2
205 30
55 9
13 15
453 12
65 30
370 3
198 15
12 3
452 16
57 21
60 18
286 15
315 22
418 26
60 4
28 16
34 22
16 2
144 24
345 13
374 15
39 19
309 18
37 17
365 21
369 24
74 22
246 12
95 16
449 22
351 32
417 20
409 28
429 25
103 2
465 8
340 19
250 12
404 14
112 5
82 32
44 7

