256
326 12
291 13
223 2
7 28
402 21
114 2
228 27
259 23
435 8
321 22
21 7
268 26
426 17
266 19
345 23
112 6
414 30
238 24
223 32
99 20
449 28
10 4
323 8
454 29
67 31
78 3
9 5
80 3
318 2
385 18
148 4
331 25
101 8
48 32
15 3
299 27
210 8
343 20
427 24
289 29
422 2
432 27
415 27
421 28
208 17
393 19
152 3
267 20
494 27
279 16
313 6
27 26
89 9
258 28
368 30
212 22
263 23
424 5
6 12
260 13
500 12
124 15
78 10
458 23
408 21
283 32
18 17
446 6
381 7
325 24
100 25
241 2
31 28
243 32
211 6
453 2
358 12
64 31
169 18
210 25
110 28
148 31
4 17
436 4
499 5
335 26
297 8
312 11
91 2
67 10
111 23
363 24
298 27
107 22
152 12
42 17
11 6
91 18
486 18
453 13
138 15
434 18
362 1
465 25
2 7
106 9
401 12
284 30
98 22
163 17
409 1
213 7
450 15
488 27
181 12
271 22
227 13
456 16
153 4
392 15
450 9
471 6
169 22
399 26
496 21
367 12
321 11
27 26
234 10
57 26
454 27
83 16
383 22
119 20
309 7
394 2
211 24
311 3
469 9
497 24
326 7
72 18
293 22
268 10
463 32
291 20
2 18
447 1
115 2
272 32
132 21
385 22
380 8
73 24
460 21
16 13
135 19
283 11
36 10
453 6
373 23
266 2
468 28
462 15
481 21
358 4
101 14
306 20
141 18
32 5
150 27
237 32
337 15
62 20
420 30
221 32
109 18
370 28
402 3
10 10
416 23
494 32
313 7
200 25
380 31
405 29
481 14
164 5
12 5
40 20
91 16
427 23
450 20
478 15
331 28
232 14
58 5
465 22
227 32
175 2
98 11
338 22
72 25
394 20
78 17
71 32
397 25
218 2
497 7
48 3
34 7
276 20
208 28
313 22
256 23
96 25
270 21
283 25
434 8
128 11
313 18
30 25
399 31
406 23
293 9
425 7
435 8
270 26
291 2
280 30
273 7
103 26
307 5
234 8
412 30
102 4
263 27
136 25
229 21
407 30
197 7
200 12
382 29
125 17
254 20
422 22
130 4
419 21
260 1
380 20
218 14
99 12
316 19
493 1
127 19
418 4
82 1
307 7
289 19
339 26
187 5
272 32
136 30
456 16
46 16
271 27
169 25
95 4
103 11
232 18
337 1
257 22
469 3
437 29
345 19
3 27
387 6
51 31
19 14
122 1
341 16
179 25
260 1
49 19
63 32
148 8
281 24
373 1
318 25
210 14
436 20
397 2
41 3
48 27
452 13
475 13
412 22
357 4
130 1
238 1
185 25
296 1
140 4
65 9
477 30
322 8
189 30
85 9
16 9
288 16
153 30
316 17
119 32
440 9
429 9
293 1
265 16
281 16
107 1
212 15
323 13
346 15
455 31
92 10
415 27
141 27
492 20
335 11
480 30
211 20
154 27
372 6
146 20
173 28
200 12
187 18
121 32
385 3
166 24
396 4
206 5
351 9
344 9
11 11
311 5
82 12
279 17
234 8
308 6
176 24
494 14
381 10
97 9
392 11
444 23
194 17
27 12
50 19
81 12
45 27
485 27
58 15
283 23
187 15
49 26
450 14
427 14
7 19
151 2
489 22
36 11
447 19
78 32
285 10
259 1
252 27
159 10
358 6
452 32
384 28
109 25
393 31
218 31
113 28
500 14
314 24
136 24
302 13
459 14
223 1
118 26
312 9
135 5
70 3
416 1
438 28
489 7
114 30
433 10
426 5
179 11
24 14
202 5
379 24
114 17
228 31
426 19
211 13
263 20
499 26
436 12
405 12
470 14
482 23
96 3
39 14
497 22
292 14
90 22
209 11
122 28
489 15
31 16
311 5
183 9
471 23
97 19
246 6
245 11
320 24
485 22
169 25
123 32
30 4
129 10
470 26
378 23
149 20
10 3
200 8
120 22
14 32
249 32
485 9
338 1
388 23
366 4
155 1
16 21
404 24
274 18
246 3
184 26
410 13
408 14
88 7
335 18
446 11
417 11
279 26
87 18
280 32
74 31
292 25
471 4
84 16
421 1
99 28
278 8
500 22
321 27
64 24
244 2
90 28
292 21
266 22
386 5
181 27
331 21
399 21
20 3
249 12
367 23
247 29
58 14
182 19
388 13
386 20
458 11
143 25
47 4
126 5
305 3
243 11
131 18
140 14
328 4
293 22
290 31
190 23
340 3
429 19
320 18
210 29
493 21
26 27
112 3
323 32
161 30
255 27
411 10
144 2
485 32
283 6
178 9
472 9
195 5
96 26
418 1
143 18
9 12
301 13
22 11
240 19
392 22
177 22
91 21
391 11
108 14
200 18
498 12
6 32
276 21
410 5
110 16
103 10
71 3
294 8
229 2
478 21
231 7
274 22
327 1
248 14
190 16
275 3
323 25
82 10
85 27
290 2
246 4
368 4
350 1
112 19
46 5
199 25
95 16
450 5
488 13
411 29
144 17
419 22
317 1
415 22
195 13
151 5
152 2
108 22
31 19
80 4
308 14
204 2
453 9
379 13
350 25
173 17
325 8
163 18
92 5
247 2
485 29
78 1
415 14
490 1
404 29
372 23
402 32
169 6
432 31
498 29
187 27
478 31
262 20
4 9
420 22
342 9
147 16
245 17
309 30
209 28
358 20
127 3
359 11
112 27
45 26
423 31
132 4
445 21
243 13
449 15
402 6
271 20
413 31
312 17
304 20
285 21
452 31
419 26
409 30
452 17
343 11
239 10
126 11
70 5
335 26
383 25
308 9
136 20
223 16
293 2
319 17
186 10
339 12
432 23
337 23
403 32
109 21
357 15
175 7
103 22
444 5
98 31
341 25
175 19
384 23
440 11
395 9
324 21
432 23
479 28
490 17
3 14
373 4
184 3
138 14
260 9
326 5
388 30
294 26
80 5
232 3
231 22
347 3
358 30
13 20
250 6
420 20
304 8
463 15
190 32
329 2
385 14
158 16
172 3
37 27
480 24
326 22
245 8
468 22
154 17
289 31
334 12
6 9
351 9
328 28
124 20
489 16
309 3
483 12
301 7
287 12
138 4
194 10
283 25
335 16
493 7
190 31
34 32
315 4
220 30
276 15
149 28
203 18
114 29
493 3
56 3
46 1
390 15
427 17
252 9
312 16
88 14
422 1
401 21
209 20
82 4
166 3
451 32
392 29
257 16
331 32
163 12
208 24
319 10
428 2
99 8
165 2
93 31
10 1
27 6
168 4
201 21
190 8
53 25
420 17
465 2
472 27
329 15
382 7
165 26
68 11
401 25
300 21
23 13
189 9
27 8
8 27
40 18
82 16
278 5
400 18
454 15
72 19
402 30
281 22
115 1
328 23
137 11
359 15
287 31
59 9
106 2
244 1
115 5
237 29
178 16
338 15
211 26
265 28
67 26
177 13
450 16
47 18
334 13
96 16
155 22
433 16
71 28
404 10
352 32
430 9
480 19
364 14
380 24
153 2
377 25
478 10
36 16
263 1
132 26
340 6
215 8
397 6
151 5
175 3
144 20
235 19
74 2
16 18
430 8
103 10
52 1
484 7
456 14
307 12
160 23
77 22
270 6
215 1
478 9
275 13
196 13
300 2
311 31
427 8
39 5
397 6
461 4
29 21
182 19
60 25
333 16
418 7
313 9
227 30
373 9
467 13
65 10
42 3
284 32
466 14
200 27
264 9
446 32
133 15
478 28
319 27
179 21
469 32
369 7
133 13
399 7
161 3
216 6
338 24
373 15
173 9
369 24
85 7
79 13
441 9
408 28
423 18
348 3
429 12
85 14
308 23
364 17
297 4
22 30
431 27
141 31
319 21
391 19
323 13
471 16
229 6
227 23
167 26
41 8
141 1
361 28
311 8
268 16
303 2
445 5
36 25
188 30
446 26
108 8
250 14
87 27
307 1
481 9
238 10
272 30
350 4
178 1
208 5
324 22
86 28
447 1
57 30
178 2
415 13
473 28
214 32
494 12
76 7
197 26
348 4
395 25
452 16
61 19
17 8
372 26
4 2
427 24
303 24
413 21
93 1
233 30
148 6
30 32
52 30
93 27
45 15
448 8
59 12
6 19
244 2
380 23
47 6
306 2
114 6
270 2
306 6
363 6
432 8
233 23
469 29
382 6
311 5
361 9
188 7
147 3
96 7
29 10
36 6
47 9
255 1
206 17
22 9
218 17
164 26
436 21
274 25
498 32
497 6
305 12
224 3
319 19
329 7
165 21
33 7
217 23
379 7
51 13
195 28
205 30
421 4
342 10
160 11
130 24
49 18
44 28
88 18
295 29
208 11
485 4
373 13
231 24
327 1
356 1
253 32
83 17
404 16
219 31
467 4
71 11
337 26
138 8
475 20
44 2
94 20
126 15
433 32
70 19
340 9
484 28
336 18
469 11
341 7
154 27
90 32
173 30
337 11
201 3
446 9
196 28
328 9
358 28
380 15
371 8
55 2
367 30
271 15
333 19
225 18
122 30
209 18
239 9
160 32
59 26
388 14
497 3
279 30
327 30
132 13
229 2
254 8
427 32
282 7
338 11
96 31
172 8
457 3
52 12
54 26
221 9
420 25
359 30
422 9
207 1
85 32
442 2
235 1
213 28
479 19
226 31
9 14
82 1
160 22
433 17
299 17
357 22
74 3
267 31
252 14
252 32
113 1
174 19
265 2
214 8
288 20
22 5
189 11
465 16
440 17
116 15
254 24
308 11
186 23
25 5
252 8
125 16
173 6
210 9
35 15
32 27
66 21
471 2
8 3
157 31
184 16
389 21
95 17
467 1
475 7
421 10
119 9
89 23
194 26
79 21
424 15
255 10
367 13
299 2
363 28
25 2
79 13
186 18
461 20
306 3
143 22
160 9
123 4
107 12
397 29
396 5
499 14
366 14
78 24
91 9
119 15
190 30
380 32
223 24
27 32
275 13
105 6
133 19
34 19
43 6
276 30
454 26
144 23
491 5
335 22
13 1
400 23
2 31
78 12
119 8
103 17
477 32
178 9
434 31
200 16
345 11
470 14
452 25
469 11
333 19
228 10
107 3
400 17
258 21
184 24
284 7
472 16
198 29
221 23
64 20
311 32
246 20
57 1
244 17
491 8
31 10
125 22
197 16
98 14
204 1
33 32
123 12
99 12
356 7
303 3
90 9
178 23
244 15
384 7
463 2
414 2
444 31
483 24
266 28
297 18
64 9
13 3
36 31
358 27
134 16
14 31
272 31
262 19
481 13
205 12
370 7
289 25
361 3
156 18
202 20
151 25
132 19
155 15
478 9
114 23
24 7
185 16
373 10
14 18
442 27
297 4
189 9
476 5
207 12
230 8
435 25
376 27
395 27
289 28
247 18
334 26
380 7
417 29
168 11
106 6
1 10
273 5
190 4
293 28
231 30
7 14
402 2
436 1
116 16
372 30
126 14
484 25
428 32
461 3
34 2
204 14
171 16
278 28
224 26
459 2
92 25
323 13
51 22
493 22
482 9
232 7
422 11
315 9
170 20
443 20
193 19
441 32
474 19
427 21
140 18
355 3
54 5
76 4
435 28
122 32
136 13
374 25
123 4
257 32
315 12
347 12
50 20
75 31
358 5
424 17
442 10
80 32
158 3
451 8
426 28
211 2
128 12
322 30
476 27
394 6
482 16
1 3
379 27
257 8
132 20
437 21
161 12
420 11
22 23
262 11
294 25
212 26
260 6
23 19
316 20
377 5
8 9
179 6
156 7
326 3
319 6
211 23
129 11
297 30
1 19
300 18
235 20
67 14
249 2
81 24
209 25
212 24
37 2
454 4
28 11
182 2
392 29
325 32
227 25
373 7
235 4
224 21
239 3
315 15
84 3
254 24
55 1
8 27
58 13
487 10
443 4
283 6
412 3
409 6
284 1
68 6
156 4
339 27
434 29
85 9
103 15
160 25
7 15
99 17
183 17
2 17
253 4
162 20
95 26
6 2
202 5
247 30
216 1
456 13
293 32
369 27
82 21
403 29
399 6
357 30
86 6
206 10
345 4
58 15
289 23
20 23
339 23
52 3
407 11
407 20
250 4
446 24
156 1
476 26
202 32
135 27
41 5
181 13
412 2
176 4
4 11
394 18
165 13
100 24
155 3
271 1
486 24
440 29
268 11
194 29
98 13
460 14
373 28
22 24
81 21
187 20
96 21
481 32
229 25
331 24
291 1
492 32
373 15
416 16
197 17
313 2
493 4
283 13
115 8
352 27
205 31
334 28
323 18
411 19
246 18
286 4
398 1
311 10
59 30
114 7
391 6
252 11
401 22
100 7
190 27
413 26
341 14
45 11
59 15
418 9
400 7
192 18
184 15
419 22
284 20
201 26
309 4
57 1
338 28
75 23
458 7
272 15
84 4
17 19
474 22
151 18
489 6
23 4
48 29
117 32
177 21
5 9
473 29
46 18
272 16
188 14
311 23
232 10
330 20
240 11
34 22
28 6
436 30
45 15
47 1
166 11
330 7
411 14
435 28
463 27
428 6
140 2
164 3
483 21
470 7
295 31
316 27
376 23
76 12
86 18
285 19
196 2
273 15
119 28
414 13
118 21
434 29
282 13
479 1
89 20
191 31
303 2
409 22
461 17
154 30
310 14
148 30
255 9
464 29
332 21
453 25
422 26
205 31
334 19
171 6
334 5
8 24
71 29
18 31
105 15
428 14
460 11
271 10
347 22
438 22
167 14
478 20
479 2
494 12
68 17
85 26
377 20
389 27
64 30
477 28
280 20
434 7
331 20
156 17
494 21
207 20
334 20
451 8
218 24
475 9
108 3
38 29
207 19
283 6
388 16
438 28
15 11
110 1
130 18
374 7
62 24
134 8
115 32
59 32
28 2
321 31
296 10
323 26
488 18
272 12
217 1
395 3
135 8
428 8
473 21
387 31
232 8
134 22
456 20
30 31
429 30
173 25
59 24
78 3
453 17
274 9
261 20
103 27
375 14
11 20
34 17
86 13
120 23
463 31
262 24
261 31
45 26
267 27
281 8
205 25
45 10
457 9
349 11
52 24
441 6
275 26
162 28
443 13
430 9
208 27
100 8
85 20
105 15
302 17
47 11
321 15
336 9
247 17
188 26
112 12
211 18
305 20
97 11
5 30
3 12
272 18
383 17
301 20
59 19
224 21
461 13
47 16
173 26
184 8
91 7
191 18
384 24
25 4
94 5
209 21
444 25
402 3
41 11
314 7
9 25
56 25
285 30
468 26
247 8
169 10
2 20
343 6
207 31
217 12
100 10
248 19
110 6
369 10
56 10
100 12
275 11
236 7
109 11
368 31
58 1
44 32
100 2
297 30
457 13
457 4
290 9
98 23
410 11
400 29
204 16
380 22
6 11
389 2
169 28
173 7
496 8
490 15
454 10
252 10
150 21
317 12
469 2
42 10
84 2
342 32
441 13
117 10
39 17
264 11
113 12
285 8
3 22
55 28
263 2
69 21
218 17
204 18
151 1
63 30
186 32
77 18
180 18
128 2
50 7
277 14
30 29
122 4
39 12
192 17
333 4
213 3
349 4
440 7
13 15
436 6
110 1
380 26
58 19
359 19
101 7
473 10
48 22
13 22
473 12
238 13
168 11
59 4
70 3
366 18
353 13
336 30
17 15
455 30
425 18
385 25
300 17
358 27
154 14
284 6
278 22
282 9
176 1
312 13
191 21
383 19
181 22
208 14
136 7
123 4
180 27
288 15
215 29
178 16
218 25
345 3
186 7
291 13
171 22
162 9
482 24
107 11
113 10
64 16
328 2
11 7
397 14
338 7
146 31
183 19
179 11
210 5
5 32
429 23
306 10
387 31
485 25
153 13
159 32
196 18
106 14
197 30
207 14
316 4
400 26
67 2
377 12
146 21
127 23
260 32
368 10
71 1
491 7
301 5
291 9
190 8
54 14
249 17
271 8
316 6
414 10
452 6
9 13
374 32
375 5
271 3
131 29
299 17
416 15
325 10
447 10
305 13
400 21
465 18
468 16
44 29
14 31
374 14
295 28
361 14
232 12
116 14
176 18
38 11
364 18
500 23
228 4
367 19
208 31
500 20
314 27
260 7
241 18
405 4
233 1
57 12
100 32
30 20
289 23
218 16
281 18
166 4
373 8
338 13
66 25
312 20
232 15
410 12
408 14
359 12
431 31
456 26
290 17
305 14
255 11
434 15
444 3
246 16
335 7
452 16
272 27
483 19
38 29
178 9
206 13
85 24
303 12
18 9
228 30
22 2
400 19
369 3
258 2
11 32
49 14
343 8
77 18
26 18
70 23
58 23
91 14
115 14
385 32
338 20
9 11
446 5
166 6
251 19
131 25
366 15
427 32
202 15
385 15
468 30
282 25
81 8
371 3
117 31
30 10
219 30
313 8
446 18
33 9
252 19
161 21
194 7
176 23
441 5
326 20
366 11
285 22
182 19
344 7
409 25
252 3
411 4
346 24
245 22
108 24
41 1
316 10
207 32
184 28
256 5
55 5
319 27
271 1
493 18
299 30
339 22
84 1
318 10
308 14
159 24
262 7
36 17
136 30
272 16
389 19
32 8
352 3
486 18
203 15
87 9
84 13
402 11
377 23
300 5
133 19
304 10
9 19
174 9
432 10
168 9
176 11
320 19
401 17
352 15
135 7
455 10
215 21
89 32
427 8
480 15
198 31
156 19
473 18
203 32
127 18
428 22
272 23
33 9
52 12
479 6
174 14
108 5
142 4
184 12
435 7
479 5
297 18
191 21
315 17
376 29
466 28
447 29
402 27
113 25
66 28
343 24
377 14
480 10
497 31
437 27
29 15
267 9
253 21
297 3
201 16
212 6
179 18
255 29
340 7
385 17
310 19
144 10
28 3
55 16
341 8
159 5
258 9
397 22
86 9
429 2
69 24
156 3
149 10
179 20
128 20
392 18
494 12
475 6
214 14
249 15
373 31
275 10
388 32
492 5
216 24
110 32
59 13
383 23
26 1
46 6
476 13
295 26
176 17
195 6
2 19
296 18
406 6
356 25
93 27
265 13
266 2
444 32
491 14
382 4
239 31
373 2
215 31
35 3
140 25
484 13
228 27
367 29
52 26
425 5
420 17
305 5
414 28
212 32
426 25
124 24
223 12
229 1
15 20
31 26
196 10
146 23

