256
322 13
435 20
161 32
3 26
388 22
462 21
35 16
469 31
32 32
265 6
134 26
163 16
14 20
353 26
498 2
227 11
403 30
494 31
477 29
240 21
6 13
345 13
253 25
15 12
456 7
325 29
201 7
65 2
166 17
103 15
131 10
186 1
491 23
447 3
231 23
387 5
91 31
277 31
396 27
478 15
421 26
292 1
140 24
187 26
124 29
172 26
470 1
138 12
240 25
483 10
475 5
206 17
452 30
260 27
124 25
49 25
391 20
369 18
47 27
39 19
196 19
128 29
419 6
329 10
54 23
480 12
179 1
444 30
371 11
180 22
292 1
390 22
68 7
63 31
165 18
489 24
164 28
229 22
233 29
92 30
367 19
165 13
459 5
231 17
163 2
175 18
138 20
135 22
26 14
24 27
151 4
254 2
479 6
247 32
390 22
497 20
112 6
5 27
122 11
251 24
496 17
90 14
45 16
191 30
125 22
112 27
429 10
292 23
199 19
118 17
228 19
196 16
480 4
262 1
138 20
236 26
141 1
267 9
253 9
106 13
226 30
356 22
287 3
412 21
185 2
425 29
496 9
104 11
376 21
279 26
228 2
147 12
191 25
256 19
425 26
171 30
283 6
155 29
25 30
405 29
447 22
325 18
154 4
120 9
144 6
394 32
264 20
443 10
156 31
452 12
264 26
433 14
352 27
114 8
357 26
436 23
51 29
301 12
40 4
85 24
22 22
259 17
370 1
442 21
103 21
309 22
366 9
411 13
32 12
444 28
98 24
394 20
344 26
204 19
466 20
418 7
469 32
123 18
81 16
67 31
308 7
49 17
467 23
446 18
39 17
89 8
120 31
283 27
28 26
198 21
477 23
331 22
495 17
135 23
220 13
109 3
427 9
256 2
172 17
447 2
89 32
197 9
222 3
375 21
169 16
446 9
243 4
442 29
433 5
15 20
481 7
31 4
336 10
357 15
486 23
68 26
190 24
338 19
94 5
364 22
488 17
259 26
436 28
170 8
332 8
20 17
11 18
424 30
187 24
352 20
82 27
449 4
34 15
34 11
351 29
389 6
57 31
272 1
402 21
212 26
477 3
398 11
132 29
184 14
100 19
341 1
305 14
156 30
428 26
316 14
290 8
319 3
54 18
191 32
383 10
41 3
485 2
49 32
258 20
286 17
118 14
93 18
267 21
463 22
142 22
323 3
186 22
129 3
231 7
46 13
73 26
175 29
23 27
24 24
306 9
192 19
287 25
400 17
385 18
99 26
344 9
308 5
62 1
471 5
107 9
109 23
454 32
439 29
358 15
312 8
123 28
142 13
140 30
314 32
107 4
401 22
332 20
34 10
496 1
390 27
373 30
485 10
133 4
154 23
238 26
210 8
321 23
473 8
244 18
335 3
49 31
356 32
442 18
477 6
394 22
244 26
216 16
91 16
3 9
42 4
62 3
304 22
102 32
193 13
413 3
399 5
113 7
44 18
144 13
195 9
238 22
154 21
18 4
153 24
192 10
316 13
297 7
190 6
98 30
446 22
260 1
174 32
451 29
130 30
441 8
334 11
466 7
335 3
286 3
58 22
33 21
286 25
343 4
78 32
209 15
153 1
219 14
44 21
247 17
466 19
201 23
217 22
341 28
352 7
390 17
308 10
282 29
454 32
68 31
268 1
406 20
97 28
246 32
145 12
165 2
30 9
113 27
234 21
150 21
431 19
345 22
165 10
183 30
454 18
1 9
230 10
140 18
381 29
318 21
80 2
339 6
50 15
60 7
107 21
219 30
451 31
127 3
393 5
85 18
263 29
418 8
194 21
318 10
498 11
303 25
320 21
390 21
295 29
3 5
9 21
290 24
487 21
426 27
429 26
76 15
298 5
183 27
254 16
269 11
190 3
179 5
63 1
229 25
369 19
109 14
155 31
41 25
167 30
372 11
180 31
286 13
292 16
172 29
171 12
147 24
362 9
220 4
97 20
132 6
30 24
399 12
138 23
28 8
108 23
399 11
50 12
468 25
355 31
89 25
282 27
236 23
411 11
66 12
106 21
177 3
288 3
22 2
365 17
81 12
152 27
111 29
14 14
393 32
420 9
244 21
67 7
343 5
137 4
188 14
308 32
228 3
290 29
372 26
2 13
478 21
283 28
353 13
17 5
16 20
429 4
488 15
294 18
175 27
441 3
24 12
430 24
194 4
204 18
77 1
370 2
209 4
141 5
300 5
361 28
296 21
279 31
135 8
316 22
354 4
228 10
207 25
333 29
80 20
318 25
445 11
62 9
190 23
418 30
63 22
157 19
419 23
493 13
358 1
418 32
416 25
293 19
6 9
375 13
216 28
445 16
230 31
17 19
61 6
408 15
415 8
333 5
202 18
90 28
486 19
123 21
356 3
227 29
243 21
149 6
144 14
470 21
452 14
144 32
123 23
338 13
171 15
222 28
348 3
431 17
21 17
289 32
171 12
88 29
468 5
223 16
182 24
188 29
29 11
348 23
86 9
187 32
207 20
479 22
422 18
90 11
314 11
170 21
246 6
249 21
198 19
28 27
162 8
363 14
398 18
192 19
246 7
442 17
342 13
210 16
182 12
410 31
382 3
331 11
40 4
43 17
402 3
467 32
138 1
457 27
94 17
222 12
231 31
496 16
435 1
39 8
208 24
111 1
379 25
271 2
224 10
7 18
236 29
41 21
358 29
259 15
349 28
142 3
143 21
355 5
194 17
45 1
341 19
46 3
447 12
488 7
129 22
148 32
23 8
88 16
36 3
182 17
178 24
315 24
312 5
101 1
414 9
462 30
151 3
324 5
322 3
471 3
9 2
18 11
157 22
262 13
156 23
429 21
118 15
357 26
264 9
138 9
453 27
282 11
105 5
51 11
119 26
81 31
491 14
361 4
55 2
340 26
417 12
395 6
362 27
167 13
59 25
153 19
255 26
113 16
390 11
490 5
36 6
487 31
167 12
174 22
173 17
135 5
484 29
327 21
279 9
174 25
1 22
199 20
464 7
319 13
326 28
213 21
229 20
91 19
251 20
172 11
480 23
216 31
335 26
12 10
386 21
154 3
214 13
494 25
15 24
382 4
471 22
405 19
497 11
149 7
111 13
374 2
127 1
405 21
482 20
278 27
304 32
105 17
284 18
398 30
261 15
342 27
76 26
485 13
240 18
23 2
306 4
292 32
188 4
244 29
167 18
388 30
305 20
190 28
294 23
89 14
217 26
341 9
27 21
69 23
310 7
468 3
191 27
250 14
10 22
251 20
219 2
497 23
333 31
314 26
125 10
384 26
184 16
338 22
400 22
328 10
348 4
28 6
258 14
120 28
475 30
295 9
211 32
67 19
330 16
21 18
485 20
499 28
479 12
82 6
93 29
291 29
408 27
330 30
300 21
489 10
22 7
318 16
426 16
127 3
467 15
61 23
402 31
323 4
99 4
257 11
16 24
483 32
218 9
145 25
465 21
142 15
415 19
70 1
194 32
447 32
194 23
314 15
270 8
474 32
391 27
410 11
482 17
182 3
57 6
419 21
458 28
359 20
370 1
64 15
328 23
426 14
369 3
116 2
375 14
357 21
376 11
171 25
11 8
259 19
29 21
439 6
88 10
62 29
282 13
371 9
487 24
130 16
386 18
197 4
391 18
229 6
24 23
474 22
455 24
452 11
408 14
173 27
391 10
451 32
62 1
133 25
172 30
108 17
211 24
21 13
413 13
218 4
351 15
321 1
422 32
492 17
218 28
175 4
101 1
132 26
1 12
414 24
229 25
81 24
29 29
244 25
201 22
229 11
4 21
208 10
377 23
458 2
66 5
53 22
461 8
31 6
151 1
485 28
169 5
23 9
165 22
490 9
79 30
120 15
470 31
212 6
229 17
291 6
5 12
15 26
231 9
279 6
193 27
113 2
180 19
262 32
252 11
413 19
172 28
265 26
210 24
191 14
496 6
287 29
29 13
318 3
197 20
492 30
62 8
455 13
90 8
437 2
319 21
24 26
232 20
335 9
115 18
82 18
211 8
462 7
168 3
349 8
78 17
457 4
296 3
380 18
479 28
79 29
16 6
490 31
241 9
39 3
202 28
168 16
339 2
2 22
112 30
74 26
190 2
181 6
293 12
75 15
80 9
271 23
458 32
342 6
84 28
256 1
352 27
48 26
404 5
48 32
251 13
57 16
354 21
129 18
148 11
120 7
59 10
174 32
2 19
417 17
98 12
74 5
95 1
343 2
374 14
13 8
214 25
415 7
157 12
65 13
98 24
235 9
426 16
376 11
274 13
215 16
464 12
24 30
465 18
408 18
107 32
313 24
193 15
239 5
326 23
357 16
190 4
284 15
351 31
245 21
451 20
200 3
451 23
324 11
441 31
456 7
355 20
71 23
199 29
99 28
463 12
299 32
251 2
119 1
93 7
429 11
26 24
309 25
55 13
243 23
67 31
245 9
318 27
171 20
475 26
244 9
429 26
441 19
328 23
483 28
125 8
462 23
243 19
479 13
255 17
495 9
271 32
446 1
406 16
308 17
89 3
21 13
297 1
47 24
223 18
43 20
293 24
350 23
478 24
36 8
400 6
405 23
121 2
463 31
317 10
111 26
25 7
274 9
444 5
296 30
202 18
365 14
45 26
380 19
393 7
106 25
445 10
315 17
63 5
147 28
250 29
137 26
240 26
298 11
434 1
52 19
134 25
128 27
334 4
405 3
422 6
371 22
224 9
487 26
17 21
17 26
242 9
244 21
119 21
367 32
338 6
187 7
38 18
205 16
321 13
450 31
471 12
312 2
60 26
331 32
283 16
193 32
56 12
208 26
181 18
226 22
343 12
192 21
77 29
104 18
357 21
196 27
76 3
224 19
9 23
62 11
458 10
166 29
42 29
39 22
298 16
91 4
379 6
372 23
178 27
56 11
379 23
213 14
110 1
440 22
195 17
260 28
107 9
16 16
1 14
73 18
169 15
141 23
296 13
354 22
339 21
212 22
12 4
171 5
64 3
442 26
463 25
261 13
181 13
272 5
182 32
182 23
210 10
101 2
186 26
183 29
67 22
94 26
373 20
254 29
78 23
398 9
99 11
313 15
139 17
311 16
280 8
374 30
17 19
199 7
280 21
431 26
330 20
127 2
491 16
490 29
426 20
313 20
250 25
302 20
61 20
59 25
159 9
386 12
259 20
82 6
168 20
88 17
239 18
198 13
446 16
149 7
427 13
395 32
290 28
415 14
12 21
394 10
109 27
197 23
214 6
109 21
141 28
229 31
261 23
460 14
466 20
429 8
273 15
271 6
370 25
263 25
213 25
255 10
139 23
392 1
433 28
437 21
399 26
304 4
444 31
69 21
74 5
4 18
171 2
259 29
162 10
125 6
234 23
47 20
34 15
428 10
142 9
390 1
382 17
404 17
159 20
85 1
321 32
134 11
213 9
383 26
118 28
99 19
238 14
74 31
436 26
440 5
218 6
469 3
226 8
275 5
196 23
321 20
150 22
6 22
198 5
439 15
248 13
17 17
34 7
460 21
444 23
398 1
80 30
463 18
90 21
394 1
299 26
300 32
19 17
13 13
45 3
87 20
487 28
333 9
398 20
341 1
394 22
205 6
308 3
483 25
107 12
181 1
441 12
56 19
136 20
231 17
18 26
28 4
273 8
228 22
3 9
214 5
10 22
74 17
288 32
65 14
283 1
2 15
76 13
385 8
476 32
448 21
285 27
348 13
187 4
78 29
348 23
289 9
60 10
26 3
121 2
444 19
187 29
477 14
353 2
177 8
329 12
172 25
451 19
21 9
298 6
29 1
92 6
354 7
235 3
201 24
320 24
258 6
440 11
120 28
300 8
471 12
272 30
92 26
364 8
210 6
265 6
10 8
111 15
358 26
445 22
201 21
53 26
474 32
396 13
283 15
241 29
174 8
98 29
85 9
432 2
326 16
87 20
51 18
50 4
43 19
317 27
463 5
52 32
360 24
233 30
142 1
98 32
188 19
284 8
360 32
121 9
411 15
20 6
404 30
73 10
120 2
188 22
110 24
369 10
39 1
315 20
277 1
51 8
311 15
439 14
402 23
207 28
266 18
477 5
351 10
115 30
439 18
51 16
97 8
369 23
224 32
19 9
300 29
316 18
255 31
484 24
165 22
320 26
119 20
99 22
345 13
439 7
70 6
183 7
113 15
153 20
438 7
40 13
444 12
51 14
462 30
206 30
75 25
408 25
24 22
162 9
274 1
3 31
442 5
361 18
292 2
93 1
388 1
318 11
340 12
233 21
105 30
278 27
166 9
223 1
394 1
409 31
189 24
362 6
300 2
387 15
439 27
172 11
315 29
361 6
60 13
306 16
234 12
194 31
472 28
440 18
4 8
236 28
111 13
25 27
23 23
205 17
94 24
343 12
68 16
414 27
500 11
494 6
6 19
484 10
307 3
399 10
271 10
206 9
435 6
495 5
345 12
121 14
279 16
197 23
19 10
325 26
181 27
251 10
357 3
367 27
9 13
177 15
251 10
12 13
463 26
141 11
409 5
96 8
76 17
386 18
254 14
464 14
380 10
324 21
300 10
455 17
307 19
439 13
364 22
241 11
12 9
337 20
345 13
459 1
429 24
366 22
406 29
320 13
247 27
77 18
36 16
206 26
14 1
398 30
150 30
408 5
222 28
433 19
380 19
191 4
87 4
194 16
89 29
480 7
359 29
232 26
88 26
88 13
286 25
330 15
327 17
448 28
185 12
318 20
122 32
76 8
416 17
51 4
133 19
190 3
439 1
384 26
210 15
478 19
160 16
134 30
248 21
385 12
312 7
348 29
62 23
345 9
43 27
184 19
129 21
165 27
146 16
444 15
223 26
202 6
81 3
219 8
119 27
112 22
9 19
66 7
233 22
103 15
361 27
301 29
11 21
408 4
364 11
363 2
124 20
319 12
102 9
384 12
344 7
1 4
157 18
126 1
32 25
367 24
367 15
232 1
131 11
237 6
194 23
284 25
366 14
225 31
195 24
390 26
306 10
93 22
159 7
202 2
151 4
285 17
234 13
97 20
359 21
61 12
283 32
425 20
2 9
318 4
460 27
85 29
448 25
78 31
247 7
500 29
346 25
265 27
153 30
146 27
46 6
119 29
106 11
328 19
43 2
6 18
204 18
118 32
118 31
110 9
325 29
465 14
245 18
452 25
295 21
260 32
6 26
372 31
272 12
421 22
49 6
167 8
367 20
403 1
330 4
53 22
473 13
27 21
98 10
466 12
278 1
436 23
306 7
98 29
210 6
242 30
444 24
362 2
395 12
146 28
480 10
81 16
215 19
372 20
436 17
408 25
265 11
347 10
353 4
350 3
314 23
172 21
202 5
418 24
149 24
171 32
113 3
283 23
209 18
343 16
343 10
60 19
296 23
381 4
202 2
62 3
25 6
123 6
118 13
322 26
308 16
245 4
447 7
451 7
33 5
3 27
246 30
185 1
320 9
40 14
499 10
388 3
335 7
248 24
255 5
70 22
117 10
333 7
45 19
421 9
427 3
155 4
337 15
416 20
108 8
381 2
409 17
480 31
483 11
46 9
352 7
2 4
485 22
382 1
469 22
309 31
429 11
271 25
5 6
476 16
493 13
69 29
329 20
495 19
479 17
251 14
359 24
149 7
437 26
223 21
35 15
4 7
345 22
283 18
311 11
313 8
115 18
56 19
281 31
457 3
443 31
292 5
310 32
496 2
173 18
207 8
101 10
374 25
335 13
146 25
415 11
152 13
44 4
27 32
258 3
287 16
41 18
204 22
370 31
151 10
121 13
453 17
66 31
369 20
335 19
101 1
177 12
333 24
311 11
395 16
193 25
471 13
463 19
286 28
77 24
77 1
293 22
269 26
208 26
314 30
356 26
494 8
17 10
455 20
36 21
247 32
234 2
312 24
244 13
231 4
32 23
369 8
188 21
238 31
478 15
288 25
316 25
420 12
458 30
159 21
75 2
72 32
475 31
207 22
479 9
389 15
95 29
390 11
450 23
177 31
29 5
464 12
97 23
28 31
257 22
399 7
443 7
342 25
205 28
338 16
336 7
250 2
187 19
64 20
118 21
415 14
409 10
46 21
112 17
411 20
462 6
402 29
484 31
25 16
142 3
75 29
441 28
111 11
167 10
467 24
118 17
133 22
110 30
31 25
102 29
293 20
306 6
320 13
141 4
181 30
58 27
111 14
283 25
329 5
246 23
84 32
27 32
389 32
98 31
60 11
416 4
114 29
102 13
362 14
129 6
375 22
500 5
36 22
57 28
434 31
10 21
370 24
85 18
23 18
233 14
232 12
138 26
220 27
482 17
480 22
178 18
500 22
191 15
163 19
102 5
105 27
465 14
498 13
436 8
434 16
453 26
167 6
215 2
328 24
23 7
158 8
365 25
229 15
395 8
5 16
488 18
458 4
435 27
205 30
474 14
389 22
303 7
368 25
145 27
65 27
206 30
366 26
82 31
328 28
338 8
323 17
145 20
480 24
86 4
153 15
322 2
188 24
448 31
345 16
454 1
258 27
334 12
432 19
422 27
242 15
442 24
287 27
195 18
370 24
302 6
42 7
63 9
450 15
136 14
454 1
406 8
451 11
391 14
153 28
492 10
422 9
309 8
223 11
473 20
486 14
466 7
248 32
460 18
242 23
195 12
387 13
111 17
339 5
218 20
164 5
89 9
345 30
292 16
252 8
363 10
242 28
116 9
208 31
390 9
21 25
348 11
37 6
243 27
310 24
70 9
224 11
409 9
56 32
488 15
168 26
396 29
30 8
249 17
438 31
389 27
427 13
69 27
46 32
189 28
327 3
32 19
417 21
119 20
492 18
130 27
159 26
419 32
241 28
128 6
10 9
340 16
105 5
250 6
424 30
209 26
196 5
300 12
33 6
435 12
227 1
387 2
442 29
129 26
176 17
211 17
477 31
324 13
163 9
82 6
11 19
335 6
383 11
170 15
404 16
290 7
20 32
72 9
185 8
346 20
308 1
249 16
311 4
216 1
497 14
410 19
440 4
416 22
378 9
236 30
393 29
116 8
257 11
429 25
386 18
152 10
34 16
181 16
324 21
168 32
194 21
178 1
173 9
306 6
382 25
35 10
121 6
241 17
188 1
317 2
147 21
471 4
220 3
376 23
399 3
362 24
324 7
428 16
336 13
397 1
125 24
46 26
433 26
474 13

