256
36 4
408 12
416 21
379 7
112 26
235 26
15 2
346 12
170 27
172 19
433 19
479 20
100 28
91 26
150 6
105 21
82 8
125 17
160 3
227 3
388 14
256 14
183 30
334 16
228 21
179 29
431 9
112 2
476 30
111 1
296 32
309 13
283 21
225 3
139 20
213 19
265 1
132 15
274 25
3 21
25 1
365 19
41 32
188 12
382 15
492 1
218 32
257 20
85 9
294 11
136 27
305 28
179 29
51 24
105 9
156 2
85 29
436 17
52 8
344 25
274 7
313 3
486 5
342 26
402 12
497 9
346 1
141 32
89 15
179 18
243 2
27 31
58 6
7 26
437 10
394 2
36 11
404 21
127 26
295 28
85 19
269 10
295 9
157 16
451 31
281 13
20 19
223 30
120 25
39 5
282 8
470 17
342 10
41 1
323 19
52 7
329 32
40 24
432 24
359 30
30 7
426 21
297 20
330 16
80 8
176 13
4 26
29 1
223 2
369 5
256 29
303 25
444 26
208 4
37 22
257 6
408 11
318 20
34 12
323 10
367 23
326 2
200 19
419 18
276 3
318 7
411 32
115 27
313 14
230 9
91 30
118 30
372 7
405 6
82 20
371 5
430 4
170 25
254 8
402 9
79 31
412 9
190 14
195 22
52 32
202 30
114 11
492 5
253 12
242 3
327 24
487 8
12 12
236 17
448 9
146 30
207 9
218 4
434 9
397 17
188 22
479 5
268 10
138 17
69 19
59 20
195 25
3 6
52 27
174 23
431 15
228 10
375 26
385 13
210 6
145 9
83 11
50 27
444 23
223 9
269 29
112 19
177 22
372 24
56 14
431 19
216 2
476 19
455 8
251 28
345 27
413 8
370 18
130 25
204 12
29 16
336 28
139 28
106 26
443 1
407 1
499 3
383 14
65 29
186 19
353 2
61 29
309 18
282 10
95 21
345 11
456 28
115 6
395 24
308 10
84 6
62 11
40 12
408 28
485 13
122 1
475 27
305 23
464 10
277 22
70 21
385 1
153 7
323 7
422 6
440 21
47 26
439 19
149 23
42 13
291 28
321 17
198 9
104 1
210 8
275 15
500 23
8 12
361 22
255 26
311 2
138 5
47 13
443 32
275 5
180 5
352 25
386 21
477 29
413 19
368 11
169 31
197 16
223 29
357 29
190 31
22 4
376 25
256 26
468 18
6 3
298 29
499 11
257 28
171 6
366 10
60 14
109 17
62 19
165 2
159 3
85 12
34 4
452 21
129 27
22 27
418 27
195 24
354 8
447 12
325 32
118 28
198 30
492 11
408 25
28 30
11 12
449 32
275 13
184 12
171 25
242 4
375 28
208 24
239 14
308 15
318 25
299 27
150 22
477 5
298 16
474 8
468 10
203 10
174 26
349 29
90 26
136 5
378 27
396 24
201 31
383 22
479 17
384 12
174 20
36 20
215 17
279 30
135 2
128 16
219 28
356 13
270 12
477 11
186 12
466 14
279 8
255 1
380 18
237 30
201 28
377 8
485 11
301 7
340 12
130 7
108 2
71 29
477 3
375 18
474 8
252 24
188 2
361 7
348 5
324 24
72 20
167 12
207 4
378 10
99 8
308 22
345 2
434 21
128 24
186 18
148 5
353 15
295 1
105 26
13 25
393 5
480 16
344 10
379 2
436 1
433 3
387 17
473 8
449 8
128 10
201 31
423 2
461 21
470 1
210 7
345 30
271 5
13 26
214 31
39 1
72 3
244 22
99 8
277 23
167 28
385 8
30 15
125 6
375 10
259 16
280 31
389 26
483 26
16 17
144 14
197 23
377 20
24 3
7 9
78 10
408 26
393 30
120 25
483 10
166 9
133 18
400 5
347 10
274 30
78 22
268 11
336 28
66 24
322 25
216 23
450 3
212 18
264 23
62 3
28 11
191 24
24 18
385 7
324 26
436 21
279 15
379 27
50 29
178 8
221 17
474 22
367 14
363 19
368 16
433 4
354 31
111 22
65 23
100 12
153 31
492 31
90 31
397 23
19 10
214 15
170 28
260 13
373 10
371 12
397 19
191 18
277 10
479 1
148 2
432 16
317 12
435 14
498 7
248 4
109 2
254 10
149 21
18 5
486 20
316 22
42 31
335 23
12 14
363 7
447 3
311 15
274 5
372 23
279 32
286 27
433 11
369 29
255 26
305 28
126 16
325 19
330 23
189 21
324 32
352 19
50 18
385 15
110 29
445 32
80 30
479 28
472 31
444 6
84 24
317 5
219 17
228 21
299 32
241 11
319 4
97 32
105 29
42 10
293 18
454 20
67 4
383 22
278 6
115 25
73 27
422 4
71 21
44 18
416 32
48 19
376 24
306 24
180 32
46 13
185 11
344 32
430 15
141 15
404 16
419 17
186 4
324 21
192 11
182 12
150 1
46 13
76 15
209 11
50 6
79 31
252 23
338 29
205 18
239 24
85 17
288 11
53 27
83 12
329 4
203 15
196 20
207 27
451 31
229 16
168 28
86 19
286 11
451 22
457 25
449 29
402 21
367 30
51 5
49 20
416 32
210 11
351 28
233 21
331 10
5 30
473 18
121 22
217 31
247 25
316 23
65 1
283 28
22 26
232 6
65 8
173 14
110 24
41 23
28 3
156 16
73 4
474 17
385 30
467 3
66 6
177 10
350 4
265 3
497 5
145 9
496 13
38 29
44 30
299 16
301 18
455 1
285 32
417 13
321 31
3 18
17 8
220 10
343 32
441 7
332 21
455 15
253 4
136 5
69 30
220 1
92 18
93 4
306 17
397 14
244 31
216 20
430 27
181 16
270 9
166 30
409 4
280 30
111 23
162 8
201 21
400 4
110 9
167 23
353 23
245 8
314 4
411 27
246 24
219 23
416 32
468 29
356 32
190 10
162 27
349 10
435 25
5 20
93 20
311 25
438 15
97 31
366 27
198 15
302 4
329 18
3 25
246 6
44 7
176 13
489 32
271 15
124 3
170 24
2 12
217 32
238 17
394 11
375 23
417 29
210 30
98 29
394 27
422 13
129 17
345 1
325 15
243 8
446 16
220 7
96 16
238 21
452 4
140 10
426 24
354 20
153 19
200 10
145 17
334 13
422 15
93 18
497 27
397 14
303 24
389 6
403 26
82 6
461 25
32 23
129 21
226 5
40 25
31 20
249 4
161 10
394 13
119 15
292 20
184 18
483 16
343 18
254 16
91 6
497 6
452 25
63 5
109 2
453 11
137 6
3 21
75 32
402 10
490 9
209 10
490 7
449 16
428 2
459 15
268 7
196 3
283 14
100 28
211 4
30 4
457 20
496 24
484 25
77 1
293 29
350 26
179 3
465 27
352 8
329 11
82 28
42 13
134 21
256 24
396 13
191 1
373 19
88 20
435 24
180 12
300 30
361 22
180 14
436 3
305 24
354 2
140 27
250 29
91 21
116 6
494 15
42 2
345 29
73 11
292 8
210 7
133 27
421 4
452 12
47 28
120 20
493 23
498 11
383 28
99 6
425 32
156 7
161 20
447 21
335 23
337 20
181 1
318 25
485 21
309 11
228 8
282 13
390 11
463 16
70 21
121 6
209 9
312 21
332 15
454 26
201 6
62 1
314 27
334 10
204 30
180 31
273 17
151 2
443 1
285 32
230 5
210 10
385 17
158 9
483 7
234 3
456 15
64 18
230 29
67 25
242 15
363 30
411 2
379 26
182 15
69 23
271 30
348 32
151 30
224 13
320 9
316 16
456 19
45 1
479 27
117 8
61 15
289 8
48 3
177 18
181 25
140 3
375 8
310 5
197 9
157 8
342 32
143 9
202 23
333 32
2 1
455 26
483 11
385 31
261 1
260 29
158 23
96 16
90 1
408 2
290 4
154 27
388 32
483 21
187 11
325 8
467 27
101 25
226 2
479 18
250 6
131 27
489 14
142 26
334 29
216 23
465 5
457 4
220 19
144 26
105 12
445 7
451 2
20 12
235 22
13 4
440 11
243 24
72 8
209 6
285 12
380 5
348 13
304 20
127 31
325 28
471 14
154 17
19 1
448 17
227 24
440 18
307 18
445 26
270 25
135 30
281 27
6 20
203 9
47 5
459 20
264 17
493 2
349 15
146 28
467 24
460 18
37 22
440 17
347 29
338 14
114 14
348 27
97 14
279 8
82 9
367 18
166 27
467 26
73 20
14 7
484 9
444 20
294 27
57 12
443 14
473 16
215 32
378 27
73 12
158 31
393 28
204 14
234 2
423 30
133 28
196 32
112 28
340 1
226 24
397 13
493 5
428 31
393 6
369 17
461 27
323 5
402 30
262 12
399 25
145 20
324 13
499 24
332 6
44 29
289 4
77 1
13 5
487 13
310 24
73 26
86 12
327 7
125 16
326 8
476 27
407 28
163 13
87 14
299 10
402 15
274 19
368 22
483 14
42 32
413 30
117 22
213 23
189 18
383 14
65 14
336 19
9 14
79 27
343 17
429 5
316 18
223 15
487 13
92 8
52 1
345 4
206 14
111 18
99 1
408 23
202 7
337 23
93 7
157 15
496 21
31 23
286 9
197 12
161 32
3 32
144 24
232 22
109 30
95 3
38 6
425 11
449 1
449 1
379 18
179 30
42 2
36 12
166 24
303 31
372 10
242 23
357 1
68 5
18 19
375 27
16 31
146 4
411 6
208 5
403 19
15 29
300 22
124 29
486 30
143 5
435 25
75 7
61 7
459 23
157 17
485 16
335 22
340 13
76 23
238 18
285 20
274 28
5 21
401 22
27 19
198 25
131 21
104 4
119 10
122 19
99 10
298 9
440 21
382 27
36 7
344 20
222 26
256 2
366 8
68 32
50 17
205 5
241 24
76 31
73 1
485 27
6 19
308 9
123 25
311 18
11 15
182 24
124 21
161 21
296 16
233 21
197 13
229 5
448 32
500 4
352 20
395 10
322 2
6 13
94 21
306 24
175 3
187 10
127 7
490 18
427 18
119 23
362 31
263 1
3 30
181 30
450 3
415 23
480 25
419 29
89 1
176 15
415 2
412 26
60 21
167 30
327 17
312 4
336 15
201 14
40 9
43 29
159 18
112 14
230 22
210 22
106 29
432 25
98 27
414 5
447 28
199 21
69 22
165 28
436 29
241 16
97 19
316 15
444 31
392 13
309 5
490 10
189 5
434 30
467 19
146 14
131 4
390 27
206 26
454 29
270 30
320 26
180 24
472 20
414 3
148 10
167 2
136 7
262 21
492 5
472 6
198 22
185 19
4 2
493 5
383 2
354 10
480 17
189 3
360 23
166 4
176 12
349 19
39 10
436 22
42 15
371 31
212 4
178 19
297 30
375 3
135 24
233 26
464 13
417 12
227 2
35 3
265 19
269 31
344 28
185 10
314 15
328 13
462 25
91 23
378 21
289 21
44 5
478 20
146 10
35 20
475 13
330 24
451 11
394 26
154 10
383 16
485 11
344 10
67 27
56 25
103 25
309 27
69 26
6 14
32 12
290 14
460 23
449 22
217 27
259 7
272 18
42 28
204 17
258 30
375 5
418 26
361 2
476 26
216 1
495 31
224 8
456 3
403 17
148 31
99 6
45 14
399 26
330 18
175 15
428 21
251 5
230 16
275 1
393 2
389 15
88 12
23 11
350 21
447 5
99 5
403 24
267 1
81 28
107 27
34 2
360 28
230 29
99 12
146 19
345 30
230 12
350 24
475 23
232 17
196 30
170 6
325 8
102 6
235 24
216 12
93 15
255 31
164 18
30 9
48 23
194 5
158 15
232 24
242 7
257 1
145 30
238 25
213 11
78 7
399 30
418 27
368 24
17 23
229 3
191 13
273 5
257 26
427 13
414 24
155 26
456 23
95 29
120 27
384 13
457 10
490 18
124 22
397 29
240 18
391 11
254 23
315 14
92 1
202 1
113 13
26 16
7 16
113 18
130 20
175 10
481 8
459 32
225 4
448 9
333 26
247 18
500 1
299 32
357 25
300 25
357 26
389 7
297 21
341 19
200 23
364 4
382 23
135 27
382 31
423 14
272 21
3 8
433 29
419 21
301 6
110 25
43 22
224 8
350 24
470 17
430 21
228 11
7 22
269 4
148 7
453 12
211 15
395 15
108 25
136 32
382 17
269 29
94 24
468 15
259 29
343 28
269 18
350 28
135 11
15 27
161 16
54 12
126 24
218 9
464 29
493 13
449 1
121 18
308 12
484 6
376 30
105 25
99 6
124 22
424 18
368 1
161 21
160 31
72 5
19 27
82 15
379 14
327 16
424 6
439 31
199 3
437 11
163 11
109 14
268 32
479 15
320 32
259 11
426 14
356 4
216 17
159 15
170 1
298 29
119 24
352 17
254 24
472 20
174 12
405 2
463 32
280 11
23 19
113 28
72 4
243 8
108 17
438 18
238 19
222 24
174 9
376 4
64 3
47 2
278 24
383 25
39 18
227 21
404 23
212 4
159 14
467 14
59 32
395 16
490 13
3 27
393 14
294 21
77 21
398 30
496 24
298 2
293 24
446 13
215 5
376 9
462 26
490 16
97 21
167 10
353 5
452 21
399 2
405 3
438 30
32 1
81 22
318 30
57 23
274 27
123 25
495 12
342 25
308 10
221 26
375 13
495 22
21 17
423 10
71 12
79 18
496 28
487 13
237 20
131 2
166 29
10 17
41 11
497 4
140 21
321 6
289 27
43 1
59 18
438 29
381 17
435 9
380 21
393 4
316 24
329 22
480 30
346 28
40 14
219 27
58 28
396 2
206 26
358 1
107 12
97 8
16 11
216 7
156 4
214 7
187 14
156 15
231 1
38 18
194 9
4 15
500 11
448 25
40 18
173 15
305 22
486 24
4 5
66 31
364 7
334 3
320 1
69 30
342 26
375 15
66 26
286 5
480 13
122 7
242 22
17 26
267 10
217 11
258 14
281 22
412 14
24 7
455 8
484 16
253 18
182 3
439 27
87 14
256 4
289 5
206 9
247 4
11 15
94 32
449 23
241 16
192 12
443 18
411 26
145 20
488 31
186 22
349 28
48 32
184 24
305 25
492 3
212 18
69 10
474 13
384 6
229 3
182 19
425 4
300 21
107 23
99 12
417 12
416 16
255 7
151 15
339 6
313 26
200 2
59 9
250 2
238 10
369 31
500 25
363 8
213 25
290 32
465 10
463 12
373 21
182 31
128 16
369 20
421 28
321 12
240 3
273 17
400 17
100 8
285 18
403 22
134 12
365 14
102 31
329 14
395 10
349 22
381 17
462 2
136 30
133 15
56 25
407 12
398 14
59 18
467 1
383 9
356 27
50 1
425 15
283 12
240 27
193 17
199 10
274 22
140 30
264 7
162 2
2 31
176 4
93 14
372 23
446 16
426 12
36 10
78 30
373 17
448 22
289 2
71 18
35 6
171 26
405 5
320 30
243 11
318 19
340 5
14 14
268 27
485 4
492 18
473 25
378 25
430 3
270 12
432 17
62 3
306 30
287 5
75 9
471 28
216 7
433 5
300 20
371 12
355 2
345 24
226 30
100 7
92 9
359 20
377 4
478 3
237 28
159 27
144 22
55 31
144 23
439 15
390 1
226 1
23 22
276 28
495 7
107 19
447 21
462 8
384 27
210 24
54 16
134 25
201 8
408 32
378 26
138 8
7 7
364 29
136 31
128 15
365 26
69 19
50 6
190 5
172 3
256 21
471 14
273 23
281 4
367 19
378 4
426 24
71 1
264 6
279 11
40 3
329 20
157 18
341 15
163 24
97 18
88 3
159 25
90 20
392 16
450 25
311 31
152 29
15 3
291 29
10 22
491 18
142 19
215 2
197 25
198 18
147 5
212 9
497 13
448 25
108 1
9 15
123 1
3 29
279 13
485 16
475 23
477 12
474 4
301 10
272 6
315 6
135 15
427 7
31 10
223 23
123 16
261 9
96 15
86 18
408 30
14 30
397 2
201 30
385 21
243 1
351 2
426 5
140 20
171 10
78 10
160 8
329 4
148 8
35 21
149 14
7 26
27 7
4 19
328 32
431 10
396 1
331 6
321 26
25 16
140 22
89 3
5 17
423 13
192 25
441 16
102 19
354 16
53 5
410 28
448 8
154 4
177 16
369 13
454 1
340 13
199 20
447 19
196 21
411 27
29 32
227 18
150 20
313 11
140 2
286 27
266 11
134 18
423 6
438 4
99 26
24 29
57 30
55 17
43 14
139 31
317 21
405 30
148 17
372 31
143 14
78 28
448 23
201 18
65 10
449 3
119 4
163 16
294 13
280 20
182 10
258 6
487 2
20 6
83 11
125 5
400 30
484 16
264 12
69 16
173 22
342 24
341 16
319 26
73 6
321 22
367 31
308 13
296 31
191 18
217 23
306 1
368 21
316 7
324 16
311 21
253 8
492 30
360 18
79 20
259 4
37 5
34 4
182 1
170 4
411 11
38 8
59 13
357 26
387 28
461 9
232 14
53 27
159 8
236 1
195 2
192 3
323 5
279 24
406 8
227 24
38 20
383 28
20 27
173 18
123 30
307 6
199 11
429 21
474 12
297 12
10 25
102 20
65 20
187 2
180 5
489 13
176 24
369 23
462 29
304 8
174 2
438 4
24 14
80 29
381 13
368 6
217 22
73 1
53 3
103 4
23 27
153 30
314 25
96 4
413 28
211 15
213 24
162 9
217 10
437 30
322 13
339 26
126 28
170 10
374 28
262 5
67 30
298 8
138 22
359 10
497 22
340 13
421 10
297 18
447 26
87 8
390 17
157 7
392 26
44 10
450 29
366 12
422 15
247 15
408 30
313 20
175 16
317 31
357 21
84 11
198 30
422 19
299 18
305 26
404 9
307 1
357 16
220 31
187 30
41 2
71 5
202 13
357 22
44 13
482 27
368 24
1 9
322 7
367 3
488 6
327 3
474 15
170 17
313 16
10 26
154 9
58 7
29 18
224 32
331 5
403 22
88 19
486 6
201 24
388 24
473 18
38 2
248 12
490 13
415 32
118 12
432 3
274 28
293 13
384 19
54 22
320 13
40 5
402 32
9 25
483 25
2 17
427 10
228 12
14 22
267 27
210 18
9 19
158 17
332 9
275 17
30 10
377 5
103 15
160 11
67 26
91 17
14 29
374 5
137 15
235 19
221 28
101 5
278 18
382 13
2 24
345 23
306 26
451 16
500 30
370 14
455 28
190 1
181 23
61 1
301 31

