256
239 24
8 19
301 9
260 13
90 2
244 6
233 24
158 28
96 4
385 19
55 20
35 10
401 28
253 23
453 29
268 3
301 19
57 9
467 21
177 5
86 24
218 10
79 19
198 10
138 18
452 9
302 3
190 26
210 11
228 2
399 19
57 27
269 25
151 32
133 24
496 3
99 13
388 30
439 17
55 21
371 3
473 8
49 14
373 2
104 16
123 31
447 7
405 7
496 28
6 12
87 9
346 1
65 26
66 20
22 5
136 12
183 4
415 11
121 19
44 9
91 14
431 5
49 31
103 20
94 17
171 12
461 13
69 14
454 10
85 15
310 8
71 20
31 13
278 27
476 9
79 2
339 9
454 11
48 16
430 1
16 28
25 25
320 25
58 13
430 6
452 16
213 22
435 23
62 1
245 1
385 20
306 31
184 7
109 3
167 6
224 22
490 16
214 9
192 19
434 9
264 17
416 4
462 27
422 7
267 11
412 3
342 9
374 25
328 10
108 6
372 31
231 17
282 9
21 21
67 14
297 19
394 21
10 3
267 16
230 9
450 17
183 23
209 12
167 8
242 10
85 5
308 8
177 21
464 13
413 10
207 6
64 24
126 18
455 8
209 4
276 26
176 26
300 12
218 30
476 27
444 32
275 15
227 19
44 22
351 12
424 25
369 27
9 10
264 11
89 12
498 32
481 1
174 20
260 31
302 31
201 25
295 23
199 5
277 10
415 7
50 26
388 6
28 16
116 32
210 32
467 7
68 16
231 25
283 18
483 20
225 15
180 15
157 19
95 13
120 13
115 17
50 18
439 26
249 6
425 26
257 3
16 4
42 6
268 21
88 18
408 8
432 20
386 4
318 8
76 1
193 3
106 26
44 8
23 21
449 11
102 17
190 14
85 31
67 16
407 10
454 27
21 1
106 6
177 19
238 20
211 2
442 4
23 10
63 14
130 23
344 11
420 5
404 28
468 11
207 22
180 12
392 5
397 29
458 17
123 23
176 2
328 26
1 19
307 16
100 32
426 23
222 13
180 2
200 31
448 19
372 31
66 4
179 10
316 13
386 15
35 30
272 27
383 20
65 25
335 12
328 9
458 1
457 29
26 29
135 13
63 15
452 12
474 14
294 17
118 15
79 29
444 14
219 2
474 3
218 4
150 17
272 15
446 1
96 19
237 6
296 11
440 11
130 5
228 11
406 18
158 20
202 5
186 4
131 3
406 32
170 19
97 18
161 2
22 12
216 14
190 19
260 5
461 13
246 21
16 31
238 17
486 19
477 19
62 27
33 27
159 27
21 11
200 13
500 29
141 31
182 10
430 1
162 14
181 23
430 4
57 7
72 7
309 9
417 14
7 14
188 29
356 20
123 19
241 18
127 25
41 24
266 2
100 15
63 4
186 17
180 26
363 27
488 16
151 25
393 6
206 5
26 13
140 9
319 24
474 13
316 10
456 17
187 27
360 26
186 5
446 5
138 32
320 30
331 2
382 12
331 27
156 9
351 7
209 5
27 10
317 14
400 20
275 30
178 30
39 11
30 32
284 31
292 15
496 14
276 17
197 23
167 8
167 17
499 15
389 13
408 5
70 11
180 24
393 5
329 31
424 22
267 31
229 30
161 16
31 28
305 4
394 11
431 16
340 25
434 16
157 22
489 31
148 12
70 8
377 11
175 32
460 5
358 20
350 10
116 12
305 4
459 23
390 26
110 9
22 4
13 23
237 13
405 24
20 10
480 8
428 6
399 20
446 4
279 11
125 10
378 18
165 5
480 27
430 13
487 15
484 27
333 8
203 25
308 31
415 31
322 22
292 13
433 13
476 16
383 29
457 12
234 6
448 21
28 13
153 2
32 17
217 32
208 3
453 23
345 27
153 7
412 24
387 25
32 2
408 26
18 32
26 11
337 21
315 4
54 32
82 29
308 2
300 7
272 20
382 5
174 18
135 30
330 29
134 13
438 29
479 28
108 12
58 1
180 5
12 1
192 9
21 19
446 25
365 14
276 22
334 26
484 28
387 17
192 12
229 21
264 3
436 3
62 22
19 14
218 7
326 29
327 11
111 25
371 7
342 14
425 23
299 4
346 29
276 9
408 16
17 15
211 13
246 32
150 20
365 27
498 27
479 9
241 5
301 7
415 6
460 7
168 27
450 13
295 29
401 31
81 17
225 31
425 30
266 30
86 11
292 11
25 14
111 9
210 19
227 29
52 2
315 19
296 13
83 19
193 19
145 21
456 29
267 32
43 17
454 12
15 21
414 31
367 9
7 20
435 21
52 19
270 19
409 18
335 4
8 7
30 20
4 25
372 14
217 10
154 22
245 24
118 11
410 12
183 28
264 13
500 15
159 6
33 4
187 31
263 26
98 28
197 1
481 28
222 13
186 12
218 26
247 11
440 25
23 22
276 22
443 4
452 1
249 5
20 31
203 10
332 8
130 4
252 26
299 22
158 4
53 7
118 3
413 1
11 7
383 15
424 25
118 32
129 26
212 29
4 6
134 15
418 11
66 21
76 16
198 9
200 10
311 17
253 32
225 7
362 7
253 2
135 6
13 24
439 4
264 22
341 25
480 22
216 21
131 7
261 20
24 24
430 30
128 10
409 24
148 3
15 5
260 29
122 4
264 9
347 7
354 15
480 2
297 3
230 15
485 26
106 24
301 31
46 24
216 18
336 24
428 14
468 23
350 5
310 30
1 32
196 11
47 3
392 19
369 1
121 14
463 2
65 11
261 26
247 8
268 18
43 31
283 26
234 8
451 15
301 11
403 9
361 29
171 32
495 16
77 15
449 27
192 1
357 16
327 7
484 6
36 22
288 22
240 25
154 14
268 2
196 22
450 13
174 21
160 32
216 12
282 32
478 29
380 11
481 26
289 4
299 9
341 3
494 8
311 27
473 2
453 13
303 6
77 8
78 4
143 29
176 20
308 21
453 28
191 29
245 16
396 20
156 24
482 21
20 16
148 20
426 12
160 8
205 24
408 11
324 22
427 11
178 3
355 26
126 30
414 18
229 21
265 4
100 26
236 11
242 7
463 27
186 30
98 3
62 17
25 17
407 19
87 16
389 25
417 18
190 30
88 2
342 8
5 29
450 29
412 11
327 6
61 21
347 6
107 24
15 3
144 29
285 2
208 10
375 20
391 16
157 30
38 2
330 22
142 7
486 5
173 21
278 21
29 13
242 31
236 16
117 12
28 21
313 23
426 7
210 25
455 26
146 8
215 27
237 25
457 15
261 17
239 7
361 11
15 31
253 22
210 9
333 26
121 14
324 27
184 26
67 10
399 8
185 14
391 14
322 3
348 2
476 30
120 24
204 26
290 16
88 4
28 16
89 20
417 12
398 17
445 32
442 24
28 11
161 10
252 10
116 19
63 31
184 19
279 23
20 12
46 27
271 29
379 11
72 7
123 30
99 27
285 17
114 4
371 22
433 18
107 25
220 10
491 19
204 13
493 7
41 14
34 7
110 12
22 25
410 8
2 9
62 19
253 20
154 19
301 3
96 8
487 7
429 17
273 12
450 1
58 22
154 19
152 23
206 13
147 16
168 5
328 22
491 16
257 12
54 17
82 5
316 8
19 8
249 3
227 22
407 5
391 16
227 6
26 21
67 20
252 6
24 27
463 14
10 3
158 11
128 7
267 11
159 25
39 7
75 5
308 29
401 6
392 32
91 17
264 29
440 23
243 28
445 29
477 26
128 2
220 19
225 18
401 23
270 15
493 4
204 24
28 28
349 11
435 7
187 14
300 30
64 6
441 20
302 2
313 1
403 16
387 11
369 16
213 10
226 29
185 17
208 12
237 16
482 7
199 16
221 26
146 24
243 6
144 32
355 24
325 10
192 19
88 8
350 21
198 32
209 30
60 5
446 28
28 31
319 10
299 23
427 28
26 1
233 25
65 8
329 1
49 24
303 4
79 21
140 16
284 9
362 3
321 23
139 32
289 1
426 3
51 12
234 4
373 31
449 13
110 13
29 22
148 31
497 2
39 17
58 6
189 31
165 5
429 7
356 9
315 13
156 29
485 9
292 5
411 28
145 12
368 29
177 11
59 26
445 14
162 30
271 2
272 27
210 16
293 9
120 7
198 3
323 14
368 3
390 18
206 2
298 6
410 30
292 24
351 28
417 32
89 24
65 20
326 6
115 19
191 27
429 4
361 28
273 8
70 2
210 27
47 23
52 32
184 16
275 11
283 28
250 4
83 11
435 4
440 26
230 30
136 15
73 16
262 17
280 7
358 17
457 20
347 1
63 26
56 10
416 26
233 14
61 23
332 20
74 7
397 16
105 32
462 5
83 7
22 6
405 7
350 13
487 28
73 13
78 28
90 25
318 26
214 18
488 29
77 10
168 17
217 8
208 22
448 31
252 1
152 8
52 26
220 2
401 1
290 10
124 4
27 17
53 8
171 13
285 7
454 8
424 14
75 7
199 26
273 30
195 9
309 2
482 24
487 22
172 16
64 20
359 2
88 16
329 6
156 13
209 17
120 4
482 2
114 32
68 15
481 22
15 1
359 24
168 25
229 16
324 12
339 27
233 6
298 22
388 5
230 24
413 22
79 18
395 4
425 18
282 13
427 8
397 29
495 4
333 12
107 29
219 21
191 4
223 32
365 6
292 26
57 24
295 23
301 6
30 25
355 12
185 30
311 17
418 18
348 15
233 7
111 19
103 1
402 21
492 14
286 3
64 22
190 22
180 2
251 6
418 18
373 30
387 3
182 8
340 1
258 16
187 32
23 2
372 24
466 31
246 16
497 13
297 26
370 17
27 29
186 20
226 6
45 28
240 30
119 28
459 25
3 5
448 13
138 24
5 28
386 10
207 23
410 15
420 23
331 11
251 20
242 32
425 15
439 1
216 30
448 10
138 6
375 13
179 20
108 23
467 26
284 25
228 21
380 31
175 6
297 30
78 7
253 18
29 24
370 32
453 13
122 10
471 24
378 5
359 26
183 26
183 26
350 2
10 25
260 24
291 9
461 24
447 18
73 3
109 27
422 29
463 11
206 25
242 27
433 13
420 23
278 6
432 23
363 29
208 7
329 14
383 9
69 29
206 13
7 2
287 32
78 14
175 3
386 12
218 3
368 17
285 29
91 9
124 29
361 3
279 25
180 17
182 20
341 27
92 11
53 7
479 26
332 21
117 25
68 26
387 24
174 20
432 32
92 7
421 32
385 31
345 24
64 26
15 28
264 11
455 16
189 17
2 4
85 6
88 4
155 23
291 8
498 15
444 5
277 4
40 30
266 28
429 17
261 32
85 9
254 19
396 26
323 1
165 7
366 24
114 4
78 5
200 23
127 19
163 7
210 31
268 23
290 25
156 15
344 20
279 1
482 14
242 8
423 22
266 20
9 23
160 27
283 3
161 13
205 12
16 10
230 23
92 3
479 7
421 6
190 7
122 31
225 31
30 3
472 19
286 1
26 13
419 4
7 11
421 3
106 4
328 31
218 12
354 9
370 18
222 12
177 20
434 13
58 16
251 6
110 4
362 11
37 32
147 31
62 31
458 32
2 13
354 27
260 31
119 10
185 17
41 9
36 30
317 21
141 3
326 15
158 31
237 22
170 7
89 8
301 22
251 6
386 4
225 26
15 3
127 19
387 23
115 22
344 15
219 1
201 4
87 22
435 7
52 32
410 32
335 18
389 13
364 22
393 24
271 19
282 17
309 13
415 31
294 27
57 12
243 29
260 9
114 18
355 29
297 28
8 24
474 16
420 5
22 20
128 20
70 21
41 10
281 11
4 3
213 20
438 31
168 29
135 2
390 22
150 31
105 26
170 30
257 25
118 14
253 29
274 18
358 6
256 18
120 3
416 21
23 2
491 6
402 26
175 12
319 5
330 31
186 31
205 6
291 30
424 3
271 21
421 12
362 16
321 9
286 17
369 8
90 16
350 15
189 20
134 23
200 3
133 21
17 17
179 24
363 14
54 9
298 14
316 27
149 16
195 15
372 32
94 17
275 3
156 23
467 25
173 14
308 1
403 28
494 29
483 32
34 13
192 11
214 27
45 23
346 7
1 10
154 26
382 20
389 25
242 19
30 22
224 13
71 2
12 8
58 27
123 7
87 14
125 32
24 21
366 17
260 26
438 1
312 20
193 16
60 30
258 29
200 1
129 10
459 17
185 32
339 23
311 17
472 23
76 11
308 6
215 7
307 21
331 18
176 27
21 19
309 2
380 12
111 24
481 5
500 5
288 18
323 10
114 30
89 18
492 12
131 2
314 21
62 24
259 29
371 7
28 11
261 31
390 11
414 10
291 30
386 18
103 8
380 17
353 28
258 12
215 24
401 24
176 3
23 18
403 1
417 14
423 1
336 32
47 2
33 25
15 22
118 13
477 5
37 1
316 30
172 6
181 25
409 1
387 12
494 25
176 10
71 23
438 18
114 20
359 31
24 17
268 22
194 17
490 26
425 26
376 29
187 12
373 28
468 15
379 30
251 18
223 13
356 17
431 30
348 17
172 16
14 15
217 31
35 30
288 16
215 15
260 22
423 32
201 6
242 23
203 20
336 10
17 16
290 31
217 29
87 8
212 16
326 16
306 21
486 6
172 4
460 15
453 14
414 9
476 27
83 22
350 7
307 14
314 24
16 2
437 27
269 32
202 30
428 24
158 29
157 21
464 16
463 25
202 16
421 17
382 32
206 24
126 5
301 27
312 17
172 16
271 4
100 20
385 31
183 19
291 7
223 26
307 10
374 20
413 19
388 3
2 9
230 23
309 30
269 9
50 12
72 24
231 7
144 15
49 22
361 31
17 8
297 19
121 10
386 9
316 9
179 13
69 4
147 30
494 19
350 15
58 29
215 12
444 18
107 8
387 27
183 3
402 31
281 18
500 26
259 4
290 5
336 19
49 19
88 10
249 21
436 3
61 30
446 20
211 8
348 22
223 2
352 4
212 13
350 7
150 16
230 8
248 26
298 28
400 9
41 16
25 29
158 13
478 32
441 9
359 28
286 9
21 21
409 28
473 2
146 7
69 12
414 4
293 7
316 16
299 4
395 11
184 17
111 26
8 23
350 22
42 31
151 14
327 11
145 20
20 11
274 28
18 7
107 26
101 30
57 27
278 7
425 1
3 27
474 6
438 27
432 3
13 26
393 12
344 25
491 15
179 24
154 24
154 8
209 10
182 25
208 7
216 8
123 22
18 1
284 19
123 23
434 20
148 6
327 19
66 29
57 1
284 10
144 17
321 9
246 22
469 29
164 32
84 3
458 5
87 17
408 29
307 13
196 22
370 14
148 15
190 8
31 29
265 7
261 1
231 6
439 15
310 18
87 5
92 4
346 22
136 1
239 26
297 2
247 30
308 22
452 25
449 27
470 13
361 2
1 15
440 3
141 9
245 11
494 8
270 23
218 1
443 16
198 3
93 8
256 32
41 11
397 25
393 14
405 5
299 18
195 22
196 16
339 8
62 12
480 8
22 13
440 24
356 2
406 12
285 25
200 6
71 4
18 8
165 3
68 31
180 31
405 7
98 19
19 7
426 30
194 31
398 22
114 5
475 15
52 31
31 27
436 9
198 2
416 14
228 28
29 23
98 1
337 7
27 11
57 16
204 27
102 17
440 3
205 6
437 5
24 23
359 8
271 29
117 15
122 12
22 22
306 3
82 30
165 8
497 21
263 16
27 4
5 30
134 21
231 22
21 7
240 24
418 11
140 22
49 29
81 2
263 2
40 8
27 12
156 7
128 6
279 15
338 23
324 15
47 15
393 4
13 16
299 2
494 14
167 18
50 23
463 28
484 22
360 22
57 19
237 1
488 19
43 1
1 26
148 19
272 20
114 28
375 16
65 29
201 19
114 7
329 1
266 32
430 5
174 23
343 18
375 15
128 5
7 12
486 30
26 6
397 20
393 20
255 30
344 32
392 29
58 25
385 7
384 19
300 13
357 2
170 31
176 1
351 31
276 32
188 10
445 13
145 6
60 31
351 15
206 18
211 3
166 8
290 2
114 21
310 2
434 12
52 6
128 2
144 24
89 31
409 6
119 29
75 10
303 13
432 25
18 3
123 8
442 4
85 3
204 22
228 14
225 3
99 13
32 22
312 4
276 4
5 31
476 19
276 26
355 32
138 29
54 13
56 11
376 12
105 8
385 16
421 2
462 7
166 21
464 17
316 15
48 1
337 19
251 21
152 18
24 30
330 21
254 17
275 25
228 11
412 28
62 20
73 11
202 10
367 21
214 22
256 13
354 16
135 9
56 11
414 23
428 7
359 17
331 9
13 18
363 9
373 12
460 10
298 22
35 20
30 13
50 13
213 31
229 24
211 32
486 32
67 9
70 1
297 28
410 1
161 28
437 26
48 5
183 29
114 21
213 3
21 26
132 26
368 12
433 31
347 18
406 1
34 4
190 18
79 11
490 12
222 27
329 13
27 7
318 24
79 26
134 28
495 9
185 10
476 5
292 31
238 6
87 15
377 32
452 7
226 17
250 16
219 22
420 9
88 5
236 23
470 26
470 16
134 6
30 22
326 1
284 31
222 18
37 14
350 12
257 27
280 6
374 7
84 6
95 23
234 15
41 8
200 30
371 9
367 16
146 12
73 17
458 22
3 22
244 20
333 24
278 29
5 24
463 24
149 17
463 6
387 27
437 6
217 4
475 27
207 12
479 3
401 16
425 31
282 28
458 6
371 31
78 15
90 4
315 18
97 21
472 19
131 4
125 7
215 7
134 26
218 8
404 14
399 20
76 28
199 29
146 1
472 3
296 17
263 22
3 27
90 26
397 24
233 5
419 4
119 32
73 29
15 24
158 29
8 22
445 26
118 26
479 13
312 10
2 2
87 32
488 8
329 9
99 21
257 29
360 24
272 20
416 2
464 29
51 23
10 23
380 4
84 10
68 11
335 13
25 17
424 8
300 4
248 23
165 29
267 16
232 15
12 7
176 15
71 14
297 21
220 20
60 19
238 7
402 16
400 10
197 31
437 24
279 1
246 27
41 1
170 16
255 13
270 30
7 24
156 31
272 15
183 3
382 16
162 31
195 29
208 31
87 24
239 29
180 4
11 20
200 1
195 18
65 24
384 8
156 27
226 27
469 24
462 10
31 7
132 6
35 15
468 29
335 26
338 30
394 16
438 1
232 20
399 29
448 2
220 27
376 9
381 4
57 18
194 7
168 21
164 26
164 16
27 10
189 16
215 6

