256
492 6
45 19
251 10
489 17
216 17
395 14
433 7
364 26
114 1
279 4
471 17
46 8
168 14
261 18
235 22
430 6
427 30
153 6
39 29
342 15
453 32
116 30
335 16
147 8
136 17
203 18
241 24
73 13
317 9
10 32
458 31
481 25
117 29
118 3
478 19
261 6
399 13
19 25
60 25
32 11
293 11
300 10
334 20
146 7
56 19
406 26
298 10
454 14
371 15
420 32
233 1
129 19
261 8
215 8
16 11
366 9
185 13
46 22
388 7
224 27
197 1
12 10
367 5
259 17
239 7
436 20
211 20
306 19
415 17
142 27
471 11
443 15
23 20
228 22
178 32
408 18
432 4
220 10
88 18
238 27
156 9
150 30
441 19
40 23
327 9
489 29
39 19
7 9
270 15
174 31
38 14
25 13
205 12
471 24
221 16
470 21
233 31
446 21
278 2
231 20
18 28
105 29
354 27
469 20
49 3
274 22
280 2
259 32
393 25
127 10
492 9
194 32
419 15
100 24
124 31
4 26
402 28
50 7
422 26
230 31
216 12
260 11
153 22
478 26
450 1
11 22
405 32
17 15
194 9
371 30
299 18
163 32
333 12
454 2
433 32
76 1
39 20
143 23
205 21
88 23
429 18
300 29
153 32
359 31
136 17
368 14
306 18
485 14
445 19
96 1
326 15
377 28
358 12
258 11
196 2
421 20
295 12
160 4
239 26
498 19
451 29
12 12
450 13
246 10
139 9
122 16
363 11
31 25
222 28
135 21
485 3
392 16
478 23
431 24
272 20
294 26
348 10
478 29
6 31
190 20
415 15
311 29
13 13
349 14
184 23
2 5
241 9
300 6
147 6
138 15
361 7
492 8
440 13
4 5
395 9
440 17
207 26
438 16
146 2
157 14
269 31
350 17
255 5
79 6
82 20
24 2
350 27
1 10
336 12
86 18
400 6
391 10
331 16
29 5
113 22
158 9
48 3
94 26
359 16
55 16
443 18
233 28
445 25
433 20
440 19
65 23
396 7
148 22
134 25
54 7
66 11
183 1
421 8
266 19
3 25
70 25
102 18
89 22
238 25
29 13
39 14
219 2
400 3
364 10
247 17
336 8
332 30
128 8
498 1
235 28
65 28
445 3
310 9
416 23
405 1
76 12
390 6
81 1
364 4
378 2
65 25
125 16
83 16
351 28
497 17
79 9
93 11
431 26
259 3
300 20
143 19
311 16
373 11
376 32
39 26
198 3
318 10
202 8
278 8
331 10
341 26
38 5
136 29
186 23
19 13
114 1
416 8
248 24
166 31
227 32
228 24
362 10
450 19
297 27
319 20
352 19
389 21
443 16
413 20
474 15
464 15
443 31
10 30
18 8
165 13
435 20
20 9
289 5
63 14
47 21
65 2
391 13
343 29
328 7
312 2
38 16
240 4
358 6
22 4
481 30
324 19
281 19
63 14
16 22
7 22
210 27
16 17
375 14
137 2
464 29
207 9
428 19
333 25
48 14
216 4
243 11
294 27
86 17
444 21
186 2
366 15
372 1
347 2
90 12
300 2
136 6
406 19
304 22
51 15
295 7
230 13
305 8
264 14
84 15
342 29
361 12
367 12
292 10
182 26
49 17
139 28
338 4
98 14
486 24
196 28
266 14
21 15
153 16
164 12
194 30
208 14
417 18
342 20
139 7
293 15
355 7
74 12
327 23
37 4
23 21
443 12
10 7
210 22
450 22
249 20
231 8
253 27
233 26
58 20
468 27
262 22
133 12
218 11
62 26
122 16
338 13
224 15
83 21
8 9
158 4
232 28
415 28
238 4
430 4
223 21
498 24
423 30
23 12
441 5
97 22
20 19
182 15
281 21
28 5
149 13
248 24
425 19
215 30
14 8
161 12
245 30
423 7
140 6
362 4
382 22
197 29
392 27
496 9
495 15
165 11
59 20
374 3
278 20
349 27
436 1
230 24
371 9
402 26
302 15
293 23
72 21
287 12
219 30
488 29
156 32
59 7
415 8
401 25
224 9
39 23
462 25
394 8
125 11
45 14
409 29
312 28
29 22
295 32
232 26
312 31
137 3
157 12
154 14
448 5
10 22
239 31
458 8
6 14
130 6
359 10
238 30
222 19
268 12
366 7
2 13
441 30
399 10
393 25
7 12
485 12
30 24
339 15
59 16
421 17
394 23
78 23
449 31
249 8
19 26
418 16
495 18
361 21
307 22
149 17
297 10
329 2
61 7
165 31
362 13
159 11
363 9
90 23
239 10
378 17
156 11
480 10
357 13
394 23
298 11
476 2
380 4
124 20
322 20
410 31
224 1
290 2
157 11
101 15
420 22
356 23
329 31
224 29
379 30
347 12
364 26
474 27
329 17
34 6
88 31
185 3
11 14
452 7
56 28
414 11
234 21
402 18
455 1
98 30
94 32
361 5
470 22
51 22
134 12
300 9
27 32
383 9
309 15
408 4
238 5
190 27
441 15
236 11
68 25
432 13
129 17
322 18
330 16
247 12
160 2
36 6
381 31
426 13
105 29
404 22
5 30
17 25
184 28
44 27
437 11
264 13
119 25
366 1
160 4
264 3
10 31
356 6
69 22
431 9
466 2
219 19
279 15
119 11
338 14
417 30
489 12
42 19
468 7
407 12
371 30
298 16
469 22
473 25
139 7
62 28
441 32
278 7
218 25
385 23
410 22
33 30
333 30
5 5
185 3
132 15
433 29
138 29
286 18
289 28
217 22
380 1
333 5
227 2
53 24
309 3
265 13
360 13
118 16
453 14
479 32
208 19
365 25
163 14
11 3
426 3
5 1
235 13
461 9
239 2
276 7
180 12
91 3
193 28
107 9
214 5
229 5
347 5
470 5
446 8
311 27
58 31
175 12
4 32
456 26
353 20
492 4
475 18
422 23
493 24
312 22
316 8
479 18
188 24
374 29
279 29
4 8
351 18
479 6
165 6
299 17
17 30
400 24
223 26
10 28
201 13
273 13
416 11
30 31
50 20
236 32
292 19
15 10
268 25
200 21
279 14
153 23
140 25
490 26
374 28
281 2
376 6
442 28
156 12
246 18
431 21
237 14
423 24
215 11
96 6
179 14
412 3
225 31
235 18
468 12
417 13
386 21
154 27
436 1
354 9
70 4
366 3
5 4
410 8
34 9
485 12
435 32
395 27
150 9
224 22
89 25
218 2
137 19
152 28
235 2
456 5
141 1
111 22
313 32
217 18
376 9
58 30
449 12
320 6
432 4
67 8
240 28
345 8
6 5
299 1
206 6
397 10
279 11
343 11
378 27
436 17
260 25
267 12
148 6
157 24
333 12
451 4
359 8
299 21
144 13
309 17
55 25
46 25
415 25
423 12
447 30
248 22
407 10
117 26
304 18
485 24
53 16
412 3
231 6
479 2
159 11
426 5
47 11
397 5
359 31
104 22
380 12
215 18
217 12
192 4
161 28
360 25
463 23
475 1
480 18
270 14
444 19
54 31
18 14
303 32
120 19
385 8
258 32
489 18
135 4
198 7
208 17
359 10
31 25
67 2
138 12
352 6
87 1
276 28
207 6
331 26
484 16
177 21
19 26
419 25
197 28
151 28
228 29
278 18
193 16
119 31
235 2
116 25
79 7
276 17
320 15
110 4
174 11
248 12
304 30
48 32
337 2
108 4
58 1
173 18
80 8
284 10
465 19
339 11
493 22
179 5
72 5
320 1
279 31
140 18
437 15
433 21
236 12
41 13
276 13
247 27
356 14
373 29
281 7
215 25
176 2
437 32
386 4
344 20
27 12
97 31
22 21
439 10
273 11
254 12
44 20
107 11
382 11
71 2
41 14
286 12
383 23
315 20
330 11
431 28
142 11
170 15
259 13
124 31
439 14
431 14
229 17
233 2
367 31
123 11
144 29
326 26
483 1
145 12
151 19
20 32
305 1
158 28
1 6
446 4
159 4
125 19
412 9
349 14
364 23
36 19
83 14
33 5
354 25
81 24
308 24
147 8
492 4
27 5
437 29
136 27
200 24
186 20
469 2
93 8
208 25
338 11
194 6
59 19
103 31
402 10
442 32
373 14
55 20
130 12
76 25
438 15
228 19
442 16
360 3
379 12
15 17
210 32
290 4
106 20
111 27
153 24
258 14
189 28
129 22
155 16
138 13
182 30
67 32
413 19
10 4
346 28
212 19
83 9
26 12
97 24
398 25
40 31
126 20
466 6
250 1
161 23
65 19
104 11
318 1
409 19
12 26
54 23
12 8
427 2
27 27
377 24
476 8
430 25
348 15
59 5
367 19
187 27
413 15
414 22
11 2
260 18
280 21
448 7
4 6
32 14
249 1
157 20
176 26
28 3
481 10
323 23
305 2
482 1
152 23
299 30
420 30
35 19
75 22
194 14
207 1
312 27
485 32
382 9
54 26
35 2
495 18
84 31
219 9
368 2
163 22
383 23
279 13
485 5
102 2
283 28
107 14
467 3
61 4
455 6
109 22
351 32
199 31
106 25
351 29
138 6
194 24
448 5
288 4
325 5
166 27
48 8
404 22
66 21
214 21
282 22
362 1
129 16
419 19
328 5
411 1
486 1
336 5
77 27
421 13
363 14
212 30
209 15
276 30
135 13
294 29
162 27
401 23
418 27
377 17
143 23
61 9
243 8
265 27
370 21
72 32
122 15
494 22
453 17
456 32
461 5
4 30
108 24
116 9
426 28
270 16
483 10
48 9
78 5
396 19
349 11
383 27
453 16
152 21
200 3
344 28
208 15
133 7
454 13
191 23
444 8
299 26
494 30
355 3
10 6
221 27
68 7
33 8
34 4
128 21
495 16
392 14
170 9
368 4
329 2
354 28
370 32
402 27
350 24
285 31
357 17
273 12
312 13
499 13
193 14
430 23
449 17
92 27
49 23
94 13
220 23
353 1
303 30
303 20
361 23
214 17
296 11
196 31
495 14
155 7
319 12
429 24
109 32
90 21
330 15
386 14
333 10
490 27
343 9
490 27
83 32
475 6
246 6
40 32
363 15
131 13
482 3
152 22
431 21
247 24
127 12
161 8
73 19
298 27
295 16
321 25
195 31
459 24
464 2
31 22
44 29
210 10
72 6
467 2
306 9
113 29
48 30
244 8
424 5
386 10
180 22
298 2
352 32
17 23
106 16
344 17
412 14
378 11
267 25
188 12
409 5
356 21
426 11
428 17
492 30
270 3
223 27
101 7
175 29
93 28
16 9
280 24
342 6
262 8
2 14
383 30
102 27
218 19
189 14
227 20
15 28
55 29
414 27
15 16
123 32
367 3
396 23
418 29
156 27
196 25
332 22
270 25
316 8
311 21
189 13
388 31
384 30
291 30
448 30
385 15
265 24
413 4
250 10
396 9
64 3
265 12
20 22
180 8
225 15
44 17
379 3
115 3
225 10
412 24
63 12
298 3
399 22
338 16
243 5
256 3
175 24
406 30
406 17
233 10
279 32
395 26
59 9
124 3
118 27
10 24
182 32
210 9
221 31
80 20
131 16
474 9
207 3
203 20
315 11
94 18
63 24
455 13
200 6
459 18
464 8
201 5
127 3
225 28
457 5
15 4
492 4
96 26
366 18
14 24
233 11
477 7
298 19
119 1
212 1
166 23
396 27
320 15
277 8
74 29
52 24
24 31
427 12
445 32
269 6
175 25
268 32
499 17
286 17
413 10
397 3
24 25
297 27
19 25
91 16
361 14
383 21
389 1
208 5
452 28
494 22
181 25
481 19
177 7
500 25
468 20
371 15
40 23
186 18
295 12
353 4
473 7
244 5
43 23
397 6
482 18
472 6
354 16
193 18
422 28
323 5
87 5
232 27
64 29
36 10
396 13
365 32
475 4
433 26
114 13
11 12
423 26
109 8
138 9
10 31
492 4
300 19
376 23
409 3
299 24
149 26
36 25
265 23
325 29
28 22
378 14
237 8
224 18
279 17
146 8
271 30
119 18
420 19
100 28
285 26
327 1
295 23
150 12
225 22
108 28
115 17
493 12
136 16
197 7
280 22
54 15
183 25
472 2
19 8
485 31
173 16
440 20
174 25
231 18
414 6
1 24
175 21
83 14
413 31
428 4
473 2
242 7
6 18
461 4
137 5
30 25
108 1
480 25
409 10
382 6
48 22
54 6
79 32
235 15
267 7
182 19
144 4
97 1
341 1
24 13
206 5
489 25
374 17
298 30
178 27
308 9
413 1
150 27
348 1
333 30
47 26
56 14
493 9
42 17
413 17
13 14
321 2
135 26
322 24
328 11
462 27
76 2
347 1
68 26
461 4
12 7
118 7
252 26
71 1
147 24
61 7
305 6
12 11
427 25
74 22
332 20
240 23
113 10
335 17
484 24
284 27
154 17
413 18
215 16
50 21
319 3
371 11
344 3
266 6
215 23
228 30
226 11
8 31
257 11
371 24
138 2
86 31
259 18
48 29
333 2
37 7
60 11
478 11
141 7
376 8
433 11
105 7
422 25
497 10
307 19
121 4
224 18
438 6
407 18
306 4
287 18
242 22
101 27
100 9
313 15
448 30
430 21
404 15
369 8
232 15
322 24
470 13
409 19
379 11
96 20
406 22
230 24
79 2
218 10
70 19
5 26
128 18
274 19
488 26
134 23
168 19
70 25
351 22
247 17
496 15
117 14
76 10
49 15
175 22
184 20
148 16
465 23
325 26
9 32
231 2
382 26
300 3
238 19
132 29
83 24
179 7
29 14
396 9
260 26
46 20
370 6
187 26
172 4
276 5
27 6
174 25
108 26
211 17
476 19
329 14
322 23
461 14
465 4
482 32
278 19
223 11
424 22
332 20
273 23
128 27
317 29
59 28
478 14
268 1
464 25
363 9
307 3
338 19
30 11
199 3
197 5
157 21
182 17
420 18
299 31
105 3
51 31
38 17
284 10
333 11
254 31
235 16
221 8
387 7
94 21
261 15
357 22
115 19
258 10
344 12
432 16
23 2
463 12
362 26
217 3
197 22
93 23
234 2
207 8
416 16
56 16
442 20
445 32
154 10
441 10
462 16
149 4
58 7
395 3
61 4
169 5
433 6
39 30
427 25
489 14
397 32
369 6
160 2
246 25
367 14
14 32
262 27
163 15
477 18
293 1
169 22
293 13
223 32
323 1
428 15
194 32
207 10
14 2
79 11
382 22
148 28
125 21
262 24
283 22
197 20
127 29
37 27
169 3
454 19
463 18
154 16
409 16
69 22
77 4
384 10
297 24
409 13
496 26
60 15
112 12
354 6
324 10
8 17
204 26
335 14
47 4
173 27
199 21
81 3
92 16
437 16
199 17
309 19
367 32
325 26
328 2
67 19
271 30
347 22
239 6
491 1
373 31
444 28
255 12
50 11
339 10
234 2
183 22
84 5
114 20
378 1
437 28
147 31
221 22
384 16
379 22
448 3
36 11
174 6
414 28
136 17
209 10
142 31
263 5
143 20
336 32
372 12
167 7
182 20
364 29
199 22
438 18
492 5
389 22
114 18
389 26
406 21
471 19
44 1
475 22
165 14
410 8
285 16
258 2
315 9
30 5
214 15
11 22
143 19
223 29
52 27
210 6
263 24
60 2
468 15
344 12
48 13
372 21
328 1
298 31
250 20
7 7
350 25
20 21
119 6
453 15
408 6
332 15
45 11
328 20
129 7
348 21
275 19
9 15
199 30
449 28
337 15
263 19
176 30
383 18
80 23
316 3
348 19
9 24
242 1
107 22
211 10
46 26
24 18
440 15
64 20
22 32
194 12
290 9
122 24
367 13
6 26
391 9
33 32
448 10
440 11
143 6
360 9
135 16
446 6
310 9
313 7
113 27
319 26
79 28
426 29
344 31
479 22
488 3
133 7
136 20
341 10
74 5
170 24
140 12
134 17
328 22
131 28
8 9
194 19
240 7
383 11
401 5
317 12
75 21
175 18
225 3
340 2
419 13
357 26
328 22
6 12
492 1
447 27
437 28
437 13
110 28
111 7
384 23
250 7
432 4
372 20
291 19
157 13
424 13
119 23
207 16
110 14
112 9
196 25
400 21
429 6
156 27
224 15
170 29
201 29
249 13
460 7
487 4
99 30
480 25
13 18
193 22
235 24
30 7
204 2
267 20
291 10
23 18
164 32
338 13
496 14
141 11
476 23
422 7
389 29
143 9
291 7
226 13
491 28
307 14
37 13
30 3
198 16
192 14
447 1
430 10
319 18
100 2
48 1
72 28
477 7
40 11
253 2
144 11
373 10
141 25
227 26
439 12
73 14
137 23
362 18
16 28
339 19
326 11
191 5
26 15
315 10
286 24
35 17
162 7
434 26
19 16
471 25
288 27
438 20
117 19
194 16
331 8
450 12
270 20
256 24
11 27
213 28
138 11
428 19
357 5
101 15
373 31
183 16
170 12
287 10
270 8
122 12
12 27
107 1
415 7
428 17
433 24
72 18
90 23
72 18
63 16
24 15
447 6
446 8
177 1
105 15
64 10
398 23
149 17
208 19
219 15
191 23
331 14
424 8
464 11
70 30
19 25
313 9
299 10
284 15
342 32
273 18
466 23
332 14
27 31
380 29
378 2
247 20
183 26
479 18
16 20
23 30
493 27
350 11
445 21
469 14
373 22
43 30
116 7
303 18
265 10
238 18
455 32
53 25
357 32
486 28
283 24
406 31
47 31
269 23
92 2
128 8
183 3
153 2
249 15
143 13
340 32
211 2
67 3
134 23
146 3
294 21
478 11
407 12
10 28
366 29
265 6
416 19
368 8
448 16
374 6
332 13
173 26
358 3
157 7
161 30
461 10
82 2
357 5
166 30
16 15
466 28
228 29
282 27
300 1
414 25
22 6
89 10
491 18
432 27
140 4
301 32
397 10
241 1
222 14
470 13
289 23
220 16
19 21
463 22
81 20
194 26
325 18
147 24
283 14
314 26
21 10
225 30
348 26
374 1
223 28
158 3
130 21
379 5
230 29
170 30
420 8
116 9
201 26
264 28
340 17
257 24
191 14
481 14
299 19
310 13
50 27
384 31
48 2
31 25
454 29
290 13
268 13
321 28
167 20
451 14
161 12
69 31
41 26
92 31
108 25
211 25
72 26
335 3
207 26
247 24
270 16
237 25
293 25
4 3
493 11
20 17
366 20
207 14
341 26
448 24
50 22
104 5
104 7
91 10
8 1
174 21
77 6
165 13

