256
286 16
62 16
173 4
295 26
408 9
97 26
69 3
26 21
264 26
414 21
29 29
20 18
457 12
364 9
169 1
215 26
193 24
225 13
111 3
130 27
124 23
260 12
93 25
464 8
3 29
312 19
197 27
36 6
318 3
98 3
28 12
292 20
291 5
288 29
387 6
419 18
496 10
405 20
167 28
295 21
96 22
51 17
289 10
298 22
189 3
296 16
58 20
287 16
456 2
100 30
343 3
408 2
400 12
129 14
180 15
86 31
233 8
419 21
426 4
182 30
462 2
181 19
417 15
218 12
244 14
417 23
188 24
128 27
136 13
153 11
235 10
293 31
226 24
191 3
279 29
116 1
202 12
259 18
466 21
341 9
146 5
499 17
433 23
419 32
439 19
86 29
161 18
492 14
441 14
388 4
258 15
312 7
354 22
428 19
398 20
231 11
377 26
375 21
60 6
80 18
216 29
22 20
394 9
113 23
399 16
258 32
206 29
319 23
490 30
81 28
218 4
282 10
393 1
106 12
154 17
301 29
201 10
449 26
187 17
132 9
413 9
444 30
309 14
381 23
212 29
390 29
124 23
226 28
31 3
171 28
367 3
109 31
145 9
364 31
469 8
119 25
88 14
203 21
28 11
47 7
395 28
371 7
310 8
238 9
130 9
228 28
231 28
266 23
244 17
261 29
476 27
445 8
145 11
312 4
81 6
466 28
497 12
198 18
135 3
498 28
195 30
463 22
265 16
4 29
208 1
73 24
347 13
451 3
16 26
218 12
323 15
275 31
222 8
476 12
407 10
471 21
403 29
230 31
364 22
379 12
202 19
459 16
172 1
243 23
374 24
338 24
495 9
218 32
84 5
424 26
370 18
295 20
31 24
291 26
461 13
317 2
324 7
62 31
387 4
385 32
115 22
159 1
186 12
177 14
421 12
463 30
197 21
414 11
485 4
473 25
76 9
311 15
268 12
97 22
27 1
118 9
407 12
102 20
152 10
213 8
81 8
65 17
136 22
356 8
385 32
269 9
172 27
63 23
302 4
445 20
492 2
320 26
189 5
342 4
254 14
115 2
229 16
463 17
9 14
336 30
201 24
206 20
386 28
163 23
279 23
366 3
20 6
372 4
162 9
252 24
267 18
101 11
397 11
211 6
436 19
151 4
206 8
8 28
327 2
278 2
480 28
80 15
33 31
410 10
16 25
109 30
379 26
128 11
476 3
384 28
441 18
399 30
93 22
89 28
279 11
229 14
214 32
108 6
462 14
291 5
30 16
110 16
313 10
35 12
280 10
403 32
304 6
69 20
59 22
371 18
228 11
95 5
258 27
38 8
72 24
48 13
431 14
361 15
247 23
235 2
16 1
97 27
438 29
419 1
174 29
186 17
240 16
193 17
186 30
420 17
410 4
62 28
477 26
435 7
20 5
100 15
305 8
206 11
64 24
91 22
264 28
342 27
259 27
204 21
264 3
405 13
442 2
217 22
91 19
344 10
171 3
497 27
342 2
69 14
29 15
347 12
138 8
147 21
74 18
193 26
324 13
214 26
415 14
387 9
432 11
467 22
25 11
429 23
16 21
476 4
360 6
187 13
361 21
245 15
386 9
124 26
386 13
179 4
471 1
8 26
295 30
356 24
288 32
38 19
484 17
50 23
186 5
44 2
273 4
184 31
77 23
72 2
348 10
465 30
314 16
71 21
150 6
280 21
265 25
296 25
181 29
295 30
285 18
115 26
478 15
420 2
457 15
219 8
92 7
325 1
210 28
217 3
377 32
148 6
16 31
242 32
139 12
265 28
78 28
185 19
382 12
164 14
298 22
346 17
268 26
349 17
269 6
188 22
265 11
139 29
129 24
180 3
119 25
246 32
28 18
306 29
385 5
98 22
202 31
274 21
317 23
150 13
40 25
82 32
23 28
436 11
451 24
473 22
412 11
469 3
148 7
347 25
95 8
418 5
91 20
469 31
18 30
343 5
454 13
64 24
348 32
330 27
467 15
72 6
373 4
20 20
18 6
256 21
13 26
261 19
69 17
9 22
199 28
346 4
480 29
332 15
112 29
477 18
315 24
159 3
292 30
59 5
395 2
273 16
339 17
362 7
466 19
196 16
426 21
19 21
154 14
435 13
215 12
195 21
311 21
68 30
383 14
115 21
291 27
388 10
476 6
92 13
176 12
308 5
32 14
209 17
380 27
302 6
406 28
474 9
200 17
374 2
370 8
415 13
79 26
494 14
107 5
346 22
224 21
234 16
182 18
144 29
437 29
154 18
292 28
114 8
20 32
129 10
327 31
402 9
49 11
310 23
183 15
289 31
11 6
366 5
168 13
253 4
306 3
149 1
238 15
292 9
102 17
498 20
315 7
185 7
497 18
222 32
353 10
290 3
235 11
55 6
367 8
357 32
418 30
473 7
472 8
263 25
36 1
204 7
363 8
269 24
86 10
243 26
203 20
152 2
390 3
43 20
218 16
280 19
461 20
141 24
367 7
208 19
367 27
457 14
355 5
293 28
67 27
81 1
418 16
410 11
142 9
266 27
56 17
345 4
500 5
299 31
444 10
473 18
120 9
391 6
5 3
265 27
69 21
44 10
429 29
496 22
109 18
281 28
10 29
179 6
314 25
80 13
186 20
418 6
184 29
279 8
343 12
463 28
388 30
249 4
310 25
238 31
210 10
434 11
494 25
284 7
145 19
267 19
118 17
136 1
197 2
341 11
309 11
154 13
160 11
216 1
351 9
91 12
322 25
334 24
193 6
326 1
332 17
167 30
333 10
102 13
68 6
271 24
96 29
276 23
31 20
428 9
296 22
144 14
394 9
137 30
446 2
275 6
110 17
79 18
95 32
174 6
326 21
241 21
221 1
380 23
8 3
335 15
324 18
124 6
306 32
7 8
278 1
381 19
74 15
181 12
490 2
33 19
150 13
440 6
141 19
324 32
125 26
7 12
487 10
369 5
94 20
396 11
8 24
109 5
86 1
452 19
495 32
446 24
461 13
366 25
55 25
453 19
199 7
330 29
292 15
181 25
426 12
459 21
203 32
218 8
208 9
419 2
209 32
346 21
100 23
473 10
103 5
184 1
87 25
338 27
415 30
467 8
446 22
477 12
493 22
492 20
66 14
254 6
125 15
146 24
13 7
229 19
99 28
268 22
480 17
416 27
474 2
86 23
159 30
271 11
459 22
55 17
23 20
2 15
110 16
74 6
470 6
440 32
269 11
105 20
15 4
142 9
106 16
111 28
493 1
267 32
346 5
328 24
480 5
218 25
328 11
414 9
296 21
217 16
412 29
312 26
193 17
118 6
384 1
61 13
313 7
180 23
499 27
26 2
187 20
418 19
386 23
15 14
36 3
97 11
52 32
76 32
65 6
41 16
126 5
176 6
132 7
96 22
213 10
312 32
69 17
266 26
264 12
339 19
363 4
449 14
195 32
157 19
69 17
59 10
353 30
484 32
441 11
318 5
404 13
404 16
61 21
130 4
153 16
474 15
255 18
428 22
298 8
208 22
336 10
264 12
352 15
24 12
177 1
296 13
173 20
256 9
72 5
409 8
205 2
90 7
156 17
260 5
304 4
170 15
437 25
327 20
31 6
431 32
394 15
492 18
130 7
150 9
484 6
277 32
144 6
350 27
87 2
455 14
429 24
381 17
261 23
5 23
260 3
54 1
365 1
422 18
496 11
47 19
333 11
370 24
392 23
330 6
328 16
220 28
259 16
325 23
362 17
14 1
115 3
477 4
316 18
325 11
320 15
141 12
397 14
331 9
228 20
118 28
295 1
367 10
492 3
276 21
371 13
325 6
60 21
317 19
402 29
185 2
364 25
77 4
186 16
400 9
271 26
172 6
410 27
471 10
81 14
458 16
239 19
289 10
287 29
24 13
97 24
114 4
236 26
424 21
301 19
185 12
44 1
489 6
99 31
59 23
56 12
482 6
150 26
295 5
226 10
329 15
81 30
486 16
131 25
440 32
84 1
355 23
185 27
136 27
153 10
165 4
414 23
206 19
268 24
203 6
374 7
168 2
324 5
474 27
414 21
90 9
241 4
327 21
286 27
411 22
8 32
497 25
222 2
336 5
258 2
334 27
273 29
288 12
358 13
402 31
26 31
119 22
434 5
395 31
259 25
360 3
232 13
391 13
262 6
294 7
468 27
1 16
184 29
335 25
401 1
163 10
227 29
396 1
429 10
435 32
298 19
306 26
3 28
334 12
274 23
135 9
458 19
480 9
127 18
33 24
402 23
157 17
179 32
345 19
397 15
294 11
73 19
224 31
499 9
191 16
388 29
364 17
15 15
337 30
360 25
21 18
267 21
94 1
285 18
403 29
68 5
227 1
499 10
67 5
211 9
472 18
137 11
294 20
233 26
145 25
202 5
206 32
45 11
116 13
440 18
362 27
66 16
351 13
390 26
265 12
378 5
197 7
275 30
166 8
471 10
452 8
326 9
195 6
159 6
403 14
179 28
308 13
203 3
13 4
428 9
191 29
217 11
171 28
80 28
351 30
349 2
425 18
310 11
248 28
428 10
121 7
265 16
203 15
438 11
59 13
195 1
374 32
192 12
403 19
84 29
173 12
406 21
458 7
216 21
238 15
206 10
453 2
137 7
288 11
73 2
143 4
299 32
31 14
412 29
112 19
389 16
426 22
381 27
212 4
439 29
294 12
306 7
465 30
105 29
368 30
450 31
149 32
378 3
441 9
463 13
135 23
188 25
496 32
147 7
367 2
359 21
81 8
111 26
457 7
150 13
448 19
39 4
51 8
478 31
57 4
395 11
494 7
455 5
2 22
399 9
39 13
85 3
272 23
368 25
113 17
257 1
320 15
360 22
414 10
64 6
129 31
365 7
393 19
463 10
420 22
318 30
470 14
281 22
448 28
174 1
17 18
325 16
428 4
57 21
373 24
163 26
430 11
328 26
197 10
420 5
355 21
278 1
491 2
418 6
206 3
350 10
224 6
409 19
62 29
491 22
436 1
491 10
383 14
243 8
460 6
400 22
103 13
342 29
87 11
30 12
53 8
217 32
257 13
426 22
441 25
456 28
125 26
297 4
116 8
291 31
53 22
92 7
70 10
99 16
44 5
151 1
212 15
224 24
343 18
490 3
270 25
215 2
94 3
253 25
402 15
135 23
84 11
313 6
160 32
161 7
392 16
3 15
382 7
274 25
376 19
211 1
411 25
390 29
288 7
213 5
389 12
199 25
426 24
478 9
423 18
491 26
153 22
268 31
220 13
259 19
156 17
443 10
98 20
274 5
178 27
129 15
38 4
391 27
339 4
399 17
209 17
426 22
234 17
396 1
85 10
399 28
326 5
10 3
229 11
11 18
121 16
324 10
467 6
120 13
285 6
269 30
111 6
355 28
238 6
297 18
107 15
414 8
92 19
59 12
205 17
77 2
412 29
483 18
318 15
386 11
324 26
96 10
199 26
130 20
403 2
258 13
324 19
144 3
93 30
86 1
475 11
474 14
415 13
116 8
263 29
186 14
7 25
224 21
82 29
141 16
130 14
344 13
420 16
220 4
393 29
12 27
171 6
105 13
146 8
169 12
424 6
197 26
487 16
487 16
272 23
256 9
228 27
206 3
438 5
362 23
433 9
49 8
414 25
188 31
76 8
318 4
414 3
281 12
434 11
23 30
97 26
458 4
229 27
174 30
291 11
348 32
464 5
327 1
401 26
436 29
426 9
180 15
119 28
442 29
431 20
462 7
94 31
203 2
286 16
487 24
115 19
299 14
83 29
454 19
343 13
163 24
346 14
458 32
154 31
368 16
214 21
462 31
452 32
128 13
96 31
164 10
153 27
139 7
291 4
69 13
185 8
252 6
425 9
493 30
311 1
13 25
393 3
35 8
194 23
432 17
481 24
350 5
114 16
219 8
432 3
389 4
370 24
145 31
53 13
224 7
201 9
91 2
415 22
289 12
140 29
397 32
20 22
104 5
86 14
388 25
312 32
484 26
472 4
328 24
468 19
90 29
491 29
114 5
158 6
13 29
326 13
268 21
210 31
329 7
396 5
163 27
48 26
240 27
477 11
246 13
174 16
317 24
368 6
69 29
35 13
173 13
45 20
57 26
14 26
401 29
158 31
319 1
413 11
76 21
329 13
389 18
8 9
18 7
338 6
103 25
222 27
437 10
418 5
371 31
434 3
43 27
38 18
148 26
272 23
394 16
247 15
306 31
191 11
333 5
112 8
105 1
62 1
302 16
237 12
262 3
147 9
113 16
18 24
337 21
38 22
92 17
216 5
243 27
71 19
287 30
214 27
218 28
135 7
459 31
395 24
245 1
228 30
428 25
173 24
385 3
197 17
199 17
225 1
171 4
71 9
181 13
51 31
264 29
121 18
111 23
293 28
407 9
65 6
469 13
301 14
151 10
182 1
262 18
493 4
53 20
92 22
200 14
336 7
382 24
36 4
323 32
347 5
52 23
415 9
352 7
226 18
64 19
55 9
16 19
460 25
462 23
6 5
396 1
327 13
148 2
269 6
42 15
51 9
230 21
317 9
31 6
286 11
152 12
123 28
91 31
88 4
485 1
417 25
285 19
157 24
457 21
254 22
392 8
146 9
472 15
405 22
356 10
300 12
86 19
379 20
357 26
79 5
262 31
73 26
442 2
181 6
6 14
99 25
441 24
221 16
58 17
118 26
371 5
477 16
395 11
131 7
24 25
444 29
408 8
386 9
97 6
98 31
204 8
203 8
495 24
260 5
400 29
170 2
349 2
225 24
204 19
346 15
268 9
215 3
9 32
375 25
17 24
411 24
223 14
68 29
389 23
121 12
407 30
58 19
139 30
350 10
341 8
272 28
336 2
486 32
289 8
153 6
183 15
229 29
28 28
121 32
326 26
204 4
235 25
339 22
98 32
67 6
383 23
249 23
380 30
414 25
445 14
178 3
481 26
235 24
406 24
276 7
301 3
315 7
295 1
260 16
44 27
34 7
221 22
497 8
220 18
120 24
180 29
495 28
259 25
19 12
288 10
98 32
476 28
475 6
268 2
162 28
264 11
90 12
180 30
436 19
199 19
415 14
56 5
389 6
341 28
329 13
405 2
68 17
190 18
150 25
480 11
120 15
209 21
283 21
498 14
139 1
476 17
278 15
165 23
48 18
278 4
486 22
6 9
414 3
299 28
355 14
78 15
76 27
387 22
379 21
427 21
433 3
126 2
137 26
80 5
147 9
264 8
391 13
389 4
167 11
219 10
168 5
200 19
287 26
101 13
174 11
385 2
133 6
20 30
152 27
306 10
456 9
282 2
190 2
1 4
208 4
229 3
368 4
117 6
366 29
170 11
448 18
349 20
64 16
201 23
466 18
364 13
427 17
118 16
166 19
471 29
190 32
247 29
479 20
210 32
284 19
87 23
284 23
15 27
302 27
413 15
73 17
40 7
273 9
114 19
479 8
163 16
487 14
428 10
477 13
13 16
219 19
195 3
33 17
201 14
275 14
305 23
94 24
197 30
56 18
8 27
98 31
406 32
284 22
49 12
322 18
223 1
12 1
395 13
329 31
82 28
412 22
302 9
433 15
427 13
12 22
227 25
308 16
193 31
317 1
54 7
154 5
383 22
397 9
414 22
223 27
33 19
85 2
195 29
36 1
357 16
407 15
156 10
67 32
9 3
293 18
225 18
394 15
315 27
235 8
220 30
75 32
296 19
289 10
27 17
463 24
224 1
170 7
286 4
431 18
323 7
412 15
372 25
6 31
447 20
414 2
401 8
121 32
146 2
390 9
86 20
408 17
72 5
391 29
165 29
355 15
247 18
237 27
422 26
157 29
334 30
90 30
410 31
282 31
472 7
431 17
22 6
69 13
119 23
5 19
484 23
325 22
328 29
52 18
303 8
322 4
482 11
221 11
473 30
1 8
172 16
352 29
473 24
341 31
231 18
429 2
408 17
147 16
314 7
337 4
110 14
103 19
420 7
185 1
177 6
188 8
469 32
245 9
163 13
88 5
282 24
310 6
269 29
277 22
359 21
401 16
474 31
263 25
177 31
489 9
336 1
405 24
420 21
449 22
85 8
475 31
403 32
260 7
444 24
104 30
352 20
474 13
210 16
421 23
386 30
443 18
438 15
229 29
347 9
290 4
64 12
2 15
252 5
489 7
500 17
497 7
300 18
231 22
57 23
248 14
412 10
15 17
389 8
409 27
272 31
18 32
314 31
6 21
483 2
260 30
290 32
388 22
429 22
451 17
121 22
130 32
91 29
85 23
92 29
66 19
43 15
402 5
306 31
273 16
253 20
474 18
491 17
335 3
479 17
255 19
186 17
334 5
381 2
107 16
263 12
38 25
107 20
13 8
198 22
51 18
169 4
48 28
385 10
78 27
19 17
165 32
69 30
184 13
268 31
476 30
314 29
38 4
304 19
35 2
188 2
7 16
461 22
15 25
436 9
411 26
129 31
361 25
425 29
201 28
187 32
425 4
188 14
124 12
364 18
197 7
95 31
259 24
257 1
252 20
69 3
349 1
89 5
97 29
105 29
260 27
472 16
143 24
498 6
207 29
423 15
264 10
457 26
425 1
294 16
108 3
190 32
411 19
17 28
347 5
304 7
264 20
290 30
491 19
171 13
500 25
451 19
314 7
284 2
324 5
414 27
143 3
91 10
85 31
413 4
431 28
38 2
47 31
451 25
318 1
85 1
418 31
283 27
146 30
321 13
346 14
251 9
392 1
246 5
299 22
260 2
77 17
275 32
327 2
364 32
50 29
16 27
335 18
402 32
67 18
300 17
11 19
105 14
243 10
378 18
211 25
475 15
137 21
114 24
326 6
163 24
278 23
46 28
328 7
296 23
372 7
159 22
349 31
136 12
316 21
337 6
354 15
164 22
411 2
305 25
459 4
168 8
498 1
199 1
364 30
71 31
293 29
469 29
195 24
84 2
468 4
387 25
82 27
163 21
32 27
433 2
138 28
77 23
164 11
164 3
473 14
466 13
167 22
257 5
389 17
75 24
112 13
381 6
215 31
390 2
213 6
439 23
125 11
337 28
494 4
19 30
438 32
434 28
269 18
168 1
382 6
68 22
55 8
243 25
194 20
219 31
9 29
461 25
24 1
124 29
1 18
334 22
329 3
245 5
160 16
309 22
358 29
239 8
176 5
384 10
316 26
332 16
111 28
308 30
292 27
150 32
129 19

