256
199 10
475 20
40 28
291 3
126 11
13 16
429 23
8 3
378 20
16 24
22 14
365 18
140 11
19 19
199 20
300 13
293 22
388 29
413 18
19 19
268 31
78 32
254 25
298 31
289 25
447 26
51 23
179 14
154 13
472 20
329 23
248 29
396 32
305 29
165 23
403 13
206 16
128 11
269 14
441 21
442 31
422 12
402 24
385 23
296 24
258 4
330 9
449 26
344 25
238 25
280 4
441 5
323 16
295 27
197 23
203 3
178 28
186 11
223 7
485 23
278 10
198 12
98 26
185 26
103 26
302 2
265 22
218 15
13 20
382 2
450 24
404 31
208 17
57 6
11 9
152 21
282 22
100 4
347 4
25 1
409 14
182 25
271 7
463 7
114 16
196 4
280 11
42 27
40 11
120 18
491 28
42 5
325 5
356 31
128 4
324 4
409 1
264 19
108 3
313 1
274 1
136 25
459 6
243 6
480 19
252 2
190 29
446 30
286 13
36 9
384 27
153 32
216 8
322 3
494 11
395 28
347 7
24 21
412 7
7 27
333 18
212 6
402 2
387 15
310 30
304 30
133 4
337 20
223 15
22 21
497 24
188 3
298 3
351 9
329 17
451 1
466 31
34 16
172 8
110 13
46 21
26 30
72 7
377 3
373 6
363 13
165 6
415 27
260 5
375 17
474 6
101 23
340 23
10 3
110 4
343 3
384 25
184 16
83 16
250 19
161 8
379 18
365 13
492 20
57 14
416 6
43 21
321 22
207 2
448 8
301 7
471 29
363 10
140 29
418 29
103 14
204 13
255 16
125 10
247 9
464 7
63 10
383 11
444 5
416 23
256 17
181 22
401 27
84 24
339 25
280 5
430 23
125 5
106 9
282 8
282 5
366 32
455 8
430 14
188 21
288 24
413 1
21 17
215 12
204 18
456 27
198 10
169 7
422 22
423 27
478 32
300 11
399 14
91 8
151 30
377 30
73 1
110 2
102 25
49 25
230 17
492 31
94 4
453 7
138 20
69 23
431 32
457 18
473 19
213 7
177 21
265 5
378 2
194 7
50 19
487 3
451 18
58 28
490 6
58 15
89 2
241 12
198 5
53 14
96 21
497 8
354 25
372 31
486 18
413 20
12 3
166 6
229 23
5 10
437 2
48 21
391 28
396 4
188 28
110 23
65 6
258 26
70 10
352 23
399 28
442 30
14 32
371 18
182 3
311 18
288 18
495 6
497 6
118 13
190 27
319 18
36 1
375 29
410 2
11 4
193 29
69 26
412 3
300 17
165 6
415 8
320 9
333 4
150 22
204 15
380 19
296 15
303 10
371 28
99 30
371 7
186 31
201 21
229 12
393 5
461 7
196 8
67 24
152 29
182 27
407 29
81 11
180 31
224 22
94 31
135 24
317 12
254 5
120 22
368 5
226 1
171 5
312 26
301 19
158 10
170 32
246 26
118 17
485 30
327 18
368 25
246 32
133 31
405 4
333 20
468 14
304 19
331 28
80 15
282 1
316 27
152 29
405 10
338 13
463 20
318 2
124 7
69 16
414 5
212 26
97 27
155 12
169 25
367 24
319 21
188 30
451 24
399 3
109 8
95 7
399 13
456 6
327 8
482 24
349 9
189 5
371 24
196 16
32 23
491 23
415 31
188 25
370 14
72 22
173 10
104 15
430 3
445 9
434 10
52 22
118 17
78 20
288 10
83 23
40 10
225 10
456 1
170 29
350 29
6 3
111 13
445 28
167 5
500 24
166 4
234 31
496 7
327 27
288 21
305 15
186 30
484 5
294 26
317 11
450 18
369 28
282 30
452 12
54 27
400 16
354 17
206 17
147 32
335 7
293 28
465 18
21 13
471 22
306 23
12 27
461 13
315 6
398 14
42 11
68 21
374 6
277 8
474 27
463 1
209 27
152 22
85 20
474 3
189 7
193 8
385 1
136 23
247 29
168 24
40 12
432 1
213 16
196 6
482 15
198 11
265 1
216 21
372 1
255 28
171 16
316 7
452 23
310 22
188 1
41 27
268 24
491 28
383 3
370 17
197 7
259 25
268 26
14 27
366 4
255 32
215 26
294 3
224 3
68 3
284 5
137 15
432 24
383 3
18 12
31 10
170 13
378 25
114 15
132 31
159 10
366 5
159 3
243 18
466 31
145 9
123 17
151 30
112 1
220 1
284 18
194 30
242 12
94 3
314 9
37 12
462 30
49 20
265 23
354 6
305 26
330 23
482 4
333 18
13 20
74 16
6 28
453 3
43 3
306 32
475 6
180 29
96 28
260 4
222 21
441 7
314 22
305 24
249 17
241 29
245 26
261 10
137 25
200 27
463 17
35 6
199 6
78 26
293 17
5 18
154 5
392 19
66 21
466 18
389 18
279 9
76 27
234 32
455 30
391 14
142 21
59 4
490 20
337 26
176 25
147 9
137 3
500 22
439 5
220 27
375 22
312 2
240 21
13 2
182 27
167 32
179 1
367 8
64 32
5 24
248 12
124 21
394 27
290 4
292 17
362 22
210 1
319 21
422 23
495 7
86 5
482 32
90 9
488 25
256 8
96 31
495 16
239 32
194 29
275 9
241 1
2 19
161 20
399 22
3 29
241 28
258 2
55 7
422 2
351 17
386 15
32 28
18 2
472 7
2 30
48 11
234 13
193 31
73 3
32 11
40 16
366 1
494 32
495 27
314 5
444 11
495 27
430 16
448 1
75 26
351 6
44 28
22 32
34 18
30 14
372 1
337 1
217 14
9 7
449 2
260 20
372 30
70 17
118 9
258 4
318 16
165 5
395 26
300 5
484 6
346 7
102 14
296 7
68 8
233 4
329 24
111 20
98 4
56 3
400 21
258 14
124 14
282 15
311 22
151 18
115 4
1 32
381 32
386 12
303 19
167 15
110 5
182 31
160 5
125 20
402 6
129 29
7 18
395 26
195 29
463 1
244 3
25 17
462 6
276 8
28 11
246 2
71 23
48 23
368 1
290 21
110 10
145 25
31 28
138 2
288 28
386 24
119 2
8 32
172 3
48 31
225 29
40 28
424 32
378 15
316 27
411 5
288 19
393 30
298 14
247 6
334 1
469 8
42 4
383 9
110 14
116 19
427 7
482 30
446 31
492 5
229 14
186 28
160 6
37 14
312 24
247 29
416 15
448 25
42 10
374 23
464 9
189 2
495 22
91 21
232 10
201 12
335 2
327 22
20 32
7 27
147 21
179 14
171 26
370 20
159 7
67 26
83 19
363 30
277 25
18 28
386 10
320 24
160 14
270 19
9 16
361 3
381 3
68 7
368 22
467 30
384 5
352 11
139 18
396 31
371 25
275 12
334 2
180 13
239 17
23 28
76 11
106 4
273 14
359 8
315 5
370 30
209 29
16 31
286 15
114 24
175 24
116 9
333 7
353 7
95 20
22 22
110 32
478 11
153 4
226 15
12 23
16 16
167 20
418 1
294 11
312 9
122 27
329 26
425 5
377 23
408 2
41 22
377 6
104 13
205 17
347 16
128 7
287 26
246 12
450 27
291 18
359 24
392 19
218 13
368 18
39 15
195 15
144 20
448 3
452 28
280 27
71 27
365 9
404 26
117 14
500 11
319 23
170 10
397 19
230 32
184 25
391 23
199 18
450 27
337 9
354 8
403 1
226 3
133 21
228 29
334 16
7 32
438 9
66 14
415 31
450 31
415 28
329 30
429 30
464 1
382 13
232 9
93 9
51 22
290 7
326 31
358 25
127 27
361 8
332 27
338 21
225 29
324 13
70 29
34 17
369 16
53 5
52 10
261 2
75 10
84 16
25 29
84 7
291 8
398 31
219 19
107 27
191 3
200 8
387 17
496 27
352 21
59 23
398 12
209 28
73 32
223 29
289 19
303 19
250 16
201 28
287 4
115 17
442 30
89 4
398 16
434 14
336 29
4 1
16 28
408 28
208 7
389 24
437 27
74 18
243 27
358 13
286 4
5 3
137 21
406 14
381 3
135 8
35 31
5 6
202 4
342 21
42 26
256 2
124 22
368 30
160 1
394 13
48 7
23 4
195 20
69 31
470 12
495 21
342 15
258 3
262 27
156 28
384 3
485 8
444 16
225 7
428 15
399 19
221 1
158 15
52 7
194 10
282 20
378 27
390 23
17 19
438 20
306 5
435 11
180 14
494 17
333 10
227 7
396 19
4 18
65 27
484 14
76 9
297 1
239 2
292 31
189 9
279 2
401 9
488 25
294 6
189 10
403 7
357 10
213 24
55 25
414 18
387 22
154 7
146 28
73 13
499 29
17 13
458 2
193 10
202 10
279 2
464 29
156 4
330 32
179 1
496 12
126 30
285 12
269 23
171 13
71 1
305 24
149 6
61 1
59 18
31 29
3 30
369 26
313 31
229 27
287 16
286 16
310 7
43 18
205 2
122 31
86 6
418 15
39 14
279 26
239 25
286 17
302 15
454 22
409 2
160 11
110 22
458 31
220 21
200 24
66 13
402 23
98 12
237 28
149 20
85 24
176 11
332 2
229 18
147 5
171 7
183 4
104 8
402 23
492 17
98 17
125 3
412 14
22 12
210 7
367 30
262 11
16 5
224 32
82 2
84 9
28 18
384 3
110 14
453 21
90 6
362 27
105 13
140 22
272 17
500 23
143 25
33 22
206 12
106 19
329 25
39 21
307 7
487 4
412 16
368 17
193 29
271 29
353 19
127 1
259 14
467 17
387 23
263 4
458 28
378 14
408 17
494 30
395 25
333 10
272 25
10 28
133 5
465 30
43 11
314 25
216 20
54 30
482 16
193 11
35 23
76 30
191 26
8 29
402 28
242 25
244 31
488 9
235 12
214 25
394 3
78 14
158 27
211 31
298 12
281 20
178 32
125 8
129 12
304 10
176 9
54 27
499 22
147 10
197 8
10 23
90 19
52 31
421 14
89 22
369 5
253 26
77 26
117 29
65 4
87 12
168 8
363 19
385 9
104 30
73 29
24 26
404 23
261 28
188 21
98 29
70 26
306 30
431 23
54 24
46 32
439 6
132 9
436 4
162 19
301 2
355 20
247 30
102 19
286 14
60 11
402 1
436 31
478 23
333 23
66 15
23 16
296 30
157 11
225 10
121 2
403 11
53 5
437 31
360 2
148 31
308 21
399 15
107 28
313 8
258 18
170 8
86 9
137 26
399 6
263 15
239 13
197 27
17 1
297 8
206 4
146 13
344 4
460 11
271 32
390 17
354 7
12 19
227 29
384 1
214 14
347 8
162 7
94 10
28 27
406 9
38 23
450 22
447 17
332 25
32 17
449 1
483 1
27 5
313 30
185 30
407 19
181 4
277 6
98 32
368 31
389 30
405 30
287 15
246 18
272 29
42 16
366 24
32 16
436 12
6 32
73 24
354 13
332 10
231 9
286 18
283 18
3 27
363 1
242 28
462 17
440 19
84 21
230 16
401 5
163 18
488 4
169 21
192 4
175 2
280 8
20 18
337 2
453 7
367 22
362 20
58 25
183 5
458 16
108 18
281 15
115 24
358 11
165 1
135 11
323 26
2 22
328 10
67 24
240 25
325 17
261 18
253 19
374 22
58 10
271 22
456 9
162 9
372 26
65 2
16 11
271 21
80 6
58 23
229 13
79 9
249 27
138 5
485 16
415 15
49 1
84 16
274 17
168 29
70 32
354 13
471 24
305 10
74 30
196 26
158 15
411 6
317 28
111 22
115 5
196 3
61 7
166 14
24 9
34 1
269 7
382 19
363 14
140 28
400 28
441 21
462 23
167 18
103 5
431 29
153 10
380 13
257 17
251 8
434 4
76 2
23 21
292 9
495 15
172 14
470 24
154 19
167 28
413 1
448 11
337 8
321 28
17 5
465 15
208 6
254 19
451 28
92 26
12 10
228 7
331 18
351 24
480 13
8 8
137 19
235 9
259 7
41 15
483 17
245 22
254 14
324 28
478 15
1 13
352 28
376 14
425 18
370 17
94 25
148 10
183 10
54 5
140 22
67 26
302 15
163 27
13 23
462 6
253 10
330 29
42 5
490 18
282 15
222 19
439 26
308 18
103 14
414 19
159 9
216 9
495 27
15 19
217 25
348 21
290 10
277 7
234 27
149 4
477 26
242 16
91 18
389 22
263 22
140 1
338 19
381 21
437 12
191 29
224 31
326 5
68 2
196 21
220 4
168 5
65 14
316 16
459 20
405 29
209 12
141 7
102 6
231 11
121 1
43 20
163 24
60 6
470 3
383 21
450 18
89 3
311 12
226 29
459 22
193 8
25 22
66 30
59 8
368 11
68 15
374 7
130 21
164 31
40 6
492 29
300 12
59 22
484 16
83 22
265 11
461 5
460 10
119 26
173 10
48 25
248 1
175 30
58 10
180 13
236 15
141 7
251 8
496 18
335 14
27 28
205 4
92 24
365 2
34 30
400 21
482 3
58 20
376 11
345 28
63 12
226 31
466 4
254 14
413 29
391 28
40 19
131 23
111 11
193 28
236 4
280 29
90 5
224 6
303 13
373 5
500 10
420 10
130 9
279 2
113 17
185 28
116 27
135 14
14 11
425 13
270 24
318 19
393 25
28 11
461 24
412 29
54 19
426 15
207 28
76 32
224 13
175 15
427 13
268 12
339 4
41 4
248 2
171 24
250 14
334 31
302 17
23 7
279 32
389 30
3 4
9 6
76 23
269 23
196 16
146 26
432 26
494 15
247 20
318 21
65 7
59 6
100 13
424 26
232 32
67 6
128 19
163 19
314 31
409 13
171 11
42 2
444 3
280 31
402 21
39 23
451 5
36 18
381 8
484 28
271 2
197 10
329 11
305 30
142 5
2 24
119 15
265 19
282 8
105 7
196 3
353 22
91 25
252 23
200 19
434 6
136 18
72 8
340 12
309 5
440 14
496 31
57 20
473 14
7 1
224 22
71 17
52 9
169 19
335 8
37 16
41 24
249 28
340 28
339 4
69 23
162 28
189 14
28 5
407 10
441 14
440 7
58 11
227 6
293 13
445 1
180 26
204 28
449 23
15 28
247 23
418 12
351 6
125 2
118 19
115 14
12 10
272 30
44 2
499 16
410 16
368 9
281 8
368 29
170 26
220 24
21 9
323 3
94 27
452 23
181 14
324 13
472 23
466 11
444 12
55 5
259 10
293 3
49 16
324 15
98 23
134 26
32 9
340 13
459 31
392 16
208 7
36 3
162 5
46 21
168 8
310 11
225 6
169 2
318 12
492 31
387 21
32 2
285 19
98 32
365 17
235 28
204 10
455 21
474 12
321 29
451 2
419 3
288 20
448 29
283 19
371 1
268 18
290 4
476 16
499 20
228 17
115 23
206 13
499 7
420 20
320 10
5 10
249 28
381 16
248 28
339 18
36 10
223 30
361 6
417 16
241 12
296 8
279 26
128 13
180 12
300 3
121 21
293 1
96 9
269 8
188 19
165 32
64 28
253 8
437 9
135 26
164 23
385 22
284 20
71 15
263 2
166 20
174 30
104 6
482 4
317 10
330 5
97 17
220 5
169 1
17 15
186 32
437 26
122 20
285 24
35 12
413 20
283 15
361 18
208 22
110 32
215 11
356 7
184 4
11 20
436 23
358 29
59 7
246 12
366 2
75 28
429 27
451 11
73 31
301 28
357 18
7 19
52 31
86 23
142 4
290 5
475 12
401 17
146 22
64 11
27 30
411 4
476 21
222 1
376 10
384 8
283 23
358 23
457 19
125 22
391 23
378 17
266 26
249 19
127 28
273 5
153 3
312 16
248 22
232 11
407 12
410 26
358 11
80 22
210 28
263 20
470 4
168 19
269 4
497 11
431 2
399 23
156 23
414 27
448 22
229 10
261 22
247 2
257 18
431 30
30 1
269 31
184 20
86 32
351 22
50 21
55 24
215 27
214 16
465 25
125 26
219 5
35 5
354 15
143 28
108 4
180 28
374 31
163 19
18 5
393 7
497 31
71 3
9 12
43 14
149 23
371 7
52 21
183 1
48 1
393 15
52 24
383 6
287 25
384 20
262 32
427 22
427 25
321 23
484 11
408 8
381 10
350 28
35 25
41 2
61 25
88 29
4 26
390 6
219 25
298 16
253 20
89 23
72 29
465 15
475 17
39 8
2 4
139 24
124 31
321 21
463 9
1 7
82 18
460 20
14 5
483 2
184 8
148 3
184 5
162 11
337 8
218 14
439 20
78 7
239 30
451 9
10 11
371 8
340 27
243 5
291 30
323 23
1 30
81 8
434 10
46 22
293 3
312 28
323 9
498 9
138 28
113 12
250 32
91 1
166 13
145 24
262 11
282 14
141 7
150 10
456 7
196 1
162 3
36 32
247 29
396 16
184 24
235 29
491 13
373 16
362 1
464 3
188 21
89 20
107 6
401 11
136 28
15 21
306 6
132 8
434 27
140 25
387 18
401 9
51 17
385 24
493 32
386 28
296 10
7 15
415 12
169 27
207 3
51 5
84 3
416 9
413 3
485 15
281 21
28 19
9 16
94 21
463 3
181 2
157 31
12 27
298 8
473 17
214 4
221 17
58 32
165 2
395 25
269 23
385 8
357 17
411 18
246 5
280 22
482 32
168 22
359 30
377 15
26 7
206 2
91 23
85 16
437 3
256 9
5 21
204 1
237 6
162 10
338 6
463 15
81 19
16 31
300 1
474 29
187 31
422 29
146 30
384 14
337 20
490 25
336 5
54 12
158 11
258 19
8 20
165 21
202 5
379 21
425 32
177 11
383 14
91 20
456 19
313 12
318 22
484 13
346 29
76 3
104 13
349 23
405 21
199 6
397 30
163 29
429 11
135 27
289 14
394 4
52 14
239 5
359 18
373 28
463 8
410 22
133 18
176 21
475 23
198 31
156 20
44 16
51 2
99 23
255 24
286 14
50 8
26 8
97 2
316 7
50 1
476 30
187 8
422 25
230 11
383 17
331 18
320 29
308 10
423 2
262 12
368 7
231 1
422 11
143 17
90 12
166 13
225 4
68 26
216 17
468 18
33 2
228 1
382 23
122 16
96 11
11 7
397 13
208 31
124 10
259 9
245 32
277 29
479 9
318 30
493 25
496 26
287 19
230 24
257 3
324 32
438 2
167 30
279 14
356 6
427 11
466 11
94 2
343 13
290 28
470 3
148 25
12 14
187 21
306 19
295 13
295 4
166 25
122 28
186 29
197 28
295 14
486 17

