256
126 22
324 5
186 10
362 23
396 14
155 30
249 12
330 4
173 8
262 12
325 25
252 11
149 21
145 8
42 24
33 11
297 28
467 26
433 24
12 9
141 6
310 1
317 7
264 21
290 2
73 26
306 24
193 14
1 13
417 26
324 13
60 17
9 18
158 13
57 26
121 13
335 26
438 16
273 17
344 14
282 4
232 11
240 12
392 8
112 13
133 28
461 4
260 1
69 21
114 29
438 2
173 13
368 22
276 28
367 31
405 24
387 16
87 30
411 26
69 19
490 5
162 31
244 25
123 28
41 12
288 27
174 32
103 9
274 2
384 28
348 12
139 2
128 21
63 22
55 3
412 20
183 21
198 14
197 17
237 26
260 32
68 9
336 26
177 21
399 20
452 26
52 2
184 27
371 26
68 5
229 24
172 3
256 10
189 25
42 25
394 21
301 5
86 24
482 14
448 24
26 27
329 1
44 12
255 18
462 10
190 2
357 14
452 13
83 20
269 16
417 22
276 5
474 1
56 23
179 7
186 16
457 30
280 28
230 10
266 15
59 3
84 20
20 19
380 6
379 4
77 19
161 25
363 18
269 18
292 7
124 21
150 24
194 5
431 27
166 32
465 1
3 24
344 18
287 19
476 17
426 12
459 14
460 25
423 29
442 6
379 1
42 25
496 11
161 10
10 11
474 14
107 12
226 30
201 16
376 20
176 5
284 2
238 3
10 16
175 3
225 2
367 14
434 26
500 22
139 29
124 12
335 10
439 16
31 20
423 22
19 30
58 6
435 11
397 24
158 7
98 14
124 28
147 1
29 19
355 23
359 22
131 25
60 25
104 6
60 6
348 19
327 21
232 1
404 32
408 25
51 17
295 14
320 1
435 32
143 5
367 2
118 25
46 25
417 2
119 29
379 26
259 10
74 6
318 13
322 2
242 12
82 12
397 30
180 7
453 31
471 19
176 5
19 25
265 28
222 27
468 1
52 6
306 2
419 19
158 16
52 19
463 6
138 20
239 10
42 31
344 5
214 7
101 28
239 5
371 25
304 14
413 19
267 2
184 30
396 2
129 8
92 8
81 18
155 15
399 20
213 2
60 30
112 32
10 6
81 16
14 4
422 22
90 16
199 10
429 11
115 26
42 30
353 30
287 27
144 9
54 24
278 6
134 17
477 15
443 9
78 20
292 27
86 2
391 32
7 23
230 21
80 27
30 16
96 1
290 3
353 24
447 19
13 16
223 1
426 25
250 27
325 21
354 22
274 32
397 32
266 31
104 6
101 6
129 17
302 31
139 14
318 13
488 18
368 3
170 25
79 27
500 7
312 9
16 5
300 17
69 29
243 24
262 7
157 23
391 2
13 10
464 10
318 15
11 18
217 12
182 12
451 29
50 22
237 14
198 12
182 30
305 12
438 10
118 18
160 9
404 20
242 3
353 7
373 23
448 2
395 2
237 9
14 30
106 3
55 23
138 8
421 22
363 10
360 5
155 31
193 14
395 30
128 15
196 1
462 28
294 8
329 14
52 26
167 13
296 22
311 10
161 23
227 16
292 30
356 27
161 32
356 15
185 24
153 32
188 2
79 25
321 23
362 24
101 16
380 12
101 7
181 2
125 20
137 29
49 4
363 13
391 30
263 31
53 24
158 12
381 25
424 2
495 9
277 31
313 29
195 29
51 31
378 31
486 14
295 3
209 17
95 19
227 10
377 3
477 15
75 25
475 18
262 21
283 19
268 19
47 30
211 17
188 13
475 14
454 10
412 11
130 30
113 8
67 14
191 7
228 25
104 2
262 25
22 4
107 9
490 25
250 5
305 2
141 24
315 10
253 30
108 26
231 17
90 2
414 12
44 25
44 7
342 13
68 15
53 10
4 6
31 29
446 11
394 26
466 12
32 2
433 23
452 4
63 29
165 4
172 12
468 11
59 21
223 18
24 7
151 27
21 29
131 22
368 21
52 9
84 19
403 9
425 6
32 16
246 16
167 9
107 15
335 13
295 9
494 6
36 25
48 28
381 23
373 28
407 32
433 10
210 15
6 27
392 29
178 21
288 28
405 7
330 15
263 13
499 17
294 6
457 18
441 29
224 18
437 18
441 29
119 3
259 13
489 30
217 6
138 21
213 14
251 11
484 13
19 18
325 8
368 5
357 24
470 32
325 26
209 26
478 12
268 32
156 24
237 32
125 14
376 29
471 14
231 22
343 29
139 23
413 30
152 29
18 29
201 30
230 13
459 11
88 18
294 15
185 6
319 5
107 2
498 13
24 8
234 10
329 8
236 9
82 27
361 27
359 1
144 12
470 15
146 5
180 31
356 9
172 2
25 22
219 14
58 18
454 3
311 26
367 27
22 16
285 6
250 12
295 1
83 20
495 13
24 15
19 11
243 15
404 3
172 15
493 6
68 6
224 27
79 18
129 32
389 9
185 10
260 11
383 11
446 25
423 22
255 1
52 29
335 12
116 19
282 16
292 25
405 31
79 19
457 7
286 17
324 22
187 3
153 5
277 30
149 3
419 4
344 19
252 18
278 31
240 23
326 27
259 2
398 2
416 10
248 5
402 23
375 20
154 27
360 6
476 21
481 11
116 12
217 23
205 26
234 1
404 3
327 30
493 20
351 24
429 7
313 23
21 23
474 22
417 2
456 8
46 4
490 13
463 14
27 11
51 24
315 22
23 6
468 31
69 18
126 22
120 18
32 21
328 21
166 24
190 5
340 11
260 17
395 22
387 26
93 5
385 11
95 11
104 14
125 9
83 31
22 23
40 9
47 24
409 20
167 19
185 14
185 32
187 20
18 29
205 22
213 29
72 27
200 16
220 16
200 7
278 21
209 30
125 7
389 25
318 3
483 18
413 8
298 15
99 7
375 7
128 11
95 27
394 10
78 13
322 1
119 7
349 15
268 17
285 24
210 15
63 20
104 11
359 17
277 21
419 3
111 18
89 30
301 18
351 22
299 32
155 17
271 11
300 10
180 20
398 5
186 28
432 2
138 19
394 30
451 9
268 2
414 12
119 6
42 5
92 28
345 18
460 11
304 11
356 23
195 21
223 32
64 19
373 21
149 19
318 11
283 17
12 20
293 10
262 26
303 21
25 19
302 32
465 1
447 16
440 9
425 18
372 20
20 9
393 8
215 26
119 21
499 30
396 7
464 1
476 22
361 20
116 26
335 4
119 29
251 18
421 23
275 13
367 7
389 19
166 15
24 32
451 22
266 10
312 5
355 27
346 31
138 1
81 1
392 19
105 22
312 2
21 6
22 23
232 2
201 26
364 20
33 18
246 22
363 5
230 5
48 19
136 13
239 28
9 22
118 10
476 17
343 24
14 24
86 2
477 22
495 8
361 19
357 18
29 19
219 2
140 22
389 27
302 7
342 15
461 3
480 8
239 2
283 8
389 12
349 17
357 3
56 9
222 16
379 30
186 17
63 25
214 19
451 7
430 8
381 22
102 12
177 28
33 27
444 5
30 12
137 6
135 12
158 4
159 8
161 29
132 31
169 29
26 8
64 11
263 24
196 25
156 28
56 16
34 23
461 27
291 9
152 17
493 13
336 15
345 20
495 12
70 32
25 3
487 12
401 21
383 12
317 6
319 1
78 28
223 10
266 25
338 21
493 6
78 28
333 22
27 31
453 1
46 9
395 4
416 16
133 23
243 5
40 2
173 17
117 28
358 19
112 12
151 29
377 8
136 5
205 7
240 30
463 1
134 9
317 26
4 29
404 19
101 11
364 6
264 16
225 21
362 20
20 9
144 17
296 8
457 13
294 24
158 20
333 15
464 29
44 20
301 23
418 25
242 25
230 29
260 30
477 10
142 17
338 1
245 1
268 21
133 21
101 22
168 5
433 4
433 12
451 25
275 28
337 4
500 15
20 27
20 16
84 29
196 21
150 32
406 5
345 2
478 1
32 1
377 28
480 5
143 26
245 9
149 13
284 8
147 11
259 7
3 6
179 26
467 32
342 16
245 14
113 30
482 8
70 18
163 2
370 10
331 18
426 16
194 30
479 25
216 25
359 2
283 1
120 25
69 21
472 5
498 24
238 15
284 31
40 2
60 21
455 27
374 29
222 3
294 32
111 1
493 25
79 23
62 30
375 26
158 22
294 19
133 31
337 12
41 32
214 29
136 24
195 25
252 32
279 13
319 22
406 23
62 16
437 7
181 27
104 30
8 29
48 29
131 16
56 24
259 21
476 2
141 10
254 32
437 20
141 7
273 26
418 23
29 10
309 21
17 29
102 20
161 1
164 20
32 24
315 30
44 30
387 24
311 24
280 15
23 4
353 20
317 18
334 5
476 6
109 32
258 10
367 27
210 3
62 25
306 24
234 5
221 20
385 27
111 20
481 21
435 29
484 19
307 17
447 10
163 15
477 24
116 27
190 1
225 31
269 22
182 14
231 10
325 23
284 11
130 12
123 32
449 7
166 23
275 8
388 13
18 8
61 13
58 22
161 31
205 5
16 10
134 14
492 18
360 23
96 13
391 26
404 11
176 29
297 23
32 32
91 25
251 7
237 8
253 17
294 17
177 26
46 6
55 13
119 11
164 18
107 6
136 3
96 11
283 16
465 3
427 4
67 21
206 32
336 6
52 2
118 5
439 16
390 1
52 1
463 31
74 2
120 29
284 19
372 2
458 8
232 16
243 31
412 21
306 32
110 13
377 16
437 27
95 27
11 26
335 6
213 12
247 28
321 10
399 16
447 16
231 15
92 2
33 3
274 10
250 15
46 2
314 7
144 28
309 23
54 27
184 14
106 2
301 14
311 23
321 21
259 20
139 6
377 15
204 10
360 10
384 14
135 22
240 7
105 20
137 6
394 24
479 19
101 28
277 3
182 29
371 24
500 26
493 4
384 5
377 32
354 5
1 24
310 32
118 10
139 26
128 32
277 2
382 9
237 18
343 15
459 2
62 30
427 3
186 2
251 14
405 20
26 13
443 11
144 9
453 30
18 4
165 19
185 15
375 2
56 6
44 14
283 21
176 1
159 13
222 29
126 3
216 12
383 27
338 27
71 10
12 4
369 21
234 18
75 17
31 2
30 2
348 28
30 27
224 13
235 29
153 32
275 25
363 14
379 1
388 21
342 31
240 23
75 14
468 21
286 26
483 19
423 6
330 16
204 9
492 6
53 5
1 4
365 16
337 15
416 24
395 25
122 26
319 9
311 22
49 4
283 19
114 9
212 3
9 23
51 20
204 16
348 1
431 20
420 3
158 31
342 4
443 15
390 6
11 4
399 20
500 10
294 29
90 30
260 10
272 10
302 16
265 21
384 11
65 31
313 10
341 6
478 19
117 11
396 11
418 19
242 21
180 4
234 13
393 17
219 20
6 20
195 19
20 18
317 16
232 10
10 12
283 7
59 3
205 22
82 30
100 11
243 3
210 4
400 14
172 6
470 13
137 4
299 32
94 28
444 5
97 9
101 19
291 15
482 31
464 3
468 12
237 14
194 27
389 29
252 4
62 9
89 26
89 15
58 2
206 9
358 14
305 22
181 31
468 22
441 8
428 24
199 4
470 32
314 22
189 6
270 30
342 10
300 26
448 17
111 2
61 1
307 9
482 15
311 26
352 3
233 27
10 19
295 31
26 28
189 14
229 14
316 15
167 3
500 14
323 3
471 11
135 30
99 24
468 25
417 16
11 17
450 20
283 8
351 21
408 7
374 4
496 13
58 10
155 26
331 1
372 6
63 30
431 29
473 14
273 6
69 15
242 7
155 25
466 21
185 17
395 14
361 14
451 6
255 9
327 13
138 26
238 20
407 20
65 12
270 5
473 30
472 6
60 22
90 18
334 10
102 4
36 22
469 18
232 7
294 26
159 3
460 5
483 10
268 7
97 25
235 5
79 30
135 26
35 8
367 28
202 13
447 9
282 15
426 29
489 19
275 8
354 10
248 12
451 3
234 8
256 28
320 18
174 22
323 12
30 22
428 15
10 6
319 3
141 16
8 9
166 22
480 23
367 27
354 17
446 19
68 25
407 4
386 8
193 20
491 22
249 26
304 10
144 26
401 20
217 12
116 11
41 12
401 31
26 3
75 3
45 7
375 3
30 4
382 2
172 29
296 32
142 27
30 21
73 22
420 29
189 4
171 1
335 8
487 20
30 13
387 30
203 17
377 28
225 10
158 12
482 21
167 28
403 20
260 3
477 24
116 9
419 6
245 9
61 7
316 22
144 18
16 6
167 20
134 23
1 31
286 3
95 12
458 1
500 13
176 8
100 3
493 30
428 25
326 21
320 2
430 19
47 29
12 21
40 25
103 13
287 12
375 9
44 12
82 23
252 13
370 28
47 14
73 22
451 31
314 6
244 20
436 18
392 15
355 32
444 17
176 30
49 26
463 20
233 16
486 28
300 7
39 10
217 16
171 27
362 9
140 13
432 23
246 11
373 4
458 12
409 21
46 17
34 16
252 18
51 13
454 26
443 4
399 7
455 1
29 32
257 32
124 4
94 10
215 27
173 24
134 1
157 15
241 26
38 20
308 28
80 25
141 19
104 23
33 15
312 26
226 32
433 26
460 15
71 18
345 15
197 14
28 21
9 32
395 26
112 26
486 19
166 10
65 13
369 30
179 24
363 9
99 15
106 26
173 4
83 5
122 20
347 1
484 15
269 22
252 20
283 29
422 32
67 11
69 7
288 7
466 30
3 20
444 16
326 9
487 24
485 5
39 31
109 19
37 5
104 21
108 23
229 30
186 23
368 2
81 15
205 26
304 23
314 23
371 27
215 25
398 12
317 29
382 2
15 23
154 22
411 30
356 27
143 2
138 2
351 14
16 11
468 27
466 21
269 8
271 16
44 32
387 29
160 4
138 10
242 3
144 4
404 11
495 26
244 16
407 15
53 10
1 4
444 26
4 21
5 6
252 1
498 30
113 1
109 26
183 27
392 10
354 28
28 28
341 32
183 16
218 8
21 6
311 29
240 3
381 32
292 20
496 13
121 28
298 17
357 24
431 17
157 9
248 20
336 32
159 15
39 32
310 8
298 32
376 5
286 20
484 10
239 4
218 23
87 3
291 20
198 18
248 26
210 15
242 29
434 32
119 29
128 32
384 5
48 7
165 1
218 12
262 32
479 32
166 14
50 28
65 28
381 4
305 6
306 2
339 31
298 13
63 1
385 30
53 12
408 13
116 29
68 22
432 7
413 17
316 22
257 20
61 25
191 6
227 8
263 1
438 8
373 1
188 25
150 12
392 2
160 16
34 16
441 26
126 25
266 9
166 22
172 31
159 18
444 13
413 10
5 30
118 25
54 25
338 28
397 21
465 28
440 26
135 8
167 32
232 29
404 14
306 3
476 32
140 15
404 12
476 24
254 9
137 7
250 2
362 6
406 30
53 26
176 12
225 10
299 1
478 19
410 24
481 25
451 9
155 3
376 30
466 29
427 10
288 8
279 5
25 1
179 13
30 26
468 26
399 3
266 9
173 7
12 9
411 22
477 5
20 5
399 18
333 9
291 4
56 6
473 28
254 11
360 31
356 32
240 6
298 18
334 22
32 13
474 23
11 15
211 26
303 29
219 19
137 6
107 20
79 31
327 16
81 23
318 12
218 5
393 23
414 31
484 14
423 9
92 13
407 30
167 9
263 17
48 31
246 18
295 32
84 1
359 24
159 28
303 12
85 19
390 22
273 13
147 28
182 6
480 12
40 14
353 30
31 16
52 20
405 14
304 16
319 2
3 5
338 9
205 30
351 18
271 12
171 22
171 20
7 14
143 30
148 19
347 26
394 23
157 2
96 32
489 18
122 23
95 31
499 7
232 26
244 14
177 22
123 11
117 30
348 8
175 19
254 22
24 28
124 25
149 15
492 14
337 25
480 23
423 3
81 18
32 20
360 32
90 2
54 18
463 1
465 26
100 19
363 31
70 26
7 10
408 15
59 8
463 27
378 30
221 26
391 24
134 14
459 23
436 32
428 14
116 1
387 19
315 21
42 32
438 8
305 22
398 32
293 29
254 27
98 22
332 8
77 1
442 3
39 5
398 31
126 1
415 25
432 17
113 5
464 27
372 24
248 2
483 12
130 16
266 23
413 26
66 17
266 19
375 17
235 20
475 9
341 13
225 8
469 13
96 12
239 23
51 22
88 26
82 21
325 7
295 14
296 9
430 26
71 17
218 18
280 24
370 24
284 26
243 32
430 10
35 13
157 13
358 24
174 3
165 15
138 23
88 9
23 25
346 26
25 11
103 13
458 4
128 5
65 3
196 2
412 14
218 12
19 16
16 32
366 16
42 27
490 9
140 5
350 5
162 10
252 8
382 17
87 26
154 7
84 25
200 7
283 22
415 1
345 22
344 22
313 14
417 10
218 20
370 23
392 11
497 7
146 22
56 28
91 13
86 10
261 10
21 11
203 3
343 3
68 11
460 28
276 8
385 13
283 19
116 19
285 4
21 15
341 16
14 8
136 12
457 1
385 1
439 19
115 22
337 26
24 12
265 23
376 26
347 14
256 6
36 8
73 25
174 2
484 32
49 4
139 25
220 31
334 14
313 28
495 5
334 2
148 10
20 3
451 27
385 14
328 16
302 9
328 11
18 16
366 18
135 20
274 22
230 3
215 2
259 6
394 20
79 22
393 31
120 32
465 8
105 24
424 2
396 31
85 9
266 22
182 32
306 4
457 27
266 24
429 4
233 2
319 3
419 20
409 15
259 25
394 31
369 13
473 16
272 13
381 25
358 18
141 11
221 13
402 27
120 2
362 32
355 21
163 26
244 3
16 26
148 29
68 12
78 24
131 21
448 19
237 6
277 5
172 25
326 21
335 21
254 17
149 25
377 23
438 12
85 25
473 20
213 28
99 30
284 26
490 23
444 31
240 16
103 12
69 20
336 27
225 22
99 29
402 15
35 31
298 11
143 30
55 11
14 29
349 13
86 26
379 2
64 31
101 27
234 25
298 9
424 22
362 30
246 11
201 4
305 6
103 31
120 13
6 29
161 18
281 31
191 11
128 3
481 16
477 18
249 10
135 28
148 24
45 17
111 5
229 11
95 3
214 14
339 19
50 23
424 18
449 14
192 20
424 5
156 12
90 12
174 16
279 21
72 31
269 10
272 25
448 14
31 29
283 9
83 4
72 18
365 20
324 16
96 15
432 11
499 10
210 16
97 28
196 32
14 8
201 29
165 29
2 27
161 4
416 8
319 3

