256
149 5
98 4
263 8
172 22
268 15
205 17
397 3
499 22
9 8
97 26
182 20
315 19
203 2
195 7
260 6
316 9
247 25
24 29
388 15
91 23
146 19
252 18
177 14
211 29
478 20
214 23
143 4
382 1
238 20
63 5
253 2
109 3
143 25
212 26
31 18
37 4
300 24
70 25
241 28
161 26
291 11
81 22
106 26
482 19
241 29
192 5
274 4
196 24
136 7
446 3
412 2
46 27
473 27
39 29
99 8
283 5
278 7
26 31
28 16
430 12
404 9
112 9
124 23
445 8
65 18
130 20
75 15
39 11
494 1
463 32
480 29
184 25
459 30
344 2
421 9
105 24
245 29
56 28
23 32
331 16
241 12
267 3
339 17
417 4
86 20
275 25
476 6
174 19
223 9
272 15
141 1
22 1
445 6
308 15
77 31
258 22
450 1
188 4
33 5
471 2
336 9
35 7
407 12
245 17
76 13
124 4
97 5
156 9
222 31
359 15
453 21
320 7
345 27
394 5
315 17
495 22
461 1
461 7
88 21
200 31
425 23
434 13
319 5
413 5
51 12
395 32
444 22
258 20
424 15
164 15
367 30
388 24
390 32
398 9
257 21
343 21
123 8
54 6
364 22
186 15
293 28
122 32
145 19
375 32
233 11
10 32
400 18
131 6
449 20
118 5
329 21
386 19
88 27
244 8
460 1
422 17
360 3
340 12
125 3
128 21
105 25
308 20
386 10
145 27
22 7
39 6
427 24
152 22
418 16
317 2
28 18
482 12
132 1
95 8
387 2
465 15
63 16
347 4
414 27
486 23
457 29
136 27
152 19
249 6
34 13
299 18
7 24
301 18
100 19
246 27
173 22
329 15
333 11
34 30
370 16
32 6
396 15
61 31
306 17
320 3
225 10
252 27
397 16
73 25
3 6
187 23
379 27
409 31
394 22
161 11
313 16
440 16
211 16
459 32
12 18
58 29
248 22
171 28
65 3
196 7
412 6
241 2
249 1
205 6
295 29
256 27
408 31
371 10
251 25
337 14
310 11
202 5
56 1
405 4
319 20
39 11
334 7
372 26
484 12
279 30
292 14
440 20
284 2
21 26
490 6
148 4
456 17
60 15
425 8
334 20
416 28
326 21
207 9
386 10
125 12
171 28
49 30
319 4
124 12
218 25
253 5
116 32
417 4
422 6
491 31
85 6
183 22
358 29
458 7
282 18
110 12
202 10
265 28
194 8
415 11
205 23
127 28
226 3
347 3
236 10
106 32
447 28
433 9
380 19
251 29
176 1
316 17
222 16
101 23
172 19
325 24
34 15
47 31
198 18
462 25
435 3
105 9
58 13
37 21
279 32
449 3
352 24
35 9
47 31
340 30
354 32
297 27
171 8
349 32
441 26
300 19
228 16
107 25
145 12
425 27
487 29
229 10
340 16
114 27
102 17
308 31
321 13
193 31
152 18
210 12
203 21
22 7
117 24
419 1
475 12
35 13
68 24
150 28
231 8
498 20
420 13
287 8
113 11
434 12
372 3
411 7
356 20
61 28
412 11
288 14
174 22
199 30
289 16
353 19
315 14
55 15
358 25
326 19
23 28
290 31
106 21
173 21
484 17
488 19
415 11
133 17
449 27
386 13
30 6
460 1
291 6
431 12
58 4
322 32
219 28
178 29
164 2
489 23
286 1
246 13
251 10
141 11
60 10
140 13
115 23
137 1
464 27
256 25
27 10
304 29
393 22
421 20
183 10
258 9
386 19
21 20
380 17
39 31
38 22
232 8
480 24
112 7
139 19
167 17
148 22
409 32
451 6
151 2
91 29
454 24
411 30
315 11
486 9
433 7
86 20
378 9
384 21
359 30
207 13
38 3
347 26
98 13
127 21
134 13
9 23
396 31
412 15
61 1
267 18
271 21
9 20
269 16
488 12
117 15
4 26
253 26
452 18
351 18
302 20
499 22
423 2
229 30
456 29
231 7
486 5
427 19
1 23
238 32
174 15
386 26
360 30
231 27
192 25
93 21
417 11
155 23
336 31
24 28
375 18
14 9
459 28
207 15
338 28
150 20
2 28
41 18
25 31
376 8
204 24
61 4
262 7
162 14
449 13
389 31
143 10
35 21
45 1
411 22
389 16
245 6
447 21
103 4
408 3
391 11
150 7
82 28
369 7
9 17
131 17
344 17
2 22
373 30
323 7
131 19
47 28
100 1
12 15
316 3
385 15
381 10
361 26
149 2
408 13
398 19
257 1
163 22
323 8
7 13
22 6
207 4
365 22
61 16
64 8
147 20
286 31
186 11
193 2
228 24
343 29
342 11
70 13
209 20
392 19
388 1
204 30
481 24
455 9
296 23
120 26
318 6
320 7
256 16
337 27
316 23
311 17
129 20
161 1
123 16
256 6
317 11
307 21
231 22
41 10
280 12
319 21
121 26
452 32
354 4
62 17
170 17
177 26
252 30
191 11
93 14
236 29
108 19
57 26
156 13
215 19
313 5
235 9
375 2
161 8
177 2
100 30
94 24
348 22
465 18
72 2
335 15
318 22
53 15
132 8
175 18
494 19
435 1
272 21
266 4
240 7
5 19
140 23
114 27
296 31
376 11
488 10
229 29
356 26
383 15
341 6
36 27
396 22
267 19
130 28
450 5
178 27
59 6
405 1
156 28
455 12
270 30
445 30
450 20
131 5
138 24
242 2
10 1
347 12
360 1
11 9
49 9
115 28
358 19
484 13
422 26
100 19
83 13
393 16
196 7
216 2
198 29
211 15
150 25
334 17
237 1
169 30
237 28
97 22
6 20
310 28
369 26
322 3
454 30
334 5
89 6
186 2
62 8
345 31
157 10
71 25
78 8
382 18
227 14
259 16
409 9
11 13
478 25
431 7
46 1
135 26
18 17
124 7
420 12
290 24
349 20
173 31
303 6
92 29
384 23
261 20
419 23
273 32
103 15
30 5
319 16
338 20
336 25
267 24
280 32
35 25
119 31
259 14
113 6
450 24
200 22
491 26
333 11
217 27
170 30
139 8
262 29
176 13
289 22
56 25
349 19
401 7
297 7
240 21
360 30
108 8
103 23
381 31
65 26
426 26
195 24
74 4
392 29
257 9
42 20
101 6
402 17
60 23
11 32
311 2
193 23
281 15
221 10
434 13
111 7
371 25
274 8
465 18
44 13
198 21
384 26
178 6
150 5
40 32
240 6
29 32
472 10
431 8
323 28
329 21
74 27
89 31
346 9
216 5
125 9
177 21
414 18
350 11
294 21
74 26
442 11
169 22
264 7
309 6
314 17
370 3
391 6
438 12
363 17
476 3
270 8
199 27
357 16
98 15
492 15
36 30
125 32
51 12
155 15
177 8
52 10
59 10
4 12
178 30
204 5
204 21
305 23
8 5
6 21
15 10
127 26
283 28
458 25
343 32
395 24
283 6
417 17
388 16
40 5
137 24
69 13
68 21
299 27
238 8
31 12
153 18
6 23
465 31
119 19
426 22
30 4
311 11
401 10
218 16
114 7
35 23
251 19
111 21
29 4
204 28
304 13
421 21
291 25
123 18
395 16
275 21
255 1
223 7
487 24
447 24
498 29
486 16
435 25
148 28
296 32
375 11
208 3
259 14
235 17
111 5
280 5
405 19
174 23
393 16
419 15
111 12
24 21
16 26
45 31
273 8
366 11
143 9
497 17
275 7
134 21
360 1
474 4
299 31
243 12
158 9
382 20
428 5
68 15
215 20
458 19
156 11
338 14
248 10
50 10
65 31
258 28
448 23
391 18
229 25
289 2
145 23
358 21
279 29
219 25
241 16
184 12
203 9
45 14
206 22
175 2
481 20
397 20
367 28
173 31
420 2
333 21
484 22
341 18
318 11
107 2
87 22
305 21
162 5
90 15
147 24
489 15
47 13
54 21
24 6
360 28
391 20
212 30
85 24
340 26
110 26
460 28
439 8
336 12
317 17
170 7
188 10
441 19
395 22
351 30
423 26
65 2
253 8
39 21
31 14
91 1
27 10
40 21
17 12
268 29
152 26
147 4
95 23
278 25
432 28
463 7
338 15
20 2
7 6
131 21
140 5
29 26
326 17
335 30
296 14
379 23
39 29
138 10
316 15
178 31
395 24
453 32
19 12
377 29
234 23
413 5
431 6
242 8
214 12
302 17
178 32
307 32
408 1
201 15
415 11
322 25
370 18
244 8
302 25
264 15
331 21
111 10
322 16
221 15
428 22
395 21
405 5
172 17
201 29
239 20
455 12
276 8
38 4
64 27
196 19
225 10
207 27
491 32
38 4
266 5
437 12
273 14
65 13
6 21
373 28
232 15
156 20
2 5
83 5
235 18
448 7
155 30
145 14
386 10
357 11
499 9
311 7
486 7
419 19
343 27
439 3
469 22
286 31
490 12
91 24
497 26
34 23
192 30
296 21
63 20
79 21
149 21
36 18
467 14
181 22
449 19
88 17
416 13
91 1
444 18
332 20
219 21
442 2
246 14
190 24
445 21
221 29
9 8
431 4
413 19
137 29
433 16
130 12
300 28
104 19
253 3
34 24
3 15
233 8
268 15
407 29
43 11
9 11
86 7
378 7
253 6
211 29
441 16
384 16
412 19
334 24
125 7
487 11
46 8
226 17
346 17
229 24
463 6
290 13
380 16
251 5
385 21
21 10
5 9
417 16
243 27
283 16
469 22
346 22
341 12
31 18
56 19
425 22
200 10
270 4
437 20
416 14
333 8
499 13
192 15
456 11
165 2
154 10
7 19
499 19
422 5
236 25
492 12
199 15
430 16
122 14
340 25
187 12
177 17
64 16
452 19
154 8
108 19
101 11
10 16
165 3
332 1
260 11
264 10
366 1
129 11
411 28
228 9
195 4
134 30
123 25
128 13
404 4
287 17
54 4
308 10
227 19
322 2
314 22
499 23
482 3
369 4
299 4
489 5
351 6
455 26
262 18
454 29
21 4
21 2
36 12
144 14
171 21
451 28
254 25
366 32
279 18
127 25
182 15
274 28
292 32
209 17
161 26
70 6
254 26
107 5
474 18
402 4
67 32
479 16
4 16
55 18
281 18
211 22
500 8
198 20
211 6
196 23
272 17
256 29
59 3
165 16
112 18
27 26
473 17
202 8
52 24
109 32
141 3
146 9
154 7
136 16
452 31
439 11
300 2
99 26
408 7
93 24
32 27
401 8
475 26
331 10
62 8
209 26
110 30
46 20
400 29
331 16
364 9
426 11
315 1
224 14
491 12
445 31
286 22
230 16
151 21
489 32
352 1
266 5
107 27
428 2
492 27
209 19
379 11
73 13
363 32
267 17
463 31
79 16
260 21
63 3
369 23
122 4
451 27
384 21
198 32
415 13
422 7
99 28
109 27
493 27
318 3
176 4
173 26
83 21
62 17
343 22
47 24
205 29
55 1
258 8
252 8
144 25
498 18
324 31
116 28
429 5
278 4
416 31
62 26
87 11
142 9
257 16
96 25
388 18
401 29
253 24
168 12
28 18
341 4
476 8
19 8
240 29
212 19
451 9
4 13
247 21
317 19
36 20
168 16
414 4
420 30
424 16
266 11
457 6
154 16
266 13
187 25
321 2
364 3
374 23
159 29
216 3
179 15
238 26
26 27
266 10
21 25
237 2
343 25
243 17
328 20
21 30
365 5
116 24
315 9
298 21
313 25
299 20
468 12
189 5
391 10
494 31
346 6
48 5
126 6
37 5
150 17
171 6
101 2
445 27
478 10
387 15
459 5
134 10
424 14
122 22
276 28
76 25
49 19
161 31
413 17
479 18
457 5
279 21
138 19
323 16
316 29
406 30
97 31
51 17
360 21
186 3
492 26
460 16
236 24
66 4
373 17
413 9
397 11
90 27
413 12
150 25
325 7
206 9
297 29
145 16
133 31
347 32
296 14
367 3
129 29
31 13
33 27
182 1
486 19
315 2
34 4
330 6
74 16
483 14
496 7
378 28
309 16
455 28
381 9
487 1
309 5
214 17
311 3
122 4
369 12
398 18
456 31
464 25
466 6
251 25
72 4
440 17
55 14
188 15
419 10
147 27
190 28
420 13
310 29
352 18
328 21
284 23
180 27
164 1
44 22
310 11
245 13
199 11
347 7
85 17
60 7
195 30
295 22
306 32
6 25
134 26
258 21
320 1
15 31
285 14
248 26
376 12
195 19
142 1
313 14
9 8
161 27
177 23
169 14
262 2
139 7
359 20
15 11
184 9
13 20
290 29
414 14
456 20
92 30
352 24
175 4
479 31
414 4
141 14
489 11
256 23
149 10
226 12
496 29
44 29
81 10
473 30
351 32
305 22
25 4
197 8
367 11
386 4
34 27
362 31
281 1
353 21
434 31
444 30
191 20
290 11
25 18
116 19
189 24
168 14
427 20
117 1
242 26
425 12
232 22
2 24
106 30
293 31
284 12
172 23
427 21
97 27
74 9
325 23
336 20
32 27
59 24
259 5
1 31
132 5
172 25
96 9
338 8
372 18
476 3
300 18
356 8
205 29
460 25
395 16
225 22
262 19
425 4
287 30
407 6
362 22
402 29
207 20
49 6
65 24
472 12
129 31
111 21
460 3
214 14
218 26
132 27
424 16
202 3
37 32
480 14
186 6
207 20
473 15
173 29
482 32
252 14
323 26
295 26
432 16
339 13
149 10
183 20
230 5
486 6
344 30
16 25
199 30
476 27
180 4
59 17
144 30
122 2
171 32
451 19
275 1
307 23
111 6
199 4
78 32
309 13
1 28
154 31
249 17
221 4
129 15
440 24
292 18
89 3
329 19
121 32
179 19
230 29
120 32
332 1
464 9
470 28
316 19
367 29
103 19
344 23
70 20
2 13
197 6
27 21
480 3
480 11
426 10
299 13
489 7
242 8
123 27
120 18
185 30
206 15
276 14
370 17
37 19
58 5
165 12
109 16
83 13
6 4
150 1
52 30
287 29
294 21
207 9
402 3
102 20
382 21
361 23
74 1
325 3
333 1
418 29
337 28
381 10
7 30
498 15
372 16
55 1
248 2
281 10
208 14
461 21
110 29
43 7
421 20
17 1
60 23
45 4
434 6
442 17
307 23
203 30
279 9
46 10
222 6
27 14
411 15
222 21
363 13
407 7
336 4
239 19
210 4
347 11
61 4
287 11
430 25
249 32
98 6
86 11
324 28
452 30
303 26
106 21
290 13
152 5
288 2
223 9
25 13
491 13
60 14
156 10
118 32
49 7
401 18
238 16
450 9
310 24
214 31
120 7
279 7
331 26
13 2
414 13
326 21
326 30
386 17
227 7
88 15
422 20
261 31
416 14
51 17
313 9
491 16
471 26
407 26
187 31
59 21
159 8
209 4
473 10
316 11
448 3
178 29
447 26
231 26
499 2
438 11
398 24
298 24
49 16
21 4
474 11
188 25
315 32
116 23
341 16
338 24
38 27
213 8
304 15
197 26
76 10
168 25
414 29
45 18
169 1
49 26
496 12
274 30
335 14
448 19
25 21
167 14
151 31
250 2
173 22
311 29
284 30
425 1
295 5
10 7
34 7
456 17
350 18
190 29
323 1
359 27
274 25
464 4
255 29
434 4
363 32
28 18
74 20
194 24
421 3
182 30
317 29
334 27
70 27
351 12
363 5
442 16
290 14
264 20
322 25
471 28
292 22
181 21
450 30
84 2
281 9
27 9
402 12
115 19
86 25
215 32
230 4
436 27
265 3
414 27
99 5
122 18
234 3
107 3
28 18
256 32
455 2
109 32
345 11
30 18
244 16
230 1
104 1
343 4
67 8
306 29
492 20
258 6
82 20
112 21
406 12
121 32
353 29
271 26
155 16
331 10
248 28
74 19
428 4
274 30
24 20
362 23
359 8
444 28
335 4
400 32
127 4
303 27
100 29
380 7
77 31
356 12
474 26
230 22
197 19
99 8
82 13
439 12
284 26
231 14
141 23
62 11
150 12
450 26
141 25
208 21
243 15
244 17
344 29
322 5
475 24
260 21
84 10
200 23
432 7
337 32
413 18
191 22
465 16
15 5
172 14
173 31
489 24
187 4
240 20
372 3
279 20
327 15
33 22
433 32
160 9
388 24
370 10
486 23
421 28
291 32
426 20
62 6
83 12
245 31
107 17
241 10
452 23
452 32
296 28
300 8
5 31
379 30
468 12
60 32
420 15
35 17
18 29
110 12
196 30
274 7
174 10
244 17
432 7
461 12
282 16
35 6
298 17
364 21
481 23
356 4
477 18
96 6
338 9
446 22
262 27
392 20
437 11
412 4
181 20
299 18
483 1
452 16
450 27
248 14
89 23
33 22
345 4
263 22
36 12
271 17
131 6
84 11
296 8
138 32
71 29
142 30
473 9
185 14
259 17
55 19
239 11
116 15
270 3
469 25
290 15
454 20
253 13
190 4
88 12
228 15
468 21
64 4
165 24
214 31
32 12
473 15
411 25
205 4
171 1
485 8
116 6
436 4
30 25
267 6
156 10
128 11
66 31
415 26
290 32
4 30
451 9
444 1
269 8
41 27
25 1
102 24
166 29
359 23
14 1
16 25
471 15
496 8
185 18
470 3
241 25
148 27
301 11
404 1
442 32
359 26
320 29
309 5
349 11
383 14
292 23
383 22
393 10
1 18
491 30
404 11
295 19
273 23
493 32
368 14
471 18
252 30
390 24
478 7
79 29
452 14
463 26
187 23
415 31
284 29
9 27
487 19
89 12
101 9
139 32
15 10
46 30
251 31
381 9
25 23
441 25
32 23
14 6
109 21
405 21
37 1
431 24
67 28
487 27
100 13
487 26
86 12
435 29
170 12
417 15
126 9
375 6
259 24
227 11
20 15
111 29
247 14
432 1
413 22
184 12
98 22
182 24
405 28
372 10
135 24
120 9
496 30
270 30
234 24
472 1
331 7
309 21
476 16
94 28
213 17
455 7
150 12
346 6
104 17
479 14
208 7
202 7
92 3
308 25
171 11
78 1
213 22
281 4
182 10
279 10
354 6
408 31
221 13
408 24
173 19
266 4
485 27
434 28
142 13
253 24
20 14
164 8
271 12
124 8
22 10
50 15
339 1
230 32
62 17
235 10
375 28
466 27
319 23
139 20
140 11
123 27
276 2
446 26
433 13
202 2
175 19
181 5
411 30
424 32
250 27
410 17
10 23
187 12
125 1
491 16
419 9

