256
200 16
329 2
199 17
222 17
105 26
470 4
484 21
153 8
387 17
346 18
372 11
280 3
464 14
326 20
395 29
265 30
176 9
15 22
169 32
298 30
45 16
257 8
184 13
147 14
37 28
219 13
299 14
7 10
339 12
241 13
444 5
326 20
97 8
49 6
427 15
243 32
318 3
203 1
464 22
423 12
45 13
112 23
139 6
308 21
154 29
414 25
53 11
272 14
283 21
471 25
19 21
384 32
267 31
40 6
140 14
82 4
455 9
27 21
163 26
273 32
234 10
116 23
129 4
140 7
208 22
323 26
26 23
117 32
497 24
374 8
322 23
319 32
499 5
72 13
383 28
328 20
382 4
106 26
183 13
272 30
410 30
171 11
152 15
79 8
146 16
135 11
110 26
94 4
2 29
121 28
213 28
204 30
243 25
307 5
258 22
18 7
23 24
454 7
326 28
174 12
187 29
290 16
114 32
403 19
252 3
351 20
323 30
261 29
214 7
194 27
496 3
138 15
103 19
45 32
326 2
103 24
378 1
11 19
332 25
458 27
140 20
399 26
361 31
230 6
78 23
397 1
338 2
91 20
328 3
71 1
205 30
368 2
270 30
425 29
494 26
387 17
41 5
446 29
148 32
326 9
302 2
297 15
459 24
282 22
226 21
142 30
230 13
216 15
90 20
303 32
373 1
68 25
178 26
165 9
41 22
49 14
416 25
185 26
436 30
364 10
22 5
295 3
218 6
305 27
1 27
94 5
500 10
489 1
379 17
1 27
347 25
112 30
97 4
339 1
114 6
398 19
59 16
90 28
54 6
286 14
353 16
483 28
393 15
28 27
328 4
41 6
280 28
491 12
152 25
112 1
31 21
103 9
405 8
68 26
438 25
67 14
232 25
493 32
372 4
98 7
251 14
76 2
494 14
109 9
246 25
113 4
81 27
68 17
259 15
146 16
340 17
337 15
113 5
399 16
52 8
386 14
338 1
35 31
230 27
179 20
215 15
455 32
5 3
484 11
9 26
162 24
194 22
271 18
30 21
494 1
368 23
438 17
192 28
239 5
467 21
396 9
59 15
328 12
77 24
30 1
145 16
137 26
393 31
347 31
279 12
59 14
219 13
407 26
320 13
330 30
266 22
171 4
280 14
239 20
161 5
292 21
16 12
346 24
186 25
34 28
32 21
166 6
441 8
11 8
68 29
102 21
122 12
157 21
269 7
108 30
219 27
438 30
179 32
494 16
328 11
384 27
323 21
313 31
120 31
227 15
219 12
372 12
451 28
240 15
478 7
352 13
98 30
282 8
425 31
195 20
6 2
314 8
126 14
295 17
153 13
136 7
52 3
211 14
238 18
72 31
1 8
263 26
417 21
77 1
23 23
296 28
201 1
60 14
87 10
275 27
226 30
313 13
268 19
278 29
177 21
71 29
476 6
478 32
82 22
84 12
28 19
336 4
340 11
406 2
100 16
368 9
441 28
453 12
55 14
64 19
282 2
111 30
171 4
1 32
345 29
60 4
315 19
452 2
493 25
283 16
240 30
268 20
34 12
387 8
5 6
22 26
435 8
247 14
71 20
209 3
184 24
490 30
366 13
4 6
1 2
301 12
140 12
419 25
491 29
112 15
458 25
133 9
116 31
202 10
126 2
304 1
382 17
159 3
438 30
457 2
151 29
382 30
177 12
462 31
309 21
162 10
57 22
362 12
24 7
61 6
29 32
310 2
213 4
8 14
333 12
291 32
73 28
125 17
324 19
415 16
363 28
249 20
73 11
295 5
377 20
98 25
275 15
166 3
79 30
488 19
193 31
98 17
302 15
365 1
13 16
108 7
59 9
498 28
171 25
228 3
204 9
156 30
435 21
317 9
198 16
276 27
286 13
7 8
299 12
416 27
3 24
38 5
232 27
44 18
383 31
152 30
299 15
416 30
332 28
246 21
239 1
271 25
98 26
316 8
353 7
59 31
106 4
267 29
334 3
442 17
433 2
154 8
104 9
317 19
152 10
316 15
139 22
267 24
67 6
483 19
164 1
125 10
488 20
310 2
54 20
242 22
197 31
421 4
464 1
87 11
3 30
357 21
339 31
228 2
408 10
28 16
251 5
45 14
396 30
263 13
105 32
286 5
251 31
305 6
147 31
32 9
292 9
141 14
215 8
91 11
78 3
398 28
123 18
269 30
295 24
318 32
239 11
404 21
13 12
406 8
450 10
308 5
178 13
75 24
168 1
366 5
283 27
276 9
56 9
274 27
280 15
454 22
46 29
211 2
269 4
69 18
53 25
459 30
29 9
474 24
49 23
441 12
454 28
88 29
464 26
63 3
304 16
465 1
225 3
111 21
290 11
210 19
259 28
424 7
404 5
483 13
88 27
136 13
342 11
253 26
288 32
400 12
183 20
144 27
38 14
251 28
285 21
22 27
184 29
182 20
194 32
392 29
290 23
377 15
453 17
288 5
296 4
184 31
403 27
89 13
285 8
472 1
356 21
315 11
289 28
478 18
11 29
466 20
99 22
283 20
175 10
496 22
257 7
152 4
209 13
304 9
136 23
117 15
119 4
381 27
279 23
93 26
431 26
293 6
104 15
285 22
497 16
99 5
162 31
116 22
195 23
67 30
45 7
320 23
466 4
422 9
410 30
90 13
423 14
74 6
309 10
303 21
489 6
261 14
356 1
371 14
147 1
379 4
324 22
354 17
101 11
237 19
140 26
55 31
60 16
440 4
337 31
376 17
348 16
178 7
364 32
104 7
189 30
54 8
31 3
152 11
34 17
493 21
214 27
87 17
26 23
344 2
473 11
38 24
59 15
226 10
115 17
284 15
310 25
166 32
96 13
322 9
57 7
5 7
213 16
247 11
322 11
452 26
13 30
465 15
408 14
345 26
370 8
28 11
317 29
370 28
214 19
244 6
61 32
392 26
43 3
216 20
81 15
157 1
360 29
16 24
14 8
493 7
191 25
413 15
417 26
122 30
29 13
252 5
465 15
214 27
133 1
371 29
448 27
10 27
204 13
278 1
88 3
304 2
143 24
137 15
54 26
41 30
475 16
22 19
286 32
297 15
16 27
483 15
250 8
474 13
368 27
225 7
373 20
85 23
448 25
426 29
330 18
434 24
461 27
94 30
42 23
164 26
261 23
224 6
490 17
314 18
152 31
16 8
270 32
243 29
172 4
421 10
337 18
157 21
161 11
394 6
493 30
111 17
408 7
115 17
87 8
106 2
170 26
114 24
73 8
360 17
227 13
450 31
134 26
211 10
208 4
348 4
13 14
305 20
348 11
169 11
50 6
24 24
99 21
11 24
196 2
120 6
150 1
484 12
26 22
281 30
150 4
137 26
142 21
286 5
63 18
275 17
431 27
184 22
287 22
257 11
267 20
404 5
296 20
256 13
285 4
110 2
220 11
152 25
39 9
201 30
242 12
66 16
274 21
405 20
498 17
394 32
240 14
384 23
389 19
60 9
27 13
311 30
267 6
458 22
250 18
259 7
485 32
366 2
128 27
22 29
135 19
240 15
64 32
261 32
114 8
329 8
341 19
237 11
452 26
264 5
204 18
43 8
401 32
150 4
30 31
4 5
289 28
39 17
71 23
156 12
323 24
324 19
474 24
121 1
106 29
329 29
462 15
200 31
131 13
94 8
223 2
28 28
397 30
68 23
69 27
150 19
59 21
405 28
237 1
13 30
465 1
2 11
416 29
493 30
106 10
409 20
387 17
43 7
206 26
101 2
333 31
16 7
75 24
478 31
149 30
4 21
183 21
243 14
262 7
495 27
25 15
46 27
43 29
398 13
198 30
374 10
100 2
476 15
13 18
337 17
295 9
478 13
401 4
426 14
307 4
28 27
27 22
445 17
162 22
169 7
192 11
93 15
488 32
317 4
373 10
365 32
198 26
496 14
265 6
112 7
193 3
105 27
64 22
140 9
243 8
288 30
54 32
225 29
299 9
393 16
46 21
43 3
302 26
45 10
311 12
341 8
498 17
426 6
346 13
138 17
77 29
22 6
8 26
375 27
139 3
34 20
227 24
483 4
113 7
445 16
386 29
131 31
82 24
296 19
473 18
15 25
414 17
382 10
134 32
432 12
374 13
160 24
40 22
479 20
20 8
279 13
60 25
491 17
317 15
420 21
424 6
41 13
322 10
110 32
30 25
431 11
357 10
207 8
83 29
252 26
312 30
62 8
291 17
216 7
191 27
99 30
421 7
154 22
264 32
401 25
156 32
400 29
273 6
112 8
494 31
161 6
97 7
381 19
127 4
197 21
83 19
134 31
137 27
448 8
402 9
45 18
32 4
126 16
105 17
363 10
452 24
255 12
450 27
286 20
231 22
244 29
480 25
167 32
15 14
367 13
314 7
30 29
410 11
205 18
243 3
112 10
294 10
93 23
353 18
318 3
415 17
99 14
141 25
361 28
230 20
128 28
342 5
92 4
163 4
265 9
215 16
451 32
446 7
103 30
125 32
84 31
37 30
285 25
298 25
36 27
224 27
422 6
171 14
169 13
161 29
90 23
365 8
87 6
286 13
311 6
312 2
301 28
279 17
377 20
81 8
306 21
75 4
74 1
445 2
430 1
378 3
184 10
410 14
255 23
310 17
457 5
162 1
173 16
45 21
367 25
312 17
133 30
252 6
335 4
151 12
152 5
486 27
474 23
456 29
293 1
145 9
90 31
209 6
246 25
14 17
230 21
137 30
63 20
272 17
435 10
364 26
154 9
273 28
95 28
208 11
197 4
488 2
158 28
251 16
301 32
220 6
440 32
95 6
447 6
102 9
492 17
170 29
313 22
476 23
226 15
146 14
387 21
411 20
180 21
151 4
128 2
213 7
429 12
273 19
377 2
311 32
339 29
365 11
126 20
410 3
23 3
476 21
391 30
156 6
250 11
254 5
380 18
148 13
125 24
239 14
145 26
369 11
382 9
338 7
425 23
62 31
5 25
59 15
275 26
316 8
224 29
253 16
387 24
116 11
171 26
364 7
255 5
150 8
169 7
347 9
85 24
243 21
296 25
335 6
219 22
94 22
71 26
249 1
97 32
467 31
70 3
433 12
415 22
460 19
68 2
380 24
65 2
92 8
127 14
282 13
76 27
490 22
424 7
454 4
102 32
490 31
102 6
347 8
4 30
303 23
315 22
75 23
155 26
90 17
92 11
477 11
97 31
16 24
57 21
243 10
240 28
33 22
154 19
209 29
36 23
431 14
44 1
80 3
23 1
331 2
392 16
484 16
126 11
212 18
319 2
43 18
186 3
251 31
453 4
199 4
174 13
41 6
486 20
268 8
493 26
473 32
109 20
427 22
306 22
119 28
92 2
33 21
236 20
319 25
95 13
380 16
497 13
189 6
244 28
341 20
406 21
323 30
268 2
452 5
239 26
48 14
231 13
310 31
68 20
7 22
496 18
133 25
10 26
178 30
129 11
341 10
183 4
252 7
117 27
227 27
272 11
389 15
59 10
321 22
326 3
491 29
416 15
369 18
296 19
31 29
269 31
162 27
90 13
253 6
115 12
265 27
458 9
93 12
350 21
345 15
295 11
52 10
309 32
339 1
318 9
381 14
296 2
389 9
307 9
295 21
324 15
363 9
63 23
500 8
71 20
143 1
382 2
279 23
113 5
499 19
190 19
220 21
124 8
221 2
453 11
203 4
425 5
261 15
372 32
455 6
308 13
11 17
290 17
83 14
109 29
36 2
163 32
134 3
215 19
68 23
221 26
295 22
39 7
188 26
18 26
55 25
90 5
218 19
57 16
133 10
233 32
315 27
127 1
385 6
155 1
360 15
426 22
224 24
412 8
77 2
257 16
106 7
400 3
225 9
123 25
122 31
229 28
453 23
236 22
48 14
142 24
117 15
413 32
383 9
307 23
106 8
442 3
410 26
34 6
150 24
195 19
66 23
58 14
481 10
59 9
35 24
288 19
119 12
47 13
228 25
311 29
268 9
396 13
446 5
367 3
288 17
217 17
187 2
222 19
123 1
47 2
184 26
12 30
386 6
6 25
115 13
298 30
273 21
115 22
473 29
16 20
393 12
464 19
61 1
97 24
169 32
193 25
477 12
358 30
318 32
327 16
384 12
17 32
168 23
77 24
463 12
251 31
379 14
285 3
102 22
474 15
25 18
327 13
222 28
67 15
399 1
322 6
220 10
141 11
173 25
378 19
12 12
342 26
193 2
181 6
7 22
120 11
172 26
88 5
334 2
135 16
250 16
218 13
497 26
207 25
427 24
156 22
211 29
32 27
474 12
400 21
69 20
67 8
169 22
336 2
159 30
86 24
277 7
228 6
12 26
294 18
369 9
80 19
149 23
185 3
26 13
455 2
308 21
38 12
27 21
330 1
195 31
445 31
421 28
96 4
310 2
222 6
394 29
109 15
115 5
17 20
81 7
437 16
195 30
216 5
199 9
258 5
163 30
215 11
429 7
14 14
404 3
268 17
91 12
191 17
372 15
48 1
29 25
44 16
162 11
296 8
155 25
104 25
458 15
251 15
333 17
476 28
203 15
384 18
322 11
350 10
281 6
202 14
234 25
237 19
356 16
107 22
85 6
31 30
232 17
280 8
397 8
151 20
350 15
97 16
461 6
69 17
195 2
106 8
366 26
27 29
374 21
435 18
398 1
203 14
449 27
397 18
238 24
149 23
286 9
462 30
42 30
42 25
151 12
368 25
489 26
441 14
82 7
23 8
43 14
313 24
60 9
189 9
108 13
87 5
433 5
342 2
430 16
414 1
383 26
301 31
379 13
437 1
468 11
144 26
388 28
353 31
16 25
447 4
81 6
220 25
286 10
339 11
149 20
351 19
385 3
105 32
244 29
428 3
204 7
424 31
378 13
94 5
169 4
368 10
277 16
114 18
205 28
481 17
56 7
87 28
334 19
55 25
436 26
491 23
404 22
433 1
190 18
26 7
418 13
312 30
36 17
460 20
81 12
444 28
122 6
427 27
73 18
235 8
167 13
498 11
139 18
55 4
160 16
242 25
325 25
474 24
182 5
452 22
224 15
249 2
277 7
356 13
212 15
208 3
315 17
153 29
190 23
485 5
139 10
129 3
131 19
174 12
387 5
277 7
372 17
160 8
403 3
348 15
457 7
197 12
463 29
76 24
407 8
353 25
138 25
359 20
435 21
283 2
9 31
284 12
435 15
379 5
161 6
155 2
484 3
241 2
51 20
302 18
228 22
354 13
338 5
484 25
97 30
446 17
176 1
337 10
227 15
150 31
293 1
356 32
7 12
426 2
116 27
219 27
232 28
59 29
488 6
193 24
11 14
393 30
70 5
147 28
147 20
35 7
452 26
419 23
190 8
220 5
70 10
351 17
213 5
73 5
154 2
488 12
107 4
201 29
164 15
324 27
346 18
453 22
304 7
460 17
66 3
1 15
320 19
139 16
111 12
436 32
33 16
131 27
7 19
19 27
381 15
333 2
404 21
227 11
8 2
51 9
216 15
60 15
253 22
271 23
465 18
182 13
481 32
488 20
346 30
10 18
200 2
156 12
330 10
14 17
420 17
262 15
467 17
374 32
74 28
138 7
349 12
35 14
483 26
169 29
380 14
406 3
223 1
386 4
443 4
241 22
316 14
200 18
26 1
57 3
68 7
137 9
366 28
450 28
249 22
176 12
499 6
411 17
142 28
124 16
47 8
149 18
217 9
348 18
125 20
193 5
98 29
313 11
204 2
311 13
83 30
432 25
419 6
5 9
490 28
200 32
196 29
250 24
401 21
358 13
500 30
69 2
230 29
412 18
346 18
238 20
264 21
212 18
363 20
446 28
400 18
239 19
198 12
210 18
84 19
474 8
468 15
33 10
275 20
335 9
222 24
400 21
444 8
18 6
31 32
9 10
313 28
228 30
235 6
459 7
208 12
254 8
474 22
77 5
433 11
221 14
186 8
138 13
435 8
435 10
471 19
99 23
42 15
144 21
116 2
447 11
33 8
350 7
189 2
459 5
40 23
127 13
150 20
354 13
123 12
254 1
434 8
79 12
178 10
456 9
175 26
468 24
453 5
418 29
447 8
465 18
406 19
415 27
59 24
343 1
111 28
126 32
448 24
223 25
278 10
270 12
79 21
11 3
257 32
375 31
155 32
393 4
282 15
467 24
278 5
373 8
405 26
283 4
53 18
328 18
183 29
134 30
185 32
348 10
424 31
496 6
266 24
490 15
398 8
239 11
116 31
414 12
312 25
223 8
202 11
46 4
499 23
349 24
322 1
329 21
123 8
175 28
416 4
286 5
471 16
340 22
338 1
106 5
301 16
365 2
82 6
90 1
440 6
468 17
338 24
210 4
119 32
347 30
399 9
199 13
360 18
454 6
494 3
198 11
91 22
148 12
323 17
104 22
27 3
227 28
366 12
176 25
171 30
74 13
6 24
289 30
13 26
63 27
5 12
153 15
26 16
118 28
389 6
314 23
144 24
130 2
327 17
50 13
179 15
417 20
247 17
49 15
150 19
469 6
427 13
100 32
273 14
3 29
143 12
427 26
207 4
351 5
213 20
233 3
375 9
426 9
57 7
83 3
141 32
212 23
24 28
370 8
233 17
308 27
40 22
364 31
142 15
483 14
466 20
448 4
216 5
164 21
51 3
331 4
2 30
110 13
57 16
173 1
204 24
367 27
214 15
341 7
149 28
412 30
391 3
158 10
83 13
82 18
271 20
325 16
306 14
149 10
265 17
355 28
152 5
63 21
303 15
423 15
430 14
417 24
396 14
130 23
246 31
112 9
475 28
140 4
73 20
345 6
460 23
9 12
272 23
180 14
178 27
377 15
492 9
131 24
218 8
366 15
322 21
183 24
468 15
427 24
314 8
229 6
322 30
89 25
160 16
19 25
426 3
148 18
391 14
157 32
241 22
274 26
202 5
210 25
131 12
60 20
111 13
69 17
230 9
229 29
129 15
78 2
197 29
323 27
354 27
46 30
204 8
7 25
276 8
277 30
56 1
201 6
329 10
154 22
130 31
446 10
333 7
16 30
451 30
468 12
21 18
101 8
333 32
129 4
175 17
217 26
93 17
100 29
242 21
330 12
339 4
333 32
2 32
53 13
390 20
460 22
33 1
133 29
20 29
176 6
370 32
128 30
13 31
235 10
183 12
477 6
43 10
193 25
9 1
201 6
468 28
159 25
72 24
69 27
404 21
137 1

