256
110 21
5 3
158 11
373 19
358 4
421 24
482 6
96 28
22 31
455 17
53 14
433 9
301 28
240 25
285 8
332 27
392 12
433 5
295 25
36 16
472 4
331 9
425 22
272 3
32 3
299 4
132 28
316 16
159 7
305 3
466 28
41 9
176 25
258 30
130 5
325 13
100 19
258 17
432 25
323 28
255 5
399 11
204 11
170 22
473 2
9 31
314 21
147 5
374 20
14 31
48 14
455 32
344 32
24 7
93 2
90 19
318 1
437 6
259 23
87 27
136 19
21 21
348 32
141 21
423 26
223 11
343 29
470 6
241 25
313 21
42 14
383 31
446 4
84 24
130 31
287 17
321 11
418 24
474 30
388 29
64 30
219 30
139 16
444 23
236 16
415 1
361 17
339 11
468 3
362 13
297 20
66 17
455 3
137 8
392 20
28 23
486 10
213 12
489 24
58 32
411 12
204 3
120 31
429 16
317 15
388 1
438 25
433 32
287 25
376 27
93 11
133 30
353 5
257 13
352 10
417 2
137 12
237 16
162 17
195 10
455 27
146 1
387 27
340 14
147 7
204 31
470 24
372 6
385 4
14 24
293 30
202 1
402 30
185 19
102 15
245 13
165 6
5 28
320 12
429 19
411 16
409 4
171 13
405 3
260 26
495 29
200 20
481 1
485 13
367 30
248 15
198 4
205 22
315 20
398 7
342 20
226 23
391 29
235 31
7 18
416 25
398 15
400 11
419 28
99 2
174 18
248 3
110 4
277 20
328 26
19 29
185 16
123 3
344 21
73 11
203 24
55 20
455 15
182 21
190 21
10 3
478 6
290 27
413 30
363 32
91 9
113 3
328 15
201 4
444 5
226 10
260 16
97 2
86 27
291 8
263 12
342 20
113 15
179 26
48 29
321 2
273 21
412 28
20 8
475 7
384 12
108 8
332 12
413 25
38 31
44 20
59 10
392 27
368 22
400 4
462 13
405 22
5 9
389 4
428 16
486 28
415 25
11 22
353 11
15 10
330 14
190 20
295 5
410 15
2 2
430 11
234 22
252 14
2 16
262 14
355 27
297 26
396 11
367 24
81 29
137 30
291 30
1 1
110 31
451 27
424 32
129 13
66 4
394 19
372 11
200 18
458 8
199 25
154 26
452 7
150 16
348 32
470 21
377 15
111 15
42 18
59 14
42 4
254 23
246 5
294 22
202 7
293 1
455 15
170 14
385 15
197 24
111 10
432 15
245 30
17 2
279 11
159 12
254 32
107 4
388 4
445 26
2 21
194 8
35 19
213 23
33 17
3 15
427 26
481 19
32 26
160 6
276 2
130 18
434 20
29 5
487 13
114 32
61 23
295 4
373 27
218 10
267 8
400 5
358 21
215 25
82 10
50 17
396 15
386 13
118 22
353 24
238 15
295 3
329 29
450 14
95 31
459 2
239 14
406 8
90 29
188 15
346 29
380 17
472 1
273 13
383 14
397 24
296 27
122 32
280 31
177 14
90 3
439 4
345 21
127 18
169 10
309 22
106 32
311 17
304 3
18 22
412 2
158 11
308 7
35 19
54 23
165 3
198 15
322 10
3 16
179 19
317 27
389 30
26 15
351 26
133 12
367 1
485 28
455 8
7 21
231 8
52 27
54 5
53 15
142 12
378 8
78 22
159 6
467 28
16 1
365 5
388 4
397 24
459 15
368 1
340 26
376 15
196 17
343 28
7 32
7 28
7 5
429 9
254 4
201 30
416 25
270 16
148 6
27 27
16 6
71 23
195 3
301 18
79 23
342 18
478 20
321 29
284 30
1 2
349 9
159 4
266 32
419 29
445 26
19 24
43 18
371 30
92 19
479 6
166 28
255 31
20 4
479 7
29 32
44 1
180 6
140 9
481 23
210 9
208 28
441 14
373 15
339 32
185 26
134 10
341 28
345 4
19 3
367 31
6 18
423 10
112 3
334 28
177 23
73 8
327 5
485 31
175 32
15 19
345 4
61 13
239 5
397 30
283 27
156 9
172 27
326 3
197 3
431 21
54 3
108 12
367 16
430 25
119 8
103 7
443 7
500 10
271 4
143 18
10 2
194 9
80 11
168 24
29 10
500 6
452 7
165 18
51 27
62 5
390 20
484 13
31 31
218 5
82 28
206 31
361 15
123 25
269 18
68 6
91 28
83 6
26 28
63 24
194 32
97 23
492 8
267 14
266 24
174 7
47 8
289 16
482 11
52 15
53 23
252 23
390 30
37 20
81 19
343 14
427 7
209 6
370 7
439 19
163 4
185 17
47 29
320 1
236 7
335 4
194 2
134 15
271 22
350 24
473 13
329 27
131 9
316 1
216 18
191 14
421 12
290 32
348 30
200 15
184 14
74 1
471 12
312 13
229 17
444 9
353 9
451 16
161 2
40 32
223 2
105 8
105 11
315 21
60 6
239 11
399 21
324 1
20 27
109 32
147 17
153 8
177 11
39 9
221 6
65 31
11 21
290 20
119 12
272 6
117 10
125 3
174 28
235 29
286 16
145 32
248 5
487 24
251 29
112 27
306 8
266 9
49 31
284 27
159 3
197 27
268 17
494 10
120 32
486 1
71 2
188 14
130 7
93 21
51 5
351 5
232 8
25 8
375 8
299 17
66 3
11 21
167 8
274 30
232 4
42 22
93 29
324 11
107 8
455 6
472 13
366 24
125 22
335 27
401 1
383 6
479 21
150 21
249 24
282 4
387 15
485 31
404 28
405 14
428 7
19 15
16 28
306 8
477 5
490 13
125 12
194 8
116 12
248 28
119 14
195 29
204 24
39 7
191 4
321 22
154 7
221 29
427 10
12 19
18 5
484 19
224 17
246 16
372 21
55 30
226 10
50 30
485 21
240 19
384 24
497 1
251 13
410 1
94 1
283 4
274 18
254 21
295 15
392 30
47 15
360 5
400 21
54 24
349 5
410 32
205 18
473 27
326 30
483 20
154 13
383 3
383 12
480 1
190 27
194 28
169 25
8 32
18 1
155 22
206 1
302 2
174 22
216 16
359 22
123 16
166 25
143 32
344 10
428 29
196 30
120 13
378 24
136 3
244 3
113 29
207 14
62 20
391 25
83 21
178 5
112 16
61 22
95 32
431 15
140 3
496 20
343 1
443 26
472 2
120 28
487 30
201 28
410 11
177 20
191 2
49 2
401 21
260 32
365 22
370 16
316 25
467 6
441 13
488 28
447 27
199 13
137 31
184 10
489 28
389 7
66 21
333 14
398 32
165 30
281 26
469 13
102 16
458 11
48 17
158 10
404 29
130 4
107 30
289 4
25 9
478 22
318 18
260 7
253 16
328 6
162 16
334 27
435 3
361 27
88 11
180 31
79 26
234 1
327 14
484 15
254 14
145 19
123 8
137 16
31 28
113 32
464 6
159 10
88 31
232 27
389 8
369 15
73 26
356 23
179 19
101 29
300 9
355 31
500 8
150 7
159 2
74 14
411 32
372 14
103 27
377 7
366 1
162 2
403 5
40 1
355 29
365 23
237 12
281 21
211 2
119 21
43 32
343 9
276 26
154 30
168 30
220 22
479 25
175 25
249 15
461 20
207 22
462 15
397 30
383 19
375 29
179 1
397 9
73 28
86 30
401 22
256 28
491 26
205 1
466 17
231 10
260 25
455 13
232 31
314 10
309 8
319 24
456 3
360 16
238 2
106 22
403 9
461 1
298 5
57 19
470 16
40 25
428 27
302 15
49 15
477 10
155 31
49 30
361 32
342 30
205 27
87 23
11 3
499 4
64 24
422 29
399 17
261 14
159 26
337 4
381 21
269 31
107 13
348 19
224 9
416 13
191 2
387 5
252 26
360 11
497 29
199 23
446 28
72 24
225 32
15 29
220 7
491 6
99 23
496 31
231 7
455 2
468 13
474 12
430 14
386 22
466 29
24 23
396 16
219 12
355 9
77 3
16 3
456 2
257 32
288 24
66 10
261 14
435 30
105 28
271 14
346 21
426 29
499 1
168 25
497 27
302 21
449 17
491 4
134 16
59 18
439 9
367 31
362 17
136 14
369 7
159 30
143 5
286 5
461 6
62 17
476 31
381 28
31 28
31 32
471 2
437 17
270 12
459 31
456 10
300 8
500 6
241 10
246 31
339 15
332 12
15 3
114 4
434 24
119 28
159 9
109 8
349 6
103 7
360 14
400 15
86 32
469 26
97 30
56 23
272 27
186 11
45 11
238 26
294 12
498 25
296 18
104 12
336 18
302 27
115 1
354 20
156 30
230 9
387 5
391 7
24 1
1 28
227 30
102 13
445 11
29 28
56 4
87 19
337 24
86 19
292 23
355 24
112 20
404 14
220 30
8 23
222 4
15 9
97 8
173 9
66 25
132 13
184 10
216 16
309 13
174 25
91 8
252 22
463 15
51 19
300 23
129 10
270 27
322 27
462 6
259 19
46 7
204 25
312 31
452 17
219 9
425 13
5 24
214 11
182 4
353 17
26 6
354 20
328 11
14 2
20 16
372 13
14 19
497 6
493 12
298 27
73 30
223 5
249 8
247 26
404 12
114 5
285 4
428 16
494 5
105 30
417 5
282 10
51 15
459 8
226 4
106 14
181 9
430 21
468 1
62 27
480 24
356 28
495 23
375 8
428 28
205 16
456 15
329 22
117 8
401 22
247 31
196 12
39 21
208 22
153 14
81 32
445 16
395 31
70 6
130 1
453 11
396 32
173 9
265 21
364 18
334 26
376 13
389 22
6 5
123 22
218 27
142 22
342 16
304 16
9 25
112 21
267 32
220 27
436 9
431 23
206 25
260 9
293 21
198 6
97 8
308 10
227 17
327 12
188 18
183 21
414 11
9 13
6 29
323 17
269 22
91 30
18 22
406 18
202 3
312 2
126 19
463 12
271 9
124 2
270 18
358 4
304 31
68 5
299 22
453 31
143 27
40 24
97 1
26 26
251 1
300 12
159 6
432 21
403 15
90 8
212 12
59 28
166 26
28 4
368 21
30 26
227 29
226 31
217 27
325 31
439 20
194 13
237 1
229 7
31 22
367 15
469 25
314 10
255 9
449 2
173 14
335 12
250 12
426 6
162 2
284 32
77 14
400 14
306 12
156 29
2 2
283 2
3 20
456 13
288 24
82 25
234 8
64 15
328 13
301 25
91 24
293 3
265 4
184 19
376 4
259 17
65 25
198 31
488 29
27 7
57 24
439 26
376 2
476 19
343 28
395 29
64 3
451 24
83 15
102 22
178 24
186 22
104 23
13 27
388 31
422 8
147 32
437 22
362 8
76 16
392 18
488 23
157 10
486 27
276 24
48 9
3 21
47 31
467 19
401 30
97 26
1 7
34 5
116 27
53 3
450 16
13 21
250 9
430 19
111 22
378 18
10 25
94 28
339 16
466 15
118 31
265 18
9 2
259 1
44 3
19 5
106 23
485 23
51 22
145 1
471 19
170 9
255 23
36 1
175 18
35 20
268 23
261 20
448 27
104 19
181 23
187 14
5 15
344 12
289 13
68 15
363 30
239 9
500 27
61 26
480 23
317 27
246 18
78 5
300 2
36 9
8 14
470 4
449 26
419 1
6 27
495 4
76 6
188 11
360 20
101 11
194 17
289 23
198 18
484 14
251 19
330 10
444 11
122 28
464 28
128 9
378 11
40 13
208 23
380 15
326 28
109 20
100 29
310 14
466 5
147 1
15 16
326 23
126 23
202 30
339 14
262 8
156 18
21 7
380 12
133 18
231 13
77 18
193 14
479 22
235 25
78 9
304 32
59 2
202 17
75 8
294 4
460 21
341 4
15 29
231 15
278 21
443 18
142 3
295 5
496 17
449 14
278 5
181 24
238 2
448 4
126 5
499 25
393 28
416 19
412 10
257 5
458 27
246 3
185 20
423 21
69 4
106 30
328 14
33 13
371 29
376 24
425 22
432 26
65 11
428 8
344 13
16 17
87 1
400 4
301 26
304 25
397 25
66 4
398 10
140 20
134 31
116 7
93 27
80 5
246 11
485 25
395 24
242 30
113 29
105 13
166 24
133 19
168 26
138 21
351 6
184 9
496 19
395 24
50 14
449 19
184 9
87 15
284 20
412 24
172 12
160 6
275 8
252 18
45 13
210 4
18 13
380 22
396 26
305 13
99 9
91 30
37 9
64 17
357 23
420 12
194 12
69 4
427 8
113 20
61 26
219 6
67 2
295 6
75 8
258 1
204 16
158 1
376 10
265 20
48 24
464 2
115 16
413 22
204 26
365 12
51 31
193 25
384 12
282 26
439 15
482 2
238 23
234 22
212 18
401 32
34 8
205 12
100 5
393 15
346 9
418 17
43 10
217 6
449 7
235 7
37 24
233 19
207 10
92 14
168 16
29 5
60 13
52 15
54 17
461 15
405 22
147 32
339 8
225 20
214 4
378 2
175 2
228 9
428 27
151 7
15 3
147 2
116 26
232 1
346 12
271 3
421 14
50 31
133 6
250 2
233 12
299 4
89 23
140 24
197 2
314 27
173 8
136 20
362 11
160 11
262 2
309 22
199 14
145 3
484 6
380 28
225 7
475 30
205 11
33 13
108 19
316 16
10 3
271 27
22 22
282 3
212 18
317 6
152 13
445 19
206 12
202 3
354 13
96 14
495 20
15 2
326 2
86 32
484 20
410 17
342 31
288 1
485 12
166 16
268 14
122 9
138 15
107 11
203 10
401 17
182 19
151 3
96 4
46 23
295 28
436 32
498 27
40 10
30 6
321 29
19 26
473 12
469 16
147 3
281 15
368 22
313 6
173 20
457 26
338 31
25 17
239 15
199 30
208 16
335 17
228 22
322 17
361 18
132 23
313 24
405 8
78 5
401 6
328 21
319 2
459 20
142 17
218 29
327 25
124 17
305 24
218 19
256 7
268 7
437 24
150 2
463 11
410 11
328 30
423 15
107 18
342 16
430 3
292 16
335 24
269 4
119 6
118 22
416 25
260 9
169 25
46 15
488 15
50 19
396 24
313 10
353 2
454 11
64 5
390 31
12 26
242 10
348 23
355 11
299 26
319 31
227 28
302 22
23 7
380 22
174 9
124 7
198 25
161 14
173 10
364 25
412 13
166 3
19 1
225 17
190 32
136 12
259 29
333 5
491 9
403 32
109 26
42 26
102 22
419 14
308 18
310 3
442 8
181 32
200 17
277 1
152 32
157 11
52 13
395 30
405 9
57 5
322 3
171 19
356 5
401 23
75 6
233 20
37 29
328 20
22 4
477 29
219 1
287 30
325 22
163 2
478 23
94 32
21 4
426 17
205 18
39 31
240 32
498 4
388 5
216 9
280 12
286 10
28 12
119 24
105 1
137 31
204 31
86 16
198 15
452 10
41 7
32 24
466 26
407 1
206 18
318 6
17 15
335 8
378 22
100 27
438 24
269 13
170 22
69 24
216 28
269 4
362 9
387 7
34 22
236 31
119 17
428 4
7 19
383 24
272 10
218 29
422 10
54 23
191 6
458 3
493 15
14 3
83 1
237 24
250 16
58 28
24 26
207 30
304 10
118 19
423 7
135 20
173 24
287 15
13 24
121 30
174 23
212 28
91 8
75 12
272 9
59 23
322 6
29 13
207 10
51 1
332 13
177 32
77 31
219 1
410 31
94 28
177 29
191 11
457 10
106 28
102 29
226 19
134 6
251 16
103 29
172 31
337 4
290 13
14 12
354 24
51 11
359 31
308 9
494 12
18 31
195 3
319 24
245 28
26 19
495 12
499 27
414 24
218 8
100 32
415 17
7 29
104 9
44 3
265 5
26 3
191 20
105 30
491 26
313 8
48 4
348 27
326 29
234 27
168 21
126 23
490 16
251 1
348 14
207 9
386 16
99 21
303 15
86 13
256 10
365 20
57 8
202 10
176 31
277 8
119 30
482 24
386 16
256 5
230 26
197 15
45 23
191 11
350 20
344 13
378 12
260 10
271 13
20 22
395 24
141 30
49 26
177 2
58 13
19 7
246 19
253 15
214 24
489 15
423 16
19 8
391 27
438 13
91 5
311 18
104 31
203 16
277 3
290 2
15 24
120 21
226 28
51 19
19 27
353 30
223 28
445 5
354 22
478 28
42 20
281 21
90 27
149 10
66 22
51 12
449 18
340 22
394 2
465 32
281 9
205 7
244 2
319 25
235 28
393 17
287 1
125 1
360 9
446 25
414 21
208 10
18 4
388 19
289 8
175 1
372 15
127 20
232 18
416 7
445 32
299 28
185 27
312 28
48 5
172 1
105 23
323 31
278 10
385 31
265 3
191 32
290 6
455 1
115 31
43 3
30 29
494 30
264 25
461 27
414 12
123 22
215 5
492 28
358 5
262 30
287 25
110 24
122 16
153 20
286 31
146 12
36 20
85 19
296 2
313 9
29 7
431 15
232 18
87 25
2 4
211 29
4 20
68 25
87 12
360 17
267 2
392 6
349 4
304 32
373 4
57 18
50 7
348 21
112 10
222 14
486 4
254 9
103 29
466 25
393 13
413 19
34 4
312 2
132 15
378 12
434 10
257 27
272 29
468 7
390 29
348 19
472 29
216 22
274 29
466 2
209 23
28 23
386 11
476 1
9 25
373 10
138 9
276 17
85 19
144 11
135 11
53 14
444 24
383 1
152 17
86 29
79 21
455 32
155 10
333 23
487 13
104 4
37 3
385 26
326 12
300 4
370 32
418 29
324 20
381 11
500 30
39 10
430 25
394 16
127 10
98 5
134 5
88 10
136 28
143 29
203 6
272 29
350 17
385 29
193 22
351 8
83 14
122 5
234 27
300 8
92 26
324 25
302 20
246 5
87 5
101 22
34 1
362 15
265 10
407 21
215 18
149 18
499 14
14 4
136 9
296 11
414 23
303 32
382 4
356 25
140 5
258 18
181 31
408 21
68 11
254 7
276 6
284 26
375 13
209 26
461 8
440 23
475 6
294 8
493 25
176 17
457 13
306 1
255 1
286 19
379 31
309 6
144 16
279 22
240 28
231 16
195 18
278 1
263 27
377 31
424 8
387 16
337 16
221 31
109 6
469 27
396 9
493 7
220 31
260 19
462 10
363 29
11 8
177 17
415 5
379 22
457 30
421 1
161 21
87 29
498 16
108 29
184 24
135 16
74 30
66 16
235 4
396 1
272 8
369 14
477 32
375 25
365 7
77 9
288 23
146 21
422 29
30 30
408 20
65 9

