256
227 25
477 20
380 15
272 1
197 16
40 26
261 11
459 22
179 20
37 10
440 30
283 19
439 18
123 20
70 6
450 16
107 6
71 2
12 15
14 28
346 13
37 18
323 31
455 1
26 23
94 5
308 4
203 22
54 17
337 23
431 30
122 21
63 9
374 22
387 24
133 20
144 5
41 27
15 11
171 20
337 5
356 21
344 14
242 29
235 19
223 21
68 25
405 19
389 30
204 23
17 25
210 25
209 14
479 32
96 13
115 24
117 11
428 25
380 22
61 22
452 8
334 23
480 18
149 32
16 17
346 4
393 31
44 5
156 14
176 3
23 23
386 11
113 6
155 24
187 24
162 2
351 23
156 30
233 1
49 24
361 18
131 25
448 23
205 27
196 1
57 30
375 22
413 23
459 11
182 21
134 27
282 32
338 14
165 26
446 25
169 30
106 11
410 25
325 18
359 5
198 15
442 8
61 10
410 31
125 12
16 22
434 9
94 23
438 18
192 3
323 32
40 20
11 21
185 11
267 31
59 24
310 17
388 18
58 29
240 14
240 3
144 14
256 25
148 1
198 20
428 20
403 3
152 29
120 20
452 30
378 22
349 31
362 20
260 32
385 32
157 24
458 16
1 13
92 9
258 18
192 17
13 14
355 12
211 10
351 18
211 17
375 28
119 13
147 31
212 31
82 24
7 31
20 27
104 15
7 25
104 30
101 5
496 27
484 22
133 15
71 11
415 13
254 13
33 21
263 4
135 8
464 9
235 3
352 18
149 6
402 17
260 18
73 15
160 4
312 16
390 10
135 16
178 32
189 15
140 7
158 7
147 13
267 21
307 18
70 32
180 15
60 27
324 4
193 11
187 12
127 25
237 21
232 10
352 4
476 8
75 10
470 25
106 28
453 5
58 18
220 5
344 19
27 31
410 7
353 28
426 3
376 6
443 28
427 11
231 7
138 9
240 31
377 5
46 13
109 7
202 12
191 29
458 9
415 19
139 4
167 32
98 2
429 29
353 20
187 28
462 24
92 9
134 5
397 15
149 22
134 15
185 32
247 31
245 6
361 23
133 31
299 14
125 27
474 29
434 16
264 7
335 28
447 28
28 28
499 16
201 32
230 17
159 9
379 7
194 32
138 22
470 20
407 30
366 13
423 28
392 18
46 3
97 17
46 12
40 8
4 28
379 25
124 6
265 27
144 14
94 9
135 23
420 6
361 10
274 15
437 13
24 6
243 13
30 13
96 1
36 19
308 27
388 8
156 12
286 11
314 27
284 28
497 15
341 5
340 18
343 28
483 19
314 13
487 23
69 22
412 13
33 19
223 20
2 6
275 27
380 24
369 3
388 6
218 20
74 9
46 29
389 4
283 6
308 13
396 9
202 19
333 10
378 27
357 31
136 28
370 15
219 14
30 6
455 3
38 29
7 31
297 15
314 7
448 17
199 16
349 20
2 13
486 7
439 26
462 6
325 31
89 8
272 6
353 31
68 6
459 18
324 19
321 5
185 20
462 11
315 14
134 5
47 27
399 1
313 16
59 9
394 27
32 26
468 29
244 7
274 18
460 6
308 24
438 28
104 31
226 14
265 3
438 7
478 29
295 18
400 13
278 26
55 10
311 6
46 10
408 7
107 4
472 30
203 22
257 6
12 30
428 32
192 5
438 29
405 13
162 13
289 8
302 32
453 24
217 22
17 17
372 27
48 8
240 14
105 16
260 16
181 7
244 12
255 21
245 12
117 22
168 26
197 29
101 13
80 29
350 20
145 30
422 32
65 5
294 1
360 1
136 32
91 31
115 17
264 19
356 20
117 19
137 5
491 5
166 2
406 19
369 14
236 2
94 20
154 27
172 25
439 4
256 1
390 3
373 21
433 13
385 29
103 21
214 14
462 19
15 27
245 4
268 21
377 21
484 11
99 28
395 9
315 27
417 32
225 26
61 17
222 29
58 4
169 15
269 10
353 32
200 5
371 12
429 7
32 1
277 15
272 20
371 26
26 32
493 10
281 13
110 30
201 7
177 26
493 18
203 21
81 7
442 19
74 18
197 17
486 10
87 13
349 22
46 10
97 31
327 13
443 12
230 20
159 10
217 7
203 15
496 11
25 21
233 6
10 22
55 24
107 21
456 27
450 10
180 30
392 22
126 18
497 19
181 19
465 17
158 23
372 21
450 20
145 30
346 14
315 16
353 17
392 9
79 14
310 14
443 25
319 21
238 4
127 15
174 3
19 15
110 30
187 27
138 11
296 11
337 11
234 29
235 29
349 6
22 22
423 21
62 22
385 24
409 15
70 14
454 4
117 11
182 31
325 19
486 28
5 2
82 22
362 1
418 3
482 28
220 24
256 6
349 24
433 5
2 2
43 23
293 15
221 6
313 5
496 22
17 20
471 6
293 21
266 27
247 11
2 14
355 5
99 15
396 15
312 1
236 6
56 21
364 24
206 32
321 18
474 29
405 12
286 14
480 8
260 22
2 29
44 20
17 22
411 28
377 22
12 20
279 19
492 14
343 2
317 7
251 2
203 23
290 4
56 13
243 11
347 29
75 6
452 7
235 18
206 31
435 30
75 1
136 26
206 26
115 27
344 13
16 2
224 9
386 7
426 16
446 24
224 24
217 28
315 23
37 32
266 20
89 8
388 13
257 2
54 28
468 6
292 23
295 11
140 12
146 21
12 3
40 7
462 8
410 24
58 15
500 19
122 20
14 21
164 27
306 6
346 17
319 29
460 17
4 7
497 25
367 24
443 6
94 20
161 32
384 10
302 3
393 15
322 22
487 22
380 25
407 5
269 5
214 16
41 9
30 17
69 16
396 27
301 6
266 1
493 25
235 18
383 7
272 17
384 2
42 12
50 32
340 3
376 17
398 24
473 8
453 25
323 16
255 12
189 1
140 25
21 22
178 20
352 9
460 24
207 9
351 4
152 18
278 11
447 24
442 27
455 10
16 21
446 6
456 14
142 12
167 31
321 16
270 29
145 21
112 3
81 22
162 4
355 12
110 9
319 15
276 1
149 23
253 18
412 21
79 2
8 5
272 32
293 17
204 13
121 15
343 1
480 20
136 11
147 17
339 1
499 22
237 23
256 22
444 8
402 7
277 9
323 8
440 31
440 4
107 28
310 25
464 22
157 31
476 11
399 18
268 13
280 12
248 19
197 11
406 10
417 2
210 28
81 26
58 32
145 5
431 14
465 22
95 9
48 2
424 2
236 31
195 27
46 18
253 11
336 7
44 13
192 6
344 17
107 1
144 27
65 11
260 2
24 11
2 20
128 29
369 31
115 3
81 5
208 6
107 16
344 2
148 19
459 3
159 5
243 19
371 8
433 7
41 28
337 18
379 28
467 4
31 9
14 19
445 26
444 27
265 3
405 4
174 3
254 24
132 8
338 6
7 6
132 23
226 28
441 16
136 23
55 18
43 25
128 12
290 28
242 26
62 2
317 19
213 2
271 12
417 20
345 24
230 29
174 27
500 22
262 15
76 29
4 11
237 4
458 6
407 27
431 28
197 27
407 1
168 25
104 4
136 28
211 5
480 9
23 16
54 9
466 10
453 30
248 25
453 9
66 31
107 28
30 31
446 8
415 17
464 10
400 12
170 15
168 29
199 15
128 20
475 10
381 27
415 16
319 7
36 16
429 27
231 30
149 32
246 24
140 5
433 3
160 6
1 32
103 7
370 14
303 4
27 23
122 29
15 16
11 30
175 7
396 9
249 17
284 10
460 23
54 8
313 30
198 10
245 16
364 10
381 10
457 20
53 10
200 7
221 19
320 23
353 28
355 29
464 6
446 19
412 20
18 20
417 7
389 13
14 13
274 19
122 2
154 22
363 21
444 3
267 32
181 32
331 23
72 6
172 2
68 23
369 17
158 5
300 7
445 13
3 6
59 8
151 4
2 17
269 25
447 31
60 11
6 18
13 26
35 28
447 14
470 15
39 27
451 22
377 3
354 19
316 1
207 14
328 24
330 28
4 16
483 8
254 24
157 26
65 16
153 11
497 6
177 27
100 11
428 1
225 18
207 20
398 13
357 21
472 30
173 20
165 11
391 6
142 19
387 19
90 19
421 31
364 22
177 24
428 9
292 13
238 10
44 11
263 1
211 26
142 15
209 11
389 7
76 27
350 15
441 27
205 9
229 25
310 18
384 30
362 7
242 19
24 9
233 6
241 27
372 7
178 12
189 2
383 32
448 12
282 8
374 15
249 31
259 14
360 22
499 9
168 20
171 11
229 23
181 5
197 16
203 26
483 27
144 13
359 23
300 8
479 30
478 15
128 28
488 11
229 7
411 12
78 13
291 22
335 7
127 19
374 5
109 16
72 8
277 26
194 20
421 28
101 23
102 12
338 6
418 3
280 8
166 5
260 4
367 22
482 21
477 31
25 21
415 24
40 11
229 25
118 18
257 15
252 30
150 25
151 16
359 14
99 9
491 11
36 13
304 22
53 8
224 25
68 2
25 23
32 1
192 10
106 4
72 25
361 17
150 4
492 12
145 23
236 3
301 32
343 32
141 15
88 8
324 3
206 24
466 21
304 9
90 10
308 21
118 12
438 19
31 5
127 32
223 18
162 27
485 17
479 5
251 2
193 6
424 22
125 29
338 21
397 8
190 16
292 31
224 1
74 10
10 16
281 32
413 11
107 18
151 21
374 25
354 2
179 25
167 27
166 1
83 26
136 12
118 3
431 5
8 28
446 9
55 23
452 11
225 2
216 27
346 18
127 11
211 17
328 10
312 25
234 26
258 17
370 27
147 16
419 22
7 13
374 21
147 6
379 3
383 27
97 29
240 15
131 30
232 10
327 11
6 16
492 20
132 9
194 19
364 13
284 2
181 6
282 27
335 21
49 17
459 25
149 26
71 20
147 6
441 30
48 31
237 20
414 13
456 31
499 20
71 6
393 3
291 11
281 21
39 25
194 13
177 18
194 24
325 28
401 2
17 13
64 6
192 17
326 27
287 16
318 26
457 3
312 32
237 25
224 11
273 25
123 2
463 28
197 15
359 21
404 16
249 15
185 32
499 6
439 14
333 8
495 9
170 2
388 22
250 28
384 11
380 22
324 30
173 4
481 8
320 28
463 25
55 11
360 9
8 18
190 4
258 28
480 3
342 20
185 23
331 24
113 2
426 12
256 30
159 12
185 7
175 27
399 17
145 22
134 20
408 15
343 1
359 3
91 8
42 27
290 4
47 31
137 32
42 4
273 25
331 2
31 22
456 29
86 1
186 31
456 25
98 11
109 24
325 28
7 2
178 28
441 8
254 9
47 4
321 4
348 27
481 26
8 32
10 22
240 7
368 20
140 1
198 24
272 10
299 22
239 9
278 15
52 11
107 23
178 3
474 9
282 30
458 13
241 23
438 29
14 22
28 29
122 13
252 14
246 7
23 32
231 20
366 30
183 4
84 12
103 13
441 4
362 22
24 7
365 18
435 10
119 18
382 28
38 25
485 19
387 12
470 13
11 31
251 29
10 30
257 8
95 29
495 20
446 27
58 30
184 28
187 18
305 12
393 10
53 22
328 3
237 13
408 31
187 26
292 13
195 4
308 1
448 31
245 17
377 14
203 4
498 21
65 22
161 1
348 5
186 27
355 22
176 22
373 18
123 16
58 6
415 18
458 18
224 26
254 8
208 16
11 17
49 31
358 5
383 5
125 21
232 15
194 7
445 30
472 19
81 22
88 31
99 30
208 22
451 18
273 30
121 7
66 5
61 20
229 3
332 17
215 23
184 1
173 4
326 21
46 11
26 14
105 16
31 25
149 1
478 1
343 10
407 12
267 11
35 23
261 23
52 4
281 7
88 10
214 1
450 31
23 7
244 20
450 22
144 26
107 21
370 21
70 32
208 12
94 31
35 22
461 10
33 1
320 28
46 25
237 7
143 7
321 3
442 2
12 5
219 14
57 20
270 23
67 2
314 28
424 4
218 20
285 10
476 28
426 30
340 2
368 11
124 17
73 2
162 4
2 13
406 31
172 19
37 19
4 22
102 19
402 31
162 6
273 26
494 14
363 21
211 26
19 22
122 11
251 28
27 29
16 32
163 7
458 15
129 6
104 7
92 29
401 30
43 13
243 4
222 13
220 8
186 23
470 16
181 20
443 15
176 18
342 10
348 32
240 17
317 28
59 28
200 27
161 26
484 15
481 1
211 21
193 1
143 6
408 11
233 26
234 9
11 7
450 2
78 10
186 10
385 8
154 28
55 30
30 10
273 18
446 7
414 18
231 16
299 22
231 16
339 20
144 25
390 9
411 32
486 12
65 22
192 14
158 22
236 7
135 24
400 8
342 30
218 5
221 16
62 7
103 9
266 22
305 20
43 27
475 16
163 27
250 26
461 23
303 20
297 13
407 20
220 8
213 13
172 30
157 6
236 27
190 30
61 14
157 15
209 3
482 15
373 3
280 5
489 22
232 21
222 2
185 21
238 25
230 21
182 30
198 26
200 7
271 8
381 7
214 29
113 20
163 5
278 18
170 15
227 1
255 8
243 11
240 12
188 29
92 25
58 26
490 18
176 8
369 20
390 15
496 22
278 26
487 23
303 4
173 17
260 8
328 6
218 20
185 21
388 17
478 10
418 31
407 9
227 19
1 20
209 12
118 2
210 4
245 16
315 29
393 10
48 24
280 22
139 32
22 27
92 23
176 25
318 30
454 28
60 30
11 17
153 24
458 14
287 10
226 1
175 30
379 10
41 26
339 32
473 9
58 9
63 29
425 20
18 2
275 9
183 30
49 8
117 11
401 16
412 18
356 26
447 26
160 4
95 2
19 12
62 28
484 9
12 20
4 17
138 11
457 20
268 18
359 28
364 16
139 15
89 27
65 16
432 12
375 7
73 21
446 23
320 5
111 7
40 26
211 13
96 15
349 11
376 27
247 27
170 17
218 11
435 18
146 31
209 12
97 9
264 22
267 15
322 29
117 17
195 11
390 26
49 30
153 25
148 11
15 2
339 28
280 6
69 5
492 9
296 8
410 15
481 16
345 22
257 17
366 3
139 3
444 19
196 32
463 24
198 30
365 5
413 4
162 6
68 13
110 23
92 31
125 16
399 1
77 27
429 10
161 11
49 24
457 12
52 8
439 1
101 27
137 29
298 14
198 5
154 16
431 13
178 31
20 28
23 32
286 15
242 18
73 22
50 22
385 1
301 4
201 1
478 6
117 28
339 31
492 13
122 27
441 27
329 21
431 24
112 12
6 29
14 31
142 7
460 19
15 16
202 7
364 19
256 12
454 31
146 14
291 23
72 3
270 32
247 8
103 11
267 29
211 16
39 25
194 14
83 28
461 32
127 12
314 14
155 32
328 1
417 22
271 20
53 8
239 15
443 10
9 2
302 32
341 32
276 7
41 2
446 9
493 4
176 18
306 10
277 29
334 29
455 1
32 11
496 3
157 23
464 18
500 17
237 8
308 8
430 28
221 16
200 9
299 23
74 4
260 11
89 10
395 19
50 23
401 17
49 21
335 4
426 30
480 22
230 3
25 19
486 5
34 1
13 21
263 7
288 22
289 24
115 23
122 8
313 6
413 5
283 31
76 32
285 27
222 2
341 18
172 26
47 22
362 3
242 16
497 1
146 25
109 4
320 2
128 28
104 4
345 2
138 8
445 30
327 22
435 31
264 19
345 30
164 18
220 17
182 9
137 7
353 9
290 16
475 21
8 18
308 12
315 26
475 19
367 21
277 22
320 16
112 12
53 15
73 12
31 30
340 15
284 21
264 14
68 2
342 15
19 26
278 5
447 13
295 9
405 31
170 20
314 5
91 26
55 28
138 17
121 25
456 29
21 23
330 17
160 11
15 10
24 25
214 22
249 4
339 5
431 28
81 16
289 23
462 19
38 15
132 11
427 3
267 20
9 16
240 16
470 2
197 30
250 6
167 30
121 17
355 11
365 27
499 13
309 4
347 3
410 2
209 24
268 19
487 28
274 14
147 27
184 3
440 9
456 11
283 17
315 9
331 7
423 21
183 19
288 18
281 9
211 1
385 23
315 11
458 20
449 29
183 8
151 6
416 7
432 22
35 11
390 17
129 32
46 4
247 29
193 7
382 7
368 6
233 26
488 15
122 8
147 28
271 9
481 31
255 17
440 5
363 18
358 11
493 27
302 3
439 2
118 28
397 17
289 5
370 17
171 23
416 29
498 7
466 19
77 20
243 24
213 29
49 14
95 26
176 21
484 30
242 5
286 30
289 26
471 31
54 21
1 2
310 7
360 23
329 12
198 27
7 2
379 12
331 29
449 22
73 32
472 7
237 13
156 25
34 6
35 16
119 12
261 12
238 24
406 10
259 11
340 5
365 26
320 27
42 20
405 7
404 4
133 24
336 16
368 21
266 7
160 16
142 20
15 3
391 28
148 13
226 15
266 18
56 1
489 29
57 29
415 8
120 15
155 15
187 14
175 20
128 7
187 5
106 29
351 5
324 18
497 29
336 2
491 7
199 27
192 23
371 6
270 22
153 28
296 19
297 6
142 29
8 8
249 6
84 8
110 27
301 26
455 25
220 5
231 30
275 2
376 21
380 17
486 28
420 13
222 20
455 19
196 30
246 17
427 29
248 12
235 16
346 13
36 1
338 7
334 16
392 17
109 15
57 14
154 12
431 23
395 13
441 15
198 2
35 13
366 22
364 20
181 29
345 13
125 18
187 26
497 26
370 5
201 10
403 18
253 13
81 20
69 17
90 2
411 32
94 16
109 6
80 25
166 4
209 31
309 23
452 21
325 2
262 25
451 12
230 32
348 18
55 16
183 20
385 21
119 31
220 7
436 7
367 5
74 4
95 30
322 27
39 10
424 12
22 6
315 12
281 14
413 23
281 31
330 13
39 28
143 23
378 14
409 1
383 7
172 21
420 29
79 22
491 10
109 8
228 23
467 20
288 16
47 32
326 20
85 1
28 23
475 17
9 19
1 23
421 20
71 29
17 26
150 23
151 19
222 18
385 17
90 13
420 16
92 13
363 24
313 18
255 3
147 19
374 19
5 14
23 19
338 23
76 28
397 15
450 10
456 22
10 5
6 25
32 14
26 23
273 18
284 19
477 10
141 10
281 13
199 3
72 1
193 11
228 5
373 9
410 25
10 8
77 32
200 17
465 5
3 17
267 14
116 11
272 8
148 20
253 10
206 20
234 14
470 5
190 23
137 31
227 11
370 11

