256
23 18
64 30
356 13
184 16
145 25
198 6
257 28
165 2
68 28
470 16
345 13
350 14
13 15
77 31
131 2
67 5
331 27
22 26
71 29
246 12
341 19
321 29
223 21
234 14
328 28
154 29
304 7
162 28
321 10
6 23
395 21
307 30
259 28
263 21
88 32
248 13
303 16
229 1
256 7
18 20
18 11
108 9
377 25
488 5
358 30
351 13
122 21
330 32
40 32
412 8
304 20
408 18
79 28
482 7
302 31
270 3
374 9
343 26
497 15
299 2
380 25
310 29
10 23
232 29
435 15
28 22
154 23
195 5
275 24
419 20
26 4
99 31
64 1
1 12
475 23
117 26
151 27
206 28
417 17
61 7
284 28
292 1
375 2
21 5
13 15
428 15
478 14
289 29
171 5
304 29
291 21
203 10
347 12
453 31
401 29
318 28
453 1
472 11
95 1
327 27
135 6
497 1
484 22
5 2
130 5
354 21
81 20
66 7
20 2
41 28
383 10
103 23
319 18
13 13
270 15
223 1
148 16
17 7
209 29
488 30
33 6
462 25
101 15
391 24
397 4
39 15
493 9
317 23
419 5
427 12
223 10
92 6
73 12
353 29
185 20
322 9
385 12
34 18
310 32
457 10
59 28
188 16
192 28
418 30
36 9
150 18
198 21
480 10
405 4
402 9
375 31
9 16
358 18
449 4
318 9
77 20
456 5
483 8
324 9
109 32
97 14
321 2
203 8
415 3
335 16
47 2
242 27
173 24
449 17
471 30
229 7
345 29
367 20
36 11
228 8
402 12
106 26
321 24
374 23
266 12
254 4
269 19
218 29
150 10
265 4
283 6
371 24
382 21
455 5
427 6
412 8
209 1
402 29
176 3
115 17
186 24
104 27
418 18
99 20
339 4
187 2
209 1
249 10
146 3
358 20
88 25
104 24
490 29
176 17
483 6
310 12
213 21
474 6
438 29
197 1
288 16
398 8
496 26
289 5
52 30
417 3
118 20
138 15
80 13
476 14
306 1
81 14
49 31
499 27
331 12
115 26
135 28
465 10
361 17
271 16
250 7
254 3
262 11
178 9
55 17
254 8
289 14
81 5
92 7
27 6
478 25
391 12
356 31
242 8
459 4
331 28
254 8
279 3
474 16
207 8
312 32
91 16
145 3
492 25
454 19
10 27
11 29
247 31
107 28
434 10
203 29
477 8
200 3
174 22
414 20
405 17
339 12
28 31
370 20
71 23
390 21
458 16
333 24
118 11
395 20
356 17
20 25
256 19
439 1
244 13
160 5
133 6
348 29
184 29
32 27
244 21
39 5
24 31
108 18
309 14
397 29
302 20
349 21
134 15
337 14
343 8
230 24
197 1
340 16
145 3
486 16
495 24
292 26
246 15
11 31
252 15
71 25
322 15
461 8
409 1
185 24
496 6
431 20
342 2
424 2
492 13
78 26
285 5
355 26
472 30
288 15
124 18
128 14
480 20
105 29
237 9
344 28
406 2
276 19
395 19
288 6
459 5
75 3
438 17
477 29
350 20
131 26
474 18
123 5
50 27
193 26
71 20
221 16
161 4
426 23
194 21
496 21
430 26
99 3
55 19
275 24
339 9
229 12
367 23
264 32
281 17
405 19
344 13
178 25
473 3
263 6
168 11
22 17
180 17
463 14
47 17
490 9
345 22
48 19
273 4
330 29
472 10
108 23
211 17
23 7
240 30
52 11
396 6
355 11
46 13
161 24
109 30
181 21
219 20
368 31
243 25
396 10
283 11
233 25
139 15
379 14
392 10
488 19
355 18
214 4
214 22
196 26
375 28
127 5
455 22
84 6
42 31
467 16
185 15
168 3
306 6
53 9
328 8
484 30
438 25
138 23
422 29
325 32
412 31
240 6
296 7
119 1
5 26
161 13
284 24
364 5
78 32
138 13
159 9
142 32
21 11
99 14
315 7
89 30
225 16
296 24
3 14
356 27
499 8
400 15
48 23
427 29
382 32
233 28
388 18
488 8
5 18
201 3
212 1
397 28
321 4
455 7
457 10
33 24
30 8
442 17
398 24
53 19
284 21
171 31
362 10
283 2
299 27
37 18
476 5
445 12
328 31
322 24
412 18
443 25
490 20
369 23
456 21
18 3
409 24
113 15
49 7
488 27
82 20
208 29
12 24
56 31
254 25
475 29
82 5
458 3
153 30
310 4
451 3
198 27
366 6
333 26
409 25
464 14
400 31
250 4
26 17
250 11
33 24
295 18
345 28
37 21
282 14
456 12
24 29
146 9
166 15
6 14
3 21
267 18
195 4
165 8
172 23
350 28
194 24
170 10
100 2
386 13
403 21
316 30
197 29
166 19
143 7
140 17
195 27
251 13
274 23
460 18
385 5
1 27
156 26
116 15
227 2
487 9
194 18
406 7
467 11
105 25
445 24
310 11
150 12
379 16
178 10
221 15
350 13
141 10
95 12
260 1
109 19
302 3
104 15
193 18
482 1
383 10
40 20
417 10
103 11
465 32
337 25
194 2
257 22
191 11
442 3
24 14
253 21
204 24
235 24
130 28
44 20
346 16
407 26
477 5
260 17
492 24
477 18
134 13
223 4
288 8
478 3
418 26
339 5
438 25
369 27
493 20
430 26
199 20
451 27
48 22
319 27
158 19
76 7
232 19
466 23
314 16
33 15
25 15
352 26
499 16
232 27
335 1
32 6
200 6
412 11
44 11
138 9
377 17
343 28
11 24
182 29
455 10
407 16
288 30
497 31
181 29
481 16
241 13
253 17
346 20
391 13
98 32
293 27
241 3
286 19
147 8
279 1
385 26
284 9
499 25
163 4
361 31
399 17
7 7
245 29
18 28
445 24
163 30
294 11
428 7
358 26
250 12
379 31
377 10
11 28
146 13
407 22
19 17
311 22
159 7
82 16
394 26
495 29
319 24
163 23
219 4
172 12
360 10
454 20
416 16
111 21
340 13
419 7
173 17
236 19
487 13
211 25
398 9
437 29
345 27
463 31
323 2
382 14
388 20
121 31
151 16
215 31
100 29
201 25
213 32
307 4
456 13
80 17
426 16
69 22
170 31
184 8
369 29
25 12
252 22
58 19
229 28
245 32
109 21
156 5
84 3
224 31
183 3
243 4
22 28
229 28
46 12
35 26
329 24
21 24
409 14
334 17
54 26
168 2
226 8
186 1
490 14
347 24
64 14
132 2
457 20
481 2
124 31
120 8
426 32
383 2
422 9
174 23
146 2
340 16
17 29
32 18
286 15
29 26
172 4
139 4
224 23
481 23
485 32
2 11
92 28
448 13
452 30
43 6
315 26
173 7
110 4
40 32
434 32
449 13
432 19
436 27
409 21
205 29
220 14
7 19
293 19
27 13
428 1
46 14
302 6
276 16
273 11
11 27
234 7
15 13
249 23
23 1
71 23
401 30
488 4
453 13
214 15
377 5
400 10
234 9
491 5
316 23
175 6
321 24
488 24
425 4
490 11
244 24
230 1
349 5
404 5
349 25
132 9
109 3
498 14
83 32
202 3
103 32
428 7
283 20
462 27
151 11
210 27
214 7
391 23
359 30
215 28
262 14
284 18
80 22
211 27
121 16
265 11
139 4
498 5
107 15
184 14
114 5
4 27
35 2
93 21
391 12
304 20
357 20
21 9
221 3
451 29
198 31
64 32
258 25
460 25
223 3
474 32
239 13
367 17
426 11
370 12
118 21
467 15
112 3
115 16
273 25
173 22
483 20
157 24
500 24
456 18
463 21
410 1
109 12
326 14
86 23
349 12
71 23
382 19
357 16
366 29
264 14
450 30
329 6
337 12
74 5
50 24
73 15
236 26
86 9
67 15
311 32
226 10
434 19
416 15
306 29
271 9
23 29
166 11
326 27
31 31
499 20
286 23
390 14
456 27
286 23
497 21
290 3
182 11
33 25
217 23
229 4
111 31
208 5
306 1
483 32
136 29
119 21
255 20
146 3
186 24
437 22
232 14
108 9
152 13
361 17
183 21
356 1
396 19
421 29
299 3
240 18
87 14
59 18
217 8
256 14
339 12
287 10
121 27
334 16
239 18
140 9
487 19
65 26
261 14
434 24
92 17
197 15
382 15
224 30
163 19
55 21
374 13
423 22
87 16
265 13
154 5
97 8
103 30
373 28
499 22
127 26
330 27
472 3
134 7
364 32
377 10
148 22
110 18
95 29
382 16
373 3
468 30
26 10
335 10
489 5
55 23
126 4
142 6
150 27
496 5
422 5
282 13
474 3
195 5
439 32
132 8
314 7
485 11
224 31
440 21
355 18
179 32
433 28
133 26
446 17
446 15
1 11
492 14
321 26
246 12
317 5
423 26
31 23
172 27
429 23
467 23
308 25
318 28
317 27
173 10
79 18
185 31
400 20
256 8
65 30
479 5
434 5
214 13
11 1
219 15
347 21
73 30
33 27
97 1
193 13
167 31
90 3
201 25
230 8
208 2
13 19
378 7
291 3
411 18
475 25
92 25
17 5
178 25
259 14
102 19
394 4
73 23
322 13
323 27
432 14
196 25
272 1
95 23
15 17
216 5
337 7
13 21
175 18
105 9
315 6
235 24
177 11
394 14
431 28
400 11
449 3
11 9
371 1
135 5
461 6
77 25
360 5
353 23
482 25
319 20
367 26
207 7
212 24
245 27
167 28
357 28
295 7
40 1
175 2
254 23
227 14
135 18
123 27
324 8
295 7
104 17
48 6
260 3
410 12
253 16
351 1
395 5
179 14
14 13
459 11
191 21
300 17
123 10
15 14
230 30
292 13
174 19
142 5
302 15
288 18
331 23
367 9
487 25
159 32
102 5
470 8
154 2
321 32
43 3
425 28
496 1
104 14
259 26
454 8
500 2
466 6
436 12
407 18
80 5
126 9
33 27
325 2
216 9
165 7
331 14
382 11
158 10
348 32
435 9
328 10
246 1
468 1
328 30
307 15
142 4
88 10
378 8
64 26
260 12
56 26
21 1
268 6
126 27
298 12
120 13
198 13
121 5
250 24
242 32
354 3
339 29
260 32
204 23
13 19
255 24
405 27
357 16
305 2
491 6
394 14
78 3
178 30
459 7
145 8
186 26
286 8
291 21
444 26
72 32
161 14
376 25
100 16
440 8
213 18
357 30
243 30
400 25
483 6
51 15
409 5
125 22
316 31
443 19
112 22
67 4
191 10
188 10
25 4
398 9
409 30
47 20
40 6
276 22
156 10
1 24
266 13
462 26
243 24
192 2
417 30
126 15
403 1
248 31
292 9
16 25
251 14
56 2
359 23
15 30
8 27
430 14
195 3
207 17
294 18
143 6
8 24
20 22
284 11
189 28
264 28
480 26
117 31
359 27
217 17
341 20
92 14
349 18
160 7
75 9
157 21
366 8
336 1
425 3
3 17
398 30
20 17
483 20
115 17
463 3
66 7
259 13
276 23
294 3
366 32
91 22
436 24
37 31
44 25
446 2
278 31
164 21
424 22
285 30
191 23
425 8
253 23
116 16
141 17
314 10
129 28
27 4
63 27
391 10
376 4
3 29
30 10
301 17
16 25
195 6
183 15
313 11
153 32
462 17
188 11
299 32
30 25
436 24
92 6
197 7
13 12
323 10
69 19
199 20
60 9
493 26
215 5
29 27
436 30
159 20
117 5
495 14
338 22
90 17
107 6
99 3
189 25
365 6
99 7
193 22
159 18
252 5
194 20
239 26
121 9
105 25
58 31
87 11
381 12
27 15
165 17
310 2
101 30
463 19
88 31
209 18
44 24
118 6
91 20
219 27
456 11
152 9
273 26
463 29
265 13
492 21
317 29
134 5
326 28
468 29
307 32
10 10
487 3
291 1
186 13
139 17
331 14
358 32
379 12
108 11
161 7
276 21
399 21
98 28
209 17
488 11
92 5
216 6
475 3
154 28
15 32
5 6
138 6
153 20
385 32
363 9
211 30
226 9
46 23
37 2
387 28
120 22
373 32
407 7
194 32
63 16
55 15
257 12
280 25
60 4
373 30
61 31
411 10
395 12
460 11
414 6
159 25
27 7
220 21
433 25
344 15
121 18
61 29
294 16
490 29
356 14
478 32
296 20
405 18
47 8
325 12
413 3
345 7
365 28
223 21
477 14
292 29
315 32
177 28
396 14
164 3
379 17
222 6
232 10
68 3
193 20
90 29
374 18
395 30
350 29
238 2
34 21
478 8
437 22
160 4
24 27
286 30
168 7
280 15
336 27
29 32
90 31
484 3
256 30
256 29
198 17
134 3
226 27
134 26
117 13
345 20
320 2
245 19
340 20
237 23
74 18
202 27
88 17
181 31
118 28
300 7
281 25
101 18
396 18
371 4
379 7
3 6
48 7
388 15
475 24
61 8
241 26
63 24
2 31
23 23
31 18
137 7
106 5
20 29
322 2
364 20
308 22
101 15
317 16
93 23
464 1
190 16
470 32
236 3
347 30
293 25
431 21
39 24
369 22
241 14
151 20
94 30
174 26
16 6
34 8
132 17
464 25
52 1
425 7
255 23
396 27
351 18
327 13
66 7
150 30
236 24
261 21
461 26
227 32
127 24
287 26
108 14
283 7
34 11
150 16
181 17
38 15
75 24
271 12
410 28
297 17
423 25
178 7
195 20
62 17
163 12
283 18
449 29
132 6
327 5
325 7
178 30
241 24
225 15
391 18
134 11
482 28
447 7
290 21
62 7
166 4
50 16
197 10
216 13
183 18
109 3
400 6
220 12
37 20
2 31
281 3
317 6
42 12
421 31
108 6
385 5
410 22
72 30
135 31
286 13
180 27
27 7
32 14
422 29
41 11
199 5
409 4
434 10
131 22
484 14
40 12
363 5
5 6
406 31
73 12
307 20
438 25
35 5
282 12
389 6
231 28
346 3
455 20
145 13
485 20
26 4
200 12
324 32
322 10
195 22
273 9
201 26
38 3
30 7
43 31
345 5
6 22
467 24
469 19
248 18
91 29
181 6
161 29
197 26
438 3
431 26
244 23
123 13
218 16
303 8
70 31
236 7
337 18
238 29
17 1
314 11
258 3
100 6
351 20
103 4
39 13
201 2
163 15
266 28
474 32
343 12
419 14
322 19
484 16
263 4
396 29
310 13
275 29
274 29
56 16
116 6
260 28
227 31
138 20
6 7
116 29
358 18
278 4
140 9
443 18
112 2
182 25
195 12
181 32
284 5
196 7
182 11
66 17
81 11
104 3
18 23
435 3
252 8
110 11
325 24
145 28
94 10
209 8
486 9
459 29
477 22
168 23
313 5
419 9
140 10
479 1
445 9
235 8
477 9
291 1
100 15
440 25
464 16
36 13
389 7
218 5
352 13
227 28
321 1
409 32
371 15
320 11
4 3
214 8
103 4
484 10
290 3
99 10
423 2
54 11
480 31
379 4
359 10
199 28
102 3
491 20
346 27
490 9
217 16
32 7
59 23
372 5
289 18
306 11
456 3
373 27
482 4
118 12
357 29
19 22
275 2
134 16
172 7
172 24
178 7
206 9
69 13
437 22
399 26
68 18
452 21
140 29
44 10
273 4
278 15
413 4
152 2
24 11
21 11
62 30
250 31
286 14
48 18
27 10
167 3
3 7
239 6
51 14
251 11
385 20
318 9
432 9
195 11
496 19
1 21
412 6
28 22
272 31
123 22
224 18
244 2
408 14
219 26
115 22
485 11
349 30
148 32
474 30
234 25
56 31
378 31
188 1
368 23
183 27
109 6
280 4
483 3
186 13
348 12
22 32
151 11
337 10
150 3
491 20
131 22
174 8
68 21
116 8
24 6
278 24
55 13
187 17
299 12
238 10
24 31
182 14
481 6
175 19
180 29
218 3
266 23
170 5
103 18
120 22
83 13
461 2
157 8
26 7
19 15
453 10
226 26
419 22
3 13
188 7
461 13
493 26
147 18
59 14
299 10
79 26
427 16
223 15
187 12
390 9
363 6
451 8
327 9
145 29
314 5
363 30
89 11
352 20
221 22
189 31
439 3
104 21
306 18
152 8
74 25
401 24
86 3
375 28
71 27
444 32
203 27
10 16
13 21
379 1
122 3
456 8
37 23
129 23
237 32
38 6
172 14
449 21
288 27
20 27
193 7
94 20
121 23
39 6
315 5
422 20
39 5
200 11
140 24
269 4
459 31
389 14
244 5
238 28
363 17
94 19
423 15
154 24
494 8
381 16
312 2
448 18
31 31
277 2
178 29
397 12
351 13
117 7
177 26
330 15
314 23
297 32
313 7
131 10
346 19
318 26
165 29
211 27
115 7
216 16
384 32
427 30
100 19
32 28
100 5
166 21
135 10
500 32
116 11
105 30
493 2
323 17
390 1
203 24
372 6
147 11
381 1
488 16
319 12
459 30
232 20
330 11
290 6
18 13
312 18
70 12
100 32
165 17
277 7
345 8
489 15
402 17
268 25
53 2
112 11
4 20
339 17
414 28
366 7
236 5
108 18
37 11
49 13
196 17
419 4
472 31
382 9
128 1
466 16
235 5
42 2
272 24
126 21
211 8
319 27
372 19
104 28
133 28
460 24
181 27
71 4
137 13
229 8
453 14
147 15
122 17
480 10
420 2
282 27
449 25
429 20
379 32
432 7
387 23
43 7
473 25
423 10
417 23
225 18
48 8
408 21
412 16
266 31
345 28
165 25
352 13
316 30
328 27
444 7
342 2
485 2
451 23
127 31
409 28
236 16
75 16
477 26
383 2
372 15
493 17
371 16
481 18
425 9
489 17
375 30
206 27
347 12
118 10
23 30
177 26
334 7
105 18
292 7
255 23
65 16
199 27
295 4
325 12
340 25
292 26
494 13
424 20
5 5
165 3
419 1
488 16
295 5
413 6
431 19
249 32
118 3
282 1
330 6
484 17
270 7
234 19
123 30
307 11
198 3
209 4
16 9
219 10
493 19
248 23
354 12
270 7
498 16
235 20
9 18
348 19
196 14
393 11
239 11
1 12
22 2
256 17
258 2
198 22
161 9
24 26
496 2
484 2
49 7
173 5
140 24
187 16
101 28
358 15
482 14
479 19
419 10
391 24
411 29
277 31
237 25
436 25
298 24
78 10
342 14
106 21
269 5
20 10
76 29
60 5
87 18
412 25
475 26
33 6
242 29
160 27
461 28
415 14
367 12
307 16
93 5
392 29
409 8
82 8
492 30
244 14

