256
79 10
199 16
232 9
142 22
190 7
298 10
15 12
8 1
484 18
175 23
49 15
182 20
325 15
452 16
131 10
43 5
499 1
268 14
165 17
331 10
24 20
23 14
303 26
274 6
147 5
408 19
107 25
446 15
471 13
414 10
38 8
14 8
400 2
469 17
394 23
122 9
130 13
159 8
378 4
218 17
84 9
423 26
418 9
324 8
117 5
193 11
396 31
394 20
192 7
212 17
13 29
206 7
329 16
426 15
499 27
83 27
472 1
124 5
77 28
480 30
388 29
52 12
379 25
431 26
159 2
6 28
326 3
18 7
278 15
213 5
438 19
63 13
3 18
1 28
337 28
477 13
152 32
360 18
324 22
303 23
283 21
6 20
223 19
262 9
317 14
333 10
120 11
218 19
284 6
54 9
50 6
49 25
409 12
435 28
49 21
66 23
397 3
290 32
297 4
472 22
377 20
71 17
50 21
323 25
358 16
305 27
257 21
460 25
464 30
248 32
130 6
194 27
236 32
498 29
387 1
498 19
124 16
463 17
208 5
357 30
12 10
324 8
70 11
284 30
28 20
397 26
345 19
388 32
426 13
464 20
205 13
278 32
381 9
204 32
377 24
357 1
277 21
8 31
167 8
232 7
323 24
56 19
70 19
450 27
179 14
10 11
226 20
414 22
232 25
250 8
232 18
348 17
490 16
207 5
499 10
55 17
65 10
191 11
404 20
333 26
405 19
168 27
334 13
292 1
401 5
376 20
351 16
492 28
283 18
200 21
487 10
453 28
215 7
38 14
486 10
403 27
416 10
225 1
354 4
17 26
409 9
238 31
172 17
450 22
131 26
86 29
255 14
20 22
384 29
291 13
131 10
111 2
467 27
147 9
55 3
426 7
111 15
425 2
448 30
235 2
227 32
194 26
61 22
155 32
122 17
165 24
342 19
150 13
314 28
481 12
14 22
34 9
125 22
406 4
35 1
149 10
164 2
95 13
259 17
20 9
397 24
336 27
311 25
399 24
484 27
47 18
340 20
474 20
241 3
35 27
371 27
36 3
81 6
111 19
230 26
423 23
314 27
217 28
447 23
303 7
197 21
132 32
280 17
352 16
483 10
146 22
273 14
92 1
163 6
43 9
331 14
371 16
428 15
471 26
405 29
8 21
325 23
340 24
95 7
327 26
429 17
283 21
154 6
405 16
427 7
60 9
264 22
105 27
220 3
121 8
52 20
428 16
119 16
332 17
310 14
142 6
130 24
290 27
1 14
303 7
493 2
36 8
496 8
151 27
418 23
191 9
250 30
345 20
385 32
285 3
37 14
284 11
54 2
153 2
119 15
333 3
169 24
219 8
211 13
230 8
491 4
449 12
38 9
164 14
172 4
320 20
225 24
226 22
381 3
184 7
37 32
462 1
439 20
72 21
252 10
128 2
425 12
185 14
72 12
88 27
147 11
155 32
214 12
1 26
462 12
297 31
403 10
407 1
289 7
341 28
132 17
133 28
248 9
370 16
369 5
266 3
419 24
238 17
152 23
430 17
126 10
463 13
335 14
221 15
348 2
14 3
234 6
238 13
167 7
152 3
119 6
401 26
189 7
22 32
229 19
453 30
177 31
234 15
136 23
486 31
368 7
165 9
349 31
285 27
213 17
253 16
58 1
221 18
495 18
86 3
44 2
281 32
156 10
435 12
320 12
478 23
122 11
343 30
249 20
188 13
268 20
496 25
297 4
422 27
161 27
218 25
100 30
128 28
363 6
399 7
333 16
73 3
370 28
128 2
247 24
283 18
459 10
190 31
198 19
398 2
322 23
62 9
464 18
28 26
103 10
360 8
6 29
446 19
404 9
197 6
92 3
163 11
460 32
157 25
314 2
367 31
372 20
408 11
321 11
13 28
65 4
63 14
8 12
148 23
432 20
412 20
26 18
426 2
277 6
494 3
340 20
429 31
140 8
398 12
475 14
235 7
485 9
460 17
156 19
255 8
303 3
463 28
92 24
165 5
321 23
163 4
370 7
75 17
279 12
321 1
233 3
143 9
204 26
413 31
412 32
298 18
186 32
246 21
147 10
349 20
420 31
331 10
454 25
150 20
228 22
188 28
377 26
381 4
487 29
142 30
312 8
464 29
199 29
478 30
470 10
369 6
189 7
383 14
104 8
77 3
206 20
495 22
149 3
365 31
167 26
384 27
297 11
179 8
407 8
45 13
186 21
470 26
463 32
219 26
235 7
101 4
262 27
373 6
469 17
396 27
447 31
317 11
478 12
90 16
355 22
464 4
398 13
265 5
284 3
278 19
129 26
310 2
472 15
3 16
475 10
279 9
29 31
164 18
146 5
241 29
239 29
392 4
489 29
348 21
343 6
495 8
355 28
65 19
42 16
470 9
169 12
289 1
47 4
54 20
57 19
44 3
55 16
282 23
296 14
19 10
107 17
165 17
21 26
139 22
1 5
282 1
208 15
218 26
374 19
298 26
121 29
428 19
480 2
70 23
191 20
117 1
453 17
257 17
362 20
90 18
4 4
235 7
294 20
317 3
426 14
153 11
306 24
73 22
289 6
412 7
82 12
127 30
161 24
210 6
279 19
88 2
22 10
344 7
125 8
186 2
125 6
300 31
269 9
68 22
218 31
240 7
211 3
36 7
250 17
96 4
100 3
13 25
356 12
288 8
220 9
382 8
14 21
478 10
257 25
191 11
376 27
477 2
297 21
308 22
313 19
277 8
438 29
385 1
348 32
273 27
200 18
263 21
390 8
346 3
137 29
473 24
319 29
301 19
17 32
364 22
362 32
445 7
132 29
92 3
204 16
398 3
73 32
467 6
103 21
460 7
201 20
454 7
85 22
337 1
213 32
134 7
395 19
225 26
259 20
356 11
235 25
217 3
264 4
121 31
496 16
457 8
364 3
418 20
16 6
104 13
157 10
7 3
20 31
428 10
251 23
444 21
388 1
144 7
196 32
17 27
195 10
90 18
236 15
61 3
112 25
35 24
254 1
22 29
124 21
254 18
435 26
62 26
210 29
473 29
320 5
447 11
166 24
276 25
394 1
208 25
1 10
476 26
135 9
230 10
149 27
335 7
32 32
257 13
453 1
349 24
273 31
490 19
34 30
395 27
102 6
135 22
196 2
59 26
162 4
439 6
474 29
97 18
372 13
450 24
285 7
448 17
445 17
199 27
54 14
109 11
47 8
460 2
57 14
71 19
9 29
232 15
485 4
340 21
32 29
32 28
87 27
77 8
120 15
66 25
72 22
328 15
121 3
212 6
9 11
100 1
495 15
499 32
11 14
40 2
479 31
210 13
254 10
152 5
116 21
45 20
243 32
158 7
215 17
96 19
3 3
91 2
378 2
181 4
131 20
281 25
142 2
378 11
479 25
471 3
98 12
486 24
91 23
406 13
363 10
379 2
48 18
215 29
411 3
164 1
466 5
2 7
138 31
206 17
259 32
415 4
43 8
47 22
394 25
142 4
158 1
473 13
342 7
334 4
433 9
496 30
145 29
357 19
227 22
251 18
89 21
193 32
416 16
321 25
248 22
268 9
186 1
461 7
131 30
482 16
495 14
165 19
326 17
421 5
286 7
242 27
39 10
62 22
377 14
466 32
195 10
380 25
178 29
259 16
338 9
75 32
70 12
323 31
464 23
299 2
118 24
180 24
178 21
314 26
474 27
382 4
216 1
400 13
157 27
405 23
251 27
178 24
422 8
66 2
95 25
191 28
108 30
219 17
110 32
43 19
163 4
102 30
388 18
475 1
364 7
391 14
61 12
137 7
420 26
72 18
270 10
77 2
483 31
366 24
31 28
26 25
35 31
274 3
332 32
171 27
478 25
12 7
332 12
225 23
406 20
116 23
261 20
256 3
191 10
186 17
85 3
265 4
189 30
246 17
138 8
419 3
180 19
357 3
134 21
114 3
80 1
66 4
273 17
286 7
498 31
183 31
33 31
54 2
336 7
446 25
270 28
440 13
498 4
163 12
81 8
22 32
357 7
56 29
464 9
443 17
312 25
395 8
275 16
269 18
302 26
435 3
282 6
223 3
373 30
114 1
13 28
317 13
426 4
349 25
64 11
202 19
119 24
423 25
100 3
355 29
109 21
324 18
366 14
20 2
135 2
395 16
473 3
368 30
286 5
139 17
63 32
428 18
491 30
278 30
244 20
491 28
124 26
93 1
63 1
79 18
98 5
197 30
387 28
319 12
336 17
372 15
352 31
432 7
352 9
432 28
193 30
151 4
439 4
157 30
208 7
403 5
59 15
226 17
366 28
468 10
205 23
100 28
342 23
250 17
91 6
344 27
307 3
303 26
90 3
451 9
193 5
453 19
451 14
399 28
73 30
369 21
56 28
185 9
202 18
146 17
467 5
131 26
335 9
371 12
391 9
220 19
173 32
37 31
201 7
142 22
152 31
254 24
182 26
308 12
76 25
232 2
294 6
167 4
295 13
404 25
209 3
472 1
499 16
59 15
147 25
324 26
267 14
5 16
219 17
35 18
469 22
188 6
480 14
242 10
95 25
162 15
471 13
240 29
197 14
372 19
202 15
140 28
476 29
120 3
161 6
340 21
124 7
243 23
85 4
80 15
332 1
37 22
430 12
327 10
278 30
468 31
244 7
151 8
103 6
414 15
275 29
244 6
484 30
500 24
173 27
98 28
24 2
361 9
262 3
78 7
236 13
369 12
3 31
199 22
140 28
72 15
68 7
312 27
4 16
470 4
94 23
235 5
405 16
273 6
486 30
408 18
98 16
53 29
499 15
410 18
418 21
52 1
148 20
388 31
379 13
31 12
128 1
293 28
64 29
401 2
119 12
475 4
435 15
168 9
481 17
71 6
410 26
234 1
189 1
59 15
182 1
391 17
58 11
44 17
451 12
374 1
251 4
137 17
374 4
118 14
85 20
103 26
13 25
402 26
161 24
120 6
253 2
354 26
248 1
282 19
340 28
119 2
355 23
127 17
115 12
286 15
135 17
44 11
77 1
404 1
256 12
431 16
237 28
317 25
181 19
35 8
458 29
462 12
112 28
244 14
35 26
128 5
270 3
371 18
115 19
434 26
150 24
230 10
352 18
222 16
200 12
255 17
113 32
173 28
7 24
153 1
297 4
413 26
302 20
115 8
410 29
489 3
116 10
296 7
116 14
350 31
125 13
176 1
172 12
312 7
115 4
423 20
95 12
181 12
471 24
163 4
344 20
290 7
221 17
278 24
306 3
355 23
83 6
19 27
377 19
137 19
498 7
106 29
246 19
340 16
82 27
299 29
6 24
87 10
377 16
266 6
491 24
464 1
1 19
31 13
17 27
71 26
78 5
458 19
315 30
243 32
152 21
172 5
333 30
438 21
474 15
242 32
26 22
240 2
40 27
254 12
437 13
421 22
205 27
189 7
380 11
266 15
323 1
391 11
46 32
215 11
235 25
38 20
14 10
286 21
400 3
164 24
67 4
54 31
166 22
141 21
24 10
427 30
194 21
205 8
349 7
314 3
227 28
342 12
481 11
348 8
370 31
419 28
447 12
411 32
65 31
157 32
161 23
490 18
252 6
297 32
464 11
182 11
314 23
134 10
2 22
25 15
344 15
10 22
267 4
254 27
175 10
123 11
344 24
392 11
305 21
46 8
3 11
162 4
102 8
313 3
481 29
177 16
483 26
318 5
310 27
80 32
332 26
170 3
165 5
122 13
453 23
88 23
246 6
474 3
397 6
153 9
326 21
404 13
218 29
57 11
291 16
362 26
41 19
149 25
296 10
173 16
288 25
407 1
214 32
83 10
18 7
190 7
267 9
3 9
314 4
363 28
47 29
430 28
459 18
144 6
51 25
206 26
281 28
75 14
343 29
455 32
96 8
55 30
88 25
346 21
468 25
61 15
285 6
306 3
271 29
349 17
117 30
362 5
17 4
242 19
297 8
71 4
43 25
253 31
33 7
235 13
159 3
219 19
488 4
37 30
472 29
282 21
142 24
337 18
431 11
17 27
478 23
470 1
63 31
3 31
173 17
299 3
236 5
477 27
40 9
185 8
102 6
304 31
461 20
401 24
70 21
322 16
207 16
272 25
14 14
419 18
214 2
220 17
86 8
228 14
60 4
341 21
229 16
256 6
135 4
285 1
128 14
456 2
397 31
306 10
352 16
299 9
441 14
70 23
65 5
356 5
60 24
489 16
191 12
329 9
103 17
233 6
71 24
415 27
266 32
81 1
444 31
386 32
101 3
262 1
251 25
493 14
16 30
449 22
429 18
383 24
242 7
113 32
7 4
483 20
247 31
241 18
145 30
426 9
432 7
114 6
8 14
195 15
439 15
81 20
124 3
251 2
281 7
381 7
390 27
411 13
277 15
30 22
480 15
370 11
346 7
296 21
89 2
79 31
336 7
246 16
325 28
177 18
211 17
96 12
420 18
440 4
212 22
321 11
128 23
305 25
25 4
29 17
293 16
492 21
470 1
440 31
437 20
456 31
24 7
98 15
261 2
343 24
359 11
15 26
205 23
163 30
271 31
194 31
2 29
395 4
478 22
322 26
301 17
60 13
179 1
471 15
398 13
263 24
328 9
446 24
447 4
465 25
150 3
484 16
47 10
327 28
64 20
289 8
276 12
392 26
209 15
393 14
379 15
214 18
283 23
442 21
118 30
298 27
268 5
122 31
10 28
190 13
447 15
141 18
30 8
28 6
98 20
196 17
278 25
34 24
271 11
140 8
85 25
358 8
69 12
18 11
279 32
355 22
390 11
151 7
379 18
9 8
449 32
304 6
316 26
137 6
16 9
177 12
417 14
156 30
13 25
268 32
84 30
73 5
469 27
96 27
253 24
26 17
159 26
279 14
223 19
263 22
395 31
42 28
324 21
1 5
221 32
332 5
241 24
481 5
478 20
259 30
31 1
283 1
170 5
366 12
179 32
481 18
418 2
237 10
70 5
282 3
356 17
299 32
368 15
157 25
207 3
427 13
403 5
278 28
473 27
315 31
123 8
428 24
169 28
485 31
104 14
233 3
378 7
407 5
13 7
294 23
33 20
308 12
484 17
359 32
431 14
310 5
321 14
445 29
457 29
431 9
47 27
371 8
397 13
373 22
395 10
480 28
441 15
215 20
75 13
231 10
450 16
410 14
481 10
463 6
487 5
498 17
260 24
160 32
349 4
269 23
401 1
22 9
239 24
116 14
13 14
23 30
238 4
84 26
490 22
7 20
142 12
212 25
76 27
409 8
107 13
370 11
277 16
52 28
331 15
33 11
13 31
157 26
338 20
171 15
137 18
358 2
385 5
31 32
144 19
439 30
319 5
108 12
52 27
315 26
178 15
77 6
105 13
143 14
324 17
473 8
194 30
441 31
103 3
242 2
465 5
347 20
341 6
83 28
317 5
477 10
447 25
387 31
137 13
344 4
45 8
123 31
350 20
21 8
90 26
401 11
146 7
190 6
404 28
81 12
372 22
417 18
462 3
72 19
183 27
262 12
435 1
318 8
4 6
439 9
303 23
147 29
289 16
138 8
311 3
468 10
128 8
203 5
39 10
391 25
41 13
448 7
241 13
462 32
158 28
336 17
442 27
113 14
22 14
477 21
172 8
218 7
180 25
92 26
46 2
438 6
338 22
264 26
206 25
321 20
476 1
176 5
343 16
350 4
241 7
400 13
122 22
415 29
242 30
18 15
192 8
429 13
45 32
107 30
417 31
113 12
435 20
13 25
279 2
493 32
392 20
284 22
213 30
166 22
408 8
445 27
343 25
479 11
416 13
340 16
216 25
76 10
444 12
279 15
153 31
242 21
366 25
410 27
74 27
384 17
110 20
431 16
404 18
42 4
346 2
3 9
38 14
63 5
369 21
55 6
315 32
270 4
24 3
110 14
105 14
430 31
25 9
370 13
122 8
100 23
497 2
232 2
32 18
366 8
338 25
125 24
420 6
183 16
424 25
393 5
490 26
95 6
34 16
294 27
79 1
178 31
347 17
312 18
406 6
481 7
302 6
98 21
203 24
164 19
276 32
155 21
230 25
131 27
268 12
474 31
21 7
125 15
263 29
300 24
318 24
114 31
89 27
191 8
46 23
418 2
114 16
290 15
376 16
162 15
48 31
341 8
137 10
138 27
106 21
270 7
68 15
393 9
297 23
300 26
141 9
367 3
344 17
449 31
428 26
213 27
96 26
394 28
223 23
334 8
171 7
102 23
189 18
99 29
132 14
383 21
318 17
379 13
405 7
231 1
289 23
159 24
200 29
320 18
287 9
453 30
312 6
48 4
103 18
189 31
395 23
7 20
171 9
76 8
63 10
260 15
304 2
439 16
322 26
129 17
114 26
66 17
339 1
277 22
462 21
176 16
239 6
271 17
270 2
336 28
355 31
387 10
365 17
13 30
286 26
146 11
427 27
176 17
27 16
206 12
472 25
47 14
118 29
470 11
366 22
71 8
456 17
82 20
133 10
210 10
439 31
168 21
418 15
482 20
498 11
284 1
272 26
30 1
351 12
276 20
9 18
492 20
154 13
136 2
370 25
203 25
51 30
25 16
65 18
264 10
45 3
31 32
80 24
56 18
411 11
350 3
380 1
87 29
117 30
170 2
418 8
146 12
446 7
436 18
176 31
423 20
449 5
387 28
217 19
162 31
477 19
250 25
55 24
93 31
409 19
8 10
190 26
145 31
324 16
496 23
482 11
423 14
427 29
310 11
455 23
122 12
185 11
344 27
58 24
261 22
402 24
291 4
421 19
78 16
219 18
299 16
48 17
482 10
381 7
117 28
113 30
323 5
460 10
387 9
453 23
334 11
266 28
150 31
410 15
134 16
356 20
180 27
4 29
377 17
303 25
276 31
434 18
415 29
263 1
261 27
299 2
125 4
69 18
454 10
205 16
310 32
223 25
463 7
1 31
315 23
35 2
273 12
39 23
212 13
339 12
219 13
417 12
404 9
321 18
166 29
149 11
437 3
167 23
301 23
441 31
173 11
408 1
442 18
483 29
98 13
476 5
309 20
364 9
80 12
274 13
61 26
72 5
144 26
99 5
257 15
263 29
365 3
226 14
468 20
310 18
29 17
234 25
380 5
253 31
484 26
203 24
299 2
96 15
216 22
443 12
84 21
252 28
227 5
105 11
37 18
112 25
402 17
105 5
145 18
91 4
87 14
228 30
271 23
384 10
369 30
309 16
382 29

