256
44 7
305 31
19 14
404 13
352 23
428 24
33 27
283 27
87 7
9 11
210 24
256 7
34 20
358 3
270 11
362 1
405 26
199 3
75 22
107 6
268 2
85 13
436 11
159 27
258 27
125 23
218 28
429 31
251 11
465 25
281 10
37 5
195 24
459 9
41 22
398 25
451 10
461 19
53 11
409 6
285 17
128 23
117 24
457 27
46 22
91 22
451 12
362 2
215 1
118 15
238 24
415 12
349 11
426 21
345 10
414 26
71 21
484 7
301 4
405 14
65 20
376 24
475 29
365 1
261 2
147 18
349 22
390 26
288 27
154 21
353 8
262 31
312 29
461 8
388 5
162 25
212 25
172 22
329 8
430 18
369 5
291 2
490 32
471 25
199 8
409 31
43 26
325 11
118 1
318 22
1 7
162 29
219 29
454 20
72 8
489 12
312 7
361 5
163 7
77 1
455 10
411 29
7 27
203 25
371 25
186 31
351 27
139 30
383 13
469 26
328 21
245 31
439 18
439 1
436 31
313 6
352 31
91 11
161 9
187 19
165 16
106 32
70 12
437 32
40 13
257 11
213 29
357 27
106 11
104 6
14 28
135 17
491 13
427 19
370 29
386 22
336 23
401 21
438 17
208 26
93 12
196 29
465 13
160 22
199 19
167 32
382 6
429 8
378 11
227 7
320 32
485 19
454 17
60 23
222 27
368 30
83 20
323 15
468 18
172 22
448 31
230 17
492 6
53 21
364 19
320 23
242 24
338 7
40 17
85 9
15 13
279 17
368 1
347 31
434 3
352 21
209 9
61 4
90 29
420 30
95 19
136 32
246 29
30 18
221 3
398 24
419 32
36 14
276 7
472 17
253 31
293 9
404 10
12 21
170 3
298 21
374 6
100 31
258 26
404 15
96 10
66 10
477 13
151 9
335 2
165 27
296 30
251 7
163 14
396 12
193 13
448 6
478 20
36 20
29 20
66 8
93 7
341 5
435 7
173 6
316 6
60 7
147 3
14 9
72 9
492 32
305 20
33 7
339 9
370 19
8 27
194 24
417 10
20 19
376 9
324 23
234 24
5 16
398 10
40 9
130 11
437 7
322 13
69 4
389 6
378 16
224 15
199 32
308 3
194 7
115 10
77 24
105 26
79 26
451 30
174 21
352 10
367 6
283 7
185 11
372 31
123 11
337 1
438 5
243 27
179 13
352 8
56 4
189 10
309 3
103 31
71 15
296 17
480 30
223 28
453 2
430 3
392 7
247 21
115 6
312 21
198 19
400 22
471 28
91 19
79 6
465 21
352 25
438 7
42 28
198 30
458 28
272 9
246 3
178 12
212 13
4 25
3 28
218 21
47 13
456 21
206 24
126 5
384 15
239 6
426 12
123 7
63 3
232 8
117 13
371 12
453 19
440 23
482 18
280 4
318 19
5 15
6 2
431 26
248 29
167 25
104 1
408 15
35 15
178 7
103 9
330 19
127 22
361 8
483 20
487 4
226 3
174 16
176 4
473 19
124 7
448 7
279 11
97 10
197 11
316 19
27 2
205 13
471 13
464 29
57 30
104 6
145 17
365 4
232 29
95 19
179 2
433 10
100 14
271 4
8 2
446 10
435 26
390 25
214 9
209 6
154 20
52 6
88 32
322 23
457 32
25 31
161 2
444 12
191 26
55 6
4 4
435 30
149 4
47 2
28 11
484 17
67 19
183 2
154 32
177 14
123 1
449 31
214 20
42 16
310 24
305 9
447 3
102 23
266 28
308 17
403 31
178 5
177 24
326 3
67 30
496 21
259 28
471 32
188 28
228 29
311 4
161 13
123 10
55 12
114 26
385 12
5 30
188 9
125 21
67 11
219 27
231 17
358 17
300 5
268 31
245 30
411 5
186 9
19 12
124 20
453 16
351 29
421 14
194 1
402 16
87 20
174 9
300 32
73 20
428 4
330 5
269 20
429 10
124 23
45 16
282 26
107 8
158 12
169 27
424 23
111 23
394 20
383 14
167 24
497 23
147 18
471 28
418 3
73 1
50 26
492 3
467 15
463 8
126 31
475 5
257 13
263 31
72 26
48 19
453 12
185 11
73 3
218 2
405 11
235 30
408 18
137 22
324 11
349 25
285 31
54 30
259 24
44 11
313 7
421 1
190 5
216 14
463 17
456 11
75 18
25 30
415 9
59 3
463 16
243 27
82 24
140 25
464 19
375 32
477 31
393 10
103 12
280 9
392 7
135 23
276 27
152 26
23 7
484 21
322 23
84 3
374 7
447 29
258 29
465 18
319 29
104 29
316 19
189 3
469 24
377 16
186 13
137 21
295 5
45 8
199 24
370 8
203 5
261 24
341 1
397 28
433 4
432 4
234 29
158 14
148 31
297 5
267 6
245 29
406 2
176 4
121 13
27 23
65 15
134 18
363 23
65 11
382 4
246 16
320 20
317 19
438 26
356 28
251 16
116 8
241 27
111 10
391 21
36 24
276 14
361 18
404 21
137 29
124 10
400 24
285 9
466 14
386 1
129 32
273 32
143 1
90 17
78 1
241 10
436 8
339 32
358 26
424 22
378 11
227 2
46 28
198 12
437 11
184 18
70 28
365 16
25 11
316 6
139 4
419 2
276 5
73 5
350 20
478 20
246 24
357 32
419 30
7 28
488 22
125 17
350 29
472 14
147 31
327 17
46 2
62 13
354 18
305 4
333 10
135 3
190 11
74 20
396 12
315 15
121 27
143 18
280 30
195 30
104 18
415 29
471 32
174 24
462 26
231 22
464 17
224 5
207 25
260 2
376 7
188 5
365 14
170 24
147 21
126 6
90 4
103 24
367 12
235 20
105 10
474 8
182 1
72 21
346 4
342 29
110 6
421 10
63 23
174 30
307 23
163 16
338 5
455 28
40 21
384 21
358 25
416 24
405 8
280 18
23 1
323 20
354 15
309 25
185 30
330 15
280 24
238 13
109 4
25 12
85 24
348 22
116 28
333 8
103 24
270 13
437 8
108 30
186 28
410 27
250 11
213 13
435 7
498 31
346 2
246 2
281 10
372 8
357 4
267 7
20 8
435 20
331 18
97 5
161 7
91 6
449 7
439 19
457 12
481 23
161 27
232 5
320 15
40 8
11 26
338 14
46 32
485 16
17 17
244 29
291 18
439 8
489 21
326 5
16 11
247 12
385 19
172 8
285 27
231 19
220 28
176 21
43 32
141 11
445 24
439 7
218 9
178 2
105 8
2 28
162 1
499 22
431 22
101 19
232 11
214 4
102 5
216 32
401 28
406 21
444 16
283 29
221 9
70 21
316 3
297 1
23 23
226 21
317 18
372 28
8 13
499 1
325 23
456 21
126 9
273 5
204 4
81 16
16 30
453 27
73 21
11 3
247 16
400 23
413 31
111 28
207 17
232 27
379 27
108 25
47 24
425 26
287 30
230 6
7 14
336 27
282 26
26 12
81 21
443 9
399 21
264 29
217 31
487 12
33 6
452 27
178 32
33 24
233 30
470 24
295 29
22 12
151 15
307 31
175 25
428 21
5 11
381 18
390 8
169 2
165 32
353 10
199 17
158 28
498 31
375 24
283 4
219 17
295 25
368 21
126 23
246 30
41 26
203 10
345 11
204 14
194 8
55 9
292 24
176 5
190 22
80 17
297 30
257 11
174 16
264 7
122 9
281 7
486 19
444 3
206 27
44 7
54 6
143 25
162 18
485 19
71 24
27 32
65 4
162 11
111 9
389 25
433 21
99 19
356 14
453 5
41 4
163 10
445 26
143 6
475 31
161 18
395 27
265 11
322 26
49 17
203 6
17 19
310 7
257 1
8 25
77 28
56 16
198 5
397 8
458 19
318 2
120 28
157 20
23 26
162 27
410 16
360 18
202 26
392 7
186 12
19 31
3 27
206 12
279 22
39 8
324 25
206 12
420 6
179 26
191 12
365 9
407 20
378 29
97 18
419 7
373 1
397 3
363 18
427 25
55 1
229 14
25 10
173 13
499 24
90 13
395 26
141 30
30 15
262 26
492 28
260 28
468 4
442 23
461 12
175 27
37 15
245 5
392 1
357 6
472 23
431 27
252 7
372 29
293 17
111 20
164 22
351 7
378 13
165 14
12 12
57 4
446 17
461 18
421 25
79 9
263 9
111 31
284 26
499 4
466 17
212 21
479 6
111 32
206 24
249 10
467 21
469 28
457 21
101 22
246 4
122 28
392 32
226 27
417 21
455 2
185 22
362 11
431 16
74 13
99 23
58 9
127 2
477 16
307 17
313 4
108 2
263 32
369 25
26 25
417 24
370 17
349 15
468 8
54 5
268 5
363 9
69 6
54 17
277 32
474 25
115 21
226 2
432 26
422 14
82 6
141 11
142 18
181 17
121 22
150 12
90 16
268 7
205 29
55 9
385 24
421 31
461 26
432 32
91 25
53 4
42 18
474 20
35 6
144 27
92 25
246 21
157 25
339 29
37 18
342 17
273 6
124 21
260 15
477 18
260 1
226 5
426 3
336 20
205 28
318 4
124 19
328 28
279 19
493 32
412 30
88 12
299 31
121 2
118 21
112 21
329 9
29 7
387 17
418 19
48 8
238 31
354 14
303 5
84 19
300 3
480 19
382 18
450 14
188 31
302 7
295 23
339 11
89 25
391 22
168 6
445 1
109 23
470 31
283 13
57 30
251 32
320 29
165 1
486 4
39 12
354 17
122 24
8 30
269 22
67 28
188 16
192 32
162 10
58 32
66 14
25 5
1 12
301 29
317 10
369 11
277 10
392 22
118 23
459 18
148 6
25 7
389 8
482 26
377 3
345 7
356 21
111 28
416 11
21 12
48 25
291 9
314 18
426 3
432 17
20 19
262 32
470 10
112 31
51 24
194 27
134 17
115 8
257 14
6 5
466 6
369 16
82 30
141 11
317 8
243 20
206 16
84 19
5 27
478 27
386 19
153 16
71 3
263 15
149 9
307 10
174 15
425 27
61 25
465 13
340 32
416 25
415 19
72 8
45 29
178 31
71 23
302 17
449 4
172 9
184 18
266 25
5 10
315 13
106 24
145 1
191 24
342 5
411 5
228 23
461 14
89 15
88 2
375 28
306 30
337 17
376 22
198 16
292 28
296 1
495 20
194 9
351 27
494 21
299 25
272 31
478 32
493 9
102 11
305 7
265 9
395 24
94 32
223 29
160 2
486 14
161 31
43 31
417 4
476 23
108 31
177 2
458 1
2 31
387 14
317 19
298 28
494 20
7 16
128 22
437 13
24 5
143 26
460 3
453 23
125 24
33 13
145 18
321 3
253 24
304 21
62 6
132 20
493 11
327 8
8 20
85 3
360 31
96 27
490 24
457 26
460 5
267 8
183 19
306 7
498 26
3 20
63 11
171 23
477 9
230 20
260 18
15 20
245 18
142 18
214 31
199 25
439 17
480 25
256 10
407 13
247 26
16 1
248 6
419 24
35 20
207 10
314 1
117 22
35 11
143 28
209 17
272 11
158 19
472 5
240 2
369 30
139 17
350 30
274 20
109 4
268 32
306 13
240 10
490 18
384 8
373 28
324 32
295 25
99 10
97 14
143 14
176 6
202 9
19 19
145 24
135 4
147 4
196 22
65 17
12 1
168 20
96 15
232 2
324 6
155 4
19 22
385 30
283 14
423 29
413 3
132 23
182 10
190 21
16 6
61 7
406 28
262 2
70 13
243 17
174 14
313 5
399 5
238 29
487 8
185 19
430 13
1 15
446 2
487 21
147 7
339 13
126 21
258 12
297 16
440 19
249 16
15 31
5 24
31 7
116 20
93 9
384 1
156 21
134 26
494 8
41 4
184 2
136 1
65 25
145 9
255 13
460 1
244 12
372 6
306 23
341 10
32 24
490 23
405 11
180 22
255 16
81 6
238 17
83 30
1 23
158 19
471 30
23 14
433 10
340 27
233 12
136 32
256 14
154 16
100 5
409 10
53 29
144 6
57 22
443 21
156 9
15 14
70 25
44 14
135 15
240 3
414 12
482 29
205 23
32 16
319 16
10 15
281 9
12 25
82 23
450 9
55 20
214 4
353 17
125 15
491 25
205 25
444 18
129 28
172 1
303 2
100 4
213 28
316 4
273 9
178 2
485 24
185 7
59 1
159 12
375 22
252 31
258 7
116 2
194 23
398 12
481 18
308 9
433 27
268 1
224 6
426 20
381 23
462 24
351 17
327 6
122 6
156 19
124 20
468 13
410 22
164 2
67 7
434 19
150 22
56 5
499 21
136 23
295 18
22 2
218 16
223 7
277 10
273 32
149 12
272 7
309 4
152 7
110 18
78 11
139 13
335 1
465 7
219 12
420 5
257 25
440 19
179 9
356 23
172 25
42 20
267 3
83 6
77 32
355 2
155 29
286 25
333 15
163 20
214 22
144 6
70 11
300 12
3 19
50 27
11 4
322 9
294 4
399 14
447 5
376 13
450 29
294 30
115 4
333 4
38 8
149 7
411 32
59 5
455 20
291 29
403 12
298 28
15 20
270 18
300 25
414 25
9 3
383 32
15 7
155 32
395 12
362 1
455 24
421 29
232 4
78 2
175 31
34 30
422 7
3 9
299 12
174 19
327 24
134 21
326 21
244 12
148 25
228 10
377 17
363 28
212 32
445 2
18 26
427 15
132 13
11 30
49 24
293 7
443 2
215 13
418 14
340 21
414 4
19 22
68 5
249 7
24 14
16 1
375 7
331 7
223 5
140 11
229 20
145 11
62 11
143 11
168 15
396 30
254 30
223 5
498 4
451 5
369 18
265 23
260 19
453 11
139 1
253 19
228 6
390 9
460 20
120 8
218 19
413 19
132 23
291 17
310 1
353 10
59 25
125 10
415 29
152 1
225 9
272 17
6 17
93 29
396 12
148 6
78 8
84 13
399 15
189 24
319 17
90 1
361 2
47 19
346 30
328 27
306 7
23 19
463 3
332 26
179 19
471 12
391 23
169 25
133 21
200 19
102 17
32 14
206 30
89 16
479 20
122 1
218 20
299 16
110 2
389 4
109 8
248 15
118 8
491 2
124 22
404 1
331 7
391 24
68 15
439 31
246 16
183 27
55 17
494 25
463 18
156 7
93 11
273 22
170 27
163 14
156 11
222 22
57 28
374 21
442 20
23 11
224 17
353 6
389 14
146 19
432 26
273 24
204 13
438 22
11 4
371 23
222 16
4 31
56 25
255 21
393 5
388 16
185 4
97 21
142 19
424 17
44 32
300 15
93 21
176 19
41 6
121 6
490 21
392 1
205 22
245 25
126 20
416 14
76 29
383 9
107 10
141 26
353 32
452 21
29 12
252 13
173 16
182 6
200 22
58 17
423 27
353 5
138 17
358 5
485 20
281 27
249 5
444 6
213 27
250 25
22 1
161 23
77 22
60 20
119 2
32 22
124 13
442 9
357 11
326 9
391 26
135 27
231 22
444 3
324 26
387 22
398 31
392 10
92 7
102 31
272 1
104 3
221 13
8 9
195 25
121 21
290 19
428 16
184 15
314 24
416 12
205 2
98 24
491 30
250 8
252 6
429 15
268 21
103 19
282 17
459 14
86 29
361 21
120 8
87 30
255 11
337 11
372 19
258 22
328 32
158 11
233 6
489 12
438 19
127 23
91 9
473 8
185 5
392 17
80 31
442 11
37 22
145 20
416 23
121 23
114 6
377 26
215 25
197 5
307 3
223 14
408 31
277 16
231 17
248 15
351 13
145 23
319 13
146 10
43 18
33 24
396 1
1 2
126 22
466 4
372 1
33 3
235 6
75 2
330 18
128 4
215 8
270 1
412 3
470 23
384 10
462 11
263 31
93 4
364 18
171 11
98 24
218 17
13 32
2 18
317 1
225 15
252 14
415 27
112 25
321 3
238 31
330 12
449 26
387 16
331 22
398 29
113 7
465 9
258 30
170 23
298 14
105 5
239 20
267 10
256 16
48 13
222 25
345 10
150 7
185 29
492 18
113 8
49 5
432 30
98 9
84 31
494 25
147 16
412 1
285 23
500 5
363 29
61 27
446 15
494 30
395 29
212 3
293 8
287 20
269 8
177 25
130 18
393 8
106 28
40 26
174 24
222 20
464 27
447 26
345 16
391 19
276 6
449 16
65 27
144 18
322 32
38 7
341 26
430 18
437 21
188 6
360 9
497 32
43 7
437 11
234 15
329 2
281 17
429 1
215 20
382 12
95 27
190 4
404 31
233 8
440 32
153 31
181 6
326 11
444 22
166 2
293 18
39 25
475 19
121 13
95 11
429 25
273 10
476 25
89 17
368 28
332 13
178 24
22 24
291 29
469 24
346 17
153 32
185 11
55 2
20 25
308 16
189 16
417 13
460 1
77 8
32 12
52 22
124 5
417 6
241 25
221 31
498 5
322 18
204 16
339 7
228 30
22 25
282 14
433 21
295 1
272 10
120 15
239 15
247 11
8 20
392 16
426 13
453 15
274 4
327 17
82 6
314 31
174 27
244 2
188 26
318 11
216 14
282 2
384 12
461 16
367 16
471 16
444 19
391 25
282 29
33 31
474 23
169 32
441 9
457 32
154 3
439 5
416 4
175 11
451 19
190 14
190 25
461 29
287 27
201 1
419 30
283 25
284 28
244 4
68 24
56 5
326 14
442 9
65 16
392 31
454 13
184 3
93 9
275 16
495 19
300 26
264 14
362 3
237 9
123 12
304 10
377 26
171 26
74 7
285 21
101 10
46 17
380 6
281 10
221 27
332 4
392 12
454 5
494 26
209 20
346 13
293 22
346 19
39 7
401 23
384 30
412 29
490 11
270 6
148 23
396 15
362 20
278 11
392 8
357 5
387 10
465 24
275 22
198 13
228 3
339 23
304 2
243 13
244 21
62 31
207 17
73 4
96 7
235 28
474 19
440 8
496 16
243 26
65 9
286 32
391 8
107 10
77 9
338 20
213 7
62 7
59 30
339 27
336 25
494 17
15 21
373 6
40 23
131 8
259 4
99 9
391 29
194 19
54 7
138 2
133 23
37 4
36 19
198 24
299 19
384 21
179 32
26 10
75 24
173 21
275 23
334 5
476 15
335 25
262 28
498 2
374 2
289 5
112 2
336 30
380 4
426 26
179 11
275 25
458 19
86 28
70 11
248 29
149 22
277 14
257 14
8 2
12 20
95 3
134 2
237 9
1 18
71 8
113 5
432 30
496 13
6 1

