256
483 27
464 12
208 4
99 20
404 21
439 5
171 17
492 3
272 3
59 15
448 26
18 25
72 28
393 19
149 15
133 3
157 28
18 12
340 1
392 7
321 14
403 31
406 2
5 18
364 7
32 3
437 1
499 8
64 4
186 8
102 18
194 26
414 24
326 13
32 5
347 12
398 29
46 16
495 11
333 2
113 32
373 17
264 31
260 27
114 17
94 19
115 11
177 16
350 18
484 25
70 14
84 7
430 14
122 8
180 22
134 8
317 14
397 20
228 16
462 14
453 15
408 3
194 12
298 27
437 13
276 18
110 23
325 3
340 14
315 27
400 20
15 24
305 27
352 12
418 25
77 10
220 25
140 1
420 29
307 1
217 14
66 2
293 10
217 8
188 15
355 27
182 5
6 2
131 29
221 8
374 6
122 29
134 29
209 1
50 23
465 2
301 19
296 9
272 8
428 19
246 18
249 23
2 31
116 20
315 4
384 16
337 13
484 6
469 8
227 2
411 7
136 3
425 7
155 21
294 26
359 3
364 20
169 1
418 16
349 12
323 16
124 28
88 7
333 4
3 7
426 13
454 9
123 6
343 25
278 28
358 1
378 29
448 22
438 5
33 18
448 23
369 11
218 28
30 19
363 32
313 4
296 6
200 26
348 26
194 5
233 3
113 18
476 24
359 29
424 11
402 12
450 14
294 19
429 7
421 7
58 30
283 17
203 22
270 14
80 27
27 4
218 23
274 29
199 28
161 10
375 6
197 8
387 11
194 27
17 31
309 23
52 11
427 30
277 17
156 16
363 30
19 8
172 8
328 2
424 28
196 10
253 32
325 19
234 10
305 27
336 14
177 3
408 23
345 24
151 12
243 18
385 26
297 28
405 29
130 4
464 9
329 25
420 29
207 18
375 24
256 14
329 28
301 28
386 17
272 25
496 26
254 4
127 2
287 20
26 28
211 22
92 4
410 12
396 24
17 6
331 8
184 19
55 4
247 20
128 2
180 15
235 21
354 14
335 16
245 20
56 23
405 15
198 22
10 26
134 22
67 28
1 18
327 31
85 29
199 8
442 30
186 24
163 7
389 9
31 5
412 2
440 5
436 21
482 10
434 7
175 13
283 28
454 17
82 19
33 12
454 10
362 16
1 28
30 6
224 12
374 31
497 5
303 29
6 29
82 7
103 4
143 5
283 17
197 25
339 1
348 28
54 13
283 11
84 1
148 11
224 25
146 25
390 12
357 23
288 26
185 11
45 16
479 28
276 4
396 2
256 23
405 14
304 8
68 11
352 7
398 19
439 31
351 28
194 31
222 18
348 15
224 21
86 10
424 29
81 3
326 17
413 26
350 28
269 21
307 8
483 28
399 25
302 5
249 3
308 6
180 27
228 15
251 17
309 30
173 5
344 10
429 25
80 18
28 4
194 26
172 32
241 6
449 14
22 13
241 13
18 4
188 6
175 22
58 11
464 3
427 19
432 4
119 15
133 31
63 27
480 30
354 13
7 18
466 12
350 10
61 16
478 32
465 32
37 10
190 8
456 24
11 24
471 5
454 16
275 24
134 27
453 3
31 23
141 32
191 18
54 27
209 23
350 21
238 14
47 31
90 10
394 16
445 17
228 7
172 23
118 9
461 19
143 23
233 31
338 11
477 31
377 17
477 30
62 10
316 4
492 1
313 30
4 14
454 3
8 13
437 17
429 9
47 31
91 12
58 21
406 14
375 27
422 8
212 3
417 3
442 25
431 19
498 18
364 3
369 19
427 13
347 3
406 6
129 20
377 30
480 6
275 27
268 9
206 24
383 18
6 17
86 29
283 31
222 2
237 2
220 15
99 22
221 4
163 18
203 11
91 31
25 26
37 16
414 26
123 12
419 1
472 21
269 30
439 10
103 20
284 18
190 26
92 19
237 2
464 19
497 18
325 29
419 9
164 12
306 19
332 13
267 19
433 15
409 19
376 15
398 3
37 8
392 8
54 24
233 29
271 21
422 27
101 25
308 29
376 5
403 27
393 1
362 17
55 30
48 6
484 9
441 12
236 4
499 9
164 28
157 6
164 19
232 1
123 3
381 14
208 11
57 24
303 22
425 25
391 12
138 30
268 6
98 4
466 28
496 5
31 17
266 7
435 9
311 13
388 3
406 19
177 2
194 23
231 18
39 9
441 12
347 17
458 16
268 27
391 31
403 2
119 8
468 17
164 14
109 27
172 23
349 28
328 23
30 15
364 32
31 5
447 29
217 28
24 8
178 23
98 20
40 21
99 31
121 11
488 2
17 27
96 18
210 15
260 7
185 15
10 20
131 16
296 7
212 28
34 1
86 20
321 9
52 15
483 12
385 18
253 30
332 4
471 1
475 22
483 15
56 12
226 23
299 18
237 6
193 11
103 30
106 27
254 5
45 12
180 2
57 29
35 8
484 13
280 18
438 14
321 5
457 2
383 19
419 24
469 31
242 31
240 31
345 1
355 1
80 18
170 8
318 32
375 14
412 22
111 13
119 31
46 27
329 12
182 19
399 6
210 4
220 13
338 28
294 4
452 25
78 30
361 3
29 15
196 9
93 15
141 7
89 6
286 13
466 15
16 20
468 17
208 23
25 25
250 10
441 13
43 18
26 3
412 7
341 4
347 21
118 3
496 30
25 29
475 26
451 10
409 30
66 4
456 22
13 5
260 25
257 2
322 27
56 29
189 20
44 15
33 17
373 4
219 25
12 25
90 10
34 31
83 27
466 26
40 30
242 15
134 14
100 31
484 19
40 8
255 27
58 15
96 7
166 26
31 17
358 17
194 19
323 32
341 16
313 28
118 22
31 3
255 26
410 11
489 29
114 19
235 8
381 2
306 18
495 12
278 12
308 27
446 10
246 10
270 18
18 7
315 16
341 9
29 10
11 21
402 5
111 29
500 7
170 25
240 25
492 25
220 32
487 2
133 12
303 2
141 16
492 3
71 17
228 8
138 30
468 32
66 3
380 13
273 25
221 1
65 9
381 21
68 12
302 16
303 32
306 20
128 25
102 14
185 1
297 3
419 17
214 32
399 29
401 27
493 17
387 6
389 20
194 32
339 15
360 21
450 1
140 29
165 30
275 2
422 31
24 28
391 5
28 1
181 8
312 21
252 22
82 17
317 19
448 7
269 31
500 15
323 3
147 24
232 21
189 30
196 28
49 2
152 20
227 32
207 30
208 19
235 14
451 28
64 18
410 1
57 29
255 15
400 25
70 31
174 30
488 1
173 21
306 24
316 4
359 3
69 11
333 20
208 23
59 23
236 16
307 24
81 5
375 12
314 12
166 11
406 6
59 2
394 12
106 1
396 16
83 16
86 23
471 17
253 17
268 21
53 30
132 13
339 18
316 32
154 1
342 7
486 20
340 31
115 1
440 14
465 2
178 10
289 32
195 5
233 2
381 17
239 5
121 1
222 20
432 19
268 9
137 26
376 1
336 27
477 23
204 17
149 5
343 17
233 21
181 21
202 14
453 20
426 1
221 7
360 20
226 7
277 18
84 24
394 24
494 19
46 26
163 6
282 29
334 2
245 11
182 6
428 26
90 9
58 14
203 13
313 8
396 29
346 19
445 11
102 6
109 24
339 32
45 29
480 19
486 13
97 20
374 20
153 11
228 7
476 10
479 25
414 6
81 11
57 9
349 2
167 18
9 13
433 22
477 12
136 7
340 4
482 10
107 6
380 18
48 12
467 31
200 12
456 24
490 28
9 11
374 15
500 22
31 12
139 4
195 18
322 15
357 3
100 11
492 11
148 20
390 23
122 25
346 21
221 24
293 17
26 14
255 29
399 25
456 14
496 30
15 5
388 20
175 3
334 15
170 26
410 3
448 19
148 17
459 12
128 23
300 9
268 26
177 7
42 12
408 14
486 18
58 21
145 25
212 3
103 5
164 8
291 11
394 2
403 32
157 3
307 8
387 26
361 16
444 19
399 19
144 4
125 17
461 9
285 16
451 15
404 6
250 26
76 15
484 11
199 8
213 5
300 23
78 16
14 30
266 1
224 1
500 20
314 28
321 26
483 7
337 30
89 30
284 28
433 19
494 27
462 18
487 9
305 28
125 14
289 26
82 9
3 18
416 12
41 24
265 24
211 13
113 11
243 12
462 23
366 12
157 24
13 15
440 5
262 24
487 3
158 32
415 12
1 6
179 30
270 27
269 28
248 9
130 18
481 11
16 18
398 24
377 19
370 9
431 15
84 9
181 17
337 27
104 25
129 18
434 30
429 10
229 20
287 30
17 7
300 12
316 30
259 1
312 8
213 6
110 8
11 7
241 23
89 20
387 1
330 5
318 18
374 22
285 32
255 9
130 27
36 30
456 22
194 7
273 6
360 18
53 26
24 5
420 25
489 31
385 30
331 23
427 16
100 19
68 31
363 21
113 14
198 16
43 15
38 31
296 1
400 1
471 8
493 10
240 29
400 24
2 10
178 8
286 26
490 9
188 20
253 16
101 15
71 3
193 20
161 17
356 17
41 14
188 21
420 23
218 31
402 11
401 28
499 2
61 12
242 12
192 6
399 32
296 25
139 17
428 3
329 31
63 17
165 10
253 4
28 22
106 14
393 10
361 19
395 29
82 20
372 29
482 2
417 13
442 31
469 5
57 29
207 20
369 15
221 18
306 29
295 20
30 7
269 18
281 8
14 23
151 21
487 20
358 15
465 15
309 29
371 14
434 21
337 6
300 29
127 21
9 30
368 2
164 5
131 29
4 32
159 6
232 5
138 9
48 26
239 32
386 9
425 15
38 13
325 1
374 11
145 2
428 29
272 12
353 22
388 12
250 26
361 9
42 10
70 17
303 8
149 25
121 29
211 14
38 27
198 19
42 2
144 13
206 23
412 30
21 31
117 2
48 26
102 22
179 27
30 6
183 22
22 19
103 4
312 28
471 13
254 4
202 1
332 12
16 8
21 4
246 18
157 30
467 14
383 13
281 24
330 11
442 15
117 32
287 28
387 17
140 8
472 21
388 3
452 31
250 9
290 16
314 6
141 4
408 31
128 28
138 2
354 3
12 2
326 2
249 28
258 4
55 5
432 11
384 24
197 17
60 11
332 25
488 12
356 3
50 11
286 32
144 3
470 28
460 4
305 32
211 15
299 2
143 27
60 26
318 20
363 17
298 10
101 14
370 4
384 31
142 14
458 26
12 32
441 20
427 17
383 1
307 22
254 18
116 13
179 1
273 21
161 30
439 25
59 20
420 27
78 9
464 16
346 23
167 22
150 17
383 29
81 5
270 19
342 1
351 1
169 31
265 17
397 19
145 7
362 4
249 24
476 8
31 14
391 21
311 8
141 9
424 21
86 21
407 3
429 6
151 21
84 24
129 32
470 13
287 16
40 7
327 28
99 13
41 13
405 11
28 5
396 24
117 1
348 32
111 1
485 6
77 8
29 26
400 6
182 14
33 22
72 27
237 2
215 25
10 7
479 2
15 22
193 4
58 4
359 25
168 7
282 25
114 26
302 21
159 23
50 20
56 22
402 28
291 21
420 5
439 23
42 6
476 30
289 2
477 11
202 5
193 23
241 30
292 14
319 14
228 20
493 16
341 15
427 32
215 31
136 29
449 9
458 32
114 10
457 6
96 26
86 4
492 6
446 31
71 20
437 23
483 13
434 16
27 16
159 29
410 18
246 2
322 27
282 31
301 2
376 24
248 14
36 11
491 29
374 6
96 22
64 22
90 1
105 29
60 19
209 30
408 18
179 29
9 32
15 17
50 31
408 29
204 3
35 30
275 16
459 14
421 30
152 7
222 8
479 14
223 27
455 30
493 9
211 25
93 21
161 10
319 16
290 30
363 12
272 17
288 30
359 32
456 2
218 25
469 8
162 3
87 16
173 15
101 27
431 1
163 15
186 2
362 15
207 16
354 26
213 21
60 31
349 19
284 26
43 8
466 17
147 4
24 11
482 24
405 24
168 19
206 1
252 3
31 19
495 9
140 19
25 3
481 17
417 16
291 32
367 12
220 1
11 15
35 32
367 15
107 30
210 28
239 21
434 13
475 16
5 19
486 18
17 18
254 10
81 12
449 24
355 24
164 5
410 3
60 12
489 26
310 18
181 8
363 19
168 13
394 9
155 4
54 20
197 27
309 22
407 5
77 29
424 4
478 1
438 5
461 23
55 22
328 19
21 14
53 16
379 7
212 25
178 17
56 30
128 8
151 18
472 31
146 7
319 15
80 8
160 20
386 18
13 6
300 5
255 9
72 13
151 12
18 24
252 17
53 7
289 8
264 4
134 6
7 8
384 18
60 7
329 13
256 13
158 28
225 5
260 4
397 18
431 22
89 11
191 29
265 31
196 9
442 10
142 12
133 1
237 32
420 1
489 31
109 30
434 29
262 29
129 19
454 15
276 22
445 14
35 10
296 22
442 14
411 31
37 16
311 22
439 6
42 27
257 3
277 30
335 26
87 31
48 8
374 20
286 6
289 16
231 13
253 32
26 4
458 18
59 29
39 1
498 29
276 6
435 20
148 29
89 30
232 25
329 9
312 2
478 12
137 29
240 22
232 17
405 26
179 11
458 9
311 23
149 6
413 3
489 32
352 6
497 27
418 1
243 9
291 16
384 19
280 12
316 8
388 32
201 30
34 22
135 21
464 11
134 8
218 19
287 13
404 3
207 21
108 9
105 6
372 16
176 4
463 32
163 23
415 11
120 9
372 26
497 11
241 22
63 18
456 25
230 31
484 4
383 31
88 15
192 3
327 27
462 25
414 16
195 25
190 3
481 25
272 29
100 32
310 22
469 26
362 14
328 9
337 11
139 28
49 10
87 23
49 4
368 30
24 30
142 13
228 22
126 28
302 9
11 4
238 12
81 11
233 20
148 10
470 26
197 23
116 3
245 8
183 28
329 26
378 27
270 25
296 11
456 2
323 15
413 16
2 1
11 18
252 14
155 18
443 32
240 10
338 20
425 8
300 22
77 9
428 7
133 31
445 21
376 4
111 4
179 28
132 13
49 24
50 8
457 1
259 16
254 8
235 27
468 18
488 16
62 31
242 27
341 7
339 29
306 17
356 28
264 4
377 24
75 2
219 3
270 5
430 12
425 20
406 28
50 21
287 31
11 1
361 15
67 7
271 16
351 11
59 2
466 19
130 8
361 24
422 22
177 27
357 9
366 6
344 19
358 14
230 12
10 10
423 20
493 5
151 7
171 14
161 28
144 2
27 20
341 12
486 21
2 10
321 20
308 32
134 9
146 23
385 27
157 15
435 17
499 17
343 2
294 31
157 30
348 32
145 25
335 26
57 17
176 10
56 19
393 9
147 22
108 15
397 32
337 31
264 16
415 6
357 13
313 13
350 4
48 26
200 23
476 9
423 23
486 10
485 26
222 3
120 17
14 32
444 14
198 31
389 12
17 13
172 9
462 1
340 5
219 8
95 14
500 1
48 1
198 12
66 28
14 9
100 31
404 28
81 5
454 9
213 30
418 8
150 15
461 18
91 3
233 14
224 8
406 19
68 24
6 1
375 11
22 30
250 17
73 22
26 19
2 6
348 19
177 22
149 21
339 20
315 31
277 6
154 14
364 13
137 21
205 23
388 22
41 9
3 13
318 28
491 27
469 15
90 13
40 14
282 10
181 24
152 1
190 13
491 21
229 19
422 5
342 9
363 30
149 1
346 14
244 9
136 28
231 21
208 26
167 9
499 3
141 10
156 30
158 18
382 14
476 27
170 13
315 12
50 19
248 20
132 7
288 8
406 18
48 10
287 30
306 13
413 18
490 4
127 11
417 1
384 24
367 9
61 30
437 14
348 32
209 16
379 28
451 8
13 18
101 23
64 3
139 16
56 24
99 3
126 7
395 25
110 29
266 2
294 22
132 10
89 16
325 27
188 15
455 24
476 19
203 15
313 17
218 9
173 16
51 10
34 13
11 20
409 4
165 3
181 4
48 13
340 4
440 31
350 10
78 17
448 4
68 17
325 29
481 29
305 3
146 2
179 8
333 23
135 10
141 3
497 4
288 32
263 23
214 24
472 20
141 27
275 8
383 11
196 3
447 16
245 13
190 19
304 6
214 31
223 2
105 28
246 16
259 12
470 25
176 5
116 12
64 2
227 10
193 22
13 19
274 17
435 23
236 19
188 13
29 11
154 17
334 19
25 32
111 6
416 2
139 3
305 10
125 31
351 17
304 31
307 25
324 2
243 19
184 11
359 4
193 12
344 26
263 20
469 29
214 17
10 4
267 10
405 23
48 31
207 27
322 10
132 13
459 2
407 30
156 29
353 32
276 20
225 6
416 18
262 1
430 31
184 20
288 16
87 15
46 17
38 11
10 29
363 4
246 21
461 10
385 1
101 25
213 2
50 28
223 32
460 20
286 31
347 6
434 17
260 27
430 29
198 27
169 28
111 23
181 31
168 1
440 8
77 20
149 23
131 27
142 10
374 19
436 21
204 21
357 12
347 6
464 20
281 1
456 31
251 32
165 22
404 28
389 25
255 6
311 29
260 4
178 14
82 13
58 14
333 6
101 16
256 32
427 12
252 18
278 22
73 6
271 17
398 8
161 16
49 23
241 12
126 18
145 15
235 26
492 31
320 20
302 11
360 17
110 19
166 31
465 19
180 19
67 5
98 11
81 6
401 1
158 26
442 10
232 16
356 4
299 3
19 28
101 10
32 2
193 14
448 5
288 3
95 2
204 17
136 28
190 12
456 7
61 13
353 12
277 20
219 11
86 6
26 2
319 18
247 11
459 2
19 30
172 6
155 11
158 10
10 11
325 1
398 25
418 2
380 10
309 19
120 10
40 25
431 6
406 13
221 8
74 31
313 17
56 3
324 25
256 1
60 32
2 21
20 15
58 28
464 10
202 11
463 5
79 29
302 13
273 26
52 22
317 25
294 28
183 1
85 7
302 24
74 3
452 30
73 1
345 8
226 6
470 28
342 20
432 19
88 32
369 20
253 5
356 26
56 6
163 20
32 28
135 18
118 22
51 14
446 7
429 31
144 6
62 21
149 17
479 25
400 19
228 4
383 23
50 23
176 24
430 8
27 21
165 16
2 7
389 32
461 17
174 24
66 24
440 14
80 18
302 24
117 17
131 27
315 24
437 3
243 27
198 1
283 2
468 24
428 12
287 20
172 21
343 17
196 22
155 19
51 4
106 11
189 5
18 27
268 22
345 11
24 6
335 30
255 27

