256
105 31
200 32
38 5
38 16
85 11
275 19
469 28
177 15
425 28
3 20
111 16
396 22
1 20
451 3
21 17
85 9
467 4
157 16
292 22
119 29
112 22
419 8
489 20
222 13
175 29
304 5
228 4
79 17
255 5
279 7
369 28
456 3
203 24
190 7
9 17
223 12
202 17
52 22
440 9
158 18
349 2
399 17
13 17
9 27
61 19
98 9
354 17
115 13
368 28
403 20
464 21
347 17
469 18
410 9
23 8
22 31
29 16
151 13
100 15
11 20
298 8
440 15
12 6
411 31
62 13
106 13
141 17
42 6
202 3
370 28
18 7
299 18
15 9
290 22
108 5
126 25
112 5
111 4
323 2
206 12
38 20
408 15
116 21
344 5
252 1
245 1
455 27
19 29
491 16
83 26
312 28
206 32
476 25
251 10
42 4
33 7
119 13
313 26
241 8
403 24
368 31
113 15
41 11
143 27
290 29
333 14
136 6
229 24
58 15
113 23
138 22
382 9
438 18
342 2
202 32
374 1
94 18
243 22
116 26
221 21
462 5
210 14
294 14
413 8
120 5
154 14
22 27
218 27
81 23
341 6
7 22
202 20
51 21
290 2
182 26
274 3
414 24
444 7
125 20
410 1
233 12
58 18
450 3
417 18
185 9
311 15
322 29
143 4
309 12
389 30
293 26
188 2
349 16
264 22
191 22
422 27
89 3
381 6
105 25
420 29
405 14
480 30
446 14
449 26
257 5
447 29
350 23
254 15
470 5
24 8
394 25
435 26
275 15
372 31
315 23
19 7
224 6
148 14
323 4
275 11
284 30
127 5
60 4
183 25
101 22
40 2
354 2
328 8
492 27
210 22
193 1
376 20
78 31
85 25
470 8
479 9
285 10
386 24
337 32
224 21
126 15
283 3
441 18
311 32
12 16
90 28
248 17
471 22
340 16
226 17
119 16
62 27
161 7
450 6
218 1
490 27
139 16
26 31
85 8
363 12
207 20
151 7
268 22
484 19
381 9
268 27
116 29
457 17
479 6
330 8
282 15
391 20
443 32
351 31
455 17
327 29
16 17
467 7
302 30
242 10
362 29
384 30
189 24
106 27
97 3
214 2
105 4
150 15
223 8
426 9
416 24
338 27
432 8
65 14
458 26
119 11
166 27
148 14
46 21
372 15
391 10
224 8
189 5
394 16
76 3
440 3
274 29
273 2
137 30
143 10
495 5
116 13
467 28
14 17
220 2
359 7
323 14
458 23
307 3
274 30
22 30
225 31
194 29
204 30
186 14
275 17
459 27
193 17
6 22
141 5
295 31
187 1
433 24
128 31
495 29
324 32
170 28
366 20
249 30
397 18
267 24
318 29
414 30
206 7
68 14
347 10
197 22
479 25
177 2
71 7
62 18
242 24
146 4
299 6
29 27
31 11
218 25
224 3
210 21
253 9
126 20
491 14
485 29
6 21
278 28
36 27
174 1
274 27
236 28
416 4
119 22
263 8
498 22
171 4
118 19
336 11
226 30
269 14
498 30
223 23
54 30
318 7
90 3
397 2
367 32
293 21
461 19
172 3
244 6
18 17
469 17
456 30
31 20
404 8
201 14
7 10
439 16
480 8
118 16
205 16
243 14
320 4
404 32
366 8
389 11
360 29
439 19
403 9
390 6
349 23
135 15
196 29
30 16
452 15
107 13
483 14
358 2
257 25
349 22
260 6
356 24
446 26
286 28
115 16
5 19
470 19
169 5
415 30
192 19
48 19
227 10
500 24
36 16
196 12
229 16
325 4
427 19
81 16
470 31
91 15
9 4
317 17
77 16
430 28
302 26
270 32
359 13
463 14
376 6
482 32
317 10
39 27
428 32
307 10
166 9
224 15
309 24
407 21
123 13
356 8
314 30
303 8
394 29
270 6
275 15
225 23
260 8
186 20
87 28
437 4
92 20
130 16
403 17
488 18
373 20
153 2
469 32
61 26
424 30
335 30
284 4
141 4
27 6
83 17
373 19
216 4
234 6
68 16
234 23
217 18
250 26
143 26
29 27
284 20
237 18
2 4
381 6
267 31
171 29
223 11
71 3
358 20
488 1
144 29
332 4
326 1
81 32
3 21
226 14
61 18
255 26
186 20
407 28
246 9
5 1
323 7
111 32
83 10
309 30
318 24
437 19
424 30
314 18
478 11
63 26
205 30
303 18
157 17
193 2
137 5
74 11
476 4
343 6
133 11
135 18
494 3
296 25
292 21
195 18
352 9
11 28
426 30
297 22
374 25
188 7
390 25
173 9
149 27
274 9
17 16
435 6
182 30
279 18
43 9
95 18
229 13
301 23
270 25
88 24
437 3
6 14
240 14
394 24
45 3
20 13
278 26
423 4
36 17
285 10
25 23
175 9
187 7
111 13
423 11
452 15
177 1
389 8
486 18
155 22
153 31
443 6
480 21
241 15
269 29
148 29
107 18
249 22
148 4
102 22
262 5
281 26
213 1
206 18
154 32
80 6
386 10
88 22
442 20
84 2
353 28
354 3
405 2
104 5
313 25
122 18
461 30
364 1
126 13
223 16
280 26
289 10
379 32
235 32
56 2
29 4
253 30
70 10
187 30
62 4
82 7
425 19
141 32
67 2
208 5
249 24
294 6
209 32
265 31
491 24
316 31
79 29
104 1
78 27
174 19
290 19
25 18
149 29
354 24
135 29
356 15
104 26
272 20
321 25
458 24
356 18
182 11
194 18
435 19
428 8
113 9
214 29
134 31
6 11
430 24
252 17
374 27
434 26
371 3
182 32
418 1
453 15
175 30
88 21
120 11
420 20
83 22
73 13
200 10
55 9
69 30
413 6
217 3
439 7
305 16
118 30
361 23
24 27
68 12
348 4
330 11
271 9
104 7
481 19
272 11
283 16
397 20
486 1
246 20
403 26
396 12
123 20
90 2
494 22
109 29
197 3
312 15
203 7
162 31
422 5
273 20
477 17
103 10
485 28
237 23
397 32
407 11
91 4
17 1
357 25
129 17
415 4
224 5
411 21
355 4
169 12
239 13
148 30
106 13
189 19
371 14
178 5
456 5
477 4
57 1
449 1
90 23
329 17
36 15
197 30
274 29
369 8
362 5
353 31
353 30
13 19
331 3
500 2
15 32
462 11
160 2
459 17
328 15
413 19
229 5
105 14
178 25
366 11
193 26
209 13
463 26
120 1
468 23
283 2
446 8
404 21
357 22
206 32
205 6
399 1
431 3
139 12
179 4
498 24
73 30
120 20
131 3
32 18
209 22
431 14
409 30
463 5
400 8
449 24
489 23
240 23
53 6
230 19
233 23
158 6
137 14
45 11
220 12
69 9
242 15
434 30
185 24
267 32
267 7
391 12
265 14
26 21
8 4
251 28
186 17
249 14
390 25
293 13
369 21
389 6
359 11
111 15
422 5
478 1
443 4
296 7
350 13
227 5
132 2
300 10
238 1
491 15
341 15
87 29
143 16
170 6
2 5
248 27
9 2
315 20
297 6
362 22
487 21
206 2
66 26
435 7
54 2
133 18
60 15
307 19
398 16
260 23
460 11
26 29
436 12
272 17
154 9
230 4
73 32
257 18
293 16
144 18
321 12
443 32
199 17
138 24
281 9
347 20
256 32
60 31
63 31
275 28
316 21
355 4
144 4
230 12
7 13
133 3
353 31
410 19
28 20
498 16
444 24
399 15
67 19
242 2
493 28
197 24
224 28
400 3
367 17
302 17
353 10
403 21
213 20
107 24
359 17
251 3
300 9
205 31
311 30
348 12
314 28
463 9
299 30
108 21
342 25
241 11
47 23
251 11
307 6
54 17
314 8
171 29
156 4
331 11
173 26
474 26
74 24
79 12
150 14
241 3
446 5
389 8
328 12
454 6
201 19
2 6
162 9
330 10
252 29
340 12
190 9
114 11
100 8
339 21
377 23
444 26
263 4
166 22
471 19
75 31
478 17
388 31
453 6
160 4
378 27
479 23
163 20
386 3
283 24
363 15
154 14
333 8
138 10
358 32
320 24
483 1
212 2
140 32
87 7
367 8
2 18
235 4
289 32
278 32
195 29
434 4
446 22
467 27
467 8
43 27
108 25
287 7
394 26
335 1
281 9
148 2
398 6
297 31
353 11
462 27
67 11
98 16
13 9
95 31
240 5
117 15
13 20
370 22
385 28
90 13
256 30
298 30
471 19
44 8
373 25
74 3
251 32
302 3
88 28
242 23
384 26
230 28
317 27
6 26
154 7
218 25
184 20
266 7
314 17
330 2
17 15
476 12
74 21
382 21
25 15
192 16
185 17
8 21
371 29
54 32
311 20
136 7
491 14
149 12
266 26
341 7
232 16
402 22
296 31
170 20
258 21
432 22
485 15
146 15
155 24
434 13
175 6
311 17
175 31
320 16
140 8
426 32
31 7
29 26
314 30
350 19
263 17
216 23
275 17
158 9
264 19
245 18
12 8
306 10
218 29
330 30
340 15
229 26
286 17
400 27
158 1
21 32
233 20
371 15
448 28
287 12
470 11
205 6
290 31
223 24
191 8
365 31
11 17
252 12
53 11
394 14
103 18
482 27
1 4
45 8
231 31
215 12
66 16
385 27
134 32
66 8
363 6
206 29
226 30
20 22
312 13
488 19
178 17
305 2
172 22
330 18
32 28
305 29
315 14
156 24
1 9
124 19
3 5
440 4
490 23
358 10
372 29
272 1
17 8
431 32
425 12
441 17
155 13
257 18
490 4
121 6
337 8
57 27
277 8
270 14
454 23
123 1
175 18
430 31
470 4
378 22
471 14
54 21
119 19
150 20
426 15
450 2
218 18
304 2
353 26
316 22
52 6
335 3
332 24
417 17
475 31
46 9
168 12
125 6
114 3
394 19
249 19
153 6
52 16
16 28
29 23
413 25
268 7
159 19
214 27
251 24
425 9
336 5
100 29
378 17
87 3
103 15
169 23
4 24
211 27
475 15
201 4
23 13
338 1
419 8
312 2
239 20
22 31
328 29
387 2
37 25
32 15
363 25
246 26
272 12
237 3
398 5
338 1
257 15
157 16
226 28
401 21
204 26
243 7
246 13
292 2
157 12
272 11
376 21
236 19
324 24
97 26
113 26
346 13
109 26
100 30
322 12
150 5
273 4
259 26
224 19
151 20
226 11
398 1
439 2
99 31
309 8
336 21
481 17
494 9
386 29
275 31
445 24
435 13
20 14
87 11
448 1
475 29
11 28
125 10
209 15
64 22
270 31
142 23
283 11
191 24
80 5
79 16
445 25
444 24
410 2
410 5
119 32
381 13
460 29
430 24
432 29
37 1
95 23
155 9
17 22
249 8
366 23
323 22
191 19
125 21
148 15
161 22
270 26
247 9
102 24
249 1
373 13
438 15
167 24
48 4
141 24
131 7
474 2
168 28
72 9
468 7
179 9
337 4
374 31
29 23
314 13
360 10
413 25
5 28
92 16
115 29
199 9
91 20
50 30
39 29
402 31
192 28
339 32
380 8
166 12
390 19
36 21
17 16
249 21
379 29
276 9
425 10
90 27
497 27
476 11
464 30
245 27
161 15
238 24
146 23
299 20
233 26
488 5
486 21
473 20
77 28
61 9
73 14
71 1
344 26
308 31
127 20
165 16
487 18
179 24
304 10
371 17
15 19
137 12
95 14
68 23
61 28
375 14
333 1
406 16
194 25
483 17
469 7
460 15
401 6
438 32
467 17
444 18
167 5
185 9
394 28
135 26
83 29
291 31
9 21
443 22
113 29
22 25
275 5
387 27
471 13
231 25
485 10
270 31
458 7
115 31
410 5
9 25
313 31
259 29
199 5
22 32
329 24
96 4
228 31
130 6
159 24
487 7
238 8
145 15
414 11
250 16
211 6
168 15
260 30
195 23
331 28
122 3
463 13
114 15
199 4
240 21
455 18
351 28
334 31
91 7
309 24
422 23
301 29
245 32
219 15
18 29
7 11
59 29
208 5
159 2
268 31
467 2
476 17
470 9
368 8
408 24
103 5
47 27
270 19
314 28
82 16
388 12
174 22
56 17
174 19
491 1
465 9
367 32
329 32
101 8
247 24
224 5
40 14
103 29
264 24
500 1
99 15
136 1
37 20
357 30
258 3
3 22
7 1
365 4
408 29
235 6
324 10
206 16
431 8
24 23
75 4
243 6
262 3
150 22
422 22
212 27
57 18
456 3
286 4
102 17
137 17
50 20
146 31
175 17
266 15
475 4
426 29
217 3
299 14
189 20
224 12
102 28
317 29
194 14
229 4
146 1
336 19
324 13
153 23
409 22
253 3
461 22
304 2
68 30
395 16
174 18
359 31
101 23
36 11
128 28
294 1
128 1
171 15
461 3
5 10
444 9
456 17
286 11
434 22
213 32
313 26
2 32
364 30
198 19
248 26
162 21
302 9
21 13
444 2
499 28
203 7
205 22
51 2
269 8
47 9
367 28
218 24
383 25
322 16
332 29
109 25
314 3
486 6
87 25
167 29
228 17
231 24
231 25
126 7
320 16
331 7
31 16
406 5
480 19
197 19
148 29
8 1
67 13
146 13
125 13
90 24
385 12
136 3
305 9
465 4
284 23
162 3
194 8
431 14
146 27
188 9
284 11
253 22
391 15
355 27
415 12
367 23
319 2
118 27
466 2
99 1
229 8
267 30
31 10
95 9
28 11
321 27
329 26
365 12
176 19
86 2
366 24
240 20
157 17
159 2
291 13
75 11
72 5
440 3
390 19
131 18
21 27
80 17
376 28
272 27
14 2
492 11
13 20
267 18
292 13
495 22
385 21
100 12
410 8
410 7
130 24
420 22
343 4
202 6
147 2
121 13
183 28
95 27
195 21
68 19
137 31
420 25
131 8
181 12
263 18
395 8
334 10
393 28
17 2
97 12
419 1
380 5
329 14
500 11
187 11
213 3
129 5
48 28
4 32
3 26
21 25
9 26
63 29
85 15
346 22
298 1
398 17
69 18
3 4
453 1
487 25
11 23
149 30
78 8
489 25
269 14
329 1
419 19
381 28
26 27
185 27
343 6
352 31
364 10
183 20
42 17
184 12
487 9
314 25
336 6
349 17
15 1
85 26
124 14
289 21
44 5
323 2
258 26
500 1
379 2
140 12
202 32
176 25
8 1
457 23
494 1
151 25
37 24
294 20
53 6
160 12
406 23
333 19
8 12
488 19
14 7
10 31
450 21
255 13
25 7
152 27
219 10
379 8
389 4
119 5
253 3
388 18
465 28
172 8
404 23
62 21
138 24
483 3
256 10
396 1
4 19
3 23
200 13
182 29
52 24
381 24
282 17
313 18
340 12
70 19
347 19
159 32
54 26
422 22
435 17
146 18
215 16
12 31
380 5
355 11
197 27
86 22
355 10
224 23
437 1
437 23
479 16
118 29
293 24
46 11
208 7
16 11
190 4
41 17
72 3
351 4
481 28
98 8
389 1
382 25
317 6
312 19
469 5
179 29
172 32
339 4
118 3
154 27
234 22
227 13
440 5
277 20
216 10
459 4
46 24
281 10
214 12
360 18
372 11
295 12
114 21
275 16
339 28
242 28
325 21
81 8
397 25
387 25
82 22
68 11
241 24
192 10
143 15
488 19
441 10
262 3
414 12
490 21
167 27
28 23
51 24
458 8
316 24
264 17
245 27
227 26
235 14
291 21
173 30
95 21
59 4
223 5
95 8
429 21
295 8
455 17
416 8
348 15
460 23
332 12
146 26
41 4
32 8
108 4
109 31
20 12
410 15
196 17
306 8
117 24
431 16
149 14
187 32
429 22
459 28
202 8
21 6
187 28
425 2
107 18
348 23
257 2
221 12
466 26
427 22
478 1
357 26
407 28
473 11
393 15
298 18
238 26
40 32
370 4
70 20
201 1
102 17
230 14
112 19
200 14
481 25
99 13
6 29
84 10
43 25
113 12
422 14
9 1
126 26
277 15
206 25
315 23
138 17
333 5
91 12
139 11
60 1
260 21
445 31
246 3
171 22
178 1
412 18
405 17
416 5
435 25
362 13
279 7
497 19
451 32
494 29
10 1
381 1
469 25
316 19
15 22
424 8
430 11
230 23
223 5
367 25
469 24
258 11
282 2
210 9
193 27
377 11
460 2
27 16
434 10
494 21
32 10
492 21
104 21
147 15
421 6
335 21
297 12
488 27
50 29
15 14
103 7
500 18
500 3
490 2
72 3
234 11
104 17
64 32
150 10
386 30
427 20
311 12
368 18
154 13
346 8
362 4
410 18
10 22
240 23
195 31
185 12
266 5
356 9
348 1
242 17
279 1
8 17
244 3
386 17
495 15
416 9
30 5
422 7
86 13
389 16
175 22
411 20
66 23
472 29
475 14
201 21
86 16
193 25
435 6
429 1
12 32
489 6
20 2
432 30
274 9
89 25
450 8
240 23
266 8
279 20
129 31
197 2
38 13
246 32
319 2
457 6
221 9
75 4
207 23
49 24
31 14
280 28
137 28
494 18
287 4
345 23
454 13
332 15
282 17
167 12
102 15
133 18
419 28
413 1
214 22
457 16
451 8
75 23
311 28
192 5
43 12
215 32
281 18
338 18
122 28
13 19
478 13
248 1
204 25
21 25
474 25
364 16
269 18
214 3
357 13
380 11
144 2
246 16
140 24
485 21
439 29
188 29
494 11
313 17
447 29
318 16
366 17
399 22
471 4
268 15
368 31
78 8
93 3
435 20
110 24
48 13
120 15
317 29
22 5
14 28
17 23
444 22
11 10
219 9
306 3
160 29
485 17
184 1
263 27
12 13
242 28
273 5
146 1
326 3
273 15
191 5
169 10
375 11
327 5
364 32
431 11
305 8
111 32
196 13
310 28
449 11
471 17
412 32
365 17
339 21
75 1
278 3
162 20
477 28
96 32
472 31
362 24
146 4
115 13
401 17
252 9
475 30
422 10
394 10
474 32
275 24
260 24
494 9
55 7
112 2
162 31
28 16
210 5
199 13
366 3
101 25
300 23
43 5
313 20
210 26
19 12
38 18
387 11
402 13
205 29
443 23
448 14
242 17
143 24
333 4
243 25
328 6
360 18
466 16
157 23
13 23
363 26
304 5
285 1
394 21
70 32
207 25
305 16
25 31
92 6
158 2
142 30
227 13
207 16
228 20
70 5
242 8
142 18
385 2
454 30
415 15
465 1
391 9
421 16

