256
284 27
5 24
486 6
127 16
400 11
83 24
381 31
139 8
476 20
27 26
176 2
500 13
279 14
394 1
242 32
56 26
294 20
177 23
429 27
399 20
290 9
220 30
83 30
101 14
234 24
312 13
277 15
169 19
128 27
444 21
166 3
246 19
262 31
441 14
77 15
369 30
171 12
388 30
150 32
15 27
115 18
143 15
488 32
150 27
226 21
484 19
295 29
53 12
3 13
97 20
36 25
149 18
257 12
163 14
376 26
140 2
355 14
85 11
297 18
457 6
30 20
264 28
21 28
379 11
13 31
454 4
143 15
457 27
138 4
8 5
149 15
355 7
485 23
345 9
376 22
303 13
93 6
80 25
86 14
488 10
136 1
349 2
43 1
381 9
128 4
397 32
239 19
131 15
393 23
3 16
480 5
376 21
75 3
389 12
264 16
313 27
317 1
29 31
169 25
95 5
500 20
276 14
446 10
312 15
85 19
310 12
175 26
340 1
492 13
112 12
104 32
6 12
288 2
483 1
146 17
457 22
272 8
235 10
490 31
408 18
417 21
341 7
106 29
192 10
409 19
57 4
431 26
136 18
300 26
378 21
398 22
90 14
418 13
239 15
75 14
36 27
66 28
433 16
408 8
473 32
483 13
32 13
294 19
334 1
488 16
38 21
249 31
406 2
155 24
128 21
141 15
423 7
391 16
434 2
35 14
466 17
138 5
281 31
15 27
376 2
382 21
90 14
243 24
500 30
343 31
330 20
142 1
394 24
164 15
181 6
436 26
67 21
494 19
355 20
165 18
65 22
494 11
28 25
354 19
486 16
5 7
31 30
123 28
29 22
454 14
484 5
59 18
165 5
100 12
116 17
101 13
162 3
187 9
35 24
419 16
87 12
38 10
273 29
245 30
446 15
215 13
291 17
182 12
177 2
327 13
250 19
325 23
225 15
304 15
402 26
130 12
201 20
457 14
180 26
479 1
104 21
110 26
169 11
53 26
276 27
342 29
362 30
288 2
28 19
197 17
16 14
268 17
197 17
42 16
130 8
353 17
416 30
182 32
104 15
281 20
169 30
256 22
287 3
468 6
485 8
446 1
341 18
69 22
142 14
265 11
481 21
59 16
430 4
479 26
178 8
117 27
381 28
376 32
415 7
185 19
358 27
251 3
48 3
440 13
280 28
15 4
173 17
155 2
164 2
339 6
245 7
392 13
179 15
348 1
462 17
343 3
367 6
73 22
116 28
306 24
68 24
155 8
244 14
193 27
147 4
452 23
338 31
219 12
462 15
460 3
303 31
297 9
100 10
286 11
381 31
110 28
262 29
39 29
278 12
467 24
467 23
18 24
113 16
172 2
6 15
52 28
137 9
328 16
218 1
155 22
55 28
102 20
232 20
376 1
75 7
136 13
113 5
49 17
93 8
3 18
406 22
258 3
254 17
482 15
50 12
125 16
252 22
124 31
217 19
196 8
193 23
36 21
188 24
382 16
7 24
81 21
141 14
159 11
275 8
69 16
276 29
131 27
270 2
213 27
457 24
130 13
443 21
306 10
453 7
113 11
274 25
75 10
383 21
12 5
225 13
184 16
477 18
230 27
124 2
437 8
202 22
80 8
82 21
125 22
275 9
197 24
281 31
18 7
356 21
171 16
165 30
431 10
372 8
92 3
101 24
426 2
445 29
297 22
446 25
264 12
361 12
472 2
82 5
156 29
221 19
220 26
384 10
379 31
309 6
101 26
349 10
415 9
87 4
170 24
336 9
455 29
96 6
190 30
118 5
318 3
23 6
76 7
39 30
13 32
275 6
461 31
343 19
415 21
290 4
16 18
73 15
174 32
248 11
197 30
59 23
56 6
256 27
488 10
436 16
345 26
317 1
332 4
384 30
292 9
385 4
2 13
130 7
125 5
241 9
446 32
391 1
233 26
335 16
292 18
71 12
479 20
293 2
251 32
259 14
52 32
53 2
452 2
432 24
411 25
453 8
324 31
61 28
341 3
275 28
17 9
119 31
288 19
9 18
290 31
432 26
114 16
247 10
166 2
197 24
202 1
135 17
344 7
80 24
442 22
19 30
255 25
304 26
400 28
80 29
283 11
382 24
346 16
165 11
10 2
142 11
362 1
88 1
323 7
92 16
225 10
73 27
99 9
372 14
40 31
38 30
165 32
422 3
103 22
225 32
299 15
175 25
143 6
421 21
280 17
433 8
474 17
334 28
85 22
273 29
8 19
150 29
434 15
35 32
9 11
500 27
477 10
171 7
287 12
140 26
456 32
422 21
428 3
205 9
312 25
489 12
139 30
196 28
61 6
460 17
44 27
227 9
132 30
343 18
193 10
335 4
53 12
428 25
363 8
197 6
461 5
49 11
174 24
375 14
29 2
6 13
144 9
93 31
334 3
396 14
269 26
25 21
338 8
5 20
288 13
429 16
237 10
50 19
425 32
200 30
109 30
26 28
290 30
378 11
256 9
500 12
355 8
49 8
179 13
95 30
458 19
417 10
204 7
308 29
94 28
82 7
65 3
306 30
280 28
180 31
308 31
263 6
406 11
57 20
67 7
402 16
378 30
422 21
488 21
209 10
88 10
284 8
452 17
357 11
476 12
266 16
66 20
149 15
190 2
407 20
208 20
484 1
477 29
166 21
485 6
46 1
220 13
76 27
473 13
402 9
172 15
232 2
398 12
60 31
437 18
46 21
125 21
81 22
433 10
270 2
176 7
342 31
199 9
65 15
53 30
119 13
336 14
314 13
434 29
171 6
43 29
366 19
97 15
472 2
396 17
299 7
259 4
465 9
408 30
128 1
347 14
37 7
448 26
267 21
74 30
102 4
358 20
135 10
266 30
187 25
199 13
232 5
328 4
414 28
77 5
400 28
138 8
310 13
137 20
169 22
217 27
178 10
238 16
84 15
269 30
15 27
311 6
128 26
294 13
77 10
285 16
497 2
115 6
211 23
234 15
165 10
149 6
80 22
5 7
92 1
136 11
444 14
204 27
288 25
463 28
219 23
44 7
20 2
373 6
465 6
461 5
259 29
322 2
51 30
56 22
450 12
100 25
489 16
315 32
300 25
344 10
375 7
85 7
248 29
328 32
414 32
192 16
453 13
66 15
338 25
144 8
312 4
32 29
399 19
132 26
475 23
68 26
361 20
300 5
108 11
24 17
471 8
396 7
228 17
425 30
82 24
57 13
15 4
249 13
286 5
111 1
355 10
166 24
181 25
380 12
295 31
12 13
470 27
39 26
72 7
467 21
383 27
101 25
462 10
162 20
434 12
212 8
301 13
59 17
45 26
472 7
193 23
456 30
445 6
211 28
309 13
372 11
199 17
291 5
174 8
112 7
223 11
98 7
403 13
207 27
446 18
137 30
216 20
300 25
290 18
176 6
39 4
492 5
372 18
101 13
234 32
355 12
386 32
35 32
460 9
86 18
123 27
43 2
370 10
498 7
56 14
460 26
425 27
34 4
85 7
44 6
198 2
477 16
201 3
223 13
104 9
66 6
235 12
415 16
154 1
467 17
142 2
154 30
229 7
65 9
173 16
482 19
209 30
158 17
321 16
273 12
392 26
353 26
150 23
434 27
235 32
363 4
177 20
145 29
406 1
217 7
20 18
5 32
360 26
341 16
393 13
307 1
155 11
466 12
481 3
458 24
2 16
295 3
391 28
83 28
500 4
78 12
201 26
451 4
243 27
443 28
108 13
476 14
463 21
417 24
192 30
363 25
249 9
371 15
448 26
286 32
309 12
319 17
297 21
273 24
264 7
379 23
168 14
484 10
146 28
425 25
477 15
382 5
148 12
67 27
409 28
394 1
67 4
430 12
185 6
107 8
120 21
170 31
190 1
269 3
404 9
376 20
184 13
308 15
360 10
277 29
77 3
189 12
234 14
359 30
23 25
217 31
301 2
281 14
38 5
380 29
446 11
376 5
11 7
163 15
408 27
343 21
109 7
332 3
1 22
112 7
358 5
17 26
66 2
203 8
346 22
248 19
337 20
123 23
158 9
69 10
224 15
106 32
146 29
378 10
330 2
20 31
22 21
48 11
186 30
394 27
331 22
26 19
117 4
218 2
285 14
43 16
401 8
43 18
436 17
43 21
466 10
303 23
302 10
277 19
451 19
370 26
164 27
152 16
394 21
257 10
359 28
37 31
151 8
156 7
56 10
203 9
111 14
359 17
411 31
251 30
157 16
347 24
218 2
451 8
71 24
141 25
211 10
391 21
313 6
299 8
95 22
240 1
63 14
321 25
436 20
186 29
395 12
264 13
234 27
76 4
478 4
436 4
449 18
400 29
223 19
480 5
404 19
77 10
20 22
290 12
173 24
400 11
359 27
31 16
433 10
451 6
378 14
97 26
415 1
439 21
47 26
157 26
193 30
119 12
483 4
371 27
235 30
73 30
137 28
389 13
61 32
331 18
77 27
116 12
127 2
480 13
27 25
326 7
74 8
135 8
204 9
414 6
127 6
383 31
441 16
35 6
315 29
143 27
348 2
234 18
15 6
351 30
406 4
464 19
324 22
386 23
455 27
316 5
136 31
47 1
174 13
282 28
2 28
230 1
34 28
174 32
233 16
293 30
256 1
468 31
58 9
309 20
355 16
444 2
26 26
418 27
275 7
390 16
475 12
476 32
287 1
259 7
229 28
360 4
12 19
266 17
31 22
81 29
49 28
226 19
218 32
477 28
46 3
471 8
338 26
379 20
298 6
346 10
41 29
361 28
383 14
120 9
51 16
149 8
428 2
378 1
221 6
488 7
220 6
138 21
255 21
384 24
154 1
282 26
285 14
97 11
472 32
431 30
120 23
325 27
305 30
43 25
408 22
143 11
339 13
388 25
297 7
348 26
352 17
347 4
123 7
303 26
362 1
467 21
164 28
379 16
345 9
344 28
302 7
231 24
119 6
84 19
240 32
420 19
412 30
227 14
412 5
331 9
465 30
458 28
441 12
299 17
461 19
389 18
481 19
254 11
440 25
217 3
472 8
270 8
253 12
121 8
80 28
140 20
101 13
376 17
137 26
29 13
168 13
358 4
239 7
450 22
152 10
209 23
5 14
358 21
177 19
124 8
430 12
355 6
64 10
274 16
108 22
296 15
71 26
127 1
468 32
339 31
298 15
94 26
376 19
411 20
429 10
363 18
1 21
91 13
151 12
116 2
18 24
384 4
121 2
100 16
290 26
59 11
336 4
240 3
454 18
466 27
388 16
296 16
397 3
156 3
102 24
304 15
387 19
410 31
49 22
446 22
299 28
276 23
359 3
197 21
17 15
251 16
342 26
495 2
284 27
136 10
274 7
208 32
330 10
18 14
331 11
419 13
319 2
467 5
60 28
193 24
30 7
183 7
341 6
313 28
328 12
213 17
239 29
112 12
242 13
149 4
443 27
404 29
112 19
142 31
386 26
451 23
481 29
489 1
162 5
148 1
101 1
441 3
133 32
110 2
384 6
297 3
324 20
291 27
422 32
457 19
322 15
425 26
40 6
326 13
66 21
42 26
185 30
356 17
90 9
42 9
222 22
3 13
242 10
331 15
281 32
174 2
46 10
255 25
215 20
138 25
257 19
298 29
216 14
110 13
470 31
130 4
341 32
440 30
481 23
448 18
410 13
363 3
423 14
392 5
253 1
269 9
263 15
302 2
72 19
283 17
61 4
84 5
99 4
186 12
498 14
341 15
106 15
65 16
376 12
369 29
188 17
489 30
55 10
280 26
200 14
371 13
29 30
365 19
181 19
58 26
36 26
436 25
305 25
225 4
308 29
308 16
81 5
149 12
438 12
465 10
193 15
102 9
493 6
200 13
220 25
203 23
155 14
100 27
342 24
490 10
268 30
349 32
298 5
335 15
129 16
76 9
338 13
394 10
495 13
207 10
349 29
173 23
398 16
165 16
447 15
241 26
156 17
265 13
289 4
391 5
103 19
90 16
143 31
326 17
75 16
55 15
440 27
130 21
350 22
280 16
300 28
213 15
164 1
259 1
428 22
221 22
116 18
26 6
144 31
451 26
382 17
493 25
231 14
213 20
267 17
79 7
216 11
373 24
119 16
184 15
133 28
132 12
66 9
61 29
359 7
279 20
367 31
116 1
244 25
380 14
173 22
280 20
452 9
119 11
488 2
321 28
410 28
71 11
313 23
35 11
346 29
115 20
435 10
13 6
58 8
392 10
54 7
322 29
175 8
427 6
446 31
133 7
51 7
181 31
390 23
237 27
232 7
298 14
433 2
48 18
406 7
424 7
313 25
463 28
36 10
1 9
488 2
39 2
40 31
104 5
138 9
15 9
43 13
238 31
474 9
465 23
427 12
189 28
484 32
79 3
393 23
204 16
64 26
122 32
313 17
384 14
65 3
22 8
63 11
434 28
396 22
119 2
137 15
265 4
310 19
343 22
274 18
434 1
139 23
496 3
131 4
252 32
130 5
7 20
384 12
431 3
190 1
304 2
208 1
150 29
263 12
71 28
241 24
429 7
262 28
182 20
155 25
439 4
410 25
179 13
237 6
275 6
10 18
103 21
498 12
86 5
447 4
500 19
11 28
418 8
204 3
15 22
235 14
494 24
250 16
140 10
133 18
263 27
344 22
359 21
321 32
305 24
451 25
158 29
436 3
436 11
25 31
349 32
256 26
255 17
13 27
195 30
160 9
140 15
174 6
196 31
294 28
466 8
156 31
409 8
50 8
82 6
498 18
185 17
271 28
462 20
38 28
133 1
464 8
200 2
121 19
484 18
246 21
362 2
423 30
345 20
317 26
398 11
208 30
271 22
373 28
317 14
91 25
459 27
72 30
396 13
256 27
310 29
31 23
254 1
144 6
277 25
228 14
479 11
107 29
116 4
185 9
93 15
233 31
33 1
412 4
349 11
158 10
372 12
33 5
345 20
427 1
340 10
498 14
144 24
271 19
287 3
43 12
433 28
134 26
432 6
97 8
416 27
141 23
146 17
264 18
53 6
462 16
399 31
62 2
415 8
152 17
490 15
432 26
322 6
443 5
315 16
236 26
146 28
369 15
253 12
133 17
25 18
48 31
405 29
464 7
144 19
371 13
161 19
111 10
72 25
438 2
444 25
319 17
105 11
232 1
22 32
13 6
309 16
320 1
21 3
235 16
250 30
149 22
112 3
96 7
163 13
272 3
410 2
47 26
333 18
222 2
493 10
252 2
293 11
218 5
354 9
329 3
262 17
216 21
439 23
407 13
196 2
59 9
323 2
470 15
383 27
361 4
276 24
381 28
182 6
233 15
106 21
341 19
241 9
91 23
71 1
131 2
378 18
222 5
295 11
59 5
85 3
256 8
30 12
280 28
290 4
450 31
276 27
114 28
51 24
398 1
53 20
239 26
69 12
334 23
355 17
244 27
163 3
151 13
191 6
108 32
293 17
78 32
199 15
287 13
395 12
222 31
415 16
80 4
123 22
198 17
10 21
120 24
496 14
68 6
51 11
369 27
232 2
114 6
489 20
383 23
287 32
33 29
267 12
36 9
229 26
70 6
378 5
114 5
310 1
262 4
356 14
54 7
428 23
220 32
270 30
2 8
409 10
108 11
349 4
416 22
229 13
19 10
25 24
331 2
17 24
45 4
74 2
162 21
116 21
120 1
187 9
292 15
358 11
122 6
42 13
339 10
21 22
228 9
193 2
230 5
353 14
432 30
223 17
278 6
178 5
426 24
221 13
162 30
115 31
340 5
319 30
278 3
387 1
87 32
266 20
492 27
441 12
396 15
220 10
204 1
274 25
464 27
345 30
276 28
408 27
320 7
145 13
417 11
306 20
314 15
171 14
189 8
81 1
478 20
110 10
49 23
162 12
81 7
489 9
170 5
323 1
327 27
437 19
350 26
98 15
165 13
320 17
84 20
289 9
404 26
94 28
485 20
167 1
114 16
421 27
256 12
123 30
62 7
176 11
153 22
426 9
98 21
21 21
349 10
445 16
59 15
55 19
146 17
460 27
80 28
245 19
475 15
268 13
425 32
299 21
421 16
245 22
173 22
402 13
75 6
124 1
236 6
380 21
102 7
343 22
70 3
220 9
305 24
285 6
135 11
10 11
159 23
276 31
372 9
203 10
22 6
282 2
207 29
342 32
351 5
193 5
475 29
169 24
104 1
361 10
35 22
348 5
476 19
227 23
151 13
144 8
106 10
133 28
290 31
324 9
363 16
413 9
132 25
468 31
385 28
28 3
198 27
316 29
349 10
372 7
175 19
23 8
292 23
296 2
333 31
74 23
486 22
236 26
270 31
408 6
31 32
276 12
310 15
104 7
337 27
9 15
342 27
142 9
242 25
66 6
55 19
473 5
476 28
214 21
410 21
102 20
56 2
223 14
320 7
376 8
153 32
166 14
471 12
331 12
96 32
137 27
35 13
395 26
168 28
459 2
228 8
73 4
437 20
353 25
474 4
264 26
315 22
324 29
441 30
496 4
49 25
38 15
93 28
149 13
391 23
42 7
18 2
106 7
261 26
415 14
37 30
212 31
311 15
340 19
40 3
287 8
171 20
227 32
108 31
228 6
333 25
320 18
86 21
8 15
234 22
80 10
304 3
177 6
29 4
217 28
54 15
360 1
178 26
340 17
312 11
487 12
391 2
345 28
435 21
174 4
478 6
494 29
248 22
247 25
37 27
48 30
317 23
166 10
196 29
483 7
275 17
2 9
330 15
493 8
51 14
136 12
271 25
161 27
2 11
351 6
221 6
479 13
9 1
234 12
1 16
211 4
388 4
292 18
410 16
333 20
450 4
44 16
152 8
294 9
314 28
42 22
394 17
422 30
17 23
105 13
223 27
496 6
231 28
179 16
71 16
156 8
35 3
296 15
254 1
191 27
85 5
100 30
457 17
379 5
27 3
193 13
150 1
211 28
476 9
223 6
104 14
122 11
428 5
177 25
357 15
247 1
451 2
270 7
70 24
83 25
483 28
49 24
316 23
215 23
352 29
40 23
167 9
445 26
281 25
127 18
340 5
430 26
71 16
401 24
199 11
440 1
462 21
164 1
451 10
419 10
19 19
109 17
175 1
130 8
26 28
445 1
481 10
358 7
425 26
394 32
445 14
156 10
26 24
35 12
401 1
130 7
115 22
455 14
142 1
97 15
44 13
383 28
266 9
426 15
54 32
166 6
209 13
256 14
344 26
413 5
94 14
15 13
483 2

