256
209 2
64 7
354 29
125 3
264 27
285 21
116 6
88 16
438 32
355 27
359 29
446 4
353 20
177 9
173 20
182 21
417 30
79 6
310 8
100 2
418 17
498 1
362 29
256 19
120 2
254 10
411 23
318 23
143 14
412 15
453 25
399 21
42 30
195 16
385 2
277 6
178 6
187 8
414 22
190 29
256 7
362 22
494 19
280 8
25 11
6 1
488 24
402 25
233 16
232 25
389 24
419 3
485 5
310 30
250 3
134 17
146 32
22 7
378 18
478 18
196 3
435 31
386 8
64 15
283 31
87 7
155 5
441 19
313 18
241 3
453 10
419 30
221 25
88 27
298 17
352 5
251 30
28 12
325 27
458 27
237 1
482 15
401 10
234 14
376 18
128 16
199 2
425 4
42 16
370 3
280 9
36 18
211 11
17 11
5 23
494 29
19 7
336 27
248 13
336 11
394 23
450 24
213 6
11 18
89 24
297 20
305 28
249 7
246 2
401 10
240 22
194 14
220 17
380 12
97 16
442 26
30 16
82 30
321 12
200 10
28 4
129 4
327 2
198 4
143 26
25 26
48 18
343 11
247 14
86 31
289 12
185 3
123 10
412 15
413 15
204 24
458 21
271 16
62 4
207 24
122 31
289 13
301 23
287 19
56 13
241 1
104 9
163 18
394 2
372 7
37 24
246 2
260 25
130 1
40 4
80 25
271 8
181 19
202 28
469 1
192 21
101 31
486 3
224 15
189 15
37 21
22 19
422 17
3 7
305 6
91 8
407 13
103 3
283 12
406 3
413 5
311 13
95 20
128 18
379 20
265 23
96 6
401 29
271 19
68 7
149 14
163 23
370 29
493 24
273 23
402 21
199 16
401 30
212 16
315 6
47 15
208 10
69 5
11 11
215 10
117 15
87 31
121 16
248 30
459 4
216 32
56 14
423 24
411 18
336 26
75 10
360 19
228 28
243 26
470 13
167 23
376 25
69 32
412 16
313 14
187 16
433 10
146 27
402 8
193 9
337 3
174 9
401 5
476 11
342 10
304 32
236 19
464 20
26 31
472 15
448 22
70 24
456 27
439 1
327 31
297 3
249 26
359 22
223 15
496 28
484 23
424 23
181 19
22 27
466 13
249 29
355 6
497 2
237 7
18 3
65 10
225 5
135 16
314 1
474 26
273 21
312 24
175 25
286 20
51 27
393 27
220 3
468 12
408 32
2 5
118 22
442 7
82 16
482 20
285 19
409 13
411 28
308 17
212 13
132 6
48 4
412 31
474 32
186 9
287 27
9 1
456 26
451 9
378 28
136 26
386 8
422 20
116 9
232 23
173 7
293 28
91 28
42 16
139 3
297 26
265 5
182 12
107 32
461 8
415 16
349 8
344 6
447 27
350 30
489 2
392 13
446 14
41 23
398 3
66 22
456 22
350 21
106 24
120 22
291 14
365 31
185 28
112 15
18 17
160 7
335 16
343 16
237 27
470 26
62 31
179 25
69 9
6 22
336 1
91 31
11 15
469 3
15 1
178 32
41 29
94 3
92 25
210 9
319 24
314 16
418 17
249 10
373 22
363 24
82 9
186 4
260 19
139 2
235 24
361 3
4 7
354 32
391 23
128 17
446 9
293 4
137 9
53 17
498 12
217 19
220 30
23 11
408 29
456 2
328 13
269 7
123 10
130 17
388 13
425 14
402 1
401 14
109 29
399 6
368 7
37 28
368 15
418 20
423 18
269 30
394 25
432 16
362 10
380 2
170 32
287 11
373 31
461 9
139 23
291 3
325 7
446 32
89 3
171 31
440 8
260 17
180 31
200 2
104 31
495 30
235 17
48 31
319 32
439 9
70 21
167 18
259 8
142 15
179 4
209 30
103 8
303 11
11 14
176 14
433 14
443 11
302 19
477 12
202 15
132 8
348 31
221 30
114 10
453 16
174 25
466 24
481 28
410 7
121 13
160 21
458 31
71 23
297 7
82 2
166 22
473 25
216 2
118 25
407 2
325 24
435 22
412 27
409 17
461 25
110 20
434 23
74 12
178 2
255 15
72 8
176 12
432 23
441 21
72 24
323 24
483 17
389 30
375 29
67 11
177 12
158 2
94 16
318 15
305 32
234 20
491 1
272 6
300 12
322 7
263 16
118 18
104 10
139 10
154 29
16 26
232 18
496 10
257 9
448 17
384 21
437 14
90 4
499 13
123 12
463 18
316 16
131 27
437 17
101 30
326 24
475 21
289 18
86 9
134 22
458 1
66 30
94 31
305 32
247 15
264 29
164 7
140 2
201 4
415 5
221 32
269 24
500 5
17 18
306 3
471 7
19 16
360 17
43 4
56 25
294 27
350 18
101 1
251 2
269 5
454 5
460 2
36 24
131 5
397 20
407 15
50 9
254 29
241 12
276 9
289 17
319 26
378 4
330 21
73 30
497 10
87 29
100 30
268 18
378 28
369 8
234 30
413 7
382 9
487 25
301 23
77 20
116 11
391 9
435 27
395 23
192 9
91 15
306 6
76 8
373 4
171 10
417 31
297 26
88 3
306 24
261 27
359 8
41 1
24 3
415 22
109 31
102 12
101 4
409 13
147 18
324 25
91 17
252 11
38 31
373 28
78 5
430 1
64 26
389 28
148 28
209 20
466 15
159 6
274 16
94 28
53 2
88 27
10 11
382 27
29 18
94 31
91 11
247 2
344 31
445 31
494 14
451 19
168 17
377 13
28 10
212 32
91 27
427 28
342 32
499 14
265 12
180 7
467 10
213 26
117 5
357 2
162 11
421 13
267 13
269 27
322 32
78 1
131 20
364 32
163 18
45 4
306 25
486 20
354 18
137 10
355 5
284 8
299 32
345 10
204 13
64 1
297 29
141 7
497 29
102 3
218 18
290 11
74 16
498 12
473 11
101 23
127 32
195 30
291 19
47 10
355 10
223 11
454 11
133 22
367 22
313 21
84 30
311 17
229 29
288 14
147 17
232 21
476 2
254 15
168 24
464 19
261 2
229 7
49 14
16 19
447 20
55 10
134 6
39 30
378 22
267 8
270 15
500 22
128 14
216 4
53 27
22 6
217 18
380 9
463 7
235 2
75 2
291 12
7 5
273 8
211 20
111 32
390 10
77 17
215 24
164 28
175 9
433 15
139 12
7 25
58 17
214 12
382 5
43 24
37 32
475 3
207 13
227 20
47 23
464 13
299 24
380 1
16 8
215 26
327 5
459 5
165 12
220 7
380 7
286 25
282 29
163 24
345 29
435 31
248 14
4 2
377 19
370 5
399 16
102 13
8 16
461 8
436 1
218 11
499 12
231 12
116 30
119 16
338 13
55 13
302 26
482 31
292 15
275 6
286 32
267 17
140 3
465 11
463 6
389 9
389 24
92 24
69 22
20 14
262 22
491 28
335 8
446 26
27 28
20 20
299 18
457 10
216 29
364 23
158 9
139 19
76 19
106 20
292 17
401 10
402 27
321 20
419 30
66 25
189 13
108 19
222 16
277 17
188 16
115 14
244 6
96 23
188 9
166 31
30 11
384 31
13 12
19 7
321 32
375 1
20 11
348 9
398 16
177 6
467 32
487 23
101 18
233 28
486 23
118 19
21 2
298 5
57 4
316 22
103 10
90 14
376 9
214 14
264 14
415 23
237 5
293 17
334 25
476 15
479 6
186 15
447 19
236 19
2 31
436 24
444 30
429 28
166 26
149 30
87 27
364 20
315 32
12 20
384 16
318 7
433 3
65 27
337 8
437 10
202 21
145 14
250 5
169 23
418 17
48 5
231 7
328 9
270 27
44 30
178 29
220 30
68 24
192 20
436 5
94 5
353 30
134 10
163 26
220 32
322 20
84 20
382 27
300 32
102 23
9 31
408 32
93 19
215 20
230 22
412 3
139 16
413 12
69 3
278 25
154 15
260 6
3 5
500 30
348 21
349 32
436 8
287 16
82 22
311 31
355 27
486 5
190 2
469 3
472 22
399 5
48 6
214 6
2 10
56 14
370 24
57 17
11 12
332 24
401 3
254 11
69 23
452 6
488 32
368 27
369 2
436 24
275 9
318 17
66 1
330 16
128 10
240 22
433 32
433 21
418 2
440 30
129 15
447 16
14 11
427 2
80 10
149 19
362 22
335 4
42 32
215 13
401 18
10 30
81 14
18 18
332 17
187 8
51 18
427 12
448 1
445 7
66 6
85 28
263 27
59 17
286 17
325 3
430 31
224 19
128 17
212 27
402 19
270 32
384 25
368 31
253 24
61 3
257 30
450 24
120 28
176 18
132 4
296 13
38 19
127 14
315 3
476 4
89 10
372 24
498 15
154 26
402 26
420 3
211 25
382 15
228 1
440 31
260 19
476 6
457 10
315 7
292 26
191 32
239 14
351 4
300 12
338 1
70 25
211 28
478 28
314 5
352 9
120 32
339 15
409 31
48 23
418 4
364 16
219 19
169 26
42 24
425 19
20 10
488 27
478 29
26 15
225 18
396 4
489 18
438 21
381 10
323 22
177 26
257 15
492 1
316 2
96 13
116 15
290 31
197 27
271 31
262 28
452 1
339 32
242 17
188 2
466 30
123 6
399 27
388 3
155 28
128 18
148 23
217 29
198 9
56 16
339 1
315 22
325 10
81 18
486 8
392 19
481 10
296 28
245 11
122 31
386 1
353 13
343 17
322 12
37 1
212 32
45 6
17 1
383 10
286 8
69 5
22 22
43 17
281 19
352 14
389 1
354 1
474 4
161 23
88 10
23 11
425 23
176 29
287 31
242 8
482 23
101 32
212 27
172 28
281 11
245 29
112 22
262 25
145 14
231 8
471 5
382 31
171 2
392 17
320 1
380 5
295 4
156 2
474 20
349 10
202 5
275 9
394 4
249 19
309 15
122 8
83 12
378 13
265 1
61 12
254 21
236 24
272 20
258 22
71 22
351 4
255 5
289 20
12 13
38 25
72 32
452 14
15 5
111 23
302 23
214 7
463 17
158 3
44 23
332 10
225 22
90 7
159 26
478 2
470 32
490 1
27 25
47 9
326 9
23 3
179 32
385 10
388 6
80 20
309 3
397 9
92 10
363 18
419 8
272 9
207 13
281 5
406 23
477 3
335 11
209 30
438 13
359 26
486 18
109 14
200 9
178 11
47 4
393 21
84 16
205 18
276 6
375 1
164 3
263 27
202 7
216 23
415 30
316 5
363 28
194 2
133 8
204 23
115 8
495 22
111 8
488 19
37 30
419 8
64 22
50 13
152 25
256 15
190 19
319 4
347 4
317 19
87 17
9 22
468 19
399 15
54 18
317 6
451 19
142 15
268 15
483 4
160 30
190 29
161 4
457 31
371 5
189 18
145 25
159 13
51 17
395 5
147 27
46 17
149 23
315 21
434 26
40 13
239 9
145 7
236 9
109 18
226 21
415 2
345 9
186 24
186 8
204 28
494 5
132 15
140 11
411 1
448 26
17 26
30 21
141 13
114 5
74 11
250 1
60 6
265 26
193 2
177 24
133 3
497 9
17 24
415 19
60 22
228 4
103 13
88 15
373 21
344 22
391 13
138 11
38 31
48 15
204 4
126 29
98 2
157 22
461 23
392 16
488 19
299 26
227 11
185 23
291 28
249 30
472 2
132 25
492 11
91 32
254 13
236 20
42 32
317 7
166 17
374 1
31 9
94 2
263 2
412 17
157 4
234 4
250 21
489 5
395 3
288 13
147 31
204 29
118 8
43 19
432 24
435 27
292 13
72 18
158 19
107 11
347 16
442 28
409 10
336 3
361 4
155 27
350 14
195 32
230 25
102 13
357 5
475 16
269 2
54 30
381 4
92 11
203 22
174 23
315 5
266 11
336 8
182 10
130 28
5 11
169 26
371 5
346 30
24 14
243 21
392 19
88 19
53 11
368 2
253 7
87 26
209 14
290 22
459 23
322 31
481 6
273 23
14 22
48 29
436 19
466 15
469 9
13 2
195 9
99 20
415 9
317 31
459 14
217 13
376 6
436 4
379 4
411 20
29 14
132 28
452 1
494 5
2 11
294 28
387 8
495 1
429 28
127 7
269 19
7 13
84 30
204 2
1 10
57 26
424 5
345 23
137 31
499 14
345 32
186 27
388 24
87 24
491 25
406 28
260 16
256 3
206 23
157 14
425 25
439 24
253 28
278 2
474 9
379 2
272 24
104 15
96 22
30 2
254 3
197 25
199 4
208 32
115 32
165 27
280 20
90 21
239 31
274 8
495 4
85 15
420 4
481 11
229 3
452 6
445 9
199 23
156 26
102 6
473 3
12 16
222 17
136 4
468 25
23 22
265 19
284 24
146 1
50 14
275 13
207 7
205 17
418 1
162 19
482 2
137 6
90 10
94 21
169 5
338 23
79 10
149 30
137 30
126 2
19 32
390 30
323 3
334 4
307 24
462 8
185 11
133 10
308 3
351 1
491 12
19 1
289 32
135 21
165 28
462 8
364 3
113 2
297 18
129 7
497 26
243 2
40 27
455 24
453 9
176 4
492 14
216 8
213 2
408 10
462 17
265 25
276 21
214 24
26 30
27 15
283 13
204 27
495 26
170 4
315 9
95 22
390 10
142 3
364 25
332 9
122 28
353 29
324 26
320 21
111 18
223 13
318 18
215 5
436 24
464 14
80 14
259 22
71 32
276 2
301 3
462 2
54 10
22 13
83 17
429 25
243 4
86 32
429 12
76 32
36 11
317 3
96 16
288 15
327 15
452 7
21 26
252 14
79 5
154 6
170 27
354 24
86 3
175 18
91 27
230 18
289 30
444 29
473 12
255 28
498 26
130 11
119 10
296 22
210 18
211 3
236 24
494 9
355 17
186 9
419 11
422 15
165 13
295 21
300 21
140 18
255 18
168 1
355 19
274 8
264 16
147 15
400 4
319 2
308 17
50 30
475 3
285 3
187 23
480 7
480 7
284 26
92 19
310 18
265 16
214 9
419 4
27 6
351 14
275 27
406 16
88 24
146 4
371 1
155 18
171 6
320 30
219 16
256 24
61 20
463 26
400 6
337 19
403 4
328 18
50 29
205 21
464 19
213 14
35 19
183 25
352 23
10 22
118 5
97 6
136 20
156 20
145 28
166 3
383 5
428 28
77 21
273 20
335 9
226 25
203 32
425 18
114 6
123 27
50 19
113 1
482 32
424 30
463 25
377 26
433 20
481 29
288 5
401 14
89 18
46 7
237 22
196 7
255 30
433 4
241 1
193 22
16 24
52 27
57 20
28 13
83 8
202 15
465 26
196 25
431 2
196 27
63 23
17 18
61 2
325 5
50 25
226 2
337 13
248 1
56 15
85 7
486 22
361 2
91 16
355 25
1 26
188 8
144 20
233 4
209 13
208 23
278 2
176 22
62 19
358 14
401 2
108 22
432 8
188 6
375 18
43 8
147 18
291 26
137 7
198 26
135 5
308 24
42 7
25 20
109 2
425 25
28 20
246 27
351 5
480 17
178 30
304 32
455 6
466 20
320 23
493 31
271 28
218 1
134 3
268 26
328 20
250 7
75 31
165 1
280 1
353 25
370 9
133 13
102 18
472 26
316 12
228 2
263 13
250 8
39 21
137 19
412 18
73 14
232 26
262 19
86 31
172 23
123 4
131 20
457 2
497 28
417 4
209 19
21 31
426 31
327 26
277 27
299 10
76 27
439 22
97 28
156 24
330 26
275 21
353 15
266 26
354 3
425 7
213 13
21 15
356 23
200 28
289 19
333 25
85 7
406 25
498 1
153 20
42 11
492 6
158 29
447 3
291 28
73 20
20 13
142 19
144 9
211 20
395 19
148 7
18 25
364 27
169 16
46 18
442 21
308 19
294 22
314 16
181 30
87 25
183 4
131 14
273 25
461 7
88 13
350 5
365 13
323 30
80 13
447 21
405 6
324 18
64 29
134 12
226 4
148 4
152 15
289 20
471 18
294 18
210 7
14 2
207 21
311 14
205 14
159 1
363 10
11 14
174 20
22 31
215 29
11 30
299 19
493 18
48 11
327 1
429 25
35 4
29 1
273 13
454 19
45 1
468 31
446 1
402 7
392 9
488 2
186 14
52 23
407 24
317 2
60 17
426 26
84 6
143 5
242 8
343 30
116 19
45 22
155 14
380 18
414 31
299 28
5 7
130 11
302 18
496 21
394 5
307 22
78 9
38 27
396 16
457 24
394 21
425 21
298 8
446 24
23 25
163 19
447 4
289 28
89 9
312 22
57 30
163 23
418 4
157 22
432 9
177 21
317 25
225 31
256 15
326 6
119 8
156 5
483 21
16 31
81 15
256 9
297 31
327 18
118 16
231 21
448 19
78 21
211 18
231 11
28 8
96 6
247 8
414 25
400 9
151 24
108 10
320 4
324 31
321 10
482 28
46 5
162 7
397 25
129 11
191 24
34 18
154 32
241 7
360 20
348 14
323 7
268 11
62 31
141 30
236 22
137 6
402 7
256 19
375 4
277 1
392 15
54 25
442 11
111 6
138 14
15 9
264 10
455 29
225 27
263 16
68 19
241 9
401 1
119 23
232 24
191 31
58 9
19 19
243 22
356 16
439 11
192 23
152 10
231 28
92 13
188 19
96 32
480 24
128 22
123 4
345 5
186 18
261 25
105 31
186 28
235 16
182 6
178 26
276 25
413 19
253 32
378 4
84 1
196 31
158 10
274 3
334 4
460 27
16 24
449 9
376 7
176 25
461 30
94 28
114 7
306 26
310 19
66 5
243 25
456 9
282 5
459 15
392 30
413 3
334 2
311 9
396 3
469 20
340 19
295 21
421 29
170 30
487 11
327 2
199 6
334 4
214 20
299 18
209 27
216 6
276 31
102 4
13 15
231 32
485 6
156 25
330 1
338 16
264 24
45 14
297 26
146 7
21 4
320 30
358 11
123 26
61 17
9 9
147 19
276 31
116 27
387 25
460 12
113 7
92 25
36 32
239 5
102 31
328 29
192 6
456 31
23 16
391 27
441 13
121 32
167 5
351 1
385 22
480 5
32 15
358 15
311 16
452 20
58 27
333 10
168 24
64 30
7 22
220 31
342 5
367 12
281 25
264 5
26 23
14 9
166 7
327 20
318 10
239 3
409 23
476 4
62 19
118 21
196 25
219 9
381 17
396 5
301 31
326 22
254 19
86 27
61 21
246 14
42 20
456 2
259 28
230 24
174 7
92 22
35 31
406 28
395 18

