256
439 5
399 28
161 22
126 24
297 16
240 24
145 28
19 3
189 19
486 8
459 10
489 27
416 17
266 28
396 31
286 15
491 16
498 4
238 3
339 22
150 22
89 3
37 3
201 13
257 15
220 7
356 32
133 23
184 2
127 12
8 16
470 3
448 3
354 5
145 32
218 23
121 6
293 5
116 29
437 29
31 4
439 3
215 4
9 19
321 11
34 5
399 23
31 26
173 12
382 29
279 23
463 31
108 11
111 3
100 19
299 18
202 2
368 24
13 13
370 9
363 7
13 17
109 19
310 21
278 7
302 8
493 4
306 24
371 8
175 22
462 25
451 15
414 27
135 30
47 16
259 29
111 19
374 19
166 23
204 3
78 25
499 26
120 16
170 10
72 12
311 17
20 6
252 30
284 6
211 6
93 1
442 11
92 15
126 25
202 5
51 3
185 5
200 24
57 13
146 12
416 32
364 28
421 27
73 4
204 19
385 21
252 11
351 7
345 28
303 30
8 25
380 28
106 28
348 18
300 21
141 32
152 24
355 25
323 19
128 18
209 5
322 24
191 5
358 7
204 28
137 32
217 4
255 18
95 14
483 7
298 31
314 22
330 32
374 8
446 9
178 22
13 31
170 27
227 11
442 3
391 6
142 27
445 28
428 8
202 14
490 11
88 19
448 1
174 13
69 3
174 2
476 2
448 5
93 3
24 30
105 22
315 6
372 11
197 27
354 10
264 31
249 19
497 20
267 2
221 27
140 22
284 28
431 28
112 19
406 15
408 2
252 18
311 19
333 7
477 14
257 20
381 5
442 29
52 25
399 24
247 2
17 15
5 4
262 29
470 7
455 6
232 15
451 14
385 19
252 14
321 4
453 13
216 7
281 32
307 7
391 17
69 4
83 5
207 8
41 28
66 12
405 21
258 24
42 26
490 22
355 10
5 8
214 1
406 31
340 12
377 22
116 13
341 27
370 31
246 18
75 16
109 27
108 22
186 6
212 28
295 22
189 19
429 27
371 10
101 18
397 29
144 17
422 32
415 27
383 12
404 25
471 9
139 31
82 5
432 13
352 30
415 4
228 31
294 3
29 22
12 29
223 27
141 28
491 23
286 25
215 1
33 29
405 3
319 7
347 30
483 6
31 21
90 11
92 7
61 28
129 32
396 15
79 5
346 21
443 31
145 29
375 29
398 8
199 20
118 6
170 32
95 12
201 20
310 8
271 2
411 23
146 26
453 28
46 14
496 25
484 28
349 10
168 14
137 22
314 30
263 19
410 6
34 18
97 20
401 19
417 27
321 22
172 13
489 18
274 32
410 5
475 30
115 18
4 31
212 13
61 2
151 26
35 28
79 32
231 3
202 4
345 27
413 16
147 10
437 1
237 10
29 4
104 19
57 19
98 28
127 14
94 29
479 4
16 17
315 7
91 21
246 15
391 2
302 21
263 31
161 20
436 26
415 15
184 11
349 29
91 31
494 4
455 16
15 19
380 10
69 18
198 2
256 12
175 30
328 14
500 21
289 3
30 23
326 25
25 18
50 7
353 31
2 11
367 17
481 14
50 21
420 23
66 31
390 25
288 1
382 23
409 6
74 2
76 11
355 28
276 16
419 12
150 12
287 28
492 19
114 21
168 9
343 29
411 12
29 3
301 26
337 1
431 18
499 26
12 29
310 24
460 24
267 25
351 25
125 31
172 30
87 19
474 30
127 12
13 4
434 21
65 7
374 28
32 24
205 20
76 10
183 31
445 13
495 4
206 11
342 17
412 20
271 13
61 17
121 26
52 6
90 17
324 3
168 4
334 32
103 13
90 1
147 10
437 2
33 18
464 14
222 20
358 4
112 18
241 24
195 8
138 25
112 9
247 3
20 21
355 2
193 12
258 12
329 15
333 2
188 24
439 2
375 16
253 11
66 25
70 12
137 31
396 24
20 31
231 19
75 29
161 19
380 22
310 28
112 10
273 4
142 12
61 12
359 9
354 28
306 24
36 2
130 11
41 29
425 19
40 27
207 4
470 22
469 11
498 29
125 14
84 22
185 4
485 20
308 23
319 13
262 22
258 3
137 7
392 9
273 15
412 8
482 17
269 10
11 14
234 15
240 5
104 20
312 5
319 20
279 22
436 8
343 14
134 11
196 9
40 12
159 23
151 8
183 16
294 1
37 23
32 24
344 19
200 3
427 18
478 17
7 22
96 18
459 2
328 22
458 15
325 1
21 20
460 11
395 25
100 31
280 27
59 11
469 2
481 4
127 3
452 26
372 12
335 26
333 6
187 22
233 15
110 25
338 30
308 4
174 15
367 5
241 25
427 21
386 28
308 12
218 12
497 21
11 15
122 3
345 28
336 9
374 14
181 12
367 4
147 32
98 17
493 26
141 19
47 2
30 6
390 11
465 18
39 7
69 12
373 21
23 1
193 17
154 29
460 24
65 10
411 18
175 27
500 3
26 26
45 27
103 18
6 16
171 4
98 3
260 31
355 22
179 19
30 12
124 1
55 16
151 25
201 5
220 12
491 1
449 11
3 4
320 32
175 31
108 8
285 19
94 24
352 4
390 14
307 25
74 17
404 24
30 9
400 29
8 3
197 25
129 23
64 9
411 14
495 26
9 7
88 27
122 19
78 8
172 13
228 14
449 8
173 6
440 1
430 3
167 30
459 15
29 22
299 11
259 29
160 24
424 15
426 1
37 15
408 1
239 8
158 24
471 18
369 30
254 31
412 20
480 27
271 16
244 25
150 19
66 29
474 25
259 27
237 12
253 1
356 4
484 25
383 22
194 23
67 28
105 18
71 17
348 17
444 28
114 26
298 31
106 23
19 1
373 15
160 25
103 23
468 22
231 22
243 24
305 29
223 1
139 2
345 26
486 17
281 27
234 2
129 31
200 15
203 8
106 10
197 12
432 28
498 14
218 12
86 30
49 24
430 23
453 15
376 11
415 5
389 8
234 30
338 30
220 5
5 9
458 5
237 14
69 22
51 18
473 32
159 9
148 12
411 16
66 15
390 24
443 31
331 24
500 5
461 7
61 26
396 22
370 4
259 30
365 30
427 25
1 29
62 20
377 32
248 2
258 29
274 32
267 24
228 22
124 12
189 4
5 12
406 3
67 28
16 7
177 15
471 22
379 32
177 19
208 12
49 13
413 14
17 3
277 4
1 1
135 21
288 20
124 29
218 14
209 21
324 17
27 18
266 14
30 15
364 17
70 20
53 2
85 9
365 6
368 29
466 27
405 9
494 16
298 3
69 30
295 16
446 26
389 20
431 18
358 6
6 27
58 31
261 26
331 1
207 19
341 4
53 13
129 26
124 18
108 24
135 18
435 28
427 7
495 17
93 16
3 26
279 16
8 7
53 31
163 8
241 3
135 29
99 23
190 10
392 17
265 22
402 7
310 13
373 32
37 5
156 19
267 26
98 22
324 11
316 6
262 4
192 28
348 22
11 21
215 26
37 31
132 7
29 1
267 17
96 15
70 15
194 20
388 3
461 7
441 29
400 30
184 19
302 32
84 12
272 6
417 25
128 20
99 8
192 17
261 20
19 14
242 32
17 10
355 9
44 15
457 28
201 5
238 6
24 22
17 23
471 21
455 31
333 13
106 28
121 30
163 28
399 17
55 11
90 29
96 9
408 24
428 24
44 18
313 31
339 13
66 1
113 4
259 9
277 5
321 13
82 19
240 13
443 3
247 28
55 10
165 10
98 8
421 29
461 29
412 31
265 17
460 10
200 30
322 4
434 22
77 4
329 24
348 11
462 6
303 25
492 11
330 17
262 3
81 11
187 8
225 8
320 8
329 12
254 2
51 7
496 31
406 32
295 25
298 16
403 16
124 14
270 10
482 12
408 10
458 10
54 30
397 9
218 1
96 11
79 3
361 26
125 27
453 23
75 2
379 17
54 14
370 11
159 27
58 2
265 11
12 22
49 28
394 14
337 18
292 31
488 8
192 20
122 16
235 21
97 17
173 2
318 3
325 21
97 2
394 1
101 1
382 21
17 20
470 25
469 25
119 24
264 14
271 2
157 21
434 13
469 26
107 3
352 27
467 25
16 12
161 8
321 15
320 9
170 29
41 6
49 23
445 21
172 7
402 32
72 11
284 32
292 26
30 32
172 24
444 16
412 16
7 16
350 19
68 31
467 24
8 4
470 32
32 17
19 13
320 2
267 27
481 26
493 3
53 8
62 16
203 29
304 14
204 29
388 3
24 14
82 31
73 7
335 8
43 5
388 6
146 10
465 6
64 21
340 28
324 2
316 19
374 11
292 10
123 31
52 2
384 6
29 29
388 31
412 3
419 24
292 8
305 8
41 4
268 21
188 24
134 11
174 19
325 9
140 27
143 8
445 18
29 29
186 24
187 18
346 29
101 2
20 9
449 16
125 5
144 12
12 25
370 5
488 10
149 7
344 19
170 32
372 26
112 18
466 22
359 11
106 11
152 21
215 21
389 31
21 8
354 20
161 31
216 12
268 4
478 12
358 32
251 25
49 7
138 10
364 12
29 14
306 32
298 9
484 6
63 12
70 17
387 14
491 22
81 23
317 10
74 14
261 12
255 2
390 16
27 14
92 31
427 17
439 28
121 18
262 32
130 15
452 28
412 30
118 20
404 10
105 21
460 6
153 30
27 18
309 17
147 8
460 25
149 14
149 17
23 22
452 28
92 31
168 31
197 9
198 16
70 14
281 9
19 5
298 25
178 19
450 21
6 25
249 18
158 1
275 4
158 18
332 25
333 23
103 13
135 8
332 16
454 32
289 8
248 30
369 26
44 10
454 10
78 26
407 7
451 29
266 16
111 9
209 31
447 31
175 29
315 6
489 28
322 5
443 9
214 3
198 18
480 15
11 13
205 21
143 3
302 29
114 32
357 26
58 4
337 8
236 31
89 12
270 18
352 28
331 18
227 28
27 10
31 29
467 19
157 9
389 2
221 6
425 10
28 30
233 24
65 12
14 18
44 15
415 7
198 29
164 8
477 26
334 3
282 8
93 7
112 9
452 21
186 9
410 13
210 10
428 11
461 25
280 12
427 30
103 17
495 10
252 19
12 9
181 25
88 9
83 32
457 7
384 30
263 17
207 20
138 14
98 14
279 25
454 13
275 12
33 17
173 21
91 24
73 23
329 13
395 15
212 15
149 31
344 3
239 22
235 8
388 20
325 10
61 14
222 3
185 19
455 14
391 21
245 3
167 21
475 9
188 26
263 24
132 2
451 6
8 17
449 27
16 2
412 16
255 25
262 8
239 4
1 17
464 25
296 2
22 2
394 17
160 32
248 19
262 2
365 25
234 5
367 22
438 22
29 21
262 23
484 25
210 16
333 18
432 28
155 21
250 29
365 25
56 13
51 29
14 3
289 32
80 7
201 13
284 25
413 10
223 28
398 9
83 10
458 19
210 12
171 3
12 12
71 4
204 5
236 5
388 21
168 15
383 24
187 23
449 28
416 31
199 1
455 2
246 32
500 15
376 26
117 19
261 11
158 28
160 22
33 23
122 4
365 4
272 31
374 12
2 25
94 17
453 17
186 3
312 5
357 27
410 2
130 3
12 3
486 27
384 30
69 1
70 21
213 29
336 30
264 13
227 17
93 15
257 14
229 17
18 2
459 16
411 24
450 14
227 15
297 18
305 25
467 14
2 23
418 1
116 17
229 10
37 10
225 2
451 9
66 9
242 28
248 12
464 9
278 14
483 2
299 3
494 17
364 7
295 25
35 27
313 20
104 10
85 28
347 19
133 28
355 14
287 18
230 10
150 19
439 17
284 22
123 13
354 3
124 13
471 26
411 4
421 10
337 9
194 23
244 10
298 22
403 8
52 16
186 1
490 8
37 21
65 4
402 3
350 21
271 32
34 21
307 27
46 15
163 3
29 30
268 22
356 3
262 27
154 15
459 20
274 12
416 19
211 9
461 20
45 3
231 11
263 22
237 20
32 7
251 9
157 2
238 24
392 27
270 22
297 12
189 31
279 16
113 5
477 5
400 21
155 11
303 29
372 3
76 3
142 6
315 14
48 9
13 11
255 22
188 12
213 8
326 24
184 26
332 16
10 20
384 4
66 3
432 29
77 15
43 14
37 10
367 28
114 31
226 20
12 6
271 21
141 8
420 4
385 7
187 30
186 23
409 23
257 32
391 29
199 18
403 3
495 5
170 12
500 3
179 23
160 30
291 21
397 22
476 6
165 11
27 22
233 4
157 25
479 31
25 17
184 31
115 10
48 16
489 7
31 20
113 26
117 8
490 21
465 6
498 25
480 29
35 16
16 27
404 2
89 28
375 9
207 5
154 30
273 7
4 7
310 32
196 10
19 14
494 4
355 24
168 2
220 10
397 19
244 24
80 29
431 6
309 13
295 22
242 31
104 13
73 21
213 4
42 19
305 28
418 3
379 18
344 6
139 20
36 31
243 11
419 30
273 31
162 27
40 20
485 16
500 29
260 12
176 2
295 17
41 20
343 15
149 23
72 32
278 11
374 21
73 24
398 5
370 27
263 9
462 23
404 14
7 28
25 19
21 23
367 25
31 21
35 15
395 26
170 21
64 11
397 24
334 26
185 23
352 27
464 2
46 23
479 4
86 7
86 14
174 24
370 8
161 12
86 23
9 4
431 8
150 19
412 16
324 28
390 32
394 5
193 7
72 15
195 13
377 32
467 18
84 32
105 4
240 15
2 16
150 5
24 31
463 23
486 3
382 20
166 7
80 2
66 19
232 24
12 4
391 26
10 14
165 14
421 4
8 11
356 13
59 11
160 5
17 25
11 18
224 8
172 4
385 5
158 24
348 21
224 19
350 17
416 7
50 17
270 26
111 29
66 9
207 17
393 7
222 20
472 21
79 16
100 4
84 14
431 16
130 22
374 16
90 1
494 4
477 31
49 11
92 2
459 2
43 32
373 28
107 32
412 13
339 8
352 3
121 11
206 22
140 19
81 6
71 26
221 4
189 5
338 20
86 1
429 24
352 29
243 18
349 3
346 11
18 14
461 30
332 30
91 23
300 24
404 3
97 4
122 9
244 19
120 14
459 17
309 18
53 24
119 9
410 1
440 3
14 32
120 5
122 18
19 13
85 23
143 26
398 20
22 2
427 30
323 25
42 19
47 26
238 13
347 3
129 22
277 26
241 4
190 18
458 25
135 30
483 13
427 8
393 25
373 7
442 23
55 3
382 9
428 19
266 30
118 2
115 26
92 8
142 25
69 19
193 23
344 31
332 7
407 4
423 15
394 20
30 8
198 15
401 17
381 6
455 22
115 1
392 2
276 13
339 1
335 11
251 14
58 26
152 16
157 18
446 6
141 3
54 26
237 30
167 18
323 25
115 9
393 22
495 1
94 5
217 32
215 23
310 24
401 1
291 13
239 5
163 23
415 32
69 24
21 27
121 31
59 15
131 11
297 17
323 6
161 11
170 4
210 19
351 18
291 2
370 5
82 16
408 12
99 12
499 11
414 11
165 24
58 16
126 30
272 13
95 21
339 8
12 24
242 18
361 13
207 7
413 24
114 12
136 5
499 6
387 28
105 24
87 10
199 21
367 6
13 9
106 23
77 17
103 10
331 23
54 21
45 7
177 19
490 16
427 9
297 5
252 5
216 23
414 2
255 20
88 11
93 1
469 13
162 15
190 20
386 12
380 2
62 20
292 3
219 10
391 24
383 15
268 10
185 10
12 15
165 19
205 25
143 25
129 4
300 27
147 13
414 31
318 23
434 2
25 21
179 4
20 25
410 7
159 22
172 14
384 13
120 28
149 18
464 10
418 27
448 12
151 9
442 21
187 28
78 23
380 32
478 27
317 11
37 27
332 17
496 3
249 7
6 1
80 18
26 13
436 13
413 19
37 2
55 19
81 28
138 12
91 3
210 19
206 7
85 13
159 20
456 19
398 13
155 18
282 29
178 10
357 22
304 30
296 2
172 20
193 25
336 23
276 5
42 9
143 22
221 1
58 4
59 3
137 6
136 14
246 18
487 10
255 18
199 30
351 23
278 15
31 17
178 10
213 15
490 32
196 7
8 13
386 19
60 26
484 3
144 25
212 30
182 27
124 9
72 2
455 9
369 13
17 22
495 14
116 8
85 7
194 12
416 24
214 3
305 21
373 24
425 25
430 15
107 5
43 10
378 21
379 22
185 11
143 23
124 14
15 4
69 12
356 8
491 13
310 20
266 14
95 14
470 32
500 24
428 18
106 10
242 20
403 7
378 10
309 22
155 27
413 11
235 8
58 9
337 27
224 22
105 7
143 14
194 31
2 10
388 7
131 22
442 17
112 23
430 24
24 17
447 5
159 25
204 13
109 32
287 29
493 15
3 24
169 8
482 2
21 5
480 3
54 1
36 21
91 13
437 3
401 31
51 24
267 18
128 23
498 10
411 6
9 21
477 21
313 18
198 13
383 29
188 16
449 3
453 19
39 17
5 12
475 27
351 5
13 6
171 30
447 14
351 7
198 32
335 30
341 16
399 7
412 26
159 8
160 27
251 10
351 15
341 25
14 23
269 22
372 23
239 11
224 21
477 6
120 12
135 5
195 13
35 7
470 1
318 1
7 8
31 5
27 31
385 32
266 25
417 17
296 7
159 19
447 12
292 15
299 27
379 17
311 29
303 13
458 5
261 24
40 23
173 2
366 25
457 11
414 21
119 1
231 22
431 22
265 11
244 23
353 22
259 11
238 30
443 15
34 4
11 13
198 3
491 15
443 15
193 12
172 20
120 30
293 31
431 9
477 22
323 13
351 5
491 29
346 14
283 3
341 17
304 10
179 30
453 14
92 17
33 15
160 5
221 12
55 31
212 11
29 18
211 31
319 13
467 24
338 6
395 10
246 10
68 9
195 12
102 18
16 14
253 32
286 13
331 20
475 31
74 31
280 20
234 6
337 24
466 26
153 24
204 19
261 23
27 7
142 16
92 29
261 24
388 15
168 7
442 15
113 32
349 20
151 10
342 19
134 23
161 30
18 16
36 14
338 10
84 7
41 11
339 22
371 31
404 6
297 5
384 9
212 1
152 23
166 21
349 11
151 21
437 24
76 24
297 9
238 24
243 26
55 18
135 5
12 18
166 20
235 30
68 26
486 23
160 7
212 25
154 22
73 26
382 17
117 18
413 18
410 8
336 12
293 26
240 8
360 25
463 2
158 22
391 19
100 11
498 23
411 11
377 15
444 26
483 20

