256
90 1
434 28
452 20
242 3
147 9
250 18
408 30
261 11
414 31
281 7
147 20
435 26
409 22
438 2
67 28
162 8
77 8
327 24
147 17
118 1
357 12
462 32
285 18
270 30
476 10
13 30
302 7
451 22
60 8
312 11
436 9
134 32
272 21
39 10
381 17
62 29
376 28
204 4
301 5
210 29
226 6
102 11
372 17
89 8
292 24
262 27
76 3
90 16
207 17
469 27
137 3
379 28
258 18
23 10
258 32
186 4
9 32
214 17
192 14
164 7
53 9
62 5
171 27
180 2
131 12
168 11
30 19
130 11
480 5
197 26
88 26
425 9
373 10
477 8
292 16
399 28
268 16
28 2
314 19
19 21
207 31
415 12
85 5
375 20
49 11
153 12
156 9
84 29
419 12
444 10
255 18
257 18
357 5
164 11
491 22
319 21
220 29
285 4
481 23
220 9
433 4
369 4
153 8
468 31
216 4
132 14
309 12
344 22
24 19
40 7
392 30
415 28
294 27
119 27
61 22
155 17
414 23
81 6
327 20
340 18
15 11
11 12
62 30
489 6
64 32
304 24
237 6
419 22
121 17
304 17
79 19
26 32
333 22
409 7
357 8
52 32
422 23
195 7
120 11
272 4
414 23
343 6
497 13
31 29
149 11
1 3
349 14
70 5
483 6
192 12
429 3
415 30
9 21
37 13
495 16
16 8
235 10
261 3
470 7
51 18
181 11
49 13
281 22
62 27
300 29
306 8
199 16
282 24
32 10
40 2
329 19
137 31
412 21
497 17
244 31
202 12
302 22
305 2
220 10
196 7
322 2
450 4
425 19
431 21
252 30
186 21
376 31
495 11
423 20
371 14
242 29
442 27
26 18
476 29
463 24
467 32
229 17
7 9
351 30
461 31
111 19
387 11
321 5
125 3
224 16
409 10
272 10
360 29
447 32
246 21
211 28
396 15
480 22
443 15
43 20
489 14
402 31
492 22
107 12
464 27
463 8
148 6
425 7
235 11
46 28
335 28
43 18
46 3
336 1
57 26
244 29
235 25
419 30
218 29
194 5
59 4
257 26
94 29
65 12
108 6
159 6
70 29
376 11
75 31
307 15
292 30
27 31
46 5
104 3
174 5
296 24
157 20
290 18
288 18
133 23
19 3
189 24
343 20
55 30
126 13
252 9
263 23
147 32
279 3
275 28
251 10
388 15
325 5
212 12
234 28
211 12
486 31
192 29
314 6
450 3
458 5
59 28
183 18
84 22
160 30
265 26
131 4
21 3
180 8
270 29
280 16
369 1
230 12
445 31
157 22
185 2
299 12
38 21
153 25
146 16
182 27
73 28
266 17
470 6
29 11
62 28
423 10
424 8
489 25
399 5
466 7
111 8
30 4
449 14
472 6
345 17
356 6
316 30
362 9
419 14
375 4
197 13
262 5
301 2
193 27
99 10
485 13
126 19
60 14
400 11
19 29
35 19
14 6
200 23
134 18
117 32
301 13
157 2
285 1
368 13
7 10
487 27
26 8
61 5
37 13
467 7
409 9
133 10
350 8
148 27
301 4
342 14
429 6
367 1
306 18
42 32
51 4
7 16
491 7
364 31
231 2
285 27
182 30
60 23
101 4
217 30
323 11
207 23
260 25
316 22
159 5
81 5
88 15
137 18
358 8
308 8
182 20
79 19
361 6
450 22
49 26
215 16
428 29
326 20
345 29
457 31
349 29
416 8
180 24
217 1
403 8
328 8
320 10
3 12
248 4
493 24
469 19
371 1
479 13
288 4
189 28
30 10
336 5
177 3
348 10
403 27
121 11
38 12
488 28
324 3
343 24
383 28
375 1
60 25
301 15
28 22
146 30
379 1
2 15
348 30
152 6
304 9
332 25
416 4
85 11
258 19
407 32
90 13
97 9
133 13
199 1
238 32
70 32
177 31
375 4
124 6
125 19
354 25
472 2
332 32
360 1
334 14
433 32
398 1
276 31
129 31
43 15
22 28
186 30
386 28
425 22
142 10
492 15
210 19
116 29
370 28
333 4
445 29
331 3
145 10
225 10
284 31
344 6
82 5
207 19
293 4
180 2
385 16
132 14
486 32
338 20
427 6
115 3
287 25
65 31
254 5
56 10
259 31
399 28
132 17
159 4
440 22
61 32
213 20
269 7
291 22
110 13
128 16
292 30
372 20
344 9
349 4
366 27
2 32
447 5
73 5
260 4
498 12
188 31
364 16
465 18
414 30
75 1
149 14
454 20
73 25
496 25
252 14
28 30
329 10
238 29
134 10
117 7
169 4
45 20
463 9
390 24
82 4
120 18
329 21
101 17
74 1
174 9
162 29
282 26
230 8
447 19
369 23
345 5
70 30
273 12
398 30
112 12
125 27
413 17
156 2
57 29
314 10
257 15
134 11
20 11
410 30
77 2
232 22
370 13
311 30
37 24
155 28
243 27
230 32
435 5
373 12
169 2
425 6
216 27
316 23
273 1
405 2
58 8
123 7
141 9
421 13
344 31
28 3
354 29
446 4
198 2
131 2
355 4
291 18
466 22
8 2
34 28
439 23
400 25
370 24
197 2
420 1
216 11
331 25
407 4
61 8
445 11
470 7
98 16
72 11
70 31
5 27
491 15
250 30
208 15
133 8
260 24
296 15
202 10
396 8
253 4
212 17
498 25
347 28
144 14
362 13
497 18
20 7
13 25
432 8
239 24
123 22
319 23
176 16
248 11
127 13
378 6
197 28
222 20
175 6
313 28
430 13
106 25
351 14
421 22
337 23
49 3
360 27
81 16
386 25
310 1
181 8
54 1
267 4
124 25
493 21
180 26
449 1
223 20
254 3
433 2
6 22
253 5
200 29
104 26
365 14
302 25
101 31
126 23
334 13
11 10
37 2
100 2
179 22
137 16
168 29
374 17
254 22
242 2
162 9
391 7
258 20
423 10
250 24
428 20
149 14
261 5
332 32
374 18
385 26
293 13
283 18
77 8
495 18
341 25
163 3
35 16
126 29
482 8
209 25
163 25
199 23
245 22
487 3
243 11
480 7
275 18
405 20
2 31
21 2
407 31
129 21
307 26
102 8
333 6
48 27
18 6
474 26
479 8
232 1
182 24
108 9
177 32
160 2
410 32
224 21
419 8
109 13
309 26
216 2
223 19
192 28
361 13
354 19
124 17
412 6
148 27
114 17
30 9
354 23
156 21
459 6
132 20
2 29
481 5
286 12
332 25
295 16
494 28
234 25
85 21
274 20
15 11
408 8
363 22
187 27
190 9
296 6
416 18
466 9
218 31
304 13
431 26
444 28
98 30
393 2
26 18
117 1
257 25
436 15
138 6
341 23
471 9
352 10
138 29
134 15
271 5
256 18
387 23
125 20
80 1
369 6
35 9
498 15
361 13
113 14
259 6
177 1
294 32
466 7
49 28
137 23
240 16
20 30
147 21
313 26
13 5
183 7
18 4
41 14
317 18
80 3
311 32
155 4
487 12
238 27
423 30
206 7
470 25
140 20
221 21
193 2
485 12
132 6
259 29
84 31
30 15
1 4
122 3
147 12
127 16
495 21
109 24
63 26
276 31
45 29
155 26
82 11
317 5
345 19
89 4
2 14
442 18
161 31
361 23
22 3
42 16
387 19
419 18
80 23
4 25
395 2
214 16
500 22
392 28
456 21
123 25
450 16
163 19
330 31
269 24
361 15
71 23
165 14
48 12
240 23
220 22
60 21
313 4
314 24
255 18
388 30
78 14
293 20
152 27
114 8
326 18
434 24
73 22
441 16
194 8
23 5
165 30
50 1
493 3
237 32
336 4
477 30
313 9
357 16
243 3
88 20
296 13
20 28
119 16
192 4
492 18
428 20
147 1
337 16
192 13
239 23
48 11
144 1
335 5
28 22
323 7
201 26
488 20
338 22
32 1
121 27
94 32
30 32
377 2
231 4
290 29
298 30
387 14
402 26
294 13
3 24
248 23
85 7
275 6
192 14
302 20
180 23
63 21
487 19
427 5
210 4
390 16
257 8
301 30
201 14
291 15
61 30
110 21
272 16
67 31
393 32
478 4
115 4
132 13
479 14
21 12
478 18
47 18
390 23
244 26
292 26
497 8
71 14
497 26
341 23
8 25
486 9
156 12
24 19
404 2
197 9
394 18
186 8
407 19
139 18
369 2
35 21
134 1
322 6
150 30
248 17
246 17
141 17
185 5
187 20
370 3
364 19
56 22
55 23
328 25
316 20
474 19
412 3
159 9
440 13
246 3
317 27
420 22
243 16
326 14
191 31
16 31
310 4
308 12
238 27
56 1
183 29
107 22
340 6
31 7
278 4
466 14
119 29
51 9
340 28
494 14
423 6
140 12
433 31
95 2
434 26
426 8
234 21
413 21
2 27
204 11
71 5
372 29
257 27
253 12
2 27
181 16
256 5
7 8
267 17
61 28
306 10
19 32
370 32
464 23
226 15
1 24
39 25
188 19
499 25
94 8
187 23
128 18
447 18
333 29
291 1
117 12
378 27
487 8
418 31
322 20
469 31
143 32
399 31
154 9
271 16
452 9
374 7
102 32
417 18
236 27
178 20
154 27
339 17
6 8
443 32
103 27
206 6
122 20
428 12
56 26
227 11
358 32
438 27
123 10
244 26
60 29
62 9
179 28
205 25
359 7
68 30
114 21
207 27
80 6
214 3
183 32
141 32
95 30
350 29
283 5
279 10
217 4
259 23
443 11
283 1
166 6
262 19
122 32
217 1
305 19
187 3
74 16
230 17
109 27
237 20
375 3
289 31
206 15
190 4
214 4
301 11
322 2
9 3
86 9
348 6
359 6
229 13
65 10
453 2
389 9
417 3
408 17
410 17
104 23
113 25
422 25
399 3
178 31
390 27
483 9
5 2
122 9
478 3
42 10
212 22
322 24
397 29
36 26
194 7
256 2
159 9
274 1
272 19
315 17
66 6
101 14
343 6
6 20
112 7
453 11
329 14
154 21
355 10
382 24
32 29
57 15
165 18
99 16
132 14
300 17
267 24
322 25
326 19
132 5
374 8
112 22
209 17
130 31
158 23
314 10
351 14
232 23
403 6
7 3
447 6
287 5
410 17
25 27
435 8
23 28
91 14
213 4
103 26
66 24
204 24
301 2
453 24
125 4
66 31
242 16
288 24
429 1
136 17
431 11
461 26
230 7
291 23
202 5
136 12
209 32
499 29
97 7
245 25
158 18
351 15
173 27
279 21
335 14
406 22
336 30
275 30
416 21
360 14
162 3
89 22
186 27
230 3
241 6
355 11
135 18
149 24
196 31
260 6
193 17
499 4
30 9
297 18
42 20
119 23
355 23
276 24
349 29
26 17
183 21
339 25
86 20
476 17
118 28
14 30
252 17
42 26
489 2
431 22
198 9
436 12
459 23
443 15
420 29
247 22
201 26
418 22
129 30
270 30
481 27
408 4
147 29
217 4
490 7
369 19
47 5
90 13
367 1
163 14
205 26
239 13
51 17
42 31
402 7
276 6
297 23
169 12
335 6
283 17
32 7
11 27
307 1
287 6
337 2
311 29
63 22
297 13
58 10
143 19
352 6
396 16
453 32
443 15
449 9
111 17
80 2
263 26
426 17
263 2
202 18
302 12
327 6
80 12
287 2
46 30
492 21
137 4
208 8
82 25
360 17
341 31
18 19
177 19
355 23
204 21
216 17
172 14
306 24
277 4
177 22
433 32
318 13
463 30
352 21
34 4
441 30
2 22
328 26
252 18
321 27
90 24
163 6
430 32
69 30
411 21
232 3
265 29
263 23
74 3
475 15
30 15
332 7
224 27
413 11
45 17
281 18
268 15
451 13
410 19
255 16
264 30
14 28
386 1
106 20
95 29
270 8
347 14
358 15
316 14
397 20
2 30
198 6
120 28
170 26
167 28
53 22
261 27
161 19
195 2
310 29
50 7
468 9
236 17
171 28
95 15
263 28
96 20
69 24
108 19
449 30
14 25
407 7
67 3
125 13
184 30
105 2
68 12
334 24
397 32
355 27
274 1
142 26
77 23
437 4
301 1
161 22
385 19
292 12
485 20
268 24
53 1
457 21
296 2
276 8
145 30
386 15
246 24
140 18
442 24
209 22
312 21
259 16
139 7
351 27
22 19
347 11
343 11
47 30
445 10
182 13
303 7
211 4
298 2
74 11
277 10
184 16
207 11
488 5
197 26
172 10
308 18
144 30
172 18
288 8
215 1
409 1
239 15
417 5
321 26
127 9
475 15
241 1
105 24
378 9
65 5
370 29
270 6
374 17
407 21
261 18
481 13
490 28
491 22
108 11
247 14
112 18
396 12
254 20
431 23
4 19
383 14
71 16
91 9
445 9
457 25
322 18
77 12
361 31
421 12
230 16
405 29
93 21
396 18
4 10
181 4
172 3
85 11
215 3
39 19
227 15
67 5
136 15
64 12
61 16
315 22
355 16
334 31
372 25
145 11
406 25
234 30
239 30
24 13
196 26
463 11
260 9
323 8
375 30
391 4
221 10
77 12
277 11
374 28
491 26
374 5
46 20
178 13
129 9
237 17
466 24
99 9
284 9
472 23
158 3
94 18
272 18
305 4
432 7
47 31
400 4
23 18
231 4
230 8
104 22
36 13
221 18
145 13
258 5
163 31
331 28
496 18
129 13
1 9
183 19
39 18
22 9
379 13
112 32
316 23
426 11
135 2
188 23
2 21
247 16
63 1
475 2
382 24
62 6
368 32
132 6
30 14
318 20
110 25
16 13
495 9
127 17
290 18
111 24
110 2
159 24
138 18
433 20
89 7
253 8
90 17
65 23
242 26
27 23
162 30
127 32
186 25
340 15
418 22
470 15
11 13
402 25
114 30
372 6
180 4
361 10
212 25
240 17
10 10
7 3
363 9
30 12
237 17
227 10
170 32
384 29
176 29
33 9
471 32
194 30
231 26
271 23
182 7
451 3
480 14
65 23
442 6
94 23
314 28
184 28
368 24
368 7
204 12
184 14
359 29
324 13
135 18
235 8
308 10
359 8
495 15
482 12
369 31
466 10
247 2
369 22
69 28
8 12
191 11
298 17
420 5
490 30
66 32
221 14
409 15
13 31
354 18
191 18
272 12
255 10
157 32
483 5
63 27
201 2
33 10
154 12
470 15
357 3
367 14
260 23
8 4
30 25
321 32
434 5
227 5
314 24
16 13
312 30
139 12
35 11
9 17
327 2
183 31
365 13
112 20
28 8
452 25
332 12
480 10
68 2
158 30
293 17
30 21
454 16
320 13
42 21
233 16
10 27
403 26
168 26
202 11
485 5
455 1
128 26
82 32
343 23
429 20
115 6
296 20
329 7
260 14
295 28
442 17
259 12
30 30
61 23
324 6
87 10
362 11
415 15
262 29
385 6
96 11
351 23
418 31
358 30
400 24
21 9
456 15
388 18
408 25
420 19
494 3
360 3
425 30
1 22
383 21
79 10
383 5
221 28
459 30
181 14
229 18
403 29
36 10
374 12
90 21
26 31
3 26
141 3
11 17
316 17
25 18
371 3
174 27
411 24
20 23
194 12
348 28
136 8
237 21
179 7
6 16
261 32
441 6
139 32
394 26
344 27
52 10
29 1
8 27
61 27
234 30
275 25
201 14
316 29
123 18
115 12
198 8
339 10
481 13
89 2
135 25
144 18
350 25
114 6
463 10
384 4
279 6
129 31
272 28
268 22
438 30
225 15
461 11
124 17
392 1
167 30
349 14
63 26
482 32
407 25
350 31
140 16
300 24
459 23
64 10
168 1
459 12
487 12
307 6
212 14
26 14
75 30
40 25
424 1
164 22
317 1
120 21
345 24
428 31
46 31
380 26
491 14
457 13
461 27
439 21
312 24
254 18
190 29
374 13
314 2
442 22
402 22
290 18
37 22
400 26
208 23
295 19
173 24
27 29
218 17
157 26
281 19
267 30
55 21
82 12
30 11
202 23
140 11
29 12
208 24
258 20
263 24
318 19
7 4
419 1
13 32
106 29
190 4
114 32
364 3
464 13
421 13
176 13
7 12
88 23
187 29
334 17
101 15
235 3
346 18
35 6
81 28
150 2
364 27
365 23
161 12
324 10
196 7
494 15
406 13
269 20
278 14
41 30
252 7
188 13
280 3
307 8
66 20
333 29
71 10
360 11
229 23
164 13
33 9
127 14
442 31
381 31
496 5
152 7
48 27
195 3
413 5
391 27
309 19
111 7
272 10
313 17
152 5
425 28
189 23
325 2
445 10
404 32
478 27
390 25
246 24
56 18
289 6
340 21
168 3
31 20
272 11
440 12
375 32
311 28
266 16
397 10
193 29
353 6
207 14
47 12
29 26
166 1
399 9
117 22
159 15
357 23
342 12
58 8
11 8
131 32
355 32
337 15
180 17
69 18
282 19
394 3
420 27
479 10
267 24
383 14
94 8
208 31
387 5
3 30
484 9
377 3
12 6
89 3
254 5
133 20
475 18
198 2
288 24
63 14
123 10
331 21
389 30
3 3
6 25
228 14
490 29
32 9
318 32
396 23
481 32
310 27
405 31
53 28
35 7
97 5
116 4
225 32
169 12
483 3
84 2
16 5
314 31
426 31
370 25
258 2
200 31
9 8
74 25
351 20
231 11
468 15
78 17
202 15
272 16
125 31
246 32
428 15
390 17
394 27
377 3
313 32
69 25
235 30
85 9
453 15
383 9
13 1
113 11
59 20
398 31
90 11
26 21
406 27
73 7
377 13
301 17
376 9
361 18
363 25
46 23
464 13
87 4
389 23
42 27
286 8
481 28
286 22
244 11
272 21
341 4
117 25
189 13
214 29
306 8
198 24
94 29
280 29
340 16
83 14
466 29
173 2
96 6
155 7
353 6
359 1
425 28
38 29
172 27
14 5
30 15
180 31
427 31
7 10
478 14
499 23
310 11
92 1
333 14
299 1
375 2
229 28
337 26
264 4
220 17
336 21
191 4
224 9
326 14
235 16
171 9
98 4
256 30
440 4
139 11
124 30
248 4
165 8
322 16
443 17
57 18
142 31
497 25
68 23
298 26
126 1
34 11
152 21
116 8
80 19
182 27
120 29
259 8
364 28
63 14
472 23
287 17
422 20
329 29
458 15
142 15
299 23
9 18
168 1
393 3
83 10
154 2
354 28
189 9
343 31
226 2
74 21
427 11
148 27
187 17

