256
152 10
134 9
114 23
169 27
338 7
474 11
488 18
40 29
9 20
416 24
499 8
191 27
317 21
466 10
113 5
494 4
79 28
312 16
202 12
50 24
214 11
398 10
385 5
494 13
340 9
192 6
337 3
265 1
151 14
166 11
278 20
83 32
139 26
399 32
78 25
83 23
323 24
492 31
269 6
304 20
98 15
298 30
377 26
290 7
143 8
346 24
319 32
128 9
173 6
352 30
178 31
41 1
266 20
411 18
221 10
494 7
61 31
456 9
204 2
20 30
257 1
469 3
292 12
235 24
326 18
66 15
20 10
355 6
193 14
23 22
183 28
436 15
158 31
384 17
340 7
410 8
267 3
22 6
178 20
225 31
194 18
358 21
451 28
202 24
33 17
409 32
92 8
310 6
86 5
314 6
447 4
373 17
306 23
474 19
2 19
338 15
44 31
112 31
110 29
490 3
241 2
210 25
93 15
286 14
64 19
103 30
26 32
427 27
222 4
314 31
302 31
122 26
49 17
340 22
101 13
152 26
78 25
26 22
232 15
199 27
261 22
8 23
481 6
117 10
186 30
128 31
284 21
332 24
185 15
342 18
203 5
127 8
58 28
153 5
314 32
139 10
5 22
360 9
432 17
38 5
110 25
455 10
266 27
429 18
161 14
87 4
467 13
347 16
216 8
164 17
351 18
103 27
299 26
191 2
142 20
50 24
244 9
201 25
143 1
311 11
251 13
370 1
314 25
240 1
68 3
410 6
408 12
328 26
29 2
140 15
449 1
126 32
45 6
405 11
306 3
194 20
315 3
272 8
483 3
9 26
117 26
171 24
485 30
434 9
219 13
35 19
465 28
211 22
189 11
400 7
181 21
50 27
360 14
475 18
36 11
96 21
104 10
380 8
468 29
452 6
441 7
205 22
350 11
119 3
381 10
33 1
463 2
407 22
107 29
219 31
215 18
147 10
284 30
257 3
395 1
140 3
47 32
444 8
110 2
434 30
80 18
402 10
400 25
419 2
41 5
500 28
155 18
425 18
376 22
392 10
390 27
308 28
227 4
331 4
313 13
30 16
82 31
489 17
239 23
339 12
248 18
387 18
336 11
191 19
344 22
184 21
464 7
20 10
446 19
230 15
319 15
354 28
41 23
85 4
453 31
263 8
464 21
101 19
163 27
213 31
224 32
91 32
91 3
81 16
313 22
146 19
272 28
234 17
46 26
444 30
92 2
198 8
206 30
206 20
441 31
226 8
18 5
203 4
279 16
348 27
445 17
425 9
196 26
29 29
476 12
91 11
381 32
326 2
437 12
157 21
302 7
393 7
199 3
483 17
378 30
271 23
26 23
243 26
204 23
166 3
446 16
450 14
247 31
263 12
158 3
264 19
153 28
334 19
103 4
31 16
497 13
6 14
347 4
95 19
370 29
81 27
220 2
344 27
157 22
2 10
377 5
477 1
273 22
84 31
477 22
206 25
119 20
346 5
163 13
15 17
405 12
51 20
329 19
442 13
352 19
355 32
208 19
313 24
492 20
206 32
213 3
292 11
178 29
296 13
429 6
77 17
461 7
309 30
225 18
478 1
193 32
8 28
14 32
435 25
67 8
324 28
254 15
462 32
252 21
124 20
271 8
217 11
178 9
372 7
126 18
331 30
33 6
421 3
10 11
403 24
198 19
59 28
193 25
235 12
129 6
328 7
57 4
482 26
68 25
488 5
202 6
363 27
360 27
133 17
342 23
148 23
261 27
342 10
79 12
249 31
433 20
458 29
119 23
427 2
143 22
231 25
436 9
431 7
79 15
15 8
449 30
311 14
72 16
15 10
80 11
209 12
43 14
205 21
308 31
51 18
396 29
146 15
225 28
477 7
490 11
427 15
357 13
500 32
92 18
430 23
332 18
35 26
7 11
387 2
369 5
467 28
69 29
299 5
40 31
299 2
322 25
320 18
17 11
457 1
388 26
131 23
375 25
93 9
403 31
250 11
267 29
239 3
329 17
479 16
367 17
101 24
206 32
365 14
442 26
182 5
59 5
400 30
477 12
18 32
174 16
354 12
484 16
274 4
184 20
383 15
232 4
238 13
255 15
363 13
128 8
377 26
60 12
471 9
471 29
120 32
108 17
83 23
417 24
254 32
311 12
2 15
471 20
35 18
46 21
274 9
497 14
210 8
130 25
444 16
21 23
244 32
36 26
218 8
386 15
255 28
310 21
294 9
348 5
358 9
429 23
417 21
484 18
333 29
158 12
65 30
339 28
305 10
337 18
381 6
48 23
122 26
243 11
490 18
447 27
186 8
181 10
152 20
432 24
129 5
112 29
267 6
204 31
27 12
149 31
466 16
41 19
405 32
353 10
429 12
444 11
27 20
68 14
288 15
366 24
440 9
312 22
130 11
332 28
258 4
62 7
28 14
13 28
441 22
178 30
17 9
336 19
97 27
276 4
254 5
3 29
469 14
102 26
384 5
105 13
265 14
68 28
324 12
75 8
297 28
133 1
77 12
59 1
223 19
260 16
327 30
224 4
279 29
97 2
109 18
154 9
71 1
16 26
153 27
10 13
46 6
318 26
462 32
498 24
414 29
215 9
370 18
240 4
114 8
161 14
241 19
447 24
239 26
57 31
256 18
396 10
60 25
479 9
440 29
408 10
85 6
446 19
411 29
306 4
224 27
97 29
485 7
128 31
209 4
318 20
102 9
321 13
277 32
385 24
480 20
273 20
117 18
222 15
106 28
402 18
346 2
146 2
393 1
256 9
308 29
120 25
137 25
273 5
444 25
333 19
152 29
338 4
175 12
498 28
87 3
461 28
249 26
465 13
230 28
445 30
293 16
150 29
208 27
398 31
135 30
73 31
186 23
258 8
322 20
344 8
6 16
43 26
410 31
246 3
226 26
28 18
458 22
3 17
156 16
168 2
129 32
428 6
354 2
378 23
145 17
434 10
376 32
256 9
482 9
276 24
247 11
429 12
184 23
220 15
182 11
481 18
331 16
328 32
149 5
211 5
129 20
295 20
472 18
141 17
106 8
216 28
70 17
407 18
427 3
296 13
217 16
122 23
240 21
435 16
357 13
33 13
140 3
489 19
80 29
120 13
396 11
389 21
331 15
274 2
125 6
70 30
401 11
92 20
492 10
28 24
22 24
37 22
238 5
328 13
357 11
205 4
134 1
420 16
240 30
73 32
115 30
57 23
37 17
155 8
378 14
79 16
445 3
117 30
491 12
202 7
243 2
450 12
351 2
191 18
63 12
305 1
109 14
43 17
66 1
24 23
434 23
194 18
69 10
115 32
458 24
258 12
426 16
427 28
77 17
217 15
232 29
19 5
86 5
337 7
314 13
446 19
167 3
329 27
153 19
146 2
111 32
161 4
111 3
163 31
55 11
29 15
251 27
183 17
311 7
191 4
83 20
223 21
479 27
484 3
197 9
92 23
384 16
194 22
190 24
384 4
234 32
86 9
162 4
377 25
139 15
448 29
55 18
470 25
424 1
15 25
285 30
279 17
209 9
14 30
328 26
197 2
161 19
102 19
402 2
147 32
396 6
261 18
116 14
334 3
238 4
363 22
157 10
190 13
466 12
318 17
453 11
410 29
149 27
287 18
192 25
442 12
27 14
241 22
487 7
236 8
126 19
245 11
444 3
351 13
342 1
405 18
387 15
110 7
29 29
288 5
181 9
12 19
134 12
404 16
178 32
343 28
90 20
290 13
226 28
145 3
12 21
64 6
67 1
284 12
273 4
20 18
152 31
12 2
134 12
405 28
407 8
319 28
39 28
232 16
451 32
386 19
128 5
64 23
325 4
494 2
271 17
403 18
99 22
59 24
181 4
247 11
415 9
286 5
376 13
272 27
244 5
493 32
457 4
270 13
255 23
230 13
331 32
299 21
398 17
160 22
24 31
17 30
323 6
94 11
171 21
229 30
21 17
489 1
480 18
462 27
372 27
463 14
175 5
130 16
322 14
353 9
400 5
135 18
375 8
124 29
93 32
162 21
424 23
294 4
408 3
342 16
297 4
481 23
417 31
98 30
104 11
434 23
23 12
76 25
148 4
145 16
403 15
56 19
457 25
434 12
455 19
495 24
430 24
426 30
290 20
435 1
178 1
247 12
288 30
301 31
21 25
26 4
103 18
102 11
430 11
127 5
13 17
340 18
300 9
140 29
492 10
333 25
294 19
73 22
253 9
368 17
21 2
48 8
475 9
386 28
239 8
492 15
337 27
193 32
300 16
429 31
257 25
312 3
44 28
484 28
108 11
420 4
96 32
103 30
172 29
326 27
204 25
161 28
352 9
380 23
388 24
441 17
272 12
399 27
339 10
462 10
436 2
426 32
201 24
453 8
368 22
134 24
299 11
463 2
203 14
152 11
1 12
439 21
400 13
439 30
70 5
184 9
134 21
388 6
340 5
409 32
470 15
483 8
41 9
121 11
139 32
185 27
420 15
115 3
311 30
56 16
306 7
89 7
51 32
476 7
168 24
302 30
130 28
461 30
80 14
117 26
57 29
61 24
128 3
294 6
80 26
170 1
292 14
379 27
437 18
437 17
442 6
446 15
373 18
297 4
191 21
22 12
417 18
75 28
108 29
186 20
422 23
128 21
464 27
111 16
64 15
356 21
136 13
280 20
411 16
312 29
192 21
200 20
266 11
356 25
199 17
116 28
247 32
36 10
454 31
313 5
45 25
374 1
173 29
40 3
80 11
388 15
35 7
82 4
65 17
229 23
329 8
234 7
439 2
488 32
268 9
261 12
173 30
344 5
138 32
132 5
438 7
191 9
457 20
476 30
413 8
284 5
400 6
20 22
491 27
434 6
11 26
273 3
179 29
28 16
204 15
236 5
29 6
465 1
401 25
6 29
348 18
258 15
11 13
289 29
487 26
462 10
119 18
180 9
54 19
464 9
69 11
102 21
476 26
82 8
210 19
41 18
80 6
8 26
426 4
294 24
221 23
409 15
193 13
135 22
499 14
59 32
148 12
16 7
429 9
499 23
36 19
400 31
188 7
57 9
55 14
376 7
309 1
466 13
77 12
302 11
50 32
346 17
371 30
172 16
310 6
494 1
412 13
312 15
3 24
63 29
273 22
36 9
426 25
285 2
452 23
281 29
298 22
50 1
339 5
172 25
94 21
197 1
261 24
307 19
431 5
172 20
10 19
136 16
59 17
141 14
359 29
363 28
251 24
28 5
336 11
441 5
67 22
137 31
497 19
442 28
163 1
483 16
23 10
311 29
390 16
442 32
224 20
108 30
271 23
267 6
186 31
238 32
196 14
431 1
316 16
472 22
336 10
354 2
423 4
290 13
467 7
412 31
239 7
368 5
154 30
467 31
193 20
442 16
78 28
432 1
95 11
75 26
208 28
287 7
443 24
443 18
159 30
304 25
225 11
405 2
157 7
420 5
75 29
236 28
437 4
248 3
422 18
461 2
453 23
112 12
175 26
157 13
259 12
433 27
482 1
212 30
60 27
486 2
196 22
341 16
93 24
14 6
114 14
495 22
425 14
313 19
11 29
135 30
280 3
104 30
255 20
251 10
2 29
3 5
14 7
180 10
283 6
471 8
19 22
313 23
423 30
245 10
446 7
55 2
149 30
191 12
29 25
421 31
381 32
79 6
470 23
351 4
304 30
499 14
491 8
469 21
437 13
198 30
296 4
311 28
466 29
199 18
146 28
228 10
99 19
124 32
417 30
320 4
147 14
393 13
481 21
402 25
426 31
3 21
407 21
16 4
166 23
69 7
390 5
188 12
455 31
55 31
137 14
294 23
396 18
124 16
251 5
145 8
179 31
248 5
311 11
160 4
181 29
138 18
229 26
57 23
488 8
257 20
189 22
463 16
439 14
312 13
166 8
216 20
454 15
133 24
430 32
240 26
224 5
384 28
54 8
486 22
255 6
221 4
495 19
379 2
472 18
474 17
145 2
333 30
4 29
214 9
460 17
247 24
181 14
135 19
421 5
480 4
66 16
471 5
235 25
494 2
39 19
195 3
8 23
485 4
195 22
148 14
2 14
189 26
375 24
472 16
148 19
323 5
3 25
273 5
493 14
294 27
437 24
418 20
70 30
307 32
451 3
122 24
200 18
189 11
485 29
222 4
463 12
345 17
40 17
405 20
87 27
415 31
390 12
318 32
85 9
75 27
283 12
338 26
358 2
408 6
38 29
326 13
376 18
317 11
490 18
299 32
272 13
154 29
248 16
324 32
300 27
366 2
446 11
267 3
432 31
497 10
7 18
322 3
195 18
1 4
211 11
316 14
215 1
199 14
292 6
145 7
272 6
376 6
416 3
372 28
169 16
21 27
393 26
113 3
183 10
327 14
116 10
79 11
462 5
496 26
299 5
48 10
354 8
139 26
418 23
321 10
82 25
464 7
386 1
265 28
42 15
313 29
436 4
191 2
20 31
355 18
31 26
240 12
29 10
357 10
92 25
383 6
221 23
500 2
275 20
378 32
59 6
176 26
433 3
243 17
109 21
474 3
203 29
226 15
443 19
29 6
111 11
59 28
461 22
141 23
26 26
106 12
60 18
77 8
352 32
148 20
120 26
302 2
186 3
405 28
109 9
366 32
47 12
255 20
186 23
298 11
265 32
146 16
37 26
19 4
393 15
51 13
140 12
186 29
230 30
157 3
226 26
262 25
149 28
484 6
262 21
396 2
36 5
53 4
115 8
311 23
442 29
223 29
64 17
109 22
202 17
484 20
138 25
404 15
464 23
472 5
19 4
103 31
112 23
478 6
430 9
85 19
149 31
155 13
67 8
358 29
380 25
400 2
437 27
360 4
41 3
476 27
402 14
317 14
289 27
91 2
83 15
293 7
186 3
295 28
62 20
224 2
344 7
15 28
425 18
383 17
56 7
228 26
140 4
175 24
190 25
498 32
292 14
207 21
236 25
432 26
357 8
295 24
130 29
184 15
34 18
223 1
276 10
250 12
346 32
195 11
189 28
11 32
333 17
12 25
69 3
70 21
450 12
329 24
24 32
338 21
281 4
349 9
362 15
324 27
22 22
93 6
414 15
245 26
171 24
166 8
51 3
368 4
450 8
283 21
411 32
233 24
32 30
100 17
32 19
303 25
144 15
467 25
202 3
155 28
467 4
315 21
407 31
368 20
82 19
385 13
122 17
36 21
402 3
249 25
261 15
338 28
150 16
165 27
366 7
74 12
342 25
200 16
275 24
308 28
422 12
52 27
12 11
400 10
277 20
198 1
403 19
145 32
42 17
254 20
331 15
443 32
419 31
272 29
414 19
105 31
474 32
229 25
447 8
102 23
128 4
112 30
390 20
81 24
268 22
43 26
216 9
473 11
479 8
31 28
26 31
78 23
143 19
336 9
434 17
15 21
440 22
90 10
85 14
113 12
59 11
153 7
491 30
261 26
221 23
65 31
130 15
97 20
301 4
64 26
73 26
147 8
408 32
193 24
462 17
400 16
459 8
146 14
381 6
123 10
401 27
52 18
181 28
5 9
284 32
67 20
349 17
71 8
152 12
452 29
68 3
485 23
254 2
180 15
240 10
88 4
340 31
373 13
138 25
353 25
296 23
480 16
483 7
252 23
166 23
99 13
257 31
315 2
269 6
348 8
147 7
351 19
277 31
211 31
451 19
39 14
482 3
93 16
273 20
302 26
250 25
226 2
187 9
220 23
386 19
166 29
58 8
223 30
442 13
452 28
347 19
341 8
213 6
144 29
129 29
478 3
49 27
236 12
243 7
394 17
78 32
365 19
427 27
320 13
223 12
464 5
114 17
397 18
238 4
14 14
188 3
244 21
193 20
324 32
490 1
268 19
480 28
53 7
422 21
479 28
496 26
212 29
246 12
286 31
203 27
349 15
141 28
479 25
127 2
472 9
222 7
387 2
74 32
312 23
16 26
490 19
231 18
471 29
365 28
311 12
258 7
310 18
455 28
82 17
145 2
401 30
496 20
271 10
79 6
268 6
371 18
308 18
15 6
282 31
237 8
298 22
103 3
243 17
450 16
341 26
433 26
164 25
381 22
202 31
16 1
256 26
430 27
191 20
44 24
175 32
64 28
477 14
283 27
278 28
98 30
30 27
211 13
311 3
126 20
253 29
332 4
231 6
274 1
57 29
245 11
300 24
55 16
29 5
198 2
272 20
423 21
178 22
345 32
76 3
351 25
315 6
188 21
295 26
318 4
130 14
82 18
73 20
409 9
28 11
406 24
458 8
304 11
313 13
474 21
471 28
69 13
209 8
330 12
69 23
355 23
412 28
184 8
128 8
84 7
402 25
306 15
20 10
345 29
258 2
73 4
197 29
364 30
100 17
409 5
43 23
71 10
254 2
289 1
197 32
36 27
64 5
161 24
302 2
268 3
27 4
490 32
36 22
481 3
398 5
155 13
355 1
98 12
182 7
489 11
462 20
181 30
68 13
313 6
198 8
132 17
123 14
300 10
327 12
144 8
20 19
368 10
227 10
333 21
56 1
139 21
400 3
246 12
363 6
41 29
489 24
137 23
497 28
472 7
419 12
251 22
266 2
15 16
287 19
104 26
372 2
63 7
264 32
90 19
218 2
39 18
154 27
373 30
166 8
325 28
311 19
373 16
396 15
272 31
85 3
228 20
321 6
79 8
450 12
414 11
150 8
76 7
182 4
304 23
144 8
282 30
406 2
234 14
392 13
188 17
83 3
284 19
409 30
43 14
382 20
80 23
112 19
185 29
455 32
492 2
468 5
403 1
279 12
26 22
492 25
498 7
332 10
329 4
495 19
153 16
31 8
258 2
386 2
138 16
134 17
141 9
106 16
325 28
31 23
405 19
267 23
449 10
388 17
41 6
352 29
462 10
424 27
375 30
365 8
353 30
493 30
98 14
37 14
185 7
476 25
441 19
195 17
340 14
18 9
316 5
73 9
102 9
347 24
158 31
487 18
208 23
355 1
280 27
431 12
162 18
405 26
148 19
343 32
33 12
72 20
432 12
124 29
344 30
360 25
33 18
215 24
29 25
249 12
164 7
124 21
288 28
278 28
478 24
127 14
35 2
209 18
45 28
350 1
6 1
93 22
259 3
481 27
80 5
298 15
463 29
419 3
152 16
38 6
372 24
343 10
213 20
372 5
87 9
497 8
134 30
333 28
248 10
382 27
246 27
421 25
304 11
311 15
239 24
436 2
11 7
15 7
330 6

