256
367 6
286 9
318 22
244 23
278 25
379 10
36 9
413 32
318 13
103 18
248 10
274 12
349 24
349 6
332 23
247 30
281 29
426 22
474 10
372 23
202 31
396 17
159 17
176 16
381 2
217 4
219 14
343 23
273 32
441 4
74 7
5 18
423 7
452 21
452 19
147 17
425 11
93 23
407 16
262 23
398 6
415 28
319 9
35 23
152 15
46 30
365 27
79 24
333 22
36 16
57 22
492 25
280 32
268 26
55 21
473 32
7 11
420 13
347 14
268 27
280 29
224 16
67 6
283 23
388 18
238 4
204 5
276 7
164 11
21 19
424 17
22 26
231 13
458 13
98 9
427 21
242 30
373 28
8 11
411 31
177 24
42 4
377 29
214 32
64 10
110 7
78 4
268 20
276 5
89 10
154 7
102 19
221 2
54 8
185 32
326 9
464 7
92 20
35 21
83 10
391 5
436 24
28 15
480 23
280 12
28 1
286 30
179 22
159 32
437 11
48 2
203 23
128 30
54 11
303 28
112 17
180 4
364 7
102 19
362 5
114 29
17 16
74 23
109 25
279 2
75 22
307 22
40 11
275 21
301 5
80 8
473 16
15 29
170 29
383 19
201 13
476 6
100 9
264 32
281 18
253 4
71 4
337 18
198 11
258 2
392 22
465 4
301 20
404 26
448 15
57 16
487 28
69 22
432 17
293 5
226 22
272 9
309 32
462 6
274 32
59 25
409 15
233 25
354 28
234 17
274 30
5 4
321 21
197 29
405 14
317 7
239 8
483 27
399 8
256 16
15 6
189 27
188 5
335 22
408 5
398 10
210 6
145 27
475 6
135 31
35 23
65 21
242 19
171 4
343 14
15 1
443 27
484 6
475 14
375 31
90 1
268 20
26 20
182 32
105 4
83 11
118 3
263 23
398 13
202 16
62 12
300 12
271 11
486 5
453 12
479 10
336 10
193 18
10 10
65 22
41 15
105 6
498 31
368 7
152 21
486 5
137 5
421 7
420 2
3 8
469 14
117 25
431 14
18 20
35 26
406 4
433 10
233 26
228 5
176 19
373 21
444 25
297 8
267 8
121 10
439 21
103 32
97 13
365 22
325 3
400 10
326 24
91 15
261 26
363 16
49 11
448 4
448 28
59 2
460 19
187 18
471 1
453 20
26 29
385 14
420 24
283 5
115 9
155 31
394 5
14 14
456 17
137 19
409 27
172 16
225 31
117 20
499 18
467 12
442 15
77 13
487 15
458 21
435 4
180 25
481 1
270 24
210 23
394 30
453 29
337 30
423 13
429 26
78 23
149 12
97 30
232 11
436 9
388 3
153 19
199 21
463 32
124 4
78 21
141 7
433 13
412 12
486 20
481 23
86 9
286 14
206 26
469 18
410 24
12 14
274 14
250 28
381 13
112 3
241 32
341 18
285 12
233 6
443 1
36 8
193 30
61 15
43 13
392 24
236 19
218 13
316 7
449 12
192 8
6 20
15 22
309 19
301 1
420 31
105 20
474 10
481 27
400 7
267 23
178 11
45 3
363 8
66 31
407 29
222 1
392 13
462 21
387 23
445 23
209 22
466 27
51 26
69 22
320 27
240 29
189 20
96 28
347 9
214 13
473 32
369 20
24 3
268 10
297 29
216 13
114 9
391 16
478 27
465 1
146 16
350 26
191 29
237 29
309 15
141 9
238 22
496 25
44 4
170 16
328 2
48 17
270 3
308 12
249 4
248 18
327 9
80 21
393 32
405 9
470 25
185 27
406 13
319 5
296 21
140 15
78 16
119 31
126 30
446 14
49 22
120 19
494 11
95 3
218 23
291 24
395 28
246 29
8 5
453 23
405 21
129 14
484 3
180 21
376 22
334 32
23 1
2 8
207 24
106 21
298 21
464 28
224 29
196 23
477 25
237 25
445 17
214 16
315 18
240 18
223 5
317 17
230 2
316 16
117 2
212 6
170 15
457 5
88 25
179 12
5 7
149 29
483 10
80 9
459 15
190 1
95 10
481 24
27 9
112 3
70 11
408 31
202 8
335 5
220 29
56 16
131 20
228 25
418 23
261 24
329 26
409 24
159 9
99 13
37 22
179 26
385 22
196 26
153 26
78 29
246 13
300 24
337 24
340 30
38 16
481 19
253 13
290 11
482 24
299 6
450 5
476 14
266 23
123 23
405 4
143 6
184 30
230 16
321 13
125 3
373 2
77 5
346 30
240 3
457 6
197 2
367 8
443 4
194 21
254 14
116 12
452 8
190 17
319 30
101 4
220 25
401 20
302 18
13 13
425 6
282 29
227 28
292 22
484 1
86 25
435 2
485 2
1 14
418 31
35 14
466 11
195 6
402 4
464 15
240 12
236 1
212 26
373 11
131 28
191 25
92 25
270 24
362 2
101 11
440 16
1 2
242 31
123 23
394 30
57 17
29 24
357 16
106 13
94 32
84 5
156 28
113 17
455 23
194 24
457 18
43 25
243 32
355 25
278 24
7 27
232 31
478 25
127 3
169 8
171 13
208 26
132 9
251 26
295 28
345 31
133 23
60 31
374 14
92 12
14 14
486 13
484 23
37 26
250 10
182 28
310 13
97 29
61 31
230 19
347 7
310 7
165 9
354 19
134 29
190 27
246 3
96 21
193 12
43 18
189 16
213 10
316 2
142 17
360 28
83 26
150 20
185 30
112 6
204 18
186 13
96 11
271 19
215 8
27 13
405 19
184 6
417 24
279 2
228 6
133 10
196 30
54 32
300 25
269 11
114 6
248 22
440 6
104 14
333 6
115 6
197 22
207 21
1 17
374 20
326 19
390 21
492 27
252 11
311 24
146 29
29 13
486 12
410 25
326 31
71 20
332 23
89 14
231 22
78 32
169 19
314 6
276 2
204 27
448 19
399 1
143 15
337 32
247 31
68 20
193 22
363 32
256 15
265 22
40 10
146 13
96 7
118 3
116 18
398 20
40 16
360 18
426 1
161 24
147 8
95 27
70 17
214 9
260 6
15 3
23 20
359 10
470 1
341 2
2 10
353 21
237 8
222 22
464 22
38 6
461 24
300 26
441 25
207 8
194 1
350 12
232 25
186 13
389 2
490 10
115 2
430 3
258 3
364 17
236 5
183 20
385 22
430 5
347 16
228 12
60 21
108 3
137 13
195 5
318 29
414 24
378 11
486 7
197 17
60 4
102 14
480 18
75 5
366 17
248 1
313 3
21 20
449 2
64 19
34 13
179 20
16 13
346 29
43 11
201 10
326 2
195 5
343 26
417 8
42 28
152 6
322 29
125 2
34 24
117 3
272 3
70 7
203 20
491 2
310 16
199 11
197 2
144 4
15 24
451 4
428 19
262 17
127 2
371 12
278 7
430 29
281 4
392 24
415 6
433 20
425 3
62 6
376 13
365 30
469 19
150 24
417 11
144 19
148 26
406 5
352 12
30 9
335 5
320 5
302 24
176 31
234 21
52 30
146 12
203 6
82 28
361 3
114 4
245 18
222 19
242 29
190 23
409 12
191 4
476 5
331 7
423 21
91 6
378 28
93 12
201 14
136 29
24 13
417 5
214 30
123 20
62 20
78 31
187 5
50 14
465 29
368 11
297 14
64 2
46 32
457 10
181 20
11 29
45 7
177 30
416 23
417 29
314 27
299 8
115 29
365 7
81 8
317 9
41 32
254 30
387 22
388 11
6 14
475 10
176 7
363 23
153 24
271 6
126 14
317 16
122 1
318 2
116 6
430 29
217 19
446 3
96 1
373 17
82 20
354 1
350 1
403 23
348 10
320 9
447 9
64 32
21 13
473 17
218 10
497 22
288 6
388 3
479 4
336 20
107 13
21 17
257 11
163 4
300 2
428 10
322 3
17 19
223 9
183 32
94 15
225 13
324 12
264 26
372 3
214 6
139 2
490 28
360 28
203 32
486 11
257 7
325 18
353 28
466 27
191 12
417 16
440 29
379 7
394 10
153 3
284 24
192 5
243 16
277 17
63 30
279 23
420 8
444 29
355 2
11 29
321 32
164 4
168 7
315 17
496 19
20 31
314 23
404 28
466 4
1 20
293 7
199 4
86 18
188 16
255 23
189 31
126 24
187 17
246 13
57 14
319 20
372 9
139 15
40 16
454 16
132 18
23 14
162 4
175 21
400 18
399 32
4 32
291 18
372 21
42 17
130 29
4 13
197 14
128 8
98 13
128 1
31 14
262 20
257 12
244 4
217 19
95 13
370 26
262 2
422 28
22 15
368 21
255 28
371 22
151 32
315 26
252 1
279 13
388 24
300 27
395 21
477 30
89 31
375 30
440 4
357 17
50 16
189 12
491 7
186 14
230 4
271 5
48 14
345 23
289 9
269 31
365 30
172 29
444 18
6 27
45 19
47 6
290 15
250 13
146 19
274 27
490 32
208 25
297 16
323 17
400 31
268 20
336 11
68 23
189 10
13 17
140 27
179 29
294 8
61 31
418 2
17 15
230 24
443 14
480 21
111 31
355 14
495 15
20 2
321 20
339 22
293 6
392 27
259 25
454 11
327 27
153 16
129 14
271 15
259 14
187 25
481 21
302 31
435 30
240 8
233 11
441 21
408 12
51 18
221 16
485 27
226 9
446 18
74 17
276 16
318 2
405 10
207 14
124 25
231 8
248 28
294 28
192 1
224 31
367 12
98 15
194 24
43 16
29 12
356 9
299 29
470 3
323 32
113 14
21 27
161 24
158 6
308 6
7 27
444 25
326 17
427 11
68 29
10 17
436 25
253 2
390 2
141 28
102 21
9 26
447 30
389 5
327 4
158 9
430 13
57 3
345 7
126 5
7 7
361 10
352 13
380 21
38 16
156 15
124 24
260 18
37 25
378 24
400 31
48 26
339 1
436 8
143 9
448 10
400 32
443 15
124 30
47 25
193 18
300 16
69 15
442 30
411 23
173 3
58 20
492 32
380 23
431 27
44 18
24 15
389 22
249 28
492 31
25 32
348 28
204 24
86 17
373 17
315 9
159 28
469 14
120 16
280 2
370 3
132 13
469 4
63 13
384 22
363 20
89 26
435 4
126 24
140 6
368 27
247 26
178 11
379 17
62 11
51 4
333 6
28 30
405 18
222 8
143 21
399 28
294 9
375 31
353 19
121 8
321 19
98 2
81 8
351 22
486 5
277 31
434 9
176 18
246 5
478 1
481 20
472 7
61 26
397 29
64 9
484 24
87 5
438 23
261 12
13 30
188 5
268 25
445 23
310 7
340 3
431 20
15 2
298 19
303 31
339 7
415 18
306 2
107 23
372 3
382 4
464 17
25 28
393 21
26 19
363 13
193 1
389 11
398 26
485 29
84 11
271 31
497 32
204 19
23 23
173 24
311 20
325 3
71 17
7 1
123 18
17 24
14 13
226 20
443 31
316 30
385 18
228 5
217 27
187 7
358 11
143 12
199 7
206 13
239 4
421 26
285 26
381 7
194 18
266 12
168 9
366 25
222 5
285 10
24 20
177 17
182 15
400 28
341 9
205 11
20 21
144 1
414 20
307 20
482 32
95 21
4 8
53 1
53 10
162 12
309 26
308 26
212 23
74 28
163 30
483 10
254 10
338 32
2 16
275 3
67 17
483 22
181 4
146 5
373 32
12 9
201 11
226 1
377 23
464 31
280 2
424 6
276 18
201 9
109 23
111 16
47 1
449 31
480 27
15 16
106 18
88 18
196 26
70 28
464 14
314 4
183 2
277 26
351 13
86 19
7 12
338 9
493 7
336 16
85 10
380 26
228 23
347 23
280 29
347 32
302 12
339 24
249 11
146 31
147 19
262 25
131 19
57 11
89 8
150 25
94 25
214 13
348 29
95 31
181 21
222 2
453 32
169 13
378 10
4 32
249 29
28 27
67 25
205 8
180 30
180 17
235 18
445 6
306 32
60 6
332 2
171 20
45 31
189 11
357 12
150 5
160 2
335 22
114 3
233 25
96 29
418 22
158 6
263 27
253 31
152 25
456 6
220 32
364 12
126 12
451 20
176 30
453 14
188 14
252 16
210 16
36 15
29 25
193 32
359 25
114 18
29 29
35 29
272 27
156 6
470 31
25 22
68 13
155 15
246 19
379 31
106 10
286 6
459 2
425 21
274 2
179 11
310 29
403 26
463 14
331 29
368 23
430 8
35 20
394 28
194 20
86 7
38 7
433 32
52 17
164 2
99 26
480 16
407 18
341 13
291 7
5 11
229 26
298 31
370 7
394 19
315 20
362 24
54 6
199 2
354 10
135 8
408 14
212 26
495 32
386 29
427 15
499 3
324 24
270 21
339 27
256 25
494 1
208 8
114 6
357 27
471 11
271 18
456 26
43 22
237 17
438 31
319 25
170 6
84 3
187 14
453 2
130 11
410 21
50 7
446 26
341 9
100 3
498 27
444 5
356 21
173 1
47 19
433 20
336 9
358 18
494 19
315 28
313 20
312 14
98 10
119 27
230 10
401 11
124 25
471 19
229 3
475 31
485 12
343 13
128 8
194 9
214 17
96 22
436 20
239 30
369 9
176 14
426 20
176 21
124 7
231 24
141 26
331 30
465 9
150 24
76 7
64 10
55 4
19 27
419 2
376 19
466 15
236 28
330 23
144 14
409 23
361 6
432 27
27 20
67 12
339 19
370 10
136 9
413 26
415 3
263 26
321 5
44 20
324 9
467 15
30 7
45 27
276 20
433 14
371 24
329 17
494 11
315 5
123 7
338 21
262 25
382 30
33 21
490 28
1 28
378 19
34 15
273 14
398 1
463 9
56 20
181 1
490 19
233 16
74 3
204 3
23 17
120 23
213 17
114 1
268 27
95 14
265 31
111 11
424 21
135 23
216 11
232 5
14 28
20 23
34 23
477 24
11 24
314 11
57 31
288 20
122 30
477 2
101 27
252 28
364 30
206 23
405 9
136 6
401 15
208 2
230 20
46 12
279 7
315 19
490 2
11 31
335 7
348 27
278 12
162 17
189 8
219 17
156 2
362 20
361 17
194 22
104 15
181 15
449 23
421 26
96 7
400 23
122 24
69 15
51 7
39 11
450 5
184 29
463 17
13 23
318 6
264 5
148 12
7 8
439 20
238 26
62 25
20 7
440 1
433 18
171 19
81 20
80 24
76 30
12 32
216 9
497 31
102 24
274 32
92 12
387 1
302 13
169 21
483 9
409 8
450 27
238 22
50 17
349 30
62 21
65 1
393 2
107 10
205 9
306 24
296 28
180 25
492 17
418 27
309 2
242 18
257 27
344 10
500 20
283 25
404 4
190 5
261 24
142 29
380 23
465 20
491 12
124 26
196 25
160 20
71 21
466 23
84 13
336 27
500 7
143 8
318 12
52 14
332 25
394 3
140 30
238 2
58 2
463 5
106 15
109 20
375 30
354 18
86 10
392 9
12 31
340 25
70 27
258 13
436 15
316 3
65 5
204 22
266 30
374 32
140 18
399 15
259 29
176 24
146 12
281 21
158 16
337 19
215 18
332 30
448 15
76 12
51 3
133 25
148 27
40 12
192 10
6 27
42 25
146 11
304 18
195 13
250 11
40 12
476 31
317 28
17 8
287 31
22 8
235 9
130 14
160 13
64 13
475 29
402 25
496 9
398 6
166 11
221 21
166 12
75 30
323 31
373 14
361 14
233 20
267 22
221 10
386 24
295 9
93 28
333 28
252 10
129 25
81 17
473 10
249 31
80 3
341 12
32 26
402 4
149 16
329 13
297 27
357 15
427 25
138 3
388 14
340 20
158 32
217 19
370 1
29 17
387 14
104 19
423 21
34 19
172 15
439 29
429 3
411 11
447 21
465 14
494 24
202 7
76 6
133 1
86 10
245 8
383 12
390 29
353 16
227 4
490 13
196 6
164 11
124 10
211 28
296 32
243 25
206 10
118 31
114 3
204 26
26 30
58 4
94 6
43 8
137 16
336 9
153 3
143 4
461 17
215 4
408 17
456 21
127 25
155 4
479 26
302 4
147 3
271 16
120 25
59 16
48 11
292 28
97 10
327 25
490 29
164 9
350 23
66 8
43 16
419 9
430 8
25 32
430 19
168 17
164 6
9 19
324 24
263 29
86 13
329 27
334 17
28 23
111 1
10 22
164 8
174 25
500 10
373 25
197 8
330 8
469 10
422 29
489 8
417 2
329 13
205 30
89 32
344 4
176 17
57 15
484 22
284 7
132 32
116 28
399 9
391 19
486 28
363 18
52 7
252 24
376 16
41 16
39 8
367 14
292 11
404 15
5 3
462 32
46 21
19 8
373 29
163 14
424 9
35 27
156 18
206 3
93 6
198 15
333 5
196 4
339 24
103 15
490 8
182 28
492 8
331 24
312 29
425 28
18 3
62 21
97 8
55 21
217 8
172 26
20 31
377 27
22 15
53 16
394 23
399 17
490 13
100 2
222 12
37 15
335 18
115 3
69 25
119 6
124 26
39 12
213 27
2 14
98 14
245 31
344 7
376 2
224 23
135 29
351 31
387 17
324 13
467 9
21 9
382 4
79 12
139 27
38 20
376 15
250 5
126 5
467 29
278 30
179 8
486 21
138 4
65 22
372 23
206 20
468 11
388 2
358 6
40 27
370 3
382 27
387 23
63 18
211 5
43 5
308 9
270 18
400 30
259 28
69 4
15 20
402 6
285 3
132 16
357 5
238 6
471 25
96 29
330 14
225 24
47 13
252 12
330 12
353 4
127 29
403 21
308 20
247 4
266 6
267 18
82 5
360 8
333 19
84 6
113 5
385 19
193 29
326 14
492 6
461 14
451 23
110 18
370 28
54 31
437 8
256 10
176 7
421 8
422 21
21 26
17 10
396 9
246 9
434 13
102 6
354 16
312 27
162 5
23 23
315 23
386 18
181 10
389 17
273 18
309 30
47 29
51 22
89 12
366 26
384 11
119 17
19 26
403 28
462 1
246 32
88 15
50 24
44 10
424 9
99 13
462 5
113 12
438 14
11 23
75 14
121 6
334 27
475 8
22 29
13 7
64 32
250 13
423 13
50 30
461 16
282 26
144 19
137 13
448 27
439 6
392 4
67 5
50 10
313 20
330 21
338 1
480 15
358 10
232 3
451 16
259 17
318 6
331 14
39 2
453 21
151 16
36 18
421 22
111 1
9 32
261 2
184 8
137 13
345 12
300 23
263 2
231 4
163 9
386 25
190 26
178 17
33 5
58 29
150 28

