256
485 8
51 31
360 21
32 14
23 1
461 22
300 7
495 9
36 6
153 27
85 3
18 26
52 1
65 12
366 27
226 22
222 12
412 13
224 31
466 2
95 3
287 19
285 14
99 32
59 24
107 3
410 12
28 1
497 28
420 18
431 22
415 24
273 26
289 1
472 30
94 22
236 25
312 9
14 3
44 24
218 2
418 19
330 21
87 26
241 30
391 7
355 17
26 20
334 2
476 1
124 21
222 31
153 30
231 18
148 15
89 25
128 2
491 29
303 29
486 7
286 32
417 13
384 10
472 25
460 19
225 11
367 15
293 20
332 16
37 11
150 14
195 13
483 13
438 5
465 31
31 2
3 23
242 14
241 13
307 12
11 31
134 6
329 30
101 24
449 29
138 10
114 4
79 25
220 32
233 24
142 8
434 28
210 7
234 30
92 16
1 18
274 30
183 27
60 15
262 8
272 20
310 21
435 8
333 7
459 10
338 4
181 23
300 14
2 9
44 17
276 20
46 5
30 25
151 13
363 17
300 18
16 5
223 26
52 19
456 18
324 30
314 12
268 21
98 17
497 5
361 20
388 3
320 9
487 23
357 1
87 9
335 10
469 25
51 25
463 3
234 7
152 31
142 19
11 11
40 15
435 4
130 7
158 26
239 32
124 4
197 22
308 19
311 24
439 1
500 21
71 26
39 2
484 13
345 11
475 24
353 6
487 27
232 1
488 26
492 3
269 32
172 8
70 22
204 28
398 15
261 25
140 11
246 32
183 14
470 14
177 2
67 32
8 30
160 15
119 31
309 20
191 8
167 16
165 26
120 19
129 28
235 16
30 4
243 29
274 24
222 22
386 28
113 21
437 20
92 15
275 20
498 17
232 29
76 24
90 11
162 30
426 20
486 12
80 28
20 9
292 17
302 13
232 19
273 4
390 4
426 24
116 20
332 19
292 8
94 5
306 20
99 24
355 16
39 30
15 10
138 30
354 4
334 5
410 11
104 27
322 25
315 5
304 26
487 27
109 1
328 19
40 2
498 26
213 12
32 27
297 29
237 14
312 2
234 21
380 25
20 26
217 2
342 29
35 21
319 28
261 22
58 8
275 23
45 7
442 24
418 22
97 26
239 20
427 20
481 7
12 24
360 28
389 29
304 19
381 15
418 5
472 27
292 27
233 13
437 18
264 2
115 24
359 9
324 22
28 20
444 7
7 27
471 3
355 26
21 8
248 3
228 12
117 24
318 14
208 6
375 7
460 6
387 2
194 10
307 10
365 18
464 7
404 18
321 3
60 29
198 19
131 21
378 28
296 3
449 15
301 7
178 16
164 20
429 26
477 8
431 25
337 18
415 5
180 7
203 15
279 16
249 2
28 31
361 16
25 5
30 9
483 19
288 23
474 9
356 2
156 18
142 8
383 24
436 6
494 18
4 1
241 21
34 5
435 30
296 19
406 17
488 12
384 19
386 9
195 17
11 10
230 4
46 5
412 29
378 25
323 30
381 15
338 26
35 4
11 6
82 24
7 17
156 26
196 5
450 30
486 12
444 23
316 25
179 11
173 5
335 3
290 28
262 19
185 4
398 12
330 11
463 32
400 6
429 31
363 26
188 32
42 3
266 21
471 17
435 16
353 1
490 22
188 3
120 17
251 29
420 16
199 30
267 2
204 7
396 14
424 28
117 5
418 2
321 25
178 23
384 6
228 25
375 19
476 2
139 2
66 30
157 5
144 31
66 31
117 6
468 4
101 24
209 30
317 1
258 11
488 29
228 15
366 11
481 17
300 4
418 10
381 2
482 28
348 19
74 4
64 5
207 24
476 15
182 21
296 11
139 7
80 14
349 29
320 21
489 4
152 30
485 25
183 26
408 30
216 14
345 4
226 7
295 14
318 16
346 5
415 32
99 2
53 31
494 5
127 10
344 11
91 20
163 5
497 22
154 24
255 2
195 21
400 22
34 29
317 3
33 31
418 11
280 14
429 29
194 28
106 25
186 12
216 8
320 24
121 17
128 32
322 10
208 26
15 21
142 4
175 23
266 24
9 2
413 10
170 23
197 4
495 10
471 27
433 31
126 13
115 1
280 1
279 31
362 9
431 15
476 9
233 14
400 6
287 5
383 12
271 19
83 9
312 30
179 12
48 21
296 10
261 4
450 31
266 3
184 21
18 19
5 22
400 29
343 14
69 9
346 27
155 8
159 22
333 6
61 32
346 25
246 14
136 19
145 29
210 20
449 7
338 14
328 6
210 23
127 10
395 12
320 26
252 6
367 24
19 16
168 4
488 1
470 3
459 30
375 8
145 16
246 22
129 10
423 6
244 14
467 30
225 18
391 12
319 6
264 2
389 27
201 28
195 22
350 13
487 28
173 3
251 2
465 7
343 19
68 10
288 26
428 25
375 30
192 2
279 7
31 23
237 7
394 27
253 15
436 15
171 28
222 21
229 10
152 8
424 7
9 28
105 24
428 11
458 23
24 24
426 14
107 30
137 32
445 17
299 32
479 25
191 16
241 23
237 8
490 21
463 15
224 15
138 3
249 27
121 5
35 22
178 1
60 6
344 12
54 14
87 21
462 5
84 19
195 29
298 25
333 8
387 32
382 12
410 15
323 26
107 25
280 4
201 3
450 24
46 31
390 24
387 11
260 23
257 22
143 23
342 3
370 20
234 20
104 3
86 6
228 20
486 11
327 22
49 32
81 26
131 18
77 17
173 12
487 25
142 25
39 15
307 13
415 28
12 2
238 1
147 26
492 4
176 10
317 17
446 5
170 8
71 27
444 19
286 31
375 7
263 26
114 18
322 24
313 5
249 11
485 31
220 24
378 7
145 26
471 10
294 1
17 20
443 9
458 32
243 17
359 29
246 28
278 15
203 27
455 11
345 23
49 8
266 10
310 14
471 5
352 32
477 8
332 31
32 25
498 22
473 4
335 18
31 32
340 17
406 18
387 30
84 3
17 21
212 19
111 14
163 26
150 27
33 1
409 17
473 22
42 2
466 24
367 24
340 19
81 17
500 3
199 12
106 19
284 17
97 2
351 27
59 12
249 28
184 13
360 4
415 17
453 28
481 24
227 32
378 27
268 13
478 30
164 3
385 24
251 21
45 17
92 20
304 4
399 7
497 26
347 19
362 15
142 18
470 32
217 15
379 1
76 24
154 19
142 14
38 12
223 3
345 18
186 24
5 4
339 5
45 9
115 6
335 4
452 29
328 8
3 30
356 6
265 6
317 14
103 2
149 21
436 21
490 25
345 27
408 11
199 24
71 22
210 9
273 21
61 28
32 16
9 4
493 13
101 13
382 27
15 19
380 18
227 21
127 19
67 6
457 14
338 15
431 27
284 27
263 28
359 10
111 15
385 32
344 21
116 21
40 26
459 31
284 14
139 22
108 2
147 29
323 24
295 17
234 2
159 32
126 1
142 8
236 22
43 11
363 19
7 26
140 6
172 23
3 10
36 18
367 7
378 25
370 25
145 16
102 20
303 23
24 24
19 3
322 5
393 24
71 12
437 3
217 8
337 3
269 5
32 28
407 2
28 8
82 29
83 19
32 6
114 3
181 8
18 10
44 18
389 3
161 17
177 13
284 29
299 9
237 3
392 11
240 23
123 29
147 9
207 2
294 24
233 11
303 10
180 11
11 21
461 24
245 17
252 29
1 19
285 14
233 8
84 24
298 10
496 17
467 2
474 32
374 22
234 24
159 30
374 26
334 14
45 22
322 20
310 11
198 22
116 26
121 15
457 27
109 4
67 11
358 28
334 31
98 20
110 16
185 24
129 2
169 25
447 3
321 9
17 18
202 4
152 27
34 28
297 10
412 31
68 5
254 30
203 11
25 24
459 1
295 3
430 20
112 24
158 8
484 2
301 30
157 4
212 22
60 12
36 31
222 19
443 3
60 5
178 32
308 8
144 11
426 1
270 5
153 19
320 24
100 5
25 24
424 12
149 7
95 12
157 32
139 7
143 14
447 16
134 7
159 13
209 32
54 14
473 6
404 16
193 19
264 18
314 28
305 22
22 20
350 7
419 32
481 21
389 24
232 26
34 26
3 14
326 20
71 30
113 26
293 21
180 1
226 21
96 3
158 29
134 11
499 8
346 16
465 23
259 32
108 4
290 22
385 19
369 11
116 1
132 28
490 15
316 27
7 23
449 12
232 18
375 22
486 32
209 22
306 11
349 6
110 14
227 30
104 4
152 15
428 11
479 25
297 6
484 27
409 16
171 16
366 29
369 27
264 10
152 18
248 4
187 2
490 17
407 17
8 7
164 24
193 10
204 10
139 3
144 11
471 10
38 20
358 31
38 2
188 29
395 27
244 9
348 17
197 27
30 13
313 1
344 17
38 19
346 24
86 30
75 8
303 28
95 13
370 8
486 1
376 32
48 3
164 23
204 32
149 21
268 17
277 15
170 30
10 27
193 23
4 23
206 31
231 24
171 12
135 24
213 2
387 8
332 30
154 23
113 15
119 9
467 31
195 32
412 24
355 17
2 18
223 11
368 25
210 26
109 32
45 17
57 7
80 5
184 21
275 1
91 6
381 2
492 31
397 32
483 27
212 4
461 22
395 28
91 16
218 19
300 6
371 16
45 26
244 16
238 15
228 17
116 24
238 23
387 18
66 13
237 5
56 25
415 30
228 9
406 9
407 29
411 29
412 27
430 32
386 3
230 26
495 1
277 4
155 7
218 13
383 2
201 3
354 11
92 13
471 13
378 13
405 4
357 21
446 30
176 7
453 1
148 19
101 17
31 23
439 12
327 10
405 20
316 6
142 11
338 17
256 7
45 32
206 6
328 7
39 7
186 3
259 13
142 7
461 12
114 20
123 32
425 3
319 8
284 17
498 25
129 9
40 29
117 9
426 28
100 5
151 29
307 9
469 28
120 6
471 13
33 29
376 21
471 31
400 6
359 13
431 15
206 30
363 30
418 13
469 21
105 27
153 23
232 26
211 19
255 25
287 23
126 10
447 20
60 6
54 22
94 24
108 7
157 15
472 26
463 29
443 11
263 31
329 26
420 19
196 22
72 10
164 1
496 22
496 27
307 13
325 13
236 20
51 24
458 23
318 28
167 32
338 9
58 7
275 22
57 14
355 4
304 23
176 11
332 24
205 7
424 21
391 8
165 5
403 10
167 16
394 13
331 11
466 13
249 24
70 10
61 12
137 28
146 17
14 14
336 11
116 11
99 6
270 7
150 17
89 5
96 22
1 15
416 6
19 17
409 28
174 2
363 6
37 9
474 3
338 29
121 9
420 11
162 25
186 23
417 2
127 9
459 12
291 22
297 17
390 14
248 31
27 18
225 11
322 26
465 15
359 25
315 30
156 4
22 21
287 31
318 21
451 12
244 29
353 17
253 7
450 24
9 12
165 9
242 3
283 3
349 25
143 8
270 30
491 11
194 5
81 7
42 15
490 25
475 19
29 23
289 6
282 29
305 23
382 7
285 8
105 9
304 3
148 21
249 27
67 18
267 8
157 24
382 10
445 1
340 25
287 20
303 5
277 15
367 22
357 19
321 29
487 28
412 11
400 32
477 14
305 3
317 9
403 11
459 11
259 14
23 1
278 1
317 18
136 31
63 4
37 3
305 12
210 32
10 13
227 26
278 15
80 15
492 22
497 10
32 3
451 3
3 24
83 8
485 18
206 15
414 23
281 22
118 14
285 23
450 19
316 20
393 11
26 24
81 26
37 32
480 24
370 30
419 5
357 24
226 11
302 11
305 23
208 2
424 20
252 30
354 7
305 7
313 18
334 17
55 31
357 6
210 18
71 4
382 8
383 12
490 1
98 18
119 22
419 26
1 10
267 15
88 7
453 32
252 18
293 2
360 1
43 5
78 10
401 8
393 3
271 2
467 8
379 25
377 5
479 6
170 9
84 29
316 8
156 7
377 12
225 9
300 15
157 30
84 21
41 8
192 23
61 26
30 27
95 27
439 5
488 12
169 19
216 28
310 4
403 18
23 11
274 27
449 7
52 17
339 28
212 18
402 1
40 15
63 30
41 26
410 8
313 14
450 13
414 19
252 12
149 30
498 30
96 14
204 15
330 31
90 22
72 27
166 27
478 16
96 18
81 25
250 14
435 19
274 16
162 9
367 10
150 16
83 30
161 11
96 27
181 22
384 24
380 5
215 25
128 10
227 29
19 4
306 9
378 3
152 27
455 18
52 16
233 11
201 29
125 25
235 29
334 6
408 29
370 6
422 30
136 32
410 18
327 3
458 24
497 17
95 15
478 22
406 2
132 11
306 20
107 21
412 16
362 4
4 4
293 1
433 24
424 26
433 2
260 2
306 32
498 12
58 19
397 11
240 1
273 18
488 23
438 4
318 31
71 18
234 15
98 2
495 18
211 15
475 22
317 12
225 2
31 2
493 24
97 8
160 1
277 11
248 30
398 29
217 20
90 30
35 32
320 9
413 26
455 3
500 7
371 4
437 5
358 29
32 18
364 19
174 29
190 9
58 11
190 22
259 19
428 1
318 19
173 2
276 31
321 27
102 19
351 14
295 4
170 19
13 13
221 6
377 2
311 3
349 20
60 11
278 11
103 24
85 19
29 9
105 29
487 22
391 1
447 6
396 12
216 24
353 28
298 1
198 12
15 10
107 27
356 4
265 30
35 2
436 20
414 32
264 12
450 31
237 24
44 16
216 27
244 28
46 5
148 19
148 31
140 14
293 15
341 29
156 12
110 27
291 7
335 14
423 16
412 31
31 15
494 10
65 21
17 31
129 1
205 8
383 13
233 23
43 6
83 7
301 17
141 15
67 27
496 9
110 8
351 17
214 21
90 31
285 31
241 2
475 13
393 29
493 30
383 20
51 5
86 19
9 26
145 12
405 28
416 30
251 27
358 25
463 8
447 23
258 19
12 4
335 1
440 24
382 18
215 32
138 4
134 11
377 18
74 17
121 9
147 16
107 28
40 17
303 30
168 8
24 31
143 14
287 10
37 28
107 15
99 17
50 12
95 15
65 16
411 10
360 13
261 27
413 32
387 11
137 18
275 12
437 29
369 15
203 30
391 1
8 5
257 30
425 11
188 13
222 10
26 18
7 14
400 31
437 22
485 9
192 27
84 24
380 13
350 30
210 16
242 21
81 15
478 5
201 29
197 19
467 7
4 29
212 15
243 1
40 3
221 11
338 29
358 21
109 8
150 18
299 15
90 11
389 24
87 22
436 32
364 26
210 11
78 25
473 16
421 28
399 2
243 16
150 8
156 6
159 21
279 6
195 28
40 32
287 31
377 7
114 28
328 3
310 22
95 30
77 20
145 23
361 31
414 18
339 9
119 21
225 13
158 32
468 10
207 27
176 19
181 5
174 32
463 19
265 1
116 26
424 8
168 8
499 22
145 13
354 15
389 27
215 27
498 3
96 24
289 11
490 29
411 23
180 21
349 17
281 24
286 9
75 25
192 5
90 9
113 12
303 18
22 18
400 31
52 15
426 16
469 31
12 7
429 7
103 29
487 15
92 32
291 18
429 7
443 6
171 7
461 5
408 22
194 3
204 9
5 9
140 9
43 3
203 27
46 9
247 32
392 10
156 14
356 24
164 18
305 2
56 14
363 16
451 28
474 23
5 3
283 28
155 6
499 26
148 8
218 23
75 25
84 6
291 27
17 26
440 26
140 4
439 2
311 9
409 4
43 1
318 30
261 17
3 27
34 2
302 11
396 8
360 24
458 10
474 10
455 30
147 30
261 9
299 19
474 28
58 16
324 28
45 24
200 15
194 21
401 19
187 8
223 2
479 8
399 17
357 14
218 20
151 14
440 10
252 13
157 21
133 32
388 9
416 27
76 9
23 8
456 14
123 22
459 14
413 26
258 13
415 11
124 17
156 28
14 23
328 30
419 4
354 27
489 21
245 4
229 4
391 24
33 25
65 31
318 9
52 3
98 30
253 21
31 4
136 8
166 24
66 5
275 3
243 7
39 19
178 19
310 20
155 6
285 23
185 18
48 28
381 21
54 1
69 8
393 25
331 30
20 20
346 10
18 32
261 12
279 26
27 8
358 9
430 26
103 18
95 30
53 31
498 6
460 27
393 4
123 28
113 2
471 3
139 5
398 27
396 20
189 14
116 2
306 9
39 21
214 5
410 6
460 4
76 3
474 24
474 16
43 6
89 2
396 27
354 10
330 21
173 10
375 24
267 24
36 5
88 25
141 30
367 12
257 10
222 30
261 19
29 20
133 29
169 32
47 26
173 12
474 6
97 16
485 31
380 29
19 19
473 12
168 19
463 16
484 5
209 29
231 25
400 15
57 4
243 12
441 23
183 10
112 12
114 25
142 1
173 13
163 9
24 3
188 14
458 23
170 31
267 9
255 2
115 12
85 5
267 1
124 13
291 23
228 4
35 2
100 3
234 22
204 5
444 7
242 10
413 4
420 16
16 30
197 2
485 22
191 31
306 2
52 32
252 3
55 7
352 6
197 17
268 20
193 19
494 7
316 23
402 3
438 21
261 22
250 9
415 28
200 1
309 19
372 21
381 3
51 25
284 3
169 3
351 30
466 16
500 17
102 13
220 11
21 20
25 22
428 11
266 3
215 14
229 11
486 10
217 28
194 20
339 10
255 21
427 12
384 10
204 10
178 15
376 22
402 20
172 30
395 29
308 9
10 21
399 12
498 31
87 31
319 5
404 9
113 15
144 29
108 15
334 14
270 25
187 31
165 14
204 11
146 28
19 20
400 6
355 13
236 5
87 22
366 18
478 2
172 17
178 24
320 3
417 29
276 7
463 8
313 23
498 30
30 4
465 1
137 15
325 13
112 23
130 29
104 32
10 8
432 28
407 15
402 3
191 25
129 6
468 29
172 17
103 13
185 11
481 29
238 25
249 13
419 11
381 22
190 6
1 25
429 27
224 31
433 18
359 6
271 23
206 18
143 28
346 27
227 10
352 32
482 32
16 16
330 20
274 19
137 2
492 26
385 19
248 25
332 14
82 27
136 32
248 11
447 10
457 1
271 28
488 21
112 11
4 5
250 9
312 23
107 3
452 7
73 7
159 24
8 29
210 24
380 30
274 22
255 6
499 25
242 22
481 29
341 17
145 30
465 24
328 3
314 3
413 14
181 8
142 29
164 23
184 31
12 21
220 26
390 10
143 27
408 31
187 32
311 24
41 8
491 17
198 9
351 19
190 28
386 27
72 29
34 11
443 5

