256
134 16
123 4
32 3
338 6
198 7
158 12
107 10
435 6
440 12
381 2
407 28
186 26
19 3
227 13
107 18
11 9
209 30
480 4
276 5
417 9
167 27
305 10
392 7
87 27
362 23
420 12
354 10
149 28
356 12
44 23
29 27
55 29
40 10
180 23
54 8
343 25
374 19
198 5
237 16
447 10
102 27
70 23
324 26
31 15
445 26
493 1
332 3
61 11
432 28
241 26
188 32
58 5
82 19
30 11
242 8
268 7
342 9
149 5
407 15
196 7
309 24
176 28
439 4
215 6
180 7
207 3
390 16
131 24
222 16
290 3
488 21
305 25
246 6
346 32
336 17
206 28
284 13
136 2
321 30
444 16
8 6
70 10
266 24
221 23
64 2
154 31
270 2
379 19
115 20
370 27
320 24
298 12
160 13
177 20
486 20
35 14
122 20
243 15
156 23
77 19
28 30
121 13
40 7
368 6
279 17
308 30
16 22
53 12
390 22
211 12
201 2
221 2
349 15
412 32
481 21
426 28
70 2
8 17
249 7
467 3
464 22
124 31
83 9
358 13
110 9
52 6
314 16
336 30
438 23
222 2
87 15
129 29
45 4
469 25
363 3
319 2
413 26
8 3
174 10
319 31
286 6
297 27
493 12
316 18
82 21
199 13
36 15
177 20
315 21
224 29
432 6
206 16
39 29
338 1
282 1
495 23
378 3
369 27
126 9
152 16
221 31
228 32
381 4
187 31
252 30
75 15
7 24
378 2
345 16
258 26
428 32
45 21
99 1
27 16
97 27
283 6
233 26
277 5
117 24
160 21
77 30
255 24
366 1
481 10
52 26
187 31
45 19
135 27
496 2
219 28
192 9
113 20
215 6
388 31
57 27
403 17
133 22
420 14
142 32
411 5
341 25
375 18
32 21
380 31
22 22
322 17
303 27
340 1
176 28
51 28
330 18
216 14
463 20
163 28
239 17
500 12
22 2
317 21
86 8
431 12
498 12
24 28
38 32
20 5
147 26
148 16
227 12
290 17
203 24
496 17
377 11
372 18
424 24
154 2
440 24
469 29
39 8
440 9
411 19
493 1
232 13
385 23
60 14
351 22
477 19
54 13
397 2
454 9
317 3
330 24
394 22
396 29
493 11
361 4
145 17
312 9
197 20
39 20
221 5
369 6
439 15
254 20
404 16
8 8
18 5
180 12
486 19
196 22
410 12
85 26
464 29
134 25
444 32
268 17
265 21
66 27
115 7
242 18
230 9
89 8
437 24
215 6
343 26
104 8
169 20
9 32
436 3
144 32
18 4
396 6
104 5
189 26
483 14
235 1
31 3
164 3
443 26
241 5
491 4
240 23
383 12
142 7
242 14
198 16
401 21
245 8
257 21
73 3
215 11
303 25
333 10
63 7
47 3
263 21
498 22
47 29
250 1
51 15
178 8
102 30
44 19
285 20
131 5
390 9
367 25
441 27
362 28
178 5
158 12
297 4
442 4
240 3
384 2
33 17
241 15
342 4
185 18
435 7
334 12
12 4
368 16
250 6
159 31
138 9
219 2
176 12
129 11
202 8
408 30
424 20
72 5
283 12
242 13
275 11
392 2
126 28
441 12
489 28
6 10
120 20
411 15
383 16
265 12
403 4
22 15
171 21
295 13
53 9
21 19
463 16
464 1
23 4
316 11
207 21
340 2
45 31
324 7
142 8
67 4
111 28
74 1
384 5
85 16
257 5
466 31
221 21
159 31
389 10
458 23
147 29
273 7
399 8
321 8
388 31
288 26
326 29
131 10
285 7
201 13
24 27
112 32
299 10
190 7
96 7
134 18
296 22
136 30
205 4
438 12
195 17
442 28
141 32
433 14
138 30
318 17
152 5
256 6
403 14
489 2
444 10
443 23
231 10
137 27
385 26
379 15
2 12
303 22
243 15
419 16
220 29
393 3
17 16
25 15
445 21
120 17
486 2
331 28
139 27
2 24
392 28
306 29
51 16
35 17
195 21
25 10
41 1
341 18
64 21
328 13
229 16
101 6
361 3
133 28
398 22
227 17
218 24
34 24
492 32
413 6
224 9
155 5
205 27
174 24
63 21
480 23
152 32
208 21
363 28
216 32
30 2
400 3
177 29
366 32
204 2
409 16
418 20
192 18
262 9
94 29
69 13
467 1
357 15
437 15
70 4
330 27
297 29
345 29
366 23
493 21
192 1
348 2
168 23
83 2
107 28
254 28
453 16
100 21
98 16
27 8
39 16
266 23
288 31
159 5
25 15
74 12
256 29
29 3
312 32
352 18
491 1
297 3
29 8
103 14
283 25
145 9
188 23
359 20
225 18
480 9
372 17
168 15
326 1
402 1
160 21
258 26
62 31
297 6
302 19
419 29
380 8
461 19
326 4
42 18
189 30
354 20
426 13
391 27
69 20
91 12
248 13
82 29
107 2
454 16
128 21
48 31
288 17
74 25
180 23
218 8
340 3
131 2
443 29
220 28
16 23
295 24
363 12
128 13
457 22
432 1
306 8
443 5
340 16
409 11
335 6
90 26
196 12
143 22
445 23
353 24
25 24
279 15
227 3
411 16
192 22
120 1
173 14
441 20
430 1
234 4
326 15
289 13
247 24
362 3
294 19
354 26
66 9
260 12
391 2
327 2
215 10
430 20
8 6
103 21
422 5
52 11
363 20
119 13
271 24
151 24
398 9
437 19
341 24
459 27
69 25
164 16
83 29
375 26
166 9
230 7
17 5
185 32
472 7
192 3
486 27
362 8
403 11
50 19
346 24
325 27
497 8
402 19
284 12
224 5
456 25
387 1
437 27
56 20
225 11
354 30
145 16
445 7
366 31
289 27
206 5
329 6
304 30
484 15
209 3
239 29
11 29
489 23
47 28
207 23
494 32
333 11
479 25
185 8
475 10
259 13
290 23
86 26
21 10
384 29
128 27
393 7
99 21
289 14
128 7
268 22
259 24
112 21
229 16
433 7
325 31
439 7
129 5
412 9
446 7
230 25
269 30
267 24
207 28
13 2
254 8
307 8
232 22
101 16
270 25
218 30
75 9
412 11
33 3
204 26
322 25
254 10
406 17
457 8
428 5
298 13
453 32
45 12
78 17
347 27
29 16
144 31
72 28
157 4
82 28
433 7
144 15
493 10
59 17
365 10
474 26
18 2
322 10
461 15
58 7
449 2
74 32
392 14
351 9
249 25
408 14
187 24
220 15
305 26
332 17
467 21
183 24
82 4
398 2
254 27
404 26
245 29
145 28
326 20
36 27
132 8
460 10
199 3
349 31
308 24
171 30
188 25
109 1
208 22
366 13
165 9
162 13
449 31
248 15
6 12
201 29
79 16
454 17
190 30
131 13
37 29
474 32
6 30
196 17
292 1
174 4
33 3
68 14
345 23
460 18
450 4
338 20
171 20
156 4
149 18
60 6
439 25
261 4
466 5
156 9
221 17
64 14
368 27
439 20
298 22
266 19
409 19
127 11
450 10
142 23
420 29
136 10
85 32
153 10
204 32
159 9
341 30
382 4
205 16
123 10
421 28
100 29
195 2
111 20
360 20
242 7
304 5
340 4
125 28
141 8
3 31
456 11
225 5
402 21
360 5
486 24
264 25
312 14
163 26
454 6
25 11
356 28
424 27
419 20
38 12
79 16
62 11
235 6
75 8
270 3
364 23
66 12
340 14
289 10
151 26
79 20
289 26
355 20
480 14
315 9
185 1
408 2
279 18
384 26
482 1
140 5
260 21
176 7
286 9
304 9
58 30
464 6
167 10
113 10
295 31
14 15
172 9
77 10
119 24
155 20
316 30
148 15
351 8
25 20
140 4
424 17
61 23
247 23
409 15
76 23
138 17
34 13
214 22
110 20
421 25
135 4
410 30
163 8
105 7
100 20
367 23
145 11
114 27
358 14
101 1
76 22
374 9
398 11
218 24
122 10
124 4
78 5
389 32
145 6
278 8
441 16
118 29
423 11
179 28
104 32
64 28
221 13
140 23
227 2
330 20
199 29
307 24
337 24
367 13
393 29
76 21
140 18
122 6
128 8
193 20
283 29
263 28
397 18
326 32
463 31
175 30
459 10
289 27
29 12
276 29
4 27
457 19
248 2
57 8
230 25
459 16
357 9
367 30
326 28
229 13
50 15
302 20
236 30
303 24
449 22
36 16
484 5
447 28
422 27
459 15
103 29
15 8
193 9
65 30
129 1
10 30
47 19
38 7
105 32
398 25
473 18
357 4
278 11
39 27
9 1
202 23
469 8
422 1
152 2
383 20
482 8
310 17
407 3
15 11
38 20
415 22
49 11
465 26
129 24
229 25
204 30
248 21
349 13
185 20
211 19
132 16
163 25
424 21
287 22
431 28
54 1
333 14
172 9
132 32
4 28
289 24
141 8
380 29
408 32
340 2
483 23
162 13
263 17
65 9
227 31
224 16
395 20
437 10
409 4
218 28
427 2
471 23
393 30
407 28
266 3
270 16
421 15
96 8
219 28
84 5
358 20
280 24
419 17
22 3
284 11
91 19
448 17
481 20
263 28
343 12
338 12
331 22
246 22
293 25
289 13
113 10
240 17
101 6
109 2
337 20
64 7
306 23
191 15
202 5
378 25
36 7
8 10
324 30
495 25
70 15
197 18
132 4
426 25
297 2
58 17
482 6
263 27
132 14
277 6
110 18
378 2
220 1
363 20
490 10
364 19
492 16
445 16
199 6
208 27
460 1
480 29
238 2
431 2
47 32
55 1
213 4
154 9
20 12
180 2
225 7
272 13
306 24
192 8
290 3
202 5
367 13
393 9
127 23
326 29
382 16
181 7
15 30
379 22
202 10
395 30
452 11
494 5
234 5
464 31
435 13
475 10
198 3
110 8
42 27
348 15
166 1
17 28
66 3
213 7
156 8
397 27
126 14
67 19
427 10
86 25
47 20
366 16
131 19
67 16
261 26
446 22
146 19
309 24
61 2
182 1
333 2
27 26
172 26
20 2
475 29
162 25
369 28
116 7
206 30
22 27
300 19
96 17
133 1
360 26
130 6
114 10
323 20
271 22
437 14
295 16
247 17
284 27
188 16
465 25
433 22
63 4
156 3
381 13
415 28
186 4
485 31
357 8
494 15
357 31
268 20
194 6
460 21
480 15
228 32
95 17
133 26
96 29
168 8
281 30
420 14
477 4
320 13
415 29
163 8
243 22
275 8
148 30
265 27
84 32
275 18
4 15
187 4
251 6
279 19
287 14
200 3
454 11
299 28
332 9
491 2
447 29
362 26
350 6
276 5
469 14
315 21
161 1
276 7
207 2
294 9
104 25
108 1
364 26
276 11
423 31
472 1
383 21
166 21
310 13
221 31
343 15
307 23
388 10
117 22
339 22
438 26
107 9
350 18
155 22
16 5
244 7
149 14
172 30
62 21
106 27
463 4
169 5
302 24
202 23
353 25
180 11
334 26
39 12
107 21
161 6
473 20
313 29
85 8
286 3
168 4
133 15
191 5
251 1
413 1
263 9
197 2
259 10
432 6
417 6
194 21
216 19
36 24
491 9
215 9
471 26
20 7
364 18
107 27
406 7
123 8
284 19
314 2
200 5
191 17
486 1
45 21
403 13
432 1
53 10
21 31
380 20
477 11
454 15
61 23
102 31
379 5
353 8
130 13
140 13
373 21
57 1
30 31
349 21
203 1
311 8
275 2
319 3
284 32
334 17
335 7
231 21
23 32
108 16
340 7
472 8
75 8
480 4
190 21
121 5
81 23
320 20
120 6
458 3
114 7
451 28
429 2
12 23
469 11
103 12
69 2
371 11
306 26
451 15
30 7
91 3
353 30
170 20
252 11
226 9
122 9
16 30
62 19
1 10
349 27
41 13
232 7
411 5
112 5
384 14
135 6
456 7
88 5
310 7
103 16
407 32
416 18
126 1
300 18
210 32
432 30
64 7
12 2
52 3
39 31
116 17
112 31
364 7
399 17
389 18
60 27
429 23
68 14
155 15
31 32
14 10
465 25
329 32
255 28
451 1
18 18
21 29
341 8
32 19
57 16
92 24
419 21
443 22
426 5
205 1
313 18
122 1
499 26
105 5
181 3
249 14
324 21
31 4
5 14
403 21
333 26
28 7
366 26
89 16
419 1
100 3
362 25
359 28
23 3
464 7
221 4
253 25
333 31
60 21
344 18
249 8
308 20
131 25
98 11
316 12
363 23
246 28
488 16
436 2
123 23
212 23
463 28
91 19
98 11
335 5
464 15
321 7
210 27
148 15
21 7
322 15
378 7
310 13
227 1
226 9
496 21
43 18
253 14
456 10
284 10
495 19
76 27
222 25
117 25
444 25
183 1
223 28
36 16
128 30
129 21
110 8
142 4
285 26
137 28
299 8
233 17
371 28
459 20
444 31
164 27
63 10
356 29
110 3
169 13
4 29
294 5
272 11
468 28
384 25
351 6
376 27
327 26
94 1
41 9
212 24
128 22
254 31
411 7
373 31
155 32
375 20
192 30
86 11
257 1
263 15
355 3
41 29
236 30
317 9
22 28
184 9
154 1
131 4
3 7
142 26
82 28
457 9
217 11
432 17
363 22
431 17
184 7
249 20
456 10
400 9
445 27
478 22
224 24
13 2
167 26
383 4
225 8
373 13
382 32
117 28
201 27
165 13
221 25
360 4
330 27
5 7
45 30
76 16
145 21
494 19
298 12
411 3
67 3
167 4
290 12
396 22
34 12
430 7
324 1
282 6
399 22
132 16
323 7
211 8
499 16
278 9
284 16
23 14
174 25
150 19
28 17
157 10
456 10
20 31
375 25
284 5
291 15
68 1
326 19
432 16
186 2
176 29
101 2
319 3
91 28
441 30
364 29
31 7
35 22
449 17
203 9
385 29
351 9
309 12
435 5
56 28
154 19
293 22
133 3
380 15
282 13
192 9
269 19
315 15
124 19
415 22
199 20
374 18
308 15
281 22
127 24
65 24
419 9
33 31
171 5
125 8
85 24
96 25
390 30
360 18
377 6
395 11
277 25
328 20
155 25
177 25
296 26
412 26
302 28
468 13
60 4
424 16
260 4
349 5
133 16
366 17
333 29
436 14
233 23
45 27
223 10
19 31
167 2
436 4
77 16
440 29
347 4
132 14
87 20
107 7
39 8
80 24
436 19
185 24
481 5
406 24
302 4
426 16
57 13
288 2
116 3
270 15
294 9
68 12
233 14
451 31
350 10
494 25
248 26
305 4
259 2
283 12
190 16
232 10
421 15
379 24
301 8
350 23
253 2
178 13
295 20
107 4
361 1
281 24
482 13
188 24
350 22
4 19
382 31
137 2
309 7
189 29
367 31
55 31
308 21
455 14
64 21
98 5
365 14
384 15
166 23
290 7
245 9
258 18
231 22
131 19
260 11
500 10
61 2
96 8
490 18
322 30
315 7
478 27
500 29
229 13
136 15
383 32
15 12
357 30
385 3
136 29
157 31
122 22
41 14
437 22
323 18
435 5
380 20
20 11
477 8
247 4
470 10
343 13
473 19
82 22
389 25
206 1
204 23
466 24
248 19
477 3
364 32
411 28
27 6
326 3
30 29
466 3
258 8
483 26
358 24
291 14
133 32
495 8
175 4
283 26
214 11
48 26
22 3
25 29
388 26
403 21
126 5
120 27
28 6
317 6
18 3
335 14
455 1
189 25
289 19
106 26
433 14
431 7
464 7
207 23
157 1
472 22
181 3
17 17
44 5
298 5
143 8
414 9
313 6
429 13
128 19
306 21
40 25
367 15
43 29
205 31
385 16
333 2
118 5
478 26
33 7
426 15
110 16
124 22
145 24
226 13
290 8
185 9
120 27
183 30
327 28
213 19
267 17
480 29
245 5
250 29
83 19
303 25
366 2
466 23
182 16
487 3
427 3
152 22
73 2
411 19
425 15
313 8
19 25
280 19
453 25
391 8
55 26
80 13
323 13
135 20
440 5
179 18
143 2
115 3
219 26
465 32
352 25
39 7
125 10
485 14
50 8
113 12
273 20
228 27
440 26
155 28
334 5
449 4
366 20
42 8
293 26
79 20
339 13
366 3
286 19
40 23
78 4
291 26
195 26
296 23
232 2
366 17
134 30
393 11
229 26
83 29
144 25
17 6
130 10
444 27
232 24
102 21
487 20
10 18
113 2
168 32
107 25
113 9
346 5
443 7
142 5
447 17
38 19
470 3
345 30
285 24
249 14
89 15
481 26
268 14
255 7
141 30
319 29
306 21
461 24
443 31
125 29
91 26
204 5
384 12
326 24
327 22
406 15
160 6
365 4
35 3
214 32
184 9
280 5
401 29
441 23
47 25
435 9
430 2
197 13
389 14
332 16
447 9
482 7
179 6
386 1
317 19
240 8
187 28
341 23
316 9
133 18
197 32
498 18
57 7
142 14
420 1
13 23
266 26
325 24
192 6
8 8
12 24
359 19
323 27
137 10
331 22
499 3
337 20
356 21
394 17
190 14
174 30
32 27
48 32
234 23
417 9
450 28
192 12
126 18
7 23
3 9
384 21
216 32
53 31
464 2
420 22
463 1
59 18
383 10
201 12
48 21
208 29
397 20
305 30
265 15
488 32
351 31
324 2
90 28
489 18
174 16
263 12
352 25
334 10
279 14
349 2
3 8
175 19
307 7
124 32
493 4
43 11
482 18
261 32
94 13
181 11
156 23
106 11
263 19
92 17
325 8
219 3
199 17
429 10
75 4
281 11
15 7
409 9
392 1
272 5
269 24
455 8
394 5
134 28
351 5
401 23
368 31
353 27
215 13
424 5
333 12
207 23
230 3
195 9
488 6
106 16
269 28
32 10
472 9
374 23
94 18
497 25
96 6
231 30
482 22
450 2
209 16
365 18
474 23
411 21
229 8
69 25
427 28
363 3
320 8
73 17
361 5
226 8
122 28
117 28
462 6
269 18
277 21
312 6
396 30
63 8
89 31
472 7
434 2
117 29
421 1
18 1
462 23
440 15
50 12
38 3
177 7
385 5
291 24
203 6
269 5
161 25
99 13
223 28
318 8
136 23
380 5
223 13
99 31
276 13
70 5
363 27
323 3
51 6
294 9
151 14
221 24
270 15
148 5
54 17
36 2
407 19
194 30
460 1
496 27
293 5
251 27
15 10
254 30
39 23
170 25
313 19
204 10
413 19
278 11
168 25
156 10
80 17

