256
422 27
414 9
203 10
179 30
5 32
102 18
266 31
149 11
203 2
205 32
422 3
31 4
342 1
248 28
314 17
406 7
7 3
203 5
465 18
131 13
1 28
327 6
230 19
220 17
441 25
12 18
435 7
133 24
203 28
8 1
472 1
307 23
83 22
39 15
243 29
220 23
401 26
361 18
224 12
266 32
356 18
229 31
172 5
418 30
92 9
446 12
189 5
42 12
262 28
22 32
101 21
98 17
342 18
186 26
390 4
433 1
81 10
387 12
374 21
329 14
433 7
381 6
379 26
245 4
205 10
347 13
63 24
361 12
106 31
321 7
350 30
91 22
267 6
385 20
338 9
457 22
339 25
243 25
110 11
208 7
457 30
323 19
350 16
126 31
230 3
153 15
52 11
360 6
424 4
309 9
308 26
383 27
454 25
67 4
464 15
230 24
180 28
142 1
87 7
187 24
65 3
246 8
434 9
137 29
404 6
322 24
63 4
62 16
328 4
283 31
254 28
62 30
416 31
166 2
174 29
170 14
395 31
58 12
76 2
389 19
491 14
42 5
265 27
273 12
83 7
235 16
419 32
121 26
55 11
187 4
195 20
169 5
327 6
121 26
272 25
232 14
422 22
167 22
228 7
481 14
345 11
498 15
215 10
448 9
108 3
200 26
342 28
243 8
446 15
421 9
223 13
478 12
278 8
33 17
286 1
19 27
80 28
245 22
337 17
266 25
327 9
98 8
184 16
40 5
54 16
345 4
464 3
475 29
170 15
302 24
372 12
290 27
187 26
96 11
226 13
171 28
177 21
424 24
460 19
341 2
274 9
345 30
211 20
34 21
326 7
40 17
6 29
499 24
214 26
419 32
306 5
343 26
357 30
46 29
80 14
34 18
422 2
147 1
49 8
217 23
367 32
423 32
288 18
268 17
367 26
292 17
274 11
358 23
252 27
151 24
140 16
389 30
413 23
46 6
418 18
40 12
73 2
360 12
87 3
212 30
312 12
330 25
490 23
67 29
294 1
424 25
252 28
346 1
50 19
330 16
208 1
455 20
34 6
491 21
292 27
426 3
410 31
40 27
145 10
491 6
27 11
223 26
430 20
146 24
15 31
151 10
47 1
2 1
271 28
201 14
398 6
369 27
232 12
57 24
217 12
18 31
314 28
373 27
11 18
74 21
197 24
247 15
329 28
175 31
443 3
364 13
352 28
499 11
491 28
15 28
455 32
154 28
123 18
10 9
248 8
10 20
159 28
38 23
59 17
289 13
291 1
45 27
236 32
281 3
451 7
490 1
326 23
24 32
21 17
433 12
468 6
211 23
401 32
465 23
164 2
163 3
110 28
301 29
103 1
127 21
376 28
309 13
259 16
353 27
68 21
46 24
430 4
14 26
59 26
140 19
435 18
381 28
361 17
93 7
113 23
367 24
335 15
393 5
210 17
75 30
381 4
165 30
431 2
491 9
359 6
63 22
135 15
189 4
475 9
310 16
500 5
279 18
55 11
482 17
119 20
394 31
27 2
160 29
87 18
297 29
483 32
90 14
6 3
317 13
263 26
272 10
154 2
299 17
425 16
325 7
187 14
394 25
127 1
21 17
55 26
361 9
381 31
210 6
285 6
218 11
356 13
309 29
243 15
69 27
91 13
413 1
314 6
342 8
211 14
356 25
383 5
357 31
371 23
1 3
444 22
53 27
411 1
160 17
172 4
375 14
325 11
38 10
445 7
430 23
93 9
123 27
205 15
90 15
397 30
433 1
159 30
491 21
50 18
277 13
230 15
334 6
290 8
395 10
102 32
92 2
313 14
373 21
44 22
296 1
403 20
133 5
417 27
334 15
125 30
39 2
113 21
111 6
96 21
487 9
33 14
447 29
143 7
213 22
132 20
478 14
292 22
446 24
437 11
26 29
93 1
470 21
289 4
458 16
288 8
136 12
373 2
16 15
400 25
404 3
440 26
416 19
195 2
291 31
344 16
247 20
380 24
492 4
147 1
255 19
244 11
254 28
324 6
334 20
350 14
106 9
323 6
372 21
235 6
352 18
477 14
366 5
166 13
228 32
306 27
246 21
77 16
369 16
473 26
475 18
291 25
462 13
454 21
482 4
198 21
117 15
134 26
235 7
191 26
111 20
148 24
248 24
59 24
476 27
170 10
204 24
382 6
277 31
202 6
226 20
294 23
426 27
28 20
78 22
325 8
65 1
247 17
400 6
280 31
188 25
29 12
465 10
409 21
97 10
202 10
213 19
368 30
477 16
1 14
465 30
93 14
2 20
46 21
349 5
480 24
330 28
279 14
269 19
238 13
353 27
391 25
137 22
55 25
357 7
19 10
232 27
407 1
154 20
338 6
480 9
390 21
176 32
306 8
59 3
13 15
333 11
475 9
12 29
286 5
436 8
394 7
266 4
252 16
103 29
125 14
257 18
95 8
34 4
79 4
295 3
2 3
345 24
448 13
209 13
429 24
388 30
162 21
473 5
276 23
205 25
360 5
118 6
96 27
206 27
94 16
117 15
126 10
275 29
22 27
9 6
330 28
123 15
253 3
108 20
373 20
484 28
477 22
38 4
104 11
450 14
94 27
496 11
380 2
348 25
308 16
202 13
456 32
480 28
122 15
439 26
102 27
429 26
24 22
354 31
412 27
28 25
221 8
428 24
497 11
352 5
482 13
441 5
228 12
496 13
358 15
194 28
357 27
389 24
292 18
210 16
397 2
60 1
113 11
69 17
113 8
265 15
325 6
31 32
329 19
401 11
313 18
498 9
420 26
400 28
332 21
267 24
198 18
48 30
165 16
271 17
388 3
223 12
92 18
115 25
484 23
311 4
165 8
316 20
397 11
147 12
27 25
307 21
91 27
34 7
322 32
87 1
191 22
124 10
267 23
406 10
309 4
397 21
375 24
57 12
278 23
499 32
468 26
28 26
364 6
368 29
217 22
450 7
115 9
393 17
15 18
482 12
366 6
148 32
89 8
11 30
259 2
22 14
371 17
339 14
314 6
122 27
363 7
289 6
348 17
62 14
183 16
389 24
273 25
287 18
92 2
79 30
11 12
131 29
353 17
466 18
378 19
196 17
214 13
274 9
221 11
126 31
230 15
450 15
403 13
216 6
238 14
48 16
98 14
480 22
499 21
115 20
87 19
172 32
351 25
360 27
132 30
326 29
352 15
215 18
215 10
99 8
76 26
199 17
176 2
474 6
326 12
105 29
454 29
212 28
73 4
227 24
261 16
417 12
178 31
365 25
413 19
344 32
461 23
364 20
424 21
161 14
128 17
14 30
393 5
385 2
500 15
21 8
14 13
371 28
420 15
436 20
402 19
171 14
25 2
497 1
222 25
50 21
273 23
282 22
139 11
131 3
481 15
250 23
292 29
390 7
59 5
394 12
307 12
321 32
449 25
132 2
177 13
370 26
447 8
115 29
22 5
75 10
99 9
200 14
297 17
452 15
117 13
167 12
260 19
107 4
8 10
229 28
122 27
133 24
102 3
4 19
195 19
328 26
107 28
387 31
320 27
461 1
35 7
212 31
466 22
354 5
259 7
156 20
33 21
151 2
239 30
460 30
436 15
431 10
166 29
500 22
7 21
274 30
439 1
40 20
6 29
376 20
179 24
347 3
24 17
48 2
2 23
47 30
146 21
35 15
146 15
352 8
495 25
249 29
313 32
189 14
385 8
433 31
299 7
478 10
127 5
84 5
384 10
122 1
459 8
395 16
190 19
459 24
223 28
321 4
347 5
205 23
276 18
498 11
268 23
396 15
203 31
227 22
313 20
318 7
355 5
78 17
163 12
432 1
95 28
272 2
464 21
376 12
318 13
166 29
51 9
183 30
96 29
191 16
108 9
382 11
425 11
359 3
198 2
323 29
98 7
438 29
275 21
4 32
242 29
28 4
286 7
249 13
323 20
140 19
152 17
245 8
183 23
366 16
448 12
376 21
338 9
310 12
182 25
55 31
186 7
66 27
497 3
203 15
458 2
453 17
418 29
388 12
3 1
183 11
144 7
199 30
427 16
445 12
25 20
382 30
286 12
236 6
466 30
304 3
483 21
383 16
305 10
203 4
374 21
314 21
147 12
202 10
224 27
33 4
350 31
161 7
214 24
268 23
185 31
453 19
179 11
270 4
104 28
495 29
208 20
49 11
171 3
280 26
101 8
345 10
430 29
84 15
104 27
25 8
477 29
158 12
163 27
343 26
398 21
446 6
348 7
312 6
449 3
264 5
458 28
498 16
317 29
234 12
487 3
60 15
87 13
470 6
144 8
367 29
500 21
350 3
11 17
217 3
307 8
7 29
291 20
4 27
288 9
27 6
495 26
88 10
154 14
183 13
369 13
42 17
213 11
67 27
256 27
33 14
114 3
178 5
246 21
363 5
418 5
10 8
178 30
197 4
359 31
332 31
280 25
299 12
320 2
67 31
500 3
340 30
342 22
222 27
50 32
324 7
29 9
83 2
486 31
241 16
158 21
423 9
149 29
280 16
290 26
394 26
149 26
107 2
103 24
428 24
115 27
471 27
288 13
201 9
183 1
469 8
217 7
128 2
315 4
185 1
457 31
246 25
16 16
446 6
383 22
473 29
328 27
344 19
199 20
92 18
188 20
73 9
154 9
474 28
164 26
424 8
292 21
429 15
224 26
128 10
451 17
159 31
247 30
97 18
249 12
179 4
451 27
44 24
155 21
424 14
379 15
290 6
220 22
329 7
443 8
105 30
260 23
376 3
116 12
304 4
364 22
3 22
436 19
418 19
267 1
112 21
391 21
315 18
470 15
405 25
450 9
10 14
123 17
68 18
60 3
305 19
56 27
237 7
205 22
285 20
198 25
116 4
149 2
50 23
424 14
235 6
166 4
287 20
480 2
377 15
76 25
314 27
339 10
325 32
407 26
15 20
358 26
43 30
264 12
124 11
397 2
116 14
453 2
349 24
255 5
323 6
109 8
164 16
37 1
491 15
98 1
398 11
190 24
312 21
32 28
344 28
145 15
342 2
361 10
233 19
119 31
149 11
394 24
174 22
152 8
224 17
372 5
407 2
265 3
366 32
6 21
427 26
372 4
451 20
310 20
50 28
90 30
358 24
214 32
117 13
399 17
466 15
165 24
36 17
442 5
76 23
314 11
449 29
122 11
268 27
82 21
414 16
219 28
359 8
155 19
148 1
19 17
27 24
337 30
464 2
167 24
77 28
246 9
368 15
423 7
354 17
155 31
380 13
390 6
8 20
416 8
301 27
120 3
470 32
93 25
438 3
176 26
294 17
38 21
344 20
147 9
168 21
315 3
378 1
488 21
452 32
392 8
338 20
283 11
171 11
443 20
337 19
121 10
243 14
290 2
470 24
134 5
88 17
36 13
209 15
202 4
278 29
264 7
456 22
125 3
272 20
234 12
38 3
89 8
216 18
218 17
17 19
174 20
3 29
273 19
435 2
223 25
418 2
179 14
383 16
500 22
223 5
465 8
291 21
39 23
486 24
43 14
311 28
309 13
480 1
376 3
406 22
479 32
435 25
49 13
312 28
174 10
484 2
145 7
394 32
133 27
143 3
232 1
95 8
118 22
473 13
340 10
442 18
53 24
179 21
44 18
500 5
376 16
206 12
110 27
407 18
329 2
268 28
206 18
451 15
140 11
315 31
153 28
353 29
483 27
158 22
372 1
446 7
140 31
471 5
453 29
342 13
130 10
192 32
175 11
10 2
65 9
349 9
432 17
274 23
231 23
144 22
439 6
53 7
92 15
31 29
103 1
177 9
334 17
272 4
363 21
378 15
457 6
348 1
278 29
155 32
255 2
313 9
239 17
123 11
239 26
375 10
230 15
278 3
123 25
274 25
329 11
116 10
228 31
26 5
435 32
216 13
181 25
233 8
97 4
250 8
213 24
381 22
378 2
208 5
58 29
337 6
336 4
23 23
266 24
272 28
431 31
240 24
219 29
383 32
32 16
355 28
459 23
37 12
244 8
188 17
428 13
38 11
180 5
178 18
164 29
497 19
139 21
58 18
413 8
229 16
423 23
39 29
169 27
68 4
22 24
416 5
484 9
212 19
217 17
460 9
41 17
327 7
397 4
240 21
27 8
104 1
402 14
181 10
68 4
185 9
207 32
389 30
405 28
57 21
340 20
353 24
324 23
411 8
118 22
380 4
322 31
444 27
124 32
145 19
224 17
483 30
429 8
176 25
471 12
305 15
99 10
394 3
392 4
346 26
158 6
153 23
208 1
53 16
72 21
226 3
378 29
281 22
432 28
342 6
39 26
416 5
7 26
263 3
465 17
260 22
334 24
304 25
212 29
76 24
257 10
282 22
214 26
143 9
17 24
398 27
334 2
396 20
475 6
442 23
266 17
265 11
317 24
344 32
480 11
163 5
276 17
74 25
358 5
485 31
404 15
133 13
48 24
429 10
38 22
312 19
423 12
106 15
348 1
470 23
423 5
415 31
281 21
187 30
409 24
216 20
406 21
253 21
80 1
474 9
402 29
124 28
213 25
266 12
381 24
238 3
72 29
1 16
345 24
193 9
63 9
120 20
313 28
272 8
404 5
65 18
233 12
333 9
120 23
208 28
38 22
154 9
302 31
164 2
398 4
102 4
320 5
131 8
445 30
228 28
350 32
5 2
331 26
83 14
140 30
301 29
439 6
341 4
312 28
89 25
63 14
20 11
115 18
366 19
255 1
258 16
236 27
390 10
304 28
367 3
113 31
323 12
473 3
495 8
370 20
345 28
477 28
166 19
218 24
1 28
328 19
428 24
225 29
481 32
140 24
174 16
14 32
7 26
362 10
122 31
437 2
14 29
181 32
356 10
63 20
222 14
318 17
305 18
21 6
421 4
485 18
115 18
293 14
188 18
123 13
88 19
126 10
323 10
133 30
408 31
386 25
436 23
333 17
97 21
378 25
364 18
315 10
63 27
451 14
465 13
410 28
483 7
5 14
45 13
335 4
183 28
284 23
275 4
211 27
320 28
239 15
5 29
12 15
364 15
21 4
35 22
83 26
169 4
27 13
76 17
368 27
433 11
229 31
470 23
281 5
82 11
323 30
276 10
4 31
296 8
170 19
306 32
404 26
43 18
390 19
142 21
229 14
111 29
484 12
451 4
220 4
487 2
117 22
227 12
104 3
144 21
57 17
228 32
126 23
241 15
241 18
123 21
308 1
481 11
16 3
407 27
462 29
128 6
358 6
49 5
228 4
85 28
344 12
447 29
286 11
335 10
69 13
198 28
41 14
18 24
460 20
142 21
372 13
202 1
475 11
41 26
294 29
190 2
141 16
458 10
323 9
304 23
249 17
470 2
383 23
49 14
467 11
467 26
163 28
419 9
270 31
191 20
288 24
53 4
367 18
205 1
154 32
135 15
65 8
396 15
295 8
492 9
190 30
450 9
478 28
489 31
179 19
162 22
114 6
245 17
428 5
225 17
161 8
335 21
315 14
23 13
230 30
221 7
324 23
271 21
242 32
251 12
494 5
237 28
330 25
440 1
282 28
190 2
375 16
370 18
106 24
150 19
461 19
105 16
245 8
288 26
339 23
258 24
303 6
291 4
327 30
241 28
98 22
253 28
453 18
161 2
69 11
96 29
385 13
165 5
280 16
466 26
342 3
153 32
69 4
276 7
229 8
354 26
297 30
150 1
283 2
11 23
324 22
83 8
10 31
336 21
403 10
110 20
376 31
388 20
262 23
190 2
382 27
168 26
352 17
278 6
126 28
188 30
98 15
9 19
369 17
452 27
350 21
15 5
27 2
373 20
120 18
130 21
457 17
30 4
113 7
146 18
299 5
391 20
455 20
58 32
96 13
446 29
422 8
373 20
65 25
88 32
159 29
36 23
13 1
478 13
76 3
66 10
308 13
325 26
356 2
437 3
243 19
99 16
46 31
315 3
420 10
350 2
470 22
248 18
154 17
310 29
200 28
158 27
332 2
472 7
216 13
193 18
495 7
177 24
465 3
206 28
245 28
165 18
293 20
400 6
489 1
27 24
436 8
398 3
18 5
157 13
129 17
246 15
491 30
367 28
264 32
191 12
479 20
426 11
119 1
421 11
385 19
498 29
334 19
291 3
116 8
287 8
148 12
423 15
305 29
446 9
64 32
428 23
195 17
17 26
381 17
124 18
235 6
438 29
72 12
271 15
27 14
135 11
441 13
17 2
197 2
18 4
301 29
6 20
2 27
161 30
311 16
499 14
461 28
318 13
368 8
71 26
349 17
272 14
113 28
239 5
453 24
421 30
52 2
249 1
152 29
287 7
248 13
212 1
73 29
93 16
320 7
37 25
220 13
310 20
300 20
345 5
155 1
6 30
394 18
111 30
218 29
360 25
33 23
25 17
303 5
396 22
484 9
142 3
93 19
238 28
202 14
144 16
50 1
266 16
458 12
341 31
124 16
492 16
474 16
113 24
337 32
101 32
292 27
226 28
397 23
128 19
249 23
10 18
476 15
93 9
2 13
108 1
336 31
485 1
318 17
288 2
308 5
325 24
483 2
335 11
217 10
33 29
289 31
262 24
317 15
196 7
491 7
499 23
105 23
487 19
283 15
428 23
15 21
42 17
6 32
431 14
42 24
186 10
6 24
445 2
358 32
196 32
147 15
174 11
381 13
377 12
139 17
106 13
261 15
353 26
226 23
488 23
246 17
448 3
176 32
277 13
384 12
233 6
370 2
484 31
270 13
266 8
17 11
264 1
221 16
394 6
251 1
65 20
110 28
303 25
256 27
170 27
254 18
20 32
159 15
226 1
67 7
40 23
65 28
63 9
123 17
434 17
189 10
425 2
214 27
435 1
157 32
459 26
357 26
237 3
184 22
147 3
304 11
185 12
194 16
356 16
56 2
393 16
139 5
394 16
395 12
172 19
135 10
164 27
459 5
357 11
362 32
245 22
246 5
237 15
380 21
106 19
382 30
383 32
166 20
224 32
307 31
462 9
377 30
283 11
26 31
329 27
346 1
256 7
58 17
381 25
437 19
428 26
336 14
189 18
437 8
413 31
11 3
35 15
352 9
425 1
159 14
467 5
30 11
447 19
419 32
80 31
18 23
24 1
316 16
58 4
180 3
198 30
197 8
428 4
252 4
276 22
457 30
266 31
20 5
129 2
244 28
496 21
214 23
465 21
435 7
336 30
345 25
155 13
116 6
440 15
137 19
129 26

