256
251 18
89 4
207 18
437 3
377 14
82 18
372 4
12 28
366 8
470 29
165 32
134 28
22 6
376 5
82 2
241 28
92 17
311 18
62 19
92 6
156 21
75 11
324 3
130 10
102 12
242 7
211 31
206 20
16 13
5 5
174 13
280 1
277 30
414 30
40 6
479 15
234 26
426 18
492 31
99 5
210 32
211 20
271 12
4 2
348 32
235 6
456 6
490 8
308 24
273 19
113 7
246 22
156 27
107 27
429 1
444 3
249 10
410 31
274 29
156 13
272 6
346 7
460 24
162 15
91 18
317 11
37 2
252 24
84 7
43 21
415 18
355 7
195 12
385 16
381 5
293 4
134 14
435 21
325 24
63 19
30 4
321 2
293 29
109 1
135 11
93 9
340 11
416 23
414 20
354 30
44 2
2 2
136 12
122 20
31 25
227 12
416 3
477 32
175 6
436 1
88 20
210 12
326 25
314 20
128 7
237 4
17 18
201 24
25 26
111 32
210 17
319 13
88 24
37 18
233 12
423 12
500 28
451 29
312 24
268 31
487 1
462 7
446 6
154 15
188 8
230 17
157 24
226 12
47 10
209 11
85 15
303 20
466 13
113 29
73 32
68 3
88 29
61 18
395 6
208 2
181 13
182 5
188 15
284 19
372 13
217 13
475 19
244 5
476 16
69 4
440 28
106 15
369 14
264 27
83 31
48 31
111 13
304 15
340 19
237 19
431 29
19 26
472 31
346 15
470 30
346 29
254 23
140 18
320 11
88 22
226 7
220 20
67 23
486 14
462 2
321 8
175 31
149 14
453 30
296 11
112 13
387 21
295 18
190 6
429 17
367 6
115 14
489 9
461 27
291 14
48 23
17 26
301 22
423 18
363 2
380 14
62 2
42 16
144 7
321 16
63 15
77 13
477 13
62 1
95 12
62 3
462 2
420 22
95 3
367 10
264 2
283 18
216 25
385 23
111 22
134 22
96 26
202 32
478 23
360 13
466 13
419 3
351 10
189 5
32 31
254 16
5 5
177 4
65 1
430 27
470 31
52 26
124 18
341 29
368 25
377 10
473 23
112 19
485 4
268 12
59 5
15 3
409 27
486 5
104 31
352 17
329 15
342 20
8 3
108 8
235 25
265 31
483 28
30 15
380 9
187 2
169 21
204 22
392 9
106 11
455 25
419 3
64 5
438 7
295 5
2 1
233 30
235 12
494 16
386 25
264 20
162 5
125 29
66 24
405 19
362 11
332 28
493 19
244 2
169 6
178 7
418 3
288 5
330 29
120 7
5 12
491 14
20 3
234 9
482 14
459 27
348 6
326 4
36 22
121 17
311 11
227 1
413 26
85 26
147 24
12 11
291 26
21 18
116 2
98 21
392 21
291 7
198 5
431 18
242 15
142 20
53 24
132 5
85 24
262 7
476 30
86 18
275 10
280 19
359 29
191 26
137 22
193 11
154 11
124 19
25 29
446 18
336 26
246 4
349 20
355 32
133 28
442 7
397 21
353 15
301 32
209 2
229 9
328 14
375 7
128 11
67 5
180 22
354 18
173 15
137 3
378 21
22 31
231 2
391 20
377 4
479 25
185 7
189 16
292 19
314 19
165 24
195 25
133 21
474 5
455 14
388 16
82 5
3 28
327 1
247 23
288 1
491 8
283 15
187 26
93 12
344 29
231 3
453 15
439 30
20 25
239 27
76 12
315 22
484 5
175 22
399 26
307 9
138 29
419 24
367 23
176 2
472 6
100 8
269 26
54 8
134 16
398 26
316 32
491 3
409 5
380 31
331 14
48 32
479 30
143 1
329 26
406 8
76 6
75 20
99 20
335 17
124 28
498 31
295 24
89 31
357 24
362 27
358 5
6 16
374 16
384 22
318 17
205 9
498 12
88 21
111 22
385 2
5 14
24 11
221 32
206 1
284 7
115 29
327 20
180 12
120 27
106 13
203 30
181 1
293 16
353 8
393 25
341 21
470 9
399 10
180 8
119 31
22 5
307 24
205 6
400 28
400 5
112 11
166 28
359 11
115 31
66 15
151 26
107 28
122 1
161 10
461 15
116 22
216 3
330 12
260 17
95 8
85 14
318 22
201 28
412 19
238 17
173 16
383 3
359 12
283 15
157 11
354 29
77 17
47 14
192 6
486 2
169 18
343 30
375 23
13 7
209 18
115 9
489 1
11 11
205 13
70 1
240 23
485 24
343 27
73 2
41 2
171 13
183 17
195 25
259 3
195 15
309 22
51 21
10 1
348 2
57 25
279 4
191 31
315 21
350 31
418 26
500 24
98 18
304 16
91 14
203 9
232 7
298 18
363 20
194 26
77 30
478 23
102 32
322 28
404 15
155 9
412 26
112 13
188 7
5 22
328 15
266 15
421 28
192 15
427 17
345 3
191 26
210 16
342 15
207 13
405 5
270 4
367 21
176 10
148 12
183 15
238 28
238 14
67 29
441 5
18 5
348 28
458 1
351 23
143 21
248 11
122 25
214 24
249 29
393 8
421 31
223 2
78 20
168 17
240 12
137 29
96 28
168 13
244 2
56 10
279 7
284 16
23 1
239 11
90 7
371 6
409 9
223 30
404 22
482 11
201 3
104 16
306 31
53 26
493 32
139 23
466 23
22 4
123 12
462 20
242 32
277 22
276 32
339 3
241 1
26 22
143 21
441 32
103 1
201 19
156 28
217 5
114 14
312 8
497 22
152 10
457 20
443 29
427 18
115 8
158 12
313 20
120 1
99 19
450 12
169 1
491 14
78 24
123 13
43 20
14 26
413 23
474 28
407 32
341 17
419 30
13 3
149 28
336 3
206 5
250 19
241 20
112 10
399 26
411 10
57 24
487 10
98 16
29 32
212 17
229 22
218 13
65 30
224 28
316 22
388 14
8 4
361 7
2 12
204 4
53 13
187 23
434 9
499 26
344 22
182 24
43 23
312 3
320 12
210 19
169 29
404 8
429 1
294 14
376 13
193 32
461 11
318 14
367 28
207 27
229 16
134 28
342 22
230 25
185 28
148 1
388 11
380 24
19 21
97 22
373 21
25 26
372 11
431 18
362 14
152 23
229 30
214 3
435 15
231 19
86 6
175 2
485 26
493 27
430 30
101 14
82 5
487 17
171 14
395 21
407 14
475 23
183 28
57 29
334 20
87 20
369 1
97 9
166 13
208 7
234 20
249 28
284 27
472 7
356 14
339 2
116 5
249 6
352 17
119 9
444 17
160 29
170 16
17 11
49 8
282 6
383 6
301 19
468 13
325 8
342 19
289 21
475 1
459 22
194 29
66 21
133 26
153 30
333 22
489 5
97 26
367 24
3 11
350 30
143 2
497 17
336 14
145 10
26 31
339 31
31 28
208 8
129 4
317 30
381 13
46 22
278 12
161 4
283 22
454 13
183 6
465 10
439 2
31 1
416 17
35 27
124 18
314 1
454 6
66 14
287 31
15 24
227 15
48 1
36 29
489 26
154 10
439 21
267 21
409 10
337 19
480 17
37 5
65 26
275 14
27 29
296 10
180 22
420 15
234 28
79 3
25 13
380 24
177 22
284 21
179 17
27 3
285 11
303 17
404 17
182 11
193 9
28 1
351 11
451 20
106 26
10 27
114 1
298 6
34 29
226 21
53 32
223 13
19 29
389 14
158 26
408 26
399 11
222 1
86 9
36 27
54 10
173 7
434 6
160 32
403 5
32 15
192 10
496 14
482 24
188 19
306 19
489 20
234 6
156 19
86 7
361 15
236 2
361 26
355 32
489 9
108 12
416 8
125 19
213 26
146 16
245 27
347 25
6 32
498 1
250 12
204 30
426 23
495 15
460 6
158 8
310 18
319 5
417 7
135 13
401 1
381 13
435 31
81 9
10 2
305 15
365 16
72 7
299 11
429 22
120 2
58 29
203 16
6 11
171 24
452 23
124 20
67 19
410 7
351 15
428 3
381 21
15 8
83 25
18 15
422 1
300 11
270 3
207 31
325 17
266 4
447 14
459 9
300 8
11 26
490 22
156 18
82 14
322 4
334 11
378 20
180 2
86 9
384 24
75 16
168 28
336 14
81 10
478 8
14 4
381 7
130 29
225 3
206 18
227 16
88 24
147 7
133 32
67 28
24 21
76 31
333 31
157 25
56 2
145 25
326 1
276 31
61 24
17 7
397 7
10 4
51 24
455 23
387 25
51 14
14 30
305 30
240 25
110 3
298 22
216 31
279 27
429 19
194 30
309 26
244 14
277 2
325 7
329 28
456 11
325 13
208 21
166 3
441 31
93 7
233 32
213 11
2 2
53 11
143 22
340 2
31 1
32 8
199 28
271 6
442 11
474 13
428 27
299 12
470 19
458 14
51 23
64 12
368 20
303 22
329 26
247 12
110 26
67 1
489 21
166 26
283 24
430 30
482 20
430 11
119 27
4 25
113 15
276 8
35 26
341 11
72 20
222 13
217 8
193 2
476 19
487 27
202 1
172 27
144 1
338 26
44 29
486 12
260 22
488 14
43 16
8 2
119 14
499 16
221 27
393 17
253 11
159 22
147 2
341 31
135 22
256 30
370 10
185 29
207 28
126 13
352 2
419 14
215 29
9 3
311 13
483 4
484 29
221 2
175 9
272 1
442 24
338 16
325 6
144 31
46 22
483 13
107 25
70 5
21 23
459 12
183 26
99 26
286 7
148 20
84 27
472 13
150 17
188 18
183 8
208 24
305 27
328 19
295 29
287 8
179 29
499 22
38 1
379 12
267 10
339 22
297 19
375 22
119 30
124 25
245 23
232 1
225 19
163 4
160 9
187 2
46 29
403 27
281 6
462 3
159 5
397 19
111 27
105 25
184 16
86 29
262 1
181 23
80 16
358 3
496 4
280 29
228 27
328 28
316 29
406 14
441 22
281 23
276 9
484 8
464 1
92 29
237 32
63 20
171 12
406 7
315 26
411 14
72 26
401 19
231 7
212 23
312 32
74 12
228 29
399 31
477 22
120 29
113 14
29 4
454 6
302 8
323 12
162 18
154 30
132 28
72 4
54 32
187 31
323 11
387 29
309 23
62 4
76 6
462 4
161 11
93 18
34 8
378 7
161 3
461 29
414 8
488 15
267 2
298 17
292 8
161 21
47 30
380 18
248 9
429 12
255 29
222 5
288 27
187 29
481 15
445 26
31 24
212 29
309 21
90 5
45 26
53 27
472 16
416 27
273 32
330 11
68 3
371 32
353 26
8 25
408 20
78 30
439 26
439 3
2 8
51 10
129 31
136 24
387 15
22 7
246 24
241 10
106 32
21 23
373 4
143 32
183 1
70 1
214 24
219 7
239 10
261 31
76 20
319 22
151 8
324 16
395 13
61 25
380 1
311 4
164 29
383 26
25 32
318 22
15 29
453 21
10 13
472 13
312 10
399 2
333 30
210 16
490 10
80 21
55 22
324 14
342 27
416 15
362 1
456 17
473 32
333 2
324 24
419 12
297 17
449 18
242 30
61 24
132 8
304 18
381 4
255 14
186 6
292 23
107 32
127 3
211 12
413 11
467 19
374 4
351 2
97 16
184 21
175 7
148 19
500 24
106 22
453 19
128 1
393 2
196 16
164 30
183 8
144 29
110 29
264 28
191 20
404 30
368 18
188 3
408 27
246 25
144 31
359 11
295 20
356 30
123 16
99 29
447 3
157 17
111 25
220 29
132 23
26 20
405 29
70 12
455 16
381 7
366 15
73 12
490 29
205 4
300 3
120 2
397 25
6 4
49 30
160 28
200 26
235 28
454 5
120 13
324 12
359 1
90 3
404 28
211 20
395 10
262 31
460 27
495 29
18 7
190 29
278 14
66 17
197 12
21 16
280 8
167 10
236 21
272 19
40 11
98 14
196 27
4 31
17 2
472 18
244 21
63 10
254 4
90 11
499 14
118 6
157 21
119 28
97 27
234 24
77 19
421 24
189 17
483 2
274 18
91 26
466 1
243 8
485 28
22 19
145 11
113 29
479 7
396 7
325 5
210 5
459 3
229 3
407 19
56 4
16 23
401 9
355 31
52 27
178 1
322 2
416 6
474 10
368 21
469 13
349 14
297 15
12 13
10 2
439 21
302 2
267 2
435 2
49 26
460 26
411 9
400 6
270 25
219 26
446 31
34 6
421 22
157 28
411 6
54 1
434 3
303 5
260 13
322 4
74 1
34 32
266 25
309 23
9 20
376 30
270 21
304 30
295 24
474 13
477 23
53 22
85 15
462 28
443 31
4 1
268 29
352 9
173 5
271 5
392 15
191 9
259 6
203 13
305 32
109 25
406 6
394 14
220 8
185 15
490 8
383 5
76 14
493 24
246 12
133 9
114 31
150 28
168 24
129 32
379 1
456 12
102 5
125 26
56 1
40 18
349 22
6 12
7 3
24 21
114 32
93 7
330 14
302 1
445 10
320 27
371 23
310 16
327 30
497 7
95 16
484 7
309 13
218 8
191 21
420 28
248 24
234 17
106 4
425 10
317 16
429 23
74 10
363 1
24 15
487 6
247 30
412 3
162 29
222 25
222 5
360 5
5 22
398 2
481 6
215 5
270 15
188 27
233 2
95 32
408 1
77 14
254 16
413 8
320 26
472 29
127 19
362 27
276 23
92 32
432 6
257 17
301 32
396 13
493 6
492 16
423 16
258 4
407 14
295 10
155 10
119 5
301 8
263 4
90 26
184 25
364 8
74 20
383 21
48 7
310 11
478 32
458 19
112 24
108 14
293 7
376 7
395 20
242 10
103 11
215 26
204 2
429 13
93 7
97 20
389 26
30 3
490 23
305 29
54 21
210 15
27 1
461 5
464 3
282 11
385 17
56 16
426 5
68 7
499 28
10 24
274 24
106 15
82 14
215 28
322 20
186 28
213 30
325 8
200 14
446 13
306 22
228 16
338 24
102 4
163 15
75 8
206 20
50 20
90 32
127 3
392 24
315 8
309 31
131 21
96 1
297 10
430 28
337 15
171 14
306 6
104 13
121 2
412 3
449 1
490 3
116 21
386 2
188 14
420 11
406 11
99 2
120 32
430 12
498 16
97 31
137 21
387 2
362 11
132 10
151 5
384 14
354 5
195 21
18 14
63 20
481 9
329 12
188 18
260 21
210 16
44 22
56 30
455 25
228 26
78 19
411 13
496 24
285 15
8 3
156 11
78 20
231 10
88 27
164 23
307 29
54 2
218 10
132 9
230 7
462 4
441 32
120 25
487 1
479 3
59 2
417 24
122 31
41 21
417 28
259 8
428 16
277 10
273 8
22 27
471 19
162 7
59 13
199 9
389 5
391 15
311 23
82 28
306 7
344 14
30 26
297 26
265 30
307 2
333 20
244 19
14 25
66 24
389 24
469 18
441 11
76 3
370 6
386 23
484 13
396 13
182 25
174 14
470 8
187 26
11 10
309 1
186 6
300 7
489 24
204 25
331 23
383 4
288 24
374 7
348 29
488 9
17 25
327 10
493 5
344 27
295 16
231 16
377 19
258 17
150 13
498 12
92 4
179 31
500 8
206 31
377 25
80 25
205 30
83 17
122 6
404 16
429 6
100 9
16 21
225 2
170 2
497 5
454 28
195 1
283 8
355 7
444 6
256 17
191 2
49 5
467 12
432 27
290 19
255 9
92 27
322 9
53 23
225 2
198 15
14 20
171 32
491 22
302 26
466 8
435 7
360 1
318 32
499 3
26 29
264 25
231 21
229 19
107 13
492 28
76 21
488 18
373 10
63 26
75 13
369 29
43 13
113 4
224 23
319 29
363 18
366 9
370 22
80 17
251 15
484 30
428 27
423 24
300 21
325 6
365 17
234 19
125 30
471 8
308 29
449 6
74 26
467 19
111 10
271 17
468 15
38 27
77 28
46 13
149 2
102 17
119 20
272 15
33 26
295 5
30 27
214 3
408 24
397 2
429 24
83 25
126 32
495 14
284 5
430 12
114 12
444 24
219 31
327 15
456 29
295 13
215 29
291 10
392 4
343 21
59 29
421 32
249 31
237 24
159 7
315 9
198 30
356 16
177 6
370 20
6 17
173 24
377 15
45 32
354 12
292 12
16 32
447 4
183 24
147 1
54 29
465 15
71 9
370 23
354 27
82 16
255 10
431 23
69 8
103 10
215 10
186 26
162 32
494 8
19 24
36 20
101 17
174 15
173 31
121 6
134 14
237 4
456 28
223 16
143 17
297 21
422 14
438 3
318 11
278 4
423 18
260 23
166 25
397 26
180 9
363 17
70 20
52 13
119 14
252 17
450 21
321 24
382 18
306 15
189 4
387 31
249 10
485 22
282 25
103 25
101 13
125 22
268 29
399 14
154 30
498 8
198 2
327 20
428 24
482 16
419 20
78 15
217 2
284 31
146 18
163 26
203 32
267 30
168 17
208 5
167 9
276 32
227 10
147 30
438 21
121 28
348 26
375 5
463 14
415 20
396 25
205 30
216 27
271 19
340 6
56 26
239 3
73 25
285 12
470 14
52 2
429 7
491 19
315 21
313 13
60 32
158 20
9 29
290 23
460 25
461 7
338 11
197 11
15 21
334 24
406 21
277 11
135 19
489 6
71 29
30 14
360 23
449 24
264 14
499 3
367 11
89 24
9 17
466 23
470 23
210 7
387 6
209 6
308 14
323 30
350 28
211 6
95 11
429 6
396 11
432 30
237 16
170 9
156 23
119 5
138 12
352 24
369 28
397 8
109 7
53 19
275 15
168 21
273 20
78 17
375 1
282 19
232 3
208 15
438 26
216 7
358 31
450 22
478 27
254 3
417 2
45 3
273 12
263 9
11 16
213 29
52 7
200 31
297 11
374 2
84 1
12 9
155 6
371 24
160 28
70 32
485 14
471 13
381 25
154 24
277 14
480 24
64 3
315 29
437 4
150 17
128 6
165 2
475 23
117 10
214 19
265 15
4 11
307 25
172 16
128 12
30 3
479 17
490 25
9 18
480 11
298 31
172 27
92 26
201 25
483 3
395 11
465 10
186 11
134 25
83 17
156 24
72 6
408 25
427 21
486 26
427 12
217 14
450 24
95 22
16 9
268 26
27 8
12 8
355 5
420 13
406 3
252 9
61 11
389 7
75 10
96 29
361 24
450 26
324 16
16 31
324 7
453 11
219 28
414 1
108 18
65 21
112 16
193 28
474 29
10 25
159 2
253 27
473 31
33 8
98 4
487 6
34 31
124 24

