256
416 4
21 27
14 5
113 7
347 2
476 24
286 15
58 28
283 11
270 18
198 4
372 15
179 18
379 26
166 1
125 30
384 9
396 18
453 20
24 11
133 19
282 23
477 16
194 4
266 23
173 12
499 20
210 21
126 24
166 3
196 31
224 27
491 24
32 20
479 3
242 32
406 32
234 22
419 7
345 8
93 13
147 23
265 12
472 6
499 25
32 26
131 8
477 30
227 32
417 9
415 14
372 24
385 29
405 27
235 6
339 32
470 21
270 18
397 1
475 3
230 31
89 16
114 17
185 4
424 29
100 18
111 20
9 23
280 22
150 19
15 20
342 12
324 7
70 8
204 20
115 1
254 7
348 23
471 29
262 6
133 6
232 3
185 32
90 8
5 11
478 15
78 11
355 5
134 24
473 25
171 23
473 29
345 8
495 19
204 13
60 29
470 15
431 10
383 24
117 3
110 11
110 31
469 12
440 6
239 16
290 13
54 22
389 2
286 28
64 1
344 11
177 25
118 28
318 8
331 18
90 21
232 27
127 17
14 22
154 8
329 20
365 10
409 29
131 6
488 30
387 31
21 3
495 2
374 24
341 17
98 18
497 5
333 23
381 18
41 11
450 17
330 14
455 6
270 5
488 2
483 18
292 11
288 23
492 18
450 20
70 23
465 6
228 17
392 16
143 8
346 28
5 23
461 19
117 18
247 8
339 25
329 19
231 12
269 14
481 22
405 30
117 6
319 8
18 31
155 24
346 17
455 30
27 27
12 3
145 7
98 31
487 2
317 2
394 25
143 10
7 16
480 27
121 10
170 10
212 24
150 14
176 20
111 15
371 27
197 27
233 27
201 31
424 10
140 9
306 15
247 16
34 26
138 18
375 11
291 11
483 28
496 10
396 2
212 30
432 9
132 28
407 16
235 30
53 26
351 27
360 25
374 5
174 20
398 20
170 17
486 32
332 21
162 27
143 1
344 18
133 15
238 11
11 8
73 23
49 15
125 9
223 27
5 24
214 3
295 11
295 9
239 30
317 20
205 19
124 16
33 29
227 18
147 29
445 15
151 25
345 4
105 3
478 14
462 11
216 5
129 2
93 31
487 9
118 23
220 6
91 32
350 5
373 8
405 9
419 19
13 19
34 2
330 19
431 15
257 30
103 18
155 31
104 29
456 2
184 3
167 26
426 8
442 18
215 30
318 5
104 26
248 6
299 13
352 9
71 21
374 14
494 4
220 21
373 19
22 20
349 28
33 22
407 10
275 18
23 32
254 22
422 13
467 20
429 19
301 20
427 2
377 12
406 12
220 6
271 22
37 19
133 5
97 20
246 15
161 20
315 26
97 8
119 4
307 31
234 23
250 28
485 18
431 30
74 6
223 28
95 27
166 12
31 22
119 12
485 3
99 19
396 7
386 2
462 20
265 31
3 18
354 3
140 32
432 1
138 2
260 32
264 9
311 26
39 9
273 3
59 3
173 7
269 14
172 19
453 8
425 11
450 11
145 29
266 12
5 15
229 24
487 8
40 25
489 30
430 5
452 12
335 20
146 16
385 26
186 2
105 18
144 26
240 25
198 6
68 18
260 17
317 2
492 9
99 25
286 28
445 6
219 4
213 25
87 26
386 20
287 18
381 6
396 1
274 1
330 2
147 25
490 27
391 9
23 21
165 9
368 30
398 22
93 6
302 19
411 31
302 25
29 10
331 28
6 28
220 15
445 14
128 14
33 2
119 11
6 23
363 5
96 32
310 20
74 8
218 4
298 11
181 22
53 27
453 30
466 13
97 19
390 20
400 2
93 22
329 10
153 31
174 32
155 7
288 4
94 25
211 20
376 3
273 24
457 26
189 19
250 1
37 31
212 4
413 8
306 13
105 6
135 30
57 9
113 24
368 18
201 19
301 20
173 14
59 18
151 31
404 12
236 8
390 19
79 10
103 4
246 11
45 1
337 14
373 13
149 21
6 21
23 3
128 27
84 18
28 22
137 15
485 16
74 10
170 1
380 28
240 9
183 13
209 15
90 18
319 30
26 24
439 12
334 26
446 9
456 18
2 28
256 30
167 22
64 12
186 27
312 25
271 14
413 12
216 30
117 22
92 2
61 14
41 7
299 18
163 18
459 13
197 3
354 23
248 17
51 13
211 10
61 14
59 10
17 18
327 21
159 2
274 19
299 2
465 22
151 8
203 22
496 20
28 29
114 15
118 12
59 24
229 31
13 11
444 29
412 15
13 2
40 6
141 31
303 13
288 26
436 26
119 7
241 6
132 23
272 17
370 14
280 23
152 13
237 20
25 29
70 26
70 17
27 18
151 6
167 2
487 18
280 13
385 8
102 28
78 5
116 32
406 19
398 29
391 22
4 8
134 17
305 16
386 31
265 16
364 31
178 2
237 13
306 9
180 31
340 18
131 15
57 20
201 6
445 32
291 32
211 13
225 7
332 18
49 28
497 9
83 18
114 11
334 24
143 18
178 22
475 25
288 19
196 4
188 28
283 18
292 9
458 12
211 25
477 20
89 29
376 15
351 5
193 12
112 11
401 18
168 31
302 3
109 21
146 8
489 9
126 12
125 23
147 32
76 19
299 4
299 14
38 29
366 10
37 14
268 5
119 19
16 8
93 20
268 26
272 12
18 21
239 19
183 13
182 26
211 4
273 14
357 14
362 2
391 18
403 10
39 13
444 26
144 16
29 16
126 8
371 11
48 18
489 7
198 14
340 29
205 29
270 1
422 19
487 1
381 17
174 27
262 6
324 17
5 32
168 30
356 27
477 3
352 5
485 9
339 9
161 3
437 14
456 14
413 6
374 5
330 24
63 19
369 18
200 17
441 3
207 24
109 23
51 8
351 3
213 13
63 21
436 15
155 19
61 3
184 10
63 13
185 5
308 29
214 3
278 6
225 28
154 2
370 24
497 12
442 25
261 5
434 8
207 16
438 15
6 17
405 24
337 25
44 28
346 17
2 3
114 3
310 19
264 15
174 12
250 4
469 18
324 18
57 26
341 18
149 18
466 1
117 31
345 4
298 14
120 24
16 9
82 13
56 29
355 5
104 21
196 12
466 15
177 31
401 29
220 17
66 18
453 22
192 9
45 9
43 12
344 6
101 25
235 16
269 13
236 29
397 28
500 7
154 5
441 18
397 20
102 15
49 18
348 20
407 29
285 17
260 28
358 28
53 8
219 9
385 31
249 21
90 13
199 3
277 31
297 17
3 22
339 23
156 3
495 2
283 7
362 6
406 7
106 22
163 12
483 3
130 3
383 3
331 18
462 31
72 26
132 2
359 14
329 22
360 3
279 14
453 8
36 10
211 21
20 29
316 30
123 10
436 21
16 15
438 17
225 22
86 28
287 25
30 15
310 25
141 5
31 25
80 26
303 26
58 2
14 13
27 20
170 30
345 2
80 14
14 25
347 28
364 26
396 29
452 1
282 25
497 28
185 17
81 19
218 2
12 32
362 18
71 4
204 27
69 27
401 22
291 11
33 7
232 4
399 12
337 24
276 9
343 20
261 7
151 3
412 26
62 22
404 20
9 27
399 29
93 23
10 8
45 3
390 5
174 16
312 10
320 19
47 26
250 11
289 12
489 8
266 14
29 17
34 21
127 16
465 31
82 3
454 6
221 19
106 10
483 25
460 10
355 6
167 17
368 3
208 29
211 1
258 7
141 11
128 27
74 12
338 31
418 31
485 18
134 14
88 20
359 15
121 17
256 31
21 3
298 29
479 12
201 9
98 14
379 13
460 13
317 1
311 6
440 15
428 17
237 19
392 3
413 32
11 20
2 20
290 31
112 21
158 12
357 28
5 15
332 1
39 32
465 6
438 32
348 29
328 16
231 19
382 15
434 5
162 16
276 23
438 7
423 24
50 7
407 11
366 26
223 16
238 11
105 31
295 9
391 26
240 9
45 10
115 30
366 24
469 5
430 27
231 25
206 28
131 4
186 20
201 16
104 22
151 24
464 5
364 14
270 24
178 10
225 12
496 14
123 20
286 17
222 28
405 31
295 7
390 29
235 31
444 30
232 6
249 8
38 21
253 8
216 11
325 12
278 24
85 25
136 10
305 25
385 17
488 27
447 25
215 17
171 3
222 11
252 3
450 18
83 6
301 2
188 9
441 6
297 5
218 12
246 6
140 18
434 27
12 12
356 3
265 10
385 10
280 12
456 5
129 2
135 21
39 26
258 15
287 30
207 28
337 32
229 12
433 22
307 29
394 26
23 30
391 3
143 23
246 19
251 11
340 5
7 23
207 28
61 29
169 24
201 1
219 25
37 8
443 19
448 16
356 2
345 14
80 19
268 17
289 31
51 25
255 26
211 1
25 19
158 14
38 22
254 1
490 26
112 28
484 11
471 23
380 23
437 15
6 8
135 14
426 26
126 9
299 20
493 7
459 6
72 16
359 2
456 9
467 23
484 7
329 15
141 12
121 1
370 14
485 25
272 14
394 1
442 4
85 31
218 27
436 30
390 31
467 26
199 25
116 10
235 17
136 28
4 29
304 22
234 4
230 5
50 31
402 7
166 26
277 11
28 9
172 29
63 6
466 13
423 6
442 29
378 14
384 17
38 20
106 19
327 19
276 8
161 29
367 18
14 19
61 9
207 4
161 1
74 27
381 8
60 3
4 21
104 28
169 25
427 11
411 5
165 2
481 14
66 27
3 19
341 27
323 8
499 32
168 8
314 21
271 25
75 18
161 6
365 17
170 27
159 8
396 24
470 12
1 7
74 3
466 18
270 20
313 28
123 1
395 12
233 17
160 11
290 16
336 15
353 13
149 27
84 8
186 29
123 22
440 24
41 29
462 22
396 2
281 3
106 19
158 22
191 18
348 4
341 15
338 1
187 27
408 15
234 13
27 21
131 14
404 27
74 21
184 26
491 32
192 24
490 9
138 20
18 13
363 27
20 9
403 22
391 22
328 4
255 15
184 5
24 4
259 6
156 14
271 14
257 26
446 30
310 19
129 28
271 7
38 26
43 16
348 17
454 19
261 8
381 12
296 29
235 10
206 7
347 32
388 3
437 25
200 26
471 16
277 10
170 10
383 5
458 18
201 31
257 9
322 5
257 17
245 3
22 2
85 16
425 29
470 25
9 17
311 32
200 7
425 21
253 11
285 10
389 14
472 1
298 13
485 10
261 6
249 22
31 21
149 8
9 22
20 6
490 18
201 5
269 13
261 9
283 18
230 19
383 25
19 20
345 24
438 1
85 10
238 3
370 26
274 15
207 10
100 20
475 24
88 19
276 16
115 26
245 12
81 31
248 31
11 8
454 16
48 18
485 29
357 22
374 30
436 4
127 23
479 2
186 14
48 17
118 15
371 30
358 23
193 30
253 15
49 11
2 13
448 22
437 16
43 31
138 15
242 20
13 25
217 19
490 9
11 3
279 13
321 16
35 29
93 24
419 18
346 8
294 29
109 6
301 7
40 26
129 6
53 26
206 2
44 3
386 14
302 32
491 6
151 29
338 28
164 12
441 21
379 10
6 15
315 30
489 19
447 10
340 3
463 21
120 14
91 13
263 28
20 21
217 27
278 2
118 5
13 2
154 31
143 11
81 25
20 2
15 30
39 2
464 13
250 4
6 13
440 20
84 28
373 9
334 26
58 11
294 23
360 23
165 22
161 2
310 8
19 25
145 13
382 5
57 16
44 18
324 23
33 3
146 13
411 7
258 21
429 4
391 28
54 31
493 27
356 31
246 2
331 7
430 16
55 6
343 18
251 26
284 28
277 26
392 7
260 14
7 17
405 5
180 10
156 29
376 3
327 6
237 17
216 18
368 22
4 31
71 14
432 14
241 20
135 17
247 7
486 21
287 14
2 2
51 29
490 27
371 24
400 3
324 11
125 8
88 12
458 6
85 29
363 2
97 26
14 11
96 15
447 22
92 24
347 18
308 21
68 19
4 11
137 20
285 9
223 20
240 32
233 13
68 12
206 12
297 31
210 4
69 21
273 8
308 15
153 32
307 5
146 15
391 6
342 4
395 28
251 2
95 16
14 22
431 27
30 31
141 23
118 5
99 26
220 23
212 5
374 11
297 7
33 23
4 26
66 26
289 17
236 15
152 9
396 26
172 5
160 28
368 25
373 6
370 12
224 25
168 17
303 24
171 27
3 3
60 8
276 8
236 23
82 23
112 26
172 3
106 7
446 25
311 30
291 16
262 26
465 25
167 11
245 1
306 31
363 25
18 31
65 30
1 22
492 20
327 4
98 13
346 20
257 9
213 3
392 26
265 32
255 7
327 3
471 16
449 10
496 6
176 8
219 28
410 23
344 12
78 5
20 3
188 29
135 9
27 3
226 27
382 20
277 12
182 8
191 22
433 3
96 24
450 30
487 7
80 2
299 13
123 10
284 30
298 26
62 5
444 8
319 30
119 32
237 17
195 4
282 23
466 1
438 15
395 32
126 18
254 8
483 8
93 14
37 23
35 11
419 3
386 25
8 12
36 8
8 30
23 2
60 16
18 1
255 32
273 20
386 2
7 16
105 11
485 13
341 3
239 27
497 8
200 4
332 11
100 15
317 22
480 28
462 18
77 4
261 29
299 2
78 17
217 6
107 13
322 28
220 9
410 20
388 9
276 3
344 3
262 28
348 1
239 29
442 19
228 3
15 22
52 12
34 21
273 1
469 3
440 16
359 17
460 26
310 27
169 13
461 14
16 20
374 30
321 32
421 16
370 31
130 5
379 11
189 27
155 26
301 6
401 7
147 12
109 16
446 29
312 2
58 3
66 23
284 6
98 16
137 23
343 26
240 25
281 20
75 15
289 16
233 22
238 11
401 22
38 7
122 21
104 27
379 29
462 22
258 7
218 23
378 20
12 25
132 20
396 30
79 25
285 23
374 3
393 14
72 26
472 10
482 28
76 4
96 21
21 26
448 30
100 25
149 31
441 28
255 28
190 21
372 6
495 1
200 11
223 32
20 2
317 17
473 12
212 21
281 12
126 28
322 29
404 26
187 4
102 13
383 15
125 19
468 11
351 28
209 1
291 24
471 3
432 31
202 27
215 14
227 32
265 16
416 28
369 23
215 30
395 30
112 4
204 32
342 2
99 3
331 21
482 5
51 2
447 4
408 22
290 2
1 26
33 17
74 26
223 20
223 9
237 3
340 32
118 26
198 28
84 4
308 21
384 6
182 10
461 18
491 26
75 20
304 4
112 9
65 10
16 19
302 13
325 30
248 22
175 13
157 18
176 32
174 23
173 28
241 14
297 31
235 31
426 26
34 21
266 30
74 30
237 16
90 5
369 21
355 3
134 11
152 17
179 25
220 15
384 8
484 32
394 3
107 24
108 32
60 30
90 10
211 14
213 4
238 5
488 12
327 25
455 26
282 1
6 17
335 6
312 11
273 29
241 3
228 8
19 32
425 32
125 31
285 1
286 30
121 26
466 11
246 32
276 27
404 21
379 14
22 2
260 31
99 4
25 18
200 3
465 16
354 25
111 14
277 16
12 29
373 21
343 27
248 10
497 19
251 32
92 24
417 24
418 31
351 23
193 6
337 1
378 27
246 4
328 18
87 19
271 28
167 21
430 26
83 10
268 29
153 12
456 10
211 10
436 29
316 24
315 24
137 24
194 18
31 26
107 13
64 17
428 19
342 29
496 4
135 24
108 15
475 19
60 5
436 32
301 27
327 3
107 15
158 4
196 20
173 3
9 9
31 8
319 24
497 6
499 11
281 26
121 31
21 17
495 8
380 4
263 6
262 21
21 32
168 20
311 21
222 19
281 9
459 23
328 31
116 27
289 25
136 1
207 32
293 26
316 32
349 10
230 2
446 26
233 21
169 20
157 3
66 5
347 32
239 10
330 23
204 6
307 24
231 5
347 23
66 30
47 26
91 28
376 4
377 28
353 1
355 1
139 21
150 13
296 32
363 18
446 26
95 4
257 29
117 8
200 6
117 10
448 12
21 27
447 25
134 7
145 5
12 28
261 13
472 12
252 30
33 2
252 20
301 8
156 13
463 3
451 20
452 18
491 16
424 13
72 1
88 1
249 27
204 29
463 3
269 18
361 5
263 24
132 24
323 8
480 14
494 22
69 22
179 31
269 18
347 13
363 30
261 23
236 8
176 30
490 28
116 10
448 2
165 24
441 32
71 29
477 8
202 13
361 25
455 2
186 21
174 28
291 26
363 10
101 6
428 10
185 23
144 32
272 20
63 17
499 21
337 31
49 30
371 25
122 21
242 32
330 7
207 28
52 13
497 32
310 12
446 18
318 29
478 26
452 8
154 3
25 22
277 25
379 12
185 9
176 11
160 9
45 2
476 17
491 9
100 32
100 25
498 22
337 3
211 5
366 24
91 6
205 7
314 31
218 15
287 18
277 14
250 9
368 30
269 30
402 9
361 25
265 14
270 22
184 28
94 26
195 32
439 31
254 29
38 24
103 4
69 3
474 2
51 1
247 4
402 4
40 26
1 12
472 10
109 23
454 26
56 24
237 15
251 31
451 20
166 21
315 30
283 8
403 1
332 30
4 5
1 15
347 29
51 6
475 27
176 12
65 12
427 13
78 25
495 4
168 32
432 3
245 14
122 28
250 18
1 18
390 25
500 20
354 26
257 28
413 21
107 9
16 9
129 25
414 32
324 13
487 19
267 28
172 25
231 13
46 15
378 31
435 30
23 28
279 11
319 11
415 29
19 30
162 8
78 7
475 17
359 5
7 2
192 2
366 22
451 3
356 12
197 11
57 19
430 32
202 29
230 28
25 29
250 30
248 15
464 10
228 23
34 2
152 14
116 17
351 18
131 7
97 19
349 6
250 22
193 3
230 14
418 11
22 23
496 13
346 12
194 5
486 4
362 25
305 9
5 19
394 27
65 23
165 9
496 18
247 32
216 16
461 18
434 23
4 2
307 13
241 25
125 14
80 23
362 12
315 14
94 25
204 23
51 20
423 10
282 29
233 25
497 21
482 6
231 18
63 14
38 19
38 15
28 1
353 5
56 3
458 9
227 25
307 9
381 30
174 18
102 26
10 6
303 20
232 25
181 18
422 2
449 11
84 4
279 20
69 22
455 26
483 17
391 29
162 31
222 11
284 20
93 25
273 19
340 4
279 16
2 17
90 26
11 1
277 6
461 5
475 11
75 25
299 17
98 20
439 15
295 30
494 3
70 27
133 2
326 31
281 19
315 2
276 10
247 9
467 23

