256
433 23
417 15
112 7
356 15
226 12
127 3
471 20
355 29
66 25
312 13
157 30
119 30
15 9
202 18
158 4
445 26
323 9
356 30
23 32
312 28
127 6
171 29
393 9
9 7
173 1
195 6
398 14
119 12
270 4
218 28
128 26
369 2
374 29
235 16
288 10
199 6
187 9
214 7
97 27
241 18
247 32
303 24
101 25
408 2
93 1
149 4
138 18
21 27
446 3
462 9
4 20
498 26
381 15
472 13
137 13
450 3
352 20
379 24
377 30
173 9
114 22
392 23
191 16
317 20
370 26
220 29
289 9
414 9
131 21
350 32
301 19
2 12
255 28
455 19
17 28
451 22
449 6
232 23
105 28
478 6
177 5
198 2
265 23
338 3
199 31
14 12
338 4
151 24
247 26
426 24
85 4
97 5
69 25
375 29
80 4
498 9
252 3
426 20
157 19
114 3
154 24
354 3
347 5
286 25
314 3
60 18
438 29
134 14
189 16
382 8
63 11
376 26
425 25
181 5
268 2
435 29
273 21
263 19
349 24
416 22
462 27
263 31
483 28
256 11
255 21
291 29
367 2
482 11
171 2
223 6
307 21
210 28
1 32
402 1
223 25
362 16
144 28
434 10
371 25
1 1
177 7
145 11
308 18
37 2
139 3
119 22
119 8
229 32
151 30
468 29
299 22
408 10
157 25
271 8
381 7
356 29
413 5
303 21
478 27
254 9
449 29
118 20
200 14
187 11
327 18
427 1
39 19
270 24
27 29
427 28
163 6
168 16
134 31
352 32
13 25
284 22
477 5
381 25
98 27
231 28
276 9
253 19
343 6
362 6
266 8
129 5
69 24
60 23
470 23
18 15
367 29
296 4
53 12
224 18
446 30
277 17
314 9
387 1
255 12
378 16
387 6
152 32
153 7
214 19
473 11
457 12
383 4
387 7
279 10
436 20
119 4
148 12
445 7
88 27
338 17
422 5
322 30
384 19
488 25
301 1
179 5
4 9
8 26
347 22
55 6
65 9
197 12
456 21
450 32
43 4
360 25
364 6
242 11
360 25
195 28
393 5
416 4
285 7
489 27
412 31
468 4
419 8
39 27
9 1
270 11
480 9
71 11
162 24
441 5
245 23
32 9
211 31
237 7
73 9
329 32
472 32
163 14
311 18
116 3
394 1
74 21
366 16
419 23
308 19
252 24
197 27
392 3
434 12
253 30
205 9
342 28
228 32
417 14
409 17
61 2
269 30
378 26
481 20
365 20
6 12
43 14
102 11
460 31
62 24
41 10
496 26
293 7
89 14
113 10
94 5
151 14
10 1
200 14
324 24
130 26
235 12
383 8
458 23
223 12
406 3
137 14
348 26
476 20
343 8
285 4
464 8
1 13
316 24
315 27
319 28
320 17
319 27
241 29
397 31
148 30
429 28
407 28
417 31
415 27
322 12
398 18
487 15
462 26
154 24
292 21
423 8
377 26
18 29
370 18
431 29
419 27
4 26
486 13
60 5
31 29
100 5
370 2
31 12
239 24
311 14
8 22
345 17
179 22
353 4
127 8
268 22
494 23
75 24
191 6
380 10
218 11
354 16
268 32
271 6
271 29
239 3
18 8
367 32
297 31
447 4
206 2
25 8
485 7
179 27
436 26
452 13
240 17
240 15
392 22
216 7
295 6
497 4
241 27
212 10
433 6
17 31
224 5
190 32
491 4
438 22
129 30
430 32
398 30
78 30
383 1
156 5
98 12
45 19
366 12
80 30
117 8
492 24
136 1
103 22
400 17
255 32
134 12
247 27
205 12
172 28
468 27
320 18
182 8
256 11
323 31
401 4
282 4
483 17
425 18
246 8
330 16
204 15
35 6
493 4
478 1
383 29
195 30
362 1
418 17
479 24
155 19
31 20
123 22
204 27
303 9
222 8
300 9
94 19
79 30
130 32
454 20
500 25
213 10
229 22
34 3
74 9
290 8
476 12
469 32
162 3
480 7
254 32
160 31
318 30
285 7
145 26
310 24
238 10
209 10
356 27
377 13
283 2
384 30
429 17
289 18
327 5
324 29
252 7
427 21
72 23
367 32
301 20
212 2
49 24
356 28
366 24
184 20
249 28
258 5
124 14
470 30
18 13
382 21
480 21
189 23
371 3
471 27
434 14
61 19
305 8
90 23
351 22
170 23
397 27
479 28
177 16
321 26
444 19
315 15
215 23
178 17
262 28
108 15
33 8
381 13
287 15
211 13
448 13
439 20
11 29
215 15
68 7
381 7
441 23
138 31
49 27
92 6
166 27
357 30
422 21
238 16
59 13
48 6
33 30
53 31
254 7
230 5
6 22
35 6
8 32
453 24
42 20
70 15
446 18
108 15
366 22
426 9
498 25
134 26
458 7
424 15
305 5
235 26
466 29
108 5
497 4
233 22
455 26
97 4
431 16
266 16
253 15
72 6
163 6
483 28
244 23
34 24
59 28
62 21
240 17
201 20
80 21
274 10
438 14
433 24
277 30
164 2
240 31
131 18
292 6
225 15
372 22
287 22
377 24
158 8
368 3
204 27
347 5
332 5
50 16
4 14
165 3
207 24
106 22
9 5
155 21
284 22
490 26
307 26
121 21
185 24
27 28
138 13
420 21
9 17
436 13
147 16
383 13
207 16
394 15
237 28
447 8
425 12
293 28
357 17
400 5
252 6
133 25
150 32
61 3
373 16
375 15
299 29
75 5
245 29
71 1
220 21
352 9
156 8
80 4
260 19
256 31
256 8
103 9
292 3
267 24
10 25
386 16
250 32
312 2
132 6
326 20
102 9
348 25
24 31
472 7
257 3
145 8
467 27
472 18
261 27
273 14
83 14
77 8
469 16
177 9
473 10
304 14
382 23
182 1
429 1
187 5
231 11
252 13
281 27
306 1
165 6
310 8
439 10
431 32
329 24
360 13
461 3
226 19
313 31
99 13
115 26
481 2
172 28
394 9
158 12
493 11
481 23
422 4
392 32
327 25
163 10
373 24
200 31
170 4
61 28
456 28
109 32
21 25
371 10
233 16
317 9
54 6
379 11
69 31
31 11
343 1
284 27
20 31
165 1
346 22
13 17
253 17
292 13
401 10
390 9
393 11
210 19
356 16
273 24
210 7
170 4
200 21
119 31
287 23
112 20
212 28
488 28
244 19
88 21
292 30
129 20
36 14
482 23
278 3
166 11
409 15
243 16
491 13
179 21
495 14
464 15
117 11
22 20
81 18
208 24
439 5
259 22
378 17
68 15
199 25
198 27
271 8
67 9
300 25
93 22
90 4
56 14
358 14
417 10
39 9
365 13
165 11
154 30
67 13
401 13
157 6
224 11
37 18
391 32
90 15
185 15
242 25
384 31
170 28
240 4
276 8
388 16
430 17
334 13
465 26
465 1
183 32
399 11
181 29
258 26
123 30
300 28
182 3
166 27
187 1
410 2
212 13
254 25
41 31
341 25
172 30
477 22
345 3
424 14
15 9
499 9
474 15
204 28
185 29
358 15
125 20
185 4
268 2
477 29
228 1
165 23
474 14
456 27
368 11
48 15
411 14
371 24
48 27
243 13
443 9
455 20
72 11
255 27
428 19
499 11
252 12
257 17
9 12
247 8
294 18
258 8
44 13
292 27
55 18
175 29
486 2
268 21
120 7
248 24
457 6
406 12
261 3
285 9
78 7
497 4
177 6
279 24
234 10
162 24
104 25
341 21
318 4
498 5
334 25
188 3
342 30
498 15
312 10
75 13
165 7
112 9
177 27
60 30
312 17
402 31
409 10
208 2
53 29
367 23
449 2
177 18
351 6
96 30
160 23
403 32
241 26
164 9
108 7
179 24
295 28
38 32
25 9
133 17
301 7
315 25
257 31
391 7
369 10
121 20
8 15
351 29
92 26
17 28
440 11
323 22
478 8
141 10
457 22
283 21
476 1
358 4
440 24
191 4
437 15
335 1
37 9
45 4
402 1
31 1
460 17
278 17
65 11
495 9
396 21
129 27
373 10
307 20
437 9
119 2
11 13
22 19
193 30
378 22
330 21
138 9
261 12
282 29
38 20
197 21
52 2
7 28
15 13
88 12
161 6
177 11
215 14
69 7
467 19
353 8
207 18
141 11
109 10
496 18
49 12
282 4
369 21
227 24
453 14
187 22
224 15
136 6
264 29
344 6
355 8
229 21
242 29
231 22
142 6
200 2
270 13
493 30
121 4
225 2
385 23
187 4
329 22
45 32
378 21
25 32
140 18
496 21
326 19
435 20
304 18
361 9
466 26
415 31
277 27
160 13
254 22
269 22
19 25
26 29
257 26
332 9
7 16
129 25
54 7
4 25
48 32
282 22
421 8
452 21
186 19
210 19
308 18
373 18
494 30
74 23
151 10
499 2
85 27
194 26
42 5
346 25
412 19
454 29
174 1
233 28
367 18
2 26
271 22
352 13
475 25
367 10
34 1
135 26
343 4
107 28
376 5
325 11
283 2
323 17
387 24
20 21
349 25
279 12
99 26
88 1
110 26
50 20
318 20
465 20
363 32
396 30
228 4
229 26
53 15
170 7
310 21
44 15
414 10
482 28
7 17
436 20
22 6
463 3
21 20
202 16
203 5
325 22
372 21
495 13
456 25
215 9
205 14
127 26
135 16
481 25
176 17
461 9
254 19
91 14
54 1
361 24
445 10
389 13
90 28
93 1
400 11
14 32
269 32
74 15
100 14
248 15
322 20
28 19
482 2
201 12
114 29
143 7
450 16
227 4
267 11
288 30
329 13
121 13
145 22
352 28
452 3
74 1
158 1
52 27
71 20
26 4
164 9
446 22
52 28
5 2
194 28
483 27
149 27
471 21
149 2
240 20
124 25
224 25
414 7
272 28
378 25
371 10
317 9
359 24
340 23
185 10
358 23
56 26
122 10
150 2
52 29
369 15
54 8
308 15
219 27
154 8
227 8
341 20
340 15
411 20
265 4
65 23
114 32
332 11
349 30
356 20
74 32
75 15
20 10
445 22
312 6
389 22
122 14
433 29
280 20
344 1
291 12
371 16
379 6
343 20
387 6
479 29
126 9
439 13
138 8
86 21
481 30
339 26
55 19
267 7
466 6
83 28
222 29
364 28
358 6
179 5
255 22
409 16
414 11
376 16
230 29
204 31
139 14
16 5
165 14
231 6
96 17
238 5
469 13
268 15
158 15
275 28
308 19
144 1
29 7
476 15
36 20
173 30
73 4
70 1
26 13
71 5
465 8
289 10
112 8
464 5
58 10
384 25
272 11
142 24
102 9
114 21
148 18
162 29
178 19
13 7
383 3
175 28
94 19
485 29
74 28
177 16
389 1
200 32
291 1
15 28
458 29
28 5
118 1
381 3
272 30
349 18
180 19
353 10
41 17
330 31
340 7
98 16
271 21
91 17
138 6
305 31
438 28
255 15
225 4
202 16
381 26
1 32
277 14
185 17
246 15
135 10
225 28
165 27
381 8
259 6
65 23
316 14
247 6
408 15
57 13
318 9
11 30
201 19
375 17
159 9
103 18
206 19
25 10
25 29
477 24
126 29
346 5
394 32
363 6
414 19
410 11
60 24
401 4
410 19
496 13
395 19
214 12
277 10
322 18
347 6
437 8
339 22
265 12
78 23
385 3
397 3
222 4
66 22
67 4
248 27
100 3
13 13
94 17
402 3
442 28
213 10
72 11
364 16
486 21
314 7
283 14
17 4
370 2
477 24
113 1
498 20
219 30
24 16
151 22
227 16
377 27
26 20
45 25
487 26
181 8
104 3
66 8
319 7
406 31
222 14
371 16
434 1
433 1
253 27
86 3
379 7
473 4
114 1
144 29
250 8
456 26
138 25
177 16
307 10
103 29
304 13
100 25
266 24
45 30
467 15
200 29
297 28
452 14
40 27
66 21
474 14
346 11
246 15
419 5
308 9
433 15
49 12
199 2
267 32
35 21
78 30
133 2
109 16
135 20
234 25
141 11
74 22
170 11
212 16
223 28
164 15
482 12
390 17
230 29
128 12
93 29
202 2
282 2
13 12
162 27
320 30
453 9
491 26
64 23
413 2
426 32
145 27
140 10
291 25
394 26
484 23
326 13
416 19
199 8
375 4
174 2
13 7
439 19
452 30
261 9
491 26
440 15
93 19
225 31
299 30
5 15
308 14
171 11
289 9
151 31
80 20
208 12
154 10
151 26
351 7
322 6
97 9
32 21
192 12
275 6
226 11
476 29
461 15
256 25
367 26
263 3
285 22
242 7
172 12
248 6
303 1
419 19
33 31
439 4
58 25
418 19
344 29
316 28
391 23
404 2
32 10
408 28
191 17
310 30
41 1
236 15
329 14
241 10
456 7
437 22
95 22
296 2
99 23
93 29
237 16
450 28
217 1
288 24
358 25
121 14
6 24
240 26
362 28
195 17
362 16
182 32
337 14
246 23
440 30
276 17
390 17
296 6
286 3
365 3
32 18
40 21
193 11
370 14
462 17
75 7
48 4
482 4
233 7
171 21
269 14
53 18
374 16
115 15
135 20
301 14
317 32
54 13
322 15
267 15
191 25
309 30
448 27
474 13
17 28
409 5
441 5
294 6
160 13
325 6
388 5
311 4
169 20
416 14
139 10
125 1
226 17
419 30
223 32
58 12
239 10
376 3
278 6
196 1
430 28
435 17
349 25
224 5
461 3
6 15
25 14
279 14
415 13
479 9
144 20
228 6
353 4
116 10
125 16
271 26
35 17
74 11
301 29
251 21
287 1
63 11
238 18
117 12
242 3
289 10
483 8
471 19
323 23
169 19
250 7
204 16
347 21
19 31
73 9
112 16
377 22
374 23
367 18
118 5
437 22
198 11
126 28
457 8
106 25
99 23
119 6
491 21
79 1
464 11
129 7
214 18
452 20
472 3
281 9
483 25
51 20
339 28
199 32
327 1
476 29
11 23
227 29
59 29
361 30
159 6
152 1
347 32
16 30
126 24
110 8
217 4
139 19
187 9
406 2
493 10
290 32
476 32
356 10
376 25
260 3
58 11
111 20
218 22
73 11
273 22
450 29
194 12
248 24
277 1
449 29
34 23
476 9
458 24
247 18
400 26
220 13
120 22
212 14
307 16
180 23
169 10
272 30
421 3
446 9
23 14
170 13
484 1
417 26
328 7
127 7
20 30
387 4
379 18
329 29
85 8
467 6
193 6
319 6
256 24
162 11
10 19
187 9
328 11
138 11
470 12
86 17
313 4
332 27
274 4
79 22
224 10
315 28
135 30
381 23
249 15
373 26
77 23
103 20
365 4
59 18
208 16
27 24
467 22
415 8
222 9
302 5
242 24
212 1
101 1
119 10
191 23
459 15
253 5
171 13
5 1
155 24
76 1
83 2
390 1
486 15
342 7
407 27
106 19
311 19
415 17
408 1
123 30
371 19
279 17
196 11
473 30
346 32
382 16
146 19
277 11
382 26
121 20
404 14
110 15
284 24
347 27
480 6
409 7
48 27
95 23
321 8
296 6
171 17
445 8
448 5
298 5
42 2
172 18
348 30
364 15
305 30
26 13
31 2
339 27
472 9
173 32
56 5
309 23
497 25
394 24
178 16
328 27
461 20
368 32
281 11
143 5
441 24
73 11
101 3
401 20
48 22
67 27
394 23
181 14
331 15
38 12
118 1
79 14
364 18
90 4
29 28
81 5
399 25
143 11
416 20
274 7
173 16
269 2
66 18
159 20
228 20
256 29
61 6
126 8
335 23
68 19
446 20
35 4
152 6
194 7
277 11
233 1
158 14
366 31
155 16
323 30
220 18
430 24
467 3
55 13
270 10
16 11
473 22
263 9
431 28
247 19
127 28
7 32
185 20
211 7
248 17
424 7
166 29
450 24
259 28
284 24
330 3
447 2
201 17
482 19
368 25
42 18
60 24
130 28
272 16
286 15
428 5
189 1
413 18
76 31
493 27
403 18
10 25
180 22
261 29
192 20
241 13
474 8
485 23
395 16
146 4
478 5
240 18
369 8
155 28
379 15
154 29
173 19
333 20
372 29
12 16
276 5
500 21
404 32
203 15
443 16
182 12
124 26
437 24
129 31
287 7
90 9
139 14
455 23
465 3
119 16
94 3
432 13
143 32
281 2
338 27
249 31
495 5
292 3
68 25
22 15
427 15
147 2
224 17
240 28
279 11
367 4
253 31
21 3
486 29
296 11
227 21
341 29
269 1
4 20
257 1
42 23
339 24
452 10
141 16
453 27
402 15
347 6
469 15
252 10
371 12
276 1
444 29
170 24
453 29
251 21
49 13
95 11
332 3
152 12
238 24
95 11
274 5
144 19
159 23
48 29
146 16
477 1
144 26
356 8
170 3
8 18
251 6
308 18
500 15
110 25
266 4
79 12
348 18
486 26
321 25
386 10
60 18
111 19
212 2
354 1
276 21
303 18
167 14
312 2
273 1
255 2
476 29
281 11
407 10
180 23
3 25
248 10
130 10
321 21
176 22
74 15
239 8
329 5
337 4
422 17
412 32
351 7
213 31
61 11
101 20
49 11
8 32
220 21
6 16
330 21
66 31
335 16
130 3
412 26
6 25
279 9
213 29
7 21
111 31
395 3
362 31
17 29
238 1
358 7
128 27
127 21
293 30
52 30
476 23
239 6
148 1
454 8
497 29
284 24
231 26
22 13
472 7
313 21
479 26
156 22
60 22
3 12
95 14
125 19
369 32
108 20
84 5
227 29
373 22
392 28
391 13
400 6
303 16
274 25
86 21
91 29
415 25
349 29
350 17
135 10
188 6
85 16
155 23
56 11
172 31
186 26
359 13
275 30
1 25
146 6
181 4
82 23
180 10
160 2
403 2
99 10
388 8
65 18
346 4
124 10
66 2
431 13
98 2
142 10
310 31
35 6
375 17
289 30
398 16
287 20
93 10
94 24
421 22
225 14
130 5
135 27
362 26
175 19
327 16
409 20
455 11
477 17
411 21
86 21
416 13
312 21
110 5
340 6
415 21
147 20
117 10
442 30
51 21
436 29
284 12
364 18
491 8
418 17
161 16
413 32
376 13
84 17
481 32
366 11
192 8
494 12
145 12
137 19
256 24
423 3
120 30
129 26
330 22
214 2
401 15
417 32
55 21
112 11
128 5
486 7
193 19
330 29
118 26
384 29
389 30
264 20
296 20
321 1
289 23
466 14
365 2
317 31

