256
201 25
228 8
450 28
147 13
261 8
384 27
319 17
404 24
48 7
401 3
244 7
486 7
21 12
316 22
326 25
374 6
241 1
229 6
421 3
494 25
290 18
79 5
18 3
116 9
421 32
495 4
342 24
451 3
464 6
348 29
478 25
314 15
26 14
260 22
472 6
330 26
335 1
74 24
95 25
268 11
56 11
31 29
94 25
111 5
450 22
197 28
31 2
498 8
107 29
205 31
214 10
192 24
146 21
103 12
305 15
459 4
337 5
256 26
321 31
191 26
176 31
49 2
101 30
113 15
7 5
489 28
55 4
472 24
296 2
292 4
148 26
311 8
90 7
266 26
137 32
179 24
194 8
18 30
477 2
205 31
151 25
407 21
225 14
256 20
155 15
324 31
148 30
138 5
404 7
498 8
62 17
352 4
108 25
105 28
202 13
271 32
206 21
408 2
406 32
153 16
62 12
66 22
314 20
150 13
310 24
257 32
28 20
183 31
328 3
422 5
448 20
85 21
220 24
286 9
7 10
389 5
118 6
482 31
361 19
147 19
130 31
246 17
362 20
495 29
66 9
422 5
460 6
369 4
201 14
8 20
444 4
128 13
54 17
491 2
239 21
436 13
244 5
229 5
460 12
146 14
492 3
94 15
276 11
334 4
468 30
35 15
441 14
175 10
270 5
408 1
6 31
81 13
376 9
353 27
384 18
64 7
268 26
178 27
472 7
371 27
56 21
54 5
419 4
490 32
97 25
400 2
92 12
350 27
141 30
5 8
256 29
399 3
430 4
270 25
290 28
43 14
396 28
194 18
28 31
354 8
432 17
77 15
85 22
193 17
183 29
248 2
321 6
313 14
425 2
354 19
73 25
264 12
196 17
486 19
343 15
50 6
295 2
500 27
255 28
103 10
445 3
227 17
200 15
15 17
472 4
395 12
468 2
216 16
318 21
442 32
243 28
286 1
321 25
416 20
181 6
365 13
72 7
241 16
482 27
100 5
327 2
349 26
3 8
309 20
116 11
479 30
94 24
394 2
253 25
341 5
383 17
261 6
148 13
77 13
460 20
433 6
21 1
431 23
196 8
194 3
342 29
20 23
140 30
200 4
426 13
380 20
449 24
114 20
345 14
428 12
70 17
293 22
345 15
465 25
314 22
55 7
34 27
293 6
340 21
269 13
89 17
277 29
140 26
337 12
283 16
139 8
180 7
146 17
154 10
269 11
119 3
178 17
249 14
178 20
166 30
57 2
94 1
143 22
278 15
217 32
446 24
116 30
138 5
354 19
222 22
314 12
444 15
344 21
312 17
484 30
467 8
83 28
76 29
145 1
407 18
117 9
421 8
182 6
344 19
201 25
8 22
404 31
356 32
347 31
120 27
496 30
222 27
350 10
359 10
354 2
207 10
322 3
201 15
37 28
389 1
460 8
454 24
198 25
315 25
327 6
227 19
372 20
105 29
97 3
66 7
80 1
420 13
103 1
107 11
368 27
79 16
242 32
43 8
44 29
188 15
142 18
249 5
213 13
85 2
19 7
112 19
127 23
203 9
207 26
220 19
156 30
254 22
386 8
393 21
356 28
355 5
345 3
362 17
307 10
218 30
448 25
276 22
64 14
155 6
139 18
196 27
227 25
248 12
448 12
245 3
219 3
300 19
202 17
471 20
458 21
185 10
221 32
183 28
142 29
258 20
266 25
130 29
254 29
456 17
16 8
4 14
299 27
148 16
315 3
359 4
363 20
29 3
207 12
71 32
252 32
480 22
132 1
362 9
486 25
438 5
17 13
87 11
95 18
166 17
408 28
32 10
419 1
57 2
476 11
325 19
158 20
448 1
117 25
26 18
478 3
306 18
255 8
12 21
182 21
109 13
404 24
211 31
52 3
152 3
97 32
310 22
132 29
394 8
270 31
201 7
233 14
444 15
102 19
187 15
335 7
223 22
287 17
412 22
403 19
421 31
391 14
456 6
190 10
473 31
472 5
57 9
382 28
395 7
158 26
265 20
80 16
82 30
272 29
260 19
260 12
377 2
261 5
375 2
386 19
113 21
371 5
265 8
373 20
87 14
445 3
226 12
190 11
94 18
355 29
340 22
384 20
467 32
252 29
297 5
391 1
346 5
430 22
365 6
473 27
387 21
153 20
293 15
122 10
8 5
238 3
442 13
266 17
468 14
305 12
358 28
25 11
456 18
17 12
311 9
122 9
258 3
309 30
321 26
435 16
258 12
378 24
496 7
312 3
216 20
78 6
163 26
480 15
259 16
290 1
189 32
118 22
390 6
495 18
207 25
241 29
156 18
368 27
464 27
317 12
146 10
457 29
52 32
279 14
136 4
231 8
35 24
269 4
125 15
337 27
247 21
499 10
46 10
256 30
396 32
393 18
169 25
54 12
136 24
382 7
103 8
94 30
163 10
265 27
328 22
321 30
30 12
327 16
37 10
289 25
357 21
178 18
233 23
449 4
266 22
491 8
497 24
209 27
150 6
149 25
75 10
255 4
493 29
31 9
367 31
165 15
203 10
452 31
276 29
155 13
434 13
261 15
80 25
441 5
442 30
410 24
115 20
324 27
448 14
339 22
25 4
241 31
49 4
14 13
296 32
365 18
164 13
364 15
446 8
176 3
97 17
107 11
452 22
169 19
135 8
65 15
363 13
90 23
348 11
87 16
474 28
77 21
428 32
83 13
95 22
464 12
46 10
254 9
351 27
248 1
134 4
348 12
468 29
258 31
243 5
14 16
148 14
56 7
381 6
300 20
100 3
371 1
36 20
198 10
250 5
74 15
108 25
230 23
61 28
93 27
36 3
222 31
48 13
109 29
119 24
460 14
374 14
66 5
157 23
498 15
59 24
493 2
196 23
444 5
414 13
263 17
347 9
335 30
113 19
26 7
55 9
300 4
166 2
189 23
332 22
433 19
461 1
260 29
351 12
265 8
444 31
416 6
363 6
183 28
45 29
206 3
45 22
378 27
75 14
385 14
456 21
500 16
445 20
424 12
315 12
263 22
67 11
47 17
132 29
256 8
141 14
478 30
171 16
248 25
477 8
2 32
152 6
52 16
113 27
243 23
15 14
36 17
388 6
213 7
14 13
399 27
282 24
192 28
287 15
48 4
422 25
47 17
254 18
20 22
425 27
144 19
120 23
223 31
112 3
229 30
403 19
132 8
59 15
339 17
113 22
108 18
139 23
310 12
456 1
110 20
91 13
22 2
284 8
420 31
31 5
372 25
479 19
321 1
177 3
382 29
249 5
174 7
347 15
130 3
164 19
386 10
196 28
168 3
355 11
225 13
439 29
22 6
451 6
306 16
204 23
268 32
232 26
190 22
128 24
84 23
262 14
397 9
81 12
287 11
354 12
172 5
312 29
62 22
238 15
241 9
258 17
245 1
6 14
418 17
457 14
276 15
175 8
175 3
439 2
41 8
325 4
436 20
256 21
249 1
68 14
138 9
54 18
17 7
19 30
43 4
139 30
194 5
45 8
419 23
181 20
127 21
23 10
344 23
115 17
475 2
138 32
210 27
197 18
101 16
363 23
191 26
165 4
166 25
455 5
44 20
396 14
344 14
287 16
400 21
484 27
434 29
190 31
163 11
220 23
306 31
109 12
436 1
83 21
334 25
389 9
24 16
102 20
406 12
259 1
141 2
235 22
362 21
69 20
15 4
138 24
74 22
167 25
371 17
166 16
137 6
136 21
42 13
84 19
476 10
307 24
83 14
394 8
170 2
23 32
453 4
355 7
257 25
91 15
473 12
386 17
162 21
325 7
461 12
205 25
101 11
404 31
256 29
330 25
110 32
460 3
363 14
293 28
390 7
302 14
491 8
27 4
412 3
58 29
111 2
161 3
476 4
246 4
65 7
8 30
131 20
440 9
485 8
316 7
319 14
440 1
361 18
164 16
21 13
496 3
186 32
193 25
276 6
96 4
217 24
217 19
275 1
191 11
92 31
337 22
180 5
422 32
298 25
163 10
9 27
448 18
370 17
59 29
430 6
484 2
461 1
344 7
209 15
198 8
97 2
414 24
14 19
167 28
124 5
129 16
191 17
178 25
273 12
205 22
93 21
52 14
93 11
140 21
133 5
304 5
223 25
4 12
256 18
399 23
203 12
10 21
160 7
453 28
126 2
485 3
402 8
476 10
283 3
498 11
156 25
496 14
222 11
465 29
373 32
59 19
447 24
467 6
459 20
241 16
133 17
358 10
113 1
379 11
300 16
13 11
380 4
184 25
359 16
281 11
67 7
157 25
259 3
322 29
246 30
356 10
491 30
263 7
46 5
201 1
368 5
3 28
221 2
52 23
38 9
161 32
23 29
469 13
291 22
53 21
56 21
266 2
122 17
500 15
21 24
216 9
264 26
192 4
256 23
266 13
427 26
248 14
446 4
286 21
62 3
477 13
99 6
14 8
474 21
90 11
416 5
439 7
375 22
15 26
372 4
126 11
262 17
304 19
293 17
147 14
427 15
322 9
69 7
96 10
199 6
240 6
342 6
144 8
159 22
49 7
142 6
33 23
251 8
461 11
424 16
248 11
82 17
79 18
255 3
192 17
64 15
270 17
461 1
325 15
275 25
353 16
251 5
22 21
72 14
247 4
441 22
402 27
266 32
172 28
210 7
28 9
498 1
30 10
61 18
280 23
430 13
454 8
369 11
384 29
457 26
492 21
475 13
271 20
224 27
463 14
157 26
58 22
138 15
167 27
144 23
237 10
431 23
253 19
165 13
443 25
118 14
370 21
178 28
36 6
434 23
39 23
192 8
300 10
387 11
232 22
265 20
103 3
158 16
197 11
196 4
295 1
425 16
257 11
8 29
208 1
347 2
383 2
45 3
71 31
1 14
313 13
270 19
459 11
474 3
249 29
498 24
482 23
411 18
229 18
86 16
211 32
385 9
174 25
479 12
64 23
46 12
95 27
142 17
93 32
412 26
284 25
89 25
183 23
59 15
121 24
50 27
428 14
127 25
215 14
196 30
288 29
5 7
407 6
287 28
113 10
193 1
107 5
365 17
483 3
52 3
419 29
285 18
387 32
150 17
221 13
230 16
438 22
242 32
231 13
47 32
226 15
92 24
223 24
325 14
231 8
160 21
180 13
198 14
60 15
18 24
43 11
491 4
184 29
380 27
113 30
110 30
17 25
374 31
8 30
296 10
277 28
90 8
104 3
374 19
485 19
146 12
194 16
63 29
72 18
495 20
220 16
226 28
8 7
178 24
352 6
105 8
281 31
287 8
333 4
250 18
255 3
49 20
234 11
28 30
405 7
193 12
330 2
63 30
72 32
353 11
213 21
402 5
355 1
80 20
200 5
357 26
75 1
105 25
367 29
318 7
359 6
98 24
132 24
377 15
400 9
478 28
242 11
161 16
67 12
135 15
421 7
424 23
99 21
155 18
217 4
292 19
186 10
114 17
401 31
223 24
423 24
116 4
431 20
112 13
367 22
115 15
441 3
134 3
123 20
208 7
464 12
265 1
241 2
21 21
72 15
293 7
147 32
10 9
387 29
425 17
219 16
244 15
282 5
401 8
368 5
94 15
460 6
183 4
87 31
44 7
150 4
5 20
447 22
224 21
339 16
290 5
39 5
67 16
113 3
427 32
427 4
163 22
377 29
141 16
400 17
474 9
372 2
196 23
195 23
355 9
418 16
441 5
28 31
480 28
178 11
472 8
278 10
46 23
330 22
470 1
370 27
481 26
124 4
412 18
298 26
203 32
262 7
24 29
354 23
133 7
261 20
486 15
89 11
45 2
69 10
351 6
160 11
383 31
211 14
452 8
412 10
427 17
297 10
165 22
305 5
32 1
252 9
307 20
252 19
258 20
68 24
461 31
290 24
361 16
489 13
212 12
318 30
424 6
440 9
467 8
237 22
364 5
219 23
328 18
225 13
493 5
396 29
223 6
148 32
389 25
248 12
240 1
442 32
383 17
104 1
328 20
199 31
328 21
65 16
386 30
444 10
434 32
182 4
229 26
91 25
22 14
421 21
459 14
276 21
94 27
41 21
71 11
315 6
155 8
257 4
21 17
121 6
244 19
461 20
188 12
440 29
445 16
321 7
221 5
95 26
327 16
438 13
226 1
499 25
484 7
124 12
159 9
309 6
103 25
225 6
376 5
350 29
24 18
75 17
118 30
114 21
157 24
193 6
8 19
114 31
150 26
198 16
38 26
414 28
478 14
281 22
154 2
174 6
3 20
478 9
121 31
65 29
494 29
11 13
300 32
343 9
65 20
460 26
397 13
93 31
215 21
80 12
206 5
249 9
204 6
329 9
169 13
453 26
1 7
15 24
439 17
452 31
249 24
309 17
136 13
371 30
126 2
70 23
54 26
391 30
248 15
434 4
463 10
281 4
201 3
115 23
4 27
493 24
330 13
248 21
54 23
167 27
420 28
361 30
257 16
435 20
322 32
123 25
105 20
100 25
198 22
295 9
484 4
304 1
292 8
130 9
170 8
375 21
31 20
266 23
339 12
495 32
419 1
296 20
20 19
32 10
313 27
122 24
318 18
109 13
477 14
306 22
33 24
438 23
119 28
53 13
255 23
321 18
16 4
49 11
363 16
456 31
258 6
322 7
355 14
388 15
19 9
32 15
428 13
169 11
376 18
207 15
472 3
156 31
347 4
374 29
487 29
87 29
110 16
23 24
190 22
350 24
306 9
463 30
202 11
132 29
56 30
59 4
69 10
218 7
121 11
327 32
124 29
204 9
320 30
253 9
340 6
69 17
483 7
82 4
365 21
464 13
255 11
152 19
88 17
441 1
312 27
316 3
31 27
223 2
300 11
63 11
77 11
488 31
217 9
446 1
486 1
353 16
283 28
266 31
77 26
431 8
324 30
26 10
320 20
259 15
75 21
462 15
155 21
413 15
221 14
452 26
322 28
297 25
364 10
179 4
119 21
179 22
58 20
351 9
155 10
347 5
282 16
83 29
460 31
307 1
408 26
238 26
118 3
186 13
448 8
272 15
324 26
64 13
357 3
461 19
376 11
444 9
319 10
93 30
225 16
310 20
361 24
361 30
434 30
310 5
409 25
3 32
382 23
316 30
333 32
453 4
287 8
364 5
273 17
234 25
60 32
481 8
443 25
250 16
239 15
460 27
492 7
83 25
381 6
315 21
26 7
272 16
14 3
268 30
443 21
487 18
44 3
274 10
11 31
213 17
433 13
248 20
487 6
353 15
79 3
431 16
137 26
119 22
336 18
139 15
387 9
484 26
295 25
120 6
131 28
54 4
208 1
43 26
334 3
412 17
413 10
220 13
43 31
50 31
76 21
361 22
17 12
448 8
305 19
469 27
102 2
202 22
27 21
3 8
139 23
124 28
108 24
452 3
386 10
381 5
42 13
127 26
288 10
221 28
140 13
379 9
63 20
402 17
324 13
448 31
23 16
218 2
119 1
280 28
22 4
464 7
252 26
473 8
163 1
335 30
234 25
247 28
145 4
236 20
404 3
134 18
458 11
56 24
20 23
79 21
347 19
456 10
336 28
193 15
324 20
356 9
240 18
408 24
250 15
204 5
30 29
283 3
40 10
63 19
24 13
303 26
387 2
24 11
389 20
425 25
243 4
473 19
234 5
70 11
375 21
339 4
314 5
391 25
310 1
263 14
297 17
407 12
175 10
110 15
146 14
127 4
165 8
74 6
332 32
84 30
268 31
462 5
43 8
433 17
8 7
38 20
464 4
191 10
226 20
52 11
37 31
110 18
482 4
155 17
179 7
222 22
161 15
379 7
386 23
259 29
62 20
401 21
444 15
14 5
95 21
391 3
447 28
388 24
387 11
92 1
281 22
67 21
496 17
347 26
459 18
478 4
105 6
248 28
173 21
68 23
30 14
453 28
162 13
404 8
235 27
169 7
160 31
11 20
31 21
241 21
166 2
65 11
300 16
374 28
425 6
442 14
103 10
281 28
86 28
368 12
383 12
390 6
122 12
401 24
461 5
344 6
415 4
100 14
72 22
389 24
267 26
153 13
75 13
337 25
321 12
184 31
91 22
448 32
325 29
67 1
45 2
263 7
22 22
376 25
39 28
144 5
445 20
378 24
80 26
384 8
121 19
454 27
492 10
126 9
454 16
305 6
305 15
161 22
133 32
474 15
152 29
328 16
412 5
467 16
270 22
95 2
269 29
304 16
154 21
280 11
472 1
308 20
3 28
306 19
4 23
306 23
248 21
102 3
189 13
354 22
122 9
199 10
497 18
2 10
282 17
460 9
69 3
232 32
235 5
58 26
20 19
96 15
347 21
277 31
469 3
344 3
79 10
480 15
247 5
428 32
466 11
484 6
5 4
457 11
308 23
180 3
377 19
445 16
324 2
462 8
352 2
382 14
51 22
208 6
46 19
29 15
373 13
397 9
432 25
468 23
367 23
66 24
274 10
23 17
83 20
240 14
141 2
67 32
335 22
193 16
112 9
243 4
85 19
213 4
491 32
107 26
30 20
305 31
385 23
251 8
310 7
105 31
112 16
198 30
149 2
177 13
462 11
96 31
57 28
266 8
43 28
109 17
395 17
375 12
239 30
99 16
468 7
54 11
226 11
376 27
140 20
487 22
323 22
352 27
94 21
482 12
341 2
208 31
354 11
366 24
412 28
344 11
19 21
309 24
500 28
118 11
291 24
444 13
38 19
196 31
116 9
118 24
119 6
42 28
464 32
416 23
223 27
457 29
359 21
337 14
152 6
201 30
262 24
407 11
143 18
133 18
482 18
65 4
131 30
424 6
217 19
172 24
301 28
384 27
244 8
369 31
378 1
41 11
64 7
141 2
104 29
315 17
226 27
389 5
41 20
154 21
2 6
400 18
305 32
312 17
355 20
147 20
248 11
222 12
189 18
369 8
486 32
229 28
266 13
272 18
280 9
415 5
454 18
286 15
449 1
159 24
277 13
387 8
48 9
39 8
174 32
28 8
443 8
427 24
224 2
70 19
326 16
487 24
149 12
390 18
220 4
105 32
408 19
224 7
155 26
191 21
21 30
192 23
177 30
227 24
167 24
106 8
131 32
475 7
67 4
432 22
115 32
486 23
231 29
477 13
174 11
65 15
88 28
213 12
225 19
367 23
86 12
87 16
267 29
51 21
129 14
323 7
370 32
265 32
220 26
484 17
112 13
291 12
156 4
167 1
146 26
123 32
209 21
3 16
474 5

