256
341 30
445 32
206 3
230 19
283 2
36 28
229 4
20 17
49 25
238 11
56 22
254 25
327 22
489 15
87 25
104 31
26 29
306 3
159 11
77 5
100 28
324 4
200 20
8 4
356 21
122 23
234 19
323 28
225 28
335 19
280 10
90 10
338 15
240 4
134 1
141 5
132 8
265 27
159 28
430 6
369 11
128 26
426 11
162 6
466 32
312 25
285 9
254 15
148 14
322 17
14 26
365 9
130 29
328 28
253 1
6 9
308 29
74 9
435 23
86 12
434 5
497 31
150 6
397 5
447 30
429 32
384 9
457 25
126 12
152 30
392 21
350 23
142 7
487 24
362 12
328 19
321 8
69 30
277 29
470 32
35 22
387 18
394 7
282 3
478 29
100 30
442 5
272 3
76 19
362 9
182 29
435 14
216 12
323 17
468 12
420 2
393 14
271 31
1 28
9 6
189 1
51 10
409 23
416 16
433 5
124 6
170 19
468 5
414 30
81 5
286 4
87 10
10 25
316 6
113 9
191 13
137 14
282 13
268 1
233 12
325 20
17 6
266 4
231 3
330 31
60 11
15 14
144 20
206 28
237 26
488 3
118 12
372 27
372 19
447 20
394 32
460 15
265 13
98 15
404 19
158 23
393 16
312 17
399 9
200 27
187 15
265 8
14 13
407 17
479 29
489 29
124 12
487 1
24 28
87 7
363 28
445 11
119 32
143 13
477 6
3 11
232 4
318 13
108 20
130 14
429 2
310 12
269 20
292 4
232 27
275 30
474 7
200 1
179 3
461 15
388 20
169 28
435 10
216 6
62 5
479 14
166 29
393 18
436 5
430 31
267 32
464 20
274 4
36 12
210 1
458 13
164 18
420 10
112 16
343 25
36 1
366 26
313 30
339 13
146 32
119 32
323 7
356 5
98 7
252 15
239 10
459 26
335 3
203 22
218 17
322 5
218 19
306 14
1 9
130 18
264 5
262 7
183 5
239 20
7 26
290 18
199 28
351 30
478 14
331 15
98 1
300 15
395 17
197 3
453 22
393 1
426 6
7 4
122 17
239 20
234 24
225 13
480 16
318 17
481 28
356 26
356 19
97 15
463 5
497 28
470 5
484 20
394 2
355 19
234 14
495 27
325 11
103 24
498 16
465 22
272 8
408 7
326 24
81 28
148 6
203 21
318 18
364 20
27 31
430 4
16 12
431 16
347 5
348 16
305 16
26 32
131 21
406 16
140 27
95 7
64 2
255 9
187 3
148 6
41 2
177 12
353 7
247 3
492 2
247 32
405 24
75 7
408 4
342 23
466 1
333 29
438 23
466 20
409 1
41 25
42 2
4 15
324 31
149 19
196 3
462 17
370 16
487 5
368 13
323 17
469 23
66 14
446 19
85 6
495 26
7 21
343 2
135 2
112 19
185 32
30 6
260 15
34 6
176 9
278 14
85 30
5 6
207 18
180 12
7 11
269 21
63 31
375 1
480 22
331 20
497 8
162 4
259 15
206 10
447 27
283 15
433 27
181 3
440 12
282 3
238 18
311 20
12 13
200 16
375 7
155 23
390 28
331 4
10 4
285 32
370 4
339 22
410 3
293 10
82 6
500 4
476 2
323 7
199 11
478 17
405 25
147 30
300 1
146 30
216 14
469 2
53 11
239 15
29 15
164 27
309 3
134 12
176 20
122 18
182 8
150 14
84 9
232 19
477 13
44 13
10 13
130 11
171 4
377 4
103 16
162 7
54 27
46 21
102 3
307 12
118 8
221 9
308 4
84 25
32 11
329 10
491 18
456 14
29 12
361 7
223 14
393 12
168 30
208 21
457 6
256 10
26 25
127 29
280 14
469 12
188 25
205 15
458 8
192 31
343 12
321 13
277 18
44 32
207 23
416 15
469 20
89 10
500 11
178 7
276 27
442 15
295 6
345 29
9 24
443 31
291 31
119 27
180 2
66 31
265 14
401 21
357 5
430 12
407 3
338 6
105 4
201 16
481 17
4 22
285 6
192 11
412 31
346 20
324 31
182 24
96 30
24 12
127 9
159 17
264 9
271 8
332 11
267 20
367 2
301 3
271 29
78 11
155 19
478 26
37 15
270 29
444 29
436 14
450 31
307 17
295 21
432 18
399 15
437 25
172 14
268 23
434 9
477 4
323 30
269 11
464 14
491 23
183 15
181 16
373 3
196 19
267 23
496 21
177 8
281 21
373 8
495 30
448 11
449 10
276 30
481 19
107 27
201 21
101 13
272 21
71 3
343 5
298 10
353 30
474 6
26 6
237 28
356 29
342 4
306 13
373 26
411 12
461 8
472 29
344 4
238 3
414 24
103 31
122 32
37 19
441 14
440 17
286 27
65 15
303 19
448 31
360 26
358 32
469 10
85 21
425 14
431 18
105 29
253 6
340 13
320 32
54 16
161 3
110 29
318 8
447 13
439 27
474 16
182 7
477 22
459 5
439 17
295 8
273 7
121 9
39 5
96 12
256 24
135 29
333 32
129 3
420 11
141 17
66 23
39 19
88 17
499 15
237 13
126 14
43 2
474 5
390 29
377 25
177 31
362 9
18 26
491 9
260 8
181 29
454 16
71 9
68 6
123 1
214 12
166 5
346 3
189 19
411 25
84 19
131 1
299 20
138 6
436 29
273 21
73 10
188 8
322 3
213 9
411 30
192 16
34 1
270 11
476 17
343 31
119 26
207 30
473 24
59 9
92 15
377 12
260 32
159 9
22 31
377 5
353 5
212 30
309 6
312 24
162 11
194 24
480 20
401 16
95 23
212 30
493 20
54 28
355 28
37 21
287 21
161 23
185 12
228 30
205 28
481 6
46 11
350 9
426 18
180 9
413 16
410 13
183 15
213 22
379 13
266 5
365 2
7 26
149 14
247 30
273 11
71 14
253 32
46 19
374 14
403 26
117 32
394 31
479 14
188 25
58 29
373 27
230 23
176 11
112 10
436 13
148 10
406 9
130 16
283 27
177 21
140 25
200 25
295 2
343 11
34 32
139 22
174 5
284 13
451 16
270 22
484 10
243 21
22 8
192 12
226 32
340 21
216 19
454 15
217 20
197 14
195 31
8 13
407 15
69 17
242 15
94 25
460 5
466 9
412 17
136 14
81 19
58 8
217 15
10 25
306 14
387 21
393 10
73 15
240 25
360 22
479 5
206 30
493 27
270 21
384 25
246 28
435 3
111 16
314 25
288 19
178 14
323 18
271 7
73 15
36 32
492 6
236 17
8 13
72 9
485 23
386 2
270 12
384 20
323 21
500 3
20 18
136 14
99 7
441 3
417 20
454 24
45 6
308 28
122 19
181 18
185 6
39 26
89 22
186 12
323 25
374 18
66 29
387 13
267 19
39 23
154 17
294 31
386 22
102 7
332 30
464 17
199 10
174 20
275 23
51 9
396 12
290 25
136 25
477 11
207 20
289 17
212 15
263 25
36 8
455 11
146 22
87 8
123 5
483 29
471 25
198 10
308 31
179 12
367 7
198 2
226 22
138 29
272 32
385 7
263 19
378 12
460 12
456 6
76 14
183 11
323 8
264 10
218 22
73 29
153 10
362 22
460 15
315 3
398 7
242 20
242 27
272 1
286 19
339 22
16 9
260 6
252 19
320 21
169 4
109 5
366 14
50 13
468 12
407 9
267 24
229 12
470 28
264 24
430 18
117 13
474 12
135 9
454 2
398 6
49 14
146 18
476 4
90 23
263 13
364 1
200 28
92 22
295 24
425 4
457 25
372 3
120 2
7 1
163 8
399 8
410 16
477 17
91 23
383 2
119 6
86 6
189 14
487 23
33 7
262 13
155 10
271 2
195 26
51 14
181 9
273 22
492 13
30 11
19 13
140 5
158 13
159 19
106 5
385 30
260 3
331 10
132 25
392 22
230 14
35 19
242 23
56 13
408 14
19 6
498 2
119 11
439 21
205 8
125 6
386 4
88 16
2 19
20 25
396 26
38 11
216 27
441 19
363 4
356 30
330 25
95 20
212 13
76 32
429 32
209 26
288 12
233 17
218 16
237 6
205 14
100 20
52 16
191 14
92 6
499 29
103 10
368 2
478 23
285 10
346 6
71 25
493 11
477 15
407 17
380 3
338 3
31 5
370 29
7 5
322 29
381 32
450 16
293 28
394 2
185 28
275 8
428 23
410 29
181 12
469 24
279 11
390 5
47 12
85 1
220 2
410 17
182 3
52 2
490 6
403 3
389 9
282 20
148 27
72 4
211 29
240 21
199 21
1 21
240 25
150 16
342 19
412 27
473 31
201 19
112 31
489 4
484 30
168 7
164 7
310 30
483 5
66 9
30 10
130 25
354 19
80 28
41 7
274 25
158 18
179 9
281 31
473 24
140 4
394 20
82 7
381 13
456 3
97 5
216 18
105 14
356 5
321 8
379 30
465 16
420 11
9 32
310 5
463 5
472 20
456 17
262 9
117 5
487 18
53 22
143 6
475 7
194 11
450 20
389 14
460 24
57 28
359 2
300 13
18 7
380 30
323 25
14 20
210 16
209 6
405 7
123 8
201 20
26 27
92 26
64 11
425 32
222 7
189 5
455 7
291 18
384 1
179 9
108 8
248 24
353 28
167 24
383 11
495 21
369 18
378 13
488 31
256 1
437 13
229 24
355 15
429 22
188 19
338 3
346 21
463 7
88 25
378 19
199 8
83 8
458 20
204 21
114 31
6 23
107 26
498 29
457 22
402 24
385 15
290 2
175 20
132 19
232 5
437 15
381 11
350 6
182 9
486 16
363 15
50 18
77 19
134 17
324 32
380 16
126 1
290 17
421 25
267 32
282 7
434 10
425 3
203 14
187 8
105 18
31 2
371 31
52 16
343 28
391 22
435 29
242 28
21 10
349 15
18 18
341 23
495 5
234 9
74 4
384 15
321 6
36 23
224 4
399 18
167 21
139 9
157 29
29 29
394 25
167 15
210 31
362 4
475 31
400 21
218 27
431 23
253 18
433 4
405 19
42 19
472 28
24 24
412 32
9 30
484 31
420 1
34 17
248 32
79 15
260 17
485 22
39 9
156 19
213 28
6 2
483 13
137 10
308 21
113 24
58 32
343 29
140 20
110 3
87 28
237 7
40 25
388 18
458 3
253 14
455 10
127 13
86 11
146 25
15 30
61 16
57 7
253 28
130 26
286 12
253 14
266 1
94 14
74 7
48 22
424 14
435 2
142 20
165 15
265 11
248 29
455 8
227 7
351 28
420 32
127 20
361 25
168 19
46 6
209 21
271 13
447 26
182 28
429 26
227 25
229 22
17 31
482 23
241 32
154 4
172 25
183 12
173 11
338 22
148 23
162 10
31 12
327 16
48 16
262 18
448 14
451 29
376 4
263 16
468 5
275 3
197 9
22 13
363 12
290 2
110 11
428 4
411 14
203 30
361 28
435 5
9 21
329 20
21 19
499 28
7 21
478 19
434 11
275 16
414 32
306 23
219 29
14 1
190 13
290 7
236 12
63 17
312 11
128 24
333 7
23 20
103 16
246 24
203 5
332 16
288 25
491 14
425 32
486 30
276 11
368 20
202 14
108 22
24 7
49 21
213 32
400 8
275 13
203 9
221 6
297 21
226 31
218 18
494 16
116 10
182 19
133 16
469 32
249 24
474 17
52 19
72 19
206 31
300 24
175 16
146 31
380 27
109 6
373 27
153 28
224 14
174 32
69 14
95 1
190 4
318 17
310 1
396 15
87 3
127 6
66 4
84 22
494 1
247 10
147 15
205 30
436 19
429 25
76 27
25 5
294 10
358 20
435 25
322 9
151 8
486 12
423 18
365 9
466 27
486 12
213 23
185 5
125 5
5 8
487 21
317 28
75 2
87 9
278 17
381 20
412 31
495 3
140 32
455 1
174 28
68 3
334 20
387 26
216 3
10 22
271 14
333 21
351 32
205 8
384 14
407 7
304 25
481 27
112 19
47 18
79 6
24 32
217 26
426 16
152 27
485 18
112 21
119 22
292 3
441 3
260 23
470 27
99 18
209 7
89 15
200 19
72 11
134 12
336 11
71 31
345 31
112 12
428 22
121 7
257 29
394 8
259 19
283 2
16 23
272 8
450 31
474 25
397 12
161 12
18 31
422 27
342 25
170 17
467 7
487 7
203 32
442 22
446 16
23 22
419 30
417 12
468 23
92 4
350 8
299 23
39 24
229 4
104 23
148 30
41 10
496 31
218 18
56 27
365 10
476 7
427 13
354 2
135 22
461 4
49 19
350 3
330 11
466 26
181 25
59 29
303 27
315 12
344 15
386 12
152 22
195 31
458 4
324 4
345 5
427 22
395 32
332 1
410 30
214 10
466 16
310 24
178 1
491 21
347 9
433 6
442 19
428 31
26 4
194 15
388 8
116 30
451 27
210 17
96 23
450 14
47 32
181 16
88 8
97 14
400 5
135 13
359 23
443 12
18 12
458 1
459 29
390 25
372 28
121 15
374 3
232 24
386 1
496 1
436 12
110 23
324 32
379 6
10 13
121 15
308 11
283 10
355 13
26 30
124 11
397 25
69 8
269 14
244 24
278 15
59 27
217 18
334 7
119 16
415 7
222 10
169 13
339 24
29 21
453 32
363 1
352 11
181 8
88 16
87 5
307 1
455 3
230 24
118 8
483 28
439 5
458 31
61 24
334 9
364 11
296 10
487 31
360 19
471 11
147 5
15 1
54 13
475 23
109 12
335 11
328 13
147 13
231 31
432 1
499 16
203 14
373 21
293 13
412 19
383 10
171 6
10 28
70 12
63 22
280 17
473 31
169 15
391 7
178 14
315 20
469 17
174 22
410 14
278 13
80 24
378 22
113 31
178 15
74 4
64 1
136 4
459 16
155 9
406 32
23 29
63 19
441 20
36 18
405 9
22 32
177 19
438 29
341 7
323 27
58 15
119 29
422 26
200 4
278 1
463 24
29 22
495 10
465 18
23 10
195 25
57 27
499 30
11 28
312 2
106 13
72 16
413 1
153 20
125 11
273 7
434 17
316 12
474 5
310 21
354 24
97 22
226 23
108 8
434 23
421 7
140 24
115 12
337 31
368 29
49 20
251 11
144 31
114 30
51 19
318 16
278 30
17 27
360 24
91 6
395 11
36 18
3 2
437 27
269 28
3 9
499 25
355 19
23 9
112 25
243 1
180 5
194 13
375 17
172 1
50 18
476 2
451 14
87 32
372 3
247 30
228 10
330 30
388 13
402 11
129 1
279 13
17 8
5 3
228 28
60 14
94 15
363 16
216 17
135 3
8 10
164 31
127 21
168 14
197 2
216 6
66 2
486 6
169 10
176 32
369 11
25 18
121 27
210 20
392 16
274 31
77 21
485 11
282 24
420 10
221 15
7 26
332 32
71 24
333 7
100 14
333 4
367 10
67 32
141 10
420 19
356 8
55 4
51 16
343 10
166 20
457 8
53 8
164 12
140 16
370 23
401 2
66 28
359 24
343 8
441 10
118 8
462 32
339 4
8 6
185 9
97 5
196 5
281 23
124 12
411 1
362 3
399 27
430 13
263 25
108 19
238 13
351 19
249 5
414 28
74 3
132 2
91 19
171 19
242 22
494 16
139 31
314 25
486 16
497 12
220 25
450 9
33 24
360 17
193 17
240 6
223 15
288 26
402 14
36 11
455 10
498 25
88 11
333 1
258 22
320 1
286 10
286 18
125 5
451 29
417 14
287 8
413 10
305 30
235 12
160 25
425 1
486 29
171 2
85 5
351 9
405 4
230 14
306 18
186 24
23 7
297 17
446 1
234 14
226 16
145 5
360 14
393 25
82 16
367 6
344 17
274 24
205 31
142 10
357 23
469 31
133 5
391 10
326 8
179 3
147 16
436 30
245 12
55 6
95 17
343 14
341 25
38 21
471 11
258 7
209 30
261 30
491 19
271 8
478 30
218 16
125 17
482 9
185 4
46 23
160 24
69 20
208 10
397 7
340 6
61 20
380 18
241 6
176 24
389 30
313 22
129 1
463 26
157 3
201 22
129 16
293 29
212 29
358 12
383 25
113 15
97 20
468 29
417 4
348 5
149 8
263 13
448 1
443 16
223 3
9 27
355 18
252 22
6 29
377 16
158 17
386 2
37 30
90 29
349 18
258 1
449 28
477 1
96 19
204 30
62 21
20 8
70 15
185 19
232 29
18 1
253 31
142 17
256 31
242 28
20 15
452 9
370 9
69 5
347 24
134 16
188 25
379 17
128 19
35 19
475 4
451 28
455 20
368 30
26 25
18 2
311 21
218 16
249 18
348 24
261 21
59 21
338 30
409 21
500 8
379 31
495 25
406 13
124 5
363 29
86 4
398 4
200 7
280 21
456 7
396 1
312 18
17 9
243 25
169 31
220 3
421 11
227 22
15 6
154 1
202 23
108 32
487 28
418 14
108 30
96 27
442 15
160 18
111 27
86 19
349 10
177 21
372 15
298 10
104 3
467 22
42 14
109 20
233 26
349 24
103 20
194 20
55 30
205 25
460 15
296 16
448 32
428 11
375 13
408 2
379 30
339 8
300 11
151 20
177 27
224 27
147 29
27 17
474 19
69 17
373 20
92 24
336 3
342 2
447 22
243 30
123 26
449 30
28 32
306 8
154 29
187 8
149 17
204 19
443 1
407 4
136 3
191 7
221 29
384 20
282 11
197 4
60 21
178 7
300 19
495 14
363 17
105 7
393 13
485 3
81 28
206 32
94 1
243 2
429 14
185 14
104 5
317 27
82 18
454 13
328 16
186 18
128 15
405 32
99 17
58 7
484 8
450 9
12 12
243 4
170 31
1 17
12 1
140 29
163 13
325 22
40 3
236 27
301 32
242 11
380 27
133 28
414 22
292 9
126 14
68 27
17 28
271 16
237 22
472 15
354 20
92 29
158 11
115 6
318 16
60 26
7 32
413 12
478 24
49 23
442 32
101 18
36 27
337 24
485 12
374 18
307 9
287 21
144 5
274 29
109 10
10 31
229 10
238 30
478 30
160 7
106 4
80 25
483 24
116 15
427 21
8 1
157 14
49 16
47 15
465 7
8 2
121 32
248 14
442 13
200 17
199 9
213 10
149 19
397 16
365 3
456 32
259 32
166 24
116 32
130 28
218 29
257 10
224 8
399 25
432 2
470 6
254 30
111 10
228 15
17 16
33 28
463 20
288 28
451 11
43 16
186 32
420 2
449 7

