256
321 12
452 3
341 7
489 1
222 12
10 14
190 28
180 1
45 23
374 1
222 1
443 5
342 29
322 32
373 31
281 5
247 24
467 3
338 11
75 24
66 13
389 24
320 32
28 28
382 5
389 31
265 15
240 14
443 17
177 23
16 17
359 26
392 1
200 6
483 31
141 1
211 1
156 18
300 15
98 21
287 10
283 23
20 22
212 2
287 17
129 22
197 19
267 9
16 10
170 30
444 10
398 18
190 21
388 9
439 17
21 21
174 15
479 17
29 15
6 11
431 10
320 31
325 14
215 16
255 20
189 31
45 11
56 6
343 19
74 2
483 10
210 28
249 1
52 29
231 30
443 13
395 6
287 3
51 18
262 9
89 31
207 2
389 23
219 7
409 21
12 12
238 30
399 22
262 19
262 12
360 24
356 22
169 2
177 15
199 10
376 24
240 30
125 16
196 31
359 29
487 30
348 17
295 14
210 24
48 24
103 15
379 26
217 12
304 29
266 14
182 17
141 14
75 29
401 2
460 19
374 14
185 5
22 11
171 4
239 18
259 5
181 9
3 5
36 26
141 14
159 6
294 12
447 12
268 16
138 3
310 11
25 18
288 14
325 2
333 31
379 11
107 19
80 1
455 7
266 23
268 1
121 18
428 15
133 19
266 10
274 32
485 6
273 4
399 13
81 4
363 23
174 14
370 1
282 32
72 8
123 27
176 19
456 19
161 9
149 31
210 26
206 6
423 14
169 18
279 13
53 5
412 2
314 13
35 32
456 10
347 2
500 14
172 16
328 21
44 4
111 9
250 16
151 28
497 23
345 23
420 1
120 7
179 13
463 5
232 30
22 18
348 17
303 19
476 30
203 23
458 25
124 31
184 14
82 5
444 7
159 7
175 22
397 9
63 31
417 14
129 26
76 28
459 30
346 10
8 21
305 29
417 32
23 21
257 20
133 16
382 19
267 1
421 3
261 11
374 22
480 30
467 23
329 25
433 6
211 16
426 3
256 7
498 6
443 14
85 19
305 19
69 19
23 13
438 27
323 23
312 15
164 31
357 12
55 25
369 25
432 11
483 19
489 28
168 11
85 17
61 6
219 1
16 21
118 13
375 4
467 31
94 22
317 23
325 19
443 18
488 23
192 6
413 12
302 1
314 10
333 18
479 19
2 7
143 31
299 21
263 22
407 20
247 15
10 12
446 25
469 13
327 24
106 23
339 19
171 24
497 7
229 11
405 26
173 31
53 4
268 27
441 6
22 3
249 24
462 22
336 10
330 30
89 19
104 3
194 11
134 2
129 2
220 10
444 29
284 20
68 27
162 24
225 27
398 21
418 8
370 1
493 11
266 18
485 18
212 2
496 14
423 12
59 15
9 10
387 29
349 10
343 10
165 23
397 26
243 22
125 20
67 18
14 20
403 27
53 22
380 32
163 31
24 18
445 32
75 23
176 24
488 19
285 32
289 5
417 20
495 26
347 17
363 5
96 13
211 9
82 26
48 5
244 19
466 4
103 16
222 14
315 25
148 8
64 9
132 17
172 6
78 2
390 20
82 26
408 4
486 1
234 9
233 21
456 26
17 14
442 18
39 16
3 27
59 2
327 3
250 30
20 27
219 30
470 5
247 13
444 24
218 5
116 18
358 27
352 18
332 21
315 3
252 13
261 27
235 31
205 32
288 4
15 26
485 8
10 23
65 6
314 2
334 14
83 3
352 30
416 16
78 23
258 22
251 14
196 17
308 12
173 7
475 11
304 16
226 30
42 6
119 20
71 12
137 26
495 8
439 2
375 9
344 8
50 27
353 13
283 32
496 27
106 6
197 6
133 23
75 27
64 5
30 3
496 14
140 30
5 18
104 12
298 23
215 23
245 8
443 28
79 26
334 13
112 27
298 20
305 20
270 12
416 27
354 7
316 9
105 29
127 4
404 20
6 26
123 11
389 13
278 8
59 27
208 6
345 5
265 5
80 7
221 15
37 30
109 9
123 25
377 1
272 12
24 22
101 30
380 6
267 5
161 17
323 32
346 20
372 14
372 27
496 8
149 21
370 29
237 12
322 1
444 17
448 31
74 16
317 5
389 7
313 1
259 8
416 12
7 3
65 18
441 13
322 5
445 31
198 29
386 23
349 21
315 8
147 13
195 15
45 12
249 26
484 11
197 12
110 27
242 15
432 11
87 5
123 27
147 16
267 12
42 19
212 13
262 19
301 16
25 9
391 22
406 7
280 2
330 22
156 31
416 8
105 30
396 24
88 15
103 14
426 13
320 26
205 25
348 17
36 12
201 3
145 27
357 1
60 26
18 24
256 25
7 1
138 10
144 13
296 30
430 18
242 25
211 2
329 22
154 24
281 11
494 2
313 2
54 32
387 23
439 19
355 21
207 4
51 10
420 22
447 9
419 17
449 17
338 17
390 4
492 7
198 2
300 18
39 9
85 30
275 8
420 13
24 2
176 26
179 31
272 17
295 22
17 7
23 19
371 12
198 30
434 3
51 25
460 2
289 4
367 31
271 14
247 7
263 26
368 25
368 15
269 30
33 10
256 11
492 26
318 17
192 8
139 22
40 6
183 1
493 21
447 20
186 10
58 16
467 25
92 27
268 17
200 12
498 28
206 21
137 11
381 12
330 23
70 18
468 24
402 4
153 16
75 14
393 16
490 28
409 5
398 16
293 13
327 14
256 16
482 29
110 6
72 12
84 9
161 23
97 14
363 13
409 17
290 22
421 23
13 9
64 6
356 16
210 18
350 26
269 31
210 26
397 29
21 32
126 1
383 6
94 17
174 11
385 11
8 1
94 16
485 29
133 32
216 6
77 9
159 17
248 20
427 12
353 15
327 22
480 1
51 29
157 12
279 18
390 6
346 23
9 27
343 9
374 31
335 11
123 13
499 14
65 5
69 17
224 4
246 3
456 32
127 21
223 6
154 32
395 23
447 32
33 9
396 11
199 22
61 14
75 15
395 3
336 20
55 7
359 24
113 26
151 7
278 1
348 19
188 23
134 22
498 26
275 29
424 5
475 24
146 21
395 13
187 26
208 9
140 22
96 8
231 22
194 29
470 26
291 21
488 24
143 5
442 9
229 21
93 19
53 31
251 19
335 29
380 10
381 11
459 4
326 13
221 31
401 14
264 24
51 7
115 13
235 32
165 12
273 1
18 1
199 5
475 9
409 30
278 6
76 16
265 25
277 2
271 5
379 15
220 17
285 11
325 32
94 17
187 30
450 8
394 16
176 16
385 13
425 10
226 20
250 26
104 22
179 3
406 10
261 22
190 5
312 23
120 9
207 14
123 24
214 4
8 1
88 32
177 32
405 30
216 2
96 31
31 18
45 17
35 17
414 21
54 5
443 25
481 17
331 19
9 28
175 16
488 10
259 9
125 23
270 28
169 29
11 15
491 27
339 9
64 4
453 1
328 7
141 21
100 31
467 32
70 29
475 22
254 29
74 15
99 3
422 11
412 4
22 14
191 24
130 10
464 19
222 3
181 2
303 16
37 30
239 26
262 29
15 32
1 12
246 12
135 23
70 14
303 15
151 25
303 16
98 2
214 11
260 27
384 27
378 12
36 25
230 17
33 20
164 14
184 29
485 14
280 14
67 14
497 21
426 3
348 7
416 6
397 7
12 28
89 9
404 24
357 13
273 22
228 24
127 31
49 27
284 8
368 6
261 4
418 26
366 30
412 9
383 16
308 2
439 16
282 18
372 11
178 16
232 30
283 2
372 27
172 8
362 3
357 22
107 7
11 12
96 14
105 6
81 4
223 8
159 16
65 26
346 23
377 25
204 16
286 15
194 21
82 12
200 3
381 30
269 16
277 12
165 29
193 26
144 23
117 19
270 25
184 32
479 21
396 2
424 18
109 13
342 6
228 29
184 25
346 16
352 3
167 4
207 11
113 31
477 29
5 7
114 28
214 4
452 29
478 19
142 22
196 20
479 23
376 3
383 10
114 22
400 13
250 10
343 22
160 24
443 24
418 8
56 3
203 3
443 16
234 13
117 21
272 32
203 15
110 26
72 19
171 3
207 8
281 22
134 20
221 16
456 10
187 31
472 1
17 10
421 22
350 21
382 21
484 21
472 21
374 27
168 28
218 6
168 10
275 1
437 7
432 8
484 6
254 27
358 7
221 22
224 26
315 6
43 30
246 18
243 7
408 26
366 9
135 5
474 26
37 15
108 20
6 16
437 28
250 31
234 14
72 29
392 30
266 22
388 27
151 14
333 18
391 3
35 5
83 12
286 12
270 30
439 16
337 24
387 22
170 12
408 9
428 11
331 10
84 2
408 6
347 5
143 21
291 17
113 13
389 23
196 22
144 23
137 32
362 15
269 3
494 24
475 2
326 17
319 1
374 14
346 32
318 29
160 24
369 13
185 9
23 28
267 22
218 3
349 31
130 9
313 11
497 12
248 2
296 22
287 14
496 8
93 21
472 1
477 17
377 17
449 15
244 23
416 30
322 24
392 11
436 29
425 32
48 1
458 3
442 4
216 25
375 29
454 15
413 26
391 9
442 23
39 21
258 26
498 7
421 14
29 16
298 5
140 17
477 17
39 27
192 3
59 30
415 32
116 27
145 10
319 2
197 25
475 14
14 8
384 2
213 4
493 30
216 32
58 13
80 1
315 3
55 25
189 1
89 12
351 17
162 29
171 22
229 9
163 6
468 22
27 5
309 23
246 32
3 16
420 6
104 18
205 18
459 9
330 3
196 12
131 9
200 5
66 28
297 32
21 29
477 7
297 13
269 2
13 19
197 24
205 32
370 1
161 20
301 2
78 28
373 8
57 20
361 2
203 25
54 15
421 22
473 21
19 18
111 15
364 7
18 28
311 15
180 23
418 4
313 23
180 5
407 4
461 11
61 7
275 6
238 24
348 10
116 30
303 2
100 31
237 17
290 15
356 22
369 1
301 29
472 24
218 22
271 26
144 32
192 2
149 21
317 32
491 5
213 25
362 8
163 14
281 17
496 24
274 1
260 30
397 15
110 30
108 16
495 3
63 23
373 20
115 29
59 9
473 16
250 7
435 24
284 15
68 16
202 13
496 30
471 12
44 32
210 16
459 32
106 30
390 22
85 1
167 3
461 19
266 10
325 9
474 13
119 9
240 29
86 11
134 32
478 5
487 31
32 13
243 6
170 20
115 26
340 13
249 29
272 14
362 24
66 7
56 13
80 31
357 5
381 2
424 31
370 2
249 26
206 27
391 24
327 25
129 2
138 13
466 5
243 4
356 16
14 32
196 25
206 4
461 7
245 32
297 11
293 1
220 15
388 2
226 10
114 22
231 31
435 9
11 29
228 31
188 21
130 8
38 27
287 10
273 16
86 5
350 10
466 29
80 1
30 29
270 23
363 20
246 21
252 24
177 7
474 28
424 19
99 9
290 14
162 14
121 27
483 22
477 24
242 28
356 15
213 1
265 11
180 26
223 16
118 15
262 7
114 17
398 13
497 7
302 11
100 22
405 6
95 9
85 28
437 20
458 29
416 14
223 8
84 5
379 25
195 12
495 28
325 24
372 21
430 1
479 18
446 4
315 32
116 20
227 16
191 4
52 27
258 18
54 25
422 24
393 8
71 15
424 31
131 11
68 4
320 18
293 1
133 12
157 1
211 27
300 5
271 28
359 16
329 32
220 3
195 24
218 26
202 13
364 12
140 11
96 3
181 4
75 17
199 3
61 13
318 1
162 28
416 16
319 8
432 18
198 6
353 20
95 14
260 23
90 23
93 9
357 29
276 28
438 27
366 30
87 27
62 24
474 25
268 32
425 23
385 10
28 25
241 27
143 29
285 32
399 17
120 12
2 19
391 27
73 4
288 20
291 22
259 20
178 18
260 14
428 4
428 4
233 20
282 3
20 14
310 3
146 9
378 11
27 20
437 8
375 29
463 21
74 5
133 31
99 28
57 30
239 4
333 27
3 30
49 7
383 30
145 9
490 22
175 1
493 24
320 31
188 2
236 5
354 28
363 28
111 15
478 21
254 26
172 9
276 12
483 2
282 23
186 15
500 29
491 20
176 22
210 7
443 5
123 29
164 13
100 22
108 17
475 13
387 26
321 2
217 3
171 14
281 13
121 4
421 11
123 28
273 9
458 23
481 12
215 13
120 11
418 19
243 12
292 5
389 20
494 10
119 9
455 15
225 19
31 29
38 9
444 30
41 25
80 30
184 7
166 27
313 11
234 11
179 13
36 27
488 21
376 22
397 27
357 17
109 23
469 10
243 4
11 16
164 27
305 31
89 22
354 17
404 7
455 22
463 10
1 18
223 20
408 27
58 12
444 27
150 24
16 32
28 11
27 23
117 27
242 5
152 15
457 16
385 15
341 7
105 21
148 23
421 31
297 22
318 28
348 11
356 20
63 15
390 25
425 2
124 26
414 3
464 26
386 28
484 23
46 32
419 26
266 19
100 7
169 2
6 24
88 21
231 22
95 8
443 8
181 2
389 14
44 9
315 22
404 15
156 6
238 22
347 4
117 22
270 17
215 11
4 3
488 19
452 2
58 6
453 3
311 10
184 11
46 23
136 21
1 11
102 18
68 24
445 8
246 30
172 4
489 32
262 8
114 30
261 11
311 18
261 10
407 29
180 12
499 19
104 23
309 26
88 28
357 29
264 30
98 27
62 2
462 7
265 11
92 18
246 7
91 2
228 29
6 3
152 16
277 7
354 17
312 14
312 17
326 15
122 3
10 15
361 3
210 13
398 25
2 3
407 32
352 14
440 2
244 3
213 4
198 23
456 9
360 32
381 13
194 7
459 23
37 19
378 10
148 7
251 29
269 1
445 12
143 24
181 30
179 30
110 4
312 21
88 23
36 5
59 2
471 17
136 31
392 17
457 3
139 11
391 31
67 27
83 25
275 23
151 13
360 24
180 7
28 27
45 32
87 31
145 9
324 24
268 19
497 16
457 31
486 19
246 4
386 8
465 32
442 19
464 18
226 27
324 21
113 21
316 20
323 20
108 2
444 3
64 20
302 8
426 11
219 15
191 8
350 11
115 20
269 18
445 6
424 28
98 32
136 14
87 3
77 15
308 12
421 24
311 3
391 17
213 25
259 27
416 21
409 6
104 1
311 12
374 2
315 32
122 23
237 20
113 13
106 28
37 19
495 23
453 18
435 1
198 6
272 10
6 32
495 1
61 6
8 6
391 18
257 8
476 17
424 32
10 29
64 22
407 14
244 3
295 19
228 9
428 31
106 17
30 32
393 30
257 28
376 12
425 8
11 21
477 14
192 22
315 15
235 25
313 22
284 27
212 31
451 31
361 20
423 26
8 31
332 24
418 27
263 7
190 22
243 26
59 14
355 13
41 25
298 25
123 1
311 22
91 22
473 27
169 3
192 28
62 11
144 27
81 22
173 7
31 27
288 14
53 15
18 5
435 31
445 21
247 15
243 29
368 31
491 13
461 11
416 2
57 27
353 26
169 29
408 27
292 31
344 32
41 2
288 20
28 32
236 31
190 18
463 18
192 18
298 17
488 5
26 16
476 14
181 16
107 8
398 2
339 18
445 19
455 4
206 18
315 14
108 16
271 11
265 15
376 30
319 23
127 16
258 2
426 15
449 8
82 26
281 28
439 9
299 29
308 20
79 14
149 30
329 32
460 30
86 3
7 12
49 29
99 31
438 24
449 14
407 2
436 7
302 18
115 12
471 26
307 29
247 32
86 4
79 2
373 12
232 27
419 29
12 17
291 21
245 7
187 7
472 10
42 5
347 28
224 9
430 15
217 28
42 31
455 12
200 31
487 3
206 13
415 17
125 25
369 5
147 7
372 7
380 25
391 11
420 27
247 9
349 24
377 22
118 3
213 21
10 23
99 27
307 22
135 31
70 15
152 13
114 15
335 5
139 29
423 26
395 2
259 31
485 7
336 14
169 20
122 10
98 24
96 12
85 14
187 27
289 14
223 18
64 25
394 2
337 5
463 12
338 29
326 30
59 30
127 12
413 12
109 27
171 25
266 16
138 16
114 2
493 16
327 24
448 9
461 28
241 20
367 18
496 17
103 19
58 25
134 30
180 18
332 6
298 30
309 16
401 30
213 10
461 4
301 20
112 26
44 24
389 22
133 28
306 23
290 19
315 11
37 18
369 8
47 6
317 12
453 18
129 6
315 22
57 27
349 20
80 24
223 32
6 19
56 19
441 9
230 23
472 22
452 16
485 30
357 2
205 10
75 18
327 13
275 23
207 15
254 27
71 20
458 20
34 21
90 14
210 11
432 17
84 11
20 29
84 20
74 17
37 16
474 11
240 8
449 2
426 10
84 28
381 22
423 2
406 21
91 7
331 18
147 31
460 22
187 4
246 24
184 6
111 21
349 2
460 17
295 17
203 31
381 23
124 27
201 29
167 7
348 14
369 26
264 20
216 6
371 25
61 10
446 3
414 14
20 25
295 6
110 25
396 22
283 23
496 7
104 31
478 23
12 6
148 23
25 31
224 16
27 24
153 21
306 23
470 29
291 32
342 24
464 6
93 7
460 29
285 15
455 26
365 6
459 21
240 24
79 23
231 10
98 31
282 7
153 31
79 4
219 4
47 22
9 8
484 5
432 9
235 30
382 24
203 1
316 30
28 30
108 30
351 1
344 4
459 17
87 9
292 1
160 14
338 21
181 18
341 24
442 11
349 27
378 23
15 13
196 18
439 7
151 17
359 11
125 13
491 23
57 14
15 1
471 12
237 16
377 13
115 22
355 28
141 25
218 11
425 6
49 15
68 11
356 19
193 20
447 15
42 20
168 32
220 23
111 8
142 8
236 12
9 10
71 13
322 25
8 7
54 20
313 9
254 20
399 19
499 26
333 16
201 29
447 32
491 26
79 24
101 26
387 29
255 10
110 5
450 1
379 31
24 31
327 17
211 2
427 25
275 4
453 7
112 23
98 18
160 12
85 16
193 11
369 7
132 22
227 21
446 21
139 9
148 26
449 6
395 28
270 21
487 6
347 30
473 32
403 12
471 23
392 15
161 8
313 21
441 32
429 18
348 28
58 7
33 18
56 15
233 10
299 11
399 29
20 11
440 22
355 6
464 18
424 13
209 8
121 21
479 9
386 27
116 31
173 24
300 13
278 29
406 8
455 4
72 15
27 31
100 5
272 16
330 23
40 14
283 28
38 5
60 7
439 8
69 32
175 20
340 5
104 1
380 23
400 16
237 18

