256
119 13
370 4
477 1
476 2
184 25
131 25
329 11
187 17
262 31
291 9
107 25
402 26
347 10
408 27
150 24
183 8
161 24
416 13
349 7
95 32
327 13
232 24
167 14
32 16
248 27
60 2
27 5
228 21
31 19
135 8
239 30
151 15
221 26
387 13
309 9
304 31
58 3
142 12
304 30
152 28
200 19
109 10
376 24
98 6
175 12
437 21
253 27
311 30
357 29
246 21
382 22
151 27
436 9
14 8
170 1
495 29
80 31
446 11
291 3
212 1
478 28
229 23
438 23
408 10
439 29
310 24
54 17
258 10
457 24
433 30
140 19
198 11
381 31
377 7
37 4
339 14
87 27
448 21
309 23
170 4
212 28
67 5
144 13
106 4
300 30
429 27
316 26
362 1
120 26
423 24
178 14
373 28
32 9
492 25
231 14
440 18
345 22
207 20
34 4
291 5
202 23
476 17
196 5
269 7
426 24
174 27
157 2
219 12
70 6
232 9
223 31
242 27
29 16
406 22
464 4
247 21
266 26
385 9
410 22
479 27
197 12
290 17
402 12
244 23
69 32
475 4
498 25
62 18
368 12
440 27
367 2
347 9
111 20
297 24
237 32
58 21
483 7
489 24
58 32
207 3
411 13
474 29
249 3
286 13
206 21
299 29
114 22
409 16
81 21
447 17
36 25
305 31
55 9
402 17
228 4
443 7
493 24
399 21
302 16
61 8
261 8
284 26
61 8
302 5
100 16
161 16
104 25
154 7
461 3
475 8
367 9
178 23
36 16
303 25
112 12
196 4
279 3
449 15
22 6
331 6
350 7
109 29
11 2
315 31
168 25
10 10
261 20
448 32
467 11
133 2
318 24
5 8
11 2
286 4
407 8
357 28
310 29
61 12
78 27
142 2
220 15
483 20
42 11
128 5
385 12
142 10
291 11
149 29
304 6
37 18
401 9
318 26
210 6
233 3
456 14
236 19
376 15
7 30
353 26
482 13
245 7
438 7
473 6
40 28
371 4
338 23
172 27
184 17
384 20
372 31
141 23
366 28
29 24
489 29
357 26
117 21
297 30
487 17
343 30
249 13
453 26
39 13
444 18
209 19
341 16
17 5
39 2
53 11
105 25
448 9
215 16
413 19
322 24
335 16
277 15
433 22
372 31
58 27
45 30
141 21
346 30
70 20
391 26
302 24
14 5
308 4
17 29
294 2
472 25
205 8
63 13
329 15
460 30
101 28
4 22
240 9
103 9
436 17
282 25
192 20
338 8
79 18
72 13
43 23
353 3
142 11
88 27
405 27
60 2
402 19
99 5
115 9
154 22
397 15
139 1
434 12
88 25
181 11
89 15
405 9
173 30
411 32
220 12
306 16
321 15
398 3
52 29
323 1
414 3
343 32
307 17
379 10
493 7
108 13
133 20
373 6
410 7
417 9
450 31
464 30
133 26
392 32
226 10
240 7
137 15
43 15
211 17
41 7
184 12
135 12
12 7
325 17
493 22
253 31
316 17
64 32
78 28
484 31
373 31
293 17
9 11
156 11
312 24
125 19
195 3
14 2
321 15
330 22
432 11
108 23
151 15
398 4
330 21
382 15
308 6
63 32
65 30
91 12
265 27
222 24
178 27
221 6
425 11
15 12
133 14
306 15
497 24
214 6
436 19
232 31
472 19
263 8
216 9
263 5
419 16
144 32
71 20
298 19
414 32
55 18
138 32
384 10
415 17
163 3
43 3
297 27
393 31
254 4
115 21
440 10
352 3
333 14
299 14
473 20
146 31
314 27
90 5
472 21
294 18
59 24
232 23
202 8
118 20
232 28
324 19
117 11
458 14
153 12
283 25
319 8
3 4
414 20
329 5
300 30
371 30
309 10
269 7
226 10
170 29
469 1
183 10
371 4
239 3
395 17
499 14
301 17
49 26
297 25
451 12
202 21
158 11
274 30
225 15
163 10
159 11
90 26
272 20
481 10
335 12
383 17
293 19
186 9
100 6
70 10
281 23
222 26
485 28
215 17
346 29
306 21
212 3
198 27
59 10
345 13
109 31
77 13
113 30
94 28
299 23
262 20
489 3
369 14
330 4
386 8
16 24
384 7
290 9
62 16
314 6
444 7
336 25
175 20
486 8
159 25
134 20
216 11
459 24
300 20
371 21
315 27
228 22
465 6
482 2
69 16
135 17
218 10
385 8
269 30
364 12
358 13
51 1
323 21
9 14
149 19
307 3
469 14
365 14
107 22
15 8
493 22
392 26
471 32
454 28
349 17
19 19
17 5
131 20
430 11
461 2
222 3
392 10
357 28
179 3
454 6
342 22
343 1
8 25
360 17
404 29
481 26
415 29
343 1
188 24
36 17
201 9
471 28
2 3
52 9
142 9
226 15
154 8
68 13
84 15
177 20
135 29
261 25
6 11
298 9
78 5
45 26
145 12
426 30
194 13
178 19
185 19
22 18
322 17
351 26
367 27
245 10
36 25
254 17
164 27
437 5
87 18
223 11
349 20
229 10
476 14
81 20
309 30
349 26
42 3
387 12
430 31
113 21
340 23
209 27
121 29
447 16
330 29
142 10
20 2
424 15
276 16
6 16
457 7
417 26
257 28
109 6
138 26
2 17
292 30
183 32
207 10
323 8
150 9
270 22
334 5
16 25
400 6
248 32
80 17
57 20
172 29
374 5
90 19
490 5
437 32
145 11
153 19
382 15
283 3
176 5
195 7
429 26
268 5
301 23
193 17
387 32
226 4
376 3
486 25
48 6
241 12
416 1
10 2
399 25
300 18
261 11
469 25
88 4
69 29
287 17
301 5
328 26
284 20
193 29
272 4
191 4
431 18
109 12
255 19
84 23
285 32
401 29
237 4
340 21
80 26
270 13
150 21
258 5
4 2
54 20
41 4
139 19
53 27
263 8
106 2
214 18
394 30
494 26
305 13
138 1
163 19
469 4
356 18
97 15
28 10
486 24
245 25
391 1
75 9
308 32
202 5
421 11
338 30
428 3
451 18
379 17
176 15
276 11
424 28
94 19
373 27
371 17
407 21
118 6
265 25
13 6
150 22
413 31
51 20
481 29
109 3
317 9
57 1
167 17
316 12
135 1
191 13
361 25
117 2
282 29
107 3
199 24
432 19
446 10
302 23
187 11
137 19
47 10
95 5
378 15
177 28
155 23
369 31
167 9
345 13
218 27
243 8
410 6
378 7
359 31
281 21
293 22
48 27
315 26
256 24
256 16
407 22
150 27
425 20
464 21
264 9
423 14
300 32
383 9
186 2
59 3
286 16
440 29
394 22
327 9
149 30
432 31
344 29
386 8
249 29
240 16
233 10
222 20
345 16
60 14
197 2
52 7
25 7
19 27
96 25
271 8
483 27
355 10
135 32
297 7
440 12
99 32
49 20
203 29
275 14
126 20
83 26
10 32
20 28
230 28
77 28
63 11
54 9
236 13
360 4
275 3
419 9
322 3
192 20
63 31
489 8
142 16
217 11
383 1
30 8
56 26
463 30
368 25
239 23
57 14
486 23
249 8
56 18
74 27
298 8
417 6
176 10
61 16
412 3
332 26
406 11
251 13
357 23
385 15
73 9
396 7
475 12
166 30
66 24
129 3
375 17
500 14
455 29
146 14
355 13
159 9
216 26
129 32
232 25
370 28
157 9
66 31
113 16
13 18
323 21
392 5
37 27
451 31
303 16
61 22
424 19
270 19
184 18
414 27
466 31
423 10
252 24
456 28
423 4
393 13
312 32
294 29
230 4
43 17
43 7
394 14
378 3
457 5
264 18
328 29
357 22
54 24
89 13
323 20
181 31
108 8
54 17
340 23
348 31
167 6
41 12
356 30
426 20
479 1
385 2
121 21
407 2
52 3
387 30
210 31
292 22
58 25
70 10
128 26
484 22
307 12
58 18
442 15
29 12
24 10
429 12
358 3
22 10
33 28
135 27
474 3
60 31
123 21
280 10
398 15
248 13
491 1
422 4
491 3
407 30
68 27
362 9
21 23
186 1
290 25
147 11
99 10
145 21
39 17
323 12
391 30
344 25
78 22
16 12
68 10
434 3
108 19
263 32
29 29
33 26
473 27
432 15
89 12
143 3
352 1
414 27
238 6
327 27
375 15
87 18
116 16
280 28
18 30
203 10
342 27
363 14
118 6
236 26
221 31
184 13
47 9
19 29
206 25
155 8
39 29
225 31
112 12
230 13
398 20
26 3
371 24
257 4
385 12
397 14
74 24
30 9
28 32
109 14
244 27
17 31
4 14
289 3
97 22
448 2
153 5
437 23
213 21
362 25
36 22
54 10
189 31
82 13
334 22
154 22
304 14
212 7
263 16
126 20
73 25
205 13
249 25
100 25
333 29
262 13
71 23
330 31
102 7
327 19
304 4
364 11
2 27
266 12
278 27
475 14
19 20
427 15
172 30
80 25
338 25
225 12
155 26
371 4
168 21
43 27
381 30
429 10
333 22
349 2
140 20
312 2
355 10
425 18
115 24
382 32
196 14
64 30
363 22
310 6
334 24
204 2
109 5
299 13
382 32
403 10
323 30
31 25
155 27
54 13
162 20
424 1
393 23
411 8
272 32
341 22
423 13
23 11
381 2
324 10
321 6
135 19
143 30
171 9
176 20
269 10
363 32
398 8
31 8
215 2
379 27
111 29
451 14
36 23
307 31
445 15
288 19
269 6
448 11
430 8
366 2
313 5
241 26
336 23
370 26
277 8
456 15
253 27
372 12
237 10
498 17
156 13
112 24
418 19
214 31
34 32
396 10
160 32
408 15
111 5
248 15
228 27
477 16
109 25
119 6
230 4
230 26
104 25
309 1
252 19
219 5
158 30
335 21
454 18
15 20
222 10
302 1
316 30
133 25
330 11
474 24
423 19
445 30
396 1
399 23
331 29
135 4
435 9
8 24
62 26
303 15
135 12
84 7
85 32
79 31
22 28
326 24
254 6
322 25
78 20
499 25
188 10
100 10
102 20
361 12
333 11
446 16
470 9
122 31
300 20
321 18
251 18
265 28
119 30
209 28
157 3
308 1
340 16
318 30
367 11
457 15
45 2
370 11
135 19
421 18
42 5
107 20
238 12
352 12
161 4
403 26
266 27
14 18
470 3
399 12
213 23
238 2
460 24
124 2
450 20
232 16
284 22
487 13
413 18
80 10
397 30
243 27
44 28
120 1
290 26
200 11
76 6
464 7
397 23
481 6
130 28
189 1
401 24
137 18
365 4
239 30
49 29
128 25
440 3
457 21
468 5
435 11
94 10
77 6
336 25
187 9
120 32
81 5
107 21
38 31
136 16
436 25
108 19
129 3
161 9
479 16
93 22
374 22
311 11
379 31
211 6
463 23
145 16
55 27
316 16
73 28
367 21
488 10
423 4
76 28
404 2
415 25
467 5
34 22
91 9
128 17
330 26
335 18
189 1
428 13
480 4
308 14
212 27
375 31
114 2
422 9
4 4
365 26
328 15
451 22
163 2
423 4
224 13
169 4
146 32
268 29
299 23
175 27
221 1
349 14
499 18
203 6
309 23
323 29
317 14
258 27
407 24
322 10
289 18
42 18
289 29
410 20
236 24
450 4
133 6
142 27
419 8
484 11
114 30
67 3
135 25
261 26
356 27
171 20
276 16
429 29
225 19
4 32
274 29
267 2
454 20
240 24
103 27
154 25
233 9
351 3
397 23
260 16
397 31
248 29
346 8
441 26
366 8
381 4
452 28
249 5
407 1
332 10
415 29
430 19
205 28
218 5
94 17
57 3
259 24
367 29
331 23
378 25
306 15
40 1
258 32
365 24
332 32
25 27
180 2
245 1
85 2
189 15
143 25
21 1
400 15
209 15
249 19
131 2
197 2
162 10
161 6
469 1
73 2
91 32
299 7
340 32
1 5
266 27
125 30
395 13
376 24
107 16
190 1
29 10
258 18
43 2
67 19
262 27
356 28
94 23
391 26
390 11
314 3
33 26
292 31
314 11
382 32
142 31
8 10
160 1
211 26
387 17
65 4
267 32
204 4
74 2
145 11
336 26
321 16
248 12
498 25
482 4
185 15
154 24
144 10
13 18
219 27
482 15
250 12
55 29
460 4
250 12
147 9
414 27
156 25
283 6
425 28
237 9
239 10
5 2
259 25
88 22
267 21
464 16
169 18
173 16
350 10
83 4
359 32
314 10
8 4
371 9
64 23
393 10
53 17
387 19
117 30
492 27
395 12
103 19
325 23
394 18
400 28
373 18
324 19
476 19
486 10
115 21
157 12
54 1
108 9
371 5
266 27
459 24
170 9
426 2
39 11
372 31
147 8
48 2
282 11
152 16
221 15
168 21
478 2
289 21
14 7
161 15
225 24
143 6
384 16
92 31
91 27
361 1
58 12
206 28
283 21
459 11
327 14
83 28
51 19
93 24
85 9
47 26
224 13
407 32
312 6
382 22
312 26
138 2
1 23
413 27
256 7
137 14
52 3
238 3
293 26
370 14
434 32
39 2
308 5
117 8
295 30
373 10
91 19
179 27
57 7
374 20
17 26
246 1
81 11
23 17
16 28
102 5
160 4
458 7
437 6
290 19
275 11
40 25
173 7
308 5
365 9
393 26
394 26
450 30
472 28
51 7
215 12
435 18
496 17
45 24
170 6
14 25
496 5
13 12
475 4
101 24
204 9
221 14
482 10
127 5
345 25
439 27
33 21
489 20
321 5
459 27
218 20
139 26
80 3
85 3
323 21
246 18
381 10
179 30
191 10
166 23
334 12
297 6
33 29
245 5
169 3
195 11
378 17
452 14
336 8
364 26
425 9
239 25
278 10
371 4
75 24
206 20
344 10
478 4
491 18
228 7
277 7
397 10
107 20
315 10
88 6
303 24
490 14
20 31
163 6
438 9
278 27
496 1
497 21
348 11
47 11
497 27
349 2
328 8
93 27
101 16
172 20
43 14
149 23
280 23
304 14
47 25
212 26
405 12
219 28
398 21
179 7
87 23
140 18
186 28
408 15
412 12
42 18
93 2
368 4
500 4
293 22
456 25
143 21
416 29
464 26
477 22
60 31
225 7
33 10
282 28
48 13
223 25
499 31
130 6
391 17
389 19
378 5
39 21
409 15
85 8
472 2
70 7
180 10
433 16
203 14
4 11
259 18
191 25
245 29
326 19
301 7
169 19
263 16
255 3
14 23
394 5
104 7
219 24
256 23
347 3
216 18
413 30
280 15
434 20
423 20
158 24
326 10
458 4
385 16
258 22
402 15
86 30
466 4
493 5
454 27
383 30
41 19
495 16
250 17
343 12
188 8
99 29
29 12
452 10
471 5
163 1
63 25
82 8
404 18
453 22
264 19
379 24
334 13
475 7
153 9
458 32
20 21
56 1
316 27
314 27
67 8
363 18
428 24
361 28
369 5
41 20
352 3
288 29
143 18
119 12
283 20
191 10
336 7
54 8
457 19
290 32
47 28
357 26
447 9
157 27
382 5
298 5
467 25
269 22
199 3
461 5
314 11
134 30
249 24
153 18
258 6
81 4
297 1
130 19
5 18
409 22
335 26
470 29
143 26
114 29
476 18
25 18
77 14
143 13
49 19
234 15
440 14
110 24
454 15
182 23
229 22
196 23
499 6
67 1
403 5
37 27
458 29
372 18
71 26
63 15
160 28
425 3
462 15
38 23
477 3
225 29
12 25
119 6
438 6
207 28
218 3
422 31
304 1
61 10
158 15
344 5
270 21
119 19
7 32
498 31
78 22
392 25
346 14
303 11
399 5
327 28
103 28
495 6
393 11
131 22
381 7
71 2
447 1
85 29
49 30
491 2
7 22
419 1
96 25
339 22
433 17
462 3
117 12
145 9
362 23
410 14
453 24
95 23
21 3
55 25
112 14
398 19
279 20
175 6
240 29
368 8
382 13
411 26
136 19
358 13
33 31
442 6
451 8
88 15
67 15
243 10
392 32
500 30
308 14
396 31
243 31
423 24
295 17
325 2
91 18
482 11
152 7
312 6
162 12
276 24
98 26
110 21
158 29
362 13
487 21
363 21
223 17
56 29
469 28
150 3
265 11
386 28
405 29
222 31
300 21
146 1
15 23
89 8
216 7
340 30
59 30
486 14
487 29
150 15
124 8
218 4
282 31
155 3
151 32
457 3
225 22
51 3
209 24
466 32
90 29
181 24
6 14
281 8
410 15
151 1
82 8
272 7
174 2
253 32
6 9
330 22
15 5
172 11
372 1
202 25
293 6
312 22
251 21
494 28
375 20
192 24
215 31
22 32
92 7
415 1
187 1
178 13
477 13
127 32
189 32
12 9
61 7
483 23
267 28
470 29
471 13
300 9
327 18
276 11
300 6
367 6
138 1
391 10
97 9
17 26
197 32
470 13
203 32
68 1
279 21
166 9
402 17
285 12
490 24
350 25
306 1
479 3
113 17
261 13
237 21
50 1
157 8
190 27
175 17
383 2
349 24
54 6
217 27
182 10
454 7
495 15
99 1
54 7
193 30
476 9
294 25
214 6
248 23
364 7
363 27
228 11
498 17
313 26
323 2
420 29
228 6
387 15
90 28
389 22
309 8
414 11
241 7
256 32
381 16
262 3
422 13
158 27
474 30
485 8
167 24
276 6
373 15
220 2
306 9
447 3
176 20
69 16
339 28
108 23
499 21
166 20
62 7
191 31
144 3
386 2
430 10
203 22
176 27
467 1
87 13
95 18
124 15
382 26
191 17
385 21
209 10
461 6
372 23
360 19
325 10
176 18
259 26
259 10
356 29
266 22
489 13
56 8
227 9
426 5
277 18
310 29
211 2
311 10
420 6
96 16
267 15
201 1
352 7
162 28
183 20
149 11
344 24
134 26
344 19
191 24
72 24
309 30
269 23
363 16
140 2
135 11
432 31
135 24
293 21
343 7
280 3
349 7
399 2
44 26
393 30
66 24
437 6
98 13
492 28
96 23
122 26
241 13
64 12
188 28
376 22
34 7
225 18
129 19
216 12
68 8
462 29
423 30
358 20
455 29
332 6
332 13
280 20
357 23
299 29
255 30
278 20
32 10
22 16
328 25
36 8
196 5
380 30
246 6
342 12
438 1
102 21
329 17
45 5
427 7
433 25
221 19
321 8
268 18
264 24
430 19
195 9
351 2
446 24
15 23
148 9
163 21
425 3
481 5
380 11
16 8
440 16
226 16

