256
458 15
285 27
194 30
62 1
430 14
492 16
457 6
324 15
457 30
9 8
54 30
397 12
400 1
361 28
41 12
275 26
234 19
221 16
500 6
456 26
4 4
113 20
173 16
222 5
41 22
344 14
367 21
346 22
397 30
29 18
306 7
139 3
214 31
466 9
493 2
346 24
73 11
159 13
246 12
226 7
461 29
84 19
365 13
149 6
487 25
51 20
332 1
182 25
400 8
109 4
125 3
443 13
265 5
293 6
184 10
500 16
143 32
174 23
364 10
268 22
351 18
345 2
211 31
78 18
230 26
205 14
344 15
402 8
99 18
470 2
64 25
129 2
256 18
64 4
328 20
173 30
353 2
63 23
100 24
376 5
381 28
34 13
78 11
184 28
480 1
161 23
178 13
452 17
295 16
404 26
199 13
3 7
150 21
318 13
56 5
77 28
125 2
12 10
248 28
230 7
52 2
122 21
383 21
14 13
88 25
2 6
49 28
41 18
420 10
446 27
50 14
114 14
335 30
228 26
25 29
161 20
50 30
9 12
354 14
312 22
142 29
431 11
168 7
388 7
180 26
117 30
411 23
255 22
60 2
31 12
290 15
363 28
472 7
123 30
244 31
323 26
451 13
428 19
428 31
409 3
204 26
336 31
108 11
212 3
276 2
102 10
433 12
257 28
187 11
285 6
17 11
19 4
212 2
290 11
317 14
97 24
427 13
134 22
227 9
52 2
439 5
419 27
469 15
478 3
406 15
288 2
221 7
93 16
456 26
274 8
284 7
144 14
155 21
448 9
178 27
234 8
356 21
190 16
327 23
182 28
281 25
210 30
331 2
137 7
388 7
262 3
133 13
84 31
386 19
19 31
234 16
30 13
256 7
116 7
237 13
370 2
469 31
223 4
233 11
438 28
473 23
494 29
308 13
243 5
312 1
107 13
365 8
133 20
58 20
406 10
248 28
15 4
206 9
219 26
448 16
261 4
59 18
377 10
387 27
410 30
232 16
242 12
207 2
271 4
325 25
409 20
304 24
139 13
12 30
151 19
217 27
83 19
221 23
492 11
429 9
304 12
472 17
459 14
270 22
293 6
258 30
17 1
477 15
273 20
216 19
151 25
38 29
411 26
43 7
216 3
7 11
335 7
415 5
8 12
374 5
333 7
2 9
395 22
207 20
169 3
442 15
59 19
255 5
440 29
75 15
472 26
377 14
412 19
302 19
178 12
219 14
362 24
210 25
253 13
276 22
43 17
444 9
252 15
273 15
199 24
198 10
281 22
179 16
217 9
462 6
212 25
108 5
104 9
181 29
437 8
130 3
377 21
283 28
475 24
22 14
255 7
195 31
497 14
430 5
410 15
310 9
275 29
45 23
438 10
439 26
33 4
57 9
344 7
240 27
246 14
492 12
184 30
238 16
115 23
244 32
58 30
496 12
174 21
414 31
118 20
189 14
271 21
115 15
435 26
285 25
319 16
32 27
165 14
182 24
288 30
155 9
183 31
381 20
43 22
319 16
146 11
13 32
103 19
382 25
185 22
69 19
293 21
357 18
74 23
441 5
168 31
58 14
97 2
205 15
83 19
150 32
381 27
496 27
493 13
20 25
247 4
32 7
392 24
200 25
278 32
178 1
87 11
146 27
376 15
322 2
77 7
38 30
337 1
292 14
113 11
358 15
103 17
250 6
129 13
311 22
293 28
407 11
426 4
61 17
106 14
110 19
409 19
492 21
31 7
278 32
446 8
206 32
228 3
393 32
108 3
466 28
394 12
278 3
275 10
323 1
424 5
415 12
283 2
280 10
392 2
161 25
397 22
236 32
173 29
332 8
35 21
31 29
20 8
303 14
349 18
26 8
262 32
307 12
401 19
209 9
348 29
481 28
439 25
367 11
49 26
94 19
346 20
67 13
135 14
363 11
347 8
459 20
32 5
3 8
407 20
76 10
284 17
497 2
477 32
184 29
265 29
311 7
252 30
179 10
247 13
221 9
133 7
52 28
499 26
299 2
117 19
11 29
283 16
474 11
75 10
135 7
286 21
153 22
174 32
275 28
76 19
216 32
377 31
223 4
25 30
133 5
248 15
245 18
2 31
140 12
228 2
119 13
422 31
402 8
454 1
219 10
375 7
89 12
405 4
331 29
185 19
422 16
309 2
313 31
236 28
90 7
281 28
328 18
479 21
1 24
109 28
165 8
6 10
87 6
417 1
191 13
231 4
236 19
129 28
201 5
203 27
179 19
350 30
388 16
291 29
464 7
460 8
234 25
233 32
78 29
88 32
101 18
231 4
61 8
235 21
76 21
403 22
123 5
464 11
432 6
251 27
4 30
375 26
378 19
409 19
108 25
75 24
18 21
248 14
16 26
191 7
123 17
197 21
197 16
311 9
413 5
227 32
474 5
5 23
60 18
158 7
114 28
226 19
388 25
413 12
307 3
494 1
47 14
229 8
201 20
76 17
452 18
381 26
255 9
128 14
150 25
332 3
368 17
98 4
382 22
11 28
464 32
172 10
398 16
105 10
439 32
63 27
186 11
168 8
179 3
253 13
80 8
295 15
344 4
54 1
253 32
116 16
420 23
226 13
39 10
266 9
214 16
219 27
270 22
190 13
33 22
129 20
229 7
262 20
167 20
149 3
231 16
135 18
403 12
170 13
393 20
269 30
263 24
208 29
77 25
185 5
190 1
72 10
87 26
342 17
1 18
24 31
105 6
85 7
369 14
299 5
189 8
71 4
111 26
40 11
27 8
148 32
388 7
338 14
256 7
431 12
372 18
191 24
463 27
187 7
380 17
295 9
256 13
224 22
347 11
405 25
338 16
292 25
326 1
254 22
363 4
41 30
489 11
62 11
357 20
485 13
436 28
157 28
348 32
261 14
346 17
270 27
420 30
463 22
246 24
31 5
400 11
194 16
154 23
43 26
206 11
450 14
10 26
185 14
189 25
107 2
462 1
272 9
142 14
330 27
450 8
199 1
283 1
440 8
351 10
1 1
213 7
50 26
260 22
135 25
382 2
38 23
470 22
428 31
43 29
201 8
321 24
192 23
144 24
242 14
317 30
402 21
396 27
103 4
240 21
456 30
330 21
168 23
154 19
261 13
56 14
40 20
361 28
330 28
67 7
349 19
16 23
264 8
405 22
67 1
454 6
470 32
218 17
434 4
232 11
68 19
8 3
14 28
42 15
75 16
265 31
343 24
25 10
191 6
323 9
130 8
482 3
263 8
235 29
71 22
95 26
104 30
300 13
321 26
311 15
301 15
169 11
207 2
452 5
179 18
6 12
254 27
406 32
390 32
416 12
458 2
301 29
463 1
382 23
294 4
29 2
471 18
441 25
95 32
425 25
18 10
432 11
121 17
342 6
328 6
322 5
471 22
402 6
426 11
68 15
178 1
17 32
498 29
28 4
348 21
68 13
86 31
339 2
187 1
68 30
290 25
355 12
66 4
45 4
390 13
414 27
413 2
271 30
386 18
205 26
102 28
302 4
270 29
245 8
173 12
173 2
404 7
425 18
134 30
165 23
434 6
146 22
8 12
107 5
65 19
478 3
82 4
354 7
272 10
10 28
114 18
109 25
413 9
190 2
354 30
273 15
432 10
484 11
185 22
183 17
252 13
415 21
440 24
387 15
70 8
358 23
282 6
51 18
498 25
91 20
94 11
490 25
132 6
315 8
415 18
417 3
10 11
351 13
451 18
363 4
485 4
54 18
185 8
311 22
196 22
237 22
116 11
18 20
404 17
267 10
34 19
336 31
14 3
343 32
276 5
39 12
276 28
378 16
47 32
345 3
293 14
88 21
12 5
360 7
141 2
84 22
309 28
216 18
310 30
341 17
466 19
196 9
322 25
404 16
113 29
166 13
34 9
165 1
358 8
311 2
354 22
24 30
17 11
187 14
1 31
410 10
109 26
59 30
382 10
353 10
414 31
103 15
271 23
343 20
495 21
330 8
251 13
361 27
443 19
93 31
129 6
261 1
311 27
370 17
484 10
38 10
92 16
344 15
259 7
46 5
43 23
452 5
79 16
412 26
62 8
168 18
357 32
278 12
98 15
212 30
72 21
479 32
241 30
82 11
64 15
455 31
354 26
251 8
69 2
9 10
17 25
23 22
456 12
245 18
150 28
487 17
56 21
440 20
342 29
498 22
148 12
364 17
209 22
136 13
480 25
462 32
173 16
73 8
135 21
33 20
272 7
209 32
335 20
327 13
21 17
434 28
480 21
372 1
114 3
169 1
3 3
293 11
114 21
155 13
34 11
384 25
58 4
336 12
444 11
272 8
191 25
483 22
205 14
358 23
212 3
263 11
9 23
93 22
272 7
74 21
286 2
461 3
253 5
86 28
163 6
11 9
266 5
22 11
198 20
141 2
110 23
328 26
162 32
443 25
19 17
441 24
178 25
146 22
401 7
330 11
292 20
415 10
37 17
380 10
168 20
199 25
126 22
98 23
298 32
423 28
260 27
119 1
468 12
219 16
50 8
431 30
443 13
103 19
485 26
417 32
205 7
132 22
493 9
321 18
473 27
105 24
458 31
21 9
190 15
144 27
490 18
284 16
123 30
263 27
71 31
111 3
497 18
457 1
323 5
130 3
371 30
378 20
160 18
456 5
340 20
144 21
25 23
113 3
165 7
106 11
257 24
362 9
309 6
446 3
298 27
129 8
13 31
200 20
108 23
77 16
458 24
480 15
146 8
481 2
170 14
397 18
5 26
383 14
131 4
500 8
254 21
447 22
191 10
142 2
357 2
449 10
437 21
148 6
372 9
96 10
418 20
319 27
305 21
292 11
380 23
362 22
271 32
251 29
10 20
463 10
313 15
31 13
191 11
35 31
159 26
456 8
177 2
54 25
327 9
415 14
488 20
191 10
139 14
423 28
37 5
365 22
147 24
450 22
426 20
252 20
317 27
215 25
184 29
325 18
465 19
420 4
218 2
414 25
403 20
356 16
72 25
141 10
320 6
407 17
278 18
32 6
420 30
291 8
218 15
317 31
58 24
486 7
346 15
335 8
86 19
39 25
467 27
227 26
473 1
234 26
347 13
47 30
214 29
221 4
8 30
466 13
273 3
43 14
406 18
218 19
124 12
352 14
491 14
227 7
414 16
416 32
76 30
26 5
3 2
424 6
135 9
426 20
44 4
377 29
401 22
291 24
54 26
113 8
71 11
358 21
2 13
448 21
438 17
70 4
71 1
153 17
86 26
464 21
250 5
281 18
286 31
26 27
65 14
234 31
181 15
175 18
419 7
463 5
447 32
148 9
228 17
426 9
82 29
145 7
229 13
185 27
348 2
205 4
199 23
102 7
85 21
265 32
251 31
212 17
462 11
66 29
363 19
206 5
379 2
127 16
275 3
326 26
372 30
237 19
24 30
153 25
466 17
464 12
199 27
413 12
237 22
53 32
172 14
44 22
459 14
361 29
37 14
58 20
420 18
182 31
484 31
403 1
455 14
17 30
244 9
17 13
110 17
432 5
178 15
182 13
348 31
73 12
432 31
144 23
128 5
146 31
363 12
412 18
470 12
323 1
412 23
397 17
260 24
153 5
154 14
277 2
432 26
89 24
332 12
66 7
261 3
422 19
315 5
292 8
316 18
200 3
157 21
99 16
276 7
56 18
140 5
487 32
34 31
287 21
11 4
27 27
267 32
97 21
484 17
68 19
206 3
377 10
67 7
481 3
429 13
476 1
221 6
492 14
388 22
322 14
481 28
372 31
148 21
31 31
209 14
134 6
69 6
480 7
189 8
329 25
348 28
185 4
117 24
173 5
305 18
254 6
194 26
236 9
298 23
175 18
420 24
123 20
22 6
123 10
266 3
326 1
107 27
33 31
390 21
79 31
51 21
184 20
162 7
288 27
241 2
316 1
122 2
148 23
244 14
204 21
425 1
121 15
243 25
253 13
62 16
31 20
16 14
59 17
336 2
339 17
159 22
89 28
295 4
126 30
62 17
46 2
62 7
16 12
23 28
140 12
303 2
47 14
87 5
198 3
154 8
55 9
189 3
296 20
82 22
373 23
454 3
480 23
437 7
23 7
115 26
247 13
36 17
87 10
102 24
248 27
320 30
419 28
296 7
195 6
488 32
224 1
338 20
308 10
50 26
288 28
195 2
433 14
179 3
204 8
6 3
386 25
105 5
37 32
371 3
333 6
2 1
2 3
112 29
316 13
342 28
177 9
137 17
118 15
331 13
298 12
476 24
13 16
192 25
183 6
483 20
123 29
424 16
323 7
137 11
195 2
94 27
366 2
331 32
397 29
156 6
349 27
81 13
62 24
113 25
389 31
464 7
79 31
339 26
125 3
244 23
304 9
394 14
418 28
357 26
89 24
212 1
347 28
1 28
120 17
356 16
59 31
371 10
261 13
95 1
35 6
56 18
26 9
63 23
376 11
461 28
283 16
252 21
167 8
388 30
68 4
146 7
118 4
468 31
428 18
115 30
251 22
355 4
470 14
70 2
336 10
161 26
405 25
450 4
220 30
61 24
137 14
266 2
277 13
484 32
294 31
369 20
120 12
171 18
141 16
139 16
474 15
150 18
415 23
153 7
140 22
274 20
123 27
30 20
271 21
103 4
463 16
311 7
47 13
376 19
72 10
218 21
164 11
127 31
466 27
417 21
344 2
233 19
80 30
366 2
478 24
117 5
495 27
227 1
259 2
431 2
115 21
431 2
15 29
60 32
187 4
289 7
17 29
349 32
486 30
297 11
237 5
107 28
43 25
272 5
434 15
335 4
203 29
30 1
321 5
401 15
65 21
389 13
413 13
29 10
154 13
212 31
90 3
122 16
3 21
285 21
299 27
188 5
383 29
422 15
306 6
265 10
362 18
154 10
94 2
23 8
7 6
490 32
256 31
431 3
59 3
399 22
185 14
62 19
155 31
325 12
156 30
385 29
95 10
494 12
72 24
287 26
454 24
377 5
442 7
171 9
374 29
62 6
211 23
477 21
458 25
28 25
242 20
334 4
301 27
24 8
343 2
301 16
290 25
208 15
188 27
83 9
3 20
470 1
119 6
429 32
451 20
40 20
71 13
28 4
52 7
95 26
64 12
393 1
276 28
288 3
182 6
375 13
366 25
397 4
494 2
263 28
485 26
136 28
27 7
131 14
417 9
323 20
324 15
389 24
166 4
266 32
397 5
384 2
189 24
97 26
309 7
126 14
13 5
53 7
479 7
320 23
259 26
78 3
412 30
238 17
493 19
128 10
347 27
3 19
143 16
69 11
162 2
448 22
158 32
268 16
34 15
234 21
284 15
79 15
481 16
124 13
22 15
214 25
262 1
255 28
372 23
58 5
368 30
411 29
357 22
216 3
469 17
387 12
112 13
299 12
484 26
416 29
172 14
225 17
402 32
392 29
154 18
9 14
307 27
102 11
301 22
109 21
266 3
372 5
163 26
172 10
443 8
3 27
273 27
103 2
206 23
150 16
296 30
85 22
429 6
468 9
3 13
201 1
423 28
349 30
94 21
83 8
460 13
354 16
312 13
257 1
303 14
228 10
415 12
51 3
498 30
275 12
446 7
472 25
399 17
306 24
193 28
231 32
473 1
235 16
245 31
152 15
248 32
144 22
43 22
209 28
63 3
244 29
458 19
229 12
387 10
199 7
273 1
82 13
365 20
28 13
158 12
7 29
263 18
271 21
47 11
197 26
461 24
470 22
6 10
125 13
83 3
323 23
456 25
452 4
72 31
281 30
362 11
338 20
141 12
429 3
438 25
148 3
268 17
20 25
166 25
369 12
171 24
455 30
448 6
298 27
236 18
100 14
68 18
73 24
397 9
247 19
181 22
85 16
363 12
425 32
452 13
128 31
188 14
100 19
191 29
6 22
30 5
375 10
394 4
157 19
152 27
125 13
1 25
132 23
164 4
242 8
53 1
442 20
6 1
227 32
142 20
474 11
188 24
120 14
499 21
224 7
383 4
187 31
260 14
449 31
78 11
242 2
263 11
221 25
76 27
464 9
30 13
239 6
489 7
355 31
339 18
341 9
129 23
308 16
197 28
366 22
298 20
255 17
142 11
181 9
274 32
137 19
433 4
76 17
438 10
259 4
359 20
200 15
478 19
78 14
467 12
151 20
403 25
28 28
84 12
465 9
204 21
215 24
180 19
408 1
220 22
96 23
117 16
417 19
6 3
472 16
290 3
440 12
231 7
87 30
175 11
226 30
356 1
365 23
231 28
356 14
289 27
380 26
450 9
352 12
291 11
279 24
297 30
123 8
185 9
397 23
464 11
440 19
415 8
57 29
427 32
446 19
67 14
472 4
474 23
323 32
350 10
47 14
171 25
377 11
81 26
417 20
248 20
66 14
363 15
10 29
90 19
60 8
484 27
376 21
58 26
72 19
151 10
404 10
138 21
380 3
406 21
466 17
356 28
370 3
358 7
63 23
185 14
455 25
5 10
477 26
27 1
320 6
18 11
203 12
355 2
78 12
230 3
116 30
426 25
8 7
215 30
82 24
44 28
420 20
365 28
313 7
296 24
124 6
354 26
173 1
408 30
320 17
496 8
426 30
272 13
408 31
207 1
238 22
376 5
1 32
404 21
187 28
296 18
365 13
488 17
61 7
490 25
235 13
20 5
110 31
297 14
129 27
210 18
308 10
226 24
29 22
324 15
329 23
229 17
472 12
81 16
462 14
116 8
406 7
208 4
278 29
237 2
211 30
328 7
383 9
30 16
182 10
182 14
324 30
406 3
125 30
31 26
259 26
282 5
281 13
384 6
197 24
19 32
417 26
130 28
399 3
267 32
12 8
294 12
358 11
334 14
389 32
420 19
10 9
163 26
245 30
51 30
369 5
201 10
267 2
289 1
340 15
96 16
2 13
391 27
292 8
45 32
88 16
178 1
220 9
90 12
90 24
405 27
60 5
96 26
138 8
342 10
438 26
181 11
30 19
354 29
146 14
500 1
417 14
33 20
370 26
99 27
113 8
269 13
164 24
350 18
247 32
483 20
481 19
179 30
437 4
331 30
133 22
167 13
211 31
36 24
321 30
391 9
341 7
457 17
375 27
158 29
350 28
9 18
6 15
191 18
422 9
375 2
407 13
454 1
92 13
49 4
474 11
48 15
301 1
171 15
15 32
500 20
171 28
397 8
46 19
469 27
312 7
224 26
236 9
186 31
17 18
90 30
376 13
8 13
345 10

