256
449 11
210 24
446 31
14 21
408 27
397 19
150 13
68 22
140 4
109 13
14 24
202 2
66 31
331 3
285 20
426 13
22 7
304 15
89 22
480 32
444 20
194 21
325 13
286 20
217 3
56 26
422 14
471 7
404 17
158 12
168 27
272 2
69 28
8 5
449 19
5 32
363 22
485 7
163 30
354 19
16 25
108 26
370 7
276 18
83 9
461 27
367 21
292 3
12 11
296 32
138 12
351 4
201 19
242 3
457 3
241 16
355 1
261 1
131 9
498 29
173 14
315 20
394 18
178 17
109 29
216 26
124 15
449 9
253 6
39 17
136 32
385 2
332 9
66 6
385 19
26 2
77 25
301 2
150 10
227 6
155 2
355 14
8 27
454 17
492 1
25 7
124 1
469 31
258 10
268 26
301 5
403 29
485 15
198 7
385 16
96 31
366 11
168 1
105 2
189 5
318 18
75 1
474 19
247 27
281 2
225 25
158 15
309 3
34 18
481 22
282 20
308 19
378 31
223 3
152 4
431 1
477 17
261 6
252 31
33 32
372 21
464 6
87 12
24 32
129 16
389 30
431 8
408 1
375 3
143 6
394 9
347 26
429 7
171 28
466 31
63 5
311 18
218 22
149 17
369 26
448 10
39 3
305 7
391 23
429 5
409 14
309 3
43 5
213 5
121 14
268 27
15 22
61 28
179 9
325 32
190 12
305 25
354 25
379 16
344 7
128 12
332 32
358 26
25 22
290 5
248 1
179 22
339 11
197 1
300 29
416 21
497 8
421 22
33 11
446 16
309 25
479 4
361 8
217 29
109 27
381 32
267 31
321 17
298 6
474 29
94 17
289 10
461 30
144 25
212 5
72 25
365 2
12 21
89 25
461 5
439 17
405 13
252 25
162 25
298 15
349 32
23 5
185 23
50 8
327 10
120 22
134 9
299 29
61 31
77 14
288 7
214 8
72 13
120 17
365 30
367 25
161 29
54 5
224 31
377 2
216 24
300 9
184 14
346 29
41 26
118 16
289 7
371 20
500 22
444 24
259 2
429 15
402 14
468 17
436 32
379 20
43 10
500 23
479 1
323 3
119 28
198 27
474 8
470 21
58 17
189 16
426 29
87 15
450 18
156 21
249 18
388 7
63 4
17 17
436 15
116 30
130 5
16 12
381 5
280 10
101 12
457 6
436 23
57 17
448 20
474 24
97 13
339 31
304 27
255 20
46 2
349 19
183 9
334 19
201 30
56 2
81 20
31 17
259 27
105 18
2 6
106 18
495 8
312 2
150 31
241 11
436 6
74 6
306 27
236 26
372 19
11 1
7 2
173 17
332 17
174 10
411 11
135 9
222 11
406 20
13 31
270 8
440 27
122 17
102 5
250 13
204 5
129 30
154 29
178 1
282 15
170 4
482 5
448 11
103 21
278 23
203 28
118 22
242 11
386 11
300 16
20 7
100 4
64 25
301 17
441 14
443 3
273 24
119 28
331 21
276 32
39 3
155 8
120 17
99 30
443 2
345 18
104 32
462 11
400 22
111 16
195 25
302 19
329 24
38 19
344 29
118 22
143 13
242 23
373 16
472 23
441 32
129 24
111 30
62 22
55 28
349 21
76 23
67 4
422 20
414 26
120 8
499 15
8 12
377 16
283 24
46 11
15 14
118 21
467 3
338 29
202 14
121 18
40 23
33 18
142 11
431 26
182 25
376 5
373 12
420 31
303 25
230 25
491 11
145 17
378 22
182 11
371 30
60 7
341 17
224 30
243 2
447 12
286 30
316 30
129 3
165 11
51 6
451 1
92 15
202 29
280 31
252 7
36 3
61 16
255 4
414 13
141 4
124 30
238 7
436 10
377 24
149 4
197 23
320 12
46 21
109 9
107 16
327 15
22 27
74 5
226 11
477 2
199 9
496 16
243 27
153 24
234 13
47 14
400 30
69 9
91 1
473 5
240 32
43 2
38 17
242 24
455 22
481 9
22 24
440 13
258 17
236 3
245 30
272 32
203 9
292 13
369 25
194 25
416 4
74 17
204 31
420 15
236 1
15 18
80 15
226 10
399 1
180 27
446 28
491 24
144 2
145 12
250 22
472 17
277 29
174 13
63 9
343 15
197 17
408 1
163 29
466 29
445 21
56 26
300 18
389 19
31 21
307 13
222 2
149 3
379 30
183 25
267 9
239 15
233 6
239 24
130 24
308 30
53 11
315 28
260 8
147 15
88 13
275 6
434 23
12 12
97 22
105 27
70 11
177 22
341 24
197 18
471 1
396 27
219 6
227 7
117 5
473 9
177 15
218 30
21 21
274 25
274 14
331 7
72 28
496 8
275 9
438 1
401 9
120 19
246 18
301 27
70 13
67 6
371 16
207 32
216 12
360 13
209 11
35 17
50 14
396 24
426 17
420 30
17 19
297 7
88 9
477 25
74 3
402 16
30 1
39 21
292 7
85 5
293 19
133 22
352 12
165 22
65 4
307 21
327 3
47 26
52 27
71 1
417 16
272 14
136 31
42 28
61 2
280 21
448 20
46 20
143 22
429 27
497 27
492 15
190 10
89 9
413 27
69 1
186 24
275 26
150 16
249 26
146 20
266 5
143 23
392 5
76 32
196 5
259 15
247 24
76 27
392 28
197 8
169 31
151 11
56 21
462 12
66 11
35 28
200 5
346 7
313 30
115 8
346 1
46 20
172 14
131 23
461 3
226 5
413 28
423 24
380 9
123 30
491 1
481 2
185 10
485 14
99 15
357 8
323 11
240 6
376 10
260 32
400 25
317 13
212 19
132 4
327 7
389 14
115 25
211 12
46 23
149 9
145 13
440 19
407 11
312 14
400 19
322 32
407 18
112 31
80 15
62 31
201 2
76 28
170 26
467 27
333 31
359 21
471 19
296 2
329 31
215 17
382 28
28 28
25 27
258 17
85 27
363 30
268 26
305 21
427 31
4 3
89 18
88 7
364 31
140 1
193 23
273 14
242 32
214 31
142 3
75 2
142 29
215 25
78 23
50 8
493 29
467 17
118 2
492 18
492 31
26 28
189 2
462 7
449 19
401 26
349 19
19 18
263 26
251 4
456 24
47 5
204 21
381 1
270 12
302 21
59 3
297 31
476 26
381 4
136 9
365 32
255 24
474 9
469 28
60 32
375 23
224 6
471 25
398 1
180 24
353 14
230 5
337 30
110 17
333 9
350 30
229 20
285 26
473 5
129 8
380 7
490 8
432 9
412 17
257 3
84 29
181 2
462 29
75 31
437 31
316 6
308 16
242 16
449 22
196 29
449 24
283 27
31 14
455 30
98 11
236 6
171 16
199 8
136 5
203 25
31 14
62 31
265 23
430 5
220 2
345 9
53 3
311 23
396 5
376 13
475 19
26 21
379 24
129 14
348 3
142 31
52 4
69 12
358 10
84 6
327 16
98 3
406 16
165 1
24 12
145 2
355 31
346 1
98 18
302 18
156 20
28 3
147 12
226 16
149 29
433 32
88 2
58 29
141 27
497 4
466 10
365 4
164 27
404 29
388 18
410 32
1 29
454 27
236 16
2 29
340 31
64 24
20 29
124 17
195 17
176 29
114 25
332 1
307 4
241 30
293 11
89 25
439 31
291 15
74 28
263 25
430 6
44 26
446 4
462 25
140 29
5 13
233 20
381 7
423 9
85 11
271 1
211 26
67 21
88 12
497 18
109 10
175 20
79 24
23 12
464 10
381 4
266 29
156 2
4 14
119 8
497 29
112 27
302 7
60 29
22 32
90 22
185 4
486 12
440 32
303 11
22 31
223 31
500 6
285 31
307 11
442 11
495 13
362 29
435 21
389 5
180 7
290 28
446 3
127 5
135 30
140 12
168 30
294 23
443 10
169 21
332 26
256 27
367 5
327 25
93 15
109 12
45 23
487 31
173 14
227 27
247 18
314 6
431 16
81 17
389 17
326 13
63 5
251 17
401 29
229 1
291 6
116 32
88 18
30 20
67 32
271 9
326 20
79 32
395 11
185 28
111 22
208 5
294 14
453 2
34 30
390 20
223 13
363 30
458 16
273 29
352 31
41 1
183 19
488 21
129 16
212 24
181 23
116 30
228 17
19 13
454 32
289 16
116 19
189 10
247 29
450 18
208 10
478 14
461 17
318 25
489 18
32 5
300 12
347 12
68 1
140 9
477 24
48 12
283 4
17 13
48 26
330 27
160 15
496 32
475 10
412 31
47 8
336 2
295 6
77 14
250 5
234 6
348 13
170 6
368 6
362 15
356 15
374 3
53 17
486 28
386 25
342 20
44 29
482 18
62 2
51 8
126 20
389 2
416 30
307 15
448 25
402 3
63 7
169 4
347 6
495 17
254 24
16 30
69 25
339 22
55 14
293 32
173 10
357 1
295 8
75 10
184 12
396 6
102 16
65 9
69 7
33 19
99 28
324 19
397 30
148 15
51 5
334 12
326 15
368 20
354 26
214 21
270 9
338 23
25 3
171 13
165 23
471 7
103 14
281 7
308 1
153 22
73 2
137 18
176 12
369 5
446 2
121 11
395 19
437 3
213 32
67 29
310 14
492 8
183 28
262 6
404 2
52 32
252 28
225 19
192 22
12 13
379 16
55 1
442 23
395 22
98 18
383 12
351 22
23 25
349 1
23 13
402 26
432 5
113 29
284 28
306 15
292 8
426 30
161 32
189 11
225 10
368 7
397 26
36 8
251 13
408 17
341 9
50 4
166 30
132 5
466 17
243 1
473 16
307 1
239 19
39 4
484 7
274 17
124 6
4 18
46 31
350 10
423 11
361 20
413 13
36 2
281 10
190 21
298 32
237 8
194 32
203 14
34 21
410 5
138 21
235 11
175 24
272 25
187 32
37 11
328 4
328 9
202 13
65 7
365 18
238 30
429 25
87 22
121 8
322 6
408 16
144 14
344 3
31 10
102 19
480 14
490 31
242 3
27 18
393 23
459 23
153 19
275 31
52 27
235 2
356 2
133 15
428 24
469 22
209 18
376 20
351 29
198 20
408 29
250 8
467 8
134 7
151 12
210 2
6 12
279 5
289 20
63 28
91 3
25 12
453 24
487 19
469 17
99 20
261 12
379 31
111 25
50 13
124 11
315 10
54 17
194 2
356 1
410 15
491 14
246 23
38 24
302 26
120 16
85 20
451 7
311 13
179 24
174 3
118 8
136 23
432 25
364 28
141 21
86 28
59 3
426 8
266 27
305 2
478 13
117 4
407 7
193 18
286 10
92 31
353 31
425 8
111 13
423 16
413 12
383 3
190 28
122 8
239 10
193 32
18 29
348 9
88 20
362 1
405 13
128 13
383 20
244 1
44 23
244 1
378 26
483 16
138 13
79 12
382 31
443 12
431 14
176 30
181 13
243 29
341 30
397 3
477 29
67 17
363 19
181 20
140 19
363 1
119 25
4 21
63 23
252 18
440 19
215 5
315 13
261 23
30 10
229 27
2 27
231 24
309 27
455 25
277 14
225 12
110 5
248 29
379 31
18 30
277 28
494 15
41 3
97 18
264 29
280 17
323 22
128 4
476 18
80 29
103 20
352 5
236 7
237 18
301 14
136 21
337 17
371 17
235 7
151 30
495 14
114 25
496 21
300 19
27 23
427 5
387 22
45 2
432 9
88 32
386 3
12 31
55 22
451 6
200 17
139 30
235 17
215 2
197 18
52 11
245 3
56 19
460 24
104 20
85 7
475 22
117 7
396 28
220 3
165 24
151 3
317 17
259 11
466 24
397 6
30 5
200 17
123 31
389 10
50 9
269 5
294 25
363 18
260 6
388 20
205 6
79 18
275 9
256 8
292 24
461 2
496 20
110 18
319 26
196 4
322 12
244 32
200 18
157 24
40 4
235 20
433 1
117 31
2 1
151 9
228 19
318 20
271 28
193 25
277 32
308 23
203 4
418 15
9 6
66 12
321 16
292 17
465 4
164 26
484 22
110 28
276 12
287 14
207 19
338 27
219 2
285 29
401 6
175 25
479 16
309 19
392 4
256 16
211 19
173 11
436 10
110 15
61 20
461 27
430 2
454 24
499 6
69 7
496 31
12 22
187 4
125 14
271 12
137 13
150 5
379 5
294 28
147 3
439 15
177 21
461 18
16 19
72 32
62 3
383 25
392 13
244 32
350 2
247 22
346 8
498 5
184 7
416 31
201 15
493 6
427 29
359 14
264 14
230 9
200 12
249 8
384 28
459 17
357 18
422 10
305 31
130 5
265 14
23 14
104 15
47 30
320 9
175 27
39 24
111 6
219 3
181 26
202 20
38 26
49 15
111 29
433 17
45 18
138 3
219 25
286 17
474 29
21 32
243 15
404 25
149 26
211 1
428 24
172 29
469 24
480 19
425 24
171 21
165 32
240 7
104 9
147 13
333 16
77 27
78 4
427 18
305 13
259 16
252 6
253 20
2 24
2 18
199 9
246 24
184 29
246 32
361 21
216 9
264 24
119 1
123 21
271 24
385 5
215 4
162 19
59 7
402 29
440 25
85 30
316 12
22 13
55 31
157 23
279 4
414 10
113 9
294 23
20 31
115 6
18 4
53 25
143 2
137 2
258 25
471 9
340 25
486 15
79 22
17 29
62 18
106 30
170 4
260 25
282 14
423 3
353 23
227 27
484 15
429 18
287 27
314 11
243 15
373 9
293 29
30 30
22 11
379 8
238 14
232 15
215 30
22 11
184 12
414 12
167 2
409 1
92 22
431 15
225 3
359 9
247 28
370 13
227 32
164 20
89 19
187 7
401 20
221 4
159 22
103 25
327 11
130 19
289 4
309 5
215 23
29 5
259 18
81 25
201 4
300 29
491 14
295 7
45 19
178 32
1 25
380 31
495 17
301 3
421 17
295 27
128 19
447 26
276 16
370 20
475 29
116 9
7 18
207 11
277 25
458 13
17 2
159 19
198 28
294 6
68 28
104 19
115 31
432 18
282 29
218 32
174 21
73 4
447 23
434 11
15 24
55 31
81 1
394 10
172 7
248 8
478 15
138 16
105 6
186 26
426 7
494 27
439 2
482 1
196 12
311 7
159 1
93 27
78 22
368 29
24 19
192 30
318 30
149 14
455 14
12 4
440 1
183 15
274 28
115 25
283 26
31 9
142 4
31 27
109 7
172 21
217 27
190 26
396 30
160 26
24 15
230 31
379 28
193 16
279 28
120 30
289 7
354 14
126 9
353 2
487 32
70 7
238 7
89 18
449 8
335 16
122 8
138 4
179 27
3 26
194 26
371 10
476 28
263 9
312 31
187 18
342 32
353 24
367 25
417 11
244 19
342 21
167 7
216 29
365 10
6 22
191 12
391 3
452 22
119 11
472 21
413 18
413 21
97 27
409 17
149 12
263 30
368 29
172 23
330 5
152 15
446 2
211 25
212 2
46 15
276 1
339 8
34 23
156 26
233 8
142 21
419 13
74 18
389 22
72 2
282 7
53 19
269 11
267 12
128 24
14 23
181 29
295 10
307 26
196 4
218 13
124 20
445 10
126 2
443 13
403 24
272 19
6 28
421 21
223 8
436 1
303 4
441 29
34 15
398 17
138 23
417 10
103 22
311 16
47 17
424 25
180 15
256 17
86 8
309 17
428 17
397 14
416 13
178 1
287 31
29 13
42 14
390 32
11 8
223 25
156 10
209 31
45 28
223 2
344 20
142 19
480 2
352 23
78 9
196 9
307 8
345 28
225 10
195 23
137 9
495 8
119 32
330 11
371 20
496 30
435 30
336 10
27 15
309 13
419 24
173 30
431 9
277 20
102 20
242 2
92 25
233 14
144 14
224 18
113 4
80 8
209 31
313 31
306 17
43 4
328 31
301 7
435 26
118 24
401 3
477 8
299 1
54 18
122 13
308 15
200 19
486 16
153 6
347 30
271 25
34 30
308 2
60 30
263 29
130 7
388 14
7 26
167 4
332 28
40 15
226 32
377 31
351 17
361 29
191 27
142 16
432 13
409 28
42 12
168 31
186 23
481 32
445 27
455 28
138 19
266 32
438 10
278 32
374 2
41 8
120 18
139 20
482 8
43 7
71 6
398 4
321 18
152 13
376 6
392 1
304 17
80 9
2 30
85 19
347 5
291 27
158 17
370 19
328 28
365 10
177 30
358 29
491 17
261 26
318 16
83 14
364 26
66 25
371 30
444 22
478 6
36 23
14 29
477 14
20 2
91 24
307 4
193 14
308 29
367 10
161 1
99 12
315 12
93 17
18 16
254 11
121 21
334 10
397 10
475 8
355 14
464 10
365 20
311 5
312 29
298 28
330 4
348 24
263 12
32 24
475 14
331 15
130 4
80 19
325 15
442 24
472 25
45 12
412 23
360 28
235 29
47 16
256 30
263 15
37 15
354 3
284 8
457 29
199 9
291 24
295 9
407 18
341 15
305 13
9 13
328 23
173 30
11 9
472 13
3 4
271 28
371 22
392 23
171 14
67 1
465 21
45 19
478 10
25 3
342 5
299 29
480 23
246 2
103 21
466 21
429 9
313 31
142 20
181 16
293 20
125 6
312 25
332 14
258 25
424 23
241 30
119 24
396 13
61 19
285 7
455 25
115 23
215 12
322 12
272 11
495 12
76 6
416 7
447 6
115 2
124 28
295 15
427 19
311 12
41 27
218 11
12 32
466 10
439 11
121 6
105 19
457 4
273 21
291 11
250 9
293 21
112 11
319 23
129 29
378 1
428 19
368 11
278 13
16 28
323 9
130 12
455 18
459 19
162 25
150 31
6 10
488 5
380 22
7 17
139 28
381 10
182 28
208 31
432 7
231 31
211 28
34 10
149 24
244 19
445 25
73 18
334 4
418 22
218 17
74 12
160 22
125 26
54 8
4 25
54 18
443 29
445 32
282 26
320 1
256 8
418 28
65 27
388 14
316 25
406 21
164 10
47 24
111 28
471 26
288 12
200 11
492 24
58 13
441 1
150 28
492 7
376 32
169 23
38 17
71 11
77 18
212 15
225 22
74 7
140 30
422 27
444 26
38 17
390 3
230 19
26 25
105 21
129 26
15 6
110 25
312 14
170 4
161 18
49 6
292 8
447 10
82 10
331 20
243 8
450 12
463 19
192 19
376 28
192 18
189 21
179 17
191 20
228 31
446 12
84 29
168 7
302 21
272 8
368 10
56 29
337 10
144 25
436 23
52 8
112 21
484 18
445 30
490 24
24 11
151 32

