256
362 24
441 13
144 6
455 3
127 21
237 15
152 6
56 7
323 32
99 16
130 6
274 21
18 24
368 26
101 29
484 27
401 24
91 4
26 5
339 16
69 27
330 32
24 17
162 11
432 21
126 9
370 3
114 11
190 29
436 14
386 16
456 14
47 14
33 4
443 23
75 11
150 16
83 17
492 16
19 16
356 20
336 30
246 21
316 15
134 12
429 11
375 4
8 1
134 8
493 4
263 23
290 16
175 24
84 6
468 27
293 11
302 13
252 4
281 16
186 18
23 14
488 21
350 19
169 3
387 25
262 25
432 19
412 22
275 7
475 18
153 16
268 15
248 4
354 28
291 3
146 13
153 9
413 2
480 21
188 22
446 9
218 29
351 21
186 5
327 12
218 28
279 18
286 22
209 27
406 7
29 31
15 13
35 19
238 2
211 17
231 20
77 4
236 20
428 1
404 19
433 14
438 7
163 23
89 19
65 14
425 13
396 11
330 18
69 7
296 3
196 10
139 16
474 6
51 5
147 27
359 19
132 4
493 6
222 21
368 10
278 16
83 13
434 16
455 22
330 18
132 13
275 14
149 8
496 31
353 26
209 3
72 32
7 4
337 32
497 28
366 26
199 32
299 4
63 5
133 4
206 17
417 16
238 13
432 17
467 4
226 4
494 21
367 12
65 8
432 17
259 21
186 14
448 16
441 2
292 10
253 9
42 21
329 23
437 16
216 12
43 17
431 24
442 17
240 30
352 15
418 27
171 23
272 22
143 24
479 26
137 27
431 26
104 27
161 16
370 24
295 28
20 9
151 13
226 22
318 17
264 23
39 6
394 18
403 20
374 17
321 10
316 15
40 27
213 20
310 18
427 5
197 18
33 32
259 6
293 8
187 25
15 1
342 12
239 25
295 28
181 11
121 20
422 8
266 2
63 24
68 5
236 32
139 8
167 21
378 20
176 4
16 26
492 9
301 22
157 3
193 10
414 22
333 7
177 11
320 24
230 27
432 29
355 18
84 25
318 17
332 2
376 23
387 24
408 32
449 32
486 30
401 15
307 6
437 15
388 29
74 17
347 2
81 17
427 16
426 25
477 21
294 20
456 20
71 11
219 24
278 21
13 19
307 7
116 24
5 7
500 27
119 10
288 3
251 14
214 4
162 18
432 31
394 3
487 16
101 5
187 23
113 27
409 28
221 32
15 22
378 6
156 28
63 11
398 9
360 15
488 30
5 4
180 6
158 14
65 19
427 28
489 11
302 17
310 23
476 24
100 21
41 27
52 12
401 13
268 28
115 32
337 27
379 21
368 8
386 21
498 20
36 2
203 5
438 4
211 1
40 6
117 24
268 4
387 4
320 23
484 11
114 24
405 24
188 5
231 14
409 25
89 8
66 31
484 12
155 7
268 30
208 1
329 12
404 24
199 20
222 14
10 3
2 2
30 17
242 24
466 30
488 31
297 10
197 17
261 31
179 32
248 2
264 17
417 4
144 28
243 21
297 20
403 14
221 16
191 27
43 28
464 23
62 29
288 23
393 20
461 3
279 17
12 19
137 17
62 8
396 12
496 20
259 18
342 19
181 32
441 7
39 5
105 21
17 28
211 13
143 31
35 2
83 18
316 15
326 9
350 13
32 17
265 18
298 2
120 2
341 17
405 27
317 5
183 21
105 25
445 15
268 15
372 6
376 3
421 2
267 10
274 30
171 14
291 28
347 19
298 15
323 6
418 23
62 24
175 10
197 11
117 8
301 8
165 24
379 1
229 21
59 7
147 5
244 1
48 3
199 29
277 21
250 26
11 12
498 21
181 2
7 13
9 23
137 21
483 31
462 7
363 32
417 5
452 1
298 3
103 24
48 19
17 1
129 23
460 30
416 1
171 10
289 7
81 1
55 15
495 16
477 18
387 2
218 18
110 27
189 4
11 20
294 31
384 2
109 32
399 32
188 29
150 12
451 10
105 30
144 11
373 12
456 28
69 18
449 14
40 1
241 30
224 7
132 8
308 17
155 7
468 6
479 25
169 6
198 29
287 25
372 15
165 3
270 17
204 23
263 32
355 15
349 11
389 25
38 29
425 24
255 24
385 5
361 13
14 18
178 12
251 17
163 15
79 4
499 7
150 29
82 17
116 2
287 32
262 12
52 2
219 30
430 31
391 10
7 12
199 20
408 5
84 18
215 23
353 18
149 15
326 2
63 25
11 25
297 29
376 20
14 6
6 23
48 20
436 14
3 27
90 22
435 5
331 18
187 28
215 23
390 16
268 8
185 27
300 1
107 3
328 20
120 5
415 11
80 10
424 23
336 25
344 3
186 19
272 24
62 22
263 23
229 6
402 13
12 29
393 22
79 1
442 6
257 20
68 29
57 7
123 1
356 30
15 29
344 22
116 29
123 2
355 15
112 16
116 7
308 8
445 10
284 6
287 13
93 30
229 21
49 27
393 4
20 23
296 8
44 19
268 22
493 23
221 28
230 32
430 18
47 30
127 15
111 10
223 27
119 3
204 11
5 4
422 20
355 13
387 6
332 31
416 20
481 32
131 26
175 16
451 5
286 6
403 16
343 13
451 21
427 26
332 11
249 13
307 23
322 25
353 25
51 24
32 11
107 26
297 21
73 15
353 22
28 12
458 2
232 16
35 7
61 22
441 5
322 15
264 27
292 24
499 30
87 30
429 5
43 13
177 32
323 17
29 15
136 26
72 20
245 6
378 17
175 10
318 29
65 17
343 32
400 10
401 22
75 5
382 30
405 18
437 12
438 17
430 30
303 9
293 19
459 10
204 9
487 25
481 11
305 28
110 16
17 7
41 11
43 30
412 28
183 4
379 16
165 32
45 31
308 29
217 22
210 20
103 25
144 3
303 20
258 13
3 2
127 7
69 29
168 20
172 18
180 30
322 12
357 14
366 5
259 26
486 16
206 24
368 25
23 11
1 24
435 15
258 9
250 6
285 25
157 29
471 16
6 12
383 23
213 4
83 3
182 20
143 11
8 26
439 6
32 15
161 26
294 22
82 19
95 7
15 20
323 21
439 28
480 30
394 25
69 12
367 30
248 13
488 11
223 11
284 10
69 12
424 22
362 5
108 28
223 19
59 13
311 18
77 7
171 26
187 15
150 25
341 5
266 20
151 12
458 30
445 23
229 24
92 10
77 20
250 7
26 20
48 12
157 28
330 19
445 16
418 26
273 14
342 14
141 12
81 31
481 13
329 18
97 32
151 1
471 32
175 24
60 26
184 24
345 21
395 10
233 12
87 13
273 1
246 25
476 18
363 21
202 11
166 2
463 32
322 29
420 9
133 19
70 24
398 23
32 20
408 16
307 2
120 23
126 21
196 14
42 6
410 4
305 7
393 27
446 7
403 5
415 11
47 16
54 1
250 14
440 5
201 19
355 25
381 8
37 24
285 19
190 22
174 14
472 26
112 2
484 30
486 14
401 29
382 10
181 3
39 16
492 20
70 14
412 11
29 24
230 10
230 31
211 31
264 27
173 19
304 24
389 1
406 25
25 3
94 25
473 25
177 12
224 10
13 23
48 14
434 22
207 24
48 21
270 32
303 14
38 10
302 2
99 11
418 7
197 28
328 17
144 8
485 31
101 21
205 5
390 2
278 24
5 13
365 15
488 27
68 30
125 1
155 15
427 25
197 23
84 20
144 7
379 4
297 12
476 25
480 26
342 9
313 19
285 29
473 1
48 28
150 28
261 28
246 7
228 30
14 7
318 5
389 12
488 17
379 31
389 6
180 3
318 9
77 3
373 21
227 28
440 32
443 12
383 32
91 15
334 16
273 15
112 2
50 27
50 17
413 27
138 17
21 4
289 17
410 29
497 8
81 20
363 15
340 1
415 18
355 12
237 4
398 20
141 19
298 22
227 6
332 25
358 12
24 14
300 1
159 32
68 3
436 14
465 19
26 31
408 29
478 4
360 3
343 4
26 4
245 24
405 9
320 31
428 11
260 16
127 22
227 18
360 2
327 9
140 13
407 23
85 17
394 8
111 16
499 8
79 3
92 28
319 15
98 31
458 5
178 4
479 28
482 18
270 20
218 17
364 1
160 8
361 1
447 3
493 25
163 3
188 10
258 6
368 23
308 17
416 17
113 22
93 10
435 10
105 1
474 29
129 1
268 17
242 19
15 18
159 29
8 6
282 18
408 30
324 15
178 3
404 2
484 12
383 31
413 8
423 14
308 31
75 7
243 16
141 1
401 4
138 20
349 3
377 20
272 13
175 14
291 2
91 7
129 26
45 1
165 3
278 4
221 28
398 15
19 3
275 11
190 12
383 14
35 3
498 14
311 4
459 30
453 10
80 17
227 8
121 3
294 30
214 10
454 15
180 4
149 6
95 22
366 13
228 32
87 5
409 30
248 8
203 12
121 30
132 19
257 12
89 14
353 26
415 2
412 14
482 25
47 20
250 4
256 17
15 14
405 16
295 28
495 5
55 7
130 2
313 6
141 13
435 22
202 9
3 13
294 28
377 9
115 19
104 14
307 15
416 24
394 6
67 20
59 26
354 12
159 18
74 8
66 4
497 3
61 19
83 2
187 20
46 29
290 22
23 8
120 6
11 1
499 18
104 21
403 13
245 5
474 18
64 27
381 8
361 1
411 11
499 9
106 12
397 3
45 15
195 4
60 9
380 31
486 23
467 4
291 19
301 32
232 20
358 25
276 22
109 22
13 27
282 30
3 2
217 7
153 11
415 4
319 14
270 13
129 21
44 7
299 24
239 11
412 32
199 7
166 27
372 22
266 25
499 28
386 19
166 10
329 12
250 16
78 15
304 30
107 11
180 10
247 10
492 14
366 22
196 31
348 15
264 5
423 6
232 32
181 2
198 21
181 23
8 6
169 31
167 8
362 7
237 12
116 4
117 25
121 12
67 8
230 10
433 32
444 12
15 8
413 8
484 26
362 32
55 3
154 2
362 7
272 26
326 23
177 10
72 21
105 6
116 14
320 8
41 31
64 12
238 32
119 1
273 17
64 24
215 30
401 28
436 32
25 22
262 17
55 5
201 20
175 32
49 26
216 14
108 27
497 29
106 11
269 19
299 29
58 13
254 2
440 29
333 28
302 22
16 17
279 16
220 5
236 4
298 23
209 21
433 9
305 10
24 13
268 14
109 5
187 2
486 2
255 6
90 16
412 9
116 22
25 3
346 8
307 23
414 23
251 14
424 27
235 19
331 19
120 16
179 26
5 29
284 15
334 25
19 29
181 30
490 25
321 11
168 7
329 29
345 11
426 28
337 1
66 12
15 14
311 9
47 11
61 2
426 7
54 24
343 27
429 21
143 21
19 19
227 32
243 24
130 25
191 15
181 1
338 11
498 20
443 20
462 24
226 23
250 15
182 32
365 3
276 28
211 19
22 18
494 28
213 27
284 27
293 12
363 2
362 8
129 9
256 19
160 17
181 29
111 23
204 8
177 16
39 15
478 16
380 19
323 8
297 31
347 22
422 29
423 32
273 12
440 32
494 7
212 6
211 14
240 30
1 20
97 23
7 14
98 2
100 17
330 13
231 12
190 24
88 24
139 12
15 30
91 32
28 26
238 6
476 1
356 28
97 16
367 23
230 24
340 29
88 1
77 22
196 10
174 20
82 4
495 4
94 10
160 5
239 9
211 10
225 14
394 29
221 24
275 26
75 11
131 23
283 31
184 23
177 25
114 10
373 8
205 30
397 16
438 20
112 12
53 1
417 2
361 22
57 16
439 8
454 5
350 4
276 9
418 12
94 3
61 30
343 1
283 27
333 28
226 8
72 11
336 32
428 5
477 5
36 4
320 13
484 9
76 11
53 10
414 18
376 10
315 22
443 9
457 27
169 30
422 12
164 10
79 20
306 32
280 1
323 3
181 10
119 28
417 27
101 10
21 17
156 27
194 30
284 22
224 8
36 25
43 27
254 29
494 15
28 5
251 30
223 27
8 17
39 28
216 27
457 24
115 24
422 17
61 21
162 12
156 25
281 14
100 6
23 1
445 6
218 3
252 12
330 11
485 20
386 8
358 10
287 25
306 16
485 22
413 14
354 32
47 6
470 26
371 24
90 31
393 31
214 32
451 31
106 7
262 15
486 31
333 12
443 26
479 31
355 31
277 16
15 19
193 12
172 32
327 5
230 31
272 31
67 14
189 8
8 14
163 1
421 15
116 3
484 6
346 22
189 14
398 3
148 26
38 11
5 16
431 23
286 18
381 12
127 18
24 18
371 10
478 11
32 29
210 31
391 15
204 7
380 25
485 27
191 22
197 11
89 19
133 18
181 22
78 3
435 17
145 5
138 6
300 17
419 29
35 5
267 2
91 6
339 19
24 13
300 4
427 12
346 24
465 26
425 26
37 19
494 17
15 3
154 6
3 24
26 1
232 12
479 6
437 29
100 16
49 31
31 31
490 9
238 7
106 2
348 30
372 10
174 11
176 4
52 31
103 18
271 23
369 1
360 14
417 20
469 5
210 16
144 28
228 25
6 25
247 1
179 14
46 4
356 22
383 8
456 2
485 18
172 21
475 19
214 15
342 31
208 24
34 23
455 5
435 20
297 9
312 19
151 30
179 14
283 29
413 6
398 13
315 21
454 9
452 3
32 13
201 11
48 14
293 22
198 15
461 15
260 29
321 14
334 23
267 12
264 16
57 17
280 7
82 29
364 13
104 7
29 32
485 29
242 17
430 31
355 27
285 22
367 14
227 16
456 30
371 23
25 11
84 8
1 13
241 32
401 4
110 17
499 22
209 16
74 31
31 5
233 27
246 15
272 29
2 12
466 24
150 6
150 9
145 18
249 17
218 13
80 23
282 23
477 10
22 18
480 20
182 32
71 16
162 22
252 11
421 5
386 3
58 3
7 22
389 32
291 6
108 26
136 9
152 8
231 22
14 26
429 15
274 23
474 7
341 9
450 13
293 19
387 22
222 26
256 10
1 18
271 4
119 10
497 27
222 31
296 11
288 24
281 17
75 23
496 27
183 9
231 12
131 22
177 16
11 12
165 7
33 7
470 8
45 22
274 2
44 17
352 12
496 4
244 22
90 19
188 25
35 23
100 22
388 4
221 26
412 30
112 12
24 9
447 20
399 20
185 18
492 32
125 12
20 25
261 29
459 17
85 6
71 24
215 18
312 31
59 11
24 10
370 32
102 9
467 16
92 8
146 32
187 30
275 10
342 11
371 1
187 27
498 1
139 32
66 14
498 28
228 26
497 13
421 23
117 11
450 17
390 7
144 25
217 26
486 26
156 8
210 31
163 31
451 21
270 17
306 28
196 25
141 17
481 13
291 26
299 12
10 9
187 25
117 23
274 2
164 21
162 10
475 12
284 18
328 6
498 1
25 13
17 21
385 29
77 3
298 23
119 31
415 1
15 31
263 8
337 6
421 10
3 15
25 23
172 20
44 1
336 28
214 12
84 10
200 16
477 30
238 27
360 5
103 19
35 17
14 3
494 22
72 5
33 32
135 4
299 22
225 6
97 18
337 32
387 25
43 7
90 20
161 17
284 27
175 27
331 29
245 1
178 9
25 22
412 31
266 27
336 30
48 4
279 17
315 9
125 17
232 30
488 16
14 28
359 17
146 21
433 18
217 30
206 25
320 2
399 13
32 10
426 27
221 24
315 15
72 19
391 15
4 3
399 30
354 9
410 19
297 26
388 18
303 30
106 10
267 1
206 26
294 31
228 23
186 31
401 22
333 4
264 1
374 2
58 3
418 11
429 7
12 24
432 26
113 1
436 19
245 25
28 11
476 32
257 13
2 5
122 14
300 6
374 13
47 11
103 17
101 3
383 24
51 14
278 15
54 21
394 15
57 13
393 4
380 25
45 9
157 18
419 5
51 4
481 30
427 32
266 3
466 4
343 28
165 12
31 30
36 12
72 12
400 4
476 4
464 32
12 25
37 2
429 8
426 13
389 20
344 18
230 14
357 16
29 5
395 19
442 26
186 14
374 22
181 21
217 13
220 4
117 4
362 1
399 11
305 15
490 25
144 19
310 20
495 14
372 29
249 26
171 30
31 28
371 23
244 11
59 3
19 7
422 20
71 17
18 20
459 27
24 31
77 17
454 15
374 10
312 30
343 2
408 9
377 14
287 12
69 2
434 7
372 19
318 15
27 23
170 2
193 13
440 29
229 17
340 26
422 23
76 28
484 19
340 20
464 3
331 24
176 12
322 11
470 23
193 1
177 26
334 29
258 1
138 2
17 5
440 11
331 19
406 18
349 10
377 4
76 3
400 15
174 25
353 11
64 18
343 28
111 12
313 17
152 18
206 29
130 13
311 16
11 12
477 3
461 5
375 32
263 2
490 20
198 7
282 9
240 9
205 2
4 29
70 32
318 4
176 3
272 2
110 15
201 18
493 2
142 23
401 28
492 15
191 18
437 12
302 12
300 30
229 8
226 31
311 7
426 2
193 17
323 26
331 15
239 16
388 32
42 17
135 30
235 9
427 19
353 8
198 8
438 10
307 31
76 21
58 9
454 14
50 24
404 24
3 18
55 22
226 13
234 12
186 4
389 24
490 9
43 19
244 4
317 31
495 4
19 8
245 9
5 6
452 28
377 6
106 4
48 31
232 1
42 25
101 30
232 26
374 14
481 22
106 9
20 20
40 6
207 24
214 15
281 14
175 26
471 24
293 14
110 12
299 31
144 19
285 19
340 2
500 24
479 17
116 10
408 12
240 30
143 29
29 32
470 23
285 29
334 21
458 3
304 24
297 3
358 29
173 22
443 20
17 21
481 13
271 8
344 14
206 26
314 18
113 20
288 17
224 21
177 25
415 4
493 23
278 26
144 26
399 18
326 28
210 18
104 4
45 31
341 30
284 27
187 17
290 22
497 29
446 6
249 32
5 5
275 15
443 10
436 13
207 21
460 32
418 15
248 31
9 20
416 5
94 11
393 27
428 21
99 10
414 12
289 3
440 31
53 14
332 24
75 2
101 2
306 18
449 5
184 29
492 12
453 6
54 21
320 21
86 23
410 3
118 7
121 17
261 21
291 13
365 25
482 25
102 15
334 10
339 26
211 11
321 7
268 26
212 15
58 5
209 12
499 6
166 12
439 22
496 21
370 12
297 16
176 6
490 14
152 17
379 22
363 11
376 10
424 23
272 17
235 29
300 2
362 13
205 24
95 12
380 4
412 24
19 27
278 17
448 13
41 14
290 27
228 29
88 27

