256
484 21
197 32
130 29
364 28
495 11
66 23
283 17
6 4
467 5
370 12
256 15
167 5
394 7
246 20
61 6
240 8
18 16
296 15
220 11
99 7
257 20
473 7
500 3
423 2
383 28
385 10
66 7
462 12
69 7
499 14
408 26
377 6
25 28
424 20
34 30
310 27
37 23
181 20
465 11
57 31
246 1
336 16
344 21
475 20
355 25
245 7
62 22
40 26
293 31
181 23
189 7
469 13
329 17
465 21
104 21
491 1
314 26
216 29
474 10
420 8
14 17
294 19
286 25
12 22
500 25
108 20
239 28
116 27
429 32
211 8
305 1
436 10
378 24
126 7
341 21
234 3
61 28
133 10
212 1
480 11
41 11
102 23
367 30
345 19
1 31
178 17
107 1
274 24
264 31
390 25
296 11
163 24
150 15
258 26
143 1
276 7
175 2
461 17
151 13
335 27
63 28
308 9
477 5
356 20
184 29
48 23
368 6
390 13
209 15
82 3
383 10
386 26
439 6
450 9
355 13
91 29
148 14
438 4
35 5
216 22
38 3
400 9
177 25
125 29
288 27
87 22
268 8
431 14
170 25
146 32
17 24
292 12
190 1
492 24
374 7
293 7
321 24
19 17
332 3
233 23
201 12
141 32
143 27
25 32
303 2
187 23
462 27
187 31
59 18
374 32
236 2
194 32
209 20
405 8
355 29
159 19
160 11
227 27
221 31
466 24
125 25
194 26
483 16
88 13
57 13
325 24
478 18
52 6
230 8
225 28
296 11
194 12
33 32
110 26
23 31
129 31
431 30
436 9
406 15
306 14
335 2
458 8
499 29
497 24
316 25
15 7
308 1
270 24
480 23
445 30
158 1
204 12
451 19
353 12
365 10
169 27
491 30
362 29
134 14
421 29
135 7
412 10
495 21
281 7
412 18
180 1
354 32
8 16
226 32
11 19
221 20
141 19
305 15
52 11
416 4
239 2
110 10
343 17
183 12
283 10
405 26
366 14
197 21
414 11
85 24
365 29
103 9
220 28
63 31
50 19
446 12
232 11
494 31
11 20
50 17
473 6
255 6
63 3
62 16
77 14
252 9
155 18
150 26
317 8
348 18
394 25
358 14
347 19
52 30
378 21
150 2
258 24
39 12
411 32
500 7
450 3
280 24
308 1
329 1
344 8
194 2
320 15
67 2
105 26
375 6
274 13
35 7
484 13
202 30
25 13
381 26
155 20
429 3
440 1
439 27
284 20
224 7
35 10
120 3
259 7
473 16
223 15
414 22
432 8
100 8
20 24
133 3
491 17
489 30
169 7
416 24
410 20
258 28
281 5
435 32
223 7
275 29
117 5
151 16
8 6
59 31
81 23
405 7
103 5
56 23
23 27
426 5
110 11
228 11
412 30
134 26
124 24
79 25
448 9
492 7
182 31
38 10
241 6
36 28
39 19
318 21
413 32
345 27
130 25
117 25
438 14
175 26
157 9
302 1
333 25
263 30
195 12
127 12
446 22
483 28
456 24
396 20
247 9
242 1
313 18
417 22
107 11
163 4
195 32
72 3
461 10
244 15
338 6
442 7
235 32
118 2
428 17
58 14
253 3
254 25
9 7
371 19
113 29
82 4
349 25
38 21
191 6
315 24
3 29
14 6
384 31
279 19
495 28
189 8
339 14
368 19
464 14
165 5
123 27
440 7
103 13
131 21
110 29
24 29
405 9
54 21
371 8
303 22
372 7
169 2
137 28
408 8
126 24
232 20
22 19
422 5
500 20
121 17
200 5
277 9
385 14
97 20
14 3
325 25
446 5
446 30
232 13
385 9
128 17
308 22
139 21
478 2
132 18
451 24
446 31
288 3
409 28
290 2
486 30
158 7
310 19
364 1
159 9
102 2
217 5
139 27
490 16
345 1
66 15
304 23
373 23
193 25
178 14
406 16
447 19
446 12
17 26
149 3
58 22
165 26
158 27
480 19
123 16
472 12
322 11
402 11
422 27
179 19
428 29
114 19
499 24
482 20
221 10
394 18
379 26
255 25
65 30
239 31
262 30
78 11
189 11
481 10
425 24
60 13
448 30
79 2
85 28
313 5
42 11
286 4
116 32
160 24
329 7
218 10
460 31
377 12
126 9
109 14
72 17
254 19
342 24
465 2
244 9
286 25
335 27
56 23
314 24
334 22
318 4
84 1
50 20
277 11
20 1
77 28
53 18
110 30
14 2
375 29
55 4
393 29
82 16
43 23
219 1
389 4
132 12
165 5
283 17
60 26
29 8
245 2
169 3
31 2
484 30
142 14
417 18
131 31
38 29
97 8
253 1
292 32
160 16
269 10
452 20
448 16
167 24
413 19
102 16
221 30
201 18
475 13
452 21
319 5
482 32
244 14
104 23
322 12
46 18
57 5
121 24
477 31
400 5
177 9
184 5
438 32
463 17
205 26
369 23
254 22
290 9
288 22
236 17
9 5
402 21
278 6
421 30
12 28
346 20
172 22
437 10
117 15
22 1
164 30
196 5
444 13
265 23
82 12
191 2
133 8
7 26
317 3
367 16
450 24
367 1
445 27
230 2
405 3
86 16
197 25
188 20
470 1
74 7
156 16
345 28
59 31
49 3
333 11
406 30
331 20
402 15
279 8
40 23
438 18
307 10
258 26
477 15
150 6
334 6
17 30
445 11
232 22
153 28
112 30
345 2
182 22
421 32
433 32
198 7
289 28
208 27
350 13
329 15
438 30
304 7
339 21
233 22
94 30
485 9
295 9
203 12
427 27
491 27
286 1
433 11
192 17
325 17
177 13
392 14
315 19
420 5
295 5
427 16
38 11
149 28
92 3
12 18
325 18
80 22
42 13
388 14
153 4
126 25
217 29
294 27
416 26
239 22
366 25
154 31
428 30
290 23
4 1
388 28
155 19
289 4
331 17
281 27
240 15
163 4
127 25
338 26
170 29
456 15
93 21
493 24
262 6
390 17
435 21
444 25
448 28
136 6
260 13
113 32
27 19
307 5
83 1
251 28
73 14
490 17
18 22
389 19
116 22
247 2
259 14
342 18
125 21
335 21
97 23
236 27
222 22
332 20
38 30
260 18
139 25
479 12
435 11
490 10
496 32
303 10
277 4
311 21
472 18
137 25
444 28
43 17
266 18
173 7
307 20
117 25
32 27
156 26
313 1
219 4
232 13
414 12
16 8
113 8
221 9
408 1
325 18
181 22
28 21
96 18
136 20
483 20
158 14
337 18
283 16
278 14
280 3
374 12
118 26
135 3
438 18
355 6
343 19
55 6
92 23
56 15
214 2
98 24
175 15
341 29
194 30
323 25
12 4
120 10
385 22
172 30
295 14
436 10
264 30
211 7
492 6
138 30
303 23
77 22
373 29
138 2
239 28
391 26
359 30
231 27
116 14
417 26
131 28
251 27
45 18
453 13
79 22
94 30
177 30
63 17
438 4
319 20
364 13
130 30
422 16
169 29
466 17
299 24
492 25
342 4
362 19
72 1
88 25
174 20
186 16
17 16
139 23
3 18
247 16
280 12
344 8
205 29
236 31
256 3
403 6
262 1
96 22
57 31
202 30
299 4
169 23
215 31
353 21
365 15
201 32
266 4
443 2
56 30
324 19
404 23
112 5
343 15
202 23
242 8
332 32
291 32
206 29
362 2
73 14
8 21
369 9
20 19
447 23
340 10
90 15
348 1
260 22
260 13
292 29
216 31
392 30
326 17
214 28
358 11
265 1
263 22
341 23
296 19
61 24
409 22
230 28
55 25
150 6
154 29
18 25
268 29
227 25
209 16
280 30
430 29
134 25
382 6
327 25
113 27
16 21
389 22
128 7
438 1
108 19
422 13
312 25
385 2
281 21
181 5
214 11
309 15
303 18
24 17
218 12
367 26
8 27
331 16
49 28
116 12
211 13
484 26
225 32
411 22
164 11
270 5
53 26
75 23
119 7
187 20
86 18
421 18
12 27
81 13
371 16
420 5
85 16
454 1
123 24
18 3
158 15
163 23
216 26
269 18
188 20
22 17
65 18
218 16
45 2
340 3
198 20
347 14
15 4
294 17
15 4
275 28
450 26
234 26
231 31
203 18
162 16
42 22
370 4
153 14
409 1
32 22
104 22
91 22
29 17
458 19
48 25
66 5
226 32
366 4
6 9
225 15
496 22
96 25
25 8
130 30
92 21
95 27
390 22
16 2
422 22
312 25
410 2
169 31
29 27
442 30
455 22
52 26
283 15
167 4
246 24
297 30
309 19
88 22
76 8
468 13
281 11
169 10
360 2
28 12
224 9
273 30
338 20
331 8
174 9
131 24
145 11
461 13
170 12
206 5
3 25
446 15
156 22
176 15
155 31
255 18
375 3
259 4
203 6
36 24
290 22
147 14
445 3
442 30
359 28
62 1
172 19
348 23
325 7
194 31
78 32
209 12
326 31
16 24
260 27
108 18
68 30
187 16
65 25
329 15
276 15
487 7
249 30
478 9
209 3
52 10
322 24
89 3
430 4
379 26
6 10
443 14
91 9
289 7
109 10
133 20
8 4
35 24
453 24
181 5
34 8
298 27
195 3
353 20
342 23
17 4
216 23
125 7
440 13
17 32
30 2
284 13
121 14
497 5
181 5
438 30
112 23
420 10
473 20
281 31
355 10
366 10
108 18
432 31
254 29
447 20
450 18
24 2
399 4
346 3
400 15
144 19
370 23
316 30
38 25
8 20
98 29
18 1
214 13
104 12
249 30
455 6
131 30
471 13
202 13
459 9
451 14
112 32
368 23
14 13
79 25
1 16
98 30
233 3
318 16
482 19
89 12
468 27
118 31
99 11
311 21
271 5
362 14
433 5
13 2
337 19
318 17
119 15
58 19
430 24
38 31
146 14
199 1
196 20
107 14
486 9
202 16
178 3
490 18
495 2
259 23
296 12
224 22
343 21
116 12
360 9
34 21
130 20
174 29
399 20
470 4
197 11
492 10
437 17
39 19
38 13
466 5
224 17
99 18
25 2
41 17
219 7
93 32
158 26
25 1
398 6
292 10
17 23
171 29
467 13
236 24
357 25
189 16
445 23
498 13
204 30
57 2
464 2
474 30
267 30
178 8
343 1
461 19
456 3
164 30
191 31
278 7
155 18
479 31
308 24
419 31
365 8
137 25
477 2
450 3
311 19
111 1
151 27
364 10
54 3
380 12
129 29
143 23
326 9
233 21
448 31
495 20
478 19
344 14
444 1
401 18
123 27
111 6
433 6
231 18
352 22
82 8
118 16
114 31
196 18
75 23
348 6
158 22
404 22
131 12
146 19
305 9
393 15
246 2
240 28
311 27
86 16
274 3
467 31
498 22
84 20
8 32
345 22
109 17
19 23
152 32
122 24
488 22
223 21
191 26
61 10
109 2
245 22
52 24
473 5
225 4
325 25
191 17
250 23
121 24
242 28
487 23
80 31
228 26
207 3
319 3
124 7
116 4
161 8
431 17
216 8
392 4
92 23
61 13
85 21
164 26
157 26
40 4
476 28
241 11
390 15
153 9
486 17
232 18
436 7
482 3
374 21
43 13
307 27
9 24
487 28
69 31
173 1
230 13
228 30
183 25
29 3
481 2
103 12
363 10
78 20
41 31
68 19
267 19
37 3
118 27
150 26
18 19
294 27
323 21
69 21
341 5
43 13
314 10
237 24
387 10
371 31
469 18
361 19
164 29
214 13
124 19
319 17
185 32
239 3
337 3
215 1
255 14
202 12
255 6
243 9
455 13
420 23
403 24
362 2
381 31
51 12
437 21
496 22
184 6
332 8
393 15
401 15
156 22
215 18
95 29
402 9
274 1
176 8
453 9
445 13
111 23
188 23
215 19
372 31
268 4
122 32
454 14
159 13
327 9
222 29
181 23
322 14
296 5
481 16
385 30
284 19
124 19
97 31
357 21
89 28
376 2
136 9
436 10
289 18
18 18
387 22
484 20
4 31
408 24
230 4
465 9
342 9
335 30
427 31
258 3
167 9
428 22
313 19
299 5
329 16
314 19
217 30
126 8
428 29
260 10
176 20
22 21
312 13
306 2
399 4
308 5
196 8
70 29
302 24
461 30
387 23
196 12
424 21
27 15
205 18
212 16
10 10
100 1
294 22
115 32
469 6
461 4
9 30
24 7
102 1
144 28
463 20
295 10
12 26
440 25
459 16
300 16
441 12
345 14
157 19
129 25
380 17
492 5
323 28
51 4
204 14
467 18
385 6
255 9
435 18
169 9
49 8
65 25
219 9
74 19
367 19
203 18
495 7
338 17
62 32
296 29
434 19
282 14
376 8
270 22
433 22
54 26
258 22
322 16
378 24
55 24
154 13
194 12
451 31
169 20
271 16
128 12
226 29
225 25
148 15
262 29
284 12
414 1
137 7
221 31
186 19
462 7
383 31
487 18
38 15
197 28
470 21
215 32
85 31
296 21
137 6
165 17
77 6
165 17
16 1
79 10
11 5
392 18
47 2
227 32
384 7
95 14
99 1
401 12
304 4
120 12
457 16
64 25
65 13
246 32
465 24
485 32
216 25
369 31
106 19
50 10
221 25
47 20
9 3
355 24
346 30
104 15
109 31
187 1
247 16
456 24
460 9
39 3
21 7
141 26
205 31
319 17
391 25
244 15
163 2
63 1
275 10
163 11
36 21
259 19
337 11
50 12
359 32
322 19
346 15
356 30
357 15
326 3
391 18
497 2
19 23
414 18
280 16
380 8
480 7
302 8
205 3
463 3
290 1
145 7
451 32
36 27
26 17
405 21
282 13
322 21
16 23
298 3
366 1
462 9
167 3
13 23
465 3
489 6
111 13
92 17
485 15
71 26
192 7
130 1
80 3
477 23
241 26
241 30
155 3
155 1
317 23
396 10
493 16
239 28
369 27
368 9
161 23
66 8
265 16
29 16
350 29
142 11
483 31
48 17
85 14
309 5
220 8
386 29
88 29
20 20
159 3
12 31
29 29
375 22
476 15
193 30
259 11
268 1
69 15
229 9
369 2
257 32
93 27
152 32
323 19
191 13
114 14
3 14
131 17
139 22
483 8
431 10
18 26
334 26
365 27
90 5
304 14
172 4
192 32
132 30
50 22
346 7
24 21
9 14
281 23
111 4
330 22
5 15
91 22
284 23
104 9
391 11
423 31
7 30
442 18
480 15
163 5
358 10
229 10
43 30
364 26
273 30
47 13
392 29
318 20
148 18
48 14
32 18
156 10
436 9
379 11
292 2
295 13
431 8
14 2
33 21
127 5
422 9
285 30
13 18
489 24
227 12
402 31
210 17
500 13
154 3
263 17
124 5
445 14
432 18
27 16
38 9
472 24
29 4
273 22
210 5
405 24
352 18
46 13
363 30
57 28
128 15
164 3
80 8
304 31
269 31
179 30
187 2
265 24
258 9
313 27
353 25
106 29
375 8
265 13
401 2
456 4
196 19
278 3
78 21
490 18
115 16
151 26
317 4
221 22
8 29
244 25
101 2
417 31
205 29
63 13
58 18
132 14
488 21
232 29
193 17
262 28
388 29
461 17
32 5
334 11
65 22
103 21
279 23
140 31
404 30
439 17
72 26
66 19
182 14
476 22
370 29
33 30
1 5
166 24
377 19
127 9
428 5
458 30
100 17
40 15
2 6
315 29
399 29
484 12
30 31
158 7
47 18
8 20
239 17
283 31
376 13
408 11
490 5
361 13
165 4
295 2
230 25
443 8
341 14
264 30
236 21
121 6
314 8
33 28
5 4
19 28
76 2
34 1
142 14
5 26
498 7
175 27
260 25
58 20
394 21
174 17
445 22
115 15
477 15
162 21
314 4
64 2
457 22
306 10
343 15
107 20
313 30
418 20
250 16
228 28
500 25
476 13
398 2
55 10
441 4
207 2
248 14
347 12
219 5
6 6
167 24
105 7
245 7
255 11
202 2
490 25
234 17
497 7
259 31
356 3
119 14
304 10
184 7
421 30
155 10
315 29
390 28
151 22
294 29
128 23
238 5
399 23
434 20
101 8
298 13
242 20
370 13
133 21
399 18
307 29
183 21
225 28
392 28
58 17
484 17
383 22
6 22
192 11
177 9
334 26
453 27
242 14
175 10
227 26
279 21
330 22
5 15
385 25
134 2
433 1
331 16
338 8
449 2
126 13
26 3
302 30
237 19
151 3
269 13
336 23
113 18
212 10
72 29
366 9
390 10
321 16
465 31
407 29
392 8
389 9
342 15
246 6
85 16
341 29
477 4
252 29
341 31
58 20
411 7
468 25
73 5
224 9
151 31
302 2
14 14
310 16
232 15
137 29
154 29
21 26
5 12
423 21
87 28
109 5
107 4
1 19
216 5
67 10
207 32
259 8
410 20
427 9
326 12
161 32
392 30
165 8
305 15
93 19
271 5
444 13
276 20
407 16
20 25
209 26
193 4
298 6
91 24
446 25
139 19
100 11
492 16
278 24
203 14
391 9
70 2
53 26
129 19
393 13
135 1
78 3
272 7
484 27
451 22
131 1
240 10
471 23
345 29
378 23
470 24
223 28
453 19
89 14
437 29
434 16
433 31
454 1
238 26
271 4
219 13
480 22
482 15
40 14
403 25
225 20
37 3
263 9
426 3
422 26
35 15
489 28
366 27
376 19
380 22
494 2
398 25
407 23
127 2
56 17
214 8
253 10
431 19
91 32
70 8
421 20
219 2
275 4
352 10
390 15
499 11
32 32
59 6
126 10
87 26
66 32
313 30
254 11
37 28
450 6
207 3
61 25
132 8
212 31
189 17
417 16
187 28
435 30
237 5
283 7
446 32
326 30
370 15
205 14
274 18
363 13
228 11
109 23
462 1
45 3
125 1
42 12
112 32
409 28
240 15
374 1
242 8
147 11
130 7
368 32
356 10
88 12
5 16
294 6
220 23
320 1
3 25
8 19
189 20
166 28
162 16
465 15
91 27
218 12
313 17
123 24
19 22
103 15
258 5
192 21
291 28
173 17
372 32
111 12
299 17
192 20
168 4
67 22
118 28
477 30
72 12
301 6
13 24
464 6
4 8
99 22
19 15
438 22
303 9
154 1
177 9
117 24
352 23
101 9
170 13
102 29
380 26
183 25
157 22
14 12
5 24
453 31
235 7
117 21
291 22
193 7
466 9
162 9
343 10
137 16
42 22
457 14
491 15
166 32
488 3
159 1
143 12
219 1

