256
158 32
117 21
4 29
190 31
297 22
451 30
187 30
395 26
369 31
408 8
214 11
500 6
324 2
230 30
198 5
80 11
296 20
231 11
368 24
1 29
166 31
466 16
336 21
325 28
279 16
324 12
42 11
53 26
376 2
211 21
163 10
131 10
190 29
461 13
485 29
425 2
264 3
205 23
455 25
7 9
113 22
428 2
4 4
223 11
114 18
156 12
279 30
233 24
351 9
377 15
6 13
188 1
43 32
71 5
272 9
81 32
258 32
94 29
340 28
492 9
453 7
228 8
284 8
51 30
357 3
320 22
80 27
334 30
102 12
471 18
481 15
313 18
263 18
203 18
74 22
406 26
192 13
461 31
296 32
313 4
290 8
365 17
343 14
195 28
454 17
373 14
419 30
375 13
443 13
282 28
474 23
246 29
23 22
344 23
421 24
322 23
139 19
135 1
88 21
481 25
345 9
326 4
390 5
444 21
481 14
200 19
468 5
471 7
207 10
309 15
321 22
393 32
168 12
144 8
356 28
148 5
329 6
316 10
378 23
402 26
40 14
164 8
250 27
498 12
300 10
287 5
287 31
432 7
206 3
62 10
403 13
114 3
34 21
300 27
391 10
473 15
155 32
438 8
122 3
212 30
92 14
42 10
28 5
184 22
251 29
147 5
158 12
383 27
392 19
306 10
236 10
64 18
265 13
145 3
139 12
160 26
57 1
312 5
377 19
170 11
444 24
132 25
279 22
495 2
400 8
155 3
429 3
228 26
423 13
284 30
432 27
347 17
347 26
277 31
357 14
53 28
113 24
252 7
402 6
412 21
398 18
140 30
488 11
371 3
91 18
176 15
448 22
67 6
180 19
220 28
288 13
187 4
160 10
494 17
387 17
214 28
174 29
314 22
71 16
72 30
190 23
240 13
268 10
135 27
148 22
186 27
330 12
38 6
365 7
402 4
139 27
91 24
319 24
473 30
440 4
255 9
142 6
321 6
151 7
412 10
13 22
288 30
25 1
183 22
207 25
345 29
51 23
8 10
191 1
111 22
376 1
462 30
414 18
483 20
89 2
417 21
195 32
294 24
380 21
461 6
413 5
282 31
443 21
184 9
121 14
262 25
214 27
218 19
5 24
42 5
445 2
45 16
13 10
63 32
166 19
477 10
31 6
393 17
251 16
458 15
222 23
367 11
294 28
414 30
135 3
94 12
117 26
423 5
179 1
21 1
211 9
274 9
459 18
417 9
94 18
431 31
445 30
453 26
85 6
91 12
173 24
3 13
173 17
417 19
261 21
47 3
138 29
267 12
190 3
8 15
409 10
301 29
439 22
146 32
471 12
95 3
419 1
283 19
373 32
145 1
488 24
307 17
216 13
72 1
459 15
392 3
369 28
423 31
149 20
34 12
155 8
114 1
76 29
367 24
448 24
284 15
407 26
412 2
366 27
230 21
266 17
43 2
17 22
144 29
237 30
136 8
157 22
168 13
498 27
384 13
250 28
231 32
461 26
129 27
329 2
355 30
331 5
79 31
66 30
215 3
251 3
398 32
304 17
344 9
451 15
97 28
246 15
207 31
173 27
237 29
45 7
94 15
339 24
425 5
97 7
411 16
193 16
107 32
224 26
148 11
28 28
226 18
127 1
184 19
471 8
151 23
362 8
93 24
119 17
160 19
360 2
414 32
81 16
400 17
173 7
331 17
347 32
178 13
192 17
123 27
132 13
381 5
368 22
248 18
194 24
200 29
329 6
309 10
337 28
66 30
458 20
62 4
155 15
128 19
451 14
361 22
374 29
426 13
418 21
78 24
432 2
368 5
95 16
22 27
87 7
292 13
334 5
52 12
443 32
186 17
133 10
326 7
491 31
99 24
128 17
371 31
158 3
171 24
118 16
386 29
130 10
453 15
382 24
303 1
387 24
69 4
386 23
378 8
497 28
135 8
356 14
35 29
300 9
468 1
249 6
325 14
383 5
341 28
485 23
440 19
482 13
94 15
255 31
446 23
151 21
79 6
290 5
75 17
317 22
357 5
247 14
443 9
162 15
97 14
129 32
221 18
248 22
329 14
489 22
309 15
206 3
348 11
499 22
287 19
168 12
232 6
29 10
247 10
12 19
188 28
82 24
101 30
425 13
35 1
407 15
403 12
81 3
311 23
376 17
246 3
92 1
309 20
206 23
162 1
249 21
208 26
460 8
11 24
441 2
149 23
92 7
162 1
5 24
251 1
421 32
127 4
28 11
336 9
193 21
449 9
49 4
475 20
316 25
243 32
234 3
454 10
146 23
498 18
439 32
86 23
448 21
222 31
351 17
208 32
405 16
188 13
164 10
312 31
499 11
86 28
149 19
409 22
153 14
296 23
358 25
301 13
445 7
131 12
283 18
43 28
198 18
140 21
96 8
43 30
210 16
29 30
166 30
152 10
47 27
113 24
31 13
60 32
139 15
475 10
84 21
461 1
302 12
345 1
255 7
194 4
14 23
322 23
364 21
53 30
123 1
166 1
281 25
332 32
119 10
45 7
378 13
335 4
308 28
428 11
270 2
26 24
48 15
166 11
171 14
172 17
86 29
150 27
266 17
490 28
491 2
290 24
242 9
47 5
8 31
463 5
300 29
412 23
335 10
109 14
499 8
2 5
321 15
303 26
484 24
25 26
381 23
193 6
143 12
374 2
418 25
278 9
325 2
415 31
471 31
220 1
6 10
405 10
224 3
115 23
202 24
384 18
306 1
55 12
168 1
301 21
265 18
5 13
471 27
303 29
293 23
114 30
96 2
124 23
77 10
230 30
81 29
360 14
41 6
37 8
194 5
144 30
267 24
250 9
418 21
234 10
279 3
8 10
68 15
396 8
424 13
274 25
442 21
94 6
250 31
190 32
171 9
105 25
185 7
378 18
463 7
164 5
161 3
466 12
5 13
76 8
42 25
432 3
185 6
464 6
360 21
81 6
42 2
171 30
96 32
31 2
362 10
150 14
216 19
101 28
179 12
148 24
376 3
54 16
160 2
198 11
22 26
253 19
19 15
492 2
470 31
23 19
68 8
204 20
138 24
355 25
184 18
240 7
137 10
471 28
311 12
167 32
149 23
99 32
341 2
133 18
316 4
344 8
327 3
19 5
406 9
485 29
431 12
148 15
17 26
214 31
489 16
215 9
2 17
156 10
106 9
207 18
296 30
157 22
300 19
438 26
103 22
294 21
498 25
451 22
262 13
45 22
248 19
91 2
275 6
295 20
238 6
5 25
403 29
7 3
39 8
260 10
218 17
26 31
198 1
432 27
345 8
413 8
438 15
45 28
452 20
296 2
193 20
222 27
313 8
149 31
24 24
196 13
17 6
307 18
402 30
376 18
66 28
189 31
494 2
67 30
425 10
487 13
13 24
63 13
288 4
232 15
175 19
403 3
500 5
256 29
298 32
498 7
475 7
70 5
272 32
266 28
201 32
164 5
311 14
94 22
141 29
260 12
103 30
358 7
74 2
355 4
301 17
438 27
39 15
95 30
198 32
209 22
463 32
167 22
301 12
223 30
436 15
461 22
348 22
492 14
135 31
145 23
199 26
62 5
145 16
250 22
368 26
92 14
33 6
307 5
221 14
330 24
216 10
45 7
460 9
336 22
235 4
233 21
266 30
373 6
301 26
103 28
135 6
54 11
155 12
55 27
241 17
382 20
174 31
371 25
167 14
431 13
38 27
37 15
160 25
64 4
86 14
332 4
212 9
90 30
96 28
93 13
28 10
144 6
252 26
390 14
424 12
22 25
186 26
467 29
22 26
157 3
399 32
30 26
224 19
180 27
115 16
155 26
97 7
399 1
368 29
470 7
460 8
455 14
105 5
342 19
154 10
437 5
337 27
366 16
437 21
379 27
168 17
249 29
35 19
317 23
435 10
45 23
481 28
244 18
124 13
416 30
435 24
34 31
22 31
331 31
296 25
213 23
93 13
431 32
460 15
382 14
385 18
492 9
277 7
6 13
320 29
30 10
477 11
376 6
165 22
160 28
266 29
275 23
185 5
338 8
304 11
390 12
348 25
256 9
116 14
229 19
34 30
392 30
24 3
360 16
177 7
500 6
243 30
152 12
182 17
275 21
411 8
24 23
397 20
87 32
41 19
2 10
424 13
436 23
363 11
486 7
165 17
333 20
462 8
39 16
325 17
128 19
329 4
197 25
431 7
440 23
449 9
248 8
185 7
22 3
181 4
438 2
196 22
457 2
253 19
153 21
11 20
16 27
283 16
415 13
199 10
387 15
146 3
223 6
169 20
229 26
307 18
399 11
435 15
364 3
53 28
468 3
147 31
106 6
250 16
494 4
78 21
299 11
367 9
405 31
468 25
88 19
150 18
481 16
44 8
122 32
211 9
363 17
275 32
286 21
191 8
324 8
364 10
343 18
494 3
468 14
83 8
440 4
245 28
167 25
467 4
88 5
81 26
237 19
121 11
83 8
6 31
283 13
380 1
450 26
75 13
39 29
176 6
240 13
101 18
413 3
398 28
447 2
154 27
184 14
57 27
289 22
25 4
282 32
48 31
129 7
500 31
131 31
496 3
299 4
480 15
14 9
415 12
206 32
495 30
193 11
360 2
465 16
405 2
139 8
477 8
426 12
286 17
354 10
483 21
229 6
67 19
43 13
406 24
48 4
489 25
303 12
426 15
83 30
364 10
485 16
341 19
371 22
171 5
259 21
81 12
318 27
434 8
128 27
460 19
443 20
119 13
148 4
67 26
77 10
303 6
474 19
324 20
121 26
420 7
350 16
70 7
499 15
379 18
398 14
152 8
137 15
288 32
18 14
218 19
135 28
156 16
367 15
304 23
176 27
69 21
427 15
43 21
345 9
50 6
110 9
433 23
323 32
86 9
277 15
287 4
27 18
223 25
124 22
231 7
101 11
323 27
437 21
303 22
490 20
375 19
404 8
49 19
83 31
271 20
141 21
123 23
350 9
59 5
223 29
271 15
440 5
53 32
161 23
361 22
206 16
101 5
247 17
39 29
487 17
40 28
217 6
294 10
359 1
390 13
345 24
107 4
308 3
12 21
13 24
118 2
459 18
30 29
71 29
386 17
377 9
36 18
291 30
11 29
238 9
433 26
116 3
218 28
197 1
392 29
452 25
278 31
283 3
319 13
227 20
261 12
333 9
401 11
182 23
123 3
15 15
500 31
445 25
54 21
297 9
201 17
157 14
11 11
136 9
143 15
237 20
170 25
256 22
43 1
332 9
355 11
423 30
329 7
423 2
359 15
178 11
171 10
388 13
477 7
214 11
89 18
226 14
370 25
179 12
417 15
132 27
209 10
477 1
272 15
122 10
321 11
40 28
336 11
24 8
5 29
283 6
38 16
55 23
341 22
22 1
96 21
380 28
58 20
396 13
106 29
162 30
167 9
269 26
183 1
166 4
381 20
133 11
159 27
177 11
272 3
108 19
203 7
226 21
194 9
293 27
489 23
428 11
211 17
9 18
341 6
81 13
325 29
139 27
103 24
186 7
366 17
445 16
483 7
180 16
495 5
178 20
279 1
490 25
153 2
234 1
23 30
66 31
82 4
34 17
223 31
411 20
215 15
8 5
81 7
76 4
159 29
411 5
209 20
130 14
250 7
58 28
381 27
323 30
383 20
498 25
426 4
45 32
467 16
40 7
238 23
474 1
219 32
389 15
488 2
492 9
85 10
360 13
376 30
130 2
37 24
215 2
387 7
157 13
310 4
104 11
310 29
147 12
165 16
307 16
257 22
240 25
51 27
9 3
281 15
36 9
118 30
335 32
8 11
61 25
187 32
68 8
444 14
228 24
453 14
463 14
35 30
254 2
301 11
364 17
105 7
101 30
1 3
429 8
278 9
29 28
4 4
15 4
13 22
259 14
479 2
27 6
275 32
451 23
246 10
359 2
64 32
275 20
450 28
424 15
44 28
394 12
399 13
199 15
354 9
228 5
382 22
198 9
238 16
435 31
313 6
185 8
309 31
440 6
366 23
337 30
166 30
161 16
490 23
474 12
19 26
28 9
307 25
409 4
224 15
379 32
488 3
263 24
225 2
406 27
416 18
352 9
471 32
496 25
222 22
8 20
23 19
344 29
111 12
225 18
299 3
221 14
369 23
286 5
185 3
35 16
432 22
385 2
249 16
418 10
201 29
266 19
311 25
404 25
65 16
254 31
82 26
352 22
457 17
394 9
327 25
296 6
18 16
364 3
60 1
440 4
58 9
335 12
166 6
141 6
217 14
444 6
72 15
451 24
432 20
372 18
476 23
220 26
199 31
112 6
67 7
221 28
108 31
196 17
144 12
354 24
81 25
361 32
295 23
31 6
359 22
188 22
273 15
31 19
193 10
80 11
397 32
87 32
207 14
480 2
117 5
62 17
333 22
53 3
437 7
205 23
337 32
332 9
150 27
431 26
208 18
452 20
13 10
459 15
171 2
421 15
474 10
188 2
459 16
433 11
174 13
41 18
380 13
322 25
87 20
74 10
317 21
250 22
267 16
400 21
350 20
428 23
357 3
129 28
206 29
62 7
253 7
93 20
327 18
364 25
370 29
58 10
165 31
367 15
219 3
220 32
142 7
390 19
113 14
166 26
134 19
400 18
329 24
369 11
110 16
419 15
372 5
164 29
487 23
319 17
149 14
124 14
388 6
140 28
87 13
373 29
384 21
458 24
468 19
71 21
262 5
55 14
169 27
22 12
101 20
64 9
230 12
242 21
405 22
321 3
390 5
63 1
317 13
337 5
199 27
361 32
99 28
445 8
338 22
479 6
158 14
390 11
433 3
207 9
216 15
180 26
72 10
230 12
466 18
24 20
176 9
476 11
152 32
98 25
238 4
130 31
321 11
133 10
353 7
442 5
218 29
378 9
67 23
28 28
377 4
48 20
288 3
30 15
294 15
131 23
406 4
277 3
130 29
332 26
100 29
254 25
98 27
457 32
90 20
47 26
387 10
369 2
320 11
316 14
81 22
348 11
57 25
417 6
237 24
372 24
224 29
4 13
460 16
336 9
296 7
366 26
180 14
208 28
336 11
465 17
469 12
255 25
140 7
415 25
270 30
64 17
466 32
166 17
379 9
325 18
87 26
208 31
276 7
118 31
289 2
379 17
245 9
486 17
303 8
113 12
389 24
417 30
95 26
279 6
434 7
499 17
145 2
139 8
324 8
382 25
189 21
221 21
245 18
21 12
309 13
323 29
161 19
403 27
320 9
80 14
487 23
126 15
340 12
254 32
223 28
128 27
100 32
399 12
258 20
243 10
404 14
115 4
156 1
171 12
49 30
433 23
32 22
370 12
377 27
387 19
110 2
213 5
65 27
405 18
382 7
92 14
416 2
53 20
74 15
251 10
177 23
212 32
444 5
431 12
204 21
270 21
34 10
374 23
444 10
124 18
276 3
315 4
272 15
115 5
294 21
22 10
399 14
381 22
166 20
365 17
184 30
34 30
319 31
168 10
184 27
291 23
210 25
2 1
176 16
382 5
332 19
494 14
488 22
423 18
389 3
374 17
272 7
142 6
313 1
204 12
303 10
159 24
303 28
197 10
128 30
150 15
332 27
393 16
368 31
325 25
306 2
33 1
457 22
19 13
186 22
117 16
419 27
204 1
286 32
50 1
329 23
428 12
45 12
183 1
486 27
373 11
409 1
220 5
282 18
485 11
163 9
158 5
79 1
6 25
464 15
333 28
458 8
156 22
79 2
118 29
197 14
207 25
450 18
321 3
15 13
49 9
258 7
462 24
123 19
404 7
225 9
230 6
496 9
240 3
75 17
343 7
51 5
227 12
327 27
83 25
351 27
222 28
41 15
148 8
353 3
102 1
491 15
315 27
420 2
265 2
262 27
468 16
7 6
164 21
92 10
378 6
228 15
254 5
485 21
136 29
7 25
117 2
271 3
336 30
484 24
239 22
410 6
409 16
251 32
453 10
169 18
136 13
280 17
221 28
345 28
452 27
444 20
348 26
499 23
460 26
486 22
431 31
256 20
15 6
263 19
200 28
500 31
384 3
279 24
394 19
459 21
473 6
412 9
171 30
207 22
448 13
180 6
143 7
69 25
144 12
327 27
467 14
381 14
456 7
305 13
281 23
45 6
368 9
278 26
422 12
372 29
232 27
247 3
189 27
383 12
350 6
379 12
387 31
17 3
270 29
395 30
435 16
359 14
452 16
44 29
324 23
242 19
169 28
429 17
6 16
392 28
373 2
23 7
381 32
157 6
64 24
255 15
195 6
4 30
101 3
370 16
17 19
479 9
302 23
393 4
70 21
163 26
406 5
405 22
428 9
491 32
316 30
342 6
359 9
359 23
448 29
235 4
43 9
149 29
323 5
4 5
29 30
38 15
54 30
276 6
207 31
473 6
364 18
88 30
362 14
384 5
378 26
273 25
34 21
117 1
17 20
101 18
137 2
36 18
284 3
171 6
429 27
215 28
160 22
217 6
248 13
182 13
422 18
397 8
78 25
16 31
132 12
344 28
457 15
310 12
41 4
81 18
327 28
317 10
97 6
359 20
338 25
173 23
198 5
270 16
434 5
74 9
252 29
185 29
147 18
448 27
325 25
360 19
324 25
489 4
62 11
468 15
239 24
213 13
60 3
64 25
267 9
410 23
405 6
79 15
291 26
89 11
406 21
118 5
477 26
205 10
156 32
492 7
163 28
35 18
38 14
419 5
438 12
27 26
477 13
244 7
334 16
233 24
132 14
24 16
11 4
201 11
251 16
265 25
100 3
191 9
100 21
145 5
492 7
82 16
479 5
86 25
8 6
108 24
224 11
303 26
211 32
252 17
399 20
78 26
166 20
487 5
80 15
5 7
6 6
390 8
262 11
500 30
144 15
113 3
90 27
453 8
122 32
112 9
220 1
18 9
160 4
206 27
487 22
309 8
148 22
179 5
24 15
382 16
489 22
386 22
113 14
229 10
42 21
106 1
85 20
201 9
331 22
483 9
468 4
12 7
341 31
79 25
73 13
384 9
10 25
491 18
459 27
60 20
263 13
316 4
140 28
92 23
274 14
139 29
69 15
411 10
45 13
126 25
153 9
177 27
129 31
136 7
238 7
290 8
360 13
51 19
473 22
321 26
420 8
190 20
166 24
397 2
292 30
326 29
382 26
107 7
21 2
301 18
437 7
461 28
47 4
498 27
5 23
468 28
334 9
264 19
460 12

