256
313 32
241 2
173 12
126 31
108 8
416 25
490 24
446 11
78 22
194 21
133 18
12 16
398 21
290 2
378 29
154 22
484 26
491 20
461 28
442 8
115 5
345 16
336 2
47 1
287 8
45 19
102 8
303 7
421 16
173 6
180 14
43 7
71 17
318 11
148 11
450 14
467 18
69 10
83 23
67 10
411 31
140 24
167 30
214 3
385 6
440 24
211 2
78 25
366 23
15 29
5 21
478 15
110 6
477 25
365 3
266 27
5 29
138 7
199 15
313 7
89 16
351 7
85 28
284 2
323 2
314 19
466 7
2 28
41 26
120 9
372 21
31 28
141 20
103 11
222 11
478 22
371 16
313 11
255 28
257 29
97 10
460 19
65 17
490 29
290 1
213 5
197 7
240 5
114 2
232 27
109 1
497 7
388 13
285 26
256 29
275 4
315 6
118 23
46 3
187 31
419 23
347 23
493 2
156 22
280 11
144 16
299 32
218 26
152 6
383 19
395 9
463 9
242 12
143 3
39 17
121 17
79 3
276 3
405 3
28 8
373 7
423 23
15 12
60 18
141 2
425 19
451 27
299 24
318 25
479 20
121 27
17 15
418 12
121 2
426 8
357 26
171 31
468 21
418 31
202 26
320 10
149 10
364 7
314 10
240 28
389 8
242 1
411 19
48 7
184 25
31 28
270 29
318 1
89 3
467 22
349 31
268 9
260 3
295 9
164 14
364 9
246 26
161 12
468 21
38 32
33 32
43 31
472 21
95 12
299 30
350 19
52 1
495 3
99 10
236 15
175 15
19 12
408 31
279 20
239 9
379 32
236 13
278 4
133 28
119 24
137 16
282 20
436 5
351 19
270 2
1 4
36 23
68 24
49 6
171 8
14 29
411 22
321 4
161 10
263 7
89 24
99 10
439 6
498 1
272 27
226 24
63 18
142 14
57 3
179 19
330 1
127 16
498 23
483 14
104 17
436 32
348 10
62 19
420 23
279 7
30 21
167 16
118 12
425 14
350 15
252 23
351 14
122 4
28 24
5 4
53 5
175 16
178 12
390 29
499 21
140 20
173 2
323 14
317 31
315 27
53 26
49 28
499 23
103 10
478 16
361 22
252 16
134 1
475 7
378 29
191 1
204 3
26 18
356 14
124 10
360 29
291 25
432 9
283 22
167 28
345 31
142 24
414 23
229 9
297 22
213 24
326 21
54 23
294 10
396 22
283 12
446 22
16 9
362 18
114 16
409 3
407 30
258 28
176 18
60 17
443 9
164 28
393 1
322 2
330 22
455 29
325 8
38 4
128 15
341 14
131 1
52 13
3 9
208 18
147 12
354 1
96 9
61 16
438 14
377 19
303 8
231 3
83 32
170 31
19 26
304 13
111 27
37 25
15 32
142 29
67 12
454 30
216 26
353 29
99 30
124 10
61 30
380 19
326 18
205 12
263 28
344 5
214 16
337 25
179 7
241 26
178 18
259 5
59 4
250 18
193 17
411 5
78 6
247 11
395 8
98 2
163 13
382 25
24 3
457 11
253 5
300 26
95 26
26 1
373 31
14 29
147 12
21 29
270 24
331 8
423 29
173 1
73 15
313 5
477 9
3 25
170 18
10 4
63 15
472 8
310 22
352 28
113 5
236 18
344 31
398 26
347 2
202 3
476 19
367 32
487 21
32 8
22 9
123 17
428 15
372 5
432 27
248 4
299 24
426 26
402 15
259 16
244 13
18 32
179 25
23 25
105 23
25 19
299 11
211 22
93 26
18 28
8 26
420 19
101 21
300 6
19 31
453 18
223 6
333 9
206 16
269 11
114 1
289 4
292 31
342 4
284 19
260 11
476 31
449 28
227 9
281 21
159 21
210 17
203 23
337 24
102 25
422 11
250 30
330 5
60 7
128 19
234 7
134 5
269 26
137 23
182 1
91 8
2 17
276 16
47 16
315 12
69 9
418 2
446 3
62 2
122 13
348 3
280 17
415 24
267 7
395 12
172 25
492 29
489 11
228 15
231 18
238 3
278 15
172 32
254 9
81 27
125 20
81 8
465 3
304 15
250 14
382 17
386 13
445 15
492 24
465 18
213 23
76 3
357 23
418 22
183 2
484 19
129 12
63 25
263 26
175 24
119 1
136 12
281 20
82 4
103 23
49 19
249 8
157 17
222 22
67 28
423 22
63 12
318 9
496 16
46 11
147 8
227 14
19 23
213 13
483 11
499 15
481 15
7 18
55 20
415 5
484 30
375 30
241 28
374 12
475 7
258 17
434 32
106 32
195 30
256 17
484 14
59 4
204 21
305 27
497 28
435 24
261 25
229 1
352 26
440 30
76 2
2 13
385 11
312 23
276 24
459 15
25 6
427 1
286 7
43 2
154 25
465 26
286 13
118 5
498 6
19 5
107 16
433 7
479 29
422 2
16 4
217 24
249 3
472 3
77 18
20 11
491 29
496 28
29 30
468 15
171 2
303 9
210 4
119 12
36 12
293 19
272 29
294 24
355 2
110 8
131 30
162 29
466 21
100 2
122 24
76 20
257 3
420 10
318 11
5 5
282 2
107 5
10 32
277 29
17 22
296 20
15 21
120 12
317 8
178 27
491 29
434 23
483 10
65 4
96 21
356 9
218 30
282 20
214 10
296 30
295 19
229 18
103 1
493 15
272 10
61 6
275 23
360 5
52 28
261 19
345 16
375 6
78 8
493 11
417 8
372 16
82 25
225 32
153 29
455 32
239 23
389 13
361 32
121 12
376 25
410 12
349 25
133 22
496 10
68 17
469 7
328 11
243 32
86 23
120 24
22 2
259 26
222 27
362 31
235 21
75 4
308 31
132 16
200 28
121 19
244 10
410 11
492 24
122 29
251 5
321 4
451 3
34 20
49 23
218 3
335 9
279 10
67 2
285 27
241 18
237 8
347 6
406 14
2 27
266 12
472 30
375 6
164 12
297 29
6 11
199 12
159 5
333 25
91 14
195 3
227 32
19 25
281 28
262 2
303 15
237 22
465 28
399 12
371 19
44 9
61 7
68 15
71 9
148 17
74 26
196 20
477 30
76 30
489 17
95 15
67 12
268 11
443 30
11 13
213 30
393 13
148 9
344 15
417 3
83 6
36 18
141 21
195 4
326 8
256 16
178 18
251 26
353 1
463 19
62 7
120 2
300 20
266 15
190 26
337 32
23 12
254 23
88 32
82 17
335 13
333 29
159 27
458 27
332 12
77 9
447 28
346 6
315 20
92 16
497 4
128 12
151 1
34 15
32 28
151 7
304 31
231 6
270 24
176 21
311 12
493 21
152 6
206 22
153 13
174 6
76 21
21 31
237 18
465 20
373 11
486 21
302 28
490 3
107 26
23 22
473 19
378 12
56 4
146 17
232 7
210 32
323 6
34 15
487 10
30 4
168 28
36 29
435 17
243 10
246 21
163 15
131 8
46 31
475 27
247 27
361 4
366 27
389 23
445 31
452 11
86 19
194 25
292 28
350 14
373 19
299 3
165 9
279 27
319 21
253 21
163 22
76 8
148 32
482 25
191 29
271 32
404 8
249 31
295 2
228 8
396 14
406 21
11 20
123 29
141 3
98 23
340 9
387 8
489 28
284 7
301 2
306 8
221 30
102 11
355 17
34 19
59 28
163 21
475 21
101 23
363 2
122 15
75 12
394 19
227 21
93 31
434 30
434 30
156 11
20 26
216 26
112 26
345 18
398 3
262 30
138 29
400 7
31 10
470 32
240 24
304 20
75 9
433 28
242 12
395 13
450 2
18 17
439 26
39 8
385 8
37 22
128 4
484 14
113 13
433 8
148 32
387 26
324 12
434 13
111 28
30 28
493 31
325 23
113 15
118 21
14 2
222 26
294 5
151 18
157 20
462 20
23 20
230 27
223 3
467 22
194 32
97 26
247 29
116 23
135 13
59 1
90 20
142 19
336 32
141 8
79 30
499 6
153 8
4 16
242 6
61 7
318 21
472 4
430 15
274 28
23 4
64 9
463 21
199 14
349 31
141 7
144 15
232 13
219 11
24 32
205 32
99 22
444 6
437 5
9 18
289 15
393 28
199 11
409 18
4 5
440 12
35 12
134 23
84 16
205 19
16 17
246 22
134 5
35 30
414 15
131 10
278 3
405 20
81 21
225 4
421 21
79 4
452 9
426 23
416 26
197 7
391 26
396 16
130 23
446 7
325 28
448 2
303 21
78 11
17 26
467 2
170 29
245 13
257 30
7 29
151 11
455 1
496 31
269 2
133 30
372 25
141 24
411 23
24 16
326 20
493 16
329 23
40 25
135 17
94 6
173 13
48 15
137 20
181 29
21 1
470 28
474 19
415 20
257 30
427 10
182 11
77 6
285 5
435 4
117 20
413 1
124 24
119 13
355 28
369 31
316 3
471 21
153 13
376 29
175 10
195 28
425 31
217 21
91 31
128 23
383 32
347 18
204 6
470 2
265 7
137 28
381 27
73 29
343 24
293 17
102 31
76 22
110 13
86 32
147 2
407 29
457 13
239 24
70 12
70 18
398 26
118 26
164 30
162 26
489 15
227 22
293 22
319 10
298 21
454 13
470 32
177 22
316 23
438 30
475 7
71 20
64 28
2 19
377 3
84 14
469 22
159 30
316 14
163 13
382 16
409 23
179 2
480 27
352 25
232 26
275 6
50 30
342 27
268 26
65 28
435 14
13 10
295 28
423 17
293 24
129 1
358 15
138 25
153 26
106 32
315 16
38 32
422 7
266 29
448 23
392 7
216 9
328 14
436 6
22 12
405 30
429 10
457 14
450 21
259 19
197 26
139 26
141 16
464 19
452 31
89 4
145 12
100 20
17 15
425 22
115 21
40 7
294 32
312 32
308 27
2 8
496 20
89 12
403 32
394 15
315 6
50 3
341 29
487 9
387 15
247 5
92 18
395 1
485 31
332 4
129 18
148 12
177 12
463 8
140 21
138 10
42 7
116 11
187 2
91 13
365 17
426 20
326 28
44 18
230 20
454 18
61 1
37 9
188 20
20 23
208 5
336 1
343 12
335 13
257 30
306 29
114 11
428 16
254 4
101 32
199 22
397 27
6 14
347 2
285 19
76 8
375 24
444 2
67 19
450 15
56 7
296 29
41 27
460 23
46 13
482 20
318 6
206 24
163 17
221 19
123 16
142 25
59 2
418 9
364 8
448 3
326 3
439 31
317 11
13 27
163 10
310 24
75 28
155 2
420 7
388 14
23 14
390 29
467 32
58 2
27 29
452 20
451 2
422 27
492 6
333 2
131 3
338 30
362 8
147 9
71 18
26 5
415 27
25 13
426 6
62 32
290 17
8 32
255 5
359 30
215 15
104 25
389 25
402 14
284 20
86 14
434 11
298 4
230 19
81 31
256 30
311 26
155 18
137 1
450 19
358 32
242 29
213 18
253 14
84 21
366 21
242 7
132 20
498 5
214 26
219 29
72 1
366 6
50 15
338 8
201 3
367 2
8 31
424 20
397 19
296 14
175 10
60 6
429 29
18 2
339 13
314 14
117 20
487 31
386 24
370 2
370 12
380 25
19 23
137 23
161 20
176 15
173 23
493 25
347 30
94 9
450 24
94 23
439 8
437 12
255 26
113 25
245 16
353 15
498 29
29 14
273 8
345 13
494 17
398 17
50 31
25 24
250 15
270 32
402 2
215 21
363 24
133 31
171 29
74 13
326 18
178 10
10 22
394 23
62 27
343 20
134 32
463 15
190 24
275 3
289 25
99 19
168 3
461 23
68 30
211 25
488 28
342 9
262 23
351 23
378 6
286 11
265 20
245 18
183 7
248 3
360 11
473 15
281 6
421 12
171 7
444 18
371 5
358 20
224 25
158 13
106 20
463 2
395 15
27 18
430 6
252 21
324 9
19 29
362 8
304 16
422 12
394 16
236 27
479 11
311 13
411 16
284 13
137 6
284 3
459 17
141 11
353 24
287 7
68 32
162 28
383 28
323 16
79 22
27 14
221 29
398 23
105 25
208 29
62 31
256 21
407 8
435 19
359 17
333 19
72 7
354 30
282 20
230 12
437 24
473 9
444 18
492 32
402 3
141 8
41 28
188 15
143 26
409 1
194 25
483 25
439 32
218 32
215 3
136 28
406 4
160 14
478 3
249 31
201 9
46 5
136 1
391 6
354 19
131 3
244 25
163 10
301 17
106 11
31 21
18 13
200 10
138 13
32 6
260 17
127 17
177 18
390 8
40 11
70 30
494 5
486 8
199 14
388 24
301 11
248 30
207 3
199 16
328 19
81 27
315 3
95 23
321 28
410 12
431 24
233 20
144 30
431 10
4 19
349 4
441 12
325 19
395 8
342 30
106 22
12 28
481 2
410 13
146 16
12 4
151 32
351 2
313 17
488 8
303 12
323 31
284 12
241 6
375 18
103 12
208 26
103 32
423 24
340 24
183 3
495 13
446 17
479 30
330 26
278 4
5 16
227 28
451 19
317 13
253 3
8 12
236 30
499 23
474 22
78 28
392 9
193 25
473 23
298 26
340 27
138 20
27 32
484 5
34 16
6 22
423 9
97 14
327 11
316 28
284 18
159 23
22 31
215 18
225 5
500 4
87 9
112 9
204 7
294 25
98 31
375 8
15 15
178 13
270 25
140 25
442 31
432 3
1 30
161 18
158 32
141 1
500 12
61 15
50 22
291 8
356 21
19 27
488 4
63 29
41 15
161 6
205 4
149 9
90 29
282 3
172 15
195 3
378 12
373 12
165 23
427 21
180 1
243 15
493 21
127 1
359 31
218 15
83 14
120 4
378 17
270 5
27 9
219 25
424 23
36 20
458 22
460 25
110 22
7 26
359 17
486 13
271 32
132 17
273 19
376 23
3 26
51 2
314 2
138 21
64 29
28 5
486 16
9 7
393 3
49 15
499 26
468 2
441 23
474 6
201 6
216 11
51 22
436 32
387 5
156 15
97 27
323 18
374 16
29 15
50 25
17 5
314 24
170 11
286 23
320 22
48 11
393 26
152 12
313 23
401 12
193 17
3 23
431 16
50 27
142 24
91 27
500 4
198 1
10 32
15 29
173 19
215 21
160 7
393 5
109 17
292 1
493 22
167 3
22 29
437 3
20 15
377 15
283 15
39 32
410 5
473 2
115 3
147 3
257 23
451 5
387 22
17 7
240 28
6 17
104 6
127 11
321 16
493 7
430 7
246 11
435 2
420 2
109 2
28 13
308 10
434 30
71 22
277 10
485 14
274 8
427 13
62 7
256 10
53 25
436 19
375 27
220 14
124 24
64 31
249 7
480 22
269 6
483 9
64 28
178 9
259 8
89 21
203 16
78 27
232 14
257 10
88 1
252 3
8 7
65 28
389 8
289 17
297 28
201 28
295 14
49 25
482 25
429 4
333 11
142 16
224 11
22 31
375 17
225 2
291 1
342 3
184 14
188 20
105 12
192 31
266 20
156 15
228 4
486 20
442 15
476 5
25 29
179 3
325 3
485 3
395 2
497 10
159 24
262 24
72 13
366 29
44 13
139 11
457 28
183 30
250 2
267 3
358 5
377 10
52 9
500 10
390 16
376 25
32 17
16 11
89 5
143 28
106 17
254 2
404 4
163 21
297 1
131 2
226 28
39 13
72 22
222 14
238 9
214 13
85 21
371 21
461 29
8 10
145 22
479 24
401 10
404 30
70 3
407 15
394 10
71 1
187 17
130 4
93 19
44 18
71 6
54 32
130 22
449 14
27 20
173 3
421 17
328 6
463 31
137 16
384 15
24 6
55 30
346 24
496 25
177 23
7 14
154 32
143 30
410 13
233 18
300 13
10 15
495 20
65 7
31 20
393 19
370 20
60 3
447 31
307 19
325 25
204 10
449 3
284 6
367 24
291 30
21 25
497 23
124 25
349 15
361 17
61 6
40 16
148 14
26 2
460 3
267 32
32 19
362 19
424 16
331 14
98 15
366 26
217 18
6 1
348 30
157 32
299 21
27 10
34 28
400 2
254 6
361 10
232 2
452 15
5 6
72 30
336 2
399 24
131 9
320 18
474 9
237 9
377 31
218 30
166 29
107 24
134 31
409 25
392 28
223 17
346 3
350 21
84 5
85 22
357 4
395 18
232 23
454 8
393 12
222 14
140 4
33 10
499 5
194 2
5 9
138 2
63 32
382 14
440 2
415 16
222 9
125 17
439 27
413 19
102 30
444 13
313 5
70 3
269 24
53 9
32 22
122 10
381 32
295 24
321 25
115 6
17 8
347 31
22 15
489 7
96 16
419 12
408 9
423 29
104 19
301 31
368 15
284 29
278 30
68 14
286 27
492 22
478 10
460 3
300 4
177 3
231 27
154 7
435 28
19 2
402 7
376 22
93 7
18 2
88 5
172 25
323 3
378 32
352 1
2 3
488 10
397 23
273 18
61 7
126 31
449 27
397 8
148 26
335 1
63 18
306 10
499 4
248 24
280 23
417 5
101 28
311 29
474 19
399 14
493 28
112 1
254 17
469 6
202 23
270 4
428 11
350 18
55 25
6 18
48 2
318 8
177 4
349 15
414 19
184 15
474 8
403 3
360 23
480 1
25 14
28 21
176 17
82 6
474 15
267 25
212 13
372 13
416 4
391 6
318 22
292 3
73 2
370 20
65 13
344 5
450 24
97 18
100 31
59 17
469 14
297 29
114 9
421 9
92 3
62 2
236 1
52 21
47 9
92 27
122 28
403 15
11 24
400 26
382 23
239 2
340 19
382 29
407 6
333 7
112 19
260 32
247 11
8 21
84 27
107 9
90 14
479 8
213 23
414 26
393 12
443 16
38 25
36 25
478 16
295 6
114 6
289 21
216 24
357 3
450 24
207 8
177 2
343 9
268 16
334 4
111 28
243 25
452 30
297 18
349 15
371 15
348 27
27 3
10 11
66 3
402 16
202 6
161 25
170 8
152 15
143 3
483 29
115 30
366 11
67 7
205 5
381 12
299 23
466 16
345 19
471 3
7 28
176 19
68 22
299 28
200 5
334 14
178 24
468 27
62 26
461 26
323 21
317 29
99 18
133 12
165 31
42 7
126 21
41 14
266 19
265 14
132 6
351 25
249 6
55 30
56 20
427 30
208 27
202 19
376 6
454 16
288 11
414 30
415 15
459 9
145 19
350 24
172 16
288 20
222 3
81 21
210 7
358 29
101 11
427 12
245 12
220 20
78 17
149 21

