256
391 21
131 14
84 29
445 15
286 27
314 28
176 4
432 20
324 28
94 22
400 13
330 2
310 13
73 21
66 22
310 16
182 21
266 6
149 6
424 10
172 25
321 24
341 28
59 32
43 12
425 27
100 19
424 18
223 12
242 4
290 28
96 11
48 17
88 32
274 3
333 22
100 13
349 24
256 23
307 30
263 11
444 26
337 20
123 28
67 17
199 32
472 18
179 27
210 26
66 24
481 2
133 24
402 25
223 21
239 5
158 17
111 10
67 12
321 21
63 27
109 5
95 16
259 5
450 24
242 3
155 26
264 27
5 17
119 31
25 2
459 23
62 18
136 28
73 28
169 3
194 21
247 16
209 29
412 14
325 18
25 3
375 20
118 28
157 16
310 9
297 29
67 3
190 30
338 10
157 14
248 15
487 18
138 7
351 18
204 3
55 4
357 13
220 2
12 28
414 2
260 2
442 3
68 11
28 2
244 25
115 31
387 17
484 4
295 30
277 11
212 23
430 5
464 5
394 11
376 23
148 4
17 9
314 28
219 5
193 6
229 12
156 3
408 20
195 19
177 27
405 17
6 10
457 21
335 26
443 14
9 11
49 9
31 22
312 6
407 1
415 23
164 15
306 7
62 32
125 18
174 21
126 11
67 22
147 13
136 30
462 32
384 11
20 26
76 11
367 26
187 10
173 22
204 10
273 25
329 21
354 2
130 12
33 8
265 11
448 16
324 13
43 15
123 22
325 23
97 7
384 11
324 32
337 7
385 29
143 17
209 9
419 26
328 31
237 20
481 20
492 17
149 18
363 23
300 7
173 8
230 29
382 29
464 18
432 5
178 2
265 31
70 7
428 29
485 25
489 14
52 20
122 12
217 28
323 12
375 15
115 16
403 5
8 7
418 15
419 4
365 31
186 26
70 25
183 10
481 7
371 29
354 20
84 30
180 10
438 18
253 28
361 3
252 12
77 22
159 19
469 11
382 26
308 23
470 26
356 3
12 23
335 25
70 6
435 25
176 32
6 8
127 10
138 27
86 19
400 16
61 8
118 22
225 29
96 18
267 12
496 22
30 18
495 11
100 5
404 7
4 13
406 30
127 23
360 12
109 7
307 14
182 20
315 14
200 15
304 6
214 19
96 27
333 10
397 28
370 8
410 17
413 15
354 11
61 6
454 14
28 16
191 26
387 29
319 18
267 6
404 4
273 19
278 29
440 3
240 9
326 25
33 30
19 6
128 11
303 29
100 23
192 18
244 14
499 22
16 25
184 23
449 20
121 26
264 4
400 7
220 6
207 4
315 5
489 11
155 20
227 7
326 19
248 25
348 6
482 31
363 9
485 27
324 29
36 11
368 16
293 11
365 15
190 23
75 23
325 2
174 8
188 19
322 31
271 25
33 24
236 3
417 12
57 28
381 16
179 8
231 23
335 19
174 32
478 24
54 10
181 31
57 32
429 10
7 27
251 3
451 26
137 19
409 1
458 13
488 20
389 15
163 7
17 16
98 10
435 28
500 32
230 4
187 11
138 29
209 16
83 23
77 3
377 13
411 23
478 19
26 14
469 20
440 1
375 25
331 10
40 30
277 14
89 7
280 14
8 28
317 2
499 5
309 27
230 7
413 11
469 27
424 25
478 11
126 17
399 4
162 23
489 2
60 1
104 27
7 11
30 11
53 8
68 17
255 1
431 19
207 16
457 2
392 27
344 1
287 14
176 4
384 4
441 7
445 12
485 19
7 23
329 3
246 12
123 32
396 9
19 22
156 31
83 32
113 2
268 3
20 4
50 19
459 10
50 11
386 26
409 12
104 26
6 14
485 32
201 17
32 31
482 32
398 29
439 22
342 30
113 13
1 30
468 8
4 25
66 29
106 15
336 2
64 21
59 12
468 27
280 27
182 2
38 23
30 24
292 27
34 4
436 22
66 7
345 9
123 15
161 16
89 12
289 4
188 31
51 19
310 11
5 19
444 7
273 9
222 20
195 19
468 10
141 25
384 5
305 14
99 5
438 15
164 14
190 15
129 1
357 6
71 13
280 22
107 32
338 17
115 32
83 10
162 11
318 25
412 2
107 2
290 4
49 21
473 2
155 29
478 3
390 12
224 25
265 2
72 30
10 11
486 21
472 7
19 22
395 14
115 5
292 29
248 32
209 25
77 20
25 3
226 23
158 5
435 15
483 7
376 24
397 9
436 4
211 11
9 14
236 16
310 7
380 26
218 28
130 7
303 6
53 5
420 22
33 11
484 15
65 16
359 1
424 18
328 7
452 29
444 20
312 5
418 23
162 32
130 15
134 1
149 14
165 16
247 13
126 7
64 10
294 2
2 13
271 14
55 15
18 6
114 21
455 27
371 8
370 28
259 31
284 11
40 32
326 15
349 20
369 8
493 10
37 7
82 27
28 9
233 29
338 10
77 24
81 27
260 30
298 22
157 18
276 8
233 25
334 29
256 10
196 9
67 12
447 9
243 2
489 15
222 30
173 14
470 29
96 21
406 29
98 22
178 9
258 31
177 19
195 13
349 31
237 15
474 3
267 16
360 7
43 1
285 23
230 26
319 21
334 12
421 23
138 31
155 31
213 31
189 23
319 13
149 31
304 31
441 18
42 4
29 12
84 29
2 17
418 20
341 3
248 22
181 1
212 23
131 16
369 15
182 32
208 27
446 23
305 31
284 6
242 32
134 6
476 19
342 17
307 27
495 6
296 11
438 3
213 4
134 22
238 23
473 13
349 18
307 9
156 11
203 18
106 32
75 6
470 12
178 24
450 9
181 21
347 2
455 20
37 8
493 23
107 29
71 15
234 6
460 30
172 6
139 25
349 5
62 22
480 20
298 22
412 10
378 14
300 1
21 16
124 9
462 6
181 9
389 19
114 12
156 29
213 30
265 21
210 19
82 17
418 23
322 1
61 16
290 12
384 15
195 23
379 1
441 28
41 17
178 22
380 29
290 12
330 6
4 27
232 9
79 29
168 17
329 32
452 11
439 15
485 5
397 15
493 1
274 13
369 23
390 12
135 19
191 12
437 22
354 16
483 17
169 30
389 9
81 32
171 7
378 11
355 18
370 16
463 3
84 3
446 30
431 12
356 5
396 8
19 29
312 25
237 4
354 13
32 18
316 31
304 25
209 2
171 2
357 29
73 13
167 30
118 13
301 25
70 32
469 12
149 24
440 9
315 25
214 6
226 1
400 1
74 13
38 4
390 19
80 18
39 30
35 8
343 24
332 28
383 32
203 19
283 10
472 17
434 17
443 11
213 26
391 10
6 12
233 20
26 12
413 28
58 20
423 20
135 3
367 1
258 21
252 25
210 15
137 31
407 31
357 15
477 19
109 30
378 5
81 28
357 22
171 26
441 26
17 19
200 27
443 29
451 6
349 12
416 30
358 18
268 18
145 20
312 25
78 1
297 2
444 13
151 19
418 31
60 18
369 7
168 4
419 26
357 24
333 29
105 14
298 16
255 14
468 2
46 21
107 3
202 30
199 13
16 21
147 27
402 28
389 18
327 4
243 7
279 16
159 15
117 17
458 28
250 1
289 4
321 31
342 11
297 20
227 12
8 1
91 14
240 7
183 26
490 9
453 4
352 3
2 21
271 16
192 17
384 12
20 5
227 25
79 7
104 5
38 20
233 24
225 1
311 31
242 8
35 26
420 31
9 29
59 15
380 2
3 28
433 18
172 23
86 14
385 22
258 15
5 22
254 9
314 4
339 16
68 13
453 23
463 5
407 29
444 31
326 18
254 11
172 25
269 13
26 30
298 23
280 10
476 17
234 2
153 24
49 32
149 25
58 15
18 8
336 17
454 9
110 31
271 5
131 20
390 28
397 19
290 28
193 30
412 14
407 32
202 15
135 10
159 20
312 4
360 3
340 1
160 22
372 30
82 22
469 11
362 1
362 3
244 26
268 8
183 30
423 12
184 6
85 19
453 13
222 20
395 10
329 26
215 20
484 24
405 8
471 26
373 32
121 4
89 28
475 31
266 18
359 5
159 31
495 15
43 13
479 26
482 23
195 20
210 10
195 18
334 13
84 26
200 8
25 4
443 8
263 28
249 13
361 15
119 23
221 22
275 31
303 24
357 1
155 30
379 22
32 28
366 27
121 14
318 17
57 4
144 19
320 16
495 32
2 10
238 27
127 25
421 13
120 14
129 27
195 23
328 26
422 17
192 6
462 21
187 15
473 14
189 24
426 32
175 27
149 12
1 7
276 14
407 20
403 31
374 5
246 29
175 7
245 18
61 11
79 3
77 31
132 25
194 13
300 12
188 32
131 28
426 27
461 24
154 3
423 27
312 12
79 6
38 3
55 30
233 29
48 5
35 16
426 16
88 21
299 3
377 18
315 26
188 7
486 25
342 8
219 17
279 9
194 4
175 12
266 24
85 1
216 3
344 25
51 12
70 13
410 2
130 12
99 9
55 12
9 28
195 19
252 5
227 1
289 6
396 10
161 20
70 24
451 26
221 9
401 30
201 18
439 19
238 25
499 16
473 28
39 23
86 22
140 9
290 4
418 1
37 10
165 22
157 11
223 17
467 19
222 7
285 12
201 2
197 20
165 9
59 27
187 28
48 26
12 5
309 17
21 9
210 25
303 27
3 13
299 21
352 25
192 4
180 20
361 8
443 21
396 21
431 15
349 30
112 20
166 5
141 6
117 30
427 11
68 1
500 3
102 23
239 17
338 30
36 30
146 11
74 21
183 32
179 15
185 11
243 30
63 7
91 27
84 1
154 28
150 29
222 23
355 24
395 12
229 10
93 26
112 26
471 19
373 17
177 21
439 3
462 9
153 20
236 13
273 9
92 22
245 5
24 23
272 18
494 16
51 10
78 15
103 24
161 27
196 1
235 3
460 32
191 12
451 14
52 7
166 31
496 26
307 7
360 30
140 17
282 19
438 23
57 28
406 1
218 21
109 4
439 4
351 2
236 22
407 7
228 5
282 24
334 8
242 14
18 22
250 19
424 24
9 8
431 22
252 9
218 8
452 1
132 15
138 27
308 16
5 31
320 6
258 18
226 20
51 19
85 28
245 16
191 13
43 6
18 30
270 11
5 25
95 16
375 12
354 10
480 11
69 15
496 30
304 29
29 30
19 25
358 19
472 12
367 30
21 32
159 30
471 32
363 21
151 29
149 25
475 28
363 15
278 18
220 10
283 29
139 29
213 32
416 29
248 14
402 28
166 21
262 24
76 16
52 2
64 12
82 18
31 28
432 17
6 12
242 28
252 32
440 28
432 7
352 11
137 18
150 2
166 31
141 25
386 4
318 26
96 20
339 22
343 11
434 28
422 31
487 29
259 15
488 30
281 16
220 9
445 13
70 6
132 2
350 25
254 23
466 21
66 29
326 25
427 16
460 28
138 11
224 12
77 15
289 13
254 16
126 30
81 31
307 8
109 32
228 6
27 18
414 32
202 3
56 20
202 12
179 32
166 6
439 14
316 20
450 18
87 15
119 31
326 18
230 14
137 6
499 7
3 12
459 4
354 30
35 32
381 5
247 30
466 9
491 29
116 5
54 31
219 29
221 32
154 3
181 30
260 31
305 30
294 11
169 24
276 23
203 17
267 21
258 4
337 25
216 25
41 14
7 15
498 19
155 23
381 27
292 28
218 24
105 3
210 25
158 10
327 16
346 9
12 7
28 1
203 12
5 27
217 15
354 2
293 24
216 22
46 11
17 11
455 10
274 4
98 7
353 17
143 6
221 26
5 5
58 11
344 18
450 8
276 15
477 1
162 32
446 23
50 6
470 12
287 15
372 17
25 28
13 11
274 25
377 14
333 30
336 12
348 29
439 15
439 27
43 16
458 4
159 4
154 8
215 24
74 30
176 10
162 8
469 27
421 25
416 29
278 31
281 5
388 27
100 6
486 2
278 15
334 28
302 15
415 1
278 24
306 14
289 23
493 21
457 21
453 24
370 3
123 26
59 18
72 26
187 9
356 12
352 1
251 9
379 9
373 20
356 7
313 1
201 22
253 14
422 2
29 27
140 27
144 10
12 8
208 3
124 31
14 7
103 21
480 13
281 24
340 29
234 1
133 27
310 17
92 31
442 12
226 21
123 13
279 18
436 2
36 4
252 2
34 30
166 25
38 18
217 9
286 14
29 10
236 30
303 15
273 12
299 22
177 1
366 31
258 22
144 6
213 31
399 2
100 28
463 5
213 11
365 27
480 22
416 32
435 30
394 15
166 8
204 10
464 6
500 26
75 7
71 19
37 5
88 32
384 14
476 12
80 16
446 16
437 10
127 24
283 28
430 16
212 10
493 11
259 32
100 9
486 2
323 10
138 14
213 5
312 12
469 19
232 22
302 32
127 16
243 6
448 29
61 15
10 14
37 20
249 29
452 19
158 22
460 4
387 5
168 30
212 24
89 11
402 18
463 12
170 1
289 13
81 6
479 2
459 19
209 31
355 16
145 13
137 13
160 8
129 23
221 32
315 21
135 28
403 21
95 8
153 24
392 18
437 14
175 15
88 8
453 15
247 30
307 28
54 10
259 26
144 7
373 14
492 3
377 2
455 16
317 12
207 28
45 3
281 15
389 8
306 29
162 13
142 16
288 3
433 10
80 25
376 21
238 11
311 15
112 14
438 20
77 4
339 21
490 23
191 22
339 25
422 20
401 12
468 12
462 28
85 10
180 4
346 26
179 20
384 26
273 5
422 25
168 28
173 13
231 16
34 17
212 19
420 12
370 7
3 12
491 11
225 22
398 18
439 28
77 22
218 6
346 3
402 1
102 11
21 16
290 14
252 1
213 4
168 30
410 2
265 12
256 29
70 25
410 16
81 19
34 10
40 31
140 21
96 9
367 12
425 24
22 24
212 26
199 3
167 5
48 32
8 15
124 17
160 10
141 28
372 6
241 19
256 16
203 3
324 6
467 16
281 8
128 21
73 2
371 23
434 27
374 22
425 18
74 16
235 6
175 22
239 15
368 15
498 14
345 22
195 31
273 16
2 12
468 6
226 26
17 19
460 18
304 29
91 14
172 29
443 23
282 30
317 25
28 3
423 28
488 25
35 28
444 32
160 11
314 21
305 2
247 24
423 15
204 22
484 32
338 14
426 4
459 26
472 22
408 2
210 19
215 12
7 2
483 22
125 16
106 17
329 16
396 4
106 28
265 25
179 10
367 16
277 17
197 9
163 5
494 24
351 4
319 5
422 13
78 18
301 3
326 13
239 9
232 16
24 8
285 30
154 15
157 30
179 22
178 5
310 16
416 16
83 30
221 24
91 14
401 7
185 10
371 3
3 3
118 22
302 26
432 27
108 32
237 7
293 30
331 14
289 7
466 32
36 18
79 14
187 32
368 15
57 7
145 27
45 3
289 18
368 4
5 4
159 5
114 24
6 20
257 15
394 2
370 30
111 4
407 18
279 31
372 12
217 17
98 13
483 22
310 14
105 10
29 28
406 26
67 16
290 23
410 7
397 11
316 11
78 15
156 17
201 28
44 17
248 1
381 30
379 26
135 15
208 28
98 17
9 28
80 2
339 29
185 11
471 12
93 21
426 17
257 6
480 32
246 23
144 18
160 22
20 30
5 15
309 14
395 14
470 31
115 28
315 23
246 2
3 26
186 28
438 26
258 21
445 23
347 24
333 30
110 20
152 18
282 20
419 32
277 8
2 16
47 25
394 8
454 8
482 15
28 11
432 5
40 32
343 10
463 3
244 4
230 3
37 23
354 20
391 23
47 20
226 30
60 11
89 5
367 6
3 22
193 26
234 16
161 20
321 16
103 32
399 12
310 8
47 24
95 25
498 21
32 19
438 24
193 23
308 15
448 15
8 12
448 29
223 1
317 20
436 7
311 2
454 21
121 20
340 3
492 25
60 24
263 9
319 7
23 10
218 27
140 25
462 32
318 1
400 6
284 15
256 6
372 29
418 25
265 5
411 28
445 18
483 7
319 1
14 25
131 3
15 2
307 25
61 16
365 32
109 12
498 32
93 30
129 11
214 13
119 16
500 12
298 27
122 28
135 31
308 5
69 7
387 28
3 7
351 23
259 32
366 20
379 18
125 27
172 6
399 11
166 15
58 23
233 7
78 3
18 5
132 6
411 14
165 9
316 12
131 26
31 32
330 9
158 30
416 13
144 10
323 25
416 12
123 32
411 32
15 24
288 10
217 15
367 30
463 10
101 22
256 19
441 17
391 6
390 30
279 17
176 9
397 31
333 23
91 7
422 1
22 26
454 26
260 32
471 30
353 31
167 12
405 8
396 12
57 10
453 31
22 16
140 3
71 28
289 13
214 15
117 31
272 22
176 15
93 15
104 29
421 31
257 30
230 4
121 18
289 17
473 7
405 24
433 15
435 1
339 20
283 7
86 22
228 9
288 16
259 16
468 4
366 20
357 19
228 9
232 4
253 20
30 25
19 18
335 29
387 1
304 1
479 1
75 2
354 26
229 32
105 29
143 22
272 3
416 7
327 12
219 4
55 20
440 10
266 3
230 24
299 22
172 10
126 14
187 31
460 28
443 16
316 1
238 7
288 13
142 14
4 24
397 23
311 13
484 16
315 5
79 17
98 31
94 16
348 5
54 19
252 12
427 23
285 8
357 16
20 10
389 12
209 14
434 12
326 1
151 8
333 2
252 31
332 18
6 11
330 27
190 21
259 32
499 19
483 7
318 26
205 30
229 17
343 6
488 4
282 23
159 11
220 3
397 23
460 22
81 9
312 30
73 22
441 7
316 3
129 9
129 29
191 1
450 17
371 9
405 12
279 31
118 22
325 30
400 20
267 13
276 3
306 24
204 7
122 32
21 11
152 5
435 14
358 20
79 12
377 19
83 27
397 13
5 18
418 28
209 29
88 1
319 18
36 22
140 22
41 32
260 29
161 6
238 10
282 8
449 22
150 11
164 11
435 32
120 1
276 32
241 3
16 27
108 24
432 11
61 5
111 12
369 15
365 10
140 10
126 12
7 11
322 15
173 13
42 16
313 9
324 9
384 15
315 31
94 18
90 18
70 20
177 22
322 14
396 25
391 17
252 22
147 25
272 16
33 17
167 17
334 14
249 5
33 27
59 2
161 12
484 2
199 16
168 32
53 23
332 20
287 27
45 1
8 12
104 24
332 15
385 21
112 1
233 24
400 28
474 8
291 13
289 6
116 32
361 25
222 29
464 28
275 20
293 10
27 12
322 26
18 10

