256
151 10
30 16
221 19
292 3
339 32
279 12
221 19
46 1
427 8
256 19
266 7
440 7
262 2
461 21
9 9
333 3
391 6
370 7
141 13
69 7
136 15
115 20
126 16
45 24
367 20
95 20
406 14
378 20
307 31
332 11
407 4
325 25
229 30
408 1
207 8
348 22
27 26
50 24
473 30
203 31
97 25
174 10
182 12
373 20
94 4
6 16
71 10
297 16
376 8
168 18
383 23
275 5
180 16
60 24
121 11
194 29
411 8
71 9
123 3
136 28
351 26
67 13
175 19
72 10
270 12
483 9
458 2
413 18
137 9
493 30
87 31
178 21
258 32
145 24
395 25
299 9
126 29
369 20
432 17
202 9
32 24
205 29
145 30
478 10
442 23
243 24
9 32
80 26
20 9
349 2
357 3
362 18
215 30
133 14
170 2
199 9
370 7
42 18
224 19
499 9
193 1
248 29
161 12
170 32
404 6
445 20
16 10
445 7
35 9
376 21
263 10
109 4
33 2
349 20
373 16
125 29
440 28
470 16
199 15
131 26
9 15
65 28
380 17
254 31
438 22
323 4
259 15
35 15
285 27
399 5
82 31
425 26
394 26
121 1
385 24
398 29
178 7
268 30
471 26
28 16
207 14
459 13
132 25
108 12
228 30
276 29
28 17
330 21
446 31
217 18
406 15
426 27
429 6
344 11
419 19
159 13
72 13
441 28
314 20
323 25
405 23
349 12
151 11
57 16
185 21
130 30
91 15
24 23
100 16
270 18
442 28
346 2
100 23
421 13
186 3
453 27
193 26
226 31
36 6
291 12
407 16
309 29
326 32
220 18
255 21
147 17
120 1
62 23
131 14
132 32
76 8
110 9
441 32
463 4
117 21
195 31
24 23
76 2
39 15
127 5
135 21
341 18
469 6
324 11
87 11
267 3
243 4
135 19
63 17
159 8
54 5
258 9
60 1
130 18
127 28
94 17
233 11
218 5
40 10
300 3
348 26
141 6
145 15
125 32
427 15
91 4
487 12
261 14
33 22
495 27
498 21
124 2
375 13
282 14
234 21
392 10
350 20
23 11
362 7
258 1
429 16
120 8
47 16
313 7
122 20
90 23
100 13
200 6
405 29
91 15
266 3
72 31
70 6
313 24
93 18
220 1
269 27
140 28
71 29
246 16
316 3
162 23
251 29
92 8
45 14
498 10
368 13
277 6
14 17
369 30
363 20
331 3
130 6
298 24
126 32
95 17
230 12
207 17
320 2
488 1
332 13
174 31
405 18
488 10
391 32
228 5
147 6
235 1
379 5
180 13
428 31
297 5
382 4
137 18
301 12
66 20
460 27
183 16
393 22
134 15
378 1
239 8
270 25
152 16
209 32
356 32
458 25
145 7
8 25
40 32
109 9
144 28
400 6
284 16
199 5
426 16
481 16
452 10
340 31
101 5
138 21
184 27
461 8
434 8
461 25
127 5
134 26
488 5
299 11
324 26
39 17
425 19
468 32
472 7
183 21
355 28
381 15
267 21
70 24
160 22
376 2
450 17
408 26
393 26
60 8
55 19
20 28
321 23
207 1
294 25
217 8
413 29
242 11
141 12
230 12
193 17
289 27
170 8
284 22
106 23
482 20
145 21
491 14
340 10
258 9
438 2
484 22
274 6
380 14
389 1
417 17
418 5
427 19
253 30
500 14
405 5
369 29
186 16
366 5
409 23
361 26
300 28
48 21
421 15
190 17
240 26
94 1
311 12
447 11
82 26
124 30
131 24
238 24
55 4
192 31
78 8
13 18
247 8
302 4
190 8
180 5
97 21
437 31
145 23
25 10
181 32
415 15
196 32
478 30
255 1
65 29
72 21
62 10
488 19
189 17
206 1
458 27
345 26
265 21
129 2
418 1
141 4
323 24
336 20
86 6
24 18
126 27
78 15
116 1
402 17
445 27
377 6
261 5
148 14
414 16
167 23
140 15
15 30
143 30
317 28
143 4
433 5
286 18
307 1
278 20
409 2
315 1
328 3
210 7
452 31
454 30
305 5
277 15
258 19
372 18
202 15
413 26
487 18
495 5
302 28
353 3
197 7
347 4
93 8
350 25
30 31
366 27
99 2
5 4
412 21
281 1
95 9
98 21
94 4
225 12
215 17
458 28
447 16
287 32
64 9
288 29
143 13
279 10
147 32
301 2
364 2
375 22
478 28
390 4
64 2
171 30
247 28
393 9
487 24
84 2
168 31
495 6
376 21
255 26
408 28
431 7
489 29
80 6
129 5
93 24
139 23
173 25
94 14
429 29
97 9
130 4
235 28
425 18
101 24
483 4
235 6
483 15
422 6
244 26
87 29
445 17
451 6
313 5
35 9
477 23
253 30
246 24
434 2
449 10
349 20
245 11
197 23
9 26
493 13
20 7
293 4
155 27
433 31
139 27
59 31
301 24
425 10
3 22
216 23
243 4
234 11
351 2
66 7
400 30
315 15
488 27
86 26
202 27
312 20
189 30
159 6
385 15
387 3
292 26
42 2
370 3
372 12
261 13
282 32
346 5
282 13
407 31
326 20
237 29
4 14
211 26
267 15
96 1
38 11
459 11
272 24
57 23
251 17
284 20
328 13
184 29
314 23
328 31
402 20
480 17
341 22
418 19
488 17
464 21
103 14
455 6
453 12
221 7
32 32
290 12
484 18
172 5
416 3
288 17
415 31
74 23
160 11
66 23
208 29
376 22
302 10
36 14
45 24
308 17
111 13
288 2
422 3
391 5
162 10
6 28
148 23
34 27
273 27
157 28
479 28
142 32
66 13
385 26
284 32
38 26
141 5
487 10
340 1
251 13
258 4
428 17
38 25
415 26
412 28
494 10
307 7
22 28
163 22
334 22
450 31
339 2
252 9
3 11
406 25
91 19
212 30
420 21
182 14
115 9
257 4
187 32
94 28
287 28
465 16
53 6
47 31
207 18
419 18
388 16
166 18
339 6
51 6
330 4
443 8
177 28
403 31
467 20
422 21
103 10
77 31
4 19
249 22
420 4
123 31
195 17
340 21
370 30
494 15
121 13
143 13
488 1
11 2
393 4
58 3
170 26
2 29
108 30
438 15
121 25
37 20
201 28
52 30
117 2
120 26
334 2
386 21
11 17
478 23
328 11
249 1
373 26
225 16
204 15
359 24
223 11
491 15
123 19
196 31
440 23
476 1
281 30
297 27
110 10
193 1
12 9
490 24
395 30
216 26
376 6
125 18
468 28
76 22
362 11
181 1
290 12
277 26
221 21
360 22
402 4
323 17
196 24
1 14
377 16
391 1
141 24
54 4
335 18
402 32
104 14
200 29
89 32
314 2
252 9
343 17
428 13
417 24
328 9
417 25
484 12
457 12
27 10
84 21
343 9
408 23
66 19
191 14
434 9
167 5
29 6
41 29
26 21
284 22
226 24
410 21
63 6
185 5
79 16
301 10
104 12
220 13
18 18
26 15
266 9
339 11
406 7
103 31
188 26
136 25
289 1
325 20
262 13
292 21
480 17
114 19
356 29
455 26
94 25
176 8
229 27
6 14
245 24
416 28
197 32
48 1
448 1
40 6
233 12
254 9
128 23
499 23
51 26
208 32
490 24
207 18
102 24
351 18
23 10
130 31
169 1
408 9
49 19
178 14
130 7
50 25
149 16
92 15
205 31
398 26
386 21
411 7
20 9
333 27
379 6
465 27
490 24
163 7
171 16
24 8
474 9
409 18
324 16
24 1
2 14
222 4
378 5
374 13
97 2
291 31
19 32
22 13
479 28
399 1
228 6
301 1
198 9
27 5
60 18
401 5
323 31
448 32
459 18
301 15
379 19
382 26
50 7
110 9
438 24
29 13
133 17
70 10
389 32
54 16
497 19
213 16
133 28
223 19
185 27
497 32
318 14
165 31
132 30
99 22
133 16
438 17
160 15
298 25
454 7
200 31
361 28
122 9
424 28
435 4
71 28
23 4
13 27
106 29
312 9
66 12
36 19
412 23
214 21
95 15
116 23
321 20
206 26
321 9
490 23
89 12
38 15
299 27
150 16
47 1
312 8
461 15
170 8
42 27
285 20
254 24
282 22
79 28
220 7
468 5
154 16
120 15
19 30
445 8
173 31
332 5
158 20
331 32
16 24
62 24
212 3
403 21
93 25
332 8
232 20
372 29
207 27
279 1
260 20
244 4
66 16
268 24
219 27
403 30
174 16
237 29
483 3
82 11
324 1
238 27
416 29
291 23
451 1
199 14
292 31
493 6
222 25
433 16
211 19
26 4
2 2
473 20
105 18
410 32
318 15
482 6
107 16
60 1
340 18
118 4
404 31
193 29
371 5
417 9
163 26
316 24
407 12
500 31
193 9
438 15
260 23
448 2
42 15
275 22
468 16
365 16
354 1
200 4
385 24
156 27
261 24
62 12
463 29
30 32
174 8
370 29
238 1
150 4
27 32
365 14
168 17
217 29
489 9
97 21
384 12
419 17
279 32
16 6
245 5
249 2
364 18
202 10
490 27
85 32
127 5
361 10
29 10
166 5
346 6
389 17
218 7
77 20
342 28
89 2
489 29
207 12
10 32
157 31
111 1
14 21
189 11
30 25
156 3
85 5
309 21
433 26
335 22
373 1
305 6
114 17
2 5
349 16
80 17
10 30
98 12
426 22
102 15
207 9
354 11
109 26
468 1
391 26
254 31
182 7
76 28
407 6
320 19
441 3
112 2
441 21
177 18
346 2
377 24
238 18
195 22
243 2
91 29
167 12
247 21
106 31
496 9
104 15
119 24
417 30
345 17
290 6
427 28
3 3
39 17
384 21
438 30
98 28
110 17
76 20
465 25
382 20
45 21
330 28
380 18
97 5
103 11
450 5
226 16
183 24
44 26
349 6
43 2
361 16
414 8
359 22
469 21
393 1
77 10
232 21
468 21
385 30
67 2
450 4
137 8
407 17
49 7
14 23
405 22
94 26
162 8
400 30
44 24
198 5
14 26
429 29
462 17
402 12
498 27
171 2
186 9
166 2
388 7
176 24
405 29
461 26
220 32
251 32
4 20
236 25
81 28
497 26
180 14
421 29
100 19
14 9
372 16
370 11
62 1
402 18
313 18
235 32
426 1
499 9
137 2
445 1
249 21
259 8
42 31
308 9
474 2
277 13
205 26
455 6
42 24
84 22
421 2
89 26
155 20
126 23
173 2
359 18
214 17
53 23
148 29
99 1
34 15
317 14
372 3
207 1
330 10
470 2
460 11
448 14
498 29
108 18
347 26
443 20
287 28
19 26
208 9
258 21
344 6
34 31
48 20
332 1
382 21
478 9
211 29
10 28
202 25
82 24
286 16
311 28
223 21
357 2
150 14
226 21
39 23
59 26
499 18
314 8
43 28
424 5
420 5
17 17
401 14
372 14
325 19
110 8
215 30
329 4
284 31
208 30
165 11
112 31
212 17
246 2
420 21
211 4
453 7
164 21
176 28
243 16
422 12
399 20
21 32
204 20
486 15
182 18
381 9
165 21
421 22
50 5
283 28
32 3
190 27
292 21
82 26
217 3
89 27
491 13
46 14
117 23
456 18
181 21
442 25
133 18
458 30
54 24
146 29
327 27
132 18
52 13
355 20
216 15
86 6
403 8
251 27
162 14
168 6
394 5
242 10
323 12
412 12
291 1
165 29
391 32
438 10
8 24
413 27
86 11
132 1
482 18
359 15
440 7
41 1
487 18
63 1
333 18
389 32
30 21
444 12
200 10
66 31
377 18
134 7
328 25
303 13
499 1
156 10
187 16
122 18
329 20
38 30
9 30
489 22
182 24
162 5
17 23
440 2
56 29
208 4
393 14
248 31
22 11
180 21
302 18
86 27
189 23
144 10
253 20
87 6
415 32
167 12
326 14
29 30
382 20
321 30
97 16
17 14
175 4
178 20
201 7
458 26
90 5
439 18
84 1
275 3
125 1
282 22
250 26
387 23
397 19
109 13
479 17
314 29
24 28
128 9
458 30
318 31
38 4
388 26
132 7
472 4
307 9
262 21
414 12
391 14
59 31
6 1
475 19
41 3
162 12
75 16
105 12
18 11
499 30
468 18
124 31
90 10
43 15
190 8
202 9
117 24
79 14
148 22
292 20
404 14
208 2
277 8
221 10
158 27
255 21
52 10
415 1
12 25
195 17
412 9
281 20
8 32
353 24
265 1
195 12
302 10
145 10
270 25
75 3
287 26
256 30
59 10
331 22
127 13
123 2
273 31
270 21
114 22
140 18
118 22
45 3
440 9
348 17
257 31
339 19
104 10
381 26
264 15
84 22
87 22
131 16
460 12
344 18
374 15
451 23
168 32
262 3
388 5
19 9
383 6
391 26
451 11
500 2
185 3
455 20
492 14
483 11
337 6
376 26
160 31
53 23
378 10
138 5
274 12
113 17
365 8
494 32
478 29
233 11
131 24
286 22
477 32
277 29
297 28
227 24
182 7
134 23
444 7
28 29
131 8
225 3
495 23
14 1
63 3
487 18
138 8
167 30
243 7
482 11
299 16
346 28
338 15
243 5
454 14
202 8
261 14
282 4
144 12
432 23
246 14
252 7
393 14
52 27
65 29
25 23
241 6
194 2
52 4
63 9
57 8
292 6
189 26
277 25
73 12
243 18
477 22
404 13
115 27
207 23
487 11
393 3
304 31
9 3
374 11
416 19
334 27
452 6
484 32
58 24
287 12
77 3
145 32
483 4
138 21
438 17
271 7
55 14
269 23
132 6
485 27
276 18
458 15
44 9
306 21
349 24
401 9
206 1
109 8
156 2
228 30
222 26
128 5
275 8
191 23
241 28
157 5
345 6
447 4
55 1
341 15
196 25
31 18
137 31
293 29
237 21
238 18
222 29
86 21
112 17
107 16
304 27
220 24
377 7
240 15
271 20
37 30
172 19
71 4
58 8
304 18
236 25
103 9
109 25
157 24
317 7
424 20
26 27
119 2
13 6
36 7
289 12
305 4
490 19
472 15
90 7
44 21
20 3
486 20
187 26
200 3
257 19
474 2
469 32
387 14
154 18
468 30
493 24
106 26
499 9
85 4
55 8
117 14
126 22
54 4
447 13
18 15
227 27
188 11
435 18
380 32
495 12
381 31
471 30
173 13
266 1
409 21
236 9
98 18
330 3
377 12
255 27
183 13
237 10
380 15
444 15
110 30
458 11
129 29
180 21
397 14
261 25
470 28
33 3
61 30
70 2
490 20
184 4
157 16
41 24
443 8
294 12
126 32
394 2
32 30
406 4
223 10
437 12
13 29
314 18
183 19
363 4
59 14
195 7
317 19
102 27
423 3
163 32
350 28
301 29
185 22
13 3
223 29
302 3
417 28
160 19
350 6
122 20
271 28
474 16
403 23
198 9
26 16
224 27
472 8
108 4
433 24
415 27
68 20
445 12
35 17
287 29
330 20
144 9
428 10
188 30
248 1
358 25
301 13
500 28
308 11
427 16
78 5
450 21
261 6
184 7
350 30
31 12
82 19
280 1
348 11
190 27
55 3
220 27
331 7
478 2
325 21
81 18
449 26
250 17
423 5
356 21
255 26
452 20
264 19
344 7
401 17
58 7
283 21
14 1
495 23
250 11
99 18
276 4
211 1
460 9
457 11
257 7
405 28
398 16
142 13
483 10
477 24
53 15
20 18
371 6
260 16
36 19
153 11
462 11
187 9
348 15
440 16
58 24
164 15
215 25
400 29
51 24
440 19
487 31
372 21
324 11
33 19
193 5
373 18
400 7
427 3
54 14
202 11
61 29
269 11
374 20
176 24
396 27
230 18
426 13
294 29
83 10
312 20
363 12
281 30
243 31
212 8
276 17
110 16
130 10
315 3
398 2
278 9
456 3
378 21
459 31
334 5
201 1
168 23
180 29
28 30
359 19
69 7
3 22
174 16
408 16
486 29
329 11
449 13
473 30
221 27
200 18
472 4
50 23
314 30
291 13
3 14
431 32
136 2
101 9
417 20
149 3
164 9
369 20
317 26
289 22
272 13
443 19
92 25
86 10
74 28
450 16
25 21
499 28
18 4
25 6
311 29
188 7
353 21
86 26
250 11
59 1
419 21
468 6
493 29
267 2
428 5
494 1
301 32
168 14
443 32
103 26
216 27
80 1
199 25
90 28
95 8
24 25
500 15
23 9
395 13
410 3
357 27
479 9
247 30
326 29
338 9
146 25
71 21
325 17
446 18
420 16
413 7
53 21
286 7
257 32
215 6
354 4
273 4
432 27
478 2
263 31
38 13
71 12
337 16
228 14
161 7
174 26
293 6
338 2
152 10
110 30
315 3
493 15
295 13
309 8
386 32
290 23
184 28
382 12
107 29
6 12
311 23
193 15
256 18
33 7
327 18
476 9
456 5
80 26
245 32
373 30
163 6
256 10
374 21
70 12
301 15
99 19
253 27
65 32
172 17
266 6
90 9
343 22
209 6
147 29
13 16
138 4
33 13
373 22
233 2
90 17
16 24
347 20
479 4
479 30
360 24
352 22
337 18
199 13
467 25
54 27
68 3
358 29
436 11
62 16
24 19
405 28
339 3
11 29
14 2
170 26
85 29
379 25
66 25
318 4
477 15
215 25
413 28
349 32
154 6
220 18
61 16
69 3
430 27
419 24
420 24
21 21
461 31
277 2
31 18
262 7
168 4
403 17
399 19
132 5
161 31
82 17
30 2
471 32
80 17
255 24
328 7
356 28
229 24
314 27
78 3
117 9
402 32
29 4
270 9
56 10
363 29
2 21
138 12
204 26
64 10
69 4
84 28
31 20
407 28
422 28
270 14
81 3
57 29
175 31
121 14
460 12
219 2
228 8
489 19
277 9
240 17
296 11
120 10
486 31
22 11
10 3
296 30
166 5
403 12
383 31
421 10
210 3
7 9
199 24
219 11
400 22
172 11
132 7
372 29
317 25
227 31
388 31
472 1
79 22
244 5
101 4
154 30
7 25
99 17
8 1
31 15
479 22
453 22
197 12
431 1
421 25
43 32
31 27
360 25
240 11
421 4
470 11
2 20
439 8
32 18
268 31
204 30
468 24
208 16
183 6
29 7
498 15
262 21
437 5
341 25
427 10
368 29
40 29
372 22
172 20
423 12
170 6
389 5
485 28
5 31
437 5
122 31
455 11
315 28
208 31
420 30
120 15
382 27
360 10
136 15
361 22

