256
434 31
296 12
319 31
242 25
241 8
385 17
38 12
450 30
98 15
99 20
227 23
109 2
395 26
346 14
428 3
154 18
9 5
73 23
192 6
484 28
193 4
480 30
375 6
327 29
296 17
388 2
147 21
215 1
86 9
306 1
323 16
78 12
260 14
10 23
315 17
87 32
64 30
441 3
495 24
263 23
248 14
16 15
498 27
287 15
143 29
300 13
256 1
296 31
379 26
318 1
2 8
52 30
469 29
4 8
464 30
458 27
119 21
309 13
55 24
255 17
244 10
162 31
283 21
365 25
466 18
353 24
437 25
33 30
453 20
425 8
357 2
330 27
58 11
295 5
438 2
309 21
455 18
179 21
131 15
397 20
429 6
415 25
210 31
474 18
38 26
429 2
131 26
221 17
248 3
301 5
416 9
217 15
431 11
459 1
142 16
8 26
161 31
286 18
73 8
31 15
9 27
356 28
420 12
32 24
443 32
56 18
144 21
284 2
371 3
486 24
302 22
433 6
120 3
183 16
182 25
6 10
375 14
33 6
289 16
313 7
247 25
293 23
493 24
316 11
170 26
79 11
499 19
136 2
433 6
13 30
382 15
156 16
380 12
402 20
252 18
251 10
286 19
92 22
470 24
345 4
61 3
314 31
137 30
380 10
119 16
387 1
410 14
312 25
82 5
309 21
131 7
34 32
305 30
398 2
385 22
117 5
368 19
207 12
84 2
277 18
477 28
258 15
409 2
379 2
134 19
26 28
449 20
384 17
37 17
379 5
226 23
69 29
277 11
300 24
212 29
414 28
444 27
278 32
240 17
194 2
195 23
341 28
278 24
396 26
356 30
438 13
121 6
25 29
132 17
257 27
253 30
383 4
192 32
399 20
316 4
157 19
311 17
6 4
73 25
458 16
27 27
361 11
105 5
395 16
61 27
431 1
172 1
212 16
324 7
295 16
406 23
206 4
151 15
8 15
463 5
355 29
63 27
339 31
303 14
255 20
384 25
380 32
201 24
271 24
406 17
219 7
219 8
379 13
134 18
296 29
54 26
289 20
216 32
487 18
213 1
85 20
129 25
3 17
260 1
56 13
41 15
327 23
50 29
332 12
294 31
336 3
128 32
19 11
455 9
416 11
97 1
115 1
317 17
109 8
94 24
92 2
142 6
97 28
327 28
431 16
406 14
23 17
241 9
431 12
45 22
214 25
346 20
421 14
297 9
441 22
44 8
227 6
154 15
81 16
250 7
155 3
276 17
391 32
217 13
63 9
19 1
457 24
456 25
230 24
257 26
345 1
54 4
42 15
246 6
390 28
484 28
354 31
73 17
478 5
269 9
254 31
21 14
3 28
291 28
432 7
401 32
403 22
51 12
12 21
417 1
144 28
149 13
362 9
297 24
361 26
436 26
204 8
28 14
135 14
289 22
216 30
194 27
495 24
414 23
392 23
111 27
82 19
236 12
331 4
135 8
449 2
157 21
377 8
62 11
205 11
429 9
392 22
391 26
69 8
96 25
486 7
347 16
317 26
363 20
318 29
191 26
418 27
122 6
87 16
8 23
386 16
211 1
409 1
14 18
109 10
290 6
168 28
13 8
422 15
335 19
223 21
208 8
76 26
137 18
365 29
452 2
432 7
378 17
319 27
22 15
352 11
225 19
298 9
207 27
464 21
309 2
418 25
178 25
198 22
6 26
458 17
15 30
323 28
434 30
134 15
272 26
117 32
356 30
85 6
485 32
103 5
233 4
161 10
216 14
76 5
123 17
29 1
126 12
380 27
49 18
365 20
499 1
316 22
395 28
120 23
299 22
375 27
445 24
293 20
449 4
380 12
252 12
60 2
315 8
288 31
305 5
183 3
133 6
360 3
101 19
461 27
52 20
281 32
75 25
155 15
440 10
446 16
146 6
273 12
297 12
175 5
64 29
255 21
58 30
279 2
445 16
408 24
279 16
492 13
261 10
79 4
384 21
447 9
382 3
192 6
483 30
482 30
74 16
298 27
201 9
140 29
20 23
493 26
87 12
206 15
333 32
102 8
160 5
300 13
119 4
422 21
61 27
351 27
490 4
117 23
428 17
39 3
7 7
448 13
366 1
291 7
289 13
118 20
293 30
341 23
261 18
68 1
369 30
307 22
269 16
252 13
384 31
347 6
321 11
335 23
151 13
237 11
221 10
239 9
123 31
128 7
44 11
408 28
316 2
122 8
193 29
132 16
15 3
318 32
125 8
226 23
480 18
66 13
19 32
65 2
234 20
228 13
238 15
41 5
53 26
489 1
386 32
173 17
450 6
88 14
345 5
201 32
478 6
24 16
273 1
341 2
132 25
134 18
55 22
126 23
187 2
56 5
86 8
325 3
421 4
461 25
428 21
88 29
130 4
104 30
404 29
111 23
365 12
108 27
122 30
82 16
51 9
84 32
216 8
23 28
23 19
400 18
347 11
58 32
302 26
229 17
310 27
444 10
286 15
296 7
488 21
67 11
365 10
26 12
410 12
215 28
382 26
86 4
305 27
55 18
8 31
15 9
325 10
194 31
360 22
369 4
218 27
386 7
289 23
162 22
163 25
481 32
194 30
476 22
61 6
308 12
369 10
89 29
131 6
7 10
123 32
189 5
14 26
275 30
189 28
351 19
16 4
98 6
101 21
411 25
307 2
433 31
391 25
71 29
6 22
363 25
157 19
173 14
477 7
324 29
438 30
219 22
209 32
367 2
241 21
174 15
347 30
73 1
330 7
462 20
72 4
168 16
226 8
250 2
342 9
422 15
302 12
84 7
456 30
172 32
79 1
94 9
155 26
13 20
160 6
23 28
149 18
311 31
233 8
132 6
336 30
205 22
193 24
148 20
90 3
195 8
219 32
444 1
305 24
209 25
134 27
48 6
125 30
360 5
418 4
135 21
397 31
242 9
330 5
441 11
411 15
290 10
127 1
354 7
393 30
247 22
145 18
159 5
152 31
477 21
362 19
25 2
153 19
402 7
7 6
253 30
329 3
103 3
127 16
237 27
370 8
396 6
129 11
134 8
73 18
404 10
425 5
247 21
47 20
59 13
490 12
26 14
206 16
476 16
436 24
55 13
47 26
170 24
4 27
159 12
264 27
65 16
343 31
117 21
459 31
497 12
190 11
321 23
354 8
431 25
211 17
445 30
286 22
137 14
268 19
69 28
209 14
423 11
296 15
143 30
66 32
257 23
14 1
2 3
76 20
8 7
268 32
248 13
418 24
194 5
382 19
68 23
248 11
345 11
29 32
1 6
479 17
201 8
38 10
62 25
485 5
103 32
373 2
156 26
437 6
474 3
464 30
113 23
384 25
457 32
444 9
210 22
418 2
265 11
315 7
419 7
247 2
254 15
223 17
260 28
462 6
182 13
479 22
487 10
250 4
125 6
104 14
467 5
447 24
327 25
262 18
263 8
119 4
183 21
481 30
204 10
379 13
367 5
178 25
422 16
352 23
473 8
84 15
328 19
374 27
495 3
252 10
347 30
329 1
414 1
174 2
251 1
354 1
113 16
173 19
311 21
285 19
332 12
73 7
250 7
165 9
285 12
206 19
137 30
363 27
343 17
20 9
441 9
413 21
256 1
439 22
313 15
200 16
443 9
155 24
423 23
140 23
87 17
42 11
83 28
477 13
292 32
221 28
221 29
489 32
421 23
42 18
2 29
229 32
365 23
339 19
406 23
198 16
27 19
270 21
494 31
385 26
242 21
73 6
89 5
290 14
340 27
95 1
275 31
488 28
410 22
130 3
8 23
362 19
417 11
495 23
377 8
400 7
336 4
284 13
33 17
286 4
459 24
268 2
406 3
77 11
432 10
333 4
385 30
326 9
325 28
211 17
51 14
375 31
434 3
163 26
435 4
393 30
31 32
479 16
266 27
103 25
112 7
340 4
481 17
297 13
337 11
209 15
173 20
125 10
94 23
275 8
438 31
273 20
178 3
256 31
9 30
491 1
144 19
468 8
347 16
280 15
475 17
422 19
424 10
104 25
389 30
248 26
396 5
498 25
475 17
367 4
314 13
456 17
391 7
285 2
187 12
124 17
256 13
11 31
295 30
399 23
343 23
360 22
19 29
14 1
313 4
476 26
440 7
287 15
354 3
272 4
338 31
256 10
292 22
124 2
231 31
120 13
169 7
14 15
392 15
179 16
110 19
34 1
289 20
83 6
94 30
237 3
101 28
376 8
109 20
329 3
374 32
263 6
482 16
80 9
154 2
429 15
468 2
16 13
337 30
102 10
304 27
64 24
34 24
147 7
143 7
333 28
126 24
261 11
223 20
332 5
301 12
343 9
277 2
377 1
160 6
246 27
372 21
70 22
452 16
252 22
394 4
461 27
383 17
477 2
412 24
186 25
123 24
333 15
90 21
363 25
242 24
415 26
269 4
371 24
403 10
18 8
57 30
166 8
51 6
397 18
6 14
26 32
461 10
379 30
270 29
2 24
53 8
477 1
455 31
244 29
468 5
356 20
239 5
315 17
219 3
454 8
292 12
203 21
393 21
6 19
26 8
26 6
479 26
250 26
348 29
142 31
254 26
42 4
222 13
336 8
67 21
163 31
324 22
315 21
150 4
231 27
31 16
456 26
109 5
295 32
50 8
474 3
137 15
350 31
223 25
298 10
325 21
352 13
382 26
365 19
189 7
410 8
202 13
433 30
422 19
117 19
366 26
477 27
308 26
213 3
362 30
376 30
26 19
186 27
96 10
290 8
348 27
59 5
267 15
210 24
421 30
362 27
471 30
141 31
15 13
13 8
66 12
414 28
318 15
498 9
353 3
400 8
189 31
101 4
153 14
495 14
340 5
360 2
46 28
88 25
56 32
436 17
191 5
212 8
300 2
124 12
200 32
203 1
186 31
196 10
465 30
411 24
46 30
113 4
473 25
4 32
4 27
1 3
492 28
406 19
125 26
294 1
405 16
213 22
151 4
279 27
449 22
418 3
311 10
290 12
82 1
15 26
83 27
484 26
431 5
216 19
122 9
231 22
357 19
319 7
54 10
121 23
139 18
349 17
419 30
436 29
282 7
290 24
169 17
438 23
365 29
358 19
14 28
216 30
383 19
228 4
336 4
290 26
89 18
274 15
127 6
211 12
216 32
124 12
124 21
187 5
65 12
179 22
131 30
299 21
132 22
301 11
429 18
292 13
80 14
228 18
331 6
466 30
438 1
281 21
1 11
401 5
362 15
495 29
325 13
357 28
375 9
127 27
99 10
24 30
187 3
235 9
188 12
414 13
140 15
38 32
13 26
57 15
369 31
367 21
399 27
352 13
232 22
428 30
248 15
359 22
53 9
303 24
145 4
69 32
410 6
276 11
247 4
149 7
438 3
11 12
441 11
109 32
192 32
205 31
338 23
225 30
8 19
481 20
242 25
287 8
358 18
278 29
449 10
423 22
144 30
222 8
500 26
460 7
69 4
482 6
431 26
499 26
84 23
441 1
84 31
180 13
493 25
397 5
86 12
327 13
457 28
17 16
433 28
498 13
343 27
110 25
388 20
210 31
142 30
148 25
229 7
18 13
340 14
13 1
85 11
358 1
90 2
348 26
53 6
374 27
28 23
20 20
146 5
238 20
83 17
364 31
416 17
383 23
295 27
383 23
438 4
124 11
317 7
401 1
20 10
468 12
313 15
315 10
67 16
97 21
289 9
311 24
341 29
162 23
440 4
70 29
488 5
255 12
367 11
377 23
485 8
138 21
182 32
106 8
207 27
101 15
15 15
402 27
456 19
194 3
311 31
475 30
159 5
305 13
88 21
115 4
376 4
72 17
407 21
9 18
231 21
460 17
371 6
304 14
276 29
424 14
463 14
87 29
479 20
497 2
424 12
341 4
215 28
60 18
440 12
87 31
28 2
119 3
259 26
428 31
270 32
324 16
101 23
352 31
6 21
348 17
312 4
432 14
451 8
351 15
411 1
413 19
335 27
41 9
305 4
331 10
171 19
306 16
269 5
54 18
209 14
54 24
441 22
102 16
477 4
134 15
93 10
29 7
280 21
371 24
389 22
10 27
208 27
34 16
175 24
249 24
341 2
459 21
287 20
172 19
364 1
206 28
202 2
234 14
7 16
417 15
157 6
157 12
444 19
191 31
130 27
206 14
93 4
250 19
76 6
198 15
78 7
98 16
488 11
465 30
286 1
92 31
159 21
10 6
291 5
72 16
491 25
241 27
145 30
314 20
263 19
362 9
265 11
176 32
141 20
450 14
372 9
72 26
141 22
484 3
282 3
202 24
36 14
207 24
284 32
455 14
382 12
90 10
478 13
101 10
404 6
247 20
91 3
157 11
400 12
14 17
399 31
156 10
9 26
317 24
233 11
189 10
438 27
463 11
395 28
384 7
465 10
278 15
448 6
138 3
278 7
83 32
69 27
461 17
452 9
220 13
251 13
2 8
391 9
454 13
232 5
435 4
318 12
103 26
350 12
168 3
94 15
6 22
341 10
91 28
446 14
180 4
422 30
87 32
202 28
449 9
80 31
480 13
299 30
218 28
173 2
330 26
340 31
280 24
152 22
175 25
235 27
496 29
92 6
320 29
325 8
77 32
355 16
4 17
490 18
356 22
311 9
132 2
19 31
33 14
484 11
470 22
117 1
226 28
398 14
500 6
369 28
329 27
336 16
431 25
257 22
190 19
322 29
420 4
435 12
213 14
363 22
488 27
498 21
39 27
314 14
320 23
318 4
109 21
332 28
329 20
177 26
359 15
43 26
42 17
434 3
247 28
288 2
126 14
2 12
384 24
54 8
350 3
203 30
375 30
349 3
326 10
424 24
376 18
165 9
295 22
171 1
245 3
478 7
448 23
386 23
146 11
386 27
13 9
157 3
326 17
293 23
382 1
38 17
34 31
174 20
152 4
72 5
6 21
119 21
232 28
136 25
147 9
76 19
313 12
46 23
88 26
141 22
406 27
78 12
85 31
471 12
299 19
484 8
295 26
461 18
458 8
107 28
320 30
114 1
265 3
123 4
201 3
173 22
145 31
249 21
353 32
169 31
466 16
11 24
106 3
490 31
270 20
18 25
129 7
221 25
494 15
96 6
310 21
151 14
371 28
35 15
323 3
78 12
206 20
251 27
410 12
225 31
39 18
119 15
77 16
411 2
386 3
115 15
127 1
1 9
16 31
423 22
441 4
477 18
439 4
309 12
171 5
378 14
479 1
228 15
40 3
476 13
497 22
120 27
206 24
323 18
6 25
411 22
449 8
443 19
467 19
439 25
284 8
346 14
16 2
168 23
64 11
480 8
436 31
386 21
70 4
214 11
156 13
224 24
364 6
195 30
417 9
466 16
300 28
165 24
89 24
222 32
30 17
415 1
151 8
309 4
211 27
498 6
351 13
322 26
239 8
43 11
500 12
58 31
375 22
318 3
257 4
318 14
92 8
454 3
383 2
166 25
136 20
311 2
236 28
51 18
499 17
480 18
305 21
500 3
462 6
494 22
209 7
207 28
395 16
246 29
422 4
74 13
279 20
395 22
219 9
192 17
242 3
418 22
60 17
76 1
86 29
91 30
232 25
298 18
309 23
458 26
306 3
490 16
118 20
302 4
181 13
256 22
15 21
319 6
442 2
447 27
167 29
377 2
37 18
79 29
68 32
426 2
419 28
161 24
151 22
224 11
454 15
308 17
4 10
394 9
224 28
175 10
432 27
491 13
76 29
17 20
308 31
369 30
62 5
114 8
491 17
247 28
19 18
264 2
32 2
170 7
53 13
348 21
247 26
157 19
110 9
318 17
467 26
495 32
66 4
92 24
500 26
204 18
95 31
392 6
180 29
84 29
257 27
69 16
472 17
30 9
249 7
202 32
384 8
447 29
359 6
209 30
79 8
227 10
82 2
151 6
383 27
346 7
17 18
346 9
342 23
273 26
73 10
9 28
373 24
109 27
345 13
440 28
432 7
449 25
136 19
478 6
185 31
9 2
292 2
246 17
433 26
427 21
196 3
313 20
242 9
3 23
441 6
362 8
460 22
88 20
260 30
317 21
92 5
202 12
383 31
220 31
316 6
171 27
433 3
283 2
107 29
112 31
430 9
270 14
282 6
189 6
127 25
42 30
34 15
305 4
41 5
82 4
374 20
71 18
87 13
332 1
341 11
92 10
416 5
215 17
422 23
442 12
112 15
470 13
77 18
412 9
354 17
325 32
96 11
33 26
451 4
227 31
159 26
264 2
234 31
122 8
233 8
259 4
250 28
340 19
206 31
295 3
243 7
138 19
365 19
372 7
238 6
309 4
471 13
321 29
255 23
64 31
210 22
35 19
402 18
489 31
477 32
369 31
106 3
409 23
381 29
489 10
82 2
366 1
74 18
461 24
332 32
18 5
197 24
204 6
426 28
260 26
179 5
472 1
339 9
107 27
365 19
40 6
96 17
202 1
295 2
348 10
37 14
19 22
269 6
35 14
265 31
299 28
127 31
80 9
355 18
387 11
336 6
368 24
183 22
304 25
83 16
454 24
369 16
57 1
45 7
35 22
89 21
457 7
455 12
31 25
277 17
231 32
195 19
395 13
372 15
57 30
202 6
425 26
334 1
410 10
424 8
39 12
129 15
79 15
234 1
448 22
378 10
474 8
480 12
152 3
270 24
157 23
69 21
244 18
266 10
132 29
301 26
404 13
17 26
216 2
295 3
464 12
44 13
447 8
8 6
374 18
9 10
248 25
315 24
331 20
349 6
472 17
483 23
430 7
61 25
305 11
11 32
378 6
56 8
77 3
125 23
340 9
184 28
61 30
283 11
281 19
204 32
131 15
183 32
241 7
56 29
449 18
312 6
472 7
205 4
134 25
202 29
313 26
264 1
87 10
116 8
380 27
175 31
209 29
422 30
303 22
494 19
395 22
280 30
228 4
118 5
164 27
186 28
56 25
349 11
51 8
66 30
134 24
292 11
301 26
144 23
395 1
206 21
146 1
359 18
173 20
234 32
146 23
164 2
72 24
48 18
179 29
403 32
56 11
358 8
112 17
459 18
490 8
146 7
352 24
360 12
331 14
212 25
216 7
30 19
90 5
408 28
41 19
283 20
209 5
304 32
493 26
177 6
129 22
469 8
30 4
356 24
273 31
40 21
145 9
479 2
497 11
205 13
401 23
337 25
479 28
428 16
105 8
305 21
129 1
416 10
101 15
222 21
189 17
417 17
182 16

