256
103 3
35 29
243 6
419 26
149 31
61 29
176 3
258 25
296 12
161 25
243 12
127 30
97 22
120 13
262 14
402 28
180 16
388 7
465 2
164 9
41 8
286 8
127 31
332 18
402 16
75 1
8 1
246 32
346 2
472 32
275 13
323 31
12 19
229 16
220 4
440 20
319 29
475 21
119 26
71 5
150 17
369 5
197 2
464 6
331 15
353 18
11 32
264 22
238 20
349 5
235 28
217 1
365 19
202 19
201 28
355 22
268 27
210 28
41 29
209 31
459 6
328 5
237 31
342 22
82 30
282 8
329 18
73 17
393 30
176 17
397 26
146 4
309 31
479 17
27 31
219 5
100 31
305 8
489 2
13 15
187 23
90 23
144 30
208 12
435 11
332 19
468 1
346 24
331 20
476 25
363 23
45 22
93 5
150 17
198 26
3 4
308 21
251 24
106 2
43 13
396 31
223 15
351 21
491 30
244 14
94 26
12 19
272 24
191 13
389 29
434 7
124 22
335 26
249 13
387 15
185 6
165 23
349 12
179 27
253 19
8 30
232 12
484 27
327 7
275 11
267 13
458 2
154 12
320 14
436 22
44 16
340 9
379 16
428 17
230 28
331 17
25 15
108 9
65 31
387 16
1 17
400 26
246 29
102 13
158 29
123 5
9 30
261 19
353 32
147 22
219 6
170 20
392 2
456 28
416 10
147 8
198 6
226 11
154 7
360 11
419 26
216 15
295 28
17 3
16 4
80 22
493 29
329 28
230 4
191 29
329 2
265 6
439 6
321 9
20 8
255 14
13 2
217 23
298 29
453 25
248 16
250 8
132 23
475 10
66 26
358 7
207 10
124 1
463 28
89 26
475 28
272 3
17 4
293 26
424 17
330 32
480 32
115 12
362 10
325 15
107 26
25 29
156 1
309 18
92 6
304 31
93 19
405 29
266 26
275 21
498 8
416 10
35 27
89 28
472 9
175 6
298 31
94 5
199 30
423 27
151 2
61 3
4 25
56 9
218 22
161 28
137 17
193 4
459 25
419 14
249 9
211 2
144 20
351 6
409 29
336 20
202 24
6 17
65 21
177 2
242 21
497 7
117 1
402 15
25 8
208 25
265 14
171 24
425 1
453 18
145 29
393 26
184 26
402 4
311 2
382 24
118 2
282 27
123 7
161 27
355 5
272 31
138 14
230 19
462 18
248 10
470 8
303 2
389 12
105 15
485 10
455 2
68 4
188 14
271 5
188 25
421 27
447 26
252 12
324 21
209 15
22 11
62 32
388 23
231 16
353 23
182 11
169 5
395 20
142 25
56 25
345 32
492 7
386 27
318 5
160 14
132 13
56 9
209 3
495 23
287 4
358 12
358 6
420 28
381 1
472 17
241 4
264 12
106 9
327 27
62 22
301 1
370 32
237 14
151 8
221 21
283 18
256 24
455 15
244 15
87 7
123 7
383 15
59 20
91 25
263 4
74 23
196 15
270 13
373 24
368 1
208 30
22 11
141 8
341 8
162 7
451 21
106 25
227 32
172 25
104 26
321 5
200 32
119 6
300 15
445 31
287 9
168 32
319 17
135 12
44 29
290 6
285 31
178 19
114 10
179 21
339 7
245 19
367 12
212 18
206 20
37 9
160 12
152 15
12 15
194 20
287 11
401 27
82 23
433 7
132 23
116 2
462 20
360 4
223 11
197 25
431 5
125 26
437 8
272 12
414 1
207 32
300 24
270 21
390 6
131 13
17 22
194 26
106 2
157 8
328 17
460 10
86 32
200 6
212 11
173 29
140 16
177 23
191 22
375 20
352 5
304 24
251 13
345 4
402 13
387 26
205 11
487 18
134 6
163 17
361 8
322 28
419 10
142 29
295 28
392 26
20 15
365 26
191 1
329 9
413 8
322 10
118 4
259 27
50 18
300 26
313 25
113 15
322 6
191 32
121 26
466 32
128 10
114 2
243 22
114 23
213 11
476 14
447 27
285 24
360 20
257 4
408 5
402 13
474 28
344 10
377 5
437 28
491 2
25 25
196 7
91 20
425 15
442 31
153 10
70 20
161 6
183 8
46 8
296 19
231 31
316 23
152 5
314 18
154 14
430 29
180 24
461 5
438 18
179 14
479 25
453 23
426 23
410 8
422 17
194 32
47 22
462 18
114 7
395 31
317 12
468 8
196 12
452 9
33 15
427 23
379 23
1 4
366 10
479 11
318 5
143 8
34 32
266 19
231 28
265 27
188 12
394 11
363 14
367 19
476 9
257 2
24 21
213 13
370 16
27 23
216 1
403 13
125 24
99 7
31 15
253 26
299 2
452 17
343 23
260 10
315 12
227 30
477 16
78 30
131 1
385 18
477 19
298 1
306 28
159 28
462 7
258 4
409 25
477 23
379 24
273 14
455 11
383 3
438 21
129 24
417 21
117 21
151 6
346 16
13 28
347 11
267 32
290 11
313 2
129 7
353 1
88 28
104 31
90 5
431 30
313 7
434 5
91 24
47 16
243 11
292 18
89 14
193 3
436 9
496 24
252 29
21 3
360 4
309 21
16 19
371 4
437 4
461 20
240 19
167 2
269 14
423 18
367 4
236 18
324 23
70 27
283 2
266 10
65 30
295 12
165 17
112 9
468 24
332 15
430 31
41 6
308 3
407 7
430 10
32 18
77 1
32 19
42 9
353 6
371 27
38 23
163 1
339 30
220 27
189 1
21 29
198 4
191 29
58 5
98 2
78 6
42 1
385 4
406 21
41 16
235 26
14 25
78 4
378 17
226 2
149 22
294 23
278 29
303 3
309 24
276 22
278 6
346 22
253 31
250 17
230 24
223 19
232 4
299 5
449 20
27 5
122 4
295 3
360 13
437 32
201 9
257 2
234 11
491 22
57 32
130 23
75 16
233 6
152 31
118 8
407 16
48 28
168 7
130 19
143 2
47 23
482 7
24 23
257 14
52 26
253 18
452 3
385 24
336 20
67 18
339 9
449 7
352 20
285 1
495 31
250 25
474 12
343 13
150 16
11 14
265 7
87 24
294 31
251 17
211 5
286 13
141 3
491 16
54 31
176 28
54 18
88 19
361 19
227 30
234 25
415 10
204 9
65 9
324 15
181 26
336 27
286 32
53 25
172 18
403 31
6 20
476 1
38 12
227 5
198 20
1 20
309 28
465 29
256 4
392 29
25 31
255 2
258 19
290 13
264 17
480 17
204 27
214 10
143 4
6 16
104 10
155 20
414 31
489 9
462 28
457 30
162 27
500 23
369 25
200 17
37 15
253 13
485 18
482 15
462 3
22 13
196 1
328 17
499 16
482 1
399 30
298 4
1 29
331 5
142 30
205 30
60 22
418 20
127 31
375 28
89 32
152 13
424 8
97 31
499 22
87 2
220 28
161 12
237 31
292 14
20 5
55 7
454 21
327 32
427 29
20 20
448 3
4 28
206 28
350 1
382 24
454 5
23 6
172 11
457 31
136 32
459 3
259 28
367 1
196 9
137 23
12 24
441 27
11 3
467 12
351 8
147 4
448 22
121 27
428 13
433 24
405 28
106 19
7 16
99 18
468 15
120 20
170 1
346 25
59 4
392 5
11 7
416 22
208 16
280 27
317 9
50 9
308 11
87 26
182 13
220 18
271 19
333 32
251 18
324 21
194 28
421 32
106 32
14 29
76 5
299 12
209 9
316 16
59 14
34 13
290 21
446 20
91 2
203 26
307 11
354 8
94 7
56 7
314 29
363 21
417 25
484 14
213 19
345 20
404 6
68 25
130 29
104 1
290 31
266 16
185 7
300 14
97 31
476 19
127 22
3 27
350 7
20 15
489 5
390 25
242 1
437 4
469 29
296 26
199 29
57 3
383 32
12 16
414 3
94 24
176 8
287 5
286 26
291 7
374 20
371 8
488 15
191 16
51 14
417 5
46 18
483 12
33 22
111 15
332 28
42 15
4 24
236 17
338 6
415 15
410 21
178 13
444 32
57 14
353 5
95 22
150 25
382 7
275 28
333 6
48 26
317 27
406 8
191 3
429 2
157 6
94 7
439 25
54 15
383 19
171 25
360 9
109 9
355 31
85 3
193 28
264 25
386 13
412 32
467 12
385 32
382 23
458 4
367 11
166 21
121 4
429 5
8 30
73 26
124 17
400 32
140 24
176 1
388 23
453 19
279 1
478 20
167 23
331 6
149 8
134 30
35 7
454 23
304 14
404 31
35 12
95 10
23 22
51 6
209 11
116 15
43 9
498 2
231 24
243 32
175 32
353 9
290 30
103 9
35 15
224 9
14 6
447 28
291 29
149 7
55 25
189 17
357 22
158 32
365 24
171 11
480 27
100 29
32 18
66 2
412 13
191 25
458 29
164 12
189 21
451 31
77 7
191 13
177 1
224 9
452 10
432 15
268 7
404 27
436 17
421 24
461 7
124 14
99 4
369 27
452 11
381 4
458 7
16 14
123 28
378 31
485 9
209 9
43 24
255 7
284 31
30 4
137 13
13 7
144 10
373 7
52 25
326 5
28 26
346 6
285 8
428 25
384 17
225 31
304 4
461 16
358 2
35 7
346 4
81 30
281 14
436 32
410 14
45 5
307 22
291 27
465 14
211 13
410 20
479 6
119 15
153 24
280 7
322 29
86 11
466 22
412 30
402 29
367 26
462 17
187 12
467 12
173 29
204 23
464 2
148 6
324 16
262 31
190 27
79 32
189 21
197 28
150 10
273 28
247 26
244 18
337 22
141 29
386 20
295 2
229 14
135 4
297 4
6 19
331 28
318 3
332 6
471 1
316 23
200 18
328 7
199 20
152 31
24 14
34 3
443 6
112 21
165 13
177 10
99 23
106 16
229 21
281 23
122 4
293 17
10 28
116 24
283 19
251 31
360 8
329 14
250 16
231 22
52 27
84 26
117 5
65 9
181 30
44 14
293 12
475 22
308 22
214 22
60 4
100 8
451 20
73 24
220 23
114 31
413 13
421 1
441 1
374 9
182 9
423 31
456 21
128 27
338 1
205 17
8 4
168 15
84 13
158 27
395 19
73 20
23 17
188 15
182 29
84 15
181 14
189 25
106 1
251 11
361 3
43 5
111 19
179 30
303 24
348 1
311 16
208 9
117 8
148 18
308 15
12 9
292 13
477 29
73 19
43 13
34 1
153 28
147 3
189 17
19 16
202 5
307 5
13 31
156 4
72 16
94 16
304 13
488 24
133 8
6 15
344 31
464 5
386 2
327 18
263 1
461 4
25 32
372 18
42 20
401 14
343 7
49 26
83 24
277 28
447 26
94 18
25 25
286 18
19 29
336 13
309 4
96 2
415 23
75 1
198 7
422 12
173 10
389 32
5 21
27 31
299 4
92 7
381 6
84 23
342 27
383 30
67 18
187 1
500 17
289 18
440 14
441 4
31 2
71 23
346 29
189 4
421 5
318 29
158 2
51 11
172 21
352 26
114 7
423 13
3 27
14 14
125 27
406 31
136 20
42 17
425 10
477 17
362 30
145 23
399 31
221 27
331 9
160 24
167 14
408 5
497 2
111 17
228 4
275 23
195 4
47 7
250 27
315 27
21 3
482 23
357 18
341 19
478 5
482 8
434 14
165 26
15 31
402 10
494 25
308 24
196 6
307 9
81 21
408 25
284 21
223 24
442 32
179 32
416 20
267 21
253 19
483 15
57 24
360 18
412 23
90 12
77 8
256 29
368 23
461 19
403 3
143 17
98 21
468 5
184 22
214 9
17 8
55 25
431 15
475 15
137 20
6 1
311 13
221 22
276 17
33 14
68 19
226 21
51 13
178 14
131 19
22 11
290 13
71 24
47 13
118 31
312 31
248 26
236 28
356 15
353 24
40 32
266 26
436 16
162 13
401 8
207 19
290 24
55 21
420 25
109 21
135 1
12 22
246 31
54 9
257 30
340 8
29 9
117 16
272 7
281 21
422 27
299 32
187 5
424 2
305 20
494 19
156 9
25 14
103 26
206 19
187 22
211 19
2 27
30 22
105 30
2 15
149 16
90 11
4 1
292 16
100 1
450 8
494 10
361 16
403 10
307 25
463 29
303 29
195 13
294 24
494 27
30 2
446 19
180 29
335 23
460 6
460 13
393 1
383 1
400 25
23 18
226 9
426 28
153 5
64 22
272 18
240 1
403 25
271 31
337 5
405 32
242 12
57 23
20 3
91 28
427 1
329 12
450 27
32 14
227 15
400 26
356 19
150 19
28 12
193 32
228 5
12 25
165 12
455 28
358 6
455 8
10 4
436 15
390 27
265 28
265 32
465 9
154 14
231 29
385 11
397 8
75 28
432 31
327 15
127 20
136 17
467 25
216 14
308 17
72 4
220 17
87 32
309 20
149 19
125 5
165 13
348 11
132 12
182 14
370 4
493 13
388 27
353 8
65 12
60 16
83 4
176 17
167 24
113 16
374 21
52 6
461 32
481 8
383 26
401 4
321 21
460 16
55 20
15 23
324 15
311 14
58 6
427 20
322 3
391 7
127 23
437 23
194 29
30 32
134 18
31 18
26 18
365 20
5 24
255 4
306 17
438 23
402 16
438 19
106 13
270 8
123 6
170 24
326 27
95 23
332 25
264 17
466 8
140 14
359 14
150 4
310 3
230 20
154 4
434 3
348 31
490 18
112 7
489 5
61 31
99 12
59 2
452 32
342 31
197 8
189 30
420 10
136 5
61 17
20 3
47 23
401 28
40 5
250 16
153 2
462 4
405 4
465 8
247 14
151 16
62 19
493 1
40 13
333 25
269 13
299 16
71 27
55 11
415 13
342 8
318 8
23 27
175 15
430 14
497 8
217 18
122 9
390 22
337 22
114 18
74 8
125 5
166 11
311 1
187 8
352 5
307 18
79 26
212 32
255 28
292 3
117 1
179 30
278 32
80 3
473 21
6 17
1 12
479 7
104 18
315 19
22 29
32 20
454 3
311 28
155 26
178 11
219 9
481 16
224 28
239 24
64 28
496 9
267 2
79 18
491 29
380 8
366 7
463 15
6 14
27 8
227 8
134 1
412 26
441 23
173 3
34 5
274 21
5 5
355 27
114 9
328 26
209 17
256 11
363 9
296 9
124 31
149 2
319 32
223 15
399 16
289 4
336 15
165 32
307 15
126 8
67 17
117 7
349 1
298 32
485 9
304 25
467 24
218 6
364 20
396 14
39 5
397 22
451 9
417 5
283 15
380 14
347 13
476 32
221 5
259 21
218 6
17 20
218 6
321 21
230 13
46 28
105 18
346 3
355 6
15 17
156 18
338 19
94 18
50 10
438 16
223 3
73 11
191 18
29 15
222 10
283 7
377 11
413 22
145 19
484 19
107 15
257 1
493 2
110 18
16 7
201 10
54 22
180 32
415 4
310 13
317 9
107 18
331 11
415 32
341 2
190 32
241 22
244 17
148 17
479 3
399 3
104 32
156 31
399 31
195 13
411 15
301 29
56 7
240 7
162 4
424 24
379 24
149 2
453 4
474 11
162 9
313 17
28 5
104 7
391 18
135 13
12 7
169 32
269 16
242 19
192 13
134 22
33 22
44 13
282 9
267 31
93 3
412 25
251 31
47 9
16 17
145 15
171 30
298 3
425 19
73 32
56 30
38 4
340 13
424 13
449 6
415 6
472 26
162 15
44 28
67 7
444 12
290 2
377 3
404 21
478 25
121 21
34 10
324 9
442 7
345 10
492 32
283 19
289 12
389 17
207 24
95 18
371 12
115 11
175 23
251 4
199 19
388 4
84 15
457 17
13 1
267 32
412 9
318 25
49 19
237 27
366 31
257 12
419 31
186 25
241 20
448 3
11 19
23 2
101 19
471 21
131 13
116 19
489 5
447 9
343 19
292 32
365 16
147 27
122 32
79 3
120 14
5 26
64 11
75 32
357 13
276 16
133 7
234 14
380 12
10 2
66 25
134 14
52 12
417 22
112 27
388 31
373 28
360 8
271 18
100 3
331 27
318 23
322 19
436 13
434 26
274 27
98 15
281 26
187 17
175 6
43 6
380 19
157 27
203 7
24 2
406 10
232 27
169 29
126 4
253 11
49 23
410 15
433 14
500 31
90 22
268 8
439 7
399 27
89 21
22 13
106 11
318 17
1 22
242 18
442 22
389 22
372 2
340 17
43 11
479 12
364 19
115 26
245 13
397 26
465 22
298 22
48 27
111 4
305 20
378 10
49 18
439 21
267 3
281 1
469 19
440 13
357 30
134 30
419 26
139 11
151 28
9 14
254 7
98 6
174 7
155 2
92 14
198 10
224 26
18 28
89 21
376 17
214 14
250 28
243 4
71 22
175 7
295 21
401 20
190 6
218 9
499 17
142 29
370 5
378 3
408 2
47 8
263 9
145 32
96 27
252 10
484 2
96 19
58 28
374 16
273 32
148 8
104 13
172 10
5 25
64 16
15 3
399 13
223 11
140 14
134 15
188 21
21 7
99 6
131 13
29 3
416 12
26 27
316 13
344 8
246 16
436 32
370 14
92 28
229 23
465 30
326 32
34 22
435 25
275 9
457 16
319 16
183 21
242 19
393 14
170 6
197 17
453 14
291 16
213 23
127 17
84 12
181 5
149 23
101 27
383 1
282 9
280 5
397 26
463 30
163 16
279 3
89 8
128 31
127 24
249 29
368 8
408 24
152 8
14 9
35 12
13 12
449 25
280 17
370 6
486 24
78 17
242 22
200 9
396 14
60 8
283 7
31 18
327 26
98 12
138 28
440 11
299 12
499 23
436 20
24 10
251 17
390 4
118 17
64 25
118 11
360 8
253 14
90 15
276 19
475 9
170 18
267 20
153 21
250 24
336 6
361 18
226 26
133 28
42 32
60 8
22 20
59 27
13 8
205 8
38 3
201 7
444 3
379 16
288 4
388 31
253 8
413 31
202 5
26 11
93 13
106 14
208 1
240 1
16 17
8 2
327 24
316 7
231 2
70 18
26 29
492 14
261 32
460 6
153 5
408 9
274 2
210 17
30 30
405 9
98 25
302 32
324 18
46 10
15 28
423 24
128 11
170 28
22 17
201 14
318 17
270 7
474 12
275 19
281 8
251 22
444 5
153 15
374 27
25 8
370 19
280 13
65 5
385 7
281 9
112 10
45 10
392 10
213 7
372 29
198 23
74 13
27 6
463 16
128 19
139 21
286 22
346 2
70 10
288 15
166 28
152 11
133 8
80 25
62 16

