256
221 13
401 25
494 4
65 32
277 3
314 4
283 4
109 32
296 18
134 22
325 31
435 23
342 9
299 23
240 21
384 1
390 16
265 23
55 13
311 15
328 4
130 22
315 7
433 14
492 18
435 32
229 30
179 6
338 1
216 9
26 11
389 23
87 2
1 13
334 3
472 29
138 13
474 12
395 6
62 11
324 28
406 8
69 32
325 30
265 8
187 22
343 15
408 13
432 24
421 30
71 20
278 32
197 12
160 19
9 5
33 8
272 7
439 25
226 27
98 6
359 28
335 21
211 6
481 26
2 25
259 24
497 17
131 13
492 2
487 12
214 28
388 6
162 2
326 7
293 19
81 31
411 7
203 25
9 19
114 10
287 9
433 23
465 23
327 20
205 2
159 30
37 18
255 30
224 32
436 16
207 16
18 1
283 32
89 3
254 10
300 28
130 12
175 10
146 21
401 26
18 28
120 18
309 26
103 32
10 19
251 12
258 28
184 24
339 4
330 12
29 5
484 31
416 26
104 18
10 5
263 4
416 2
137 12
312 4
460 21
482 26
388 23
330 11
131 16
398 8
112 26
145 3
84 28
456 32
121 9
44 24
196 3
321 1
386 20
424 25
304 25
407 7
347 8
113 29
255 30
289 18
288 17
164 15
492 15
262 25
436 17
52 3
467 8
167 1
356 6
49 3
198 11
202 13
42 26
21 9
28 13
218 15
93 14
37 9
352 11
253 19
455 16
474 14
27 24
126 18
82 6
245 27
481 30
175 2
463 16
22 14
208 4
304 25
473 25
89 12
343 1
315 29
496 20
70 6
279 23
256 8
221 12
343 13
297 9
74 31
416 24
249 20
187 8
276 11
448 12
186 2
408 20
439 27
491 8
424 18
407 23
481 27
30 27
327 10
192 20
437 27
347 21
82 5
440 25
395 28
424 5
29 15
284 27
233 31
179 9
396 1
39 8
63 1
51 1
98 6
492 18
200 31
70 14
75 2
342 18
249 10
402 25
448 13
96 1
311 22
393 26
210 7
434 16
203 4
364 17
77 3
186 8
397 8
409 4
117 27
293 5
368 10
345 27
82 16
51 1
65 3
302 26
226 27
249 16
422 24
80 6
171 2
478 27
373 2
242 17
488 18
57 31
431 17
374 17
193 20
461 5
71 10
235 32
53 7
427 2
299 15
324 25
124 21
239 24
38 17
336 18
366 28
84 29
144 9
365 12
85 29
445 19
290 15
154 10
365 32
168 19
438 19
483 29
495 30
56 28
54 27
409 15
134 29
419 2
153 23
465 1
459 29
95 25
291 4
442 32
180 13
170 17
451 29
30 5
78 1
329 7
180 13
253 17
433 32
442 14
306 31
26 9
167 1
365 6
220 2
317 7
415 22
16 13
342 5
162 11
333 18
253 32
430 6
325 7
29 2
152 26
24 1
98 27
149 2
204 5
268 4
267 18
357 2
250 11
30 15
321 11
252 6
374 30
79 26
248 15
168 23
440 27
427 10
437 24
203 20
296 14
11 6
355 16
48 29
418 13
15 14
291 11
163 1
152 29
418 11
199 21
1 19
480 23
232 4
206 6
56 9
256 14
267 18
285 22
214 22
242 25
144 25
199 22
253 10
251 18
452 29
107 20
291 22
82 10
1 24
456 16
492 3
326 14
320 26
71 2
368 5
114 19
401 28
20 21
365 26
174 24
71 12
323 5
365 20
383 26
395 30
477 11
400 6
144 19
468 27
104 15
83 13
197 27
232 8
487 12
338 20
115 24
292 13
120 32
193 10
77 11
191 2
325 6
59 13
13 6
239 12
360 5
37 20
155 32
328 13
216 29
356 14
424 31
471 15
7 27
397 23
453 31
340 26
381 31
450 29
424 12
360 24
360 32
395 14
164 6
210 11
238 25
412 21
64 18
408 22
248 28
356 17
94 4
330 30
446 15
366 5
318 2
208 9
473 7
42 32
176 15
218 14
167 2
278 30
215 5
3 31
340 31
163 26
258 24
259 3
122 17
275 31
54 3
115 18
289 28
14 20
462 27
229 16
64 3
62 15
395 32
241 7
126 27
372 31
246 22
289 23
106 8
157 23
250 27
37 18
130 26
1 31
484 6
70 16
440 27
326 14
399 10
272 24
172 19
259 21
273 23
487 14
314 31
241 7
265 13
100 14
30 29
188 25
34 25
412 9
240 5
10 14
6 10
13 17
276 27
445 4
22 15
130 15
425 22
398 5
202 13
286 7
449 29
95 10
82 7
158 9
447 8
310 25
153 26
129 12
297 14
476 6
208 1
4 9
30 9
25 23
102 31
461 30
135 27
236 16
117 25
388 12
264 13
16 16
223 12
344 27
421 11
40 21
479 19
113 32
296 9
238 17
299 18
298 2
308 21
1 13
130 9
488 13
141 27
13 27
350 24
233 31
378 20
251 12
167 15
363 2
351 32
62 30
1 31
287 28
96 15
84 1
231 31
321 12
425 9
86 31
40 27
397 1
294 15
124 20
361 22
125 19
141 6
64 5
397 14
301 24
341 8
272 19
307 4
442 31
129 4
209 12
198 25
289 11
103 24
303 3
102 19
26 2
113 5
235 29
291 7
56 15
270 11
53 20
270 31
11 26
374 15
418 31
176 18
413 14
469 7
93 22
494 6
16 18
410 30
170 28
136 1
182 17
403 11
333 24
81 23
422 10
413 23
228 12
248 16
70 16
59 10
490 16
335 29
361 24
106 14
296 29
106 29
349 24
211 17
31 15
227 32
96 12
494 31
431 29
167 16
309 5
217 18
128 7
154 20
295 7
221 18
203 14
418 15
37 21
232 19
271 6
223 27
449 8
393 8
309 7
83 17
135 16
118 30
202 15
101 20
381 17
437 23
350 19
485 2
335 4
305 9
26 7
27 26
446 28
409 18
182 24
74 13
495 3
430 28
165 27
44 5
203 20
331 9
38 32
290 12
383 30
181 12
324 23
86 18
478 6
227 20
189 5
328 3
195 9
379 24
139 14
256 14
105 23
98 7
254 31
366 24
185 6
396 32
105 9
129 14
178 20
445 11
8 32
401 30
233 11
413 11
256 17
268 25
459 13
355 28
456 16
199 8
118 22
499 18
130 24
155 12
335 32
378 2
75 2
395 7
261 20
30 4
328 9
228 10
14 26
349 1
154 23
312 31
345 14
344 10
289 14
133 15
449 10
168 12
492 15
330 24
222 3
119 5
360 23
186 1
280 18
45 25
284 8
55 20
17 6
454 26
248 18
484 32
300 24
71 7
214 29
394 7
463 24
335 10
210 24
398 30
257 10
126 16
1 13
168 6
282 1
379 5
410 6
77 13
13 15
499 2
399 16
12 10
108 18
387 21
217 29
10 17
282 8
365 23
20 4
4 5
356 26
182 21
95 14
474 28
404 20
37 7
68 5
220 11
246 2
195 31
446 17
139 4
192 15
362 11
238 21
363 21
98 24
358 12
153 11
3 1
358 4
415 1
88 22
303 29
91 10
351 21
54 10
116 17
344 17
11 10
193 9
174 18
269 7
185 5
417 4
181 15
79 11
403 14
80 26
202 23
55 5
411 28
42 2
408 5
206 6
318 22
142 12
391 14
78 3
35 3
466 23
121 12
14 31
61 1
432 3
467 26
167 1
297 20
106 32
296 19
473 6
60 19
161 14
228 2
81 18
84 22
33 20
294 10
431 26
342 10
468 1
200 2
389 24
45 3
404 13
157 28
158 29
194 2
370 14
407 26
239 7
200 7
250 17
20 12
346 26
394 6
374 25
151 26
144 28
108 7
240 17
127 25
333 16
66 22
297 28
4 28
166 31
10 28
195 18
447 24
447 28
409 4
136 4
433 4
459 25
178 6
157 12
94 21
328 23
42 24
334 25
11 20
99 21
119 5
254 21
37 16
461 25
371 4
356 15
79 26
47 17
11 15
264 28
395 23
318 13
215 4
185 1
355 28
449 5
428 26
241 28
253 9
261 27
1 16
278 19
282 16
335 8
231 31
100 1
41 21
265 3
420 18
184 14
85 24
450 12
38 11
180 26
95 28
265 31
407 30
174 20
421 20
480 11
310 31
480 7
347 24
309 11
45 12
244 21
328 10
197 21
88 8
6 6
315 2
481 13
367 22
261 12
365 28
142 27
22 1
229 12
217 9
338 1
381 14
446 24
479 22
424 10
17 25
451 31
255 19
255 25
288 11
112 17
106 26
31 31
374 11
199 18
147 32
203 7
469 8
438 3
141 9
216 25
346 27
191 28
301 1
72 21
164 24
93 17
289 15
248 10
233 26
104 11
333 14
110 6
157 15
452 17
112 20
305 25
38 31
56 26
143 7
278 10
14 18
427 14
196 10
316 24
323 19
11 27
76 20
308 20
18 8
380 25
279 12
85 8
382 4
357 8
471 15
34 8
208 12
138 32
485 13
183 23
371 25
313 30
312 17
233 14
84 20
458 18
147 23
381 8
34 25
255 4
223 32
340 7
99 1
186 31
281 28
93 11
61 6
300 32
230 24
405 13
495 19
378 9
109 22
224 2
198 30
350 21
118 17
55 8
17 32
3 29
459 27
299 15
204 14
447 21
333 27
449 15
65 30
171 21
139 6
19 1
75 28
461 32
408 15
112 28
458 14
72 8
60 30
139 8
171 5
400 15
435 29
33 12
378 19
228 13
300 22
205 26
113 1
418 28
383 1
295 28
494 14
107 21
87 25
20 21
181 24
463 28
120 31
171 13
401 6
13 8
144 5
426 12
85 27
480 19
75 30
10 8
344 17
324 22
213 24
243 6
115 13
213 2
52 7
230 28
280 7
356 7
163 5
383 16
327 26
418 25
191 16
320 2
396 27
168 8
338 2
205 32
466 13
185 25
151 15
173 31
361 24
205 31
12 23
122 26
4 16
442 7
319 17
80 30
107 31
377 29
8 18
396 14
202 29
194 17
199 26
487 31
97 19
285 12
482 11
149 25
150 22
31 24
54 7
237 17
209 25
457 5
398 8
394 8
136 23
156 14
305 6
448 1
184 9
361 1
491 17
354 12
303 24
311 12
198 23
368 3
11 8
327 25
380 24
212 19
158 23
53 30
360 12
67 19
84 11
264 6
139 13
65 1
204 19
1 2
421 8
12 24
396 10
192 31
261 15
493 14
121 17
436 32
249 10
226 16
132 5
258 14
457 6
415 21
49 27
118 1
486 25
252 17
170 7
7 2
49 32
403 25
396 26
352 12
191 10
476 22
418 17
444 31
406 18
91 14
476 8
275 13
188 6
194 1
25 12
490 1
51 16
94 27
230 17
442 12
374 1
242 8
353 5
370 7
246 24
64 1
19 2
33 30
68 10
414 20
278 31
16 32
294 13
126 23
406 32
295 23
188 4
274 17
424 3
151 29
306 10
241 24
404 9
381 19
351 18
414 8
196 25
159 30
390 1
364 3
56 22
277 31
45 23
135 32
397 5
488 19
351 24
230 26
205 31
76 19
404 17
386 32
417 32
441 14
180 16
304 31
314 9
330 30
335 12
30 23
249 25
137 31
449 19
204 17
477 3
59 32
119 28
183 27
339 27
45 27
131 24
457 16
280 22
5 30
102 10
49 18
403 29
300 19
403 7
3 31
485 5
463 27
356 29
341 26
120 29
416 2
85 13
45 20
10 29
330 3
287 6
312 9
414 3
391 17
169 29
47 17
157 13
107 32
6 32
409 1
332 13
226 16
401 18
484 26
374 21
373 20
394 16
348 27
499 22
327 27
334 26
172 18
86 22
353 15
225 10
67 17
142 16
176 14
117 3
303 15
175 3
150 16
63 30
227 5
439 21
79 5
278 10
114 20
380 7
158 20
284 17
364 5
220 4
318 1
402 24
179 29
147 16
496 13
29 22
121 32
127 15
444 24
301 25
471 24
79 13
135 14
205 15
490 28
242 3
464 23
427 10
423 21
174 31
133 6
492 17
373 30
303 8
226 23
429 32
282 31
28 25
73 8
267 30
360 24
221 31
2 27
169 1
71 2
195 15
247 18
307 12
156 29
491 5
212 19
132 1
130 16
261 30
95 31
467 26
386 27
333 4
185 1
16 3
194 2
309 8
247 15
411 2
224 6
338 31
172 10
131 9
333 24
206 15
122 1
85 12
211 1
451 16
269 18
150 2
27 3
253 5
425 28
379 28
269 12
138 24
37 25
445 13
364 6
500 5
174 4
48 1
204 30
280 4
167 1
137 1
443 13
170 20
108 12
219 8
115 9
20 12
329 32
224 16
465 19
380 11
362 4
375 25
277 26
240 16
138 32
488 29
117 21
300 20
56 30
452 23
430 27
26 6
286 25
301 30
176 9
92 1
460 18
454 12
323 21
383 5
421 11
245 1
231 16
112 31
117 15
161 19
237 22
304 2
138 13
124 25
137 7
54 32
33 19
35 3
403 6
371 27
492 7
63 14
10 15
212 3
441 32
25 6
409 12
199 3
284 6
415 12
241 20
367 5
178 22
331 13
171 14
255 10
168 2
235 10
344 3
8 12
170 32
313 23
211 24
181 3
37 19
414 9
415 25
253 12
34 20
24 8
137 31
217 20
448 7
333 15
249 8
278 11
223 11
53 18
306 25
428 30
327 1
323 17
325 19
185 6
10 20
265 6
486 29
302 17
284 22
427 12
178 25
6 4
295 22
185 4
142 8
293 25
9 7
61 1
42 5
395 31
305 19
49 10
492 30
427 19
187 25
10 16
409 20
468 19
425 8
6 23
468 23
387 24
117 23
12 22
396 30
61 20
65 25
193 32
310 23
182 8
176 15
64 32
410 11
139 11
386 8
105 1
146 15
32 27
141 16
272 32
301 4
291 29
292 16
272 17
306 13
449 21
200 16
417 29
394 7
499 11
50 7
336 12
445 3
310 26
410 21
177 31
265 12
427 20
303 23
157 32
207 29
441 30
320 9
219 5
263 1
195 28
172 26
211 28
249 12
257 14
453 14
72 25
253 7
272 19
401 16
14 31
88 6
69 23
162 23
175 28
207 10
88 30
251 30
198 31
170 14
361 10
239 24
190 19
282 13
45 26
445 23
345 8
216 21
143 10
51 25
301 1
38 28
135 5
390 24
343 3
137 15
384 32
487 13
218 4
89 23
154 21
25 22
417 8
410 27
117 20
227 22
216 21
361 18
109 10
237 27
160 14
6 23
101 16
319 30
111 28
432 16
292 32
113 12
48 14
470 24
333 25
137 21
17 30
454 5
99 15
427 19
416 8
5 8
423 12
185 10
83 25
149 22
128 30
434 31
135 7
43 12
303 3
220 11
380 5
295 7
363 14
89 14
153 1
145 12
120 26
313 18
2 13
428 9
74 9
156 21
319 30
28 14
432 31
292 32
271 7
290 22
308 30
263 8
174 24
239 10
293 7
347 2
364 2
274 29
190 17
145 25
330 16
482 14
270 29
425 17
211 18
26 22
295 8
182 12
251 16
113 15
323 16
188 10
289 26
474 27
94 23
191 24
494 24
37 20
296 17
156 23
26 9
228 16
24 9
139 15
33 16
169 15
267 13
244 15
170 29
237 15
187 27
390 25
450 10
296 6
90 15
104 27
335 7
138 6
444 5
484 8
232 17
34 18
361 13
256 2
345 9
144 28
419 22
212 21
163 31
466 25
309 21
219 3
103 29
204 10
485 28
225 20
192 6
417 8
386 4
433 27
164 24
114 15
313 9
155 12
35 28
80 19
392 22
189 10
154 28
244 18
283 4
205 2
78 9
377 27
293 17
249 24
89 10
94 21
38 8
228 24
219 3
266 18
457 30
456 10
50 15
248 16
18 32
158 27
425 26
114 21
195 10
228 19
224 18
35 5
421 7
37 28
273 6
101 1
312 8
191 29
254 6
44 8
93 29
218 13
87 23
437 1
45 13
415 20
190 25
232 22
415 20
101 8
274 30
120 29
257 18
297 27
99 4
486 28
245 3
412 23
238 9
463 26
217 9
401 18
177 4
367 32
104 24
335 17
21 14
165 25
116 5
491 22
356 20
109 8
383 25
430 16
221 20
401 21
120 21
194 29
136 12
444 15
379 2
171 23
83 11
28 14
499 2
116 23
346 20
306 12
448 28
199 12
331 3
308 11
103 5
451 14
265 2
181 19
171 27
246 17
390 25
155 20
142 2
446 15
197 8
418 1
339 20
16 17
418 12
471 12
28 1
110 32
314 22
287 4
196 28
441 21
156 19
177 13
420 18
340 8
225 21
112 27
77 20
436 30
303 6
366 14
179 3
474 8
320 32
32 7
495 32
100 14
270 4
150 5
249 21
156 14
98 20
240 18
99 19
19 5
285 24
82 31
62 31
158 17
166 17
396 24
364 19
161 1
474 31
25 10
3 17
399 28
152 31
477 10
165 28
2 9
231 31
115 13
490 13
25 27
165 20
19 13
118 23
365 27
193 18
17 8
422 27
147 5
53 16
174 10
471 27
222 29
109 25
197 22
313 6
457 1
197 3
357 31
357 26
109 14
463 29
449 12
40 23
308 16
422 29
365 16
359 11
297 15
275 21
269 7
418 21
63 19
403 20
133 15
345 9
364 23
366 16
394 29
111 17
348 12
385 5
276 3
151 8
61 17
416 21
11 22
405 29
152 31
196 24
270 28
376 9
402 5
297 19
497 31
199 13
290 15
261 5
29 31
488 2
335 8
270 5
441 31
121 4
185 17
79 10
412 26
439 30
47 11
460 31
493 19
239 18
445 27
199 18
409 2
415 7
293 8
143 5
414 12
28 3
284 2
404 7
264 30
360 26
280 20
352 16
330 3
258 6
441 24
99 22
493 9
296 2
253 7
222 22
54 14
116 13
59 4
383 10
417 23
483 9
266 27
320 15
129 25
220 25
384 11
270 9
387 10
366 3
4 15
157 1
188 16
97 11
495 31
124 20
425 23
460 30
145 19
136 13
208 32
341 27
378 19
23 28
28 12
255 11
327 23
291 22
34 23
316 25
69 20
144 10
398 7
183 26
233 19
166 4
378 10
235 27
320 1
370 23
497 20
81 7
386 11
188 16
461 28
4 22
295 19
23 24
249 5
233 17
79 22
273 8
255 19
62 27
115 24
273 31
407 18
285 21
76 1
268 29
328 11
418 10
417 16
165 21
200 17
349 11
146 25
234 4
183 20
326 30
79 15
260 21
304 1
481 27
221 12
119 28
370 8
21 18
179 5
6 11

