256
434 22
84 31
263 24
121 20
89 25
477 16
186 17
476 26
489 14
436 25
231 23
232 23
189 23
211 19
447 10
116 17
135 27
299 21
395 23
460 15
395 8
258 21
349 9
178 5
311 17
137 21
31 13
175 20
451 9
410 9
282 21
129 16
428 7
17 2
49 12
156 12
264 13
24 12
350 13
4 12
165 12
404 3
8 10
118 26
314 28
59 4
256 27
215 31
170 23
356 30
59 15
13 22
128 8
489 17
440 16
136 16
483 27
3 19
320 8
4 21
351 14
432 19
453 11
141 10
81 17
191 3
63 16
164 26
443 24
166 11
495 5
190 2
43 12
172 2
16 31
199 22
89 14
324 21
480 25
14 25
17 4
199 7
463 19
269 10
366 10
492 17
439 13
42 13
77 5
47 12
239 5
161 15
226 9
219 10
5 32
118 9
492 28
451 22
382 15
63 24
357 18
312 7
439 25
479 23
269 1
310 31
473 2
38 23
158 16
108 10
44 1
34 19
392 1
340 10
407 7
225 7
308 8
261 22
240 32
112 28
468 13
218 5
95 7
343 24
215 26
118 6
378 19
144 21
339 31
394 2
89 30
360 29
5 21
494 4
64 30
307 19
82 25
175 24
483 17
484 21
170 17
306 3
455 17
168 22
136 21
391 20
383 30
472 23
74 2
335 5
275 25
20 8
17 14
236 16
415 15
196 8
171 30
131 1
154 2
418 29
62 12
13 8
262 32
183 27
153 25
324 31
157 23
487 2
240 6
173 2
292 20
238 18
425 20
438 31
221 8
367 10
367 11
78 28
67 16
167 11
276 22
498 24
36 16
457 15
57 9
281 8
53 26
13 13
441 10
407 1
157 6
294 4
356 27
355 26
130 21
493 17
362 14
41 21
473 1
376 17
182 20
80 6
229 16
414 25
41 29
181 10
446 2
425 17
345 11
75 6
152 15
83 9
56 31
466 24
323 1
260 8
200 31
441 32
282 31
96 6
175 16
75 28
101 27
272 13
130 22
123 5
412 9
497 31
31 10
198 5
154 29
61 29
351 25
132 8
207 19
158 17
206 28
204 19
83 24
103 28
25 17
196 17
133 12
107 31
358 5
220 31
317 16
68 28
484 23
151 31
278 16
275 11
392 27
141 2
10 28
37 30
172 28
322 5
127 29
171 28
437 6
347 1
21 22
272 29
464 31
47 21
82 9
76 25
3 28
298 20
163 22
398 3
269 31
343 24
351 9
231 27
403 13
392 3
194 23
279 14
437 25
250 3
498 1
195 4
393 21
364 19
30 9
93 27
331 27
398 2
300 4
320 18
409 23
328 18
78 19
111 2
283 1
88 12
37 31
132 29
127 7
188 28
107 4
306 21
67 7
322 2
183 18
123 27
56 6
44 21
260 11
203 3
15 26
322 11
72 29
332 10
299 23
206 17
150 27
46 24
418 27
285 12
360 11
394 20
61 17
104 8
443 30
214 5
448 24
212 15
340 23
421 23
413 30
247 6
340 12
482 25
11 22
60 18
377 9
489 17
242 13
108 20
250 2
345 1
61 8
420 12
450 8
242 10
169 9
127 28
132 12
469 26
226 24
68 2
185 16
242 26
352 9
461 6
374 5
2 2
360 21
186 9
464 15
374 32
267 1
492 11
460 16
96 13
191 15
490 7
71 31
300 26
284 13
375 17
417 5
295 29
1 32
437 21
110 23
448 5
163 15
479 2
250 18
159 5
89 28
167 31
83 11
432 2
431 23
226 7
239 4
475 19
351 8
55 17
426 27
189 20
293 3
61 7
444 3
187 20
219 21
394 25
23 10
18 21
188 11
152 26
115 30
16 17
389 19
425 2
277 21
253 21
483 10
167 11
384 5
310 10
410 16
106 24
233 27
237 24
70 8
49 20
365 28
500 10
338 5
419 26
241 32
239 16
189 9
2 20
462 23
378 7
218 31
154 30
310 10
73 31
129 5
414 22
37 21
247 14
41 9
44 18
40 22
357 16
38 26
152 11
20 1
221 22
215 15
391 24
116 8
254 9
436 7
238 12
136 28
50 20
204 1
309 12
226 5
175 19
374 30
466 14
206 14
483 29
412 21
296 20
40 10
272 8
420 25
151 11
48 12
83 23
496 3
346 1
408 29
188 5
198 17
26 24
190 20
176 26
85 7
481 4
224 8
451 32
464 30
402 19
5 8
113 21
227 11
425 18
331 8
266 32
116 8
135 22
3 10
259 3
485 27
63 32
342 17
203 1
318 9
167 23
440 27
27 26
89 31
355 11
63 1
299 30
116 1
335 2
447 1
57 27
183 11
138 28
483 25
180 9
297 14
327 16
477 9
458 13
303 20
336 13
284 2
247 27
270 29
369 12
378 1
146 24
43 32
436 5
476 15
29 24
165 11
63 5
59 16
57 26
332 8
430 23
81 16
218 11
461 14
418 10
10 28
249 24
51 20
280 18
355 9
353 31
15 15
11 6
435 19
287 2
15 4
436 3
96 9
297 32
238 3
245 3
482 9
2 24
233 22
261 31
442 17
457 16
27 31
381 29
237 19
282 11
235 22
198 10
370 26
237 20
60 17
58 25
29 16
424 21
341 24
199 2
296 15
89 7
325 6
339 30
340 1
164 14
190 21
107 19
355 31
18 10
27 28
455 8
135 18
168 15
414 15
460 17
225 32
235 10
73 26
463 29
46 14
486 15
487 1
145 17
139 7
106 14
90 28
73 12
142 16
402 23
162 9
115 27
464 30
288 13
127 10
449 16
375 18
258 25
230 30
405 17
416 3
386 5
126 18
432 11
401 9
321 31
397 8
301 25
489 28
249 27
337 13
138 27
334 7
128 16
500 28
136 8
246 29
124 28
330 28
138 14
240 7
496 21
98 4
349 18
87 17
200 3
145 21
338 26
435 17
245 30
348 8
201 10
252 17
317 17
380 10
367 15
116 10
107 29
362 15
150 12
51 25
75 27
389 12
229 7
80 29
257 7
205 9
224 8
133 20
241 4
198 23
483 13
172 21
230 13
44 23
185 2
284 7
345 28
374 17
347 13
397 7
83 17
263 3
261 8
50 17
111 19
311 29
264 6
34 9
367 21
427 11
226 14
161 18
234 2
346 12
338 15
386 32
195 32
78 23
247 24
159 18
78 13
302 9
451 31
37 5
115 16
71 9
173 31
114 6
116 28
189 13
202 2
224 8
426 14
55 8
281 5
381 14
34 7
51 4
369 7
4 24
402 22
176 19
156 25
184 19
100 9
75 29
298 10
401 11
451 3
247 27
223 11
293 24
309 31
443 22
133 2
365 27
371 12
461 10
32 4
296 24
368 26
284 22
20 24
240 26
342 18
257 1
465 29
172 13
95 19
154 31
412 14
465 11
261 5
308 29
273 16
424 20
177 7
9 12
95 9
370 24
86 26
204 22
378 16
27 16
342 4
402 21
50 7
387 10
143 19
454 19
2 25
259 10
436 15
226 30
367 27
169 17
424 13
206 9
100 8
124 29
264 5
45 29
243 16
326 22
478 12
4 3
8 14
8 3
381 1
324 19
383 21
51 14
217 9
310 28
488 13
108 27
162 8
267 28
435 29
493 24
224 25
94 11
110 6
26 2
38 13
237 1
45 23
78 1
395 4
428 15
172 19
485 1
39 32
89 17
48 13
89 3
429 2
353 11
135 26
380 13
431 32
445 7
255 26
88 21
409 3
383 13
402 12
117 16
323 9
468 6
138 8
492 26
90 20
308 16
426 16
100 20
155 8
182 5
66 1
410 30
488 28
110 25
363 23
32 17
283 7
406 20
407 29
190 24
445 17
423 30
36 3
77 15
418 10
451 11
379 12
161 14
208 18
106 14
496 13
107 7
487 20
402 1
465 7
240 1
440 31
130 23
389 14
17 10
315 24
141 1
383 29
262 10
422 19
12 22
207 22
252 18
333 21
86 25
96 10
57 19
192 22
361 8
95 14
237 26
401 5
306 7
381 8
225 15
138 8
276 25
205 31
390 5
179 27
186 14
4 22
12 11
132 9
126 14
454 3
339 26
443 1
488 8
268 16
330 1
447 25
101 19
131 2
40 9
317 21
139 32
170 22
367 21
374 28
231 19
58 9
384 5
417 12
324 16
83 1
293 18
109 9
384 15
87 27
103 7
351 13
426 25
243 16
25 32
136 15
147 9
28 30
193 32
253 24
332 4
224 32
69 16
220 24
274 18
227 21
60 1
469 30
301 3
277 6
179 24
284 21
309 11
58 13
311 27
73 26
498 28
469 18
128 32
369 9
494 27
129 9
376 30
38 20
160 19
205 2
430 13
218 10
151 8
443 1
86 27
306 31
310 18
148 1
462 24
42 3
315 6
359 14
471 17
217 3
415 26
24 12
262 26
286 28
17 12
77 2
242 22
36 27
156 15
192 25
402 5
275 24
106 5
405 13
381 6
263 23
395 18
491 4
27 24
271 11
3 27
348 8
229 11
498 24
417 29
204 31
125 10
34 11
110 27
363 3
264 5
137 30
410 27
17 1
254 31
183 20
486 23
203 10
265 29
301 26
241 16
352 26
481 13
152 6
27 26
284 6
138 1
3 19
399 3
39 13
10 30
260 27
456 27
60 20
15 4
105 15
363 4
324 11
45 11
488 23
340 24
65 1
44 31
80 18
290 6
446 3
43 30
145 22
20 32
422 14
415 22
492 21
334 4
323 10
494 14
300 18
433 28
366 28
283 5
270 28
415 11
222 13
272 26
159 31
421 12
176 27
105 8
315 26
187 13
167 24
150 3
217 31
182 27
410 24
379 7
387 9
394 16
102 25
325 24
308 1
191 3
431 3
354 9
437 20
85 31
72 15
421 20
169 31
222 6
270 13
109 9
245 30
468 10
18 1
309 13
389 3
160 28
146 25
120 2
405 25
388 24
291 1
115 19
467 25
388 20
437 4
244 25
349 20
379 23
356 3
43 20
38 18
119 11
67 19
468 23
295 11
446 17
367 24
395 9
248 26
421 20
482 24
217 30
227 15
48 30
133 23
382 22
292 32
204 18
238 11
180 28
230 21
468 32
389 14
133 28
348 5
172 5
68 28
10 7
334 22
432 26
148 21
488 19
313 15
1 6
66 12
286 15
9 13
94 13
319 22
236 2
130 23
346 22
498 7
48 27
264 31
149 7
292 4
54 8
30 30
357 11
85 14
241 9
99 7
341 21
412 29
434 22
187 27
443 5
337 6
367 29
320 19
363 23
354 28
66 8
469 11
478 2
120 11
350 18
405 31
486 12
119 27
61 13
401 11
341 22
344 16
190 20
74 20
126 24
468 8
311 8
170 16
193 9
210 19
359 10
85 32
134 11
467 22
211 15
401 8
456 16
259 21
111 24
49 13
111 24
132 13
303 5
413 8
441 22
390 7
440 10
495 21
380 1
322 10
31 10
493 19
170 7
483 28
435 15
368 13
398 27
318 5
151 22
400 12
55 5
94 10
466 24
270 1
252 8
138 7
165 27
269 10
233 31
114 31
134 13
416 19
184 5
83 6
166 2
129 4
122 3
418 19
162 11
135 18
130 29
196 3
403 16
480 23
418 17
6 27
278 1
286 5
357 4
294 30
202 27
445 11
497 14
114 22
253 16
71 10
20 30
28 2
81 24
261 27
452 14
253 5
390 2
189 18
258 19
471 11
109 15
337 9
481 18
114 21
402 5
466 13
302 10
47 15
353 7
233 8
276 29
237 1
375 21
262 4
463 32
146 19
202 2
379 10
136 25
118 21
177 28
309 30
281 15
212 5
365 20
140 8
133 24
304 15
5 25
194 19
352 31
242 6
172 32
439 19
112 13
47 20
492 8
470 12
414 29
108 11
181 27
418 1
327 26
23 31
342 32
1 10
258 22
99 29
362 29
440 13
445 22
465 16
193 18
59 19
318 10
237 30
265 14
14 23
79 12
125 25
455 5
114 8
367 16
345 16
452 20
52 21
121 28
184 6
301 31
124 27
112 20
320 12
365 22
170 8
221 22
216 12
271 1
91 21
244 23
216 27
218 31
443 19
135 19
208 7
73 15
257 24
394 25
264 2
262 5
53 14
431 8
361 21
300 12
337 23
386 12
90 12
22 32
498 4
362 21
295 2
387 11
174 4
479 29
241 16
73 14
426 27
265 22
203 29
237 23
459 3
294 4
430 12
136 11
323 21
483 25
487 1
20 16
352 6
448 8
442 12
237 19
375 10
4 21
418 9
320 24
67 13
480 24
280 31
126 7
463 32
71 9
32 2
108 3
440 3
326 29
427 31
99 21
268 22
229 13
46 20
264 8
13 31
163 24
357 32
246 16
99 29
120 30
258 16
216 5
486 10
281 32
456 15
268 15
185 29
259 2
248 30
46 16
117 8
256 25
200 5
144 6
21 32
132 31
195 3
179 32
240 4
148 19
42 19
121 22
263 27
160 31
105 1
122 21
116 21
45 15
230 21
465 26
156 24
380 2
294 27
233 6
370 32
80 15
147 25
341 1
283 28
123 11
408 13
107 3
121 12
190 26
192 6
304 19
101 11
48 22
93 20
279 2
364 19
225 6
263 21
122 29
416 5
432 11
341 6
49 17
41 30
15 16
243 30
430 31
352 21
293 13
461 15
258 28
281 30
37 11
398 6
440 1
254 15
339 26
260 24
259 5
477 21
236 24
294 22
118 25
346 10
441 18
333 19
333 25
32 13
8 2
379 11
446 28
169 13
430 12
376 32
432 24
164 4
275 5
37 5
101 2
302 2
392 6
92 32
99 3
93 2
404 31
256 6
306 4
338 15
203 21
274 31
416 1
6 27
393 26
435 2
275 12
239 14
222 22
94 16
304 26
481 28
360 28
261 17
363 18
252 13
162 13
403 17
166 12
119 18
301 9
255 32
493 21
445 6
26 26
237 2
427 5
389 10
156 29
303 30
450 26
434 19
282 21
39 19
96 14
357 5
414 23
324 10
308 16
323 21
10 3
14 28
479 18
222 6
254 32
3 27
281 13
313 30
125 16
361 32
65 21
116 18
383 7
88 22
411 10
23 32
173 32
355 19
290 32
137 31
303 27
98 23
75 6
349 7
317 5
271 17
481 10
211 3
29 30
53 7
411 3
62 19
314 32
86 19
196 30
350 30
360 11
285 31
60 9
189 5
45 11
257 5
49 23
239 5
320 31
219 27
421 16
165 3
399 18
41 14
471 6
296 7
40 32
321 32
268 9
328 20
320 24
40 8
255 30
148 2
421 22
156 29
349 9
427 19
70 20
193 9
413 12
427 9
271 19
404 18
459 11
201 14
166 28
349 16
369 32
346 21
65 13
334 25
173 16
12 15
431 12
339 28
43 5
148 1
67 11
202 17
485 22
7 22
345 19
422 9
55 23
354 7
471 15
384 24
298 11
442 1
450 28
276 12
248 31
8 22
177 29
190 29
166 4
162 2
403 23
222 9
405 7
427 16
465 14
223 19
408 12
195 13
147 14
52 6
244 3
411 20
471 32
284 16
148 1
497 26
232 27
210 4
497 16
363 22
150 25
76 21
452 26
266 10
91 25
195 18
228 9
105 26
409 20
186 12
184 26
309 11
252 6
51 21
5 1
414 18
202 17
211 29
110 8
455 16
144 21
33 27
458 5
69 6
228 30
125 11
287 21
178 11
450 4
491 14
344 8
460 29
244 6
50 1
349 32
404 12
356 16
363 17
276 27
382 11
388 6
265 14
290 10
268 19
373 22
397 17
13 32
261 20
229 6
460 17
17 3
420 25
2 2
389 5
416 31
483 19
128 4
33 30
393 24
8 26
58 16
482 10
111 22
30 19
108 17
267 32
56 31
348 5
320 1
186 28
359 24
242 2
119 14
403 8
426 15
277 19
314 10
256 13
203 25
467 26
126 2
286 29
124 17
89 31
73 10
382 15
146 8
417 28
101 15
275 26
81 3
212 27
12 8
23 11
104 5
228 9
426 29
261 5
350 6
196 30
475 29
205 16
404 29
236 25
291 14
234 8
265 30
470 28
265 8
342 4
184 10
449 18
286 17
362 19
410 25
261 5
486 29
208 25
437 31
97 3
305 3
302 29
128 11
196 4
466 30
259 30
311 19
463 12
268 4
435 25
233 15
117 18
363 17
310 3
119 27
229 27
441 15
195 28
5 15
311 11
280 5
472 18
480 22
389 27
109 27
127 21
73 16
114 19
420 16
85 14
34 26
165 6
196 31
393 32
453 31
22 24
475 17
25 26
278 6
404 31
440 7
431 9
478 25
299 21
320 16
138 17
49 10
178 16
217 22
147 21
476 25
253 22
13 21
108 15
42 3
177 26
245 31
198 30
3 28
322 30
231 20
26 19
465 3
226 5
476 17
350 11
393 6
253 17
230 16
47 20
370 11
309 27
34 14
40 32
205 10
210 20
173 11
418 25
290 8
170 5
220 23
216 32
472 16
220 21
327 15
28 16
341 20
366 2
193 2
410 10
267 31
37 7
205 2
427 22
301 28
259 32
114 10
483 13
145 15
342 23
469 9
222 21
205 16
35 29
493 24
498 27
266 2
49 30
340 31
316 12
423 14
12 12
251 10
325 15
48 26
69 20
386 10
29 30
377 31
191 9
358 32
183 11
426 3
444 5
58 27
108 28
184 27
367 30
317 31
32 28
60 16
84 26
242 24
239 18
26 17
191 11
321 29
209 18
456 28
362 1
263 5
196 30
292 2
84 4
309 7
323 24
67 14
17 16
369 8
277 26
36 27
480 8
44 24
101 23
44 14
67 10
135 18
455 18
379 2
385 19
5 19
259 31
113 27
82 5
382 14
79 26
381 2
125 32
98 26
478 13
391 12
298 25
9 28
154 15
142 30
278 6
245 12
420 17
162 17
41 8
62 19
313 6
29 1
69 14
14 26
118 1
441 15
133 1
18 3
188 7
176 17
156 16
352 15
480 1
427 21
56 29
343 8
134 27
305 7
200 2
248 1
426 5
435 27
489 25
49 20
111 28
344 11
496 31
45 11
208 24
51 7
164 6
335 21
468 23
351 8
160 27
336 26
139 23
348 3
75 16
7 13
119 26
155 22
397 16
145 24
23 31
422 26
440 12
334 4
246 9
427 26
135 18
195 1
384 6
103 22
437 25
347 31
163 25
225 11
52 21
366 14
63 31
315 23
395 21
114 12
185 4
249 31
153 23
295 29
336 1
198 16
210 20

