256
335 30
135 16
3 30
167 11
273 14
281 7
137 25
107 12
163 11
415 19
427 3
232 7
363 10
96 10
20 20
90 18
145 17
309 28
150 27
10 22
36 26
413 28
326 23
128 5
289 18
279 16
88 7
458 30
44 10
299 19
229 21
120 13
113 5
224 18
255 14
387 7
375 3
314 25
169 9
245 26
335 19
377 14
89 30
76 8
239 18
46 3
114 30
192 10
94 23
191 32
500 2
490 11
376 8
279 29
96 31
206 10
249 30
56 10
267 3
469 2
356 11
324 26
32 19
47 9
282 30
324 13
315 14
7 2
469 25
290 4
159 19
346 8
428 5
97 11
31 1
52 26
283 15
207 18
242 22
290 11
343 2
303 17
131 14
50 3
446 16
162 29
38 19
216 18
259 20
364 29
432 7
379 31
141 9
380 22
190 10
256 16
339 23
40 25
72 18
67 9
133 32
325 2
87 8
339 9
407 14
486 15
116 28
53 9
300 28
342 2
157 30
225 15
8 17
463 23
58 1
299 2
461 4
415 19
219 22
95 6
455 32
464 23
147 32
31 31
3 28
140 32
321 16
154 12
332 21
110 1
497 1
134 21
236 5
207 14
302 2
79 28
85 6
30 28
261 16
382 32
284 25
275 4
88 12
136 8
396 17
12 21
357 10
53 20
46 16
398 7
265 20
454 17
222 20
432 30
247 5
449 14
185 27
486 5
3 1
44 6
69 19
494 2
52 3
369 9
362 22
295 2
94 17
326 3
436 30
352 6
70 29
64 31
375 5
231 29
373 14
479 21
180 28
218 28
74 11
180 15
204 19
60 9
427 2
315 6
495 11
395 32
319 30
22 29
210 32
126 6
377 28
375 13
279 16
492 21
30 11
139 26
349 19
382 31
288 13
340 18
215 15
49 29
396 15
429 14
26 18
39 27
361 13
15 4
61 14
344 22
380 26
27 21
32 17
207 31
309 23
304 19
485 1
259 16
127 7
189 28
445 16
258 5
344 28
444 24
129 31
346 1
121 28
441 4
132 7
175 8
45 18
314 1
34 8
113 32
111 13
164 7
380 17
359 24
397 19
479 21
293 28
237 9
48 9
121 3
176 15
471 12
476 4
453 18
60 29
169 26
69 12
76 5
309 10
376 9
292 10
433 13
30 18
201 29
50 1
311 9
319 9
149 15
269 1
304 24
221 16
349 5
8 16
89 24
61 4
372 21
170 28
141 19
177 21
479 7
366 13
155 4
274 3
478 2
107 17
221 31
457 9
116 28
344 12
131 16
20 18
460 29
9 4
239 26
293 29
468 14
209 14
341 30
277 3
375 19
303 23
210 19
15 21
74 22
232 32
318 15
409 9
439 30
229 25
159 5
245 22
30 30
99 2
287 19
244 26
110 23
460 23
157 15
347 23
388 10
286 9
329 7
334 3
464 30
148 26
286 16
99 19
49 17
388 8
424 24
201 9
30 16
203 22
338 9
416 2
478 2
282 10
248 27
277 11
380 8
36 25
19 18
331 4
182 31
107 5
54 11
489 3
170 11
120 24
91 4
437 5
441 2
226 12
37 26
102 20
129 25
285 24
122 23
419 11
37 5
260 10
35 28
376 8
291 4
267 25
383 23
301 11
125 11
214 21
84 11
280 5
303 20
64 12
383 22
430 31
210 5
213 8
141 20
151 7
435 14
163 29
472 28
343 28
46 28
460 9
222 24
193 8
7 8
151 21
441 9
160 22
121 28
97 13
163 12
43 6
17 18
470 28
373 9
288 18
220 7
398 10
190 7
169 9
402 4
85 11
400 16
344 24
171 29
133 26
40 23
135 32
84 32
99 20
268 18
77 12
337 31
485 22
269 5
222 18
324 27
364 19
106 28
447 21
148 15
314 31
105 12
446 13
255 24
496 19
282 5
214 2
251 18
495 7
54 21
40 30
227 20
452 24
463 26
108 6
180 25
500 13
72 1
177 15
340 24
201 1
448 30
90 30
315 25
68 4
153 28
97 27
215 17
210 29
150 30
490 18
442 5
466 26
285 22
340 28
17 8
97 9
157 30
14 19
122 10
190 2
393 23
152 19
39 14
135 16
31 16
369 32
464 30
337 24
179 32
223 32
419 15
12 11
357 13
249 2
310 19
252 26
429 31
12 15
116 26
154 22
121 31
470 28
60 14
183 15
186 6
138 20
428 21
383 32
377 27
114 23
273 5
92 21
119 28
19 15
101 1
232 30
399 25
157 26
211 12
400 20
449 21
203 4
37 5
12 10
68 5
304 12
341 15
245 11
350 3
45 31
287 29
376 1
181 20
347 27
75 2
138 15
283 21
251 31
277 22
436 24
238 7
388 2
486 4
388 31
246 5
489 9
61 24
421 21
100 3
484 10
365 29
49 27
313 11
169 10
264 1
137 25
195 4
430 28
7 5
71 13
101 23
489 9
127 29
106 26
380 13
251 4
413 27
446 26
449 22
167 4
422 3
416 29
179 21
352 13
14 18
141 2
185 13
479 23
94 8
388 9
228 18
420 28
289 9
217 17
182 23
153 20
38 16
424 32
265 7
104 30
49 5
243 1
77 9
43 26
360 6
494 3
419 13
227 3
481 19
296 19
178 8
118 3
367 21
134 27
315 13
408 19
185 23
95 2
427 9
283 15
270 29
225 5
245 15
247 30
98 26
240 11
193 21
193 24
397 14
190 3
414 10
278 11
304 8
212 30
213 6
368 30
326 29
374 11
247 9
148 12
366 23
470 3
95 2
470 19
339 11
405 9
460 10
351 19
258 30
197 2
259 28
155 5
360 1
7 3
353 22
302 10
392 4
480 22
137 5
328 20
460 28
228 3
118 14
386 23
343 6
48 13
349 22
389 25
434 31
167 30
400 8
60 31
295 19
128 16
488 27
407 7
391 30
217 28
267 30
86 21
387 9
413 4
38 18
296 20
48 22
313 4
485 24
238 8
411 22
63 2
172 25
196 6
306 16
273 32
218 18
32 16
342 20
191 24
97 14
55 21
151 27
92 32
239 25
267 29
398 29
398 30
149 5
335 10
356 4
25 1
169 28
381 15
351 3
94 20
409 16
444 19
366 31
46 28
419 24
456 5
492 21
90 8
297 4
93 13
235 25
429 28
376 29
118 3
232 15
26 16
210 29
402 7
355 20
235 17
463 26
441 31
395 22
446 7
158 23
399 32
211 32
499 3
340 4
165 27
178 26
266 15
10 12
18 16
319 24
340 9
293 21
439 31
366 13
434 3
127 24
471 17
363 29
275 19
437 23
477 18
480 23
57 5
262 22
408 32
177 20
64 29
84 15
360 17
91 1
324 29
476 22
405 15
114 32
41 18
470 13
220 6
111 4
494 4
53 30
303 5
205 11
49 24
221 28
88 19
404 27
379 20
408 27
218 2
166 2
127 16
478 22
141 17
473 30
312 17
91 23
105 11
333 22
434 25
117 10
67 13
136 25
400 20
431 1
417 13
78 7
288 15
241 16
347 21
265 19
442 8
125 26
2 9
403 20
361 32
309 11
40 32
75 11
487 21
259 7
157 12
298 28
94 10
223 25
454 24
99 3
47 19
293 16
31 11
335 27
66 31
21 21
87 7
247 17
451 9
180 28
44 5
403 14
218 2
430 11
317 16
66 23
454 10
114 28
256 9
226 30
91 26
130 5
192 17
454 26
85 13
101 13
313 12
118 30
333 31
52 5
426 21
215 15
178 32
214 18
128 31
107 15
388 32
99 23
168 8
72 9
36 5
85 4
232 14
81 28
100 9
416 25
101 26
107 27
309 16
64 1
462 26
359 5
109 1
279 9
361 10
233 28
226 5
448 29
370 32
372 29
12 23
49 5
268 27
243 9
178 10
217 23
327 23
339 27
31 21
415 31
318 19
491 12
463 26
204 8
169 32
356 1
214 24
293 6
410 3
410 27
192 22
77 14
52 11
156 2
383 11
29 29
217 27
96 20
160 15
67 12
78 31
8 4
178 16
125 8
38 22
378 29
363 19
450 22
221 18
51 28
176 23
156 24
449 31
127 4
253 6
288 27
468 27
474 25
299 6
436 28
335 2
269 5
472 2
314 16
175 16
499 14
443 2
446 23
108 16
499 13
117 10
43 24
432 4
81 14
317 16
122 3
181 2
199 4
459 32
48 22
375 30
187 21
52 8
60 31
56 6
371 12
47 17
108 18
132 20
412 28
407 9
450 20
126 4
443 12
11 10
421 18
388 4
406 7
239 17
97 2
226 16
170 4
84 17
102 20
168 21
367 6
249 13
365 6
168 16
161 19
149 18
268 32
189 9
474 31
490 11
277 15
242 14
339 25
74 8
244 1
156 27
166 24
131 31
481 22
190 13
328 6
74 11
226 18
120 11
245 13
473 17
323 14
318 13
243 27
452 18
483 15
300 32
214 18
382 2
80 11
39 15
113 12
354 22
78 13
36 14
81 21
194 19
426 27
268 8
105 19
358 15
30 5
438 7
87 12
289 30
446 23
424 6
142 5
395 31
101 27
244 9
143 9
288 16
151 27
88 23
125 17
193 14
453 19
249 11
6 29
56 19
67 20
9 20
460 19
131 9
37 30
93 27
15 12
99 9
286 2
124 19
334 4
416 6
150 20
177 19
52 24
310 2
415 30
178 3
424 8
435 29
33 27
491 11
259 1
416 12
478 19
306 19
206 30
449 12
237 9
66 1
208 3
258 11
44 23
349 16
242 23
428 3
13 2
173 23
359 32
19 4
126 32
499 8
249 15
243 14
275 16
126 22
183 15
456 18
318 12
193 3
290 12
185 19
242 18
277 16
445 11
287 3
471 9
106 7
287 28
56 13
7 1
395 29
64 2
415 21
358 15
439 15
431 28
301 8
481 10
123 29
224 9
199 30
250 8
117 8
3 24
97 14
353 23
50 8
192 24
296 5
275 18
48 1
61 20
80 25
129 30
170 17
166 20
102 23
376 18
451 30
390 19
91 2
389 21
157 32
456 4
333 18
389 24
490 2
431 25
194 8
474 15
468 28
435 5
406 30
287 16
39 32
106 6
269 10
122 9
278 5
432 14
363 32
341 8
473 15
125 27
182 22
381 13
89 11
70 3
476 8
202 3
235 20
348 7
153 1
483 6
101 26
391 27
85 23
19 26
354 3
428 27
92 28
388 9
475 25
379 14
16 28
168 6
91 23
456 12
187 26
377 28
203 4
454 11
202 24
48 31
466 23
294 18
135 1
294 25
489 4
262 24
455 22
457 14
148 8
345 3
349 9
326 19
192 19
41 6
103 1
300 4
415 29
329 9
477 14
361 21
497 7
172 16
256 8
201 7
39 21
441 15
469 6
141 9
397 30
258 3
122 17
418 20
354 27
437 10
72 29
147 25
271 10
372 30
298 4
281 32
320 13
427 20
487 15
152 11
452 9
381 9
318 18
461 7
248 25
352 20
193 14
388 24
168 19
341 9
386 25
152 13
342 22
196 24
349 28
62 16
108 14
225 29
295 21
447 11
433 19
362 1
296 9
292 23
63 13
279 16
253 7
4 10
64 27
125 32
398 2
416 26
183 8
282 14
28 25
20 8
379 21
288 10
333 32
341 23
212 31
194 16
253 1
114 1
247 26
80 17
128 15
2 10
486 31
287 17
215 14
324 1
390 32
119 30
191 11
320 10
429 25
421 14
61 18
202 20
476 13
304 7
128 13
264 17
143 7
330 2
208 25
450 22
116 12
23 22
26 7
263 31
207 24
340 24
421 25
427 20
25 14
350 32
90 10
469 4
16 18
89 3
302 7
24 2
458 11
75 8
93 22
142 15
373 17
270 21
225 16
41 13
129 2
253 22
207 29
302 26
370 30
149 23
132 20
292 22
422 15
425 14
56 2
17 16
250 2
424 26
186 12
74 14
58 18
236 24
250 29
338 27
130 14
494 30
9 9
351 31
3 15
148 26
396 8
41 1
154 13
322 27
132 31
208 5
425 11
157 30
183 14
145 1
331 10
74 27
126 16
121 9
254 5
390 13
136 11
145 21
247 6
183 14
212 23
271 20
37 15
162 8
420 10
384 22
147 5
440 4
84 9
252 17
33 14
189 24
424 9
161 14
2 27
399 17
85 13
53 18
95 22
193 22
371 32
115 17
384 27
140 23
319 32
359 15
33 3
370 4
83 18
477 24
77 11
352 29
44 12
486 18
469 6
356 31
105 18
59 8
228 3
158 14
90 4
396 14
266 2
281 16
499 1
135 31
131 15
440 2
242 9
16 27
455 27
253 19
44 8
399 24
362 24
317 11
276 1
128 1
182 8
241 20
164 23
459 18
213 14
172 31
174 7
369 4
261 17
39 12
488 17
75 1
196 8
3 3
456 2
364 9
389 20
20 16
330 14
198 15
79 21
53 17
407 5
232 27
245 10
322 13
58 9
433 2
140 24
76 23
269 7
435 2
246 26
61 4
136 18
322 2
478 30
318 32
146 6
254 22
319 32
474 9
324 15
334 23
398 13
261 30
52 11
175 13
352 16
224 11
345 1
53 7
270 30
58 31
419 32
157 18
387 22
170 6
92 3
376 9
263 8
7 2
182 5
315 21
120 30
372 21
435 12
139 28
145 32
471 12
7 15
357 29
460 22
306 8
380 29
392 6
168 22
160 21
283 22
234 14
215 9
70 17
232 28
205 28
404 7
495 26
153 3
359 24
228 24
163 15
49 15
101 24
304 28
417 30
437 22
44 3
458 13
152 17
173 32
416 4
234 19
189 26
113 19
349 13
63 16
299 31
270 15
178 1
362 2
215 26
299 10
153 20
222 16
296 30
363 16
321 20
326 30
185 22
408 29
482 26
100 29
284 9
31 14
146 21
259 8
394 6
469 10
165 6
53 29
84 7
376 4
214 13
265 6
490 17
487 4
346 14
104 2
307 10
295 32
230 29
163 12
462 23
21 27
172 14
291 31
192 2
11 14
218 3
7 15
151 21
30 29
431 17
478 25
119 12
40 24
176 30
323 10
184 24
320 15
121 26
462 24
127 16
421 8
450 24
402 5
124 8
449 14
268 30
142 18
401 29
86 16
234 12
269 13
455 28
476 7
197 9
91 15
112 3
18 9
142 12
161 6
203 13
171 10
238 25
208 18
345 5
418 15
256 26
199 19
274 22
489 10
462 23
497 21
294 14
486 19
285 10
404 11
459 11
161 32
91 16
186 23
216 19
365 3
140 32
33 1
89 14
235 19
452 3
327 29
96 4
384 9
162 7
71 4
65 7
19 19
302 20
442 9
10 14
488 18
73 32
62 2
393 28
416 17
230 26
293 14
258 28
58 11
167 8
242 19
63 16
386 4
316 15
233 9
484 24
326 9
295 12
70 4
387 29
236 5
78 32
294 19
408 7
457 30
182 10
304 28
310 21
312 29
219 12
153 31
467 31
463 25
218 16
300 16
368 15
424 1
267 5
336 10
419 16
99 25
342 22
48 19
443 19
127 13
254 19
67 32
461 17
333 26
412 20
486 11
371 29
280 17
478 31
162 12
406 32
348 7
13 24
249 31
106 7
320 8
358 22
431 10
267 31
348 6
451 13
161 21
93 28
309 10
54 30
318 7
433 25
410 17
412 6
252 26
385 27
229 6
308 7
59 22
126 18
104 24
442 12
248 7
55 16
456 32
229 5
270 9
290 19
457 13
189 8
422 5
130 6
314 18
13 24
215 18
482 2
65 7
285 20
309 19
423 29
298 15
389 24
163 30
450 15
83 2
179 16
210 24
6 15
301 2
99 16
359 16
185 27
206 30
438 3
160 16
483 2
362 31
229 20
401 2
346 7
168 24
338 9
388 11
104 24
64 30
55 30
485 24
48 2
61 5
260 4
48 2
381 17
465 29
488 29
343 6
51 2
413 24
238 12
435 1
340 14
246 10
124 10
485 3
476 21
360 15
321 27
329 29
372 17
366 15
9 24
44 15
69 17
298 2
108 8
351 31
434 32
193 1
382 9
431 21
278 10
443 22
401 19
2 16
415 11
482 15
426 18
333 26
334 3
152 29
418 30
92 31
301 4
111 6
164 2
390 9
35 29
390 15
455 16
410 18
110 28
144 28
269 29
29 14
163 16
98 8
385 5
283 10
324 5
71 20
286 9
280 17
497 26
107 19
265 29
24 2
260 4
261 4
348 18
185 30
173 26
293 14
471 11
447 6
320 5
485 21
329 21
129 17
138 4
128 22
104 7
479 23
170 20
94 9
233 10
230 5
59 11
314 1
449 8
27 4
129 31
429 25
127 29
134 32
292 13
369 31
263 12
461 29
87 14
153 3
183 11
75 26
257 25
474 9
352 32
177 12
363 5
141 17
13 14
457 1
386 5
403 12
172 20
432 14
269 13
280 24
171 23
45 11
299 10
335 14
222 31
334 8
319 30
276 4
99 8
488 4
261 2
483 28
457 23
246 22
203 25
381 25
83 29
151 29
146 21
383 15
348 4
154 22
393 14
497 11
217 28
326 1
78 28
261 18
426 6
463 20
382 19
352 13
471 14
197 21
339 19
187 22
146 25
351 22
474 4
380 26
35 13
167 28
365 23
350 26
136 20
270 25
7 25
333 21
327 14
445 9
108 12
350 22
324 8
495 9
103 11
486 10
283 28
453 31
282 18
141 13
318 6
434 12
234 10
4 4
147 9
224 23
432 9
212 23
329 22
403 27
284 32
272 23
244 9
417 13
82 13
294 31
170 31
74 16
196 10
315 31
378 31
449 5
315 32
267 23
69 25
278 21
260 21
123 19
329 31
380 23
300 25
309 29
103 31
224 30
164 31
140 25
429 16
53 3
99 23
442 4
339 11
372 6
471 2
305 28
236 24
62 11
208 6
208 6
456 19
459 11
321 31
11 13
38 31
196 29
233 9
156 3
207 23
373 17
224 1
328 23
212 29
198 7
463 9
80 6
187 14
389 12
488 19
108 26
314 7
366 6
291 21
321 1
251 17
378 2
369 29
488 8
298 25
350 28
441 25
29 28
170 17
487 18
20 30
35 21
249 32
82 19
124 2
388 30
446 5
403 2
321 22
245 26
427 22
229 15
226 22
346 20
230 16
405 9
426 15
285 18
42 23
64 1
472 23
94 10
67 28
83 28
385 20
209 31
477 10
30 23
399 23
450 4
411 14
81 20
496 9
361 9
435 8
405 23
227 6
176 25
345 10
384 17
141 9
392 6
382 29

