256
53 28
344 29
456 21
273 2
298 26
464 16
196 10
161 17
499 16
474 22
10 20
73 1
240 25
473 24
97 10
425 17
201 12
302 25
369 26
142 18
475 17
301 30
150 13
2 24
12 4
169 29
231 1
154 30
89 26
246 1
220 2
186 8
493 31
280 13
412 25
378 11
377 30
260 3
491 22
378 6
441 7
375 15
491 32
345 32
5 2
468 28
463 17
348 15
343 3
168 7
48 25
345 4
427 24
154 1
69 32
122 5
282 8
180 12
375 32
55 32
465 11
307 3
379 30
381 10
133 12
180 28
445 32
307 27
479 5
491 4
196 32
408 9
460 27
452 14
462 31
417 26
233 8
56 3
81 13
36 5
336 27
96 28
90 31
354 17
215 16
320 6
308 27
90 23
166 1
452 15
103 17
257 7
296 4
150 28
100 21
293 8
400 32
271 9
142 25
409 32
320 12
469 23
307 18
245 28
155 17
302 17
269 18
296 24
74 1
143 5
481 19
164 4
175 15
73 16
59 5
376 14
413 20
209 23
106 17
42 24
1 27
220 1
105 31
184 2
311 11
54 20
113 18
23 15
4 3
455 6
428 14
143 24
25 23
410 6
8 31
93 8
349 5
129 5
179 32
334 2
342 12
133 7
309 11
93 28
102 19
225 21
228 19
424 1
422 25
86 17
487 3
288 15
343 32
140 9
432 25
362 9
64 30
227 32
353 4
183 22
218 27
186 22
478 21
402 23
145 27
31 3
17 30
317 3
438 4
84 29
281 21
493 32
143 20
68 27
243 26
300 12
213 25
109 2
297 22
292 25
349 30
423 13
343 11
428 24
47 27
500 11
11 25
374 1
416 9
499 2
395 10
321 23
338 14
148 14
291 15
278 19
464 32
208 6
143 15
438 25
349 17
219 23
281 12
364 20
237 18
205 23
216 2
441 29
307 4
243 17
230 16
440 29
72 3
350 26
133 31
254 25
76 20
191 24
119 6
256 19
472 32
189 19
189 21
91 15
68 25
296 9
205 3
341 24
233 7
193 21
329 2
49 20
121 27
464 19
497 23
298 24
234 14
154 23
467 24
269 26
281 4
183 25
298 7
464 10
65 32
246 18
453 10
149 21
385 16
15 5
34 12
200 28
150 5
42 28
300 22
1 12
374 23
268 31
410 19
405 10
238 6
219 18
296 32
114 20
183 13
264 21
440 19
188 17
167 1
56 18
390 1
102 15
443 1
138 20
452 22
30 5
43 24
231 10
171 28
221 6
472 20
274 32
298 9
204 28
393 28
134 30
20 11
249 18
307 26
18 30
279 3
299 9
350 25
363 17
224 15
226 28
271 15
163 8
311 10
384 31
477 17
188 32
455 8
310 5
173 23
223 15
429 5
476 18
253 10
298 16
124 23
375 26
373 5
314 27
255 5
441 19
417 21
79 15
64 4
335 29
418 21
39 18
429 2
475 21
203 5
9 3
499 15
424 32
272 29
258 2
433 19
256 21
179 6
423 2
425 22
478 2
166 9
391 3
382 22
127 21
342 27
115 20
370 18
63 29
127 13
166 15
223 17
112 5
311 6
494 31
143 4
281 5
340 19
255 21
388 29
9 1
220 31
421 1
365 7
81 31
359 26
401 17
222 16
333 32
398 27
267 16
150 31
52 9
421 26
413 25
391 6
241 14
100 13
50 20
348 10
306 6
79 31
139 12
422 11
184 3
1 10
63 2
200 6
490 24
272 7
132 22
380 9
123 15
385 16
295 8
357 20
142 27
362 4
438 32
454 17
306 19
422 20
104 1
334 30
445 25
52 8
470 15
300 16
261 5
467 31
120 23
359 25
109 4
40 22
207 10
371 5
300 32
232 15
117 17
52 25
373 15
488 22
385 16
285 26
324 3
52 31
277 10
204 9
334 19
135 16
440 5
52 23
148 12
494 4
404 17
28 5
500 28
470 28
155 31
233 30
209 13
124 26
398 19
222 3
274 32
271 1
212 6
304 8
161 29
475 13
45 7
193 12
222 10
132 12
120 28
57 9
500 4
166 30
7 3
480 28
447 18
344 6
276 19
221 8
147 24
352 28
402 4
87 31
58 14
350 21
434 18
209 17
85 30
182 11
465 14
426 3
115 2
272 22
120 21
30 3
392 17
310 9
129 4
267 2
318 16
66 27
373 19
35 21
500 25
104 16
82 5
78 4
150 26
290 26
46 23
388 25
255 25
433 27
296 7
420 13
166 18
215 22
260 18
198 19
22 9
75 15
330 20
354 19
205 11
100 26
165 7
38 8
387 18
154 27
20 30
147 13
411 14
426 18
167 12
280 8
424 6
494 1
210 7
436 6
194 31
16 18
374 17
481 4
227 27
294 26
60 5
135 6
6 8
139 16
183 26
63 7
476 12
63 25
106 26
450 3
385 29
361 30
370 13
221 16
327 31
45 30
159 15
355 20
239 25
39 9
467 25
379 18
360 22
478 21
291 7
468 7
244 12
488 17
20 5
412 31
75 8
84 5
135 31
100 13
135 26
145 9
442 4
246 21
169 3
117 7
2 32
338 13
263 17
209 3
385 28
481 23
427 28
395 25
354 18
285 17
335 26
293 28
157 19
428 21
113 25
135 30
332 8
358 3
149 6
229 13
389 5
196 4
124 30
80 26
140 1
170 26
498 2
102 22
352 5
330 9
425 4
430 21
288 16
203 4
409 27
172 22
195 19
465 30
13 20
147 32
260 32
477 13
482 14
262 21
459 11
1 15
55 3
343 26
422 25
333 6
31 12
127 17
427 19
43 15
339 5
442 26
209 6
207 6
200 8
226 6
411 23
244 1
9 23
362 10
335 22
259 2
49 10
442 31
180 32
265 2
377 26
320 9
328 2
330 19
197 7
388 27
133 11
275 21
421 20
70 16
329 13
325 10
418 2
204 17
102 21
319 6
26 14
118 13
15 27
83 23
353 22
170 30
305 12
126 1
80 16
184 8
228 32
489 17
126 25
445 3
13 19
260 26
104 21
447 14
175 5
181 15
351 22
364 27
145 30
83 32
389 11
336 8
478 24
112 11
368 24
33 28
23 20
474 10
20 28
96 22
300 28
73 26
329 16
8 17
129 15
49 25
61 24
484 2
59 23
493 31
207 25
10 25
317 15
58 20
402 25
382 10
132 14
55 4
93 23
433 10
357 5
442 29
216 2
306 10
224 10
52 6
175 2
362 15
396 32
30 26
424 11
203 12
68 5
15 21
171 3
86 31
483 31
295 2
304 25
176 24
250 19
161 4
492 27
266 4
294 20
389 17
58 31
272 22
199 11
490 30
289 7
100 20
305 23
321 5
347 32
340 16
75 24
372 6
226 5
305 11
284 5
236 22
135 23
171 6
349 20
259 14
438 30
261 30
104 21
202 2
429 29
398 7
245 5
272 6
257 21
489 1
473 12
234 28
434 32
145 3
267 3
272 12
112 16
297 20
112 11
369 24
243 6
246 27
386 10
309 19
298 17
387 22
224 8
81 29
227 17
143 25
331 14
48 19
297 12
362 1
194 26
152 29
348 22
127 9
119 23
79 28
435 13
389 2
436 2
19 26
46 29
6 5
427 21
171 7
249 28
483 22
113 31
82 20
236 9
45 18
495 23
473 6
88 29
439 23
182 5
37 16
322 2
456 12
447 10
322 23
361 25
340 25
495 30
433 10
482 9
287 4
451 7
257 2
471 16
413 1
356 9
232 21
194 3
276 32
16 18
38 16
458 2
348 32
3 20
33 4
460 3
163 27
77 16
300 11
319 20
51 18
216 26
55 6
320 6
253 7
131 27
210 32
372 30
39 26
41 7
209 13
241 3
115 17
494 2
68 16
330 6
190 17
400 8
306 27
277 27
406 4
201 23
347 16
376 2
445 5
160 5
121 17
375 23
69 25
500 28
32 13
106 9
226 1
168 19
427 29
441 28
352 1
299 2
64 6
287 24
294 11
364 26
347 3
500 27
459 8
403 2
180 24
415 17
364 26
288 18
378 16
474 21
221 32
131 32
297 25
496 15
215 19
356 29
449 24
180 15
207 14
101 18
441 27
495 28
300 6
297 10
361 26
258 5
393 20
69 30
157 28
132 15
274 19
284 3
194 3
333 8
396 1
138 20
299 28
343 15
117 27
128 21
113 21
262 13
477 30
46 21
97 21
355 6
368 14
296 17
452 25
313 31
61 18
386 20
285 32
162 13
71 25
229 15
377 26
39 21
375 5
337 15
465 12
45 32
181 28
245 9
320 9
331 13
210 25
296 6
296 1
98 18
449 18
400 5
20 27
382 2
375 2
69 23
261 5
23 6
8 7
426 20
175 20
412 8
324 31
433 4
367 30
337 23
207 21
343 26
379 20
324 13
294 12
295 2
60 25
347 15
435 20
246 13
232 1
48 19
67 32
26 29
361 11
451 12
155 14
497 13
221 32
137 22
415 27
420 26
248 30
393 18
242 10
347 25
147 18
231 9
374 1
498 14
323 24
153 9
93 30
361 6
173 13
179 8
427 18
265 26
68 9
60 1
147 10
485 29
151 3
209 12
323 10
110 13
358 18
325 6
115 9
115 12
33 6
227 28
95 19
337 6
500 32
174 14
153 30
142 4
77 14
179 3
260 8
248 25
254 4
418 8
461 9
155 1
382 5
304 4
372 17
342 19
388 15
368 25
25 9
196 13
62 10
351 13
366 30
141 11
226 3
486 14
295 5
382 24
21 10
3 32
178 4
466 9
211 17
309 31
397 28
187 15
82 25
483 23
191 32
65 24
34 18
453 12
42 18
207 31
371 29
10 20
405 16
317 19
12 29
201 25
333 27
71 30
479 1
212 9
28 20
436 1
29 4
92 27
426 14
189 16
359 22
48 11
25 32
229 5
192 13
149 20
371 3
437 25
123 4
370 3
275 1
63 28
397 15
78 26
304 14
469 6
463 12
128 8
83 12
80 7
488 8
298 30
446 11
59 12
234 24
70 5
84 17
16 28
491 21
301 26
358 30
160 4
489 15
11 20
495 22
198 18
169 19
192 6
433 6
386 11
29 31
379 20
291 14
92 13
338 4
427 3
365 6
218 10
224 17
129 14
22 22
404 3
24 15
8 5
48 25
475 16
200 29
391 6
302 18
123 11
78 25
37 22
338 18
499 17
186 27
131 8
304 30
102 24
332 17
136 31
354 10
158 1
18 16
246 15
382 24
309 23
268 5
252 13
302 11
18 24
229 28
399 21
385 8
64 4
460 7
298 1
12 15
217 21
2 7
199 31
182 27
193 14
55 1
406 20
399 23
399 15
126 9
363 10
148 14
429 8
328 14
124 3
180 9
219 26
155 25
268 12
275 13
137 17
109 19
241 23
21 15
337 27
288 8
8 7
329 17
246 9
14 22
347 26
62 2
79 12
334 10
403 13
10 16
141 2
138 1
328 10
372 29
8 7
216 8
297 24
156 27
52 21
264 11
214 13
316 32
244 5
342 14
109 31
389 14
321 30
334 24
388 29
164 11
215 23
262 16
275 9
406 14
438 25
280 11
197 3
147 28
96 20
437 24
338 6
157 18
55 19
10 10
195 29
189 18
404 6
273 2
219 10
207 12
50 7
158 6
433 32
185 16
291 9
84 5
298 12
342 17
82 31
146 13
24 14
38 15
136 30
456 2
191 30
361 8
352 2
485 13
174 13
16 20
141 3
296 3
43 14
495 12
340 12
252 7
178 21
493 13
302 4
370 24
166 26
231 5
451 11
5 28
87 13
440 12
323 7
222 29
428 32
489 32
59 32
334 4
381 27
252 6
478 29
26 31
54 28
364 17
27 20
128 29
240 27
44 15
358 21
279 21
184 19
404 31
211 26
182 7
416 18
476 17
406 9
240 4
313 19
464 11
322 31
303 6
214 15
328 27
315 30
207 23
77 3
93 3
52 22
81 15
207 20
63 21
261 14
424 1
256 11
263 6
181 17
491 2
263 30
168 2
275 11
428 11
189 12
489 8
145 21
410 8
329 20
168 5
126 19
13 1
329 15
162 5
191 16
459 30
321 2
235 8
352 22
150 24
33 31
483 1
411 20
380 27
216 3
179 9
489 3
425 17
317 15
382 16
90 28
165 11
317 11
62 9
60 3
412 32
201 31
120 20
138 8
54 25
250 13
397 31
275 10
259 32
112 4
303 21
331 27
315 28
365 16
20 4
439 3
219 19
177 2
306 19
41 20
371 19
92 12
381 14
441 31
161 12
483 27
456 1
281 31
164 25
350 31
272 32
466 30
131 2
32 24
308 8
295 31
362 10
150 10
456 30
233 4
345 11
283 8
231 19
422 7
264 20
429 7
411 6
229 5
388 4
329 27
331 7
77 5
213 2
286 8
19 22
135 7
436 9
163 11
184 20
265 7
207 21
333 26
291 17
10 2
172 26
76 31
313 21
47 17
82 16
44 21
54 2
315 5
299 9
359 6
265 31
132 3
372 24
440 14
229 26
191 28
139 10
254 19
270 28
327 20
336 26
156 17
252 2
81 6
299 4
383 7
118 22
237 21
181 5
150 21
330 16
309 16
458 10
123 23
214 5
134 17
171 17
141 26
259 21
323 29
216 9
323 26
274 11
174 10
439 16
363 12
367 15
88 24
84 30
107 29
10 24
49 32
29 13
305 27
262 23
47 25
387 25
162 28
131 32
114 18
11 4
41 13
498 24
405 9
189 19
230 23
250 18
82 18
319 15
416 32
217 2
408 4
34 10
115 29
257 4
290 23
55 10
347 24
310 7
485 22
261 6
48 3
491 2
140 21
220 32
92 20
221 12
243 27
273 22
475 29
289 4
499 32
93 21
247 14
448 23
252 20
296 15
70 19
132 10
299 31
117 27
139 9
242 9
147 26
238 25
246 23
384 8
222 9
292 12
82 23
403 25
299 30
336 32
188 23
429 23
318 17
377 8
438 22
336 28
483 14
205 4
304 16
323 25
120 6
196 14
205 6
386 7
500 13
222 19
188 15
173 25
251 25
312 24
370 15
272 28
72 8
431 31
267 9
103 15
71 27
440 11
100 1
481 3
398 22
286 17
408 30
293 3
211 8
346 4
102 13
284 18
444 30
252 11
171 7
97 21
357 20
219 32
212 15
407 1
456 24
249 8
353 25
22 11
496 3
347 22
484 14
475 3
47 22
489 17
136 5
161 28
472 3
300 12
133 30
348 21
101 29
452 9
489 5
220 21
339 2
286 22
47 16
453 25
189 5
14 1
26 14
168 1
257 23
236 1
24 24
329 8
180 16
429 8
104 4
4 27
65 5
468 19
400 8
407 25
213 20
117 22
298 20
438 18
103 2
146 30
109 7
102 12
458 22
159 10
29 15
208 29
303 19
407 7
299 25
347 7
85 23
100 14
246 17
287 20
266 16
326 10
110 23
365 12
456 8
481 4
390 24
428 8
214 14
450 4
498 12
374 18
258 5
315 12
66 29
55 7
237 16
409 2
158 5
413 17
500 1
300 1
432 19
137 2
264 22
361 6
234 15
195 3
263 22
198 8
314 13
363 30
484 31
248 2
395 12
458 15
405 6
487 4
188 23
185 24
61 10
65 14
484 19
136 10
472 30
426 26
438 32
39 5
58 22
266 32
298 24
50 14
185 29
241 20
11 22
175 31
323 7
216 22
202 28
403 1
37 16
162 2
467 17
98 12
338 12
180 7
143 25
40 31
117 5
402 8
58 29
402 24
19 18
389 28
321 11
449 5
119 22
182 9
162 11
461 12
198 32
486 24
72 6
370 13
10 8
20 3
52 25
150 6
390 6
494 22
328 30
66 10
403 31
383 25
82 7
268 31
186 21
323 29
482 12
297 3
315 28
409 22
89 30
288 30
447 29
40 19
74 13
424 12
56 14
392 21
352 7
267 25
264 9
498 21
133 30
88 7
462 28
313 14
406 24
231 28
232 30
478 13
227 10
132 22
59 28
270 11
386 28
299 29
329 24
98 25
442 9
407 15
180 27
156 29
170 6
437 5
8 6
409 14
315 9
367 6
120 12
136 5
375 18
358 11
434 19
163 31
139 2
481 30
140 8
255 14
225 19
266 16
308 3
465 7
271 31
200 14
318 27
246 17
472 19
247 21
409 30
483 31
331 31
69 26
302 23
483 19
69 25
110 32
127 31
202 5
109 17
138 7
439 3
323 23
338 17
19 26
478 30
497 12
316 21
130 2
239 12
496 19
64 21
386 30
31 24
290 16
340 19
418 19
310 12
41 11
160 19
96 10
412 28
297 12
156 26
197 26
242 32
404 9
148 30
51 7
229 8
22 28
267 11
198 16
30 22
426 17
149 29
178 24
113 15
139 8
104 15
218 13
230 13
354 2
114 28
112 30
95 29
262 29
71 7
140 28
401 5
492 5
438 6
312 26
496 31
373 27
489 2
296 27
63 29
152 24
256 3
370 26
395 15
415 5
293 2
120 17
323 11
445 8
132 17
13 3
411 1
430 27
327 5
321 17
77 16
268 24
86 29
385 16
471 7
148 32
57 19
160 15
230 5
342 13
213 22
44 3
90 13
225 24
49 18
8 17
221 16
160 19
412 24
490 23
399 22
498 7
108 5
37 5
113 10
402 29
83 1
151 20
269 28
440 29
125 19
293 13
222 20
3 14
199 1
220 9
334 25
403 29
77 3
130 6
168 19
70 10
179 1
274 31
300 9
115 8
11 7
268 29
62 19
422 4
467 13
209 8
209 27
92 1
402 5
178 9
103 8
171 9
320 16
79 3
360 1
394 18
303 29
158 32
135 23
476 1
71 16
252 7
498 12
268 7
416 13
172 7
44 2
3 27
489 22
333 8
330 6
273 29
239 7
348 17
361 31
326 32
62 25
62 24
124 13
310 20
126 13
114 13
26 8
32 30
401 4
417 19
442 30
67 12
120 10
52 32
441 13
411 22
10 5
413 9
5 11
228 10
407 21
151 5
309 30
150 25
249 7
291 10
256 25
369 7
123 17
206 11
353 5
268 2
293 13
199 25
255 6
279 13
267 25
445 23
314 19
135 22
13 26
104 28
486 20
494 20
96 7
374 1
167 30
310 19
26 12
460 32
286 14
292 12
370 29
126 27
35 16
96 7
37 15
166 27
23 3
482 6
209 12
418 20
53 8
390 18
87 17
209 4
290 28
275 3
292 16
193 6
364 13
224 8
339 13
126 29
399 16
183 24
167 8

