256
471 30
129 17
135 32
463 20
146 6
474 25
390 29
196 24
350 10
220 3
275 12
25 31
332 22
217 14
74 30
158 12
372 18
200 10
85 3
229 11
248 6
111 17
163 31
312 16
176 32
395 30
443 27
120 15
49 32
416 30
350 29
369 25
415 5
78 31
83 30
81 14
359 12
170 5
202 5
33 17
216 7
178 15
197 9
285 17
189 24
70 6
476 23
110 2
7 31
241 1
344 9
122 30
216 11
75 29
123 23
497 19
237 26
201 29
27 29
234 11
388 27
104 7
241 13
457 11
103 9
39 6
221 24
499 5
302 5
57 17
235 14
115 23
283 3
108 9
3 1
375 18
143 2
104 12
394 32
186 24
108 1
293 25
88 32
117 26
68 29
166 31
430 12
125 17
298 8
373 12
424 12
41 3
429 20
154 27
408 3
170 27
267 15
47 27
106 15
244 17
188 29
179 21
40 4
33 21
239 30
340 19
209 28
81 21
227 2
311 2
276 1
353 7
295 15
397 28
414 20
276 9
400 27
421 23
110 2
331 8
63 10
362 7
401 14
259 19
27 10
465 19
402 17
197 24
67 25
447 28
84 30
432 27
28 1
477 21
10 27
337 32
476 22
194 8
492 32
354 18
373 14
24 18
486 28
321 29
164 27
32 31
341 28
433 16
20 9
357 29
67 1
452 6
94 1
269 25
300 7
159 9
144 14
150 18
254 3
34 29
89 5
368 21
380 20
149 27
413 9
279 31
253 18
225 30
78 17
135 18
319 1
402 11
326 19
444 23
225 9
200 18
393 15
446 13
422 10
375 30
302 30
17 26
235 1
252 1
85 14
190 8
30 11
218 27
345 13
286 18
137 5
235 1
107 8
5 20
478 20
214 3
33 14
185 31
322 20
431 30
173 16
161 14
266 22
408 23
390 25
32 22
381 10
259 15
149 3
15 2
142 20
257 6
161 1
497 14
228 3
239 20
251 16
453 12
481 8
330 7
405 9
100 29
330 18
124 3
473 14
456 10
69 8
344 1
4 20
414 27
118 24
482 8
255 14
88 12
146 21
310 22
482 13
186 15
119 29
493 19
150 21
408 10
364 11
150 4
90 23
450 20
67 12
279 21
69 14
260 14
487 17
115 32
330 21
482 28
313 31
390 27
127 9
180 14
400 14
209 17
244 15
400 18
146 31
187 18
248 6
280 14
367 2
405 20
398 27
495 7
361 28
173 11
384 4
328 23
385 9
476 21
251 11
142 16
257 12
109 21
478 32
442 8
486 15
391 23
85 9
93 1
324 29
135 7
321 2
194 17
202 5
37 32
99 11
347 24
210 16
64 7
399 13
30 16
407 8
119 3
360 3
139 19
180 13
94 32
439 23
56 24
159 21
444 9
475 6
316 20
301 11
371 4
440 8
435 18
24 25
337 31
116 23
270 27
452 11
146 18
353 9
381 27
497 32
471 27
318 3
155 26
369 9
169 4
276 16
154 31
8 10
238 3
168 15
269 3
73 22
8 25
319 29
287 27
416 21
138 1
247 4
203 4
168 23
423 27
326 28
298 14
269 23
160 5
393 13
55 29
46 27
241 32
7 7
383 18
487 16
7 18
15 13
201 30
283 27
328 9
403 17
146 27
11 5
107 11
85 6
219 19
280 27
346 22
189 12
207 28
451 25
465 13
273 1
498 8
491 2
16 17
302 5
64 25
317 10
419 26
35 10
32 14
300 29
451 5
309 10
220 3
222 12
76 7
200 25
254 6
102 29
435 12
133 2
420 9
371 6
202 26
327 13
71 19
166 10
319 18
31 22
436 20
73 3
302 12
140 7
165 21
27 7
348 3
448 3
164 19
309 13
76 23
302 18
465 3
371 31
292 13
24 7
357 20
294 26
71 5
417 16
25 3
186 25
158 30
343 17
304 3
185 27
490 22
228 2
304 7
441 11
203 20
378 19
264 27
421 6
455 13
273 23
131 11
203 20
444 10
108 23
400 1
477 5
334 28
343 14
6 7
436 21
450 9
471 1
187 19
251 1
79 27
472 14
333 6
349 12
423 5
374 27
305 18
211 26
110 5
127 15
39 31
27 5
79 10
53 10
240 11
258 27
30 1
380 10
255 8
342 21
388 23
499 16
269 14
182 22
466 16
196 29
74 7
345 21
424 5
122 11
404 7
333 21
460 12
146 14
144 19
390 31
54 17
427 18
302 24
51 15
471 10
123 21
172 11
401 31
216 6
258 31
252 14
403 19
358 16
276 13
35 2
235 12
258 25
113 15
324 3
177 23
112 8
191 28
118 19
378 1
316 3
155 3
281 17
130 10
457 21
490 3
274 32
282 7
89 10
441 8
408 18
58 23
121 8
302 10
42 12
423 17
18 9
276 30
486 9
287 26
161 28
284 19
204 9
317 20
310 14
407 29
79 25
235 23
416 5
288 26
420 10
166 29
491 29
439 12
197 1
269 2
205 32
496 24
320 12
403 25
273 5
197 23
477 7
49 29
171 13
54 26
398 31
231 8
12 17
215 32
449 23
269 13
90 20
264 29
280 14
241 24
179 9
255 15
220 27
251 26
491 32
332 29
227 10
480 26
286 23
149 10
233 26
91 3
385 26
435 12
372 20
68 26
112 18
56 11
476 19
73 19
314 24
411 16
21 18
129 26
288 2
391 21
399 25
47 7
335 21
3 26
8 22
107 4
243 26
302 18
172 18
388 30
481 18
377 9
392 22
306 11
487 5
403 17
29 21
371 15
282 9
272 17
294 26
260 4
244 2
458 31
287 25
252 28
199 9
120 14
338 6
120 20
326 23
60 6
175 26
421 20
7 28
449 32
126 24
40 9
121 25
487 12
397 3
379 27
71 10
36 8
127 32
83 24
382 30
10 32
275 18
216 25
325 24
285 2
223 28
170 8
376 17
307 4
247 25
71 29
386 6
76 17
113 30
316 26
151 5
254 17
106 13
410 3
484 2
232 18
221 14
253 16
58 11
71 16
447 17
324 5
99 15
197 27
260 28
409 6
41 14
38 22
334 31
428 29
344 28
226 28
413 7
363 6
241 30
477 20
426 32
372 4
50 12
439 25
283 19
422 7
212 19
173 25
258 20
213 17
111 2
369 23
120 23
344 25
368 16
252 2
471 3
169 28
42 3
32 20
157 17
351 20
264 23
264 21
326 32
473 25
118 17
311 9
276 11
301 27
178 12
288 9
174 1
224 27
267 24
95 24
60 9
143 11
171 23
195 8
234 4
284 23
212 15
440 27
453 32
130 18
292 17
334 25
225 30
236 20
165 2
267 28
126 21
47 8
315 5
143 1
260 15
251 28
373 22
310 21
430 11
158 1
208 32
241 12
401 12
127 17
305 9
140 22
154 18
429 8
279 12
220 30
350 31
213 22
160 15
398 9
313 15
365 20
102 2
156 10
433 30
418 26
27 6
371 4
95 12
351 13
75 19
115 16
41 3
497 4
53 14
345 10
152 21
89 10
166 28
107 3
230 13
188 32
286 10
139 8
413 13
457 11
411 31
262 15
101 30
355 18
355 31
371 7
111 23
112 9
55 2
227 12
446 6
243 31
175 13
463 4
73 27
426 24
193 8
138 25
149 24
298 16
394 4
10 9
479 5
281 13
42 27
20 20
272 2
422 14
494 24
237 6
154 31
401 10
54 3
343 10
382 12
205 16
160 14
132 10
38 8
374 24
122 13
123 1
6 28
42 27
280 31
268 5
293 29
483 2
411 17
399 24
316 4
419 11
21 30
316 3
165 9
342 6
285 4
30 2
359 20
344 18
54 28
423 14
484 5
43 22
229 25
37 16
396 20
223 13
209 14
327 22
431 8
11 11
335 1
61 9
316 8
183 5
367 17
66 26
9 32
95 9
252 28
484 20
291 18
416 31
448 14
76 22
465 15
148 31
183 12
343 2
464 1
70 22
129 23
384 5
446 30
77 13
313 5
48 7
322 31
158 21
260 25
202 32
23 10
22 21
409 5
406 8
241 27
406 22
461 13
210 6
470 7
159 3
403 18
441 32
373 14
197 28
183 30
208 13
99 25
262 28
297 23
83 2
494 32
111 2
128 16
416 22
162 26
436 32
131 32
492 27
326 20
339 20
437 18
64 24
330 1
247 7
196 21
368 9
169 30
346 32
353 17
97 3
38 12
430 21
260 1
375 25
460 5
444 5
314 11
136 32
36 14
122 3
62 13
271 22
170 20
378 22
81 10
388 14
358 26
138 1
90 17
53 14
281 4
150 11
206 13
238 25
18 15
323 27
199 5
161 4
413 6
93 29
363 17
314 4
2 12
188 3
168 28
344 16
439 1
394 13
129 3
237 6
341 32
429 11
356 17
110 28
330 7
464 4
35 2
264 32
433 11
330 8
395 18
251 5
370 17
181 31
275 22
348 4
181 4
6 24
68 28
8 9
170 11
89 24
452 20
443 24
6 24
187 4
149 22
437 27
82 25
221 24
238 28
175 2
48 9
10 19
148 13
12 5
339 8
372 3
155 18
26 24
289 25
412 18
2 4
160 19
168 4
142 10
299 5
379 30
201 4
461 16
256 12
16 7
275 15
89 13
404 2
440 8
30 31
333 7
254 4
317 30
75 3
31 6
479 17
71 19
149 19
26 4
58 21
202 16
131 18
112 2
108 32
429 13
458 2
372 32
309 12
485 12
498 3
109 20
127 19
154 7
266 7
383 3
423 20
7 29
78 14
290 25
373 7
25 11
184 24
394 12
436 6
227 17
244 7
409 26
218 10
497 31
445 11
157 11
314 19
124 3
485 5
279 13
483 32
39 18
51 32
10 26
161 20
271 12
275 15
478 20
92 6
178 8
204 18
107 13
201 26
112 5
142 10
393 9
397 8
494 32
67 23
285 12
443 3
187 5
85 28
412 9
137 9
416 16
274 2
61 30
103 12
158 25
413 19
73 30
38 26
461 32
273 21
387 27
4 2
283 8
237 22
468 30
134 32
65 23
109 9
381 28
500 22
12 9
292 20
426 1
1 2
137 29
482 11
339 13
448 21
425 9
18 4
410 7
479 18
58 4
303 18
3 14
179 18
418 15
97 27
3 17
80 15
74 18
366 4
398 5
89 18
349 2
66 18
109 24
84 6
483 30
455 25
391 29
498 1
307 14
355 26
247 23
152 12
348 1
435 5
34 7
419 18
481 12
492 17
231 7
106 30
16 12
50 14
396 32
418 19
197 9
364 11
207 19
466 6
88 5
2 25
275 32
206 19
107 13
195 14
475 24
255 22
211 32
100 11
407 17
161 12
289 8
250 23
94 12
252 13
468 6
5 26
25 15
201 16
259 15
25 14
195 7
75 9
286 6
363 5
43 15
148 15
398 5
30 16
316 1
24 31
238 1
81 11
239 5
450 9
27 22
82 25
252 25
330 1
34 20
81 20
215 20
111 24
181 8
455 8
124 3
131 14
359 31
328 17
343 17
445 21
250 15
442 1
387 15
241 4
314 6
348 4
253 26
344 17
449 2
281 8
480 31
137 6
325 12
286 31
444 15
387 1
461 32
397 3
450 2
118 16
163 29
143 31
126 14
52 22
488 8
202 19
446 18
157 2
6 14
288 25
24 18
346 24
354 26
182 31
83 32
418 1
468 1
364 18
250 15
371 29
450 4
56 27
262 8
164 19
357 27
419 17
476 4
68 29
358 2
484 24
401 9
389 28
313 24
165 23
370 20
151 27
459 2
65 12
473 16
338 30
30 9
414 21
372 21
186 9
82 13
373 22
421 25
406 30
216 30
148 21
457 6
255 8
60 3
135 16
398 17
213 27
433 26
135 4
459 32
385 4
340 13
226 1
369 11
346 20
52 17
20 25
494 22
424 29
444 18
85 9
86 25
471 26
127 17
174 1
129 10
328 28
18 29
432 26
387 25
173 15
121 20
299 31
317 6
19 32
483 7
304 25
104 10
438 18
230 15
18 10
372 21
178 13
250 1
126 24
238 18
426 2
341 12
176 13
297 27
120 8
353 19
52 32
48 17
389 22
304 2
487 23
103 4
64 8
477 9
339 30
339 5
275 31
488 31
188 1
201 23
268 25
434 7
361 5
159 9
462 22
7 25
137 1
168 16
312 32
240 6
209 18
266 28
109 26
490 28
242 18
306 1
94 27
327 2
424 29
55 25
299 21
389 31
21 13
486 28
52 5
185 9
155 11
448 7
408 29
262 29
478 19
9 23
158 3
377 13
23 3
169 17
195 22
107 11
466 28
250 13
21 6
481 23
236 24
141 19
216 30
143 1
468 11
116 29
189 16
409 12
126 14
384 8
191 11
238 4
434 23
376 6
124 5
480 12
284 24
206 16
373 13
396 5
203 7
169 4
354 10
455 7
359 10
2 25
32 31
56 26
429 11
123 17
287 27
116 11
74 25
274 7
373 9
139 28
32 11
319 5
236 13
216 10
462 25
346 10
308 29
163 12
184 1
492 22
239 23
244 13
132 25
463 20
390 29
431 17
259 13
157 27
373 32
292 15
441 6
32 16
390 26
187 9
330 23
247 21
489 30
233 28
63 19
476 24
147 30
372 21
359 28
103 3
104 19
417 20
236 8
495 25
493 29
254 27
211 32
391 32
45 15
171 19
21 10
58 15
108 17
127 18
13 18
196 8
328 5
11 27
412 29
243 13
37 20
227 12
199 21
299 16
295 5
350 3
171 12
185 22
392 19
95 8
392 26
19 7
106 9
485 10
385 20
274 30
427 28
21 26
320 19
369 18
343 10
428 5
181 4
494 17
274 32
328 26
82 7
236 23
227 1
56 20
152 21
385 26
180 25
55 31
427 27
112 1
197 3
486 25
354 31
301 28
271 1
145 24
327 20
242 21
304 14
368 7
330 24
385 18
360 19
360 26
418 32
259 18
214 32
342 8
426 19
47 28
123 23
103 25
422 1
205 30
198 21
32 15
28 4
388 28
59 16
377 4
71 15
441 16
82 30
203 12
276 25
259 2
439 26
50 25
410 7
438 7
31 25
485 6
237 21
149 19
120 22
122 18
12 10
325 18
47 24
305 23
276 3
424 31
128 18
279 21
432 12
495 18
36 16
223 32
352 24
418 7
249 7
12 16
304 24
205 23
215 29
25 31
276 4
261 27
273 19
292 12
106 10
369 1
265 20
265 28
315 18
438 23
425 25
174 8
489 7
430 31
443 10
45 2
254 25
473 2
195 12
434 8
401 10
145 14
245 9
133 7
146 11
473 18
371 3
2 19
229 23
414 11
89 14
241 14
115 9
71 17
180 28
165 8
158 1
245 2
421 30
313 2
300 5
488 10
135 13
233 15
271 14
238 3
455 6
52 1
394 31
434 1
478 10
4 31
406 29
37 18
330 9
243 1
189 6
2 20
422 6
242 21
231 27
403 14
308 7
458 13
281 31
477 30
488 21
245 17
81 29
274 10
333 21
390 17
450 19
48 12
329 6
416 11
268 22
448 32
328 6
332 32
500 25
218 12
141 26
84 29
446 30
334 26
226 15
150 11
317 14
398 25
339 21
408 18
483 27
237 6
316 29
270 4
229 3
155 1
152 10
293 17
299 2
226 24
52 19
403 16
276 24
217 18
465 12
424 23
34 20
460 6
80 1
17 4
419 23
380 30
112 32
18 7
353 23
490 16
322 32
476 9
396 8
415 4
19 30
10 24
349 21
253 1
50 5
440 24
143 8
390 27
47 3
369 8
354 30
303 3
102 22
475 21
321 5
60 15
226 17
95 19
241 3
207 26
320 22
462 2
317 7
68 4
313 28
263 2
146 1
192 23
47 15
447 19
55 2
410 21
278 8
59 22
406 25
12 17
410 1
39 11
379 14
442 15
246 24
357 3
472 20
341 14
66 3
89 21
496 2
105 21
205 15
494 18
131 25
39 20
181 21
470 31
386 11
102 11
318 30
373 26
209 5
11 19
351 7
99 10
300 15
470 16
69 8
318 3
172 4
442 25
284 20
115 25
26 4
300 32
25 16
337 18
237 31
360 27
150 10
285 13
12 2
9 20
421 30
482 9
385 11
149 24
186 23
188 28
331 19
407 27
363 19
440 23
441 15
389 22
460 21
95 15
131 31
254 31
132 23
347 28
10 7
35 31
110 2
406 24
265 20
498 23
406 30
429 23
88 29
492 4
342 14
222 8
40 20
226 7
62 13
38 11
271 20
266 16
350 3
23 10
187 25
92 28
310 12
142 1
40 30
148 25
219 22
56 23
197 6
133 18
58 31
181 4
446 6
60 7
320 26
260 30
454 15
302 7
74 11
12 2
428 11
198 19
380 26
109 8
239 5
186 16
263 22
123 21
163 6
3 2
468 11
192 17
317 25
36 19
435 31
356 11
57 13
213 9
10 5
216 4
61 9
395 12
118 6
384 24
51 26
114 10
352 25
291 29
149 18
411 19
224 2
149 24
374 25
272 20
181 16
483 6
240 10
269 22
247 16
137 25
93 6
19 13
258 29
465 14
338 23
341 29
196 29
44 5
202 20
304 18
303 15
327 26
368 7
251 6
302 28
114 31
341 32
191 31
496 19
356 9
85 12
245 32
389 25
348 30
308 28
175 14
290 6
355 1
300 22
122 2
345 3
348 17
423 10
135 30
248 27
103 4
390 11
463 14
191 6
71 14
313 26
459 10
451 2
462 10
419 15
55 7
22 10
151 20
143 6
65 14
480 23
425 5
70 19
351 4
49 29
110 25
370 12
167 20
233 12
422 3
63 8
117 12
230 32
231 4
405 15
114 4
166 2
104 7
277 26
494 13
227 27
389 12
23 7
268 19
35 29
462 13
164 30
236 21
197 22
265 1
112 10
188 9
119 12
11 31
97 25
423 27
311 16
123 25
218 6
144 8
78 1
52 5
34 11
486 27
104 18
35 4
183 31
196 5
366 27
400 14
415 14
489 5
133 15
262 19
204 9
454 21
361 14
225 6
496 18
476 24
163 27
371 29
85 6
498 2
124 5
115 18
70 23
467 15
417 20
405 24
336 26
252 4
67 5
89 31
38 9
218 25
427 16
249 27
5 22
164 21
346 10
222 12
85 28
470 5
119 26
473 10
83 8
1 26
404 22
268 2
358 13
198 32
276 14
498 16
44 21
112 29
142 10
156 30
373 1
79 20
202 31
149 13
330 10
138 18
443 29
379 28
445 12
435 4
21 20
351 28
148 23
157 5
500 32

