256
85 18
345 16
88 29
219 6
259 22
165 30
274 25
87 26
470 21
499 28
279 8
453 3
188 11
270 4
442 8
130 10
282 26
225 29
206 20
270 25
381 14
242 2
186 5
272 7
21 6
326 16
29 31
126 16
161 8
231 26
235 12
127 8
185 28
385 27
499 6
59 23
144 8
384 25
332 19
336 5
424 1
4 4
291 5
19 7
80 6
404 27
313 3
330 22
86 6
92 12
72 2
314 31
301 25
395 21
204 22
337 3
95 12
283 21
24 25
40 28
402 27
418 15
325 23
64 26
165 19
197 8
156 6
302 28
411 28
440 10
130 8
444 8
319 18
312 3
379 23
446 8
146 19
198 14
461 25
84 5
119 12
212 30
346 17
82 16
413 9
73 30
149 4
117 3
446 32
161 32
131 2
307 8
320 29
97 29
117 28
257 32
164 13
361 25
185 22
116 9
167 32
138 15
407 10
485 24
386 22
27 32
251 30
291 11
190 27
203 14
271 7
41 30
131 10
294 16
47 29
412 29
448 30
379 30
7 28
58 16
9 12
259 7
269 21
181 2
140 23
116 6
46 28
47 16
261 24
491 4
100 23
20 15
156 11
104 26
114 1
406 22
449 24
84 21
417 13
27 28
351 6
169 32
149 3
72 6
54 14
69 13
316 8
255 23
338 6
485 23
223 26
276 19
257 8
239 29
476 29
432 22
258 24
74 3
166 5
168 19
58 16
427 22
175 25
196 9
391 28
167 5
273 11
135 6
302 29
258 5
490 26
306 27
493 15
357 11
375 4
81 5
463 28
10 10
188 5
354 18
441 16
394 21
314 12
446 11
105 28
95 2
245 9
192 5
279 25
247 10
276 12
290 15
335 7
228 26
59 9
156 11
452 1
64 18
281 25
84 21
416 11
330 8
79 17
249 9
273 27
214 5
174 31
139 12
357 10
234 16
298 17
266 9
141 25
218 29
394 22
157 5
332 6
469 18
359 25
118 31
63 12
31 25
38 21
448 15
386 9
14 15
273 23
488 10
312 17
38 1
210 23
365 5
32 17
450 18
253 16
225 28
103 19
256 4
276 23
90 5
236 15
400 24
234 11
125 21
443 7
453 1
209 25
45 24
2 27
482 18
266 26
421 4
312 32
63 19
231 25
452 22
107 11
177 12
237 14
88 15
168 20
387 16
209 20
467 22
278 16
315 23
5 20
466 21
467 32
255 9
384 30
366 31
56 11
330 28
48 10
27 11
309 25
90 9
196 32
78 25
356 5
71 24
184 8
176 10
268 19
199 31
488 16
141 24
106 7
39 17
92 29
219 12
330 20
269 1
68 18
202 3
442 8
134 13
160 6
127 23
92 9
77 7
388 18
326 18
392 17
350 7
133 29
234 2
80 6
191 3
52 28
421 13
163 31
174 18
216 16
248 27
476 29
237 15
246 31
412 5
279 2
471 27
34 28
77 13
410 31
464 25
158 20
9 28
290 30
346 21
333 21
15 4
121 16
375 30
18 18
354 28
251 12
410 16
232 18
101 9
104 12
305 9
151 5
285 17
199 18
149 15
74 20
43 23
267 5
412 16
54 22
431 9
441 32
292 8
178 20
164 1
11 16
394 30
485 14
306 23
11 18
65 4
117 23
130 7
375 14
18 17
307 32
437 3
492 16
271 17
176 26
301 2
254 26
51 30
75 12
272 5
310 24
21 2
295 2
13 9
43 30
301 17
34 17
448 29
21 30
45 4
151 29
85 32
243 4
345 29
343 16
106 12
156 10
282 22
127 22
322 26
379 23
370 16
63 29
436 7
386 24
130 17
177 15
496 11
202 13
439 32
308 8
400 3
21 25
412 28
178 22
317 32
208 30
320 18
207 27
205 20
439 2
332 7
252 20
385 1
20 23
201 27
219 12
290 15
132 21
238 17
138 30
216 21
444 31
467 22
494 31
93 12
356 13
398 16
456 2
264 31
456 16
301 22
415 22
265 30
143 14
206 20
260 30
477 7
308 15
204 21
465 4
84 12
424 17
131 15
114 11
205 10
62 6
447 21
447 3
22 5
417 32
73 28
1 1
230 24
343 29
165 27
432 12
330 16
81 1
438 14
59 11
467 4
352 22
448 10
328 10
91 8
49 7
123 5
63 4
412 21
488 8
415 32
176 20
479 16
56 12
153 30
114 20
86 5
385 25
467 32
354 29
12 10
423 10
6 9
190 10
241 13
197 11
300 4
250 26
479 18
398 16
123 27
103 16
328 11
445 14
254 10
202 17
404 12
251 1
460 8
30 16
320 27
58 32
450 23
249 17
316 30
264 23
361 2
350 24
408 14
481 21
296 14
278 11
157 32
311 12
171 21
19 26
419 20
461 12
234 18
148 18
59 27
340 7
480 13
458 7
335 2
400 18
323 1
180 7
408 6
298 6
182 12
419 8
243 24
468 9
293 15
26 23
378 1
122 5
405 27
96 7
369 7
368 11
23 19
374 6
389 3
211 18
339 9
170 13
212 13
57 8
455 14
59 4
298 28
393 27
110 20
293 18
334 25
225 32
411 14
489 3
120 15
221 30
31 14
391 23
230 31
450 20
381 28
368 26
39 32
84 13
99 21
182 12
241 26
491 23
355 15
302 23
233 14
284 19
115 30
209 20
473 7
379 9
18 30
86 25
357 22
409 15
398 2
90 22
348 4
140 2
114 5
28 14
314 12
461 12
337 9
123 5
31 6
365 17
99 15
309 32
472 13
466 13
10 8
210 9
339 13
263 29
142 2
150 3
305 10
87 22
483 13
302 1
62 7
413 21
469 25
172 24
493 1
160 19
396 5
63 19
69 5
39 2
319 24
221 19
2 19
264 20
219 2
496 17
436 5
497 28
185 24
47 2
8 22
32 32
278 14
138 10
271 32
260 25
67 16
211 24
342 19
403 32
244 31
44 27
11 20
138 31
59 8
224 3
241 19
322 22
349 19
67 19
338 10
59 8
9 21
324 26
299 10
262 26
328 9
424 10
197 9
237 7
96 8
25 12
215 10
57 27
156 32
385 13
301 23
101 2
415 20
363 18
353 20
107 5
281 31
370 25
295 22
435 23
66 8
430 24
9 3
194 13
462 30
361 10
372 13
275 30
88 6
203 29
113 26
121 21
44 14
73 30
300 12
80 1
171 22
496 3
348 9
47 25
118 8
422 25
220 13
330 20
38 5
100 10
342 16
247 21
413 11
74 32
178 6
428 8
15 23
231 18
315 25
22 4
36 11
124 20
343 18
415 8
338 22
30 19
437 16
267 1
446 24
413 16
345 32
175 23
467 1
424 21
34 17
417 25
240 20
176 18
197 18
462 26
307 11
64 11
470 18
444 19
22 12
390 6
399 25
429 1
173 4
202 18
149 14
331 16
361 22
321 6
300 26
443 14
476 11
201 29
188 4
212 5
203 17
279 25
369 7
22 2
410 15
303 30
340 29
149 28
491 14
109 26
103 32
99 11
410 31
227 5
146 22
10 16
391 20
301 15
198 2
356 3
396 3
369 11
143 13
138 17
338 7
126 1
150 17
223 15
227 17
359 17
387 28
72 13
359 8
239 8
397 11
367 24
105 11
378 11
251 8
84 17
114 5
381 19
137 27
25 4
403 19
88 17
455 19
269 29
235 24
73 3
306 15
423 14
173 28
360 15
167 19
215 16
4 15
394 12
49 2
207 20
153 2
444 3
157 1
123 15
276 3
373 25
133 11
194 9
447 29
432 9
348 22
245 7
93 26
46 13
408 1
296 16
250 4
18 22
8 16
500 27
335 21
67 3
19 24
476 5
16 3
282 3
52 6
269 28
367 27
137 26
419 8
185 28
375 26
130 14
194 21
16 28
205 26
50 8
45 9
392 5
431 25
479 3
402 16
126 29
414 6
394 4
46 31
203 24
132 16
154 1
313 13
408 13
103 26
444 23
482 32
263 13
212 2
247 22
341 12
234 26
486 7
437 31
409 27
154 29
323 27
69 15
328 25
3 14
138 15
280 19
134 31
383 5
136 13
162 16
353 11
229 10
226 5
72 22
155 29
378 9
384 15
463 31
127 18
492 24
116 15
234 13
17 9
297 12
97 11
479 13
57 3
490 6
75 29
120 6
138 13
58 17
295 5
83 1
190 26
36 21
48 2
405 21
238 17
420 30
363 27
487 16
309 32
405 4
389 16
317 22
225 22
250 23
98 20
144 15
257 15
295 20
300 3
72 25
104 8
223 14
94 1
237 30
36 18
489 28
221 9
301 29
383 22
316 24
233 11
323 21
489 9
349 9
168 16
177 31
115 23
88 24
459 9
462 23
170 22
270 26
459 3
39 29
324 10
376 1
164 26
249 12
315 29
144 14
369 21
104 3
423 23
43 2
219 16
80 24
157 9
482 3
123 8
159 3
225 19
355 4
84 23
243 14
404 3
231 32
59 6
458 1
229 28
214 27
355 25
187 16
494 4
330 12
39 17
414 27
375 16
354 14
427 12
208 26
186 22
305 4
328 26
429 24
114 6
354 32
139 4
331 32
411 1
451 17
353 25
267 19
336 8
36 14
420 27
295 1
237 31
53 12
213 9
471 14
178 20
145 12
420 28
151 30
340 22
335 12
318 25
270 21
73 29
119 20
104 9
448 8
216 24
255 32
184 21
105 14
252 25
29 31
428 4
205 15
133 11
162 6
139 23
158 3
440 28
54 11
393 10
234 12
205 4
387 1
416 23
454 31
91 6
42 3
365 26
489 1
488 11
150 6
285 32
189 20
287 30
470 31
447 15
138 8
246 20
392 9
14 21
32 25
178 5
179 3
22 11
391 1
21 9
486 22
52 14
233 2
120 7
369 18
109 10
69 7
30 32
367 7
304 22
203 14
322 25
376 23
252 18
55 24
158 29
429 1
270 22
399 21
216 3
307 16
272 31
30 9
187 5
48 18
146 14
175 20
483 14
366 10
168 1
357 25
165 14
386 6
299 28
175 30
50 1
393 9
207 3
326 29
23 1
87 32
474 13
339 20
311 29
393 26
329 30
154 25
387 11
426 13
174 24
254 3
432 22
248 23
420 29
235 30
445 1
462 10
82 16
78 8
208 26
73 8
423 18
28 1
469 30
197 2
405 22
69 13
96 16
327 3
388 21
457 8
382 30
453 3
421 14
410 25
204 10
16 30
263 32
287 23
349 11
77 17
433 29
89 12
460 31
394 23
328 14
382 9
119 14
375 24
68 20
20 3
469 15
248 23
430 30
314 10
221 6
383 9
386 23
32 13
90 1
43 9
479 32
477 25
109 27
488 8
338 31
298 10
246 10
240 27
135 13
157 15
294 31
359 19
65 10
375 10
19 1
422 25
44 2
445 13
452 1
180 9
495 30
298 12
79 18
119 13
442 11
68 16
17 18
118 29
20 1
235 6
113 24
34 1
258 14
161 21
114 32
350 13
21 15
200 3
36 30
164 30
444 11
269 16
360 14
393 23
230 19
268 15
486 25
499 3
483 27
452 20
350 21
204 23
151 24
173 3
73 8
368 29
270 12
328 14
21 24
360 7
198 32
93 20
280 3
426 30
101 13
210 22
381 17
24 4
20 5
70 29
32 5
109 30
424 4
283 8
8 14
398 5
121 2
388 5
284 14
14 32
394 19
38 27
340 1
158 11
109 3
451 17
15 31
146 22
199 24
85 30
421 11
410 18
324 26
146 16
167 23
195 32
86 4
38 13
497 23
283 9
273 30
97 31
144 6
76 30
373 17
399 2
495 29
39 6
310 8
481 28
46 4
239 7
111 21
407 11
323 10
64 4
275 12
234 2
458 22
464 14
174 26
475 32
22 1
189 11
48 26
10 6
197 1
76 3
377 31
118 31
172 1
146 14
396 4
67 29
393 14
183 30
392 25
85 29
170 1
300 1
294 13
14 22
409 18
149 1
72 6
336 23
150 1
392 17
212 18
398 28
340 24
169 7
236 21
347 9
378 10
178 15
307 15
161 3
280 29
352 15
278 3
149 7
19 8
471 7
350 4
334 25
299 27
271 11
255 1
495 4
467 28
155 1
363 23
339 10
475 6
49 20
228 29
30 11
237 16
329 30
72 18
126 14
164 20
256 27
216 11
254 30
274 16
306 16
74 1
334 24
186 18
3 14
78 4
364 18
236 8
103 7
353 4
176 5
475 12
491 11
386 28
224 27
4 6
351 17
26 4
477 11
417 19
180 2
215 15
12 10
86 2
256 15
194 3
11 28
66 17
62 3
96 14
166 23
19 8
28 24
51 16
458 31
334 26
164 24
32 19
349 30
141 16
112 26
387 30
205 32
474 27
107 25
108 32
20 26
139 23
21 17
402 18
359 7
319 14
487 19
197 31
172 21
439 27
374 1
108 2
480 5
48 2
1 3
209 12
132 7
66 12
239 7
334 5
406 8
119 12
354 19
226 9
355 24
363 20
340 26
157 24
402 17
257 27
211 26
274 15
164 8
346 23
10 23
499 27
183 13
306 24
135 16
265 5
399 3
68 31
97 13
262 26
281 14
252 15
335 26
333 7
217 23
253 14
209 23
493 11
424 14
279 2
33 3
399 4
21 30
22 1
42 23
319 6
300 14
165 11
447 17
337 7
27 13
93 20
395 29
330 6
234 32
376 7
354 14
198 7
443 11
195 21
353 1
10 4
435 14
490 21
23 30
248 5
118 16
488 13
424 22
182 21
277 25
275 23
34 4
357 17
394 3
165 14
416 30
102 18
348 31
434 10
121 1
122 6
372 6
454 27
279 4
8 15
44 10
389 2
458 1
258 27
148 22
301 7
95 26
116 30
196 29
15 20
82 21
110 13
98 11
304 20
198 23
486 10
444 7
23 13
471 28
104 10
201 16
32 3
157 7
441 32
48 7
372 1
295 13
137 20
395 20
323 5
102 9
38 10
183 24
150 21
339 29
123 3
8 14
185 20
5 5
220 24
284 7
384 6
275 4
174 9
164 32
113 1
304 26
14 22
61 32
343 3
268 9
289 8
174 10
143 10
302 14
433 25
156 24
367 6
40 24
303 19
387 27
319 31
269 29
232 5
348 30
80 23
94 12
242 28
193 25
297 3
450 6
283 26
249 25
239 24
392 13
194 7
160 29
321 28
197 24
108 20
330 7
10 27
259 8
190 7
340 27
149 5
272 4
246 28
284 29
12 12
229 29
306 16
69 22
167 17
381 11
12 2
165 14
133 3
477 18
226 20
364 18
456 11
9 22
359 17
390 26
320 26
426 13
358 15
102 20
315 14
2 3
44 15
52 12
441 4
201 26
195 9
244 14
51 32
55 25
248 20
130 11
266 8
43 23
106 24
350 20
478 8
246 21
222 5
48 6
176 28
180 30
164 11
224 23
378 14
475 26
278 1
44 15
364 27
369 29
434 14
240 23
273 6
135 10
134 10
8 18
282 15
383 9
165 26
363 2
440 14
19 9
146 31
111 21
205 27
181 10
252 32
253 29
257 11
222 15
421 21
404 26
119 14
350 27
96 1
177 15
402 23
103 27
313 13
111 13
395 31
7 14
62 23
374 3
145 16
413 21
28 16
118 7
305 16
281 4
180 29
286 29
356 8
331 8
304 5
185 26
83 11
48 32
301 17
166 1
220 18
362 4
97 3
246 30
150 10
5 1
335 19
113 26
382 19
209 14
87 21
235 25
287 14
17 31
259 26
384 30
464 21
429 12
279 10
165 9
404 10
109 26
164 6
279 21
16 19
434 15
232 9
475 6
154 31
457 20
25 4
242 4
288 18
399 14
196 24
494 15
437 31
40 28
176 26
348 27
156 18
497 19
302 16
257 15
462 29
219 6
404 20
325 23
481 24
108 32
491 26
478 15
56 21
378 27
186 25
273 26
6 30
80 3
93 4
114 26
252 20
244 31
143 8
197 11
495 25
3 13
110 24
263 9
349 4
247 26
365 23
227 6
492 31
381 32
198 26
194 2
325 25
456 19
208 21
441 31
161 7
391 30
127 6
286 11
293 8
360 5
106 23
83 18
449 19
385 22
308 10
447 24
366 23
302 2
111 6
128 23
389 10
392 11
23 25
341 24
264 24
28 29
490 6
318 2
424 31
288 3
132 14
214 10
192 3
423 14
109 10
424 21
271 23
363 2
195 19
313 14
106 20
179 24
302 24
237 17
402 16
456 30
462 13
383 1
184 17
307 24
206 18
492 12
397 10
473 23
408 5
401 5
477 15
460 18
278 21
2 28
424 21
213 1
478 31
242 17
251 16
8 8
129 19
135 9
204 32
468 23
244 4
475 28
298 23
349 23
335 15
106 14
11 10
347 4
264 16
204 22
339 27
173 31
61 16
344 8
119 7
374 18
30 25
434 27
135 26
105 25
484 3
78 11
380 20
186 20
215 2
9 1
100 6
372 9
193 7
276 3
377 14
24 22
202 1
84 20
91 32
8 2
250 17
124 14
213 26
125 7
199 9
480 22
18 7
162 2
417 14
372 25
291 24
198 32
204 29
179 18
172 30
424 30
474 31
255 18
208 11
113 18
215 32
408 1
146 5
294 18
62 6
354 12
413 23
343 20
387 29
466 14
410 25
183 8
287 21
69 15
19 17
252 18
476 7
318 21
284 19
34 29
480 15
197 20
141 19
212 23
116 13
437 9
417 15
260 27
260 9
49 2
65 9
363 9
163 4
13 26
347 3
291 14
285 31
422 22
229 9
304 32
161 16
73 25
415 24
483 2
364 28
303 25
36 22
321 18
401 29
144 15
83 2
425 16
476 30
497 16
330 16
252 26
96 24
270 30
7 4
35 15
135 1
151 2
206 7
220 15
359 31
205 2
352 25
13 31
326 21
382 27
12 29
496 3
456 5
468 3
369 30
185 7
191 23
377 20
9 28
354 31
162 31
12 25
391 16
339 13
384 4
223 8
205 27
206 20
187 10
474 7
27 6
262 5
196 22
465 24
437 26
275 10
80 22
462 15
162 24
391 9
223 1
496 27
183 26
291 26
227 4
128 9
478 13
174 5
230 6
81 18
159 19
115 23
344 28
61 13
431 31
254 14
415 5
284 26
302 22
171 32
394 18
485 3
39 22
395 32
147 3
138 25
385 12
395 29
32 19
437 26
109 30
319 16
291 15
325 32
380 27
324 29
348 8
347 10
169 6
358 23
420 27
471 29
98 30
385 13
24 1
295 1
363 13
8 1
67 24
448 31
382 31

