256
105 22
186 25
361 20
487 23
59 22
188 9
365 20
428 4
30 12
26 17
314 24
314 7
42 18
363 17
289 18
220 13
284 1
465 16
364 31
111 31
213 14
375 17
245 30
168 22
265 30
455 2
317 24
296 30
230 18
339 26
427 26
262 10
462 10
58 13
380 32
303 28
317 17
372 13
478 32
186 22
85 8
23 17
112 30
111 9
179 29
62 18
358 7
19 15
252 20
347 23
95 6
427 31
326 30
175 4
41 13
101 25
204 16
378 19
145 24
7 28
288 28
281 9
242 7
315 17
227 17
476 13
14 26
436 12
403 22
347 20
26 7
68 22
422 21
396 3
284 3
242 31
322 10
419 32
172 29
260 10
98 23
71 3
488 2
302 7
319 28
334 25
299 5
426 24
50 21
490 5
75 23
460 21
456 10
164 16
463 3
25 20
10 15
22 9
304 4
239 7
175 8
171 1
29 12
249 6
268 18
466 23
321 13
91 8
155 30
255 29
28 16
380 25
78 5
386 14
428 16
60 7
400 18
279 4
29 31
357 28
117 18
490 25
99 28
416 21
37 23
221 25
154 32
305 3
352 18
316 12
166 3
86 25
308 24
344 16
95 4
484 7
373 29
351 19
257 30
75 17
140 23
413 25
246 26
228 26
259 11
229 12
122 22
340 1
381 31
117 3
234 28
37 23
276 7
429 16
209 16
29 24
150 9
345 28
10 12
345 13
318 25
44 3
90 28
72 26
418 20
149 28
343 5
110 6
276 26
2 16
245 22
35 15
322 23
142 32
154 30
452 24
114 3
466 3
230 29
376 24
280 24
151 30
413 4
240 8
353 25
375 6
122 29
344 11
344 29
330 21
26 21
172 15
128 6
45 21
378 12
356 18
148 30
279 32
469 18
99 30
110 29
271 23
437 22
230 12
302 11
129 11
192 12
169 23
141 9
27 19
484 23
176 23
240 18
42 21
324 28
382 13
316 20
368 17
469 5
384 26
7 28
300 14
164 28
368 24
180 15
174 23
129 13
498 24
7 3
132 2
31 29
466 22
368 17
302 24
133 2
457 4
49 20
41 4
223 21
220 18
155 5
269 7
446 22
354 16
304 10
133 22
350 30
236 22
283 17
53 3
74 30
258 15
265 23
186 32
207 13
93 13
2 25
495 3
478 16
398 6
185 2
319 31
479 6
104 13
443 32
28 8
17 21
490 14
83 8
473 21
284 29
353 5
278 19
83 3
47 24
240 27
213 3
469 24
464 12
452 30
80 19
422 8
468 27
81 18
438 1
43 22
322 7
210 19
94 1
57 28
476 29
426 17
207 15
380 6
318 11
76 5
366 9
197 5
111 1
234 5
386 28
474 31
375 19
9 28
327 5
311 11
65 12
343 31
482 2
441 20
256 8
400 9
216 4
453 18
77 3
78 6
166 15
372 32
438 20
359 20
148 17
270 25
257 24
335 22
185 27
389 5
494 1
61 17
88 26
91 8
404 24
329 25
71 16
313 8
283 19
475 27
192 25
347 32
208 9
389 9
160 30
333 5
270 25
418 1
110 24
373 13
27 21
286 21
253 30
308 7
120 23
169 19
231 19
462 30
400 7
330 31
332 18
415 1
259 24
457 28
191 9
437 30
30 14
166 2
171 14
20 26
460 9
305 18
55 30
127 22
320 21
364 7
174 23
251 16
314 8
4 29
388 20
74 13
13 11
402 11
416 22
176 27
110 16
416 24
98 27
322 17
203 1
68 20
167 30
160 5
229 15
189 21
454 26
385 2
204 15
500 28
208 15
346 1
7 2
36 12
156 5
372 10
394 19
233 28
313 32
96 21
406 32
157 15
397 10
28 29
32 27
72 27
54 13
259 8
30 18
367 9
3 14
394 28
381 15
159 17
222 23
233 28
390 14
190 15
135 26
91 14
96 2
256 29
282 2
412 28
11 22
348 9
16 22
260 4
72 27
88 17
25 24
272 6
413 22
404 27
31 30
416 2
359 15
127 13
240 2
304 3
168 11
263 27
96 15
282 3
293 17
312 25
392 31
286 13
248 18
407 2
387 15
256 14
197 2
238 13
271 1
39 26
395 25
324 11
175 17
361 15
325 32
487 9
459 5
225 18
314 27
336 4
305 23
297 6
324 10
290 26
278 32
88 21
480 7
219 31
368 11
325 24
455 20
260 9
288 20
322 13
467 13
4 23
451 1
272 26
38 13
72 20
92 7
192 4
421 6
430 4
192 14
480 26
121 27
114 24
427 28
212 29
296 20
163 11
220 15
372 29
199 23
424 7
453 23
66 10
80 11
13 12
304 8
473 25
435 7
36 17
226 20
253 9
315 31
471 26
53 23
142 8
489 6
98 10
236 23
19 24
361 31
439 24
375 7
292 9
349 32
21 14
427 5
447 25
391 9
126 16
463 7
399 12
36 4
245 8
10 7
439 26
145 1
237 11
139 1
179 20
208 11
413 18
175 23
226 18
480 27
213 30
321 23
393 13
458 29
332 19
103 18
40 8
146 28
470 24
156 5
475 27
51 12
348 30
450 21
143 1
275 15
223 16
317 7
156 30
308 15
444 6
108 27
9 17
462 31
240 18
479 19
184 17
102 24
106 31
104 28
184 27
306 30
30 14
224 5
99 7
375 26
293 18
80 25
86 10
131 9
363 25
391 6
342 24
77 23
247 9
47 22
263 28
187 12
326 22
180 20
441 2
170 9
239 1
385 20
142 24
500 4
328 23
50 25
234 6
116 4
10 2
261 16
217 11
267 6
357 10
170 29
55 7
381 29
439 5
116 17
132 12
436 12
358 29
128 15
463 19
423 16
460 11
448 17
130 26
422 22
364 15
486 14
133 22
211 28
130 26
4 22
145 31
425 6
276 4
445 30
499 7
413 10
253 12
190 6
426 16
71 9
406 12
58 19
421 32
462 27
298 25
16 30
255 16
148 18
343 24
323 9
162 28
355 14
447 12
148 12
7 14
364 25
126 10
303 26
245 24
300 2
80 3
188 6
458 3
420 5
130 6
345 23
329 31
56 8
95 23
203 5
125 7
365 30
44 7
147 24
282 11
182 13
465 25
399 31
55 10
75 20
411 15
326 16
322 13
71 24
288 9
220 8
43 25
365 30
103 27
374 29
161 15
97 18
127 27
48 1
164 18
68 19
244 29
370 13
477 24
184 12
64 32
379 15
340 23
192 22
458 1
178 22
323 27
243 21
473 22
333 25
467 8
415 7
144 12
479 13
75 23
88 2
418 11
244 13
413 28
402 18
204 20
340 11
58 14
179 2
76 20
370 10
263 4
456 31
271 3
379 17
449 2
335 14
136 2
178 13
217 27
270 25
362 5
151 27
43 1
153 22
44 22
11 15
362 15
65 8
253 23
329 9
112 11
270 4
92 15
500 9
377 13
81 23
378 3
9 4
263 13
389 23
239 23
465 28
69 17
83 21
175 27
373 30
425 18
237 17
440 16
325 9
5 25
407 14
487 15
5 29
280 9
407 30
347 23
117 4
251 27
440 13
462 21
63 26
158 11
254 6
387 2
266 23
334 12
476 20
438 20
273 21
76 3
86 26
402 10
41 32
105 21
77 26
145 23
303 14
289 29
399 27
486 32
269 24
187 20
343 5
427 27
45 2
146 11
128 23
36 24
198 24
148 2
57 20
116 4
94 25
120 20
283 29
360 4
276 30
147 31
374 30
437 27
279 22
401 26
128 24
74 2
428 29
303 32
13 27
47 18
175 2
301 5
475 24
360 18
410 31
72 23
284 9
405 26
90 21
468 10
445 5
99 28
113 13
59 17
171 30
434 25
475 7
154 29
246 5
51 19
223 30
142 30
482 26
420 4
55 11
345 27
279 23
74 15
195 16
220 10
441 1
62 12
387 31
68 5
284 22
139 6
444 32
364 25
178 27
52 8
373 8
230 19
190 23
245 1
138 32
454 19
117 11
198 7
286 5
339 13
439 2
426 14
109 21
10 26
275 2
17 19
161 2
1 7
252 6
439 30
61 16
172 5
110 13
236 3
337 22
315 11
403 1
8 24
233 30
149 4
135 18
358 7
467 27
497 11
308 19
312 4
30 23
101 28
203 20
238 19
261 13
166 32
497 21
379 1
246 7
88 16
396 26
27 11
8 3
137 19
310 28
386 23
134 30
330 20
321 16
78 26
472 3
449 8
472 15
48 9
353 12
301 13
285 15
167 24
201 11
458 6
454 31
201 23
329 14
126 13
449 15
434 24
150 30
91 9
208 7
189 1
478 9
365 22
19 3
53 8
37 22
81 18
204 9
428 16
163 17
385 19
107 2
87 16
52 9
228 11
19 9
375 32
109 23
109 8
121 1
347 5
22 27
498 10
60 29
109 26
329 21
36 12
163 22
191 22
3 19
176 13
187 11
369 11
141 1
274 26
490 32
270 23
251 20
440 30
44 25
383 29
393 2
308 3
244 2
472 22
120 24
470 14
198 14
305 2
19 10
451 16
402 25
74 4
340 6
461 27
414 23
107 10
464 30
65 15
116 4
8 19
183 6
245 28
19 25
422 1
478 24
248 11
296 22
30 27
187 14
370 24
36 12
109 28
242 13
262 9
209 14
443 11
99 27
327 5
87 4
210 21
323 21
295 11
482 13
457 4
18 26
119 30
154 28
257 15
400 2
455 24
287 17
55 1
288 9
58 30
480 11
290 6
75 17
124 9
113 21
224 22
258 7
35 19
422 11
9 9
161 23
485 27
416 3
36 19
271 1
428 22
359 2
255 9
6 11
341 14
163 29
99 12
111 22
183 4
276 31
56 12
210 12
87 29
430 2
179 24
66 30
301 12
27 8
60 16
138 5
353 16
317 32
71 3
289 25
310 20
500 17
352 13
257 6
333 10
411 23
238 8
320 14
251 19
297 6
82 6
62 31
85 10
90 16
156 18
112 17
293 31
182 4
319 30
433 19
327 15
365 8
22 29
454 8
235 10
286 16
36 23
454 4
77 11
479 12
272 27
49 1
201 30
60 4
371 13
226 1
39 31
113 17
127 30
184 9
19 5
28 22
168 6
378 28
376 12
475 12
298 3
64 31
456 15
74 26
319 23
375 22
389 3
122 15
404 29
79 6
126 15
328 29
292 21
388 3
412 30
18 6
89 25
412 32
408 5
370 2
283 20
139 16
82 28
390 21
417 21
258 26
279 21
38 22
493 13
88 9
138 6
318 10
390 17
270 5
65 3
227 15
234 29
74 11
477 28
151 17
136 24
138 18
49 31
483 21
99 30
297 20
27 10
314 1
194 7
65 14
425 11
309 30
8 26
176 32
197 6
228 4
437 25
97 9
391 27
378 1
1 26
76 27
140 17
295 29
323 32
443 31
2 7
108 17
336 3
196 21
460 31
68 5
139 13
85 13
95 10
369 31
488 1
474 7
185 20
311 8
331 13
458 29
59 2
45 19
52 29
131 12
15 30
112 18
66 28
34 17
362 11
107 9
51 8
179 27
52 17
446 14
298 8
418 16
173 23
102 12
203 8
87 13
134 6
74 15
450 28
211 7
214 14
363 16
453 29
498 16
233 12
90 10
199 7
238 27
469 27
446 15
127 29
92 8
82 25
162 3
124 21
193 25
394 23
452 22
299 18
202 32
245 3
265 15
149 2
17 6
397 14
344 31
346 15
282 12
304 27
162 27
167 23
468 16
113 27
258 32
220 11
499 8
453 7
462 21
321 30
274 5
144 14
239 21
256 8
120 3
166 14
338 17
340 17
96 16
75 5
419 23
15 13
462 27
384 20
124 28
253 9
420 28
366 2
89 18
29 16
180 10
193 17
378 32
25 26
188 12
30 30
246 13
227 31
215 30
334 22
165 3
87 24
186 20
93 14
73 1
334 25
18 26
473 4
410 10
73 9
97 26
406 22
498 16
104 13
93 6
402 5
376 32
192 5
440 20
335 24
256 16
468 30
45 25
373 2
438 29
254 22
398 16
431 28
291 30
460 12
471 9
492 10
53 12
259 28
467 1
207 19
464 3
200 24
115 16
166 28
368 3
289 1
430 27
12 17
252 3
456 27
36 11
124 20
130 18
283 21
178 1
375 1
367 22
205 29
349 18
236 16
140 8
184 6
94 12
142 26
370 17
272 25
247 23
196 17
129 26
177 26
23 11
3 29
328 19
74 4
428 17
95 23
185 2
340 26
325 17
475 27
281 6
303 28
345 31
256 5
32 16
482 18
186 24
295 25
42 8
40 13
28 14
240 16
115 31
342 28
412 28
338 16
414 8
71 30
342 22
82 30
461 31
131 30
399 29
362 32
496 17
261 28
238 16
87 13
78 20
144 29
96 29
33 17
324 23
118 10
281 15
243 17
465 21
91 3
150 4
155 21
57 15
20 18
118 27
350 11
386 5
388 29
177 20
341 5
374 26
370 22
360 20
451 21
336 21
39 25
344 25
334 12
311 29
398 4
311 27
327 5
92 22
381 32
485 14
120 18
31 17
216 15
452 14
419 12
58 25
476 25
354 17
5 24
14 2
296 4
148 10
224 27
187 9
359 7
178 30
380 28
171 31
302 18
464 12
113 13
29 1
126 22
397 10
249 30
383 8
438 6
165 9
473 15
117 27
373 6
364 13
354 6
51 11
8 23
79 20
239 27
60 8
192 5
345 28
218 27
484 3
313 20
168 1
203 28
319 23
430 18
179 3
68 14
493 15
300 3
398 6
381 22
106 12
118 30
12 27
381 11
342 25
198 9
329 32
496 19
327 5
32 25
411 27
438 20
229 9
326 11
479 19
436 28
278 25
385 5
239 17
339 16
309 13
144 1
436 28
135 2
64 23
471 7
117 32
230 26
349 15
324 23
261 3
410 31
15 10
31 13
263 18
389 3
258 20
60 9
171 22
159 15
212 5
413 29
388 14
378 12
48 25
414 29
15 19
199 21
321 29
485 23
154 29
5 11
257 28
308 31
110 30
217 29
298 1
353 5
122 14
273 10
134 18
330 32
213 32
28 1
312 21
319 10
237 15
228 1
239 7
124 28
204 12
20 5
173 17
38 26
306 26
315 4
199 8
439 15
227 23
147 3
331 5
356 27
492 31
264 30
322 27
429 9
430 16
378 18
24 23
248 30
428 14
473 26
262 3
93 28
229 23
26 3
408 9
330 15
168 25
480 13
183 4
365 24
207 2
66 19
360 21
264 7
78 16
469 23
498 9
179 11
151 16
489 26
437 10
308 32
262 19
444 20
194 32
408 9
402 21
335 25
489 10
252 10
185 32
109 10
132 19
112 6
342 1
192 26
418 7
233 12
490 4
327 15
336 10
287 5
410 17
349 6
70 28
168 18
23 16
140 2
62 15
436 3
203 7
33 25
329 21
356 6
497 2
353 28
268 11
420 9
464 28
427 21
72 30
491 18
221 2
100 14
84 27
388 31
365 12
463 13
389 26
215 25
499 7
68 6
409 19
295 12
458 29
257 5
166 7
327 6
80 10
19 23
312 2
153 4
178 11
72 14
284 2
154 31
56 25
252 25
411 18
40 24
118 4
101 7
246 19
20 17
204 30
192 31
296 28
246 13
163 17
242 10
307 31
432 26
319 12
30 1
433 22
96 11
69 20
185 3
474 29
491 1
94 26
247 25
378 32
213 28
161 30
337 3
52 13
32 18
8 14
98 20
335 10
342 27
241 15
217 3
83 16
447 4
389 2
417 30
37 1
157 17
287 30
367 26
466 15
208 1
312 29
264 30
350 18
48 3
484 21
361 10
324 7
93 12
204 9
330 9
490 2
289 8
183 12
465 8
406 12
472 21
329 28
214 14
193 9
324 12
377 20
445 32
195 1
116 2
398 21
490 19
282 3
366 21
138 26
316 7
354 4
111 14
375 12
415 11
288 11
298 17
126 10
68 24
130 27
422 19
479 3
117 5
393 30
429 18
164 20
424 29
383 18
402 21
61 4
27 17
258 20
365 12
417 16
407 7
115 28
277 25
91 30
57 3
79 21
217 18
229 12
110 31
378 23
220 26
31 18
490 8
274 10
375 2
138 22
440 4
461 1
48 15
462 25
238 24
441 6
134 21
445 23
132 14
310 7
316 8
300 17
331 29
11 2
319 20
487 6
455 7
326 18
202 3
458 7
31 23
244 4
419 28
462 30
66 7
104 17
462 28
37 29
180 27
498 22
398 20
108 4
486 1
206 15
276 31
477 30
265 32
321 32
112 26
85 5
405 1
409 14
444 21
10 19
344 7
325 29
194 4
445 20
68 22
218 7
164 23
500 9
118 4
464 17
306 4
257 30
88 9
427 31
462 21
358 13
295 26
397 21
465 9
372 32
342 9
79 18
487 10
138 21
102 1
185 11
500 26
116 8
310 18
322 31
330 23
427 1
212 20
465 12
16 28
264 26
276 18
215 3
271 4
367 8
304 27
130 7
196 25
94 22
139 20
276 16
298 31
92 26
230 4
389 13
95 16
454 3
345 16
485 28
223 27
191 22
105 21
385 9
417 10
306 23
97 17
375 7
487 22
108 32
226 4
165 24
500 18
42 20
490 30
15 20
228 18
294 13
378 6
485 18
7 18
349 12
74 15
350 17
392 17
480 29
304 28
289 7
114 14
203 15
356 9
18 3
126 11
267 31
488 3
297 31
392 25
302 22
71 27
230 10
311 21
431 30
353 27
121 30
400 31
420 19
391 13
42 1
100 4
371 7
411 15
285 26
15 14
471 13
440 20
251 18
261 29
216 25
251 20
430 30
10 1
257 24
489 6
120 4
457 23
379 15
9 15
373 12
453 23
312 4
395 14
494 19
94 5
119 32
44 32
346 9
100 14
304 12
251 24
28 27
266 26
278 18
272 18
149 4
196 21
468 18
226 29
448 12
21 14
15 24
169 8
320 12
165 31
208 7
398 7
326 3
344 11
289 7
104 17
191 3
101 18
93 7
470 24
498 14
310 28
257 18
76 4
98 24
50 21
359 24
243 32
314 26
138 14
404 5
243 10
243 3
103 27
373 8
79 26
265 24
234 25
365 25
448 6
400 30
470 14
297 20
293 14
1 22
416 13
374 26
350 1
204 17
155 5
376 13
298 13
120 19
365 13
43 1
150 27
162 12
404 18
35 21
271 12
330 26
292 4
195 13
172 15
445 30
327 21
59 16
165 14
359 5
366 13
45 12
195 2
191 15
367 21
147 18
112 12
175 23
179 30

