256
123 30
82 19
416 5
142 23
71 8
152 23
304 27
19 20
422 20
95 30
362 30
203 5
466 4
18 12
300 18
447 14
491 16
461 2
208 22
116 18
137 15
152 16
465 10
396 18
45 10
239 6
396 17
491 25
201 8
340 4
149 14
273 8
166 17
397 17
186 1
355 3
131 10
262 24
380 21
333 16
351 24
34 6
68 32
310 28
383 1
471 32
286 16
375 11
328 15
28 6
487 30
336 30
91 25
417 26
458 29
98 12
24 31
405 28
6 14
63 4
214 22
123 27
129 9
302 4
472 1
321 6
62 16
427 4
309 23
474 22
296 7
425 7
53 17
114 2
246 25
297 11
62 8
161 18
268 10
497 7
142 30
49 7
177 15
59 21
170 8
102 25
454 10
135 18
58 1
415 23
277 23
113 6
130 6
379 14
87 11
488 25
396 32
487 21
363 9
261 20
428 19
200 29
240 10
238 22
434 32
304 2
363 13
103 20
394 29
93 32
60 21
412 15
320 23
231 2
295 12
417 15
206 32
455 25
302 25
446 19
48 26
149 14
18 27
106 23
436 2
242 31
334 14
153 10
256 16
187 2
79 32
124 24
71 27
80 8
123 30
311 10
127 15
432 28
413 25
406 32
290 7
342 16
4 11
129 23
82 3
309 20
122 8
443 1
362 26
416 20
251 2
358 13
388 21
372 25
29 25
148 6
128 22
441 19
188 13
242 25
236 2
428 17
185 22
401 11
447 25
234 6
246 27
426 10
231 26
286 27
130 25
77 17
478 21
240 13
290 13
285 17
86 16
233 22
137 18
168 20
154 30
281 3
344 10
236 7
207 13
185 21
10 1
445 19
482 8
356 23
220 4
499 1
56 7
427 24
68 22
127 1
199 3
324 11
317 15
321 15
136 17
63 1
470 8
483 7
247 18
425 3
330 3
123 9
5 25
428 1
347 11
497 1
165 4
143 25
83 27
208 14
320 10
214 29
481 32
91 32
34 31
46 7
141 4
451 9
69 14
421 11
136 10
15 5
441 22
133 31
472 4
92 27
314 25
431 30
1 25
373 10
239 30
100 23
438 30
228 30
279 8
124 3
417 18
67 30
147 3
232 23
243 8
261 20
480 8
201 24
64 14
217 23
343 16
385 12
217 12
137 24
112 16
262 4
250 32
89 8
230 29
14 8
496 15
379 3
318 12
307 21
5 27
387 3
339 24
127 23
87 23
402 22
23 7
78 8
194 26
19 8
338 13
247 25
159 10
160 16
57 22
60 13
340 15
407 26
422 29
85 8
148 30
206 26
353 23
145 10
152 15
321 6
47 32
26 21
45 25
32 29
354 8
13 30
390 23
223 27
304 7
170 7
349 31
324 9
361 32
450 5
482 3
354 9
42 7
437 10
416 1
390 13
264 14
314 29
172 1
315 23
47 24
129 11
211 28
447 11
271 5
435 9
19 24
485 8
371 13
497 30
241 22
258 20
139 20
8 6
460 6
137 26
10 25
253 20
217 23
494 15
447 13
443 1
272 7
376 2
200 24
131 32
461 9
296 15
312 3
261 15
477 17
480 6
161 12
409 29
283 22
420 29
34 2
46 6
141 5
447 28
497 6
131 9
170 14
408 9
81 12
455 25
64 30
246 4
370 22
305 12
407 12
84 13
437 5
246 21
402 24
268 6
473 11
206 10
176 5
474 8
280 8
16 11
66 29
419 15
266 15
438 29
150 1
465 6
2 26
15 15
105 10
152 14
32 1
71 12
322 9
167 21
324 19
296 21
443 14
175 1
492 28
85 21
485 5
78 2
110 20
240 14
78 3
143 17
451 18
20 8
110 15
77 9
369 28
26 15
289 32
75 4
164 11
272 24
207 17
133 12
293 8
382 2
466 20
330 12
89 14
40 30
388 16
335 28
339 4
122 19
411 25
258 30
355 13
73 18
229 13
81 1
280 22
94 29
190 20
13 14
477 28
180 28
19 18
323 21
77 32
335 23
492 28
265 27
324 9
112 4
246 8
277 9
6 6
122 7
497 14
324 25
37 31
188 19
220 10
263 4
158 13
487 1
40 15
347 15
143 6
266 12
2 22
265 11
264 26
53 20
223 4
85 15
435 32
17 18
486 7
302 19
227 16
143 26
94 14
332 20
299 25
476 32
343 20
158 10
329 26
69 19
142 9
13 32
277 1
229 18
159 6
256 25
373 22
354 18
239 25
54 22
133 5
189 31
472 31
284 4
408 5
406 21
357 22
476 21
150 5
98 28
438 9
44 31
455 5
480 1
81 21
82 13
265 11
392 16
469 19
91 32
379 8
129 4
265 8
220 18
160 30
73 22
22 32
260 4
364 3
21 32
476 26
361 16
76 24
32 12
130 18
124 1
118 32
96 22
207 27
500 19
336 20
316 30
40 27
185 23
17 5
199 20
363 3
288 2
162 3
186 3
440 25
151 13
412 6
143 30
265 10
336 24
65 23
309 16
429 22
359 14
254 29
141 24
467 4
258 24
246 7
122 26
103 29
446 22
222 8
335 2
433 3
290 14
25 14
305 10
147 3
251 29
219 23
368 29
171 13
164 32
419 14
305 17
262 31
238 11
394 25
173 23
447 6
28 19
263 32
128 22
495 18
162 1
121 5
250 3
358 17
262 4
50 27
149 7
21 26
146 30
162 30
444 12
483 23
283 21
155 26
358 25
140 27
65 20
104 22
106 17
431 23
236 4
285 8
495 9
474 28
423 19
161 26
95 27
41 29
91 7
286 25
47 1
171 23
388 18
129 9
86 19
360 22
390 16
409 32
153 30
375 31
17 19
144 15
29 8
339 28
82 32
272 12
253 6
443 20
68 15
485 25
481 28
326 22
191 11
106 3
468 16
121 24
367 25
298 15
152 16
366 14
112 29
417 16
283 27
207 26
133 31
354 9
238 32
335 5
118 20
123 17
271 8
125 5
360 14
32 31
410 29
300 13
238 5
88 28
427 30
73 8
337 6
24 22
309 14
354 14
297 1
215 4
72 7
56 7
112 27
497 17
188 17
245 17
365 24
148 19
478 32
202 18
497 10
91 10
435 1
435 24
273 21
151 8
339 2
126 15
145 18
175 20
270 28
460 22
103 15
277 8
30 2
97 18
55 32
183 2
484 18
73 32
118 19
99 1
280 20
111 16
49 13
459 7
56 6
304 27
228 4
90 1
410 27
135 16
226 13
453 25
138 9
464 4
99 30
416 15
341 18
6 21
162 1
411 6
86 23
376 26
146 1
274 31
3 12
371 20
429 31
288 22
200 3
173 2
16 28
28 16
317 14
97 11
498 31
48 19
73 15
100 15
443 6
125 10
133 27
377 9
170 9
479 1
119 23
166 11
443 18
194 31
79 30
441 12
1 24
362 17
466 10
143 21
335 12
206 31
114 26
380 31
98 6
3 13
212 1
55 14
214 16
117 16
242 21
219 10
249 24
314 18
41 25
474 15
428 3
194 9
113 21
176 30
134 6
130 21
198 32
55 23
284 15
54 29
431 32
118 15
204 31
97 24
91 6
471 26
249 20
263 5
292 10
274 1
467 12
473 21
439 23
279 26
49 17
450 8
456 27
10 7
350 22
255 16
28 5
162 4
92 12
340 31
213 9
159 3
16 19
47 31
158 2
380 14
10 14
389 1
396 11
124 1
208 6
389 27
306 26
362 1
325 5
483 25
166 29
67 1
123 18
339 24
143 23
190 4
400 26
116 11
328 11
244 4
320 28
122 25
385 28
373 25
388 23
97 13
347 11
438 2
332 12
453 14
346 30
477 5
72 21
244 27
35 27
138 15
174 28
331 10
447 32
118 22
262 18
239 9
432 16
282 24
451 2
89 29
228 22
97 23
10 16
253 8
30 15
250 31
354 29
260 32
340 9
133 17
146 23
61 22
398 2
45 1
428 17
349 3
402 29
305 15
137 9
159 22
299 12
369 32
192 28
303 3
61 20
484 30
158 12
487 16
238 31
256 17
220 12
171 21
252 11
236 20
383 26
54 10
153 30
37 13
105 8
227 29
127 2
223 4
106 13
191 27
296 2
359 27
253 29
487 21
355 18
244 25
115 17
474 16
274 11
316 7
202 10
43 12
456 29
463 25
30 2
107 21
303 29
339 16
197 29
264 31
399 11
343 25
8 25
484 9
179 3
11 20
397 18
207 24
374 13
116 23
26 2
227 17
390 25
88 22
94 3
488 4
61 10
208 8
498 4
201 4
194 31
407 18
468 21
293 30
486 24
244 15
129 31
191 22
239 30
455 12
480 30
27 13
124 11
460 9
278 4
149 19
75 3
413 18
20 13
235 25
465 3
367 29
5 6
315 23
187 29
279 3
211 17
411 2
391 2
306 8
234 22
343 8
361 31
53 16
163 8
88 15
322 14
424 10
363 30
420 22
6 2
272 20
207 6
253 13
403 31
469 12
216 15
147 12
121 12
159 23
191 2
114 28
52 17
337 2
274 4
19 7
158 14
199 24
323 15
164 26
213 24
65 1
146 24
208 18
115 7
253 21
316 14
316 23
402 20
485 11
111 15
305 28
497 11
335 15
158 23
248 6
482 13
2 20
228 18
97 6
280 13
146 31
66 9
166 23
316 14
345 18
356 18
250 24
356 32
171 21
82 14
235 4
434 32
395 29
149 27
2 8
192 27
227 1
311 28
428 30
245 24
256 4
273 29
452 5
440 2
493 18
243 19
437 9
167 11
337 3
173 7
447 12
337 17
325 4
268 4
125 20
375 16
111 4
88 18
480 8
387 32
401 2
403 13
306 5
371 14
235 27
184 17
111 21
57 19
372 12
38 24
187 16
432 22
411 19
63 26
398 26
214 18
431 12
486 4
36 20
81 22
103 5
155 21
341 7
499 16
239 28
59 17
151 14
426 30
361 13
303 26
290 16
408 32
335 9
307 10
453 19
344 11
355 6
119 15
412 5
258 30
208 5
279 10
10 20
271 18
44 30
480 5
293 23
404 8
483 6
349 27
301 16
341 15
393 3
202 1
131 27
158 6
479 12
48 17
492 22
62 31
95 13
220 32
131 7
367 2
185 23
400 5
111 1
491 27
255 16
11 10
207 25
75 9
308 30
377 3
144 27
390 6
183 5
477 10
83 11
279 23
262 6
455 8
122 14
226 9
341 29
114 7
461 32
84 24
14 8
271 17
102 28
246 9
120 27
98 10
269 28
25 6
405 27
401 7
276 15
255 5
419 32
367 31
259 26
498 28
114 16
132 3
131 2
351 10
304 28
8 32
175 20
102 24
10 18
310 22
332 12
106 10
135 4
128 9
274 30
17 31
97 16
305 24
377 12
181 12
103 20
104 30
219 17
413 21
58 18
218 2
137 3
491 7
146 19
15 3
96 19
9 28
383 2
123 19
321 20
143 19
343 10
404 14
302 4
494 27
389 11
248 17
237 7
499 18
209 6
357 8
100 21
51 26
382 22
445 2
329 11
477 15
36 4
84 13
48 29
195 28
491 3
165 19
385 3
165 1
232 25
100 32
237 10
17 3
175 5
172 7
251 24
378 2
232 17
122 3
242 21
418 20
463 10
163 31
301 11
291 20
199 6
215 15
243 12
257 14
396 21
124 31
428 9
284 7
166 14
289 7
426 7
342 24
492 32
86 28
34 20
176 12
321 2
19 7
325 11
184 29
203 8
219 11
12 26
493 9
259 26
435 8
340 9
275 15
484 20
327 18
291 26
249 31
95 23
26 8
394 25
344 32
368 30
282 16
415 27
408 30
408 7
209 19
323 4
281 22
47 11
323 30
312 4
300 31
42 1
30 27
386 9
235 25
286 4
484 28
142 32
225 17
438 30
147 20
121 4
65 23
238 16
356 18
163 16
160 12
332 21
343 9
265 1
322 2
296 9
101 2
400 22
486 13
111 21
448 19
264 9
101 5
104 29
254 10
316 5
321 27
453 27
216 21
443 5
118 31
45 19
28 21
396 17
133 26
349 1
292 28
445 20
169 32
200 22
165 27
187 29
14 19
352 25
60 18
117 29
236 9
99 15
457 22
480 30
203 4
22 26
496 6
238 32
365 29
85 13
304 15
217 13
262 32
397 9
66 1
201 1
25 20
416 6
145 15
423 24
426 32
193 17
261 30
436 9
219 5
357 18
143 29
42 20
493 2
428 14
302 1
210 10
428 29
307 28
223 17
271 29
24 4
273 20
245 29
464 27
81 16
188 19
245 9
331 9
18 2
146 11
386 3
145 21
184 3
237 10
384 3
258 3
322 19
395 7
91 18
233 15
30 13
97 14
353 7
362 31
185 11
189 10
361 29
235 12
340 15
302 19
329 27
481 23
293 11
273 27
437 29
257 30
129 10
443 30
280 32
352 24
310 4
386 22
429 32
418 32
294 23
490 30
481 6
476 30
401 16
360 13
105 1
6 21
174 20
66 25
103 13
121 28
13 18
433 17
329 18
208 30
272 1
95 25
370 15
82 22
318 13
310 10
261 11
359 22
466 16
239 16
45 31
331 13
68 28
349 32
317 12
17 21
104 23
397 17
33 2
95 3
270 8
476 27
423 10
316 16
462 30
308 22
116 10
266 11
105 30
78 18
21 6
214 20
57 18
448 1
87 10
291 32
150 15
238 4
304 10
163 17
459 18
474 3
312 7
257 32
204 23
189 12
280 22
199 24
363 3
129 25
40 27
9 29
389 18
464 1
151 19
309 2
300 23
36 31
373 16
379 1
478 15
152 2
173 11
297 11
349 17
40 24
196 28
281 20
145 20
128 8
74 5
405 10
71 12
336 23
83 6
223 1
337 3
374 25
77 26
99 25
447 6
16 22
185 4
429 14
392 29
477 29
345 29
42 27
172 14
413 2
295 8
370 7
214 3
343 22
265 2
418 7
431 29
408 8
229 4
149 24
244 9
288 32
5 26
58 12
59 11
485 25
310 15
188 27
301 30
164 13
175 29
479 6
13 14
425 25
426 1
64 17
197 4
313 13
33 10
432 3
44 4
499 5
474 26
375 3
272 14
191 22
118 2
403 3
259 7
75 32
251 11
57 15
194 1
499 10
90 18
372 30
198 6
486 7
408 1
297 23
250 24
476 24
9 7
202 7
409 20
155 20
266 23
106 11
431 29
388 32
238 31
5 3
481 31
310 4
203 18
270 12
445 5
23 1
327 28
424 24
352 14
395 13
140 12
132 26
160 11
441 22
482 22
36 14
288 1
53 18
303 10
145 27
418 32
52 25
95 3
332 10
404 26
119 19
429 14
464 13
120 4
338 1
201 25
414 12
70 30
181 12
139 26
322 21
49 1
5 19
51 28
293 18
61 19
200 25
12 15
429 23
271 6
84 11
491 5
163 24
167 19
487 9
372 8
65 4
33 9
267 11
404 19
389 24
321 32
157 4
455 21
314 1
203 17
47 25
450 1
456 24
256 18
124 31
101 29
251 1
109 25
68 9
75 8
32 15
247 16
430 21
125 11
425 31
344 32
223 17
384 6
260 19
323 7
118 15
275 20
260 8
384 27
100 22
486 15
56 8
171 21
433 3
79 17
325 26
32 23
418 16
280 17
54 18
264 19
228 26
38 15
273 17
165 16
82 10
207 9
382 29
325 14
227 28
374 31
29 14
301 31
321 16
327 30
33 6
397 32
128 22
99 32
59 23
476 12
265 14
481 18
114 17
163 8
412 28
242 1
293 26
239 5
473 13
191 9
155 19
116 18
224 22
237 14
181 32
274 13
97 14
294 22
262 28
49 10
343 2
466 32
183 8
100 3
120 6
11 6
228 19
111 32
44 8
437 20
411 6
20 20
167 29
69 17
120 6
102 15
111 3
450 2
122 17
300 29
43 15
219 14
289 25
425 8
28 26
260 7
423 27
298 18
296 2
370 15
39 27
229 14
241 10
295 6
431 18
454 17
256 4
94 32
205 11
80 28
232 3
170 2
321 27
95 20
389 20
383 3
138 31
280 10
141 30
91 3
20 17
43 15
420 16
23 16
358 22
356 29
144 13
95 20
48 17
80 4
209 10
66 18
424 22
76 16
419 10
134 2
62 4
417 14
16 31
457 13
392 8
166 11
393 8
498 28
152 5
227 28
242 4
58 22
489 9
81 12
150 23
49 12
94 29
397 13
403 21
186 14
369 3
180 17
462 22
52 1
458 10
177 8
273 10
217 6
218 1
21 3
363 29
430 17
386 6
269 20
31 22
138 23
156 25
11 1
494 18
434 8
43 30
3 7
195 11
76 24
367 28
130 2
369 8
390 18
237 14
97 7
464 6
17 27
403 3
440 12
440 29
51 14
186 1
149 32
123 32
143 22
24 16
71 20
183 8
201 4
469 9
186 24
235 7
403 13
433 14
384 29
418 11
206 3
339 30
334 22
282 24
303 25
99 1
400 30
184 16
53 28
452 10
84 6
144 6
174 25
31 10
301 28
196 30
402 30
64 31
347 25
62 29
353 28
373 28
293 4
55 25
60 2
287 19
396 18
332 25
210 10
330 30
13 21
220 2
411 23
500 5
331 21
258 31
72 30
286 9
390 4
61 1
49 3
443 12
481 10
365 30
339 6
52 23
423 23
116 13
257 23
293 27
27 18
121 26
384 18
314 17
449 3
73 25
425 3
293 25
492 9
299 30
54 18
32 8
324 11
12 20
113 5
370 11
58 6
88 5
247 6
417 11
128 5
395 12
207 7
161 18
47 27
379 29
160 2
132 19
408 24
266 12
300 19
362 17
124 26
354 14
55 10
268 6
463 26
437 21
53 21
219 15
407 21
403 26
359 15
400 2
30 17
490 1
151 3
241 26
4 6
347 26
364 30
91 30
128 16
198 24
476 24
130 19
217 17
300 3
419 24
192 4
68 17
480 11
384 20
344 15
166 11
149 9
304 7
58 31
118 23
462 26
23 28
180 27
476 23
165 10
382 32
45 22
389 16
20 4
299 3
362 28
53 26
344 21
453 9
491 22
8 9
367 14
248 26
472 15
377 4
320 30
195 4
59 19
443 18
58 21
441 8
57 1
133 20
53 1
153 8
7 28
200 5
245 19
271 16
373 15
55 24
256 21
111 31
36 13
392 29
145 4
216 17
29 5
453 25
285 1
476 27
320 15
368 4
325 30
131 1
136 5
92 23
137 18
409 32
106 5
117 31
336 32
155 12
32 19
297 9
415 4
163 14
151 2
149 19
19 3
24 10

