256
345 16
14 31
264 30
62 26
357 11
187 3
276 6
41 18
240 28
365 18
322 12
222 14
310 23
134 28
15 10
86 23
149 8
25 24
181 27
266 13
421 20
52 1
54 28
206 21
459 11
495 24
126 8
189 3
118 2
250 32
263 3
490 3
138 11
27 15
305 12
207 9
299 10
125 24
349 27
349 28
253 19
143 26
58 24
16 24
357 25
159 4
303 13
234 5
219 32
111 27
255 13
451 10
427 12
257 27
258 13
286 10
299 9
91 25
464 30
384 24
222 6
291 16
394 1
316 8
488 6
486 11
95 5
148 9
216 20
499 21
361 25
186 31
65 32
367 32
85 6
199 18
496 18
33 29
218 21
353 17
126 6
299 12
478 14
296 25
202 23
369 2
431 10
72 15
33 23
374 5
40 4
274 7
413 23
276 6
7 8
187 4
169 17
408 23
135 3
191 32
349 28
249 7
317 32
125 14
110 2
466 18
422 8
36 26
398 27
20 8
290 22
239 15
394 26
457 4
53 19
215 21
410 3
180 19
487 16
76 24
6 17
449 23
484 1
316 21
499 15
488 29
40 7
99 10
76 15
313 28
405 16
29 15
194 12
393 20
215 32
480 12
212 20
350 8
264 18
428 15
500 24
403 4
346 21
177 29
259 25
253 3
220 9
181 26
192 17
297 14
244 24
330 32
204 27
3 31
344 2
81 12
49 23
87 22
335 27
371 13
455 11
460 27
255 32
292 6
417 32
203 32
364 12
467 3
63 5
237 18
103 14
453 31
152 11
249 15
153 7
283 24
241 10
486 3
86 5
292 26
364 26
13 27
230 24
497 12
152 30
401 2
51 26
257 14
96 21
392 9
475 23
60 11
120 17
413 9
173 20
410 24
401 27
467 18
106 15
125 13
196 26
363 22
83 15
152 22
475 31
130 29
217 29
367 21
437 19
393 1
334 31
349 18
429 11
216 10
129 32
494 5
69 4
274 11
474 29
33 20
468 30
248 16
407 22
224 7
96 1
304 13
123 32
15 23
318 2
288 2
273 21
122 26
137 32
48 10
172 4
262 23
446 13
27 28
327 10
46 10
70 9
203 8
204 21
446 17
150 29
319 22
218 24
319 10
335 19
167 19
298 16
497 23
141 15
298 31
125 20
240 2
396 30
90 4
362 7
120 7
324 6
489 21
230 11
246 20
25 16
274 19
44 15
121 28
145 27
150 21
114 1
19 9
35 32
460 16
346 32
259 9
221 19
61 2
405 26
366 26
422 27
308 9
261 20
148 6
198 29
230 27
389 16
24 27
207 15
171 21
266 1
73 19
379 26
288 15
291 9
416 28
496 19
28 12
3 7
365 20
175 11
67 32
46 18
338 9
276 4
9 14
140 25
232 22
66 19
5 5
24 12
272 31
347 4
126 5
326 27
252 13
289 6
416 30
259 5
438 23
317 2
280 12
379 3
326 12
381 6
4 16
453 16
274 15
279 24
351 28
94 11
456 22
124 19
215 7
180 25
121 32
98 32
303 20
410 12
272 22
161 15
46 2
254 19
264 16
422 3
488 27
69 19
396 28
18 3
426 29
467 30
44 20
297 6
244 30
326 7
200 2
493 25
451 19
267 19
130 21
329 13
55 1
412 31
292 5
265 30
329 27
115 28
498 24
69 21
321 18
107 8
232 16
116 22
346 11
248 3
423 28
444 13
176 15
279 24
135 11
185 19
477 15
186 19
414 14
215 27
352 2
254 19
273 2
116 18
104 16
296 10
291 3
354 7
445 1
434 3
379 18
393 16
472 2
330 6
36 8
472 15
69 1
321 25
298 8
310 13
3 30
130 2
196 12
464 17
320 5
71 22
218 8
405 21
97 6
426 24
482 25
370 22
326 6
243 27
182 24
376 4
361 29
181 21
192 12
49 19
392 23
413 5
138 13
2 7
255 19
366 32
28 4
489 5
481 3
327 22
487 6
50 15
411 30
255 10
226 7
317 25
478 5
430 27
397 23
349 3
413 31
238 20
6 23
496 10
161 23
500 19
376 25
346 30
130 4
92 31
459 4
324 8
340 21
50 24
387 3
239 19
317 28
91 2
54 30
307 11
260 10
213 16
206 30
125 24
362 20
42 12
327 13
107 30
469 20
254 11
406 16
6 22
319 4
43 29
181 2
291 21
359 3
280 13
265 16
104 2
324 25
149 26
214 31
20 6
262 13
241 8
116 14
241 6
341 20
362 17
337 8
17 31
359 8
463 11
52 14
452 27
415 24
376 12
206 11
13 7
19 1
486 18
350 11
124 30
214 25
267 18
341 19
448 11
79 27
25 18
180 32
4 14
279 31
73 12
478 10
154 32
42 32
334 24
422 9
433 7
293 3
36 1
334 7
387 16
245 31
41 9
90 12
370 20
478 15
407 19
232 17
303 1
256 4
16 25
444 13
311 12
499 22
425 4
180 23
95 29
74 19
201 19
234 26
235 8
364 5
166 31
405 12
220 4
455 23
336 26
35 26
338 18
195 18
217 11
424 8
151 29
150 11
12 24
272 22
95 12
90 24
82 15
432 9
6 18
388 14
488 2
191 17
307 22
438 8
112 9
39 6
210 8
464 21
275 19
318 29
222 3
333 8
253 24
456 3
1 15
304 20
265 22
164 3
231 5
298 10
166 24
103 19
80 30
447 30
153 16
75 14
22 15
177 3
374 5
237 14
327 20
66 3
385 5
366 20
386 15
309 23
55 12
277 6
181 15
339 25
338 29
59 15
375 27
485 16
71 21
326 18
464 31
340 17
323 25
168 12
72 32
462 14
239 10
463 20
312 21
456 21
418 18
212 28
453 20
244 11
121 9
272 16
163 16
284 9
20 3
397 15
427 22
272 13
448 14
140 23
387 12
112 20
461 15
299 9
370 26
288 10
462 15
74 8
374 25
461 6
160 5
188 30
66 16
306 25
45 10
124 31
41 27
86 17
409 1
266 10
278 13
120 28
463 13
215 25
401 19
82 32
383 17
349 17
432 7
313 29
452 24
259 4
374 13
344 26
81 13
412 6
13 23
301 20
75 4
164 7
42 9
239 13
217 3
77 25
93 5
477 24
29 15
239 14
283 15
36 7
395 11
425 20
329 13
235 3
92 18
229 6
346 15
410 18
258 14
62 26
78 30
98 14
477 12
360 7
270 3
474 21
45 26
424 13
474 14
479 22
259 23
51 24
378 12
17 23
149 19
188 10
320 1
184 28
121 19
407 6
141 16
406 1
129 1
261 14
338 27
19 12
149 29
51 22
232 12
12 32
498 28
458 13
484 1
317 8
387 11
198 7
454 7
415 2
136 19
35 21
265 18
421 29
326 3
291 22
390 30
141 11
353 30
408 21
294 32
496 16
298 9
410 3
500 28
184 23
350 18
459 26
327 11
231 17
54 9
414 27
174 26
386 31
356 29
67 21
368 14
181 5
459 26
119 6
266 10
444 3
223 6
285 30
485 19
54 30
387 19
184 32
224 29
142 3
213 16
80 20
474 28
448 20
201 30
389 10
219 20
285 2
85 9
343 9
435 12
458 21
66 30
436 9
62 18
72 19
137 3
206 30
262 30
41 18
219 9
132 2
112 8
231 21
336 1
117 10
320 3
294 9
420 17
377 25
306 28
255 3
450 17
404 27
114 17
377 8
77 8
473 21
127 11
89 30
275 5
83 22
335 4
182 6
456 15
235 22
6 9
260 8
301 23
18 6
311 14
450 32
105 22
280 3
477 28
396 11
276 6
401 7
57 30
216 29
140 10
478 22
291 9
453 11
251 30
209 6
420 30
153 32
283 24
107 19
3 2
66 18
184 30
240 16
47 4
104 7
257 29
184 31
169 24
342 4
309 26
37 32
411 13
104 9
472 2
156 22
415 25
103 10
186 31
338 16
2 5
270 14
226 17
361 6
440 22
369 29
455 17
328 5
445 27
409 32
344 8
93 31
284 28
208 21
242 1
53 27
190 26
56 7
127 20
12 18
321 21
18 23
285 10
139 2
480 8
349 32
463 22
286 15
489 5
67 10
242 7
176 11
293 11
49 11
351 28
188 7
440 10
446 21
255 24
306 22
335 22
113 14
447 18
396 27
243 30
16 28
285 7
118 5
126 22
199 16
225 10
146 1
295 19
241 5
231 10
339 9
403 15
214 10
201 17
136 23
275 8
130 19
194 23
339 31
264 5
146 28
126 4
4 1
86 16
25 32
345 31
233 24
166 30
301 14
259 4
160 29
439 21
295 25
387 5
155 22
373 5
489 22
444 13
122 29
292 27
197 21
213 5
440 6
226 12
447 16
27 22
220 26
98 26
302 20
350 8
337 6
256 26
72 19
22 17
432 1
43 12
5 4
408 32
337 17
183 28
173 26
93 12
379 27
110 4
26 3
135 23
33 23
40 4
293 21
500 24
77 31
203 10
2 18
377 10
447 20
325 3
473 22
214 31
108 19
382 29
282 12
347 30
258 2
269 11
298 20
126 11
162 5
160 19
142 28
205 24
299 1
410 27
298 8
473 5
446 26
242 15
222 20
392 7
474 12
233 11
132 19
349 17
391 8
160 12
396 32
472 18
96 29
317 22
356 5
2 30
347 27
380 4
183 24
250 4
135 27
130 2
45 3
263 3
338 22
170 13
489 17
131 20
226 11
181 17
291 3
234 13
129 26
56 11
237 26
318 19
492 28
193 32
278 7
26 7
228 15
52 16
40 18
3 13
184 12
197 10
70 11
111 10
44 6
9 20
175 2
206 18
125 26
257 26
204 18
369 27
329 20
202 32
157 13
484 32
240 8
313 5
110 31
358 21
145 2
488 3
396 14
189 32
295 5
126 7
79 26
133 23
117 11
274 17
391 1
464 14
288 24
142 26
403 31
254 27
69 22
217 4
287 17
187 9
202 28
431 12
157 16
38 1
102 23
249 16
419 32
473 30
340 14
455 14
464 5
140 12
154 4
495 28
465 18
224 10
345 19
149 2
422 22
478 27
348 19
366 2
142 6
175 9
451 22
278 30
42 29
446 19
477 24
486 21
325 17
310 22
215 18
375 4
143 24
10 18
134 7
459 28
64 17
460 30
466 26
280 31
358 5
53 22
220 30
126 5
247 7
418 17
392 16
301 30
199 18
79 17
37 1
460 4
374 15
466 23
360 29
198 30
173 6
403 28
288 29
140 18
463 25
50 27
52 22
92 15
12 7
83 32
411 10
351 24
164 4
123 32
116 4
445 32
421 15
384 12
375 27
445 14
432 31
396 27
196 31
233 27
361 7
458 12
60 29
55 8
180 17
451 32
200 3
435 29
93 26
180 28
341 5
361 8
471 16
106 22
446 11
225 19
5 10
430 1
46 32
140 6
365 14
373 4
188 3
36 32
125 8
303 17
44 3
440 14
270 25
31 32
383 19
374 20
141 15
304 2
138 27
263 30
88 11
418 23
294 1
258 10
372 17
86 19
75 17
280 5
69 3
60 12
269 21
43 17
87 18
299 16
344 25
78 19
48 15
57 17
151 30
110 23
226 19
289 1
71 9
145 11
83 8
146 31
340 20
112 30
237 2
149 16
322 26
362 29
72 10
413 23
232 6
449 21
420 21
257 26
9 25
333 7
308 26
294 27
370 21
424 18
18 5
390 15
150 3
412 6
169 24
148 20
50 8
60 21
184 29
163 25
421 19
487 21
176 4
79 25
388 7
3 13
427 12
96 8
494 7
353 26
182 8
117 27
447 21
52 11
197 30
379 5
412 1
49 27
349 8
484 28
482 30
345 24
81 4
39 22
298 12
440 7
243 28
414 2
436 17
24 32
382 14
101 29
118 29
231 18
332 10
406 17
255 22
424 15
41 7
113 2
354 20
20 4
311 9
137 31
249 16
230 6
265 2
274 11
35 25
52 2
274 9
31 9
58 26
215 22
268 27
287 17
434 31
421 29
91 25
195 32
421 24
173 5
458 7
419 24
155 11
209 32
427 11
308 17
397 31
434 4
53 29
137 7
83 9
287 1
317 29
216 9
108 5
422 13
187 28
408 9
310 29
120 25
59 16
425 11
302 14
471 6
282 3
396 4
367 14
389 11
14 4
420 30
196 1
38 18
384 14
426 2
266 2
134 16
325 2
279 30
267 9
35 25
59 15
116 21
316 32
107 6
164 18
303 11
422 12
93 14
137 22
351 2
415 8
78 7
393 12
420 23
456 7
263 30
89 11
290 16
438 16
85 13
478 23
460 19
79 20
56 27
273 14
469 32
93 14
130 29
105 10
200 12
208 2
425 4
44 26
51 22
313 8
434 10
374 25
41 32
148 28
371 21
206 23
460 30
88 25
487 28
342 14
103 17
499 15
48 27
444 7
376 16
86 17
250 11
54 22
263 21
89 5
325 26
323 28
444 30
77 18
101 22
467 31
171 13
81 26
359 20
168 22
131 13
247 28
212 16
21 2
204 2
458 13
255 32
16 18
41 28
479 21
214 1
195 24
114 31
305 20
150 17
262 20
225 16
364 20
159 32
465 2
345 26
94 28
53 22
149 21
53 16
85 2
128 27
353 29
257 10
269 10
482 26
390 22
37 13
198 7
488 30
260 13
436 22
136 16
463 20
433 27
467 13
485 19
352 21
39 32
346 31
366 23
336 7
385 32
359 22
122 30
95 14
382 10
235 17
370 13
5 30
415 7
374 3
417 17
88 8
333 21
114 26
112 30
304 24
25 18
281 3
359 31
380 25
257 18
313 2
14 13
279 4
140 8
31 12
229 30
215 9
402 25
110 29
130 1
64 18
426 32
152 32
423 3
228 7
496 1
156 17
209 6
141 32
289 27
460 5
140 30
429 9
354 14
110 11
154 25
341 31
221 16
215 23
227 22
173 6
186 4
287 3
465 11
298 21
449 13
474 28
283 6
184 32
144 9
323 1
170 7
376 26
358 30
384 8
87 12
10 9
87 4
371 23
74 12
7 18
425 4
165 3
234 16
194 29
345 12
25 26
30 28
107 8
45 2
323 12
397 28
256 27
331 30
237 12
293 27
129 1
75 9
275 8
345 5
388 17
188 32
406 2
368 28
457 20
353 23
395 9
167 18
435 17
127 19
253 24
265 25
488 11
230 27
498 26
287 21
466 14
1 19
43 16
382 23
483 10
334 2
334 32
379 20
348 2
290 12
129 18
37 16
393 6
82 14
191 8
479 8
194 23
26 4
50 7
439 8
344 8
261 1
271 28
296 22
349 25
422 21
490 6
296 6
223 14
328 9
449 22
68 10
488 9
230 17
203 8
272 30
291 1
426 21
228 17
382 24
9 11
256 18
112 15
84 26
280 11
98 17
68 17
222 11
313 7
147 7
322 18
264 28
154 1
376 13
261 26
308 25
264 15
119 20
466 2
61 25
464 15
325 11
379 3
289 24
201 15
410 23
56 2
486 18
214 2
442 19
175 2
95 30
16 21
165 13
118 30
78 1
440 14
315 10
152 31
213 25
241 31
227 13
148 32
358 1
277 27
187 27
252 30
241 12
198 9
100 8
186 29
248 17
135 19
147 26
369 27
138 30
333 32
406 24
428 7
193 32
413 11
359 29
364 19
284 26
59 31
229 1
116 8
73 6
242 11
387 11
430 17
72 30
92 17
94 15
443 14
427 23
368 9
371 32
439 26
145 21
93 25
445 20
404 6
309 26
88 23
256 21
423 11
483 23
7 8
385 17
213 19
155 12
151 26
163 21
235 3
290 11
235 30
386 27
103 22
136 19
93 23
411 19
421 25
381 27
172 14
375 20
132 17
168 27
406 10
75 29
341 24
319 7
450 5
417 24
102 20
446 6
294 17
413 10
453 1
140 9
114 14
360 14
395 27
380 8
209 22
144 17
170 11
327 3
19 24
170 8
295 4
18 21
176 6
154 28
426 2
252 20
159 32
489 13
490 8
57 30
25 24
98 10
14 5
312 16
372 6
4 6
301 5
458 28
154 24
103 15
109 27
322 7
170 2
24 19
381 8
209 6
131 30
99 1
434 27
176 29
96 7
175 8
403 28
371 20
447 25
487 11
383 4
174 12
322 5
63 14
128 15
107 10
428 2
402 14
468 26
222 27
460 12
458 11
232 4
270 26
356 32
85 15
268 22
290 9
306 24
142 5
474 9
190 18
306 24
319 5
373 8
39 16
140 32
398 27
27 24
400 30
127 24
472 26
93 6
186 6
317 24
182 3
280 24
248 9
19 18
61 31
309 11
426 12
446 8
318 12
343 26
57 21
53 21
215 30
494 16
247 22
431 13
304 6
4 11
146 18
320 26
264 21
156 29
428 13
364 6
276 2
167 1
379 15
65 5
68 14
196 15
367 27
447 27
188 30
425 14
323 1
391 30
373 11
126 20
351 30
249 15
399 23
163 21
486 3
221 17
136 13
71 18
395 25
376 6
318 17
267 4
45 26
225 5
408 27
420 26
44 17
440 22
287 22
423 12
180 3
29 7
263 27
21 21
468 4
443 9
48 13
277 4
218 13
212 9
55 32
87 30
4 10
96 22
480 30
414 23
12 30
30 15
244 22
283 11
297 29
200 13
286 32
436 15
328 24
332 19
483 26
36 6
147 3
275 2
148 28
341 32
333 22
286 17
419 16
139 3
145 14
411 22
165 31
284 25
346 27
79 12
236 26
165 23
97 11
212 28
331 16
107 31
421 8
91 15
312 10
258 4
271 32
237 4
366 28
280 19
487 6
242 10
323 14
456 27
49 24
367 31
71 17
245 12
217 12
34 16
269 11
39 11
459 11
178 8
146 9
239 28
18 24
410 13
386 5
463 30
384 29
164 3
154 24
298 6
447 7
453 23
474 7
458 28
117 15
459 22
444 29
450 5
29 23
153 26
75 24
199 23
296 18
117 1
473 6
22 12
96 26
486 29
168 3
204 16
430 27
250 9
211 23
333 11
409 30
356 7
453 26
145 8
119 21
401 20
26 14
215 6
100 32
394 7
495 26
255 20
112 28
296 10
406 8
265 30
317 24
500 25
26 1
369 28
109 9
291 15
394 13
108 29
57 21
464 15
450 26
474 1
425 29
87 6
452 31
347 9
174 6
389 7
46 1
399 27
229 17
141 31
194 28
319 10
100 30
152 30
203 25
314 11
97 8
160 24
454 18
168 28
408 1
30 29
165 4
459 10
117 31
368 18
198 2
411 10
172 18
51 22
390 4
353 30
468 16

