256
159 2
97 12
261 23
238 17
198 5
93 20
487 13
31 3
174 12
445 20
138 7
270 24
202 24
443 16
31 11
366 18
21 14
93 9
88 23
289 21
355 9
388 5
434 23
7 3
126 16
274 11
6 24
207 19
419 13
102 21
443 19
342 3
280 3
299 3
469 3
355 19
320 31
367 1
13 29
63 22
28 24
253 1
83 3
239 29
459 20
154 5
158 23
68 5
281 18
359 17
305 30
423 32
308 25
432 16
366 2
161 1
33 5
278 8
75 20
320 21
412 21
138 13
468 1
210 4
274 24
349 6
133 23
257 16
264 4
463 5
33 4
225 30
240 6
33 15
74 8
51 1
177 28
53 8
448 30
243 14
182 31
3 10
418 24
106 5
447 24
161 32
395 13
397 3
91 1
153 12
132 19
148 4
95 24
303 10
166 22
115 11
192 10
364 9
377 13
289 27
241 21
154 31
38 22
121 20
330 17
143 30
328 10
473 18
341 12
167 22
173 18
56 20
399 20
473 27
92 9
449 4
414 15
171 31
356 3
282 26
416 16
351 23
213 23
220 25
98 2
115 2
167 14
338 13
293 18
191 1
274 28
420 23
446 6
341 13
233 6
338 28
397 28
94 13
363 25
366 20
50 20
434 13
1 11
133 2
432 32
30 21
19 5
96 4
391 32
468 19
262 22
122 26
197 31
119 3
231 12
371 16
315 12
348 31
426 21
460 17
8 1
117 14
290 16
193 16
352 32
154 21
317 15
474 6
193 20
72 3
427 30
54 29
449 14
408 30
86 27
434 21
208 19
322 1
114 18
28 17
173 17
133 6
307 19
3 11
50 18
125 5
72 30
69 24
283 28
246 12
195 3
312 18
433 1
250 23
146 1
215 3
309 12
160 15
306 18
317 3
291 5
183 18
470 8
234 13
431 31
472 25
213 24
230 22
120 27
44 10
459 18
288 11
309 19
85 26
164 17
173 6
45 3
20 23
310 1
119 13
435 26
69 31
429 15
144 9
481 31
18 4
1 29
410 13
307 7
127 18
99 3
275 12
5 14
10 15
398 4
259 12
273 31
183 14
477 30
454 22
217 7
453 13
479 6
229 17
60 31
106 3
357 24
6 6
26 15
380 19
198 14
311 14
316 9
375 25
170 16
306 2
150 6
306 24
471 7
116 23
445 9
245 6
305 6
367 6
468 30
456 5
87 22
338 22
110 13
398 4
392 27
369 18
312 19
373 11
265 17
17 29
61 25
362 25
362 12
398 17
177 22
345 19
471 6
369 9
246 22
64 14
173 16
31 16
162 7
118 26
243 26
487 16
246 24
20 15
428 6
287 12
123 19
71 5
17 7
229 10
260 24
251 12
280 21
268 9
36 21
219 18
371 25
285 32
404 9
223 19
74 13
139 8
344 29
344 24
351 25
121 30
68 24
394 23
4 5
492 7
397 2
21 7
266 25
235 9
461 21
352 14
169 26
285 32
402 1
371 24
405 24
213 8
67 30
23 26
266 30
313 27
223 25
281 24
489 7
360 18
175 27
335 28
404 20
207 9
100 18
408 12
273 21
327 23
78 17
260 20
214 16
210 12
256 14
127 25
209 3
46 15
401 8
78 17
351 5
109 14
214 25
157 30
489 12
324 30
36 3
261 10
359 30
37 26
312 24
210 32
2 27
254 22
339 24
206 29
468 31
343 17
35 3
166 3
186 1
440 10
275 17
323 21
374 7
99 25
374 32
408 23
267 6
481 29
197 18
145 24
204 3
344 6
190 21
464 19
53 8
300 23
308 14
312 5
185 26
422 18
421 21
489 19
194 21
291 22
6 8
53 22
126 20
299 15
460 3
246 28
18 29
191 1
223 30
209 31
115 2
168 15
163 24
74 16
124 16
98 18
3 18
191 1
250 1
499 13
103 16
425 12
493 27
148 23
320 17
473 14
190 4
172 8
148 29
412 7
461 29
104 3
10 30
295 19
135 18
172 1
389 8
61 13
62 24
95 25
268 23
166 26
411 1
365 22
82 24
32 10
284 20
208 2
281 15
404 15
148 19
4 32
170 28
269 27
475 15
463 27
134 24
256 32
317 20
453 22
396 16
143 31
471 10
324 20
56 20
18 23
154 17
91 32
288 3
406 31
425 13
209 22
348 12
305 28
435 9
265 10
445 15
361 27
461 8
370 16
263 16
71 1
260 29
92 12
223 25
14 15
69 2
261 9
389 25
284 11
378 21
5 26
159 29
440 27
252 2
339 31
197 17
135 16
273 30
207 11
426 4
197 27
145 29
115 17
226 6
208 23
298 16
128 29
132 3
131 15
376 1
101 20
229 11
84 29
312 30
51 30
214 32
84 6
408 26
95 17
447 18
439 25
69 22
257 12
133 11
434 28
208 7
136 28
121 19
141 25
212 31
22 17
142 13
487 26
6 13
34 4
234 17
400 30
390 16
353 30
247 2
86 6
172 9
93 25
291 25
77 10
128 6
279 21
54 17
170 23
197 24
362 26
28 22
435 13
121 31
143 31
424 4
172 8
300 5
92 6
349 16
295 20
265 9
97 6
41 22
228 21
321 21
370 20
202 4
469 15
90 11
393 2
190 17
165 25
33 8
282 17
275 12
61 11
353 13
60 13
274 11
334 15
227 15
294 9
359 2
455 20
224 3
165 25
115 29
253 7
288 14
232 26
462 28
304 14
300 19
410 9
353 27
19 28
150 25
212 28
278 26
307 6
216 4
118 15
4 15
33 4
256 12
205 21
407 1
234 14
427 28
483 16
90 13
63 31
369 14
98 31
143 9
352 2
80 1
392 11
191 5
226 11
40 11
367 23
495 1
4 29
448 26
52 17
191 22
480 11
239 9
205 9
333 12
91 28
377 26
199 27
110 20
217 14
58 4
448 8
36 7
325 31
141 16
223 7
342 30
389 8
483 26
313 23
353 27
431 17
440 25
352 18
404 16
51 10
151 2
217 22
4 21
372 8
269 3
474 10
500 31
189 6
12 1
1 28
107 15
297 15
411 24
448 18
67 30
331 26
199 12
107 6
440 3
198 4
277 27
317 4
237 30
462 16
210 6
464 25
244 24
215 26
111 6
23 21
363 6
246 1
253 29
466 16
183 19
400 3
186 32
438 6
425 15
374 27
64 1
155 7
300 25
16 6
234 11
438 32
392 8
8 32
388 5
187 2
488 2
232 5
6 9
298 30
272 31
120 11
211 10
198 22
494 17
123 31
251 21
322 10
96 29
489 31
6 24
404 25
465 3
17 26
7 6
104 2
337 15
169 3
349 30
261 26
78 19
421 9
295 22
174 2
275 27
224 20
190 31
124 10
317 8
476 12
305 27
305 17
5 25
392 1
338 12
47 4
238 19
96 5
412 29
126 26
135 6
169 8
32 24
330 5
283 21
172 12
439 28
80 23
301 15
148 10
326 18
405 24
216 24
300 11
473 1
17 11
126 17
283 10
181 4
358 7
120 29
402 6
356 14
352 12
156 19
498 22
248 2
397 7
254 8
294 14
472 22
184 14
50 10
107 14
281 4
45 4
344 6
309 23
279 5
59 15
215 24
268 27
309 16
277 18
63 18
491 30
83 23
483 13
344 1
214 13
404 14
376 3
56 25
150 6
401 28
472 19
115 23
429 11
106 14
189 28
479 27
54 6
57 4
46 17
477 11
377 8
369 12
479 12
492 4
461 32
187 5
7 17
375 31
427 1
492 23
352 11
294 21
384 2
293 1
102 29
391 14
500 3
286 14
386 29
105 31
169 15
483 15
443 29
461 26
393 25
336 25
127 1
353 18
183 5
142 20
265 28
466 5
143 27
94 12
27 3
226 19
341 12
73 16
269 14
357 5
190 24
257 8
25 10
29 27
458 10
342 15
53 15
191 3
57 4
223 32
334 24
482 23
360 19
14 12
292 14
140 5
413 13
500 29
210 4
495 3
49 5
93 17
143 3
148 28
419 2
135 12
21 12
130 28
22 7
359 29
364 23
145 25
451 12
65 24
23 12
30 27
248 11
24 2
405 31
441 19
392 23
427 24
395 32
144 32
51 26
81 26
204 29
42 18
73 7
165 23
370 3
18 1
317 29
6 25
211 31
248 26
373 10
365 23
433 4
387 15
362 19
249 13
395 26
71 23
248 7
62 17
281 31
85 21
119 19
22 21
389 25
134 5
146 30
232 10
6 18
265 31
436 1
283 18
154 9
297 26
440 22
222 24
140 27
169 14
249 26
290 29
162 15
249 19
272 28
440 13
449 20
495 16
68 22
66 14
334 10
327 13
423 16
197 18
206 17
171 22
258 32
442 27
86 19
429 25
22 8
486 27
72 16
58 15
461 11
212 3
484 2
271 18
290 19
319 27
183 1
449 12
4 2
210 13
432 18
298 2
358 11
128 21
466 5
271 31
160 31
425 3
224 15
253 17
366 23
8 4
116 28
192 23
49 21
60 17
243 9
138 32
343 13
232 12
153 22
86 32
336 10
159 20
409 23
72 26
333 15
25 4
238 12
419 7
321 30
471 7
38 8
366 24
428 25
39 4
450 13
244 2
190 6
197 14
164 24
75 8
51 4
296 16
19 6
278 15
43 12
457 8
59 26
163 6
122 1
418 32
29 13
209 3
266 21
20 13
376 23
276 18
46 31
418 8
136 23
459 6
295 11
461 21
89 11
191 22
176 4
281 24
472 21
126 1
97 10
369 21
92 32
102 25
419 7
404 2
66 22
436 32
129 20
416 5
19 14
278 10
417 15
101 32
251 27
328 12
224 12
24 3
192 5
155 10
496 26
15 9
272 18
272 16
346 27
468 4
145 13
409 25
7 13
153 30
439 24
457 10
176 8
328 15
456 6
476 23
392 2
363 15
440 6
266 25
173 17
352 9
181 8
81 24
472 25
445 27
213 29
424 20
84 16
106 15
85 25
194 20
274 4
490 13
190 31
201 10
339 32
382 12
163 18
59 27
47 23
397 27
107 24
350 22
71 15
432 28
91 9
483 32
181 17
281 22
79 17
435 30
385 16
141 23
129 11
33 11
53 5
489 19
249 18
200 3
496 11
326 6
108 13
154 32
133 18
9 11
266 19
332 18
110 16
197 2
374 25
117 26
10 17
436 26
147 19
428 2
470 26
432 17
266 13
216 2
18 4
460 31
18 20
285 23
319 25
68 29
413 4
322 14
493 2
31 23
96 3
132 17
416 31
345 1
499 16
430 8
135 13
151 8
236 23
130 3
267 22
451 31
85 20
453 13
381 19
67 9
497 27
245 16
113 26
296 4
1 17
479 28
318 17
139 29
415 1
311 21
170 29
64 14
385 32
183 5
54 29
445 7
299 6
314 16
483 6
375 7
186 29
470 19
334 5
260 20
229 14
133 26
183 28
3 27
415 1
183 12
434 12
18 20
169 8
495 15
293 21
133 2
222 23
185 31
63 4
154 31
365 26
392 27
185 30
113 15
431 20
67 28
423 12
299 15
267 18
93 31
14 17
389 23
31 21
141 1
368 7
87 8
284 22
279 21
76 23
419 18
390 29
425 8
421 27
106 27
368 18
98 18
275 26
468 9
262 29
250 5
459 8
212 2
370 14
62 17
85 25
6 14
317 14
138 29
4 11
276 20
293 17
457 31
414 12
75 23
236 16
155 10
216 6
288 21
208 1
381 24
181 6
265 14
167 26
86 26
201 1
393 1
437 17
263 26
125 5
376 4
365 10
406 12
396 25
16 3
393 4
394 18
133 30
275 27
116 8
320 28
425 1
160 25
265 26
63 13
462 2
453 18
468 30
257 27
402 28
169 14
19 22
423 7
275 29
153 10
261 21
205 13
389 32
249 5
489 23
246 23
101 2
128 4
407 5
134 20
8 26
305 31
67 32
381 1
276 6
83 32
210 15
72 14
355 17
102 7
483 3
145 31
396 5
354 2
9 31
461 8
492 22
246 6
345 11
251 16
12 17
8 9
471 27
170 13
251 7
20 18
322 16
20 13
140 18
371 28
212 3
16 8
300 9
113 12
239 19
116 2
47 11
322 2
53 31
194 16
466 1
241 15
81 16
355 4
133 9
220 17
260 3
400 3
199 4
203 30
79 10
39 25
292 9
494 24
203 8
203 12
456 7
306 24
55 21
460 23
237 27
235 8
117 30
55 7
350 25
252 24
278 3
404 21
3 10
116 17
141 19
225 24
113 22
336 15
42 11
58 7
325 12
274 1
130 24
459 11
288 11
110 17
353 17
337 23
114 17
263 10
475 3
202 27
221 17
458 2
183 15
392 31
10 22
151 3
197 5
321 29
171 14
253 27
295 18
433 24
394 24
14 4
386 3
306 18
103 7
220 13
129 27
495 15
128 9
481 29
105 30
13 28
83 5
2 9
206 7
489 23
482 2
318 23
420 24
473 22
238 28
158 19
154 12
209 6
148 17
162 32
342 26
231 25
290 17
5 20
19 1
94 20
346 4
218 5
387 18
490 24
85 27
194 3
2 10
224 25
443 9
105 8
410 19
60 31
419 1
194 25
261 28
140 3
403 22
75 25
251 1
116 20
415 26
426 1
63 29
417 29
237 17
493 6
208 4
196 6
320 22
119 5
381 10
391 15
467 13
275 6
381 22
405 8
403 14
212 18
182 32
174 14
353 18
267 20
70 22
389 25
203 23
173 27
117 3
217 31
28 15
4 28
233 28
55 19
293 10
452 18
98 18
95 26
291 17
361 24
323 5
453 17
460 13
460 28
188 20
362 31
167 30
178 7
329 29
33 2
54 29
447 15
462 18
452 16
254 20
316 8
265 24
453 20
96 4
3 19
439 8
53 25
433 11
355 30
315 24
235 12
76 17
371 1
74 2
492 4
190 23
255 14
278 3
381 18
174 15
360 29
98 21
69 27
495 20
144 5
15 22
28 30
58 10
478 8
276 13
163 1
128 21
122 17
180 14
130 29
236 6
465 17
254 14
215 24
161 2
408 11
87 11
116 29
389 5
480 32
61 14
332 20
262 13
445 25
306 6
294 21
267 14
77 4
495 16
119 27
353 22
181 8
165 12
436 21
240 7
420 1
260 19
340 21
203 24
314 24
62 3
104 8
68 16
200 11
175 6
421 16
48 10
467 28
249 26
468 5
20 3
141 19
137 24
151 19
468 20
50 13
274 21
208 6
184 31
108 3
429 20
386 32
481 8
39 18
457 10
70 32
392 26
458 32
41 24
70 32
128 27
240 1
123 32
94 18
58 21
368 2
81 5
313 5
308 27
494 12
60 11
295 15
124 28
330 21
416 31
376 31
221 32
295 7
415 5
353 28
441 12
162 1
177 30
434 28
29 27
304 28
342 18
391 9
54 24
333 1
323 17
215 15
28 29
238 14
249 14
117 26
13 6
62 9
104 31
377 28
274 12
71 31
129 1
283 10
33 4
206 15
380 8
249 3
429 18
52 5
427 24
218 24
298 24
480 1
126 4
236 15
387 18
217 12
119 20
253 11
319 31
357 10
378 21
456 10
443 27
187 5
26 12
160 15
35 28
279 25
347 10
263 14
172 20
453 14
331 13
292 29
163 16
198 17
104 17
198 10
11 8
267 28
140 10
415 22
417 25
38 4
59 21
349 30
132 9
371 14
357 2
462 32
161 15
412 20
163 9
366 9
197 12
264 4
409 14
65 26
223 7
293 9
255 13
362 2
145 16
199 9
245 24
224 1
170 23
224 4
448 17
208 16
72 15
35 17
1 11
362 3
53 6
355 11
498 16
44 6
151 26
346 15
105 22
355 22
204 2
457 11
19 4
498 14
135 12
274 15
483 7
61 7
140 27
194 29
334 29
482 8
183 16
82 7
397 4
413 16
365 21
455 23
385 20
177 11
336 2
357 22
289 9
204 20
183 13
269 12
338 18
203 32
429 8
10 5
423 2
129 15
143 15
374 15
238 10
249 1
203 17
94 19
373 18
271 27
398 23
274 7
492 24
458 9
463 12
97 9
93 1
23 3
159 28
113 17
297 9
321 16
317 7
342 17
416 8
95 21
206 16
400 6
195 1
470 5
28 26
393 25
495 4
207 9
15 12
401 4
32 10
15 13
340 20
389 7
24 8
419 25
55 22
278 30
379 11
110 2
17 15
230 31
122 21
367 16
108 32
151 19
193 5
191 24
225 28
490 20
267 24
476 25
430 10
126 4
204 24
417 24
442 31
82 23
435 29
402 18
68 25
236 4
69 3
347 21
210 24
392 32
447 20
500 28
325 14
35 16
65 4
100 10
302 29
420 20
333 5
481 20
77 8
215 26
346 17
142 7
248 22
382 23
253 30
422 5
211 17
456 15
464 27
132 21
292 23
352 16
75 12
376 24
251 26
1 29
3 30
3 18
27 9
148 27
322 26
207 16
82 19
10 29
273 21
309 4
43 24
188 5
195 23
472 21
356 12
245 26
114 20
312 28
336 19
271 1
232 21
392 21
195 13
357 20
41 1
31 11
28 10
403 26
336 11
371 16
346 31
401 31
66 20
303 13
375 17
261 18
401 28
271 12
52 23
415 8
496 21
378 15
367 1
97 30
7 23
245 32
433 22
15 7
61 25
455 15
241 32
245 13
219 7
440 3
493 22
66 20
151 28
363 9
76 11
70 6
425 19
137 21
164 3
411 16
171 14
363 3
433 31
404 7
473 7
273 1
49 19
157 7
134 23
419 9
477 20
494 1
358 18
461 13
485 16
449 15
89 27
66 9
269 1
171 29
15 24
409 3
134 17
465 23
435 23
327 7
427 12
163 16
301 28
157 17
199 25
292 7
415 17
159 11
29 29
127 23
476 3
162 29
452 2
227 26
213 17
149 3
224 7
274 25
490 14
161 12
34 8
178 24
160 32
334 8
221 8
287 16
347 24
157 30
425 31
35 17
288 23
127 11
198 5
387 31
182 12
227 24
351 28
219 11
444 17
254 24
364 16
211 2
487 19
211 32
454 22
400 1
132 3
307 9
131 14
220 24
445 18
231 11
53 30
361 8
354 7
11 5
154 6
131 29
144 5
256 9
290 11
41 6
385 20
306 19
393 21
179 25
322 25
335 19
358 24
370 3
310 25
280 19
158 14
159 21
454 10
250 12
421 6
369 1
489 30
172 25
51 30
421 24
258 20
246 12
303 4
30 8
200 21
278 25
70 9
9 20
54 10
471 6
400 15
131 8
216 26
325 30
151 17
138 12
352 31

