256
378 28
69 25
318 16
410 14
81 13
461 11
2 29
166 12
363 13
175 15
116 23
500 31
327 25
177 27
298 19
189 15
203 18
8 4
189 1
233 25
433 2
324 26
442 17
329 17
366 19
35 9
130 10
431 20
458 23
350 16
405 23
282 23
296 5
478 8
409 11
456 17
256 3
478 9
120 15
205 17
161 23
169 10
272 31
450 2
205 11
337 29
337 14
68 8
259 13
319 23
107 15
360 2
257 17
263 4
347 3
212 32
206 12
1 25
330 6
410 30
101 10
347 17
68 14
421 10
310 7
196 17
217 7
334 6
448 28
53 22
415 29
153 24
348 30
300 18
455 10
415 19
11 9
344 10
26 28
107 16
206 19
308 23
413 17
100 16
237 4
154 11
268 26
474 8
311 17
145 26
186 7
172 13
172 15
126 5
482 9
236 12
91 19
462 19
184 29
215 16
64 8
274 32
25 27
151 24
223 31
305 5
205 28
105 20
343 6
425 20
166 12
363 8
55 32
111 2
88 29
213 28
44 10
39 4
436 1
107 14
483 11
418 3
387 2
415 17
456 15
404 21
350 3
81 24
294 23
197 30
367 9
89 22
98 19
329 21
315 20
395 17
346 20
335 4
186 9
164 29
439 24
465 17
390 13
248 27
87 1
268 21
57 16
362 27
482 3
391 20
478 17
444 19
449 23
111 26
379 10
478 22
45 6
310 26
339 13
469 21
353 12
230 22
92 19
268 29
485 30
221 10
147 20
341 19
294 19
432 9
76 1
194 29
202 3
258 24
411 10
317 28
314 22
377 17
488 32
181 29
5 29
138 11
417 2
449 26
428 8
438 16
140 31
328 14
485 1
233 16
163 17
363 32
94 27
232 14
234 28
406 22
165 15
241 9
373 29
346 4
421 4
155 12
266 30
401 3
419 30
350 9
34 28
408 20
302 23
413 15
254 10
124 10
212 4
202 8
257 20
88 5
183 30
236 24
428 9
50 26
474 11
130 19
462 9
486 27
379 6
297 16
67 13
254 7
488 11
418 16
206 25
272 20
99 4
40 18
348 5
223 17
340 12
31 21
92 9
64 18
118 24
305 29
336 26
19 20
217 16
271 2
441 23
14 31
402 1
416 5
493 26
273 20
193 23
337 24
375 24
105 13
463 9
381 19
171 11
326 7
186 8
12 2
138 29
368 23
281 15
491 2
124 15
309 12
270 29
303 4
396 11
488 3
168 24
213 22
266 26
428 28
485 3
281 31
168 29
365 28
135 16
425 19
322 18
130 3
82 1
87 2
191 22
40 30
442 24
47 15
141 14
362 17
265 7
451 16
495 4
231 13
23 8
443 16
93 29
435 6
5 25
3 7
446 10
405 27
145 23
298 17
129 19
262 21
5 16
28 27
379 14
332 5
117 6
97 13
198 7
235 30
255 25
101 12
131 9
439 3
159 16
264 3
246 21
383 27
440 26
453 23
372 28
71 28
262 15
401 3
49 27
365 19
75 5
355 21
321 5
184 11
28 11
118 21
175 4
227 2
262 4
284 5
167 19
324 32
373 8
91 22
210 3
76 21
271 6
341 19
222 32
421 29
174 10
226 8
390 32
314 11
335 1
487 2
155 14
281 20
386 3
301 23
29 16
83 11
10 20
241 31
151 26
184 29
403 13
24 16
64 13
146 15
138 8
252 32
146 16
23 11
107 27
181 23
403 12
286 32
39 30
494 17
243 25
365 26
437 17
141 17
429 3
251 10
122 14
414 31
385 28
1 15
259 10
330 1
297 7
424 19
344 29
375 27
94 16
84 26
332 28
382 28
214 8
382 8
485 15
306 18
230 15
212 32
192 5
352 12
7 31
174 15
192 32
141 17
491 28
18 14
151 20
286 21
235 15
52 16
461 1
441 6
367 32
382 6
45 5
397 15
360 14
105 31
470 5
39 28
172 24
134 23
159 19
39 6
437 6
465 29
150 21
438 21
408 7
426 24
404 11
355 15
244 3
165 5
408 27
25 7
462 10
105 29
280 7
218 28
436 22
464 18
438 25
454 29
424 31
149 11
53 27
441 1
165 5
361 4
11 5
3 16
246 7
148 9
454 13
92 25
250 27
326 11
12 15
384 19
362 28
261 22
386 21
62 18
9 27
474 23
159 32
46 13
138 18
281 19
262 25
480 32
483 21
198 6
288 17
428 17
464 20
414 1
92 28
251 32
398 8
322 20
255 28
312 12
413 21
483 10
169 10
37 31
322 19
497 1
167 28
109 15
316 23
183 23
202 1
211 7
212 12
358 14
251 26
210 19
114 24
41 26
209 5
136 30
163 28
491 26
408 15
164 7
325 22
333 22
483 19
476 30
427 22
12 5
355 5
44 28
116 20
453 28
12 12
205 15
424 23
208 31
498 15
257 10
420 1
200 26
132 27
448 18
212 3
86 30
383 13
237 2
416 13
25 24
481 21
158 32
424 13
86 17
439 2
94 30
282 25
112 21
172 15
322 3
73 28
153 23
240 25
156 8
430 20
139 30
408 4
165 19
12 26
455 10
443 29
307 28
397 30
489 8
32 22
155 28
421 11
410 25
195 9
20 8
96 30
385 4
305 1
390 16
298 25
117 20
97 31
168 9
45 32
265 8
169 27
32 6
77 21
102 7
358 29
247 25
482 19
160 26
180 18
453 13
98 1
273 30
195 16
390 27
299 22
167 3
424 6
56 20
490 5
123 23
129 9
152 26
351 11
247 14
64 27
63 5
471 27
206 26
478 8
108 24
101 22
94 13
323 2
24 21
158 26
11 7
218 26
248 29
177 19
302 32
397 4
253 8
402 6
237 7
405 20
358 10
470 24
382 4
453 21
456 30
255 3
248 16
332 4
392 32
194 22
100 2
261 4
161 23
309 9
97 22
241 27
71 6
258 20
353 10
208 1
171 22
127 11
286 30
118 17
318 3
74 29
104 31
268 13
201 8
161 17
493 17
455 27
314 28
218 31
273 22
327 12
239 1
66 16
262 3
53 27
197 6
347 8
312 22
64 24
394 9
13 26
181 19
153 15
31 2
365 19
147 11
450 2
347 19
113 8
401 17
391 25
495 25
397 26
203 20
22 12
240 26
333 21
204 25
119 26
207 15
241 17
25 10
90 3
409 3
182 17
219 12
258 9
13 10
371 19
317 20
14 25
129 2
181 24
35 15
122 21
281 30
93 21
403 23
379 3
237 32
472 11
336 29
20 16
86 22
266 2
485 31
162 21
476 6
500 26
140 29
250 16
334 19
280 1
229 26
251 1
422 22
123 5
154 30
308 23
235 21
493 27
351 18
387 18
496 27
188 11
7 25
259 17
335 30
429 19
48 19
231 17
105 30
77 26
199 8
497 14
308 9
356 14
494 23
187 17
481 10
328 7
15 22
179 13
475 7
264 10
490 18
194 2
199 14
203 10
357 11
183 16
391 30
173 13
484 28
225 4
85 24
303 7
489 1
300 32
292 19
189 1
408 3
78 19
356 28
208 5
35 18
376 25
131 17
161 3
260 2
78 16
141 16
147 6
213 10
297 24
212 13
488 31
71 25
429 31
400 12
491 26
377 22
359 12
118 23
474 17
108 19
425 17
283 23
82 19
368 26
202 27
66 1
49 21
457 10
267 12
465 21
142 18
326 24
53 16
222 10
172 6
280 32
282 30
18 11
260 21
92 25
463 9
1 8
497 17
341 15
17 5
223 2
350 13
361 18
344 6
279 27
115 23
463 32
472 16
258 4
69 13
44 19
210 21
394 18
205 10
173 1
243 3
230 4
295 26
346 10
24 16
5 10
386 31
34 26
150 19
293 18
196 24
101 21
84 30
462 17
432 6
361 22
381 19
469 23
32 14
313 11
142 5
45 3
487 30
88 16
424 24
206 15
420 6
375 27
3 9
143 10
322 28
311 22
298 24
229 25
297 13
88 2
61 24
169 19
265 32
34 4
488 3
159 7
396 21
261 11
221 12
184 11
111 19
448 20
330 12
440 14
420 15
268 8
362 20
378 26
395 28
18 10
2 16
492 6
60 17
148 1
360 3
379 2
381 10
229 30
206 32
188 13
399 27
457 20
94 14
90 32
449 11
74 7
134 25
52 29
21 27
177 4
85 7
201 18
233 25
175 6
301 26
414 7
168 6
310 1
260 7
453 28
357 10
362 10
146 13
35 11
167 3
398 4
470 19
217 26
231 3
343 3
105 16
433 16
330 3
89 9
345 17
500 26
270 6
43 27
478 9
433 25
492 19
248 21
133 16
218 15
58 12
98 14
19 26
138 16
124 14
288 5
118 28
22 23
1 32
301 18
345 22
326 20
416 5
500 12
388 21
114 6
128 11
459 26
93 16
346 32
173 1
36 26
124 1
176 28
325 1
306 9
62 23
356 29
56 3
228 15
275 1
240 22
52 7
399 16
498 24
63 19
433 19
312 20
359 28
32 19
168 29
203 17
171 22
409 14
116 20
373 14
476 16
143 31
366 18
374 12
489 29
386 1
387 9
477 1
36 4
132 31
400 14
283 18
96 27
500 27
326 28
101 2
39 11
180 1
136 14
268 5
342 9
397 24
349 25
176 21
436 11
439 27
197 2
257 28
412 12
354 10
331 30
39 17
49 10
273 4
123 28
12 32
44 13
43 21
485 15
481 1
229 27
107 17
492 7
68 24
322 2
141 24
227 11
373 7
100 25
163 11
37 18
38 24
286 1
28 3
3 20
395 7
131 29
8 10
420 3
377 21
496 1
245 3
251 21
201 31
113 19
277 1
241 18
285 2
450 4
500 32
376 6
35 6
451 30
331 6
468 16
462 4
428 6
38 27
26 14
233 7
453 1
343 5
26 31
70 4
143 10
279 26
315 9
227 17
206 13
486 6
116 16
489 12
357 14
426 15
115 30
225 27
370 27
463 15
46 5
222 28
454 21
409 28
165 19
237 3
43 2
44 27
21 16
258 6
409 11
112 23
44 8
294 5
254 16
159 27
140 5
338 1
85 10
417 21
232 9
119 27
226 30
137 27
45 26
328 9
428 19
328 11
478 17
235 27
80 1
382 20
477 11
368 29
317 16
310 16
288 8
174 2
294 30
464 18
203 27
143 26
285 26
452 6
294 18
344 9
79 21
148 23
148 16
468 20
151 5
215 23
408 13
452 17
50 19
39 1
409 29
86 25
2 30
306 31
223 29
223 1
430 3
60 17
238 11
392 16
7 6
326 26
346 29
115 28
395 13
352 27
37 21
199 30
326 16
388 1
209 2
53 30
332 24
214 21
490 17
309 16
414 10
262 8
115 20
359 21
84 30
368 8
498 2
361 4
422 32
76 30
209 4
119 5
240 8
461 29
288 29
429 13
107 22
312 13
417 22
433 8
231 16
471 5
218 19
108 3
282 11
472 18
310 26
234 9
421 15
482 24
167 18
112 17
451 24
345 15
297 30
70 32
429 4
312 30
74 11
136 7
453 31
196 2
196 14
15 24
328 16
379 6
257 19
119 7
118 19
277 22
92 10
145 29
237 24
18 2
226 26
16 22
260 31
292 16
344 2
275 7
153 22
165 17
496 3
319 17
449 11
378 5
144 27
413 32
330 26
41 20
435 8
85 11
470 32
206 18
181 32
336 17
485 4
93 28
486 23
444 27
209 18
327 20
196 31
435 29
372 19
432 11
234 25
57 32
244 14
221 25
93 8
461 2
408 10
261 17
168 9
179 1
230 9
432 5
95 7
5 31
193 17
477 19
157 29
482 32
146 2
176 22
109 1
167 20
42 20
261 9
336 15
289 21
296 29
45 30
87 25
412 27
337 4
57 17
272 30
245 9
443 8
7 8
260 21
419 17
304 31
214 3
322 2
259 5
74 15
210 32
204 30
143 16
361 7
385 1
293 17
401 3
400 7
138 32
432 5
164 3
439 9
78 16
231 28
228 8
491 22
168 18
263 2
85 19
360 1
459 12
97 28
239 9
118 24
360 29
136 23
488 31
252 5
38 10
252 2
489 10
407 24
287 9
465 28
495 1
340 14
180 13
165 26
489 10
498 28
183 13
74 6
411 17
86 25
10 9
418 11
283 16
6 13
196 27
440 18
147 4
495 6
420 7
448 4
293 17
459 23
281 16
496 8
61 5
344 26
121 25
272 31
288 6
324 31
248 19
376 26
394 15
423 5
233 30
72 5
18 6
203 11
414 22
342 22
482 17
395 7
149 19
209 16
444 16
122 23
147 29
140 24
71 14
205 32
136 4
32 25
306 31
451 31
284 20
44 14
180 2
424 12
456 24
115 11
368 8
293 10
437 16
405 15
346 29
162 9
385 18
485 10
132 4
112 3
431 27
384 27
444 3
290 16
143 1
150 2
492 27
23 12
226 11
287 7
388 8
255 8
197 16
165 8
27 24
95 9
282 26
419 13
137 9
476 23
465 22
288 16
272 2
88 25
440 22
272 19
25 14
450 22
117 10
401 15
241 7
452 18
473 26
99 29
78 26
239 10
51 10
202 30
391 21
171 22
14 22
361 6
319 2
463 32
276 24
78 12
358 5
390 30
399 28
142 32
413 12
222 4
109 3
285 31
63 23
33 32
248 29
317 15
54 32
2 9
495 27
49 20
312 18
386 30
129 11
389 1
111 6
356 11
384 5
422 30
299 30
373 7
198 2
317 23
321 2
432 23
100 20
18 27
121 27
324 17
134 21
493 28
26 21
166 2
193 15
207 19
392 28
241 5
121 13
192 29
78 27
255 10
306 28
292 18
379 28
378 28
32 18
459 9
70 28
318 30
415 9
105 22
456 9
99 32
106 22
368 3
116 14
212 29
97 16
198 31
323 15
190 26
296 16
262 6
476 12
479 22
308 19
399 23
132 5
190 17
490 17
271 9
382 31
377 6
190 18
305 24
500 30
69 32
346 18
13 25
113 7
62 16
426 24
34 21
161 27
145 22
483 23
459 8
101 3
46 2
261 18
153 20
47 9
407 28
255 23
64 23
114 1
139 23
289 12
299 21
99 15
302 17
209 8
149 26
299 6
451 31
395 20
170 5
380 5
333 22
51 20
353 24
225 19
54 13
14 24
313 4
146 10
45 11
78 13
368 28
386 30
286 8
125 11
72 13
235 12
490 10
4 14
301 20
184 15
92 30
58 32
161 12
221 21
262 26
249 25
377 18
298 14
117 7
321 5
279 7
296 20
44 15
462 17
230 1
199 1
194 4
224 31
311 9
263 4
446 20
52 23
349 18
336 30
476 28
358 10
63 17
225 18
8 30
450 1
35 32
58 28
108 1
286 18
429 13
194 11
412 17
49 4
446 4
429 25
392 2
26 2
143 31
411 18
140 21
386 26
212 19
254 23
280 15
293 28
87 30
286 26
230 6
110 16
70 30
448 9
176 10
266 18
428 28
319 3
388 20
241 4
351 18
474 26
32 2
189 27
251 27
468 13
160 17
360 9
467 3
41 14
484 26
311 19
334 1
330 5
36 18
376 26
415 2
219 2
115 8
268 2
86 16
402 1
16 9
178 14
271 26
475 23
228 25
369 9
117 30
485 13
267 21
94 17
62 25
479 24
72 14
245 1
333 6
105 29
258 10
182 25
352 5
487 23
497 23
343 22
405 11
470 3
391 7
56 20
375 6
480 30
131 4
158 16
222 31
16 23
44 21
211 11
57 29
177 22
404 31
19 8
50 12
182 8
402 29
392 17
122 7
426 21
446 12
272 19
198 15
498 17
335 24
192 28
257 28
445 8
239 27
171 4
302 24
79 23
441 6
331 22
192 21
18 22
44 13
304 9
75 17
185 30
9 20
153 29
96 9
276 10
411 18
177 8
149 23
266 29
77 5
3 8
205 28
405 24
309 5
192 3
213 24
496 29
456 24
337 27
244 28
440 2
261 16
69 22
370 7
350 2
283 4
66 3
224 6
438 8
382 25
118 31
208 10
167 27
261 20
417 1
171 24
362 28
323 11
45 13
117 2
194 27
450 23
237 5
433 22
56 6
6 21
112 29
286 31
80 31
486 12
255 32
408 32
143 10
250 11
126 26
285 4
116 18
430 16
258 22
229 1
380 18
337 31
151 19
121 6
373 14
429 15
318 20
446 8
270 24
147 19
265 31
418 5
16 16
84 5
413 25
289 32
250 25
135 24
451 27
481 27
65 14
5 22
301 23
341 30
498 15
317 30
121 6
494 28
433 22
112 26
94 4
489 23
377 23
95 7
230 11
206 26
40 10
27 25
12 11
410 13
58 6
475 6
164 12
18 32
397 1
145 14
233 18
37 1
108 19
139 25
409 8
334 21
406 32
141 17
79 2
130 4
480 8
17 19
423 10
90 20
367 11
13 15
72 5
59 3
31 21
220 20
97 13
240 14
265 20
270 23
429 27
182 28
354 2
402 21
436 32
448 22
430 8
252 5
361 18
31 3
62 2
182 2
155 29
11 27
300 13
317 5
31 10
340 9
399 14
13 22
437 4
339 22
271 14
70 23
103 32
374 5
202 15
26 16
328 21
330 27
169 26
59 7
495 31
287 13
344 11
431 24
110 13
349 25
211 6
363 25
17 8
181 6
495 3
129 2
95 30
152 23
455 27
165 25
461 12
194 4
102 8
435 4
392 7
444 14
200 10
119 16
246 3
490 8
209 10
265 27
428 4
65 30
478 14
183 22
33 28
93 14
351 19
197 22
309 12
48 4
150 10
428 7
168 9
338 17
238 22
31 25
221 28
399 23
29 13
488 1
160 5
46 10
107 31
103 16
86 2
127 31
167 6
481 23
174 18
415 32
123 17
428 32
392 14
42 20
462 1
332 1
461 2
130 28
472 9
39 9
86 29
144 21
423 12
291 16
294 17
211 4
1 7
111 13
20 24
164 14
385 20
102 29
225 24
468 20
168 2
104 9
375 3
357 1
223 7
96 12
55 31
135 24
149 18
448 24
249 3
1 1
458 19
182 10
38 21
229 9
7 25
309 21
431 14
29 9
16 4
372 11
134 3
126 6
104 5
154 28
387 2
337 29
108 26
378 29
18 3
201 4
291 22
108 21
379 12
78 22
464 17
316 17
159 1
435 6
69 20
466 12
93 30
4 9
171 13
197 4
339 10
268 9
259 31
54 1
363 27
382 26
135 22
126 30
490 32
407 27
147 4
218 8
25 13
292 23
453 20
87 8
237 2
272 27
80 13
483 10
159 17
119 18
62 13

