256
198 8
199 22
233 16
449 11
354 32
412 22
414 3
451 14
240 20
222 19
111 26
9 24
339 1
425 10
359 12
453 32
404 12
337 16
227 9
18 4
253 1
197 30
120 23
71 3
111 28
241 29
358 22
353 16
14 21
301 9
341 10
280 20
461 29
231 15
253 28
118 13
29 10
227 32
313 21
358 11
293 23
347 6
52 27
49 1
328 13
289 16
158 17
263 10
389 5
156 17
444 9
350 28
291 8
471 19
224 29
377 12
131 3
17 30
126 5
450 13
118 7
472 7
11 30
245 3
430 8
391 1
25 16
197 3
19 23
269 19
347 17
110 5
71 15
362 16
395 32
148 4
402 23
139 28
56 27
162 21
282 16
210 18
496 18
472 22
424 8
460 27
236 6
451 11
400 1
2 6
476 22
158 5
472 20
492 32
178 29
364 15
408 9
469 11
478 20
473 2
180 8
376 19
353 26
73 32
490 23
398 25
428 15
45 23
202 28
130 15
392 10
393 4
418 29
258 12
301 14
1 12
162 8
98 2
53 27
470 27
97 7
211 28
125 16
274 22
347 8
260 3
249 32
242 2
13 19
265 13
81 25
496 22
492 21
459 1
263 24
439 31
146 13
234 18
460 12
151 7
263 10
397 3
62 14
380 6
340 17
90 32
261 9
13 9
29 12
149 12
399 3
2 1
439 4
370 11
95 25
57 1
282 25
423 11
146 6
120 5
298 1
405 31
145 25
163 6
388 15
317 7
249 26
387 31
53 24
289 11
128 25
207 18
1 13
104 22
431 12
483 8
432 31
490 21
155 12
102 27
166 10
385 10
235 7
305 32
378 17
138 14
290 21
267 26
473 26
140 19
93 10
335 17
360 32
305 30
32 30
260 5
175 24
463 9
118 23
400 28
359 18
353 16
382 7
290 6
488 25
109 5
402 19
309 9
470 25
126 29
222 30
50 28
85 16
8 19
278 12
198 12
297 22
488 2
20 5
235 27
57 31
143 30
489 19
70 3
267 11
163 32
136 32
235 29
223 31
423 20
354 28
340 6
373 27
31 12
455 13
454 27
460 5
172 28
399 29
258 2
139 29
357 15
484 28
347 11
38 25
410 3
92 29
392 4
279 14
59 21
186 20
447 5
460 6
445 15
62 30
228 9
326 16
179 22
379 1
368 4
349 29
158 12
82 13
107 16
322 29
297 20
380 19
4 8
417 24
402 26
2 5
382 15
416 24
136 31
140 3
62 16
336 8
279 25
120 9
480 14
253 12
301 21
223 24
176 23
252 17
468 5
409 18
431 8
113 23
322 1
125 8
92 24
455 11
228 2
107 24
15 24
335 15
344 1
471 7
399 22
299 7
178 11
68 12
234 32
230 24
136 27
291 16
166 13
450 2
170 12
305 29
119 27
203 14
252 17
184 18
246 10
368 31
40 15
235 6
319 12
33 14
22 27
33 24
419 22
285 20
242 17
124 4
283 27
26 6
351 5
184 17
43 15
75 2
42 25
411 12
477 3
17 10
265 22
37 3
383 25
123 12
113 6
336 20
276 1
429 11
421 16
279 19
219 9
101 28
14 27
471 6
454 31
339 26
388 16
105 31
400 19
98 17
28 25
260 24
497 28
134 30
356 28
84 10
116 4
333 5
47 11
322 28
141 25
273 29
92 17
151 15
307 4
207 27
33 2
342 21
358 19
298 9
90 2
286 17
269 22
38 3
124 31
18 8
75 19
144 30
19 30
361 6
394 11
364 30
385 17
158 10
383 4
306 16
41 3
380 9
264 21
476 23
332 9
2 10
135 2
276 30
291 20
183 32
406 2
313 10
306 15
235 20
278 4
363 22
186 2
478 29
215 9
187 10
150 17
155 12
38 26
289 16
269 11
216 11
72 12
316 29
202 7
416 11
294 18
500 16
224 30
280 10
134 31
335 23
359 5
419 32
123 11
427 11
234 30
269 1
226 9
182 3
339 13
110 24
227 13
315 18
142 19
239 16
265 13
262 31
265 8
222 15
443 12
334 8
494 14
480 19
390 5
497 4
462 2
416 16
271 2
489 24
176 27
39 4
3 13
118 23
184 31
210 6
191 31
301 20
348 21
254 2
497 26
169 10
60 32
497 10
166 25
93 21
415 8
485 25
284 26
240 7
145 21
445 3
195 25
18 30
229 27
483 6
224 4
35 15
87 8
464 4
368 25
297 19
40 17
255 19
438 26
493 2
294 5
416 32
182 25
234 10
407 28
487 7
219 30
117 2
405 13
261 4
489 29
110 4
393 1
54 23
358 14
264 8
483 28
343 16
316 4
129 7
144 8
57 30
489 1
371 9
253 4
220 17
392 2
472 13
194 9
319 27
275 26
406 9
113 9
476 9
28 16
355 11
71 27
33 27
83 7
155 8
386 15
132 10
204 12
118 17
332 24
151 10
221 13
66 6
157 9
466 32
145 28
207 15
82 19
126 16
345 12
203 3
358 15
212 9
290 1
161 13
468 4
431 8
368 8
225 4
37 26
411 9
213 13
247 10
59 32
310 24
208 16
486 5
198 5
478 23
229 6
312 28
301 26
439 24
89 16
247 17
57 30
9 30
126 16
63 9
331 32
88 26
236 25
455 13
473 12
272 1
421 7
100 26
28 30
93 32
405 12
445 22
349 9
83 18
264 25
10 7
221 25
336 8
373 30
240 13
73 23
397 26
149 8
419 28
238 3
496 18
202 12
103 22
96 25
228 12
182 1
306 10
186 17
209 10
283 4
255 23
163 3
52 23
351 2
339 16
333 14
229 18
125 8
288 12
368 15
283 17
103 8
154 8
433 10
50 7
162 8
421 8
306 13
486 20
294 16
243 18
9 4
364 21
155 11
409 10
369 23
275 7
483 20
463 23
142 32
481 11
167 25
182 16
77 15
480 19
195 6
200 27
397 7
40 19
417 16
277 9
490 23
460 4
330 30
386 7
433 22
329 3
471 2
274 19
29 21
269 15
31 9
129 3
383 24
182 32
467 18
436 13
360 23
428 17
168 10
216 16
383 8
402 13
406 4
252 26
132 4
212 18
488 16
293 27
8 10
22 14
431 1
282 2
56 10
34 11
227 9
27 17
145 12
166 26
159 29
39 7
140 26
156 12
89 12
350 16
421 31
274 15
383 23
196 22
468 2
365 18
478 27
359 26
374 32
375 21
144 5
27 27
366 18
262 7
482 11
254 18
37 19
457 8
286 16
209 9
233 29
3 27
167 29
36 29
236 7
425 23
27 11
365 9
484 23
199 25
293 4
219 10
35 11
101 32
178 13
276 11
438 2
473 32
490 24
348 25
122 12
307 9
74 32
393 18
2 31
374 22
98 20
327 24
118 15
303 24
440 31
58 5
208 6
332 30
389 32
126 27
303 5
363 1
308 19
138 25
49 27
306 18
159 13
130 12
263 32
275 22
362 4
430 30
65 30
471 6
293 16
168 7
380 2
175 23
136 24
199 4
379 29
181 1
341 30
16 3
94 15
157 27
474 18
376 27
199 18
344 11
294 31
290 21
40 24
64 19
332 26
210 2
470 10
450 30
404 13
265 5
255 25
303 13
358 23
471 25
228 6
103 9
176 20
250 3
60 9
93 27
278 10
156 24
247 29
261 26
69 21
498 4
297 29
108 23
183 22
267 26
243 17
487 30
113 32
336 16
400 20
118 9
433 5
276 15
377 21
181 9
265 6
324 22
182 27
420 20
8 26
478 10
406 16
19 14
199 6
393 22
485 6
126 21
282 30
300 10
142 12
307 26
361 30
319 19
61 26
258 8
127 19
22 29
198 24
402 16
98 7
197 22
156 3
203 22
76 14
299 17
185 17
326 9
235 25
439 7
86 1
66 5
283 31
449 21
479 10
80 20
348 9
9 28
451 19
145 10
212 15
298 24
48 3
293 14
119 27
132 13
279 1
121 14
136 17
246 22
122 5
41 10
305 17
177 23
260 21
336 3
263 25
71 2
256 27
147 22
445 2
282 16
327 18
489 2
322 30
427 28
262 31
117 15
367 9
25 18
113 5
449 31
345 15
241 24
233 15
178 29
17 15
252 19
213 8
8 2
325 10
181 7
104 1
357 22
89 25
448 5
93 28
280 26
118 4
389 18
258 30
378 2
377 26
320 13
73 7
326 6
464 11
188 23
7 32
37 20
276 20
500 21
83 27
158 24
2 30
401 16
464 22
89 8
111 5
132 16
439 1
137 27
19 32
469 22
219 29
325 22
192 32
214 30
307 23
325 24
121 29
271 16
355 24
127 1
472 10
204 6
418 4
312 21
15 17
462 1
341 18
79 29
461 32
158 11
367 15
279 11
59 9
422 29
464 16
434 27
157 13
345 2
329 32
10 19
140 31
280 29
108 10
365 1
353 18
391 31
208 13
57 11
274 2
235 21
25 4
172 9
157 16
255 1
375 32
31 31
439 6
347 14
371 19
318 24
84 25
146 4
229 31
114 26
180 20
91 17
368 30
237 8
129 3
212 27
311 26
369 1
256 19
294 14
277 28
405 9
172 27
356 24
253 25
106 24
20 32
340 3
309 1
114 9
123 17
143 5
271 28
181 10
430 19
207 19
290 28
419 1
162 6
416 14
446 9
401 9
68 13
56 4
21 21
368 15
346 15
428 16
226 24
345 23
138 15
361 23
14 3
91 31
256 15
144 5
231 17
370 31
137 25
378 9
93 14
3 18
460 10
257 5
242 25
191 11
4 4
10 17
34 24
396 14
310 27
194 29
435 31
43 7
339 28
79 4
369 6
73 4
215 22
364 16
282 3
39 21
458 28
6 11
499 21
132 25
291 10
53 26
240 15
148 31
366 15
214 19
160 22
62 2
467 30
182 25
332 12
237 5
119 18
131 25
494 7
129 21
292 5
214 23
275 13
313 29
439 22
227 14
164 4
324 22
65 1
230 32
428 27
36 18
412 19
14 18
133 27
394 8
27 19
158 18
319 19
146 26
348 28
59 19
11 22
493 32
90 22
323 1
244 3
414 28
377 28
413 13
126 18
136 20
468 17
305 2
115 18
247 11
321 2
177 12
391 5
259 13
95 9
201 10
439 31
345 31
98 17
175 15
266 30
374 5
455 7
371 17
480 1
235 5
126 24
484 25
284 26
201 22
174 17
420 13
219 4
279 8
225 22
390 22
467 24
427 1
146 1
194 21
117 12
129 3
191 8
111 31
205 31
56 3
63 19
343 30
91 25
301 11
130 27
156 1
10 26
369 15
230 18
483 27
342 28
293 32
75 23
358 4
65 18
362 3
240 20
464 26
380 5
144 26
159 4
106 16
233 26
26 23
388 32
13 9
471 13
464 30
59 6
381 23
87 6
453 26
149 25
8 4
385 23
389 27
154 22
62 23
172 7
53 27
298 29
491 1
221 10
166 11
479 30
253 5
491 25
243 27
325 18
18 13
104 27
103 2
104 16
496 31
454 4
37 28
464 27
372 8
185 25
314 19
286 18
80 24
326 22
414 27
275 15
211 14
41 14
487 25
181 6
271 19
233 16
238 8
38 9
231 14
497 32
237 22
165 24
57 27
341 30
141 19
104 27
344 21
368 15
141 5
368 3
183 29
274 4
500 28
28 19
385 12
478 9
157 3
140 13
133 12
34 17
94 21
327 30
133 19
324 21
95 31
240 13
495 9
48 31
176 27
77 13
302 2
385 6
48 21
170 32
4 27
8 30
191 27
91 24
381 6
300 3
308 3
103 31
52 30
149 15
280 13
491 29
130 16
390 18
252 19
61 3
113 1
408 27
255 26
478 7
115 30
313 3
168 23
77 11
268 29
150 11
301 20
331 22
219 8
459 6
130 24
429 6
440 8
248 18
38 18
180 32
207 32
278 14
110 2
445 9
430 18
127 6
85 25
12 8
28 2
125 25
341 21
102 16
93 29
325 30
278 24
485 28
199 31
358 12
468 2
36 30
247 6
331 23
470 30
486 29
164 11
5 24
367 18
136 27
159 8
292 28
168 21
420 22
391 1
26 18
282 21
459 20
279 18
62 24
483 8
97 14
362 9
150 16
411 13
391 9
448 2
356 19
310 27
185 8
107 10
114 28
474 8
267 24
213 25
352 8
228 4
341 17
104 26
168 6
478 10
434 26
240 18
244 1
120 20
305 7
341 2
466 27
341 17
418 2
413 1
101 8
420 29
80 16
135 23
389 28
305 3
241 12
168 1
148 31
116 20
13 17
221 7
123 30
63 28
319 31
13 7
466 32
63 29
159 25
143 4
13 19
74 9
194 25
293 10
379 29
497 28
217 18
74 23
335 24
82 13
314 14
275 27
82 21
27 28
238 9
139 2
320 4
58 25
156 19
58 19
111 31
130 27
476 15
221 30
42 2
166 27
452 28
337 29
128 11
272 29
383 23
318 14
178 8
67 22
226 8
72 8
382 21
218 21
107 18
18 8
443 27
206 2
474 22
426 6
404 22
318 18
164 32
340 5
11 6
378 32
233 1
127 19
1 8
323 23
485 25
106 11
375 31
173 9
352 10
302 19
499 15
245 10
458 4
207 20
45 8
407 21
33 25
243 29
80 14
492 24
258 17
343 24
408 15
184 3
464 13
218 23
308 26
180 9
101 14
85 5
322 15
125 30
80 32
90 7
285 13
75 18
30 1
377 13
431 9
399 6
249 4
412 16
133 28
25 25
477 21
81 30
303 22
355 10
425 21
393 1
377 15
454 30
383 26
46 29
242 25
262 23
264 30
250 25
265 30
333 1
86 14
243 21
323 25
474 23
245 14
159 14
184 8
231 10
441 21
82 3
73 8
229 8
369 30
436 29
456 17
77 13
386 27
281 32
120 31
306 32
472 12
337 8
75 24
73 19
196 23
253 24
202 13
159 2
311 31
406 6
215 26
158 12
5 19
159 8
397 32
339 28
279 20
375 29
447 20
71 22
158 4
113 7
156 11
132 26
217 5
83 23
222 17
382 18
31 12
201 19
355 32
146 21
419 17
337 29
24 32
358 13
435 30
391 18
444 26
408 17
410 10
295 27
82 9
209 28
420 5
242 31
300 28
111 22
464 4
434 15
59 3
167 5
316 13
434 8
430 1
124 3
183 30
173 4
298 9
80 26
142 13
344 17
412 10
363 19
253 24
213 15
291 27
155 26
287 9
69 12
133 24
258 19
314 11
283 27
15 22
180 32
386 11
153 10
329 23
376 1
14 29
96 8
319 2
114 30
42 2
173 19
430 23
341 15
417 27
205 19
188 29
291 18
259 3
427 27
309 22
372 6
242 11
330 9
420 15
18 22
180 14
488 9
324 12
351 4
7 32
375 22
292 9
471 2
459 1
489 3
51 24
292 8
178 21
204 13
267 21
410 19
115 9
55 6
281 18
382 27
165 32
332 12
420 23
357 18
51 9
200 13
408 27
245 1
316 4
386 18
21 15
380 27
396 31
276 12
396 9
314 32
412 21
367 15
299 23
264 2
124 19
302 31
306 2
468 29
198 13
54 30
499 18
56 18
72 23
273 31
340 2
378 7
83 8
286 1
22 21
286 29
364 16
176 21
337 27
141 22
199 30
455 1
331 10
295 30
45 15
72 32
5 25
486 7
396 27
23 30
376 9
62 23
248 21
259 8
435 27
470 21
296 16
386 7
138 8
232 26
98 32
417 6
104 30
392 24
229 19
269 8
223 14
194 18
123 8
405 17
406 22
394 25
2 27
31 31
310 3
172 23
418 16
213 25
193 8
372 5
370 4
376 20
26 9
413 20
76 30
408 17
43 9
34 24
283 8
34 4
326 13
203 11
496 23
116 9
370 19
313 24
183 25
35 8
313 16
59 17
469 30
369 31
323 10
259 9
318 12
401 27
201 7
238 20
369 9
440 26
43 9
181 17
497 28
136 1
367 18
49 23
364 18
49 22
171 11
142 12
303 10
335 15
496 12
402 12
480 30
454 14
298 22
451 6
405 22
454 27
132 23
457 23
272 6
32 2
164 9
134 6
67 20
320 2
243 22
426 18
267 19
95 24
68 29
209 25
483 2
243 26
16 4
108 31
409 27
81 24
163 14
242 21
385 17
291 31
486 4
52 24
298 14
19 29
395 11
189 29
93 8
490 4
335 5
395 19
439 3
370 1
392 7
182 16
376 12
106 29
39 29
169 4
154 3
52 20
266 21
276 26
376 5
317 6
65 31
156 7
37 1
456 16
488 29
55 31
108 12
427 22
168 15
185 18
134 24
221 31
180 21
460 7
465 20
116 2
339 3
384 19
148 15
155 11
327 1
53 18
73 3
283 20
426 31
413 3
407 10
161 2
334 24
493 22
247 20
179 29
231 31
312 26
253 18
68 24
378 12
365 30
450 16
42 31
318 22
489 4
439 1
162 28
472 14
422 3
113 8
155 23
14 14
424 19
135 19
198 17
462 18
166 12
413 31
490 15
13 11
454 19
479 23
427 3
120 32
21 5
299 3
279 13
493 11
79 15
397 8
491 27
189 13
122 26
67 15
184 31
441 25
234 4
456 32
222 19
211 10
11 5
268 18
321 28
196 15
91 24
378 9
302 15
441 23
372 32
386 15
438 30
395 15
449 22
386 6
129 12
467 31
105 27
132 1
198 11
28 32
271 5
221 20
323 29
347 26
20 16
452 26
113 15
332 14
48 22
287 12
165 2
167 17
340 26
46 17
477 1
177 7
329 25
22 24
261 4
401 17
303 25
442 32
199 17
181 10
194 31
274 7
72 32
127 27
441 8
152 29
448 28
367 13
428 29
132 8
108 20
320 19
236 1
30 18
386 30
384 23
380 17
289 28
300 20
214 8
291 1
361 3
44 7
219 15
467 18
11 3
85 14
189 17
295 6
106 32
131 29
462 30
201 19
313 28
18 15
444 32
243 8
250 11
382 16
109 17
21 15
275 6
153 7
426 11
384 23
330 14
76 31
227 32
393 4
128 22
66 31
422 32
374 23
446 19
491 3
455 7
377 21
468 13
247 1
179 6
128 32
347 11
3 30
330 15
465 5
157 18
27 26
41 8
100 27
211 22
393 29
453 13
98 8
2 12
17 16
178 32
392 4
50 14
301 19
288 1
336 32
498 26
225 3
318 9
377 28
266 25
44 26
93 9
342 30
189 10
126 6
205 29
445 18
262 10
132 5
214 27
49 28
385 29
454 22
97 26
81 3
302 8
284 22
469 29
340 5
186 1

