256
178 6
387 30
422 5
20 12
185 12
157 21
365 29
169 10
207 5
420 10
397 17
186 17
340 5
418 8
425 29
147 26
82 29
296 3
198 7
198 10
243 11
458 31
287 14
160 10
430 24
383 19
264 8
131 23
176 4
150 12
444 21
54 2
33 29
380 18
163 18
315 21
488 25
68 2
250 27
119 24
158 29
210 25
124 12
79 16
91 13
251 14
229 32
263 17
4 19
195 31
276 29
127 31
485 6
388 27
273 11
118 18
211 27
55 11
18 25
486 20
213 20
197 5
392 16
54 15
158 24
265 5
312 32
47 9
85 2
383 5
144 20
139 19
178 1
41 19
177 22
358 30
113 6
182 28
365 23
251 22
186 23
306 2
406 28
146 27
138 12
199 9
379 21
487 12
381 23
102 14
256 3
299 21
364 12
224 29
67 26
102 16
489 12
101 6
111 26
88 4
125 31
233 3
475 7
410 8
450 11
117 9
173 31
425 21
394 13
117 12
474 2
64 22
477 12
60 20
114 27
39 10
137 3
445 12
342 26
171 7
69 7
495 17
201 12
129 14
420 21
406 29
315 21
59 3
336 14
230 5
468 13
391 1
391 27
68 24
392 30
22 24
376 13
405 8
140 13
21 15
130 14
303 24
246 29
86 2
182 16
382 18
288 20
106 10
458 29
262 2
262 31
13 29
3 1
416 2
302 24
52 15
66 27
374 7
419 31
96 1
478 14
250 9
101 3
295 15
379 20
112 24
42 8
332 29
393 23
38 22
386 14
124 19
148 9
466 30
11 1
18 21
390 15
105 15
473 15
105 15
306 12
194 20
191 25
96 27
123 13
128 29
426 19
311 1
303 8
491 2
189 28
302 22
127 18
272 27
157 32
154 2
443 15
13 30
76 4
420 22
93 8
410 10
354 1
295 21
200 9
322 16
496 11
170 14
232 9
425 28
169 18
54 19
128 18
448 7
378 8
105 6
471 14
191 8
86 25
332 22
473 17
25 5
127 10
294 23
135 26
98 27
499 15
117 11
421 29
181 22
136 13
323 18
151 9
281 8
202 21
21 2
117 2
346 32
239 24
454 29
61 7
379 28
406 4
38 22
264 22
327 3
355 5
208 29
365 12
240 14
156 1
444 5
158 21
220 12
484 25
325 29
427 31
104 20
402 29
9 1
210 19
267 20
39 22
420 4
18 20
173 1
124 32
297 21
109 8
380 32
392 8
488 31
111 19
2 8
83 27
29 1
401 11
60 4
473 4
195 2
491 23
14 10
335 7
246 11
30 29
238 14
385 6
444 11
168 29
6 7
159 26
99 4
33 26
351 5
137 13
346 19
115 7
92 25
373 25
95 27
18 13
176 26
410 19
396 9
415 21
31 6
139 21
485 19
139 15
27 11
435 28
254 29
82 25
350 15
238 24
209 7
128 16
8 21
206 3
466 16
155 12
45 5
329 29
315 15
419 13
93 5
64 22
254 10
247 23
304 32
398 32
90 18
451 5
62 16
351 3
127 29
227 20
2 15
404 24
373 27
9 21
27 12
15 32
273 25
234 12
244 4
291 29
9 25
429 26
248 7
301 7
487 11
46 4
433 9
156 21
123 32
121 2
439 19
133 32
395 23
139 2
350 22
322 14
22 30
279 22
232 3
496 7
457 21
206 5
193 5
45 32
376 2
169 15
300 1
378 31
19 24
184 16
297 30
429 27
107 4
292 31
490 11
409 19
179 14
187 27
327 16
38 22
397 26
368 4
211 17
242 17
113 2
153 21
431 29
431 25
492 30
79 6
360 27
280 6
453 14
113 27
197 26
332 13
412 20
493 14
296 18
54 12
159 30
21 17
139 15
182 26
377 32
463 20
99 22
330 3
208 26
33 32
295 12
53 6
267 29
179 3
278 17
174 1
438 14
229 8
497 26
58 9
22 32
312 20
114 21
374 25
434 18
428 1
473 4
286 28
376 25
154 14
197 11
294 22
373 30
414 21
136 31
297 17
342 24
480 19
101 25
127 26
462 3
466 6
238 32
173 6
420 30
323 32
357 32
453 1
341 18
301 20
188 17
132 14
56 7
336 20
167 11
246 8
73 7
414 18
166 14
127 29
116 9
404 20
416 17
200 5
426 8
232 18
448 28
347 31
178 30
363 1
200 32
324 20
22 21
434 12
175 28
124 14
361 4
261 12
88 20
384 21
163 8
330 18
183 4
168 4
62 2
408 9
341 12
385 7
320 2
402 2
229 25
283 1
256 15
69 15
58 28
208 28
271 9
385 5
65 29
17 14
434 12
238 31
359 18
137 23
291 22
172 16
266 7
312 10
53 28
216 23
184 27
182 26
164 31
111 16
119 7
205 24
106 18
178 9
416 26
143 22
55 22
77 29
324 21
194 17
120 29
487 7
36 24
461 27
86 31
426 16
253 6
460 22
275 29
174 26
7 28
100 5
334 20
233 13
268 6
385 24
39 3
394 26
243 30
124 16
128 29
88 32
382 7
90 24
387 19
198 25
283 1
454 32
176 30
124 28
316 9
331 6
83 16
279 5
430 18
357 9
302 20
141 15
342 30
190 28
196 23
473 30
35 18
445 11
315 9
6 18
429 24
335 27
263 21
40 20
366 20
453 19
43 5
201 32
174 7
463 17
129 15
199 20
212 11
78 15
63 3
360 3
270 23
58 32
11 29
76 17
344 16
395 22
472 4
121 21
338 15
217 6
370 19
333 29
262 22
311 16
492 11
19 17
217 16
145 11
24 4
455 27
99 30
456 6
149 4
66 10
362 30
303 15
401 8
16 14
397 22
337 21
496 15
353 32
282 21
291 9
68 5
23 10
298 18
87 2
405 8
283 7
138 26
349 22
425 32
51 29
190 31
413 21
242 22
101 11
262 31
180 2
339 22
199 5
32 26
82 28
141 17
54 6
154 23
167 10
118 29
250 11
456 23
196 9
280 20
71 21
390 6
222 20
304 1
216 3
410 30
270 26
366 32
180 23
78 26
448 11
267 5
354 18
63 21
270 6
48 12
235 25
442 16
16 13
432 4
431 9
233 12
391 14
227 2
320 32
471 3
203 17
19 32
310 2
456 27
127 27
271 1
143 24
373 30
160 32
93 18
145 1
493 11
126 8
160 17
227 6
415 17
219 26
336 24
367 3
459 1
349 25
58 15
144 18
1 19
85 13
96 25
474 32
467 27
363 14
396 14
256 30
222 10
447 14
353 17
52 19
10 13
391 19
391 26
200 7
40 20
40 15
13 1
279 15
463 21
105 6
434 16
372 32
185 26
65 25
483 28
200 28
368 22
262 3
328 17
353 27
244 28
58 16
404 24
439 23
328 27
76 14
106 31
269 2
117 25
178 3
300 5
294 28
319 11
278 10
367 6
216 30
374 13
70 29
460 12
347 16
402 15
253 15
425 9
500 5
205 9
343 20
258 4
23 8
394 12
425 8
134 20
74 19
413 19
339 4
2 2
363 3
312 15
113 28
487 32
481 23
492 7
47 21
163 25
176 24
73 12
20 22
92 5
64 32
87 22
79 20
291 22
46 6
408 6
42 27
473 2
289 12
196 27
65 18
108 28
118 24
192 9
237 7
433 20
490 3
405 8
310 32
361 11
149 1
364 6
367 20
63 11
151 15
342 31
320 25
159 9
480 2
277 28
336 29
219 13
431 23
244 20
170 17
446 27
225 13
212 11
496 7
97 31
385 26
417 20
238 23
345 1
128 13
284 31
182 10
287 8
329 31
204 22
487 25
20 31
310 16
153 5
6 29
7 10
39 32
297 8
350 25
197 14
262 4
292 15
186 23
258 14
313 17
363 3
462 19
361 15
466 9
279 23
465 22
64 27
61 28
483 10
1 11
239 26
362 3
260 27
461 29
412 13
330 11
71 23
9 15
413 30
147 23
296 27
328 19
170 32
218 24
150 2
182 32
183 15
418 2
442 26
311 17
2 12
479 20
282 23
206 6
312 24
236 7
19 8
317 8
155 7
191 16
456 32
44 3
118 17
284 23
395 2
264 16
85 2
172 14
81 5
411 12
433 15
203 15
266 11
490 28
257 20
428 25
255 27
407 32
487 30
283 21
488 30
277 12
287 8
290 23
176 12
315 8
402 21
262 15
239 11
439 16
134 22
412 16
40 2
112 26
211 6
407 30
291 19
122 1
334 3
500 5
314 26
321 8
330 2
234 12
37 32
415 10
241 2
410 4
347 9
158 2
118 12
255 16
98 8
188 23
138 7
143 24
500 7
371 13
249 20
101 21
332 19
306 8
45 23
204 23
439 9
448 12
276 23
315 17
430 11
7 8
189 1
75 17
316 29
221 16
400 21
348 3
188 1
155 28
220 22
474 22
422 10
214 17
328 28
273 29
382 7
380 23
131 2
463 14
250 3
9 14
356 32
84 31
213 26
478 24
299 11
441 12
76 14
120 19
386 28
216 15
374 19
189 9
401 11
302 18
186 19
151 5
222 15
287 18
324 28
217 23
418 22
46 26
15 30
100 12
409 27
19 27
262 31
139 2
62 24
163 23
454 18
139 28
400 29
461 7
392 22
49 29
187 31
154 13
112 2
101 20
272 19
154 9
29 16
46 26
84 29
188 17
22 10
416 13
454 25
347 29
406 16
6 24
342 15
144 9
116 28
324 12
66 10
420 31
121 30
36 32
26 8
445 7
401 28
171 23
88 5
403 1
412 12
436 1
271 28
57 10
175 5
273 5
358 9
187 6
362 26
386 31
445 22
137 18
41 23
404 5
323 26
473 15
418 29
339 32
488 24
73 14
128 30
254 9
94 20
166 11
14 19
193 14
232 13
7 25
487 6
253 29
420 1
395 5
485 26
24 20
333 12
486 12
145 19
500 14
383 1
44 20
68 32
205 27
268 32
275 14
325 15
415 4
456 21
432 12
246 11
264 30
255 1
93 31
191 28
489 25
109 4
172 16
472 13
178 15
440 29
345 16
183 7
212 26
271 27
430 9
302 5
298 28
145 15
306 23
334 6
112 6
30 27
321 13
11 31
91 18
155 23
66 5
45 21
327 24
271 4
184 20
300 5
479 12
75 9
482 29
282 17
406 23
228 23
163 18
429 30
40 15
40 5
271 17
85 17
104 7
204 7
131 27
471 9
150 30
97 8
10 31
224 27
393 3
345 24
41 5
13 24
207 8
388 6
340 20
278 31
30 10
433 20
188 16
473 10
153 13
321 6
151 8
280 32
199 17
303 31
249 11
22 8
218 17
137 10
436 2
352 29
247 13
329 15
392 13
476 8
221 8
409 4
191 12
119 25
16 25
331 17
87 12
424 20
464 4
65 31
325 5
216 16
405 12
210 12
196 21
191 16
480 31
491 10
342 21
411 6
233 25
326 15
297 13
179 32
160 31
11 20
363 26
407 19
121 32
414 28
152 16
435 15
258 30
5 24
386 27
309 31
359 18
141 23
234 15
267 13
414 21
228 16
354 3
247 18
454 32
141 22
468 23
440 29
352 28
176 6
62 16
60 9
469 16
427 30
223 21
446 12
469 10
115 22
12 29
147 13
21 19
422 12
66 6
64 29
157 28
6 23
75 5
491 12
469 29
97 19
462 19
178 26
272 24
456 7
153 22
451 17
93 21
364 18
438 3
278 26
370 16
164 9
52 14
340 8
423 28
62 28
182 23
17 9
383 4
87 3
426 2
263 2
262 14
231 15
256 32
144 14
143 24
422 3
165 9
418 15
48 4
174 18
422 31
34 8
162 9
42 27
10 28
160 31
281 14
173 25
398 20
366 28
179 27
438 16
399 8
282 6
39 8
175 4
146 17
116 7
181 21
450 2
313 29
164 25
499 12
333 24
355 22
491 10
336 17
229 18
488 22
32 2
317 14
485 2
118 16
325 22
109 10
339 21
382 22
217 16
41 30
479 32
451 26
133 3
102 1
372 1
370 11
466 19
461 6
352 22
254 28
228 26
301 2
486 11
124 26
266 24
455 1
263 10
66 31
44 3
255 31
107 21
22 4
15 2
373 26
411 30
246 2
339 26
260 4
80 27
230 30
398 20
442 9
441 23
407 8
377 6
103 27
490 16
258 32
457 6
425 7
108 14
61 26
68 12
474 11
54 27
344 23
90 5
315 11
495 6
218 19
87 24
57 4
295 10
135 23
296 27
322 19
81 6
404 16
53 9
498 22
283 2
260 17
330 11
255 1
352 12
47 26
144 32
217 10
417 31
41 24
261 30
318 1
95 22
44 19
302 10
456 1
87 19
309 16
493 11
240 12
386 3
133 25
390 1
467 10
403 3
222 24
220 11
60 2
464 8
164 30
497 27
202 27
185 14
498 10
276 26
373 13
376 26
42 29
58 8
274 25
218 7
180 9
90 7
454 17
194 29
170 30
87 11
124 3
84 2
448 15
63 1
224 22
30 1
406 19
124 23
251 17
378 26
481 15
169 2
371 14
402 13
404 20
115 3
110 15
352 2
409 30
82 24
203 27
248 4
49 31
139 24
63 24
81 7
186 17
328 4
315 5
448 10
420 7
448 14
113 16
291 17
65 16
357 32
334 32
375 22
327 29
385 13
84 30
136 25
66 27
177 12
248 12
301 23
390 1
400 6
400 18
227 28
413 31
231 10
38 30
184 28
174 12
457 14
33 28
26 23
258 2
182 21
30 23
24 31
83 15
273 6
465 27
297 1
433 28
327 22
337 10
38 18
429 26
267 30
289 5
264 10
198 21
403 19
131 10
350 1
52 22
46 24
324 7
245 8
222 3
429 26
284 14
67 32
15 10
25 27
330 16
53 19
437 3
310 15
84 23
132 3
484 21
3 27
371 19
266 28
21 30
1 32
364 32
367 18
105 28
385 22
383 17
164 15
95 13
238 30
483 13
16 14
397 26
124 28
116 9
359 32
287 12
143 18
279 30
231 19
457 15
168 3
403 15
362 17
156 15
26 30
171 14
308 27
411 19
186 19
24 13
366 2
108 17
163 2
74 21
120 6
8 27
72 2
321 25
259 4
235 32
318 1
177 13
324 20
259 17
466 26
257 23
295 20
395 13
101 20
202 8
349 5
210 1
470 11
205 24
358 32
12 15
196 4
355 27
127 26
232 28
99 8
127 14
352 25
202 16
489 27
24 5
463 25
109 5
115 30
12 17
105 19
203 28
415 26
171 13
23 2
337 5
241 27
218 4
335 12
248 31
26 11
12 5
207 8
125 6
285 4
498 1
363 20
41 13
257 19
373 31
316 1
252 28
23 21
204 14
240 19
180 6
425 15
106 31
15 18
304 27
69 25
392 11
353 24
263 25
198 16
240 29
344 27
272 11
311 23
224 15
129 3
20 5
150 29
388 8
58 7
18 2
344 29
409 12
44 3
304 29
158 27
105 2
385 17
220 4
55 3
450 16
49 5
440 22
297 23
65 14
18 31
331 29
195 27
408 15
262 11
479 15
310 4
272 26
164 27
93 26
137 14
105 2
362 29
87 18
371 20
363 16
438 14
452 12
284 19
222 5
126 5
168 3
488 3
480 27
282 25
72 26
466 29
307 24
73 18
189 11
249 8
183 22
97 6
21 28
197 27
129 22
147 20
108 6
86 19
488 19
11 19
489 17
439 7
156 7
392 16
306 28
247 12
29 11
325 18
75 9
496 7
398 10
350 21
127 15
444 14
154 18
228 14
282 15
140 9
29 12
485 6
23 15
25 24
278 2
157 32
74 20
258 8
145 31
328 11
245 3
88 14
429 23
243 22
481 15
203 26
266 23
47 32
473 16
43 30
273 31
305 26
202 2
169 14
372 29
468 13
471 15
366 19
370 21
313 10
343 7
63 28
405 2
99 1
33 18
479 1
44 27
150 2
197 27
91 28
19 7
388 21
465 2
240 26
66 16
388 24
418 6
219 18
263 13
198 23
162 16
451 14
459 17
303 7
123 29
278 1
303 10
481 24
271 28
453 32
123 20
447 32
346 9
361 32
333 3
255 19
234 13
404 28
9 14
402 7
450 4
123 13
49 28
372 23
175 20
358 2
368 12
189 1
320 18
172 8
460 22
350 5
335 25
441 31
310 2
326 16
225 12
216 17
255 31
295 30
114 28
431 25
307 31
397 26
20 25
482 3
198 27
24 16
288 8
227 25
9 20
60 14
351 3
210 6
213 5
239 19
360 1
11 7
139 4
144 15
328 1
137 9
308 24
409 15
327 7
395 8
38 15
273 24
229 18
197 18
338 31
120 22
455 14
216 30
389 27
104 12
188 28
93 23
456 13
293 18
339 11
321 12
141 13
467 10
427 32
163 20
450 30
165 29
467 4
202 28
443 5
423 26
248 27
476 19
71 20
337 25
306 29
136 23
454 7
168 8
118 26
347 3
167 4
27 1
447 24
340 5
384 3
370 28
481 13
186 4
316 18
312 30
383 32
272 24
50 19
215 11
472 25
289 2
128 12
122 3
395 30
315 31
76 5
262 28
85 7
459 17
173 27
226 7
70 1
390 31
287 28
489 30
220 21
247 16
444 32
274 3
181 24
469 28
476 26
16 13
380 22
313 24
448 10
458 9
386 27
487 28
154 15
281 10
456 23
73 3
98 10
89 19
285 5
386 29
138 5
173 30
227 5
273 10
374 19
43 23
281 25
134 3
208 10
160 11
144 4
265 21
281 18
19 13
262 21
29 20
157 17
121 19
389 5
409 2
327 15
224 4
183 9
394 14
122 17
256 17
488 5
6 32
78 12
36 11
132 21
442 25
469 14
375 26
159 7
323 9
85 19
296 28
255 17
9 13
445 1
141 20
489 2
403 26
374 31
256 13
207 2
145 23
111 16
236 1
154 11
458 11
105 21
210 23
294 14
87 6
186 32
374 18
77 12
91 14
66 15
307 28
396 31
151 30
174 2
479 4
296 8
270 8
40 19
463 1
48 1
275 14
128 32
111 1
423 10
358 21
252 8
464 7
319 2
356 20
204 2
171 15
121 4
103 5
418 21
197 22
465 11
51 21
118 1
353 21
214 2
233 1
226 24
463 16
14 11
35 29
4 26
67 21
145 1
489 19
85 29
380 10
156 10
198 17
294 18
17 20
259 13
176 28
297 27
379 30
161 14
378 16
471 4
140 3
465 28
233 25
165 28
154 32
245 31
296 15
400 21
250 3
413 21
494 5
415 9
370 19
138 27
91 28
43 6
278 3
62 19
259 26
326 29
249 19

