256
486 7
79 31
146 26
288 7
78 31
80 23
419 23
365 11
133 30
350 11
86 32
40 3
117 6
212 8
31 24
320 4
366 6
398 20
316 17
146 17
116 13
15 18
271 11
256 11
157 14
394 18
125 25
477 18
95 16
473 17
75 20
344 5
394 21
156 25
278 17
305 21
378 16
426 32
50 2
51 2
139 32
152 27
228 8
208 22
371 4
150 29
176 25
89 17
86 24
481 19
45 17
255 6
456 12
421 26
213 15
267 27
118 14
318 6
249 1
371 11
261 1
416 28
365 8
208 6
100 20
312 8
324 30
269 4
98 17
489 22
364 23
365 13
377 6
30 25
410 13
96 10
125 11
457 5
218 16
291 17
55 2
312 7
20 4
362 9
269 6
130 20
308 14
464 32
27 18
161 25
98 28
458 10
470 7
414 23
282 24
356 25
158 31
67 25
247 8
497 23
481 30
350 8
120 9
324 30
10 32
434 23
443 24
32 32
362 14
302 19
149 29
331 30
324 9
186 30
176 22
436 28
160 29
296 31
449 11
276 31
454 18
269 4
157 21
159 6
246 24
160 6
117 3
256 16
239 25
213 27
475 32
422 2
284 25
264 32
187 27
394 12
304 19
387 20
463 17
329 8
357 17
157 29
183 16
468 29
353 24
187 23
179 13
164 18
29 23
249 8
21 15
59 29
157 2
136 7
194 9
30 26
305 26
78 11
450 1
259 18
76 30
332 14
258 31
419 14
125 16
205 5
162 8
469 30
413 17
140 26
421 17
360 17
206 9
415 19
334 1
308 1
322 11
367 7
337 13
69 29
156 9
458 25
240 2
486 24
234 25
462 10
145 5
82 19
461 20
357 22
21 9
407 18
7 5
125 28
409 13
8 13
169 25
233 5
243 27
264 12
195 13
334 28
397 15
42 30
115 18
3 23
266 9
180 13
33 32
172 30
348 31
210 1
496 14
425 18
364 32
417 27
265 18
102 29
369 3
370 3
244 13
469 14
133 32
338 2
304 1
163 11
39 8
167 22
17 15
123 29
483 4
291 27
141 12
259 21
386 17
343 1
205 15
342 17
311 7
58 14
39 16
264 6
443 3
463 12
225 2
192 31
477 30
305 25
77 16
478 22
396 4
294 28
335 4
288 1
18 30
110 17
417 5
338 4
7 16
171 24
237 22
290 21
399 15
182 27
10 27
140 29
182 5
356 16
272 3
364 18
192 29
50 13
50 23
320 8
38 30
139 23
407 21
487 5
23 24
131 32
30 14
140 16
54 19
79 26
341 15
319 21
267 12
493 12
106 16
224 7
5 18
269 31
290 8
215 8
275 1
399 17
318 2
368 31
384 30
400 9
92 2
461 23
289 29
26 14
264 21
389 24
111 17
30 12
264 24
416 23
292 26
195 5
204 6
183 15
211 27
367 15
4 19
13 9
279 6
38 26
139 10
13 1
435 6
352 18
137 31
440 20
285 14
240 20
399 27
278 22
357 25
116 16
323 8
152 26
17 14
347 7
319 4
107 17
253 19
155 6
77 10
21 9
432 17
200 10
35 30
143 31
326 2
250 32
237 6
101 22
295 12
112 9
11 3
218 23
29 28
356 5
317 21
318 28
489 9
430 15
198 4
265 27
182 26
23 14
119 19
227 17
126 31
378 12
261 19
251 21
170 30
245 18
334 6
86 22
79 19
48 20
290 16
151 27
178 9
445 8
499 11
413 25
361 18
260 9
88 6
409 17
468 22
446 21
67 15
327 9
249 14
273 23
390 11
213 7
447 25
66 13
180 6
421 12
471 9
161 26
394 17
18 17
426 12
218 1
346 16
489 27
121 5
337 26
35 1
428 1
410 14
130 29
175 18
128 10
434 28
259 8
413 13
244 18
444 29
182 17
356 27
87 9
283 27
338 14
176 2
2 21
463 27
25 1
33 24
134 6
144 13
349 32
373 5
245 16
257 3
456 13
449 11
293 27
317 22
252 32
247 22
280 5
236 4
198 28
308 15
438 15
427 14
6 19
82 30
466 19
380 2
303 28
316 19
411 16
76 30
328 31
415 3
235 3
263 8
122 2
467 31
20 17
49 29
44 30
330 5
320 26
282 14
37 17
420 11
81 8
313 16
22 27
218 8
81 24
392 27
401 6
113 8
454 5
500 25
143 30
210 18
39 3
288 11
440 31
78 20
54 30
131 11
468 20
35 21
32 2
251 4
487 7
56 28
376 15
141 14
236 18
183 2
192 30
405 7
29 2
354 2
223 28
213 22
388 31
90 27
376 24
202 6
407 9
153 10
16 21
3 3
346 21
229 26
7 17
372 15
318 26
320 16
413 28
81 4
482 15
70 25
214 28
70 4
232 31
105 27
219 3
350 25
292 2
306 10
414 17
36 3
254 7
122 31
91 22
318 28
76 32
281 10
11 18
261 30
276 26
489 3
324 22
263 19
119 12
116 8
96 19
114 6
358 27
220 28
140 5
371 20
276 11
357 30
353 9
380 12
38 20
326 30
409 8
328 31
7 12
410 15
94 15
156 23
461 23
250 24
263 9
19 31
123 7
176 15
48 23
455 17
274 8
446 18
220 30
60 2
69 21
32 6
343 3
317 11
61 14
459 20
38 13
214 9
56 13
487 3
296 17
187 13
73 1
455 8
110 14
221 6
483 25
395 5
291 7
184 20
481 18
379 10
470 24
382 17
184 9
479 7
161 6
252 17
2 18
228 3
71 1
492 1
53 18
434 19
301 21
398 13
462 12
2 3
219 8
308 7
456 6
233 8
155 32
53 16
393 16
118 16
80 25
72 8
51 21
179 3
473 32
335 14
352 4
217 14
71 4
324 26
13 1
494 20
96 26
175 17
177 21
8 25
105 15
444 23
84 26
357 12
50 7
194 5
379 10
174 21
285 6
179 21
258 16
316 5
421 11
45 17
135 20
57 11
483 9
246 6
474 26
177 27
293 10
275 11
131 17
323 31
298 13
416 27
24 27
463 4
425 20
393 3
263 29
150 9
153 15
14 7
348 31
1 8
60 32
14 27
428 17
457 5
189 12
335 25
307 29
8 11
156 16
142 23
201 27
15 17
37 13
331 16
219 24
80 18
163 9
172 6
281 5
18 22
204 8
34 22
500 9
93 20
293 14
426 5
376 8
49 16
320 12
499 30
415 22
372 25
23 27
18 23
23 7
476 15
238 25
88 17
106 4
244 26
413 13
94 24
461 18
403 8
373 6
22 31
331 21
67 25
287 20
212 14
470 27
388 7
400 31
148 21
7 27
254 19
412 11
411 28
340 17
355 25
66 8
203 17
472 14
453 11
205 24
420 27
203 19
85 6
133 24
310 19
123 7
262 26
113 16
109 12
336 23
16 22
43 27
150 26
192 14
124 8
266 27
422 24
201 3
273 30
90 22
176 12
348 21
449 12
460 25
411 4
224 27
197 14
201 30
483 28
299 11
139 16
1 5
235 18
271 3
387 32
440 30
276 19
351 16
98 22
337 21
457 24
139 17
29 3
350 11
82 25
117 32
64 26
336 15
171 10
157 25
170 9
322 21
235 8
372 25
186 12
193 22
119 27
147 7
373 20
10 26
496 6
229 20
447 29
358 9
22 18
377 15
314 23
339 21
74 7
85 27
122 25
401 21
311 23
239 15
394 12
340 22
78 32
301 16
132 10
493 2
375 25
48 21
419 19
89 13
301 21
103 10
301 23
14 31
401 25
145 23
204 20
388 21
403 20
157 15
49 29
392 23
221 31
463 4
29 19
484 9
223 22
455 19
441 16
337 25
424 29
191 12
316 26
112 3
117 4
105 9
472 32
440 21
286 10
184 15
453 7
347 3
456 9
254 8
121 6
441 32
423 15
375 18
209 11
160 21
458 4
342 14
111 29
474 1
182 25
415 2
27 5
365 26
414 26
230 6
207 2
281 1
300 16
71 24
346 6
37 7
346 10
84 12
362 21
56 11
417 26
381 11
83 17
277 12
214 6
233 8
175 21
401 22
20 27
38 29
52 26
168 9
7 23
57 8
364 32
262 24
286 30
75 24
90 7
215 23
208 19
427 18
311 7
59 11
1 20
195 32
225 10
153 15
169 29
98 12
24 8
163 21
57 5
28 19
291 14
153 22
392 7
379 7
257 14
385 13
89 23
161 14
293 21
44 1
77 18
344 12
205 14
261 29
447 12
259 29
86 24
235 25
342 25
31 11
106 15
355 7
346 3
8 6
383 15
450 7
396 17
411 24
2 19
213 16
162 3
37 23
86 31
428 24
439 14
378 29
77 24
91 2
451 22
411 17
352 12
144 4
356 10
51 25
76 15
157 25
438 21
188 11
167 31
302 9
276 3
1 8
263 7
273 21
392 15
249 32
246 28
195 21
297 29
458 32
212 22
461 29
158 8
375 28
466 9
132 17
59 9
445 5
75 1
237 11
104 30
414 9
81 12
450 30
56 11
249 19
372 21
267 9
412 22
408 1
22 7
322 8
23 10
253 30
334 5
268 25
30 17
138 27
492 31
488 3
345 20
314 8
1 4
300 4
73 19
493 22
97 22
26 8
431 10
69 8
470 12
53 16
220 2
462 23
128 1
257 8
388 14
243 28
354 30
4 10
100 4
372 8
161 29
167 23
378 19
206 19
274 30
198 25
151 11
203 30
459 8
453 31
233 19
86 6
88 25
364 31
288 15
235 20
335 21
390 16
488 8
410 5
205 4
106 4
118 12
337 25
471 6
275 8
188 16
289 8
153 28
314 4
238 12
240 20
153 1
135 8
224 5
104 13
4 9
488 21
221 16
49 7
317 3
246 13
387 27
132 27
38 25
330 32
49 21
51 5
198 22
192 29
82 23
405 1
208 24
409 20
420 2
322 28
484 8
92 22
102 27
112 23
224 14
118 24
362 9
472 23
206 7
36 23
161 28
75 28
36 11
351 27
496 9
394 16
240 30
53 17
412 21
183 11
458 29
406 3
469 29
82 2
243 13
312 32
408 14
327 27
72 10
249 4
350 11
399 1
332 23
133 31
467 23
230 12
115 11
447 23
216 8
108 10
496 15
417 27
8 4
50 20
273 10
351 30
292 9
414 27
403 14
218 10
360 3
497 23
285 3
261 20
174 5
14 29
343 6
128 15
25 13
134 21
474 24
122 10
84 15
92 30
432 29
207 32
459 28
470 12
350 2
447 8
302 28
248 25
242 27
347 10
51 8
267 29
315 16
346 30
275 9
235 26
98 2
201 4
201 14
3 26
252 14
277 21
113 5
197 10
251 19
472 6
374 18
30 24
477 7
289 31
311 16
309 20
169 17
20 13
31 6
122 14
175 7
186 28
127 15
493 9
277 24
30 27
53 15
42 10
285 7
132 4
206 32
59 6
153 14
446 15
452 23
316 6
317 29
413 7
235 6
172 12
221 29
14 6
464 23
155 32
237 22
195 18
430 26
19 6
183 8
116 26
383 15
260 27
135 32
346 22
281 17
233 2
69 6
127 24
152 21
132 25
418 26
34 31
283 1
132 26
368 23
451 6
381 18
301 16
86 2
385 22
14 5
219 30
214 29
318 5
477 13
457 27
478 7
445 25
43 29
430 14
175 4
12 24
294 20
71 7
161 11
96 6
275 19
459 24
11 24
56 32
76 25
234 10
355 18
18 5
106 19
10 1
30 5
188 11
36 30
405 12
416 13
221 22
19 20
381 13
307 8
368 15
300 5
140 30
483 25
106 4
307 20
72 32
340 27
363 16
220 27
275 31
323 12
28 5
27 32
222 9
196 29
419 7
246 14
353 24
418 6
19 16
425 31
264 17
53 26
492 17
448 26
111 27
113 3
463 3
398 16
176 9
477 2
292 14
4 20
153 21
453 31
349 18
465 20
142 22
441 1
290 32
250 20
158 31
242 25
353 24
156 12
436 20
474 15
409 29
222 5
101 27
84 21
52 32
412 13
65 20
381 26
92 6
458 13
344 3
73 5
42 13
280 26
64 29
56 1
433 10
385 10
304 8
186 15
368 6
103 28
153 7
342 12
464 3
197 16
201 29
60 31
349 3
72 9
444 31
89 24
108 13
113 11
293 31
321 28
100 19
295 28
109 12
348 5
286 32
84 19
312 7
433 5
333 8
277 8
334 21
4 14
189 32
408 21
266 17
196 1
355 7
117 28
330 4
240 32
359 19
306 30
317 2
34 1
93 14
425 14
378 8
71 3
395 19
251 5
59 7
377 5
141 1
80 30
160 31
437 6
141 14
392 9
331 5
458 23
439 18
201 20
161 31
234 31
101 13
419 19
135 8
276 31
492 23
96 12
174 25
373 6
478 20
475 21
41 24
435 11
165 15
146 1
110 20
435 30
216 2
221 18
1 8
476 16
202 11
347 19
159 12
393 9
335 7
149 23
150 7
205 6
422 31
342 3
82 4
92 17
129 16
498 13
11 17
325 21
99 23
439 30
242 31
98 1
49 2
155 2
32 24
11 29
414 12
335 7
480 31
143 20
442 24
293 5
316 29
17 2
491 31
375 21
490 4
13 2
69 11
236 13
230 10
405 23
302 8
489 5
370 19
92 19
122 24
467 17
352 15
407 7
142 17
279 11
253 15
168 25
309 15
125 27
353 14
33 14
473 14
286 26
4 9
356 10
113 3
266 20
9 12
10 30
305 20
132 17
430 20
81 27
406 14
481 26
87 5
411 15
386 24
252 18
277 19
367 1
281 20
204 6
8 14
291 28
353 11
72 3
74 20
225 31
209 17
89 27
421 31
205 7
251 16
48 23
267 18
415 23
249 10
188 4
35 31
271 24
253 10
374 6
346 22
360 30
6 28
405 26
151 1
84 17
269 23
427 19
248 29
433 13
162 5
456 29
303 15
288 11
420 13
436 21
462 19
375 7
95 11
96 9
239 32
497 27
366 31
41 30
319 22
314 32
298 25
380 28
199 15
358 31
31 21
87 28
87 5
162 21
91 2
129 26
141 21
336 22
251 1
471 13
54 28
253 15
405 8
302 27
151 15
73 17
303 12
25 9
472 14
274 31
295 26
244 15
379 11
441 1
159 23
402 32
47 26
266 7
137 23
53 23
429 26
320 7
489 20
472 20
381 13
374 16
498 9
110 20
48 2
61 30
165 2
270 11
319 11
161 27
454 17
94 6
394 25
465 14
108 28
342 12
32 19
15 13
184 25
109 15
378 21
436 18
482 9
104 16
92 12
106 21
33 27
130 6
463 6
308 30
381 21
262 8
215 4
293 2
104 21
480 22
421 28
79 30
324 3
53 23
150 22
163 10
209 5
108 3
238 3
297 11
415 10
382 29
37 6
231 9
426 14
178 2
329 4
451 13
290 11
271 20
365 14
121 17
430 12
447 27
494 19
137 4
152 23
241 9
44 31
385 22
384 14
19 21
169 22
217 23
176 3
250 32
272 6
464 1
450 3
220 31
5 32
55 17
78 3
49 18
469 9
443 12
346 29
416 6
134 32
176 18
471 5
201 18
295 1
295 28
427 14
390 23
425 28
291 3
442 31
476 30
123 26
114 28
82 9
186 8
13 29
229 11
138 9
76 12
297 14
379 11
439 32
6 8
416 8
218 25
339 29
471 13
314 32
133 11
464 10
314 16
382 10
162 7
323 22
154 27
163 24
194 30
4 7
317 19
198 14
479 20
430 1
349 31
384 9
489 8
2 27
27 23
196 17
254 22
130 15
489 8
291 22
245 30
84 9
416 9
298 26
169 31
195 29
321 26
349 6
129 22
464 24
84 3
196 9
29 13
96 9
468 30
402 25
31 25
125 10
117 23
191 29
1 29
5 18
167 29
131 23
406 22
154 30
104 21
30 16
377 29
352 21
362 21
57 20
89 13
41 14
455 32
194 24
172 3
277 18
255 31
337 17
204 22
354 11
191 19
143 11
360 18
263 9
99 11
169 19
204 25
96 26
144 10
465 20
192 25
357 10
351 13
458 10
35 7
65 13
46 15
143 9
200 22
477 6
428 13
189 23
206 24
141 29
277 1
220 12
50 21
266 16
121 15
158 3
386 14
83 15
428 6
187 27
335 7
129 26
160 25
245 25
452 1
269 17
193 5
48 26
417 17
494 25
388 3
396 21
224 10
407 11
407 25
129 9
459 5
355 18
425 19
186 13
335 31
309 19
295 24
121 27
169 22
99 8
468 14
384 7
324 30
341 6
234 21
323 20
430 17
162 22
127 15
434 21
153 30
191 15
450 19
157 30
128 28
377 31
101 32
285 32
401 21
6 18
298 20
177 3
356 10
284 6
37 26
498 5
311 32
488 12
351 28
229 26
251 13
425 32
216 29
127 8
38 4
101 27
311 30
265 26
115 20
351 31
117 24
192 4
388 23
39 10
26 24
419 9
76 27
332 16
108 6
259 9
442 16
183 32
137 31
122 19
494 24
254 31
172 21
390 7
179 16
500 28
47 18
184 11
465 11
266 4
325 16
68 26
383 14
221 11
196 18
474 29
18 15
151 25
375 28
451 13
468 14
108 18
219 12
340 11
158 21
106 6
481 25
303 3
274 24
438 17
69 11
362 18
489 8
126 27
52 8
119 15
377 14
88 20
221 28
482 15
236 12
64 20
464 19
283 10
242 4
58 18
130 7
248 6
283 13
184 18
153 6
56 9
231 31
328 12
274 26
182 10
249 13
77 8
315 19
301 8
430 11
70 3
481 29
232 31
245 7
448 29
68 15
278 31
202 1
102 7
266 3
336 30
83 13
78 14
475 22
157 21
440 14
19 17
246 31
35 19
17 31
387 17
189 20
235 26
473 24
217 14
174 16
456 8
316 17
5 27
114 10
399 6
387 5
326 1
167 4
123 8
46 1
120 15
229 6
328 9
393 8
142 22
448 1
321 19
481 18
257 23
487 27
500 17
72 17
209 2
388 3
273 22
396 32
372 24
449 11
176 1
95 21
258 10
266 19
8 6
108 9
192 30
419 23
170 2
219 31
432 27
413 12
96 4
300 19
283 16
17 26
441 15
479 6
4 4
480 20
341 27
276 5
384 30
279 6
388 2
136 3
308 4
226 11
208 25
221 2
125 25
300 25
200 10
114 31
373 22
418 21
32 13
301 8
91 20
321 10
77 16
500 16
207 25
490 26
250 22
404 26
298 23
290 21
332 15
404 12
348 5
120 20
218 25
499 28
500 7
489 32
478 16
163 8
212 8
450 25
213 29

