256
217 7
50 24
344 1
300 22
136 21
17 2
162 14
189 28
175 14
190 18
457 8
237 2
337 20
147 4
362 22
271 3
141 16
314 32
284 2
185 11
422 1
141 11
343 25
210 1
459 12
422 11
71 2
328 4
317 23
15 15
156 13
109 8
308 10
484 11
239 28
214 32
369 2
95 11
386 16
79 32
55 28
111 14
361 22
237 17
116 23
207 24
239 15
271 30
441 6
340 3
274 29
191 30
258 13
56 24
440 18
339 23
189 1
472 9
91 20
429 2
162 24
181 12
302 24
149 30
409 16
273 30
393 3
175 10
99 2
293 10
67 24
384 31
284 3
155 14
118 32
432 31
71 8
382 28
267 18
318 28
222 26
357 14
256 20
263 10
317 24
95 8
391 19
490 6
37 13
400 11
432 3
137 2
294 19
225 9
252 22
236 5
483 28
86 10
179 9
443 4
108 6
83 14
368 16
23 12
420 6
262 7
104 31
204 18
121 5
310 20
174 29
49 9
340 10
98 7
186 5
218 17
282 20
142 1
223 17
256 31
438 2
197 30
120 13
291 16
385 8
463 10
496 27
418 27
349 4
57 22
260 10
179 17
425 4
41 32
188 28
494 10
17 2
19 28
294 21
375 30
260 14
440 31
52 25
293 12
224 26
286 3
327 8
227 32
135 3
103 31
415 28
152 27
489 14
419 11
182 1
164 29
186 15
399 22
460 19
341 3
392 2
370 15
441 24
322 20
67 12
102 25
371 25
115 3
274 9
493 7
178 21
99 23
111 29
304 10
187 13
457 27
122 18
149 23
125 22
490 3
245 27
23 7
195 14
177 24
22 22
126 31
30 32
414 12
72 1
62 10
213 2
188 27
195 12
397 27
9 26
362 1
328 24
423 6
373 16
341 27
473 26
445 14
393 14
493 20
279 14
221 27
423 1
177 1
300 5
140 13
14 25
265 17
236 20
214 21
139 18
207 7
223 7
464 3
213 12
430 3
214 19
185 8
263 18
105 30
490 4
222 20
96 23
196 11
26 26
495 12
167 13
478 22
204 5
208 8
100 14
110 9
140 6
301 18
359 25
167 13
352 25
204 23
79 3
481 24
160 32
471 7
28 20
420 31
240 19
202 7
468 15
356 31
457 32
212 11
264 31
15 19
267 22
413 5
469 9
152 20
72 30
158 20
421 21
386 8
408 24
202 7
250 29
334 26
416 21
373 19
423 27
293 9
309 13
237 9
302 8
256 29
361 22
324 21
194 2
144 17
149 10
328 30
106 29
456 2
57 28
52 4
418 25
224 6
253 25
354 26
52 10
131 5
227 6
45 8
15 21
373 31
238 16
413 3
212 20
68 28
47 24
303 4
20 11
42 20
339 23
30 2
60 4
154 30
465 31
58 16
443 30
346 16
333 10
226 24
477 22
15 11
469 18
339 28
196 24
111 30
478 28
275 14
299 5
175 8
331 16
95 21
365 4
304 25
50 21
444 10
378 3
253 22
128 3
185 15
174 32
208 7
435 10
40 26
262 31
349 16
150 23
68 27
86 7
415 7
104 3
365 5
317 5
179 24
411 11
118 32
10 17
86 5
158 26
382 8
192 30
67 5
376 27
59 13
357 18
448 28
332 4
145 24
132 27
295 14
389 20
477 15
440 18
195 29
39 16
72 2
157 27
275 32
125 5
492 21
158 31
497 9
306 17
192 9
167 14
330 15
453 2
305 4
220 15
193 30
426 4
192 10
254 6
465 18
150 21
415 32
99 23
352 21
403 8
193 17
381 19
327 22
32 28
77 7
334 25
213 8
385 4
193 26
221 26
220 18
466 18
381 32
396 25
320 14
128 17
70 20
91 28
45 22
231 2
77 1
94 1
176 22
44 24
468 12
377 27
485 30
24 14
258 19
302 17
420 5
145 29
288 3
88 1
209 15
158 21
383 27
277 22
229 24
277 32
287 30
438 31
347 5
340 24
231 17
237 22
69 9
490 13
468 9
393 4
247 14
16 5
152 12
38 24
463 7
131 5
172 16
223 30
380 15
178 10
203 30
463 20
498 16
184 17
233 12
344 15
329 11
460 32
2 13
64 24
367 14
416 22
466 31
260 17
53 9
159 11
54 25
230 11
129 29
368 1
192 15
43 32
274 2
204 15
55 23
295 1
164 2
311 1
200 10
326 12
358 12
211 23
160 20
461 12
57 28
352 24
95 27
472 4
100 23
346 10
293 24
427 16
202 1
289 25
158 2
357 27
301 27
277 16
358 17
452 30
269 7
14 23
401 13
82 29
159 11
358 15
419 16
462 28
224 14
224 25
215 24
247 27
498 3
327 32
464 6
121 32
284 18
298 13
118 15
241 32
157 14
282 27
86 12
398 13
493 10
190 8
201 24
74 19
163 12
258 14
381 14
61 29
364 2
405 29
88 17
461 8
94 10
23 27
337 24
488 14
41 13
241 2
316 22
144 30
418 5
307 18
130 23
166 17
224 22
326 7
66 10
259 4
231 17
338 8
52 5
453 9
205 9
38 21
358 29
54 31
285 29
425 18
79 30
407 11
364 16
317 25
221 31
440 11
207 26
74 23
306 6
203 15
70 8
87 12
124 20
406 4
352 26
173 3
124 23
85 11
14 29
119 30
328 31
241 10
40 26
496 21
192 30
59 13
141 5
392 8
137 2
23 8
479 32
270 18
126 22
292 28
107 31
77 14
321 1
23 20
483 23
408 26
68 11
138 25
463 30
324 7
31 11
439 25
394 24
315 31
414 6
362 32
220 19
157 32
459 3
103 13
49 27
318 13
329 12
177 19
189 4
242 7
198 8
431 23
91 9
166 12
407 15
227 18
169 23
18 20
414 4
272 18
482 6
430 2
397 2
453 25
458 14
7 19
77 29
302 19
238 31
23 20
345 9
121 14
484 22
345 25
110 32
62 23
57 8
401 21
301 13
241 14
398 11
469 14
240 10
344 13
88 30
472 20
467 4
149 6
82 1
50 19
461 7
133 5
306 1
322 23
237 6
68 6
13 4
311 24
157 19
80 20
224 3
28 22
494 8
491 31
21 24
117 9
3 26
349 12
134 6
266 7
84 6
208 28
369 31
199 22
377 22
121 32
180 16
142 29
176 16
100 32
24 12
28 6
169 20
185 31
250 19
377 5
284 16
280 32
306 18
29 30
459 30
134 30
149 19
162 4
258 21
371 9
33 10
158 5
478 31
207 23
145 7
411 8
19 26
431 4
223 28
210 17
461 31
170 5
321 7
285 18
296 11
63 28
109 8
380 18
266 3
164 22
21 2
189 31
319 4
215 5
431 4
221 23
118 2
351 18
72 3
219 3
494 29
46 2
205 30
391 10
216 26
232 8
331 28
275 21
39 9
41 29
264 13
211 13
2 14
22 21
400 32
144 29
373 21
198 1
170 16
398 17
493 9
473 3
49 31
323 3
439 15
260 18
475 18
286 8
87 27
105 15
398 20
83 22
140 9
198 26
220 32
46 1
76 2
239 12
116 26
415 6
128 14
459 3
199 20
134 30
402 6
124 8
337 22
273 1
338 19
490 22
270 3
326 25
257 24
321 4
181 19
130 25
112 32
115 30
184 4
447 1
338 6
440 2
128 5
354 25
387 27
226 8
82 3
352 2
319 4
413 11
258 14
11 21
334 29
383 1
225 13
305 10
399 9
87 14
309 13
342 3
487 20
202 4
174 9
109 16
77 10
195 2
267 29
407 4
330 9
468 26
117 5
467 7
369 13
244 25
345 26
75 32
357 4
251 2
32 8
226 24
85 12
294 7
124 16
451 1
488 14
358 12
394 28
323 30
229 6
494 1
3 16
108 11
47 3
93 31
422 30
186 26
237 15
208 16
30 10
17 21
280 10
177 9
402 19
139 14
416 28
258 23
52 14
481 30
428 13
28 25
242 18
58 18
396 17
42 30
127 18
498 18
283 18
282 32
24 32
17 28
404 27
62 7
492 18
256 23
319 32
471 8
349 32
242 16
496 27
225 10
192 31
379 6
396 21
214 20
284 18
63 15
356 32
345 19
165 25
117 15
236 23
395 8
466 16
31 6
122 4
83 21
330 10
342 17
178 31
348 17
137 18
500 28
33 20
339 2
296 23
384 3
394 6
318 3
117 1
172 30
308 23
254 5
272 12
65 29
2 25
409 26
174 12
130 27
104 4
108 11
126 11
486 7
473 23
230 5
355 17
31 26
359 20
2 6
83 19
78 9
331 15
74 20
246 23
62 25
374 9
304 20
364 17
370 4
443 3
128 30
352 10
311 26
146 21
340 28
231 1
164 17
255 6
416 9
144 18
53 22
202 4
369 13
144 2
252 27
337 24
236 24
241 14
249 30
62 16
466 8
357 29
56 31
70 28
315 30
153 8
231 6
223 27
271 31
188 2
453 32
105 16
415 26
437 8
435 31
455 16
142 7
381 30
126 14
21 12
15 5
159 29
378 30
47 28
100 19
226 20
462 22
443 9
379 31
244 6
377 6
65 3
213 1
68 18
247 24
481 25
112 16
358 5
373 12
341 8
490 30
375 16
99 29
180 2
47 7
143 24
324 27
294 24
152 25
77 10
300 6
10 11
49 23
103 1
475 15
244 32
212 2
119 31
138 6
288 24
424 6
311 24
136 8
135 27
316 24
388 15
121 6
229 17
468 8
441 30
126 24
110 2
5 12
148 22
378 31
177 29
68 28
400 3
295 3
46 3
246 1
429 22
34 10
386 2
341 22
147 6
361 28
155 5
484 6
358 25
292 6
13 7
77 9
266 4
299 7
334 4
243 22
113 13
271 30
130 15
175 12
429 31
384 27
103 15
89 28
431 4
49 27
91 2
207 20
497 13
166 10
252 32
295 8
388 30
213 25
28 23
497 32
477 12
243 23
98 27
242 32
414 19
322 8
268 29
211 24
237 20
297 25
488 31
56 31
8 5
448 8
359 28
47 16
175 1
266 32
323 24
3 25
2 24
92 29
408 27
236 29
30 20
337 1
326 20
96 14
12 23
73 19
486 27
58 24
260 7
487 22
34 21
170 7
16 14
359 32
416 22
272 21
329 16
314 27
351 21
340 27
451 28
233 28
382 14
299 17
316 9
427 18
125 20
88 8
61 27
267 8
392 2
421 25
145 18
227 20
142 26
210 16
181 26
231 10
435 29
407 26
165 1
451 1
484 3
132 21
337 15
20 12
288 24
152 1
377 22
132 14
147 1
313 3
486 7
93 32
71 7
21 7
387 4
79 26
214 15
414 2
313 10
129 12
77 17
236 10
10 31
323 21
59 20
335 24
30 3
315 29
129 16
39 15
159 10
385 24
180 22
273 20
435 5
443 32
33 11
317 27
397 31
403 8
126 5
351 12
368 22
460 16
205 10
215 23
319 7
86 10
100 6
341 27
110 28
46 31
166 2
241 14
352 7
221 18
83 20
337 18
441 4
2 13
497 32
359 32
166 16
165 1
153 6
299 30
493 20
108 6
57 20
423 21
194 8
442 5
419 2
430 3
425 23
355 17
146 17
88 27
8 25
428 20
462 22
125 30
274 13
315 30
284 21
442 26
84 23
254 22
12 19
360 28
466 6
61 31
278 28
274 21
104 21
148 17
278 25
222 19
357 16
233 4
477 2
117 32
261 26
414 16
257 13
412 22
339 24
332 8
175 13
105 7
157 4
195 11
24 5
337 32
156 13
372 24
299 32
44 7
210 13
182 6
81 1
39 11
268 14
91 11
179 15
73 27
298 7
121 14
239 2
405 31
82 16
378 28
116 13
438 9
229 24
142 18
416 8
284 16
253 14
330 15
420 10
118 14
224 14
95 27
399 7
357 29
479 14
360 6
359 26
270 19
473 27
452 8
294 32
275 22
461 16
329 9
61 14
302 9
35 16
99 10
98 27
266 12
392 29
21 2
478 30
41 6
404 24
42 25
227 4
447 4
124 19
420 12
424 1
320 26
172 22
243 5
224 8
49 24
337 1
217 26
211 13
468 22
101 13
15 27
176 29
218 3
439 9
187 14
61 2
171 24
276 10
353 7
125 13
318 21
321 23
479 11
495 14
349 7
306 15
126 9
27 31
132 25
332 26
178 16
175 12
476 18
465 4
153 6
432 22
106 28
208 8
487 15
233 7
149 14
253 22
371 31
469 2
447 28
171 28
43 21
175 18
147 28
49 31
285 4
268 26
436 32
326 6
382 22
460 2
300 32
156 26
342 12
171 20
275 21
115 17
37 21
39 15
132 23
481 16
419 1
158 26
428 11
127 13
96 10
190 3
1 5
64 6
172 22
333 22
426 7
467 19
439 9
497 11
443 14
190 25
430 3
418 13
33 16
369 13
333 6
375 1
107 11
26 26
24 30
428 10
156 22
116 31
250 28
369 28
293 2
109 22
257 6
282 17
126 26
473 14
60 12
495 10
286 20
295 21
82 18
462 21
467 25
35 4
245 27
464 29
313 20
111 1
301 20
413 14
394 14
88 13
233 10
470 14
453 24
30 14
338 32
475 16
124 21
224 12
264 19
257 12
462 27
348 30
462 28
40 27
497 7
159 1
60 28
450 12
392 16
398 29
27 28
384 6
232 31
370 31
497 26
274 22
196 21
72 1
233 31
364 25
89 2
162 20
2 7
11 17
294 24
325 4
131 24
174 3
19 27
61 7
372 11
325 7
455 16
427 15
210 2
120 18
164 1
149 1
95 3
261 29
271 29
60 13
496 9
115 10
479 16
233 22
10 13
120 24
156 3
207 9
188 14
366 7
458 30
367 20
24 23
292 26
415 16
47 7
288 21
276 27
40 32
320 29
120 12
69 7
190 27
343 17
452 8
432 21
73 30
312 5
129 24
94 7
159 4
305 30
357 29
268 28
292 8
149 8
231 13
38 32
343 29
500 14
440 7
54 9
81 9
313 25
172 10
103 6
250 12
332 6
192 27
353 3
38 25
98 20
421 24
243 11
368 3
408 23
25 25
23 13
178 11
17 1
93 4
383 2
231 10
299 22
312 7
108 6
356 2
173 4
193 12
39 12
10 6
70 22
259 1
343 32
279 7
488 31
34 6
416 24
435 6
389 19
69 5
152 12
202 16
51 30
239 29
305 8
239 10
134 1
318 32
136 21
38 31
171 16
49 19
187 19
4 20
433 4
424 28
199 29
408 30
222 6
190 2
98 28
103 11
276 21
58 27
221 15
90 27
18 30
329 5
472 5
484 21
256 15
192 23
87 27
56 4
449 13
37 14
25 15
128 4
115 1
415 11
131 24
226 13
345 18
409 4
238 8
424 30
354 8
152 32
66 7
99 2
303 7
411 27
329 6
479 24
74 29
278 21
452 7
409 8
261 17
463 14
412 3
47 13
2 30
408 11
256 14
285 23
344 27
385 8
437 15
467 6
459 1
418 30
303 26
57 31
494 16
265 1
406 23
225 27
361 24
29 24
489 17
26 24
360 31
208 12
477 30
157 24
122 11
197 5
252 26
339 14
125 15
206 26
118 27
140 26
62 24
297 23
333 31
234 20
85 13
191 9
467 15
348 8
273 21
216 29
2 15
474 22
361 23
7 2
461 2
159 3
165 12
425 1
278 6
392 6
303 18
422 29
429 14
60 25
166 16
77 15
182 30
144 26
81 18
224 5
147 22
415 11
189 31
12 10
201 31
179 23
485 29
123 17
74 22
317 11
309 30
109 2
147 28
236 15
253 23
120 31
192 26
265 13
77 20
50 29
31 5
279 3
33 5
131 10
286 27
48 31
44 12
436 19
111 27
269 19
481 20
465 29
478 25
109 6
357 30
330 31
238 20
253 2
64 19
79 17
181 30
443 5
485 15
267 15
253 23
309 26
127 17
110 24
206 30
9 22
227 30
448 29
1 20
438 8
286 9
412 18
494 7
42 15
437 12
425 29
47 30
274 13
62 11
480 23
304 32
328 3
177 31
347 13
178 28
92 23
152 11
281 10
61 30
476 5
334 20
38 12
189 23
404 31
398 27
369 9
222 1
231 22
175 9
278 17
213 21
19 8
75 15
361 16
325 8
336 22
292 21
389 12
36 24
82 13
378 31
485 11
499 32
200 29
496 1
377 12
197 20
424 19
46 4
258 14
324 22
379 7
318 3
446 21
262 28
489 11
478 22
237 24
393 20
500 28
264 1
300 8
476 27
83 21
210 28
95 9
433 5
499 27
444 1
455 1
324 16
344 21
269 32
480 25
220 31
400 7
59 27
295 18
273 9
259 19
68 9
219 21
29 10
103 20
366 29
177 5
204 32
193 16
451 4
484 18
2 28
5 1
286 7
298 11
379 24
245 18
112 23
298 13
384 20
112 9
161 20
289 28
159 5
188 18
4 19
483 10
110 27
270 4
489 27
158 15
475 10
165 18
216 6
78 32
214 30
200 10
181 21
89 4
321 16
153 1
151 23
182 16
326 19
7 18
221 32
385 31
417 1
485 9
362 14
288 31
103 15
152 28
179 13
475 28
220 19
176 30
113 5
334 26
363 32
104 3
208 12
130 8
388 18
460 17
379 23
176 10
86 23
117 8
419 3
115 31
421 30
360 29
202 9
323 24
237 2
147 8
265 28
419 24
93 31
400 11
329 23
304 26
254 24
30 16
66 4
162 14
138 10
19 3
418 1
255 26
118 21
449 14
380 16
33 28
98 12
294 2
211 26
192 16
73 29
487 11
68 13
124 1
374 2
248 7
186 30
297 3
402 1
388 1
464 20
456 29
56 1
339 2
50 26
229 11
102 15
113 21
215 12
78 16
82 25
231 15
178 23
274 7
123 1
63 7
433 2
499 20
118 1
105 28
218 5
142 15
399 26
192 14
341 25
53 18
297 19
393 6
161 18
404 32
178 18
74 6
483 8
301 20
409 13
119 2
237 20
149 4
365 20
453 18
460 13
331 28
492 3
229 8
92 12
139 6
449 12
83 15
284 4
382 28
288 17
21 1
112 13
364 17
360 20
238 11
24 4
426 31
495 6
371 26
137 13
59 13
73 10
367 12
377 29
103 28
101 3
392 16
144 31
392 15
126 1
174 18
49 31
16 11
105 22
332 21
247 3
30 27
384 28
26 24
348 12
127 4
102 15
364 29
329 19
452 31
88 5
456 24
427 31
382 7
209 5
476 23
455 29
125 18
456 22
301 16
129 28
103 14
2 6
31 22
425 22
136 12
458 3
499 28
266 4

