256
191 6
22 16
368 11
212 28
474 22
155 3
499 12
50 19
267 31
394 23
474 13
334 17
477 13
153 32
307 8
359 17
281 25
408 32
479 12
176 25
349 10
235 23
385 32
482 20
30 15
330 3
387 24
363 16
128 32
355 15
239 21
283 19
297 31
371 16
162 14
80 10
227 2
61 11
301 10
466 31
416 8
37 18
163 20
221 2
267 15
428 25
492 15
227 16
253 29
267 22
494 6
275 32
11 31
387 8
376 8
346 31
351 6
149 13
485 17
155 11
296 30
459 3
144 14
426 24
486 17
309 20
390 12
255 29
270 29
268 18
493 9
492 19
198 32
208 7
213 14
137 16
295 20
146 23
485 3
186 10
467 27
153 9
282 16
313 15
48 8
400 16
44 16
87 29
235 2
127 31
7 20
158 25
63 31
443 7
78 29
368 20
327 13
104 28
428 32
10 7
347 10
219 22
357 25
483 7
450 21
242 8
76 19
460 14
54 15
36 19
383 4
26 1
276 2
168 11
249 5
381 8
290 7
337 6
255 15
89 24
280 18
11 11
80 31
345 21
225 12
263 23
283 13
19 30
474 18
112 14
214 25
21 4
443 18
149 30
28 21
253 3
418 20
14 10
234 6
130 30
89 5
268 32
237 10
133 30
471 5
135 16
441 32
187 27
13 28
284 16
276 13
199 22
152 32
43 17
125 28
46 21
120 1
288 16
98 17
269 4
369 24
103 17
411 6
247 7
329 3
166 16
419 8
149 14
131 3
10 11
67 11
320 30
219 19
394 20
231 26
87 23
269 9
111 7
330 18
453 14
240 3
466 2
186 2
283 17
9 12
71 3
198 26
112 32
349 13
83 15
223 9
382 23
209 12
170 31
53 10
400 16
444 9
153 22
331 31
298 15
430 32
117 31
462 16
394 6
437 16
92 3
496 25
1 9
317 22
447 1
144 18
13 11
415 1
420 5
156 5
287 9
141 3
212 30
334 5
115 14
285 22
280 12
31 9
188 19
302 26
419 29
184 3
88 6
152 7
46 3
428 28
391 16
438 18
21 15
411 15
393 11
44 12
326 18
156 10
124 18
351 23
106 14
177 21
335 28
52 28
486 7
415 9
250 20
182 2
475 16
108 31
138 19
242 16
77 30
181 8
207 27
94 28
417 23
209 27
450 12
483 16
294 13
164 7
101 17
16 3
289 23
293 26
125 10
93 13
135 1
253 21
156 18
357 4
320 1
174 26
380 20
205 29
405 32
67 1
64 10
431 16
56 3
482 8
460 18
233 19
199 9
139 14
386 23
277 2
263 14
475 2
106 3
166 2
250 32
366 17
313 4
17 8
222 10
400 17
423 4
331 13
320 10
326 5
316 10
262 23
52 32
424 25
118 22
370 3
321 27
32 30
234 20
1 3
397 20
191 23
383 22
292 2
491 29
111 30
219 12
88 30
108 12
130 13
101 15
444 21
437 3
406 6
226 23
476 18
10 26
292 1
39 11
298 13
200 8
187 14
280 30
391 31
137 32
167 9
222 26
362 22
288 15
179 17
377 2
486 15
171 10
483 10
212 16
90 27
392 32
384 11
254 18
113 6
497 19
183 30
241 12
227 8
14 13
393 31
262 26
129 9
359 27
346 23
94 7
185 1
415 25
7 4
194 19
113 27
398 23
260 18
190 11
369 28
95 17
446 5
343 6
141 13
36 30
475 9
272 20
466 10
80 20
57 21
443 22
315 12
316 7
181 14
265 21
413 7
162 2
67 16
283 23
408 6
396 31
150 24
42 23
205 29
439 14
97 17
283 32
72 14
190 24
455 22
152 3
16 17
76 7
20 10
493 28
379 17
310 29
56 11
495 8
27 29
225 23
17 23
386 8
457 27
43 31
380 11
482 12
211 5
330 27
267 14
10 29
210 15
377 5
373 12
229 31
8 1
21 21
312 11
316 28
333 27
30 21
257 27
108 31
420 17
49 14
110 14
386 28
228 3
288 20
486 12
350 21
321 7
221 4
481 5
251 21
99 24
377 3
495 8
173 18
124 26
155 22
131 8
405 3
302 16
162 23
60 8
484 8
86 20
67 30
92 9
82 22
300 27
248 18
498 25
263 26
198 1
207 24
309 31
38 18
6 16
101 9
63 20
148 4
139 26
417 31
234 18
124 2
160 12
383 14
348 22
131 21
414 21
224 30
151 6
388 32
313 24
73 11
275 24
226 17
490 14
347 19
491 3
108 11
398 7
12 17
488 30
493 17
182 16
179 4
329 30
339 9
257 11
219 31
187 32
147 20
437 30
398 12
20 26
282 13
200 13
365 27
286 1
439 27
424 25
150 5
34 32
97 10
103 32
24 13
111 23
316 12
220 5
327 19
274 12
7 29
104 27
11 1
431 2
207 10
418 24
458 16
47 27
445 1
222 1
141 24
195 12
231 10
373 25
356 14
368 26
323 27
436 1
211 14
134 21
219 28
476 5
207 3
435 3
23 24
175 16
339 25
471 18
486 11
182 29
45 14
54 3
224 9
199 3
206 5
55 13
236 3
305 10
53 15
296 7
394 15
90 20
191 17
357 9
107 15
369 19
440 27
17 3
263 24
449 25
400 28
245 27
34 21
280 2
287 15
12 8
397 30
115 4
14 32
468 8
10 16
123 9
110 15
463 13
58 16
341 1
415 9
295 8
133 30
385 31
1 16
450 9
201 32
188 26
239 23
38 12
343 28
48 16
2 31
176 16
274 32
220 24
100 11
487 4
440 7
354 20
322 7
393 3
71 8
88 5
439 29
409 5
136 4
436 2
170 16
49 15
127 32
334 23
282 4
162 18
246 28
217 32
22 1
90 8
393 29
253 7
154 29
315 17
172 30
426 2
361 2
488 28
242 22
418 11
345 11
300 3
298 1
158 8
477 3
263 9
275 27
51 24
231 25
217 23
115 26
96 3
320 7
166 29
256 15
287 21
14 3
43 31
455 24
482 3
298 21
4 24
315 26
352 6
271 24
300 9
413 19
63 12
181 9
144 21
311 15
241 16
221 31
339 19
334 20
309 15
268 32
54 23
218 21
128 12
324 23
224 29
25 30
320 1
366 16
493 29
98 29
204 14
367 26
196 16
214 20
182 21
316 4
63 13
492 6
372 4
320 11
256 4
84 7
49 14
242 25
478 19
478 21
360 16
75 31
248 28
411 29
120 6
16 27
462 24
76 9
27 28
131 26
91 26
60 3
15 22
236 16
196 17
377 8
408 19
462 31
442 24
436 29
449 27
95 14
310 23
94 12
270 8
321 16
438 5
203 8
386 14
148 1
150 28
136 29
178 14
416 27
321 23
31 2
153 14
179 3
352 5
150 21
496 19
332 13
203 22
89 16
323 12
20 32
259 24
233 20
457 24
406 9
350 4
398 30
117 25
316 20
201 14
88 8
140 12
185 22
305 9
133 4
8 20
451 26
159 31
405 15
34 26
244 3
301 1
385 14
69 32
385 21
369 9
169 12
96 17
201 20
477 5
231 12
485 26
453 3
420 17
110 14
370 9
336 6
345 16
87 2
124 20
34 28
148 18
500 15
406 8
198 26
385 25
217 5
166 9
215 9
377 24
390 2
28 6
416 9
1 26
138 4
177 31
468 8
225 7
270 18
370 24
216 26
452 16
326 1
453 5
53 17
216 31
427 28
372 26
320 24
47 13
496 32
479 27
399 27
133 29
37 14
340 24
460 3
387 5
259 31
177 11
20 5
457 2
340 12
491 3
200 13
467 31
112 25
361 19
352 25
383 32
50 2
343 13
216 29
498 6
420 26
488 11
418 25
88 29
124 6
119 7
318 13
221 30
234 29
144 25
129 30
28 27
451 14
391 2
450 24
195 5
414 22
159 15
330 26
144 18
27 10
480 17
199 29
478 28
485 29
72 14
498 11
496 24
320 14
317 1
126 31
490 23
44 20
73 2
450 16
179 12
330 10
24 16
210 9
163 31
473 30
12 30
184 19
121 31
244 13
475 5
151 4
111 31
168 32
272 5
251 18
444 8
459 12
311 1
320 1
419 25
58 10
466 5
288 11
299 27
375 2
252 2
89 26
72 28
397 31
224 8
144 16
431 10
339 6
326 14
66 8
154 4
25 28
420 12
58 11
195 28
492 6
309 16
11 28
40 24
426 11
111 9
282 13
375 20
486 28
130 24
148 7
379 20
254 2
336 7
368 6
95 23
179 31
495 9
487 18
300 20
148 30
333 22
303 15
401 28
110 10
43 13
17 13
281 18
423 32
433 26
497 27
205 15
133 23
67 19
84 23
235 3
128 3
12 30
477 1
274 26
146 12
47 26
89 7
284 7
294 4
4 10
94 16
20 22
258 14
49 13
304 15
276 24
53 7
417 1
403 14
170 17
6 32
210 18
246 21
308 11
60 23
32 21
223 11
83 12
489 19
377 28
117 8
279 17
290 8
49 21
237 10
93 14
286 14
39 15
499 22
274 26
213 13
63 19
60 25
118 16
479 22
43 11
497 30
263 11
369 11
183 25
232 3
51 29
280 5
252 18
139 5
336 7
33 26
137 8
246 22
491 28
100 2
170 8
207 32
86 3
446 16
31 29
394 1
398 2
374 5
303 32
377 30
214 25
239 30
1 8
307 23
411 30
376 8
206 22
363 23
8 16
411 19
41 24
323 6
181 24
290 12
59 18
325 28
278 32
325 10
103 12
121 10
241 24
445 14
282 24
237 5
319 11
179 19
154 10
148 27
49 1
22 24
306 14
231 28
113 12
65 20
391 5
229 31
385 13
77 10
332 17
454 11
163 5
213 28
338 21
354 14
1 27
197 7
73 24
94 21
187 6
252 25
195 4
207 7
357 3
96 20
151 29
42 13
385 27
333 14
467 30
164 3
413 32
477 1
139 10
373 25
80 29
401 26
308 8
204 16
446 15
56 29
199 1
261 12
55 17
361 9
131 20
192 7
236 20
231 10
90 27
199 13
431 19
294 23
262 5
106 4
499 9
156 29
462 8
336 4
213 1
241 7
72 24
89 7
303 19
33 8
125 19
412 4
33 25
146 31
405 31
206 15
116 1
304 17
480 19
296 32
335 32
386 7
171 18
417 2
144 29
217 17
31 29
324 20
37 13
62 18
423 19
48 18
331 11
318 26
490 22
354 16
353 31
286 12
65 3
201 20
151 21
328 14
249 23
449 6
323 18
431 14
128 22
339 22
181 1
471 30
474 8
49 10
267 3
53 23
389 1
242 3
374 14
72 6
72 16
259 7
381 1
196 4
371 18
21 23
42 8
424 7
19 32
45 21
10 5
319 6
54 21
289 27
482 24
400 5
84 11
3 8
51 30
176 1
84 4
323 1
391 10
344 26
274 24
398 11
40 25
33 1
129 25
223 14
384 27
366 23
485 29
135 15
66 10
308 9
209 6
330 24
80 17
213 25
264 30
487 3
178 19
100 2
191 30
267 27
148 1
245 28
353 15
19 22
40 26
271 5
307 8
52 14
124 12
442 31
373 9
393 31
151 4
60 6
166 15
120 25
311 16
297 11
243 31
432 22
492 30
234 22
153 21
388 28
48 9
366 9
109 27
175 12
102 6
453 31
412 16
284 2
435 12
236 29
246 12
163 1
73 12
386 14
181 25
205 32
454 3
352 18
329 14
173 26
112 13
49 7
196 16
449 27
263 20
11 4
55 9
448 8
69 25
57 21
310 29
180 19
331 28
176 27
409 1
293 28
473 13
247 9
24 11
3 22
230 25
497 29
38 28
116 22
480 24
206 5
284 29
51 19
268 27
329 1
427 1
400 7
313 30
123 8
192 17
473 6
342 21
58 11
264 5
336 4
48 9
384 15
277 31
1 29
365 14
425 19
450 24
393 27
322 8
450 29
492 31
286 1
95 3
63 3
71 10
454 2
142 13
153 23
475 17
167 3
482 15
129 12
266 14
46 27
389 7
304 12
269 25
417 24
488 23
74 2
81 31
28 18
67 20
492 22
332 26
232 2
100 13
449 14
234 18
156 14
488 31
205 29
252 5
472 19
452 13
296 28
275 23
105 21
354 21
86 14
458 2
351 22
30 27
127 7
144 10
88 3
445 12
91 32
413 18
286 12
310 5
99 8
108 19
129 5
151 6
350 21
31 32
18 20
202 12
174 5
277 13
328 29
53 6
120 9
332 13
32 21
42 26
77 13
184 25
313 19
270 3
295 5
214 16
360 28
307 18
112 15
146 7
156 22
209 7
366 4
32 17
384 5
230 20
425 22
368 1
100 10
251 14
438 5
205 5
232 23
34 31
445 20
134 16
81 18
227 7
85 10
47 12
386 1
484 30
42 11
46 29
340 1
34 1
113 6
130 4
452 27
38 32
46 7
200 23
364 6
277 12
387 19
120 28
451 23
433 8
305 22
484 21
478 13
125 26
458 26
137 13
269 31
9 2
197 28
144 29
485 20
360 15
95 31
346 25
285 2
241 22
107 4
290 13
445 30
378 2
20 3
163 12
189 27
305 5
230 5
297 22
220 9
288 30
339 13
63 28
410 23
269 4
230 26
304 10
323 22
428 14
196 26
333 24
464 6
120 9
438 29
258 1
425 1
323 11
29 21
90 26
391 22
9 4
267 13
146 6
346 25
283 25
366 12
128 5
105 11
225 26
367 10
402 11
230 24
406 22
460 27
399 22
57 11
174 31
423 7
264 24
243 23
12 16
14 31
140 18
90 32
215 16
401 4
247 18
192 16
91 7
350 21
205 26
247 22
81 22
48 28
289 26
242 29
101 19
291 28
428 4
159 14
336 3
110 14
40 13
437 26
155 6
470 15
396 12
440 24
89 31
319 14
128 5
30 32
19 4
23 27
404 21
88 27
239 25
24 10
349 4
259 24
301 16
214 8
148 10
23 28
492 18
465 32
106 18
51 12
370 26
70 29
106 14
363 5
206 30
326 11
401 17
410 9
164 7
249 27
128 15
399 24
316 31
91 21
61 21
45 6
418 6
54 28
123 24
220 25
5 13
235 21
481 4
457 29
118 13
159 26
328 13
217 27
124 7
64 28
151 16
465 9
73 2
92 8
285 3
376 13
59 2
193 12
253 29
388 14
206 30
467 5
307 23
379 22
193 14
465 24
253 17
264 18
298 3
225 10
221 24
222 19
61 22
170 29
266 5
386 27
455 17
207 13
239 30
190 4
379 18
127 8
286 26
161 19
300 17
368 32
336 17
298 32
206 16
412 23
376 5
294 22
353 16
442 28
289 3
375 24
488 25
3 21
446 23
59 13
251 2
116 14
366 29
185 23
232 8
394 32
96 31
141 1
390 23
244 27
417 26
198 13
174 16
381 3
66 8
215 12
217 26
253 27
94 5
5 2
236 30
137 23
288 21
483 10
211 18
60 4
47 21
236 28
160 16
190 9
259 12
40 32
233 12
114 27
80 10
356 27
220 28
349 3
268 8
36 27
409 15
458 4
203 13
27 6
12 29
438 19
472 1
302 13
472 11
235 27
384 2
69 27
81 6
462 12
101 9
178 5
444 3
168 26
31 7
212 11
263 13
369 10
478 14
290 25
436 28
352 11
465 8
274 25
337 3
245 25
83 10
150 2
409 5
376 27
363 27
333 13
87 1
63 20
222 12
13 5
80 32
328 4
135 21
89 20
187 1
464 1
106 9
499 22
282 30
305 24
312 21
473 30
42 27
462 3
238 30
124 13
41 23
361 3
255 13
202 1
485 2
61 22
130 3
308 23
284 28
407 23
452 19
493 5
265 6
460 18
131 15
171 31
385 15
401 15
183 23
431 7
120 15
460 1
254 7
160 17
82 6
132 18
296 28
378 4
281 29
413 3
123 19
285 15
465 1
349 27
139 11
369 14
474 29
7 11
299 6
263 5
435 2
266 2
221 11
289 29
36 25
263 18
136 31
17 12
84 29
303 22
496 7
332 1
55 18
195 6
207 5
86 1
55 31
222 3
49 6
480 16
414 30
242 9
493 2
205 28
326 27
1 5
381 20
141 4
225 15
493 27
496 18
275 26
132 28
380 24
357 27
116 31
453 9
23 21
318 27
224 7
437 32
316 22
112 16
457 24
143 1
119 18
378 13
391 1
241 6
392 9
481 31
219 25
67 14
81 16
172 28
379 29
231 2
130 14
1 10
30 15
386 24
484 27
244 10
327 12
496 18
81 16
77 27
260 23
244 20
379 16
495 29
228 9
302 29
419 14
294 28
297 15
299 28
145 22
6 3
378 21
40 22
180 4
460 11
463 24
130 1
323 12
301 18
200 26
258 10
107 19
121 3
433 23
387 9
313 4
251 14
96 30
499 27
110 18
65 28
365 2
116 15
169 24
440 32
369 13
190 23
451 14
230 31
81 24
163 17
359 17
286 18
407 32
80 16
445 16
439 26
337 6
200 29
321 8
224 13
40 5
163 19
75 28
225 23
359 24
399 13
4 4
22 22
319 9
277 19
244 15
424 8
120 20
436 16
115 32
480 14
276 31
496 22
386 17
356 13
164 18
165 15
141 23
429 23
139 9
426 23
272 21
166 11
176 2
35 2
465 22
296 4
8 15
442 14
67 5
342 6
403 18
249 11
44 25
354 7
233 11
269 24
479 26
99 7
239 29
296 27
498 23
147 6
86 24
103 4
384 12
234 18
301 30
181 5
158 30
231 22
164 7
246 6
284 16
296 27
328 20
429 29
386 19
182 15
162 20
327 6
79 28
35 28
41 19
280 14
100 10
291 23
360 16
405 15
83 8
369 10
495 30
291 5
224 8
55 26
108 5
135 26
292 21
121 24
384 20
85 23
113 8
246 12
115 10
319 22
53 3
163 12
188 5
132 16
277 2
149 8
123 7
125 6
451 22
450 2
349 2
169 6
113 6
137 32
267 11
481 31
346 19
422 13
300 25
296 4
295 4
163 1
430 11
182 5
236 3
418 9
369 30
250 13
203 30
412 17
193 32
344 22
239 25
274 10
170 30
465 12
69 23
380 11
117 17
231 1
44 20
493 24
438 22
96 20
479 16
313 27
251 20
264 1
420 18
378 29
311 22
404 15
172 19
229 13
48 7
345 23
311 21
206 12
282 17
91 28
160 3
487 15
410 6
103 2
139 25
122 5
174 6
180 26
12 12
486 27
71 18
353 13
370 30
480 15
211 22
114 14
325 32
336 14
54 11
267 28
271 13
345 16
118 20
141 9
135 14

