256
74 19
92 13
437 28
356 25
128 10
44 8
287 9
83 22
336 30
140 17
387 6
415 10
8 25
22 31
478 8
152 31
498 11
11 26
135 14
411 30
195 2
389 29
83 4
267 10
197 10
314 3
107 8
428 14
93 13
376 30
272 20
472 14
122 6
55 4
52 25
370 10
271 6
283 5
229 25
122 10
158 8
212 16
15 24
81 15
440 8
28 24
187 7
185 25
37 11
268 32
204 29
389 30
247 15
326 11
423 15
104 8
234 32
195 5
307 19
207 26
287 31
309 21
437 21
485 17
232 9
264 3
241 25
260 7
175 1
314 14
235 5
177 5
84 12
217 26
202 27
488 24
361 4
313 30
493 25
122 24
401 30
362 6
390 25
128 28
409 29
13 7
210 30
315 5
117 19
35 6
158 18
158 6
21 10
167 13
118 17
440 3
26 29
160 3
273 19
182 13
432 7
380 17
236 30
137 12
77 19
169 30
396 14
251 25
147 6
133 25
58 9
283 3
225 2
201 26
284 2
382 3
428 25
59 11
307 8
14 7
218 7
468 30
212 6
234 11
487 26
475 32
290 29
330 7
402 6
364 17
264 5
104 15
358 6
206 20
209 15
250 7
105 29
96 9
286 25
175 13
46 21
168 20
257 14
350 14
379 25
46 26
161 17
37 26
15 2
385 3
460 6
353 5
350 12
233 4
128 31
260 22
259 27
361 3
276 2
376 27
126 13
500 22
274 28
156 20
129 28
214 13
26 31
357 3
218 29
214 14
199 21
371 13
104 11
323 23
496 30
89 5
174 5
258 7
476 9
86 29
9 16
397 6
218 25
112 23
193 14
132 15
354 6
199 17
288 9
40 27
274 24
255 15
68 25
246 28
481 15
352 5
482 32
374 11
352 18
338 12
15 5
138 32
27 20
177 26
208 24
449 1
195 19
279 11
419 4
158 12
207 29
240 16
460 26
443 19
451 28
58 9
304 23
36 10
382 24
496 5
279 24
273 30
498 19
88 21
75 13
168 9
457 15
24 4
224 18
430 18
97 19
342 13
33 2
82 18
441 25
206 8
372 26
193 26
380 12
138 2
376 13
290 32
415 2
451 3
279 24
16 32
218 14
480 18
87 1
219 7
342 24
98 9
105 18
434 28
421 15
142 20
79 7
331 22
96 21
336 27
12 11
306 21
412 5
34 6
49 8
377 30
27 26
307 15
116 8
467 8
367 8
388 17
242 14
142 22
203 29
416 14
32 9
147 31
357 8
293 17
432 17
351 14
346 21
441 21
100 7
53 18
366 24
263 27
9 8
296 7
437 31
277 12
431 23
114 19
454 14
396 13
278 18
47 8
254 23
140 1
393 24
23 10
131 21
68 20
392 20
202 32
426 14
499 25
252 21
347 2
370 14
294 32
339 8
475 4
178 2
149 26
158 23
31 8
159 7
131 6
314 21
230 11
14 16
95 6
192 14
175 6
35 20
61 26
12 11
169 25
352 1
111 5
191 21
1 1
239 7
251 20
167 12
143 29
411 1
150 31
30 8
164 9
495 8
142 22
462 30
195 29
183 1
174 21
445 14
426 16
360 28
439 15
359 1
411 1
170 12
223 15
235 2
319 13
461 24
235 26
326 17
439 20
85 24
84 5
489 29
268 24
240 23
78 30
491 16
219 24
47 29
415 13
179 29
362 7
45 28
265 10
228 23
81 28
166 4
44 18
229 20
205 24
222 15
418 32
122 20
224 25
428 30
153 14
222 30
449 14
461 21
339 4
267 19
351 24
287 31
141 23
58 17
482 27
331 3
490 29
386 17
325 6
202 25
271 8
491 7
393 15
283 12
491 5
2 17
36 20
87 4
154 32
373 24
274 19
238 20
359 16
180 3
141 18
12 7
157 18
334 13
156 8
132 18
369 22
191 8
125 17
80 19
273 32
118 10
210 3
161 1
34 1
103 6
74 30
437 10
467 26
482 15
237 14
472 13
99 2
361 11
439 32
205 3
447 6
108 16
233 9
76 26
461 19
440 26
292 12
467 31
497 24
85 5
413 12
190 7
218 6
438 32
193 14
422 3
168 13
294 28
1 2
165 29
48 20
198 3
183 24
153 3
464 13
264 20
145 25
91 6
354 12
221 2
373 6
36 12
22 21
291 7
198 28
335 9
263 25
140 14
48 12
476 31
381 23
91 17
43 13
238 12
264 26
145 16
451 16
380 16
361 2
198 26
329 25
359 12
269 14
241 32
141 8
31 17
307 17
397 13
357 22
301 20
295 5
459 13
477 30
421 25
212 18
98 28
354 20
335 26
305 31
142 26
143 24
170 5
496 11
149 4
404 9
175 15
246 25
295 2
323 23
262 22
37 11
425 18
315 24
216 31
186 5
268 28
380 2
128 3
356 17
282 11
77 28
309 6
440 20
395 10
22 32
295 18
15 16
152 9
331 15
3 28
427 31
48 14
60 23
236 11
451 21
377 32
472 14
201 3
141 12
25 10
103 11
424 21
242 31
1 32
145 4
292 31
126 19
228 1
365 27
155 16
331 31
195 30
420 19
64 12
194 12
426 9
111 17
117 16
275 26
128 27
325 11
193 30
109 4
190 5
234 8
140 12
78 2
217 18
433 8
409 18
424 18
126 10
34 23
237 16
416 8
430 12
134 2
393 14
393 6
419 2
277 6
393 18
96 21
203 28
445 32
357 16
149 7
253 19
429 17
194 12
205 12
435 10
449 31
284 18
260 10
23 16
259 32
241 22
228 4
85 16
259 30
391 19
128 23
441 32
336 7
251 32
314 1
81 30
363 32
307 2
65 2
9 24
449 17
381 20
44 30
200 22
259 2
61 30
289 13
293 32
339 7
15 4
431 7
118 5
311 16
266 15
457 22
50 17
374 19
433 26
100 8
219 10
425 23
95 1
132 3
188 22
281 30
178 15
149 27
355 11
422 24
185 27
245 31
135 18
369 15
387 32
50 26
29 31
236 15
391 19
361 31
41 25
132 2
55 32
364 25
442 5
232 3
15 28
65 10
297 17
420 24
104 14
289 24
148 32
106 10
95 22
468 27
458 4
204 20
83 23
124 13
203 27
3 26
182 15
71 2
203 26
13 14
311 9
289 18
29 10
200 27
359 3
257 12
118 16
31 9
378 10
77 32
360 3
149 25
497 27
222 15
61 19
356 27
387 32
33 3
389 8
389 7
250 17
266 16
308 16
420 5
153 12
469 28
426 29
108 30
188 13
120 12
415 7
322 26
470 18
420 14
437 25
456 3
157 5
406 9
72 9
353 12
172 17
439 1
290 26
370 5
226 9
428 5
315 21
294 20
455 25
493 31
373 20
429 26
372 18
346 11
362 14
18 13
371 28
333 12
353 10
488 26
42 31
70 32
15 27
343 25
280 19
212 4
338 24
385 29
178 30
3 3
132 28
276 10
179 28
13 11
162 4
313 23
266 2
411 20
449 9
453 16
292 4
231 1
359 16
42 4
197 4
279 24
268 22
181 22
13 21
181 22
192 5
229 25
78 3
293 2
95 25
253 6
464 4
219 22
451 4
210 31
155 32
179 6
393 23
72 5
52 28
283 3
448 7
256 5
353 8
403 19
496 23
389 27
490 31
132 12
218 9
143 8
328 1
498 28
179 9
329 2
24 27
29 3
325 32
347 9
183 13
327 6
256 19
340 29
173 15
241 18
164 19
466 31
203 7
415 9
235 27
167 18
57 15
80 21
478 26
113 20
379 23
393 10
6 24
434 26
54 14
272 29
56 5
60 18
51 22
195 25
272 5
394 4
55 29
412 32
102 20
395 28
314 11
317 19
370 11
349 7
276 24
344 24
208 31
145 6
80 3
394 3
51 7
30 25
111 29
340 24
168 10
396 25
224 24
152 21
166 24
220 26
471 31
477 10
317 25
287 16
312 12
98 2
318 23
319 20
271 18
343 2
96 30
270 15
302 5
116 23
272 31
260 10
249 32
123 25
357 1
164 20
292 25
381 29
91 15
92 1
61 27
150 28
172 27
178 13
192 13
144 27
331 19
261 7
139 23
347 11
496 6
366 3
122 18
452 12
1 15
72 1
477 13
420 1
344 5
177 7
94 16
201 28
223 5
355 21
196 1
411 19
63 28
181 4
225 20
248 13
27 27
137 11
244 8
355 15
5 24
473 30
351 21
225 9
134 27
137 21
484 27
223 2
174 27
433 3
387 20
327 17
351 28
267 22
371 6
32 15
5 24
28 3
176 5
484 5
183 8
341 26
19 31
415 24
318 32
146 8
27 9
468 1
288 18
322 6
59 25
89 19
356 32
122 28
368 1
44 3
428 25
420 10
151 23
342 16
182 27
23 8
163 14
437 6
76 30
312 22
111 32
49 6
367 30
201 3
478 1
489 5
333 32
203 15
94 16
303 11
86 21
187 13
167 27
50 2
232 29
79 14
112 31
12 27
352 20
65 25
160 1
86 12
164 12
327 22
387 25
236 4
157 18
72 15
44 2
268 4
482 7
469 26
29 4
424 1
44 16
61 11
244 22
47 15
489 17
16 27
205 4
199 21
173 14
36 1
391 19
344 13
353 20
318 30
496 25
114 15
80 22
445 23
24 15
81 12
67 9
387 7
348 5
336 32
58 31
440 1
377 3
25 10
151 18
315 14
286 4
36 17
453 20
39 4
323 11
488 1
67 22
216 30
14 3
138 11
125 29
371 17
64 23
434 22
88 32
211 17
379 30
89 28
429 7
159 19
98 14
196 4
75 27
430 28
313 31
159 29
347 17
141 26
424 7
327 15
26 17
88 9
486 32
440 31
155 2
369 24
448 4
267 18
326 28
110 26
318 20
278 21
148 3
278 11
345 29
138 14
345 25
478 27
400 25
301 30
367 9
9 10
85 16
39 10
27 8
252 5
267 25
213 31
299 6
41 3
298 2
217 15
402 6
177 18
463 1
411 25
497 4
346 21
399 28
47 29
384 2
121 30
178 25
120 21
175 5
471 32
338 7
318 32
233 22
97 11
322 31
227 31
278 4
455 20
159 17
453 2
150 17
396 12
110 27
8 8
27 22
311 5
17 21
308 9
474 20
147 32
410 21
170 20
148 16
215 22
125 23
200 18
296 23
453 17
461 28
244 16
290 30
204 14
182 23
110 28
414 8
155 27
332 24
214 19
447 21
136 7
299 31
49 18
133 21
350 6
165 25
433 2
147 8
463 8
498 4
187 7
31 29
437 6
16 15
44 27
431 31
237 13
218 25
323 18
138 32
295 30
117 11
107 15
214 13
294 15
196 25
325 26
173 22
291 9
264 22
3 6
364 3
274 17
376 16
431 9
472 25
18 8
304 4
54 21
248 11
80 31
179 24
20 24
17 22
392 16
495 2
177 30
336 7
439 31
398 17
427 5
297 12
308 12
419 1
469 30
60 4
460 14
155 19
145 8
140 4
155 18
133 12
492 9
134 30
31 7
354 14
400 22
401 23
454 8
420 2
189 3
173 1
420 31
331 21
54 27
452 29
456 29
244 27
405 25
80 11
407 5
244 10
287 17
365 28
168 24
13 28
466 1
208 9
67 15
301 5
361 21
33 20
41 8
115 21
152 6
83 30
183 23
68 5
323 8
60 30
419 28
401 24
460 21
472 26
499 29
498 11
229 30
26 1
157 12
417 4
38 19
422 28
177 9
188 15
124 31
44 14
22 5
129 21
53 4
210 27
224 12
261 16
441 2
424 14
278 4
109 31
43 18
386 31
222 25
274 9
23 25
442 16
113 26
376 21
374 17
419 29
144 19
253 5
317 28
386 2
220 2
112 22
228 25
184 13
421 1
498 7
126 11
190 22
361 25
255 2
1 25
34 5
204 10
433 32
314 26
317 5
163 32
498 14
424 13
339 8
138 16
490 7
126 3
352 30
95 6
423 3
279 29
443 10
242 15
353 11
192 9
291 3
448 8
96 31
321 10
270 2
473 19
424 19
289 3
288 15
381 15
181 7
167 24
344 16
498 24
167 14
68 9
248 7
449 31
89 5
481 10
430 1
468 13
255 16
127 3
342 23
253 14
221 27
145 12
30 11
463 4
36 2
209 7
248 29
329 12
277 13
397 6
466 16
410 32
471 32
114 28
247 18
186 19
488 14
383 22
176 1
417 15
227 5
49 10
133 26
14 1
390 10
318 19
274 23
427 24
115 20
112 13
258 29
31 17
330 29
114 2
110 31
420 32
7 5
13 4
198 30
104 3
436 10
294 1
500 8
156 22
111 11
178 32
415 1
465 17
473 22
102 26
312 1
269 23
341 2
14 2
307 29
477 6
242 26
154 6
341 30
59 27
428 29
23 15
297 11
439 25
268 16
203 20
264 11
102 21
104 3
494 11
83 26
208 5
239 22
418 19
23 4
382 26
64 8
144 28
242 6
481 17
177 7
292 5
5 13
397 29
7 14
75 14
212 22
266 26
495 27
381 29
10 26
467 30
369 30
285 18
248 13
322 24
299 6
216 4
358 20
468 1
354 6
158 9
175 31
366 6
309 14
38 22
211 24
95 7
170 12
392 25
348 26
192 11
179 12
154 16
371 13
104 32
14 29
140 12
35 10
61 19
455 19
13 30
454 27
96 31
338 28
391 30
53 7
184 19
342 21
470 16
457 18
140 18
186 23
361 9
488 14
415 23
372 3
312 9
386 23
152 3
246 30
260 6
476 7
84 21
131 26
233 27
331 20
260 24
354 9
88 10
246 27
488 21
133 19
145 26
57 4
93 27
42 28
156 5
147 24
38 29
497 30
68 27
345 3
194 26
151 18
391 32
488 2
216 8
28 17
138 29
360 30
91 21
285 22
122 27
189 19
412 29
484 15
363 32
157 9
25 28
190 28
55 5
497 15
296 17
483 13
313 18
218 3
447 3
352 32
489 5
282 20
225 1
230 24
444 19
496 24
46 25
87 8
213 16
74 8
460 20
497 12
250 30
378 12
420 5
467 29
269 28
160 10
364 18
285 27
480 32
126 17
168 5
328 20
500 14
443 19
309 15
434 6
357 11
457 12
39 27
36 24
374 24
5 17
289 1
395 12
124 29
496 23
437 19
22 20
76 4
246 1
255 3
146 31
341 23
238 27
229 18
38 7
173 18
43 17
386 2
80 17
162 23
299 30
249 16
237 9
488 22
413 6
364 14
56 4
364 13
434 21
418 16
251 6
217 17
50 19
434 17
463 15
55 10
396 16
137 28
480 12
317 32
69 8
153 20
235 17
269 9
313 30
344 31
128 24
207 25
366 1
10 13
87 16
294 27
367 14
318 22
258 7
89 10
166 2
154 25
110 30
273 22
459 24
336 30
27 2
467 25
34 32
425 17
391 26
455 14
351 32
307 32
258 24
138 20
341 7
28 10
64 12
75 30
267 18
164 17
303 18
241 21
309 13
309 31
86 15
160 13
238 15
396 20
214 21
123 30
27 18
355 30
153 5
168 31
190 23
267 8
312 24
32 24
24 32
22 10
306 2
398 28
500 1
243 21
30 21
470 16
218 24
350 2
456 9
492 17
199 14
340 6
469 20
185 9
415 18
454 1
239 7
468 2
495 10
154 28
426 7
284 3
150 25
216 25
353 3
101 31
168 1
116 21
16 32
481 6
357 14
354 4
284 1
185 26
382 27
6 7
313 1
5 31
125 12
419 25
278 32
379 30
164 26
434 19
145 14
312 9
199 30
448 14
338 17
463 8
323 28
82 11
460 23
301 20
158 32
60 16
239 2
85 30
135 30
432 19
135 7
132 5
260 7
18 2
415 24
21 1
300 22
76 15
40 20
195 14
447 14
485 17
248 9
438 10
290 29
365 16
316 24
108 7
278 5
24 21
456 16
133 15
350 32
218 17
288 32
438 6
369 26
271 28
194 4
350 7
281 2
110 4
413 9
22 22
193 18
234 9
145 31
107 6
278 20
235 17
87 20
3 32
298 13
423 15
184 32
178 16
189 11
263 25
356 29
143 32
34 24
48 14
446 31
24 20
330 10
492 5
133 26
224 10
118 30
125 22
122 14
117 30
440 24
263 11
16 5
195 1
132 18
78 18
100 1
5 2
62 8
198 7
194 9
476 7
122 8
112 3
253 1
257 13
460 23
339 11
275 1
375 22
127 24
39 2
257 11
7 2
243 8
364 20
328 24
246 22
291 22
396 20
290 24
88 13
22 22
75 8
459 1
406 9
456 4
162 16
339 13
382 1
76 25
368 4
436 13
57 15
174 16
122 23
456 1
63 21
134 25
125 12
141 26
380 17
177 30
160 11
414 17
447 29
490 30
448 25
279 24
3 12
308 8
267 15
332 5
91 30
318 31
113 22
300 29
406 21
238 6
343 3
310 10
343 31
307 31
76 17
146 30
389 29
202 31
419 13
335 14
54 32
280 19
314 4
11 27
56 8
488 22
250 22
391 8
448 6
86 11
134 28
101 18
388 14
380 3
390 19
20 4
70 27
110 7
230 4
306 21
219 1
387 20
442 9
115 10
178 1
264 4
136 28
185 19
221 5
385 3
131 4
406 8
407 27
435 28
338 16
125 8
384 27
227 6
491 21
419 17
245 2
480 16
102 8
459 6
432 23
284 2
451 13
114 25
55 24
344 4
491 4
299 22
330 5
255 1
422 9
489 14
59 4
250 8
187 32
333 23
254 21
32 16
157 1
412 8
396 28
307 30
223 22
316 29
334 14
373 19
447 13
125 1
32 30
368 26
285 20
188 18
20 8
94 9
68 9
92 32
260 26
405 3
207 16
387 9
142 27
499 20
323 27
296 22
348 27
275 20
214 31
170 22
386 7
114 13
119 13
472 19
306 9
213 21
448 19
257 21
209 23
380 19
230 27
236 9
189 22
61 3
324 2
488 25
196 21
366 22
9 17
44 6
213 28
30 17
206 22
305 26
393 13
444 30
211 19
402 28
41 2
154 28
43 21
425 10
297 26
404 9
126 7
322 3
55 8
203 16
489 23
26 9
395 21
206 10
500 12
209 16
421 2
403 16
58 31
405 30
468 24
10 2
107 19
284 1
34 22
272 23
196 25
107 15
118 5
48 21
272 28
360 28
321 14
359 18
441 4
231 4
275 20
353 25
422 8
245 32
325 9
330 9
17 20
315 14
100 14
454 7
321 5
267 5
427 13
370 31
92 4
478 11
43 7
451 28
170 28
123 11
416 16
219 4
92 9
418 27
98 19

