256
405 31
449 18
241 18
21 7
86 27
208 29
145 16
103 29
94 10
218 11
198 2
376 29
64 26
182 32
476 15
252 16
317 12
329 25
485 5
227 22
199 27
435 32
278 21
64 3
158 30
429 31
19 4
111 30
114 28
437 17
386 20
320 22
92 32
462 28
200 12
498 3
122 4
94 16
172 29
122 21
290 31
387 24
354 13
241 31
492 17
407 17
217 14
282 4
225 19
235 17
430 16
175 4
367 20
155 10
276 4
218 10
326 16
225 4
304 22
350 3
494 17
171 10
186 24
221 11
46 12
39 8
391 13
231 14
332 29
147 15
12 21
24 2
172 25
221 32
418 6
270 19
30 21
177 20
96 9
330 22
204 24
321 15
80 7
204 3
287 18
369 2
66 9
487 10
345 7
65 14
481 10
376 2
478 28
77 10
153 18
419 24
125 27
154 12
141 1
318 3
59 31
428 24
283 7
65 7
473 9
444 25
315 19
315 16
75 15
217 19
1 23
434 9
225 16
33 17
296 2
143 2
240 23
34 6
337 26
204 9
227 31
466 21
170 28
184 32
226 29
322 10
35 27
55 4
194 7
476 26
140 7
399 8
393 20
457 25
30 25
93 16
11 2
500 8
41 7
275 7
83 24
196 22
203 2
81 28
392 12
441 16
378 16
115 14
271 3
202 16
435 7
111 18
204 2
477 5
145 32
215 11
199 26
400 9
364 24
1 3
388 25
138 21
280 8
387 11
27 8
406 5
234 25
110 22
478 15
34 2
190 4
53 4
9 12
141 24
432 17
479 7
285 12
287 17
72 29
319 30
465 20
114 18
444 24
487 6
162 32
395 19
119 19
90 32
251 2
203 2
74 17
204 27
1 2
275 16
367 5
373 3
372 14
232 4
61 27
89 10
90 15
72 29
134 18
392 32
95 18
269 5
479 8
231 31
165 9
402 7
301 26
65 4
463 29
339 12
367 15
245 16
262 17
368 31
182 7
130 20
205 30
296 27
73 22
13 13
382 6
472 10
391 28
58 5
36 20
228 14
175 5
210 32
493 9
34 22
188 27
301 8
412 1
426 28
326 26
72 20
55 27
93 29
283 10
353 14
250 17
220 32
257 25
63 9
209 28
274 16
110 6
343 13
374 24
356 28
409 15
259 15
174 11
111 32
57 12
273 18
396 8
81 16
476 15
252 1
442 21
284 31
154 7
423 32
98 18
79 15
56 9
321 9
243 8
36 7
247 21
104 14
4 8
497 28
382 20
368 31
476 11
373 1
481 7
8 15
424 26
85 24
478 25
412 21
40 8
19 18
460 19
131 23
10 27
146 16
226 13
66 21
16 11
34 8
437 21
74 9
331 18
44 16
267 31
28 10
106 31
444 1
373 26
232 10
201 9
477 2
242 7
331 13
185 12
104 1
256 10
333 14
391 8
246 5
35 1
463 12
375 10
57 15
331 4
333 23
16 17
161 1
55 15
217 7
206 1
212 25
54 16
251 4
272 4
453 30
324 23
297 3
24 21
445 2
492 9
237 4
438 17
468 16
91 17
83 24
61 30
460 26
189 22
409 4
409 5
117 29
127 10
431 26
118 15
356 22
356 20
321 17
192 28
488 2
176 22
281 28
215 8
53 32
154 18
215 22
174 4
146 17
97 16
302 10
7 5
175 22
452 23
358 27
487 5
128 30
119 20
102 13
352 14
440 25
467 15
270 21
190 32
293 30
195 14
351 13
455 6
414 10
372 7
253 14
172 32
224 6
492 5
326 15
478 30
51 17
272 20
437 29
87 9
98 2
26 32
334 8
177 16
90 1
74 22
110 1
425 25
386 8
9 24
462 15
329 28
283 32
36 3
412 2
151 21
255 32
12 17
360 25
40 25
441 21
494 6
210 2
87 27
38 27
158 31
433 6
215 7
437 10
137 32
223 19
60 14
167 8
418 26
112 29
30 24
273 31
305 6
292 27
429 9
338 18
32 30
424 2
189 28
347 13
60 21
168 15
250 18
42 31
63 21
327 28
408 12
466 9
433 25
307 17
290 24
151 9
118 26
418 26
285 20
334 16
36 5
315 10
186 20
156 32
213 3
43 20
286 20
184 30
117 31
283 14
338 17
78 11
6 31
464 30
462 10
338 25
150 12
486 4
211 10
139 7
328 30
43 25
189 22
182 29
420 4
414 10
396 31
64 29
189 24
395 14
177 8
351 14
87 8
217 17
329 20
220 28
37 18
120 1
43 10
86 27
117 7
72 1
194 23
117 2
366 23
384 14
446 22
72 16
273 12
181 14
495 24
461 15
217 29
312 15
234 13
73 18
247 12
214 24
335 15
174 16
397 9
446 3
494 25
226 26
8 18
71 3
9 16
237 17
464 32
336 17
296 8
250 31
256 20
186 22
498 15
141 6
119 2
88 20
306 26
82 30
71 20
20 20
35 16
156 14
156 3
398 27
251 32
197 30
463 15
299 20
241 23
205 20
229 1
175 18
458 20
51 4
260 14
163 10
178 27
348 13
13 21
487 7
244 32
472 6
66 22
221 10
413 18
369 5
70 4
378 11
151 5
110 30
350 5
260 15
295 31
211 27
203 2
422 7
233 5
208 14
367 5
307 7
206 20
123 7
423 32
5 13
132 30
187 22
90 18
360 32
404 31
43 2
472 28
256 32
208 20
353 26
392 3
204 13
186 10
223 12
30 3
385 13
396 3
494 2
220 6
73 3
480 27
284 3
78 12
6 22
355 14
63 22
368 15
46 6
444 20
217 1
198 9
338 21
375 15
282 30
388 23
420 23
321 4
21 7
95 26
388 13
87 10
46 23
68 3
64 16
62 12
188 11
233 29
55 31
208 21
53 31
395 28
18 27
379 14
465 13
268 28
273 14
6 26
12 29
112 31
288 17
59 28
283 31
352 26
249 3
378 25
358 24
329 23
338 19
116 19
32 11
358 24
89 19
326 28
288 13
379 27
314 5
402 24
79 14
137 31
16 30
332 17
489 12
451 7
218 11
333 29
449 6
257 13
405 6
341 8
222 3
118 15
359 24
483 9
125 23
319 20
189 30
365 9
13 11
355 7
233 7
331 10
229 23
422 5
20 30
176 14
36 13
128 6
312 2
386 8
433 21
428 13
206 32
1 27
458 4
301 31
394 3
224 22
70 29
106 21
111 5
182 26
74 30
392 21
271 13
25 23
481 24
27 19
95 24
109 32
235 13
94 4
95 5
454 8
314 19
457 28
44 30
421 9
151 20
205 26
441 25
328 1
180 19
163 6
234 31
178 4
383 3
299 26
440 32
493 9
15 29
380 10
291 24
26 21
316 14
214 12
311 30
380 22
248 31
468 25
165 1
300 8
267 2
229 10
202 1
162 20
374 21
273 24
45 14
456 24
379 26
467 1
63 14
383 6
92 18
142 9
346 25
8 20
390 16
170 27
12 15
306 13
76 10
252 16
79 16
331 18
229 9
350 31
346 8
452 2
433 1
398 10
237 25
242 18
344 27
69 23
445 26
92 12
8 7
491 26
402 1
247 30
321 29
124 31
180 31
308 29
223 9
94 23
461 3
437 8
449 21
10 6
82 1
265 17
148 12
27 29
280 21
383 21
221 22
471 21
285 18
217 19
334 22
318 26
497 18
449 21
110 30
190 19
115 11
484 6
414 14
162 1
134 28
145 19
254 7
107 6
244 23
396 17
132 1
222 4
318 10
425 23
184 18
322 6
420 13
411 17
314 12
378 27
320 6
153 25
137 19
462 4
81 21
309 21
422 30
192 7
52 16
18 15
82 7
384 29
495 30
38 12
217 31
458 16
288 19
460 16
221 5
156 14
482 8
366 15
345 25
345 12
25 18
334 10
52 13
162 10
362 19
205 19
465 27
466 21
125 10
28 17
50 23
498 7
498 31
285 3
272 10
442 32
343 8
457 19
196 14
292 30
169 17
488 17
363 17
237 23
82 9
183 8
151 5
162 29
247 3
195 26
428 12
369 6
115 1
16 7
295 20
368 15
8 19
447 14
11 4
208 29
152 10
76 10
126 17
154 17
387 4
242 30
188 3
436 2
287 27
112 17
110 11
43 17
389 30
190 32
377 1
344 12
491 31
181 24
359 27
340 2
34 18
263 13
396 2
375 22
1 22
115 10
169 5
283 29
350 24
160 2
221 23
105 3
125 2
178 4
472 2
433 25
303 3
430 6
245 20
231 1
141 1
410 9
206 4
70 7
16 1
485 20
84 21
446 12
78 15
395 17
344 19
258 2
226 15
195 26
342 2
418 10
326 3
495 7
223 24
290 2
496 22
473 15
66 10
491 32
244 9
44 8
416 25
437 17
339 16
462 8
261 3
366 18
409 4
321 11
127 6
220 18
235 32
53 4
313 27
295 1
131 19
200 30
343 16
186 18
119 23
65 15
229 10
169 30
289 25
324 7
450 20
389 24
439 25
335 28
335 30
12 21
172 3
363 26
198 32
47 17
399 4
399 15
41 31
320 26
407 20
448 20
391 24
391 25
128 6
432 2
411 15
131 18
357 9
95 3
392 22
75 30
105 17
473 5
392 24
178 6
139 30
358 17
165 4
358 5
29 29
458 11
436 28
20 28
432 7
50 12
460 16
169 20
97 21
60 16
137 22
341 23
419 14
304 7
150 17
79 26
301 17
469 24
328 32
232 16
306 17
287 1
257 3
180 1
300 12
44 4
181 4
210 19
286 1
385 3
25 4
464 30
352 32
265 31
272 8
142 5
481 8
46 25
87 25
441 2
316 8
321 4
71 30
298 28
395 15
142 15
498 26
96 5
241 1
231 24
412 17
293 32
152 2
480 2
414 16
123 30
107 7
429 2
177 23
237 3
261 27
489 22
188 29
310 12
149 28
292 4
412 32
304 4
273 27
153 26
407 8
267 1
274 24
394 18
274 31
20 18
361 5
143 12
297 32
327 29
343 26
208 7
405 3
22 25
498 14
215 8
5 9
268 3
28 10
80 13
144 8
186 32
312 4
403 12
483 1
256 30
51 7
284 19
326 13
132 7
330 30
78 15
30 21
465 6
210 4
210 5
495 16
60 22
279 14
265 22
395 8
291 9
335 22
399 24
230 6
334 27
431 11
97 9
459 25
370 29
457 31
225 7
178 5
109 1
450 29
70 32
245 8
288 19
285 3
90 30
272 7
424 11
389 1
163 15
285 32
219 21
462 12
396 12
432 24
448 1
228 1
77 24
80 8
402 4
254 19
229 18
469 24
80 9
376 14
56 17
125 2
253 10
421 32
429 28
3 32
85 11
244 29
406 7
376 12
38 14
2 10
7 23
122 26
179 25
179 22
9 19
212 14
240 4
113 17
484 4
396 28
198 16
80 15
314 27
262 32
84 24
469 6
438 10
27 12
291 5
54 11
359 25
264 19
396 5
119 27
344 18
150 21
5 13
495 23
184 29
22 15
76 30
61 1
284 19
332 10
144 13
76 14
149 12
100 1
420 2
127 23
436 17
7 20
357 13
110 4
461 31
11 28
325 7
400 4
9 8
385 16
468 32
154 25
355 29
13 26
27 19
240 18
119 26
401 32
99 15
219 15
345 21
447 9
151 6
480 20
281 24
163 1
28 32
69 2
273 17
360 27
423 11
112 6
197 16
221 11
226 7
205 11
20 3
443 22
53 31
181 21
138 12
285 13
363 13
251 7
285 10
137 32
208 12
101 24
464 9
50 25
111 27
463 10
461 22
152 5
180 8
50 9
27 14
186 30
39 4
228 23
397 5
382 32
316 26
212 11
6 25
24 17
219 6
246 16
95 25
44 14
81 13
295 19
131 12
52 21
267 20
343 27
348 1
470 7
262 17
146 28
146 21
384 28
6 5
247 21
230 31
226 30
87 24
120 5
351 32
237 17
155 4
483 10
360 5
16 29
337 1
388 30
181 3
50 15
456 4
139 5
290 4
198 13
236 17
445 30
192 10
55 2
317 25
347 16
341 27
296 18
227 4
363 16
10 8
298 13
60 32
1 13
151 18
77 30
219 10
176 18
407 10
256 31
118 30
398 31
20 25
340 19
80 30
6 2
466 31
406 17
90 31
373 32
308 22
330 18
323 25
288 17
86 23
451 3
200 28
365 12
244 16
318 16
258 31
117 19
477 30
99 26
132 31
157 12
272 22
169 18
342 32
322 15
54 16
482 10
175 18
325 31
402 18
446 15
464 30
85 12
287 3
357 23
5 29
62 21
351 30
370 32
390 8
471 19
19 32
400 2
149 16
316 18
217 13
60 16
174 32
471 4
178 31
230 3
192 27
459 14
225 28
437 22
223 27
112 26
210 4
139 11
235 26
260 20
214 28
483 15
315 30
50 29
336 12
27 23
274 21
272 30
16 17
167 19
319 27
184 5
290 6
91 16
275 10
179 4
21 6
78 32
171 3
32 30
110 26
385 20
394 24
437 29
68 4
351 19
234 26
267 27
355 5
250 29
58 13
320 19
294 17
118 20
228 13
321 1
58 5
276 19
213 5
63 4
168 30
18 5
447 12
275 22
344 8
282 30
304 18
332 5
350 1
264 21
97 9
470 18
493 9
308 9
457 18
189 20
283 2
376 6
194 22
383 29
174 12
438 17
117 9
130 31
69 13
99 21
181 8
22 2
313 9
82 29
51 22
97 9
328 8
414 5
122 8
409 27
312 27
327 16
319 32
450 12
201 1
256 1
468 6
406 24
310 12
253 8
109 5
45 24
24 30
308 9
106 29
143 25
415 14
48 25
277 22
472 25
46 4
210 29
61 27
497 22
454 9
82 7
301 14
350 24
435 26
321 16
226 3
456 12
284 16
76 29
353 8
389 26
479 14
114 19
65 10
260 14
62 5
432 30
318 18
390 29
291 22
292 32
376 20
359 8
455 14
424 7
333 24
56 31
262 21
201 14
131 25
343 16
153 15
258 15
408 3
223 10
60 22
65 15
317 19
298 11
208 25
77 21
385 16
55 22
5 4
471 3
68 29
30 24
291 31
190 10
137 16
247 24
130 27
483 14
437 28
69 13
353 9
389 5
481 19
234 29
198 28
471 17
72 16
485 3
491 14
412 15
290 31
175 3
173 13
68 6
140 8
458 28
133 18
432 9
140 25
301 26
72 3
454 12
474 18
358 32
168 25
443 29
131 21
79 16
477 14
117 8
134 6
312 6
123 3
82 26
260 18
451 15
356 29
326 5
398 7
497 13
304 19
373 22
259 7
293 7
449 25
202 10
186 17
199 20
108 28
422 15
365 32
49 32
128 23
400 10
409 8
442 28
186 31
202 32
117 22
30 25
255 20
146 12
96 16
452 23
475 13
421 23
244 2
410 8
196 26
453 20
57 6
372 27
60 1
390 9
66 32
93 4
3 3
464 22
286 15
301 29
287 17
451 6
42 9
457 9
374 29
45 2
155 12
376 6
488 22
94 1
37 15
77 7
129 20
136 2
306 8
26 28
361 17
177 10
189 14
343 26
246 15
343 12
154 23
318 5
336 31
249 32
449 9
262 29
68 1
491 29
389 28
20 1
344 25
354 4
34 28
297 15
286 24
31 3
62 12
283 25
258 12
472 23
60 29
135 16
481 17
204 5
493 4
321 24
420 15
72 1
222 24
83 20
211 9
150 28
312 29
372 30
168 11
480 27
427 6
206 4
91 22
480 3
485 13
122 20
327 21
60 4
413 2
259 27
107 13
247 30
45 10
191 16
313 14
290 27
136 20
350 10
109 6
12 1
130 5
200 12
326 7
355 6
252 6
64 18
374 22
480 26
132 10
481 20
192 18
386 11
469 12
256 13
65 31
373 2
251 32
353 28
330 27
17 14
24 1
143 17
94 14
166 21
496 18
20 15
120 22
69 8
493 12
17 17
442 1
102 12
313 30
120 6
364 8
427 24
420 18
136 30
247 18
90 22
151 26
132 6
219 28
210 15
375 2
119 16
318 16
212 2
377 3
124 4
170 26
479 18
323 3
307 10
472 32
163 22
209 3
96 7
198 9
341 5
86 19
92 11
30 15
385 14
337 20
498 27
113 12
152 24
294 26
357 1
205 31
91 18
17 18
396 31
194 13
491 3
47 22
33 1
89 25
334 21
480 31
487 25
363 26
380 24
447 16
125 12
458 15
269 15
104 20
393 25
252 15
427 31
168 7
227 8
80 12
385 11
447 11
151 21
361 18
316 23
117 4
310 15
6 30
253 17
446 9
257 17
379 3
199 26
494 13
6 9
189 30
483 3
316 22
443 12
367 2
335 8
50 4
262 23
278 18
368 19
10 16
271 16
307 18
137 28
246 10
76 22
87 22
420 15
43 14
430 18
324 28
97 21
112 14
131 1
223 18
463 24
474 21
323 20
406 15
283 4
305 18
289 31
267 17
145 18
274 7
423 13
42 27
321 1
376 12
393 6
153 19
181 30
292 3
257 13
165 31
200 9
100 9
64 23
49 20
28 22
486 10
271 28
320 3
32 11
246 29
496 11
483 12
376 22
382 25
323 30
375 18
367 7
362 14
193 18
489 4
232 27
21 10
354 16
444 17
238 26
13 9
440 28
112 11
473 1
299 19
390 26
169 4
500 30
37 28
440 18
263 23
204 11
376 1
326 11
145 19
360 30
499 7
209 14
466 9
306 20
328 11
141 32
155 12
25 31
35 12
420 5
338 27
283 1
383 8
384 12
226 15
389 20
394 1
37 7
277 14
474 4
93 7
451 7
458 32
141 25
143 21
493 13
387 12
45 10
439 24
149 13
171 29
240 28
485 1
126 5
174 27
69 6
417 11
364 19
198 17
71 21
269 7
173 19
42 13
128 5
145 16
497 11
16 16
82 8
68 7
465 30
157 21
211 2
255 15
152 9
135 30
145 3
488 29
409 22
33 17
214 13
16 10
343 12
1 28
383 9
334 31
366 3
231 8
268 18
354 23
290 20
344 22
242 23
102 11
64 26
391 5
163 26
42 29
437 7
133 24
315 26
18 20
308 9
107 31
438 17
197 19
300 8
364 26
75 25
396 10
98 30
119 24
191 28
117 28
54 13
151 16
66 8
399 2
120 30
4 9
170 21
487 17
92 2
214 26
166 13
8 12
246 18
375 1
489 23
268 15
91 14
114 9
289 1
86 5
222 9
169 11
141 8
63 25
209 5
102 3
237 21
490 27
438 16
271 19
207 22
173 9
159 30
157 23
2 26
207 27
183 8

