256
268 6
328 12
246 8
437 11
185 8
440 6
441 28
451 19
446 17
92 22
127 31
176 22
482 1
289 2
333 19
69 16
160 24
227 14
239 27
272 11
434 27
340 31
51 11
257 16
263 28
397 25
215 4
322 20
417 30
214 13
224 2
53 8
381 23
141 23
146 12
98 19
474 17
305 28
79 1
371 21
261 16
82 23
43 27
22 23
217 31
412 8
220 32
175 24
446 3
423 7
430 16
374 20
308 10
279 27
443 26
431 7
473 28
381 27
267 6
178 15
341 21
274 4
256 5
364 9
467 10
496 21
9 9
4 24
250 22
54 28
135 1
98 23
348 30
326 18
84 3
300 8
443 22
187 10
226 6
250 32
39 1
292 7
317 27
215 27
281 16
462 31
456 24
226 12
241 7
473 24
53 29
303 31
50 10
44 11
243 25
170 30
242 30
180 2
460 2
180 8
366 18
7 1
257 28
328 29
282 9
25 10
425 19
32 22
20 15
452 11
423 9
248 32
286 11
278 30
173 29
337 30
450 11
62 22
426 10
407 7
42 7
244 22
461 23
291 21
405 10
447 12
214 6
195 24
472 12
449 28
281 25
385 22
480 23
140 9
188 30
316 17
328 31
46 28
390 16
472 26
429 14
325 10
315 16
197 3
343 21
282 3
282 23
57 17
465 4
221 12
241 8
232 4
299 1
59 28
464 15
37 8
152 26
89 15
233 18
253 3
282 14
50 19
404 30
27 16
153 28
223 1
135 22
164 9
434 2
176 5
456 25
492 12
74 29
74 26
70 10
84 19
415 1
266 27
442 8
390 30
391 5
338 6
270 1
310 16
427 18
452 18
50 32
341 27
228 22
132 9
295 15
499 22
52 32
380 13
408 25
439 10
85 8
175 23
333 29
58 11
322 25
492 23
304 25
197 19
450 4
31 13
394 22
306 1
145 17
290 28
157 24
54 6
207 20
448 7
64 1
149 29
365 13
459 17
177 3
403 18
482 30
74 24
167 31
172 7
267 5
67 24
392 8
369 27
199 24
341 11
172 18
351 16
334 26
408 2
316 3
191 2
448 17
377 18
347 16
276 30
213 26
93 16
165 17
406 28
128 11
330 31
440 12
38 25
193 14
338 1
108 12
10 15
496 26
372 11
137 23
160 29
193 28
9 17
64 22
424 19
364 17
193 27
137 30
279 1
175 12
189 26
496 2
392 19
287 7
185 4
262 4
328 14
447 12
14 10
102 10
52 1
246 12
120 22
474 14
63 20
366 23
486 17
5 21
351 19
492 32
418 25
231 22
410 2
433 3
39 2
64 7
203 6
186 30
43 27
71 17
363 4
60 28
148 32
428 23
206 11
238 8
23 24
221 8
349 29
59 4
39 22
330 1
135 27
414 22
230 8
486 4
476 13
143 31
312 14
473 30
489 10
493 27
382 1
147 26
217 13
117 27
178 6
199 29
17 24
342 22
152 23
189 11
224 23
249 15
252 30
404 28
135 16
103 8
312 25
98 13
305 30
487 6
216 2
146 4
1 19
329 24
166 17
130 13
51 11
127 10
304 7
394 14
130 28
158 6
96 23
174 24
172 24
233 23
49 31
470 18
69 18
405 26
18 11
178 8
265 1
370 28
39 23
61 28
110 30
461 5
176 18
308 8
146 24
86 2
474 24
447 7
205 28
480 11
238 6
142 26
314 3
125 12
477 29
19 10
107 8
346 14
465 9
333 2
249 19
8 22
178 22
116 18
9 28
308 22
105 14
451 6
164 3
269 9
464 23
430 26
470 32
407 23
280 28
100 8
362 27
102 23
265 25
124 1
164 4
223 20
233 5
185 32
452 9
36 7
444 26
40 29
93 6
403 32
389 11
252 14
313 5
140 21
421 12
54 17
47 12
204 31
152 29
174 23
45 6
221 4
379 28
105 23
410 19
194 2
213 29
48 2
1 19
102 30
6 11
210 12
282 17
182 6
153 8
388 18
121 25
37 11
72 21
321 21
352 22
131 4
163 6
89 19
420 27
140 22
49 29
329 27
114 11
116 26
70 27
315 30
167 32
40 7
344 8
423 27
77 17
111 15
434 3
106 14
93 17
131 2
446 3
176 27
321 27
176 30
349 31
283 8
194 2
106 17
385 8
436 6
433 10
52 14
448 21
71 9
106 29
386 19
12 5
461 12
407 32
426 19
330 4
122 27
234 7
412 14
107 23
283 7
96 7
108 11
195 15
435 32
231 28
202 10
84 30
426 30
2 31
97 27
410 10
206 7
149 1
465 31
167 7
497 22
433 24
156 8
486 19
279 17
114 25
162 14
346 15
391 19
289 27
382 15
409 3
45 21
55 9
163 25
108 23
334 28
466 13
371 20
431 10
372 13
482 29
94 23
472 4
378 24
323 23
162 3
197 27
287 27
419 9
323 18
459 32
122 12
144 16
79 11
493 2
119 26
483 16
5 10
399 26
65 17
344 7
303 8
137 9
142 3
241 20
137 15
471 2
179 30
249 25
40 10
207 30
67 25
73 19
494 32
156 2
396 27
136 3
242 8
491 3
31 28
198 31
486 8
276 4
486 16
421 13
117 23
387 28
167 23
458 16
134 26
69 6
316 25
228 22
328 18
292 10
5 14
376 23
361 7
154 26
27 22
223 15
52 17
30 26
419 24
229 29
305 26
82 4
354 9
29 17
82 17
243 7
14 2
429 18
121 22
72 31
360 18
493 23
106 23
333 8
362 25
428 30
62 5
137 3
373 26
448 7
338 14
245 7
159 9
76 23
106 3
129 9
144 2
80 21
348 16
125 5
176 32
226 26
117 2
152 17
231 15
147 4
140 3
270 11
415 2
281 9
344 22
337 24
235 16
88 14
31 8
142 7
468 19
296 12
432 27
276 15
398 19
230 5
17 28
39 32
197 16
156 32
81 24
231 27
112 3
396 6
234 25
200 17
107 11
340 30
294 24
200 15
94 30
283 30
133 2
245 21
141 4
424 21
96 11
387 3
177 22
52 22
22 20
167 24
98 2
165 3
473 1
137 2
350 4
28 22
241 28
14 21
376 29
157 27
295 23
29 19
28 4
85 25
183 15
28 21
108 4
375 9
260 8
498 1
283 9
294 15
353 31
459 4
448 11
198 2
9 26
65 12
305 29
436 20
103 19
472 26
6 30
142 26
61 12
78 15
220 16
421 24
30 31
299 9
345 24
71 9
73 31
240 14
339 23
69 5
489 8
150 31
89 32
464 10
487 17
196 30
264 21
130 14
199 16
474 28
128 32
100 24
234 24
133 24
218 5
12 23
444 26
405 17
157 12
34 3
260 17
200 28
49 21
373 24
109 30
495 12
94 22
139 27
137 8
399 27
176 14
413 24
275 5
4 31
36 1
425 11
469 1
374 22
305 14
469 25
444 31
352 9
408 7
363 1
466 21
103 25
375 11
112 9
35 23
432 30
3 8
68 8
184 14
341 29
391 9
105 6
475 25
222 26
151 17
130 12
49 20
460 7
98 20
424 12
186 23
53 1
62 17
12 6
118 4
86 24
216 22
194 18
350 11
423 12
351 5
171 32
284 27
174 22
202 21
217 23
451 10
279 9
94 30
462 23
197 15
70 12
440 11
101 18
30 8
345 16
428 20
279 3
146 21
296 27
401 25
289 20
134 8
68 27
61 9
141 6
279 30
373 26
177 14
211 30
201 8
85 32
423 28
190 8
20 26
118 24
498 18
123 19
325 6
61 30
422 29
347 4
114 19
122 2
44 8
347 20
91 12
371 9
499 21
432 22
46 17
289 31
307 24
377 27
157 29
368 11
137 26
482 18
433 11
392 12
139 18
220 1
21 18
242 3
354 25
240 19
74 5
145 12
496 1
362 24
457 30
434 21
443 16
47 3
370 26
203 12
27 14
89 8
67 22
122 5
206 2
319 23
446 8
362 1
484 8
444 5
305 26
237 27
145 31
326 2
72 12
226 3
153 26
202 23
199 19
139 28
388 18
239 25
125 20
273 32
27 17
252 31
298 29
430 18
123 23
159 19
134 32
145 26
401 30
356 7
20 11
207 4
304 21
92 20
396 21
239 3
285 23
105 14
331 26
375 13
492 17
147 17
121 19
262 9
340 26
324 32
464 18
323 31
326 30
398 13
130 4
495 22
478 16
347 12
337 1
113 25
458 23
157 2
106 19
302 25
240 25
360 15
6 26
321 15
96 30
404 9
57 10
343 27
201 1
194 2
262 30
218 19
269 2
148 30
496 29
22 31
426 14
289 31
63 25
466 30
30 9
235 23
470 5
473 11
117 22
60 6
176 5
300 8
2 11
21 26
452 26
84 29
423 5
11 14
333 8
347 19
48 17
301 2
361 25
40 26
142 23
59 1
227 23
112 32
361 12
429 8
26 17
40 12
237 31
489 17
378 4
135 22
268 11
147 9
411 2
458 17
284 32
221 18
78 25
441 23
168 10
102 9
234 2
197 14
396 13
242 5
20 1
402 4
367 16
120 14
233 13
34 8
296 14
229 2
290 10
368 10
391 21
206 12
314 6
297 21
87 22
334 2
118 19
449 1
135 16
114 19
348 11
87 8
104 19
221 30
336 32
55 14
408 24
53 10
14 17
282 16
91 23
261 28
202 22
44 12
129 9
54 1
7 24
324 11
159 16
356 6
335 14
424 2
373 12
167 2
29 9
337 3
415 2
178 8
159 26
303 27
82 17
467 21
200 2
51 18
37 6
56 31
371 11
465 23
158 11
481 18
431 9
8 18
266 18
313 32
463 12
63 12
324 21
484 3
171 30
233 7
143 12
430 21
118 6
108 11
228 4
165 3
256 16
356 22
61 12
297 11
135 15
419 18
92 22
333 26
140 9
320 22
352 5
147 9
346 22
95 26
193 15
84 4
135 15
321 31
310 14
422 17
328 32
254 31
93 22
32 8
150 24
366 17
304 8
321 6
469 12
75 21
26 26
460 24
152 17
207 1
250 32
257 25
319 19
348 19
448 15
347 6
434 24
450 2
427 15
239 27
38 5
259 19
26 6
427 5
202 1
489 19
464 22
380 30
108 3
396 15
457 10
4 23
157 10
480 31
76 30
181 17
234 7
231 31
361 13
287 2
141 7
365 12
20 32
89 3
322 25
34 18
78 5
20 3
342 31
169 5
68 26
233 29
492 24
411 12
472 29
118 17
472 2
420 31
429 5
322 2
345 19
231 30
391 27
360 5
249 1
1 21
230 30
469 25
401 12
425 24
428 18
188 11
227 4
94 19
468 11
256 4
269 6
289 19
88 1
95 25
29 32
357 26
33 29
182 17
408 22
156 16
351 16
86 25
303 3
83 26
93 30
285 9
176 29
224 3
221 18
303 29
265 7
210 13
336 8
81 11
201 5
430 4
432 20
480 6
46 7
355 3
252 27
203 7
63 6
394 20
96 4
88 8
355 6
9 14
393 17
488 9
29 18
144 8
137 8
397 26
38 11
24 17
93 7
68 28
356 1
495 3
156 30
15 14
231 31
255 15
315 19
216 4
12 3
7 8
186 24
33 23
6 29
12 7
487 31
458 14
391 16
497 2
385 27
260 16
385 10
442 7
460 21
246 31
72 21
470 1
8 7
480 13
411 31
315 5
273 20
442 27
427 2
412 16
448 11
483 20
389 28
235 16
285 4
171 8
436 20
112 3
494 31
160 28
137 2
356 25
450 18
275 24
235 15
243 15
61 5
218 13
353 28
149 17
284 11
344 23
310 31
14 24
250 9
263 26
350 19
499 31
416 5
379 22
311 29
36 12
402 6
172 2
57 20
242 32
490 9
263 28
391 16
159 4
152 5
378 1
391 16
152 26
500 22
160 7
206 19
386 19
300 9
212 25
81 5
252 26
37 14
73 20
345 7
419 20
356 20
349 2
375 20
404 23
85 11
389 26
109 14
249 21
34 32
469 18
265 4
36 17
438 32
432 14
43 27
130 18
202 22
495 17
181 14
155 17
312 3
406 21
372 22
329 5
318 21
19 26
220 2
438 9
217 14
291 7
276 24
360 21
101 11
257 21
104 11
249 16
9 14
336 28
12 12
285 25
164 23
466 23
412 27
392 24
476 22
239 15
453 22
80 25
304 8
37 24
451 17
175 31
290 10
339 1
377 27
185 20
129 10
274 8
405 9
19 12
198 29
131 10
59 30
258 18
249 14
473 23
430 15
158 28
360 16
224 12
470 21
479 26
410 9
341 2
269 31
194 15
468 8
172 14
237 26
239 9
223 8
184 5
62 21
76 14
40 27
361 13
59 24
162 13
444 6
282 16
360 27
382 31
150 22
204 6
483 11
223 21
210 14
61 7
450 24
44 5
435 13
201 1
244 22
313 3
215 27
250 30
421 16
105 23
185 8
160 19
454 10
223 3
139 32
286 24
419 29
280 9
85 12
402 12
45 22
366 27
160 32
185 5
99 21
207 19
448 22
153 14
100 11
268 22
10 25
30 1
234 9
337 30
345 18
498 21
304 23
352 23
182 8
247 4
28 21
266 23
171 26
432 10
145 20
211 14
104 12
286 1
253 23
7 9
212 8
41 15
70 12
330 20
483 32
383 14
233 13
189 31
418 8
24 10
171 6
68 7
326 5
315 6
179 5
230 3
176 10
109 10
366 22
497 8
218 19
62 10
231 26
204 5
73 15
62 28
312 5
222 5
38 8
270 4
209 23
310 24
473 23
129 22
60 29
389 1
60 18
78 14
51 17
290 12
359 32
219 19
184 8
11 13
327 1
289 27
131 22
419 23
72 19
292 24
228 9
260 31
130 2
428 5
470 30
156 17
273 22
351 32
165 25
29 11
141 29
378 16
470 24
226 30
398 18
25 25
50 12
115 19
473 3
63 31
464 6
123 28
295 17
43 23
333 7
154 2
91 7
449 21
30 22
454 7
43 6
404 32
113 22
475 30
412 9
28 23
459 10
110 9
474 13
64 2
427 1
483 22
247 19
430 4
457 27
54 15
212 9
295 16
475 1
261 22
9 8
113 23
141 30
220 10
78 31
272 29
499 14
22 5
185 27
224 9
37 17
491 20
86 5
423 24
257 16
149 14
175 25
232 8
335 3
429 32
437 28
268 31
454 13
235 10
443 10
482 27
87 8
78 20
461 17
435 17
388 23
334 22
196 2
377 6
220 14
293 5
357 1
295 18
53 6
151 20
339 12
326 9
308 28
448 32
108 6
336 11
465 14
408 12
439 29
41 18
442 21
18 18
449 25
460 2
194 30
497 12
446 2
457 29
429 16
372 8
138 11
382 18
80 18
465 6
74 13
28 23
393 13
164 22
209 11
343 2
437 11
286 18
364 2
134 9
349 9
328 6
415 2
291 11
351 19
364 32
111 7
290 32
140 29
197 24
428 11
454 16
81 7
245 32
332 14
88 24
86 24
18 8
329 20
346 11
63 2
102 5
452 31
380 27
195 24
291 2
466 12
189 22
482 17
342 25
14 29
344 19
196 13
303 12
21 12
202 7
209 31
459 21
249 15
251 24
118 1
269 8
136 10
481 29
242 18
133 24
251 5
410 2
189 4
174 17
212 3
143 28
382 2
432 30
496 31
277 21
427 14
48 11
355 25
383 16
202 28
55 24
492 17
102 16
28 7
241 3
1 23
363 10
188 14
216 7
328 28
148 11
389 23
21 31
75 27
191 25
418 21
80 21
413 9
293 25
159 5
235 24
267 25
97 19
243 8
341 18
8 20
28 12
35 16
491 25
303 25
385 32
481 1
481 18
201 25
390 24
157 4
223 23
73 15
433 3
335 2
440 26
113 16
441 31
219 15
108 9
167 8
93 20
160 29
245 17
49 14
424 17
461 22
183 13
168 16
51 26
241 3
47 5
162 24
204 16
122 27
253 13
154 1
140 10
121 4
26 17
221 1
77 1
298 7
66 25
226 28
171 6
458 5
375 15
408 14
351 2
388 23
22 9
299 13
206 19
248 11
291 32
383 3
148 32
181 13
497 31
181 11
76 6
87 14
461 11
27 19
376 2
265 25
307 31
261 28
185 20
447 19
327 17
397 18
361 29
391 9
335 7
227 31
264 1
212 32
307 7
386 22
208 26
134 18
64 18
230 8
105 20
278 23
356 14
461 20
103 7
276 5
125 14
51 24
315 15
464 25
57 9
359 28
351 28
130 26
90 27
218 18
238 27
181 17
21 17
13 19
343 32
411 3
142 26
206 28
76 17
132 28
222 2
247 28
334 4
41 11
438 22
172 11
253 4
120 25
492 32
247 10
271 1
4 12
470 6
71 1
82 27
380 15
192 19
78 25
206 31
151 20
228 31
22 4
26 25
456 22
476 6
55 23
211 11
362 32
120 9
281 5
135 28
208 30
490 29
55 4
107 25
395 15
231 20
18 25
261 14
478 4
27 12
186 25
442 28
473 5
332 25
466 6
264 29
495 2
13 25
301 20
310 27
306 8
314 19
148 26
148 13
14 19
9 23
115 14
450 3
363 21
191 28
98 15
204 29
60 16
493 20
335 6
258 4
194 27
167 13
145 22
170 18
340 18
60 19
479 26
393 17
290 16
20 8
390 3
332 13
291 24
160 21
330 13
469 11
487 15
419 27
300 16
492 12
469 20
298 32
413 18
140 26
125 28
441 30
86 4
314 16
152 9
205 25
241 29
59 28
11 25
414 14
269 2
301 9
161 22
36 1
140 24
126 8
39 27
334 16
42 15
204 25
324 4
229 12
432 19
495 10
116 29
103 20
18 16
472 18
353 4
102 12
387 11
312 13
145 25
252 3
143 27
83 30
66 12
382 29
450 16
290 9
136 29
300 9
500 24
34 16
483 11
48 21
362 15
145 26
207 28
44 13
55 23
167 20
290 20
321 31
275 22
156 15
206 3
267 29
430 17
261 20
435 8
132 16
370 8
154 28
376 5
276 26
323 18
253 28
489 29
55 8
387 2
378 4
368 12
149 30
296 13
413 23
420 25
378 9
172 15
216 3
80 11
180 14
285 9
218 1
357 4
240 23
333 29
187 8
113 27
201 4
95 22
342 26
10 32
154 13
102 5
80 1
63 11
435 11
43 24
324 24
275 19
346 31
384 8
10 24
218 11
107 8
28 21
29 13
372 2
217 1
254 8
6 21
407 16
367 5
295 10
200 1
457 10
231 12
429 4
39 19
154 29
162 13
297 27
69 4
224 18
493 2
285 6
146 11

