256
266 4
60 13
227 6
198 23
131 10
449 25
447 10
325 23
363 19
308 12
462 31
170 13
86 12
136 24
63 22
244 5
1 31
445 20
120 15
498 15
312 2
363 30
188 20
453 2
314 4
93 15
451 7
439 32
366 22
387 24
223 10
460 4
137 13
155 12
103 32
210 18
302 1
376 13
316 4
242 25
439 27
403 9
301 2
276 18
119 30
297 2
496 5
269 16
365 27
91 11
426 21
232 27
77 11
67 8
286 21
372 21
495 6
317 15
319 5
312 30
106 8
131 9
68 3
436 28
173 19
398 22
31 2
29 27
440 23
202 26
107 1
154 25
198 10
99 13
414 6
306 16
222 8
324 25
38 16
221 6
490 26
363 8
451 11
478 7
190 3
320 12
455 13
101 8
294 11
20 4
461 29
431 30
464 10
470 13
217 10
414 26
12 13
77 30
19 2
408 24
436 3
356 6
51 8
246 5
6 1
404 2
294 26
499 1
291 21
462 28
362 31
65 1
355 22
391 2
47 2
433 27
377 28
76 19
447 13
123 21
86 30
122 11
63 21
339 26
293 24
65 6
27 9
83 1
122 5
106 21
122 27
355 10
382 14
277 25
251 19
485 8
129 2
418 7
78 28
248 30
56 20
228 10
145 10
166 26
282 12
138 19
14 28
105 27
274 25
75 4
131 31
63 27
369 28
302 22
87 1
168 10
65 23
427 17
204 29
326 13
68 24
91 13
159 27
327 28
427 26
159 30
164 9
168 24
52 25
478 27
370 1
484 14
391 23
494 22
207 7
282 26
338 32
206 17
271 12
132 13
285 11
458 29
363 2
480 23
298 1
257 19
157 20
452 23
2 29
344 28
468 13
481 1
53 26
153 7
70 29
223 10
427 29
302 25
10 26
407 23
294 31
326 27
255 9
349 28
426 29
464 9
21 12
49 21
334 26
99 11
190 14
108 28
354 26
256 7
247 3
169 12
29 6
490 19
123 23
39 20
235 6
292 27
1 4
32 22
97 10
88 18
451 20
253 32
309 1
18 31
375 3
446 3
384 16
186 22
478 4
405 24
429 4
170 25
92 1
115 4
183 14
474 1
453 2
141 13
438 6
167 4
48 21
215 16
400 28
289 9
327 14
292 7
93 17
387 24
14 13
372 28
407 17
180 27
274 28
472 20
330 18
375 9
102 29
160 9
192 29
81 22
494 16
476 26
185 27
122 18
215 13
245 1
41 8
184 14
244 3
377 5
496 24
301 26
192 5
154 12
409 19
105 10
310 29
339 2
147 20
43 29
304 31
186 28
211 25
362 10
79 10
378 14
193 26
375 21
138 9
472 30
467 32
151 28
360 10
270 18
153 16
219 29
451 12
4 21
328 1
466 30
307 11
479 11
372 18
235 2
86 30
259 20
134 6
179 25
103 12
203 11
464 25
63 10
28 31
426 7
135 27
260 9
85 14
440 8
147 18
169 24
380 8
487 13
189 26
209 27
317 15
249 32
35 12
193 10
82 6
268 8
360 19
157 4
321 4
104 31
121 20
403 4
51 1
216 7
406 21
233 31
391 6
2 10
497 7
339 26
16 3
145 12
485 17
375 21
248 26
124 9
102 10
72 8
266 28
95 4
268 15
98 18
12 31
83 4
497 14
437 17
380 30
444 4
234 10
373 2
148 12
406 17
225 21
252 30
468 6
217 31
377 2
97 8
265 11
248 5
304 8
329 7
469 16
251 19
90 3
240 29
322 29
337 2
473 4
91 1
286 32
379 30
473 15
253 1
358 16
54 17
388 26
196 28
154 2
262 3
420 1
331 17
497 11
490 14
106 16
114 23
91 12
256 16
171 25
4 20
360 21
40 31
439 27
307 24
32 8
38 31
421 24
43 5
238 32
90 15
168 31
438 30
47 25
173 5
53 29
96 25
437 27
363 31
222 17
170 17
441 15
56 1
278 30
481 7
186 23
210 13
125 27
462 31
43 23
239 4
367 26
64 3
25 18
30 10
299 23
202 27
258 9
303 11
59 31
402 4
57 7
300 10
461 25
204 19
99 11
302 1
332 17
120 24
143 5
453 5
199 27
383 32
411 25
47 9
171 28
416 12
262 27
409 2
328 28
428 2
258 10
447 10
298 6
445 28
66 2
232 4
52 30
276 30
150 14
487 13
121 18
400 10
469 12
307 32
123 30
277 13
167 3
322 1
140 22
256 17
15 28
173 18
305 24
232 15
269 22
479 13
323 18
122 19
37 32
290 3
13 19
391 4
141 4
496 29
330 31
337 16
90 1
262 19
308 17
53 28
414 27
316 12
408 29
379 8
364 16
306 25
438 25
260 23
260 31
63 21
357 31
285 23
112 6
45 23
242 9
495 27
127 26
242 14
99 4
33 18
492 30
42 21
238 5
359 18
259 29
290 32
24 10
266 27
323 30
53 4
406 3
70 8
61 4
121 19
135 9
472 26
342 14
407 28
18 25
429 21
390 18
392 17
144 9
399 10
318 27
382 11
202 11
310 26
318 6
420 21
434 15
430 19
108 28
58 14
453 26
402 10
56 21
458 7
153 4
16 2
158 29
396 27
52 29
472 21
486 31
173 15
486 23
397 9
290 15
70 6
292 23
139 19
319 8
397 7
451 9
144 9
13 19
319 12
95 23
285 16
385 9
350 2
411 31
167 17
53 32
498 20
263 5
43 1
232 31
404 23
203 15
143 12
438 1
483 16
455 23
464 12
76 29
265 30
263 23
242 7
371 4
11 13
228 1
65 19
195 20
493 6
219 7
317 4
152 7
39 30
418 18
149 29
19 22
182 9
196 8
448 2
367 10
50 18
214 27
52 8
286 13
157 16
235 29
11 26
124 6
344 1
255 32
385 5
257 22
406 1
193 29
222 7
14 16
4 15
442 28
338 23
156 3
83 26
319 25
276 2
198 11
482 21
314 30
429 31
136 6
227 16
390 32
91 7
275 14
185 24
205 11
443 16
17 21
250 11
173 29
129 11
495 14
27 16
180 23
230 31
493 12
198 30
108 4
341 26
86 25
98 26
47 32
2 15
120 19
102 32
127 6
366 21
395 8
280 30
51 18
444 27
169 10
128 8
281 28
362 30
345 19
360 23
54 1
158 5
111 31
168 1
192 14
209 22
277 24
364 19
53 15
221 6
300 5
201 5
168 14
150 20
224 25
255 17
369 16
301 11
22 25
419 17
354 31
354 26
319 25
309 31
376 25
296 31
229 17
107 29
410 5
260 30
117 26
114 22
277 3
316 22
87 11
66 32
213 12
273 31
488 5
106 11
462 1
390 26
249 12
290 15
456 6
496 13
267 25
58 8
227 1
397 21
311 3
456 20
234 13
258 17
309 15
288 14
116 5
16 32
376 29
374 32
58 25
404 1
34 13
72 12
389 4
425 24
134 20
427 19
460 28
292 17
251 31
242 26
459 5
81 18
414 7
17 3
379 28
499 16
436 10
24 21
390 28
376 19
31 22
94 15
337 9
111 27
315 28
304 9
461 13
458 2
43 11
48 17
450 7
333 14
116 28
210 29
155 13
232 5
238 21
27 18
61 17
13 3
341 32
499 13
52 4
378 30
134 17
15 20
471 15
321 7
406 2
147 32
318 18
448 15
54 23
480 2
463 12
192 19
160 14
159 23
350 12
157 31
313 3
270 19
73 18
73 26
471 28
241 32
449 28
194 19
14 14
172 25
17 24
335 4
405 10
91 22
381 15
89 17
473 6
328 1
300 28
22 10
471 18
58 4
301 23
478 31
276 9
347 29
12 1
24 5
26 26
22 31
64 14
451 24
320 18
80 11
178 17
388 4
66 29
271 15
400 28
237 23
249 3
171 4
115 19
380 13
12 2
399 20
363 25
463 2
479 3
152 24
199 32
7 21
188 2
335 15
229 15
466 1
5 24
293 19
182 12
463 22
425 9
121 28
414 19
173 12
329 9
251 8
216 29
496 3
238 30
194 27
252 23
147 28
294 31
78 24
463 13
21 23
105 21
230 22
427 15
261 28
227 3
487 30
120 30
48 29
163 17
175 6
399 18
373 21
112 14
372 26
194 24
165 15
88 2
168 18
148 5
121 6
291 15
19 6
440 3
267 6
159 25
367 26
114 11
454 26
393 25
3 18
272 3
236 27
413 4
224 20
36 25
138 14
303 28
236 19
426 22
196 17
146 3
346 24
5 23
189 5
179 3
39 30
210 22
160 10
381 3
33 32
79 22
242 2
30 1
328 15
182 11
391 3
289 8
290 26
238 10
394 12
169 20
365 18
58 32
351 2
259 23
206 29
257 15
422 30
127 17
240 4
124 11
338 8
70 32
57 16
457 31
75 21
86 4
354 27
167 32
285 5
291 30
114 3
140 31
332 26
136 11
277 11
405 2
22 7
445 19
134 10
233 16
378 2
499 4
313 22
139 25
442 25
290 27
475 1
442 26
398 9
81 22
187 25
491 4
311 24
138 20
337 6
4 30
40 22
149 4
19 4
152 5
216 17
15 23
221 24
52 10
236 20
143 18
321 21
482 11
420 11
279 12
193 2
322 24
487 10
435 2
109 22
466 9
26 4
71 22
140 14
67 27
106 29
149 14
193 2
112 29
304 22
220 28
375 17
227 14
215 13
367 7
98 20
499 7
15 13
424 18
43 26
233 28
50 25
277 7
66 32
207 5
482 10
365 12
171 19
421 21
308 7
59 1
322 10
232 17
330 3
46 16
497 14
223 18
362 19
140 31
91 26
296 8
328 4
131 30
306 12
86 21
190 12
370 12
257 29
52 11
459 29
310 27
227 5
353 16
235 4
367 9
42 18
452 1
377 3
70 10
486 15
147 31
150 20
242 15
172 5
345 14
94 18
437 12
390 21
259 13
484 9
5 21
490 5
97 14
391 18
400 20
320 22
106 26
265 28
80 24
492 32
417 1
281 13
256 7
197 7
499 25
343 7
409 9
163 2
402 17
23 13
280 19
50 22
16 10
85 19
101 16
370 6
13 2
426 28
172 19
486 26
155 17
377 23
365 11
420 14
444 11
271 31
137 28
312 8
486 4
98 6
324 11
307 4
116 29
307 20
207 1
309 25
325 13
127 9
428 7
158 19
489 16
297 13
100 5
128 17
208 13
22 27
191 1
70 2
265 29
445 11
373 2
35 13
494 17
89 5
207 10
495 7
378 8
23 5
456 6
61 19
78 10
398 8
114 11
278 6
195 30
200 3
31 18
115 13
247 3
297 25
153 8
352 6
287 18
6 26
228 30
256 9
203 25
425 17
472 26
46 10
127 6
85 22
331 27
34 25
106 18
382 10
325 17
139 7
458 24
56 25
413 12
342 27
168 18
283 7
171 1
157 1
426 29
158 28
495 23
37 20
373 6
209 1
2 11
12 23
194 7
200 22
82 17
73 22
10 27
240 12
35 12
32 32
340 2
420 31
380 16
286 32
77 15
301 10
397 8
240 27
82 15
196 32
331 32
265 32
327 16
75 21
400 23
25 3
148 16
277 15
103 19
131 19
113 15
108 25
446 27
99 3
490 3
42 8
266 22
364 28
310 18
305 1
248 5
3 31
124 4
422 18
194 28
256 22
38 31
166 31
413 1
213 2
411 3
74 4
412 17
472 29
430 16
485 10
456 32
72 7
267 21
8 24
100 27
469 25
477 26
471 17
398 24
143 28
290 28
188 17
356 31
126 13
138 10
314 1
97 30
23 11
434 30
378 2
144 14
170 16
480 17
360 1
28 18
389 1
69 28
369 24
438 30
413 7
308 26
19 16
463 13
471 9
274 28
282 1
194 3
388 17
295 15
253 26
249 13
490 13
420 11
445 1
408 9
283 15
82 13
471 25
397 25
145 2
140 10
438 29
80 17
61 31
72 30
48 32
306 18
340 18
452 16
434 3
140 25
426 26
73 16
322 30
40 18
491 27
243 1
68 6
253 4
48 16
441 28
347 11
189 27
324 8
470 13
202 2
29 27
387 10
226 12
423 17
25 5
296 23
341 3
292 22
342 32
269 7
139 20
233 7
154 12
170 23
368 23
288 29
350 18
350 27
233 12
192 25
36 23
227 21
53 11
174 30
210 14
380 4
409 20
26 14
223 23
389 23
417 28
339 30
202 24
397 10
15 4
43 18
278 17
130 18
287 15
279 4
97 19
343 29
326 16
419 5
266 15
491 19
334 13
4 23
220 8
321 6
339 3
135 4
131 29
1 14
67 4
265 7
290 24
20 27
179 14
15 13
300 25
183 5
185 14
20 8
438 28
341 32
54 4
96 16
444 24
453 10
227 14
25 16
29 20
335 11
37 9
355 28
206 21
320 6
223 27
350 24
382 26
139 19
369 26
471 28
182 31
174 12
344 22
128 16
297 6
431 9
162 17
20 15
322 3
461 8
30 2
407 19
203 21
50 24
131 8
235 32
146 24
423 18
161 6
65 21
215 27
141 25
132 32
447 17
351 27
200 32
420 22
346 23
2 23
398 24
266 32
147 4
244 2
457 4
323 21
213 18
368 21
266 27
217 16
155 23
323 2
150 6
311 7
420 32
390 9
148 27
301 14
270 32
67 18
447 22
99 27
427 22
216 16
168 4
107 26
350 9
27 15
227 17
345 10
204 18
315 7
445 27
349 10
158 3
144 28
156 2
467 30
263 6
329 6
465 12
103 2
68 25
16 2
21 4
144 24
150 30
279 2
72 19
159 17
245 6
36 13
247 2
186 29
35 23
290 15
154 32
368 21
224 31
219 32
447 2
172 24
319 22
189 22
280 3
470 28
1 17
276 15
359 18
108 25
32 13
96 9
141 23
257 4
198 19
312 24
188 27
91 18
136 7
247 23
477 12
290 17
221 26
428 15
83 11
323 18
431 14
298 3
85 22
287 26
381 10
129 28
136 31
426 19
349 20
37 13
388 26
154 28
95 29
390 29
467 16
142 29
334 7
320 2
197 6
403 5
259 11
496 18
101 13
16 13
445 12
125 32
229 22
495 24
62 4
352 24
447 2
277 16
284 20
253 4
53 11
260 7
389 8
56 29
380 27
141 20
122 2
359 10
395 13
377 9
88 21
336 3
426 20
370 29
59 3
393 31
481 8
125 2
259 28
62 3
102 7
314 27
468 9
277 30
377 5
22 5
85 6
203 14
173 24
71 32
46 11
46 7
114 3
248 1
202 5
215 20
11 24
378 18
52 18
44 21
11 21
97 15
478 31
105 19
370 7
234 16
489 15
294 2
301 29
178 15
349 4
306 12
272 15
41 27
189 12
455 23
205 7
145 26
201 1
332 27
275 29
190 23
196 31
69 28
23 26
498 27
138 11
434 25
190 3
435 26
410 2
428 14
292 20
148 13
173 19
267 27
396 16
414 27
290 10
438 8
227 32
34 32
442 8
476 3
294 11
360 23
152 11
169 19
211 12
139 19
146 5
33 13
212 30
483 1
427 29
312 10
60 10
221 5
165 1
132 26
311 3
12 22
482 20
108 12
199 7
426 29
151 10
237 31
256 16
363 14
344 7
187 7
76 32
255 32
308 18
49 10
81 8
283 2
296 6
105 26
136 10
338 23
191 31
1 26
498 19
480 25
93 30
95 8
277 9
259 28
439 31
405 15
71 3
432 2
77 28
359 20
417 17
350 23
475 30
405 28
417 24
16 9
401 18
29 18
162 23
465 20
446 18
470 28
56 17
85 28
288 23
196 16
343 25
163 21
99 23
492 7
154 3
227 2
468 31
83 14
246 32
81 11
269 3
410 4
155 2
160 31
140 15
498 31
103 20
3 29
430 3
419 23
353 18
489 25
104 11
154 5
322 6
391 26
340 20
266 27
497 29
437 13
483 6
471 17
298 29
138 3
319 16
310 4
405 18
196 17
220 1
209 6
286 4
483 14
251 28
472 12
24 32
236 2
45 2
443 30
178 32
69 29
339 26
168 16
27 27
104 6
415 20
139 32
411 10
29 14
221 20
113 29
111 16
454 24
53 16
497 14
179 21
226 30
146 9
465 24
311 12
270 29
379 8
129 22
233 9
155 22
9 27
402 15
466 15
126 26
307 27
99 13
391 17
206 29
273 22
60 28
237 17
160 32
441 20
109 9
445 23
478 25
233 15
275 26
438 13
419 28
227 25
80 21
45 18
5 2
307 5
253 8
245 20
363 13
200 27
62 4
289 19
152 1
122 2
422 31
30 12
6 20
356 1
225 13
74 25
70 25
145 10
128 18
85 6
278 4
164 19
483 16
230 2
324 7
264 9
113 17
84 30
401 23
54 13
43 16
57 16
360 2
285 7
295 22
328 16
357 11
115 32
294 8
177 9
398 4
361 18
85 4
479 25
86 12
313 29
11 9
92 2
422 5
208 28
98 19
492 18
229 14
497 22
301 18
490 2
113 14
411 9
497 1
33 11
272 5
63 7
66 18
4 23
382 16
55 15
450 30
137 31
3 17
52 31
306 18
204 23
243 18
319 16
2 32
174 29
48 32
259 17
241 11
452 7
178 26
305 27
51 21
157 1
74 13
207 7
250 30
1 28
375 28
435 32
375 4
352 30
47 31
387 20
225 22
114 2
343 14
28 5
359 21
149 8
245 3
366 30
468 11
189 14
390 4
69 32
83 8
185 10
30 11
121 14
260 22
155 14
151 11
50 5
71 22
496 31
256 26
12 23
80 20
64 9
27 16
232 30
404 4
91 29
191 3
39 14
296 25
256 26
431 13
159 1
355 10
371 26
15 26
185 6
286 20
414 4
84 21
421 27
265 7
271 7
425 1
460 32
58 15
18 28
372 24
193 30
181 27
39 4
297 7
141 2
175 23
245 30
403 6
244 3
232 14
177 21
27 29
228 8
203 13
275 6
272 31
3 5
234 26
500 14
468 16
315 26
250 19
399 17
428 14
23 4
360 28
168 10
336 11
173 2
140 19
464 27
118 10
67 11
211 6
84 3
410 6
172 27
160 19
163 16
64 30
99 27
237 10
160 16
160 20
461 11
131 24
266 24
94 4
450 4
250 25
334 31
282 2
169 21
428 4
380 19
369 22
266 25
95 17
380 19
109 24
257 11
116 2
486 17
206 3
216 15
319 26
465 24
259 5
244 14
168 16
380 8
305 13
344 4
422 7
358 2
63 18
268 14
340 13
90 25
39 17
351 9
206 19
160 4
299 11
1 31
378 17
206 31
377 6
286 26
272 23
179 10

