256
359 7
366 24
399 12
341 22
355 27
475 3
392 31
146 25
257 17
476 13
408 17
136 2
302 6
438 11
90 10
24 9
93 21
120 27
264 12
1 2
278 11
156 13
77 25
145 25
458 1
369 17
129 9
222 23
38 8
117 24
249 28
428 1
380 31
36 15
358 12
113 15
214 20
7 30
69 32
474 22
476 26
242 16
198 23
386 16
178 7
67 15
346 6
471 18
392 10
72 13
97 16
235 10
452 21
303 16
96 28
249 19
322 10
27 23
8 8
458 30
118 12
464 16
17 26
393 20
496 32
8 24
148 26
106 19
187 8
174 2
388 6
205 25
115 23
79 14
494 21
307 12
60 22
427 17
260 27
40 19
134 4
50 9
493 11
435 11
267 28
313 22
381 1
66 15
451 28
469 20
32 7
407 16
249 25
224 12
355 3
466 13
162 7
473 3
374 16
185 4
219 25
349 12
217 6
446 15
409 22
463 17
41 1
88 25
406 31
500 12
425 1
100 7
183 13
93 24
184 21
399 6
478 19
353 6
12 11
213 25
64 23
417 28
395 8
96 16
314 23
60 6
263 19
176 30
435 20
205 26
249 16
224 22
54 16
419 26
78 15
42 26
157 26
449 28
461 9
351 6
195 6
215 22
273 23
107 23
362 7
381 18
118 16
335 24
383 2
441 25
88 2
306 21
439 6
296 27
2 26
376 13
260 10
358 24
332 20
442 10
126 30
155 16
277 2
119 12
299 23
324 18
392 21
130 18
86 21
432 8
127 11
136 14
248 21
269 20
308 18
477 1
32 23
232 28
324 22
171 26
260 10
8 3
474 17
184 24
118 31
499 20
421 18
129 29
330 5
452 13
458 12
125 5
410 29
1 26
58 7
355 30
17 30
320 14
55 20
253 20
118 3
415 27
88 7
263 25
143 6
109 32
141 18
293 18
442 5
135 31
167 30
168 27
55 28
377 9
343 13
132 32
232 2
202 3
292 16
440 18
29 32
238 5
133 22
71 30
26 1
425 4
46 24
227 25
431 7
61 1
231 29
85 2
238 26
133 6
454 32
167 30
323 8
151 16
285 25
381 22
277 9
354 23
101 24
275 19
182 15
156 16
27 20
78 9
229 22
350 22
485 4
16 19
272 22
262 8
90 15
218 6
3 23
40 23
150 10
486 11
1 29
446 3
84 11
347 28
84 24
346 20
64 5
227 7
378 8
390 7
186 11
184 13
29 8
291 14
241 12
212 9
120 18
472 23
32 22
367 28
218 4
387 9
424 21
115 1
305 28
119 18
315 18
178 7
81 1
373 10
300 12
266 20
445 29
474 25
259 28
296 32
255 2
256 6
499 22
330 19
77 12
144 23
306 2
86 22
494 18
59 13
245 17
64 26
413 10
18 31
81 5
498 4
198 5
365 28
326 15
350 11
198 18
145 23
315 30
241 20
391 11
304 12
475 32
325 8
257 22
262 13
358 4
24 31
216 25
251 2
435 8
148 32
445 12
487 11
374 3
270 24
377 30
251 8
293 7
443 5
120 20
237 21
167 1
32 31
353 14
128 31
85 11
122 14
270 20
492 31
186 22
259 3
187 25
470 15
288 24
379 27
319 3
236 2
79 3
72 27
252 31
421 4
177 23
69 30
150 9
441 32
26 19
454 16
411 11
394 10
334 16
457 12
90 20
341 21
310 12
303 5
314 8
100 18
118 25
288 7
285 12
158 30
482 7
225 8
33 10
294 18
241 22
222 10
293 10
54 30
326 13
366 31
284 9
481 17
189 32
371 1
199 29
134 8
139 10
275 20
327 32
241 11
169 2
101 29
376 18
266 1
214 27
339 17
300 15
101 4
438 24
313 24
500 2
167 22
304 14
13 30
361 14
49 2
67 29
194 26
6 24
142 12
442 25
420 21
151 29
81 21
492 29
76 7
190 11
332 9
388 5
475 4
450 15
129 32
375 3
310 24
134 19
303 11
283 31
20 18
243 24
226 14
196 17
428 17
99 15
230 18
307 32
86 4
430 26
124 24
388 29
387 21
235 18
300 26
412 31
7 10
122 16
239 9
236 10
53 27
128 18
172 11
337 1
42 30
175 17
421 22
301 4
287 28
349 10
257 4
108 31
117 29
346 3
397 13
224 29
267 3
83 19
137 31
399 27
389 13
47 17
487 24
320 13
235 8
62 7
483 29
105 23
101 18
157 29
234 4
297 5
435 7
291 19
354 9
101 2
262 24
254 24
347 6
76 1
297 25
275 24
9 11
230 13
384 7
457 25
470 1
117 16
336 19
327 13
448 15
134 17
278 31
12 20
16 11
260 17
75 26
92 23
468 21
43 31
59 11
468 5
103 20
284 18
195 22
330 2
241 11
54 10
54 25
198 13
151 17
233 5
343 4
11 14
497 29
13 19
51 4
435 17
267 11
295 29
32 32
306 4
143 15
494 20
275 11
468 9
147 29
353 5
376 7
151 24
415 31
279 9
494 1
322 24
135 28
425 11
295 18
290 5
441 27
336 7
473 24
344 32
4 28
460 19
59 22
103 5
476 21
142 21
297 7
433 32
282 1
450 28
290 23
365 18
374 24
297 22
3 8
317 2
187 25
89 5
90 31
70 2
127 23
238 7
377 2
206 30
230 15
437 20
98 25
101 23
353 29
168 31
240 1
65 7
465 21
23 6
399 20
323 5
6 29
299 6
434 17
243 32
363 28
35 4
332 23
134 4
236 6
243 23
342 3
105 30
163 8
211 9
71 10
437 5
298 23
14 3
443 13
394 6
140 20
469 27
267 3
7 30
460 1
32 13
407 17
458 25
116 12
333 18
405 13
466 26
207 32
433 10
440 30
307 19
310 23
401 28
81 11
133 32
7 12
192 13
152 21
185 19
21 5
305 21
489 26
479 20
453 11
197 4
292 11
322 25
481 3
28 26
129 12
305 24
176 5
252 19
349 9
94 25
157 10
146 30
371 28
45 28
238 13
67 13
447 21
482 23
463 25
340 3
373 9
430 28
493 30
226 5
470 19
62 18
420 11
327 31
182 31
318 11
315 24
447 1
124 28
40 2
141 7
29 25
375 30
412 27
343 1
60 32
160 29
142 15
179 32
425 12
191 6
278 9
478 12
470 9
356 1
391 28
239 15
360 22
80 7
480 7
259 15
86 26
11 23
53 17
399 21
400 21
71 17
297 24
105 6
352 4
126 10
307 13
216 18
478 4
288 17
422 30
200 15
168 10
438 32
103 28
48 22
276 14
31 12
369 3
190 5
298 23
166 4
31 6
121 4
29 12
317 18
305 20
308 32
429 5
43 23
432 19
33 15
412 19
483 5
401 12
353 26
338 22
153 5
251 17
228 3
384 28
432 4
411 20
12 12
188 2
370 24
496 14
30 20
20 32
40 20
35 32
321 13
113 9
93 16
449 24
198 20
216 6
372 2
73 27
317 16
288 15
83 16
144 13
395 28
476 26
435 23
177 28
87 13
432 19
4 29
202 14
64 29
183 7
395 11
169 11
218 29
453 1
92 21
117 14
112 24
419 30
306 31
5 16
87 29
274 7
21 12
496 8
392 6
371 6
136 15
53 9
347 9
357 22
453 21
423 12
121 9
314 26
139 2
22 18
106 11
20 22
270 11
62 30
44 12
151 31
174 19
383 5
412 16
458 24
268 29
280 16
425 13
18 12
262 19
493 12
333 20
197 19
26 30
468 13
393 18
99 3
25 17
291 32
424 32
299 4
332 26
431 1
22 28
24 20
338 8
355 11
379 31
125 24
161 12
176 5
413 14
175 1
106 13
224 30
65 23
73 8
452 19
4 22
155 19
461 28
394 7
14 20
217 2
379 1
433 14
134 10
179 12
134 25
125 10
166 5
232 22
288 15
296 20
360 22
22 12
294 32
486 23
391 23
1 30
431 5
175 28
482 6
76 24
490 32
325 19
92 32
448 15
294 15
22 18
45 8
177 22
311 15
200 25
217 4
174 27
485 1
267 22
406 30
285 3
245 13
253 32
368 28
66 26
146 16
167 14
335 7
231 29
209 15
49 25
130 11
276 26
275 10
284 16
235 28
278 3
381 6
166 20
433 15
261 10
22 23
120 20
474 26
352 18
132 5
459 26
327 30
79 25
127 2
132 13
134 25
339 6
290 16
113 30
86 6
151 28
356 30
315 25
472 31
363 31
271 21
216 17
258 11
49 24
360 16
96 9
440 18
358 5
289 7
302 30
48 8
185 7
426 8
84 29
222 10
351 8
470 19
292 15
65 32
462 8
371 9
121 22
342 30
390 26
152 27
207 15
346 16
454 7
447 21
19 28
186 30
363 27
288 26
233 12
345 14
479 7
102 3
228 15
281 21
276 4
159 30
335 16
77 8
127 3
28 25
246 25
218 32
71 5
113 27
208 17
200 3
227 29
137 18
447 5
70 18
201 20
55 27
436 28
174 26
210 29
410 28
117 8
63 7
484 20
193 28
188 8
378 27
396 2
368 14
283 18
415 15
369 13
369 8
304 10
217 6
446 19
321 26
458 27
452 5
262 32
132 18
387 29
216 10
227 23
327 5
372 21
343 13
413 27
396 9
104 21
434 9
443 14
462 32
488 1
340 22
408 4
403 6
184 18
279 30
52 5
122 16
49 20
368 25
378 15
381 17
227 14
381 9
67 26
68 3
106 12
8 25
83 30
10 14
379 12
380 22
448 13
57 8
169 32
161 14
39 1
231 17
207 23
286 9
157 1
31 10
464 2
479 26
299 32
164 13
480 19
311 27
247 7
275 31
495 3
165 21
327 11
353 17
357 30
158 17
195 4
127 10
78 29
56 4
296 11
405 7
465 19
54 27
285 4
330 31
114 6
367 8
92 24
177 16
209 18
313 19
373 27
265 26
247 32
178 18
242 14
317 6
352 26
120 24
49 25
119 2
146 9
157 13
56 1
185 21
18 29
371 7
139 3
44 13
306 29
426 11
6 22
456 9
315 16
345 11
376 23
80 6
151 21
110 31
421 14
175 7
494 25
33 32
32 12
16 29
1 10
88 18
387 23
215 14
118 27
416 14
77 4
219 15
84 4
285 12
474 31
294 27
356 30
451 19
106 6
75 18
111 22
463 14
57 29
51 18
291 18
371 7
313 17
446 12
269 2
400 6
41 9
412 24
75 26
134 16
32 24
137 14
222 3
491 26
332 21
155 22
7 10
341 27
466 18
67 14
367 30
31 19
214 19
154 12
8 19
319 11
199 27
33 24
258 19
401 29
416 27
62 14
80 14
444 30
391 14
335 18
179 30
16 17
160 14
32 27
308 23
58 10
157 30
129 14
316 17
354 23
84 28
356 15
373 12
264 8
161 23
373 4
464 28
84 3
409 15
493 9
317 2
74 22
343 19
239 15
83 13
241 14
64 9
33 16
248 8
51 12
394 15
451 17
163 2
183 19
353 16
491 21
429 13
346 16
471 13
430 1
233 2
71 32
118 11
83 29
250 6
477 16
112 23
204 30
17 19
49 9
266 11
241 18
307 7
465 21
375 30
330 11
120 4
254 9
206 24
306 31
173 14
98 17
412 14
262 28
392 30
148 1
201 1
202 31
179 19
136 25
116 9
159 15
68 12
324 25
99 29
227 32
262 5
112 13
330 29
453 17
35 12
229 3
192 2
445 18
300 20
274 4
248 12
2 7
195 9
439 26
453 22
121 14
194 8
239 11
104 3
447 30
494 11
428 26
308 1
407 32
304 21
227 16
464 20
218 23
53 21
156 1
174 8
423 3
359 9
241 18
203 7
304 24
65 15
233 28
455 28
35 3
172 29
162 15
489 7
497 13
387 20
249 4
279 27
278 9
183 18
451 13
408 10
285 8
336 21
400 7
8 30
401 31
195 26
370 11
496 18
427 27
370 3
146 32
50 4
489 32
145 3
469 13
396 17
228 3
121 23
225 21
413 17
11 15
390 32
493 10
98 15
472 23
297 1
318 14
392 30
430 25
300 26
441 11
2 24
130 14
499 22
102 3
331 21
221 16
196 9
309 5
187 28
111 7
397 17
181 32
290 2
176 14
211 28
136 4
340 5
185 2
471 19
452 1
103 20
372 26
440 9
443 18
312 25
460 32
37 12
200 23
453 23
268 7
195 27
374 6
372 27
75 26
49 10
494 19
253 9
300 24
397 10
317 21
499 32
120 11
268 19
213 24
398 4
235 28
235 8
329 30
370 7
299 14
132 16
68 12
8 12
75 9
461 11
317 23
18 16
346 21
459 2
357 12
390 11
151 4
50 7
81 20
85 23
337 28
22 1
451 29
476 9
137 32
267 1
247 28
93 24
421 19
149 29
462 30
219 4
13 24
294 1
187 22
175 12
445 28
132 23
429 23
271 29
394 17
222 12
24 14
231 28
420 28
424 29
269 30
344 26
262 9
78 32
14 17
175 14
4 22
56 4
116 2
201 2
66 30
149 29
87 16
89 10
315 16
238 3
6 5
68 3
217 22
418 10
454 13
243 17
102 26
241 14
475 21
79 12
214 27
332 28
310 32
9 20
284 10
411 29
326 18
259 26
475 32
327 12
472 25
237 14
366 17
143 12
121 9
231 22
151 30
337 13
334 21
288 13
442 22
461 11
176 7
12 14
246 6
282 18
406 22
143 15
50 25
462 10
357 16
355 3
457 15
319 10
239 15
462 32
156 30
298 11
492 13
185 10
498 18
307 15
187 25
377 12
437 22
257 17
85 19
3 17
5 2
35 3
132 16
274 19
418 11
118 17
83 22
498 8
471 20
186 13
456 18
244 28
455 12
388 11
314 31
431 30
64 21
264 15
461 1
481 18
459 30
138 1
103 28
324 25
143 29
81 27
274 28
194 20
379 2
266 4
324 24
213 31
13 32
285 17
364 13
406 10
67 3
66 29
382 17
446 13
249 26
327 26
54 28
249 28
305 10
476 28
414 32
218 14
16 6
454 31
471 31
405 29
253 18
409 31
63 14
11 15
84 17
185 29
60 21
272 9
151 23
196 32
139 30
193 22
471 10
236 21
356 28
181 8
166 10
242 16
147 16
390 30
144 6
70 12
359 18
272 25
292 23
276 30
436 4
287 23
465 7
199 20
218 28
279 15
321 1
110 27
476 28
49 16
425 18
27 27
163 14
495 11
468 10
88 24
89 27
162 25
453 24
224 2
239 7
405 23
227 14
378 22
365 10
25 10
247 31
276 30
52 23
216 16
40 15
127 13
233 20
33 9
499 17
207 30
315 27
148 29
124 5
94 17
302 23
482 9
373 29
310 1
379 13
148 19
31 22
399 4
413 3
448 19
243 22
352 9
116 4
97 24
376 23
432 22
13 1
430 1
373 3
161 16
115 16
22 9
433 32
260 13
54 24
312 21
213 15
353 29
14 2
420 26
344 27
123 4
319 12
240 23
290 5
294 28
412 7
48 25
438 16
245 8
367 4
140 19
71 24
111 4
145 2
177 16
436 11
195 22
350 23
445 3
39 18
394 14
257 2
498 30
453 11
37 23
150 32
101 32
372 24
304 16
297 32
208 21
131 18
486 32
40 22
471 2
372 32
232 32
157 21
25 17
323 2
131 13
441 16
192 24
499 15
180 31
179 7
27 25
140 29
140 32
146 26
109 25
326 16
200 26
273 21
295 3
490 17
419 22
360 27
446 6
309 21
5 23
215 23
147 18
395 7
385 5
248 18
261 25
37 21
259 5
389 29
256 30
33 22
11 13
136 32
102 25
432 22
431 14
489 30
204 31
216 16
127 3
285 32
388 2
200 14
482 28
254 13
317 22
411 11
178 18
135 20
490 30
237 25
416 21
350 11
460 25
58 22
379 27
325 22
164 8
115 1
315 12
234 27
154 16
310 3
41 16
314 11
213 31
303 24
479 24
98 6
420 28
228 10
350 16
64 17
132 2
361 26
398 30
429 15
89 26
85 14
33 7
160 21
5 26
225 23
169 14
125 32
181 24
385 30
459 8
394 30
330 31
36 23
200 12
129 9
405 21
418 13
315 13
385 31
94 13
154 22
135 18
349 3
333 29
197 15
33 14
233 14
48 4
440 8
435 8
388 19
484 5
127 23
85 31
469 22
324 10
439 6
103 31
124 3
371 8
430 31
114 30
468 1
133 15
260 15
178 23
109 18
303 31
164 11
449 28
416 8
106 10
81 32
344 21
347 3
376 20
173 17
141 13
150 17
251 25
395 17
408 31
294 10
441 9
301 25
88 20
13 9
274 13
105 5
149 11
35 29
430 8
365 14
200 30
398 14
127 28
82 6
294 31
447 22
331 3
474 11
315 14
167 20
431 27
56 27
425 31
455 2
150 4
127 25
389 12
2 23
315 4
252 32
310 11
45 9
297 3
263 3
356 5
50 10
52 14
217 4
400 27
182 17
46 20
101 31
184 14
301 6
389 17
310 19
103 26
191 7
372 13
66 12
85 31
217 16
424 25
464 23
308 25
223 17
156 15
139 11
129 4
189 13
344 22
215 14
203 25
400 11
413 29
6 22
432 10
337 7
7 24
178 22
148 4
18 28
75 21
494 15
448 22
71 11
31 26
88 26
246 11
12 23
452 25
8 3
442 16
89 4
496 6
113 23
18 31
446 28
139 24
498 10
473 4
376 24
57 11
293 15
153 20
313 28
24 16
338 13
15 7
265 6
44 9
357 21
359 14
208 25
445 25
434 18
477 21
125 25
475 25
187 20
424 11
435 23
170 13
263 25
51 19
250 30
404 26
359 2
260 2
111 12
475 28
325 23
57 5
335 15
69 22
10 8
20 17
290 26
421 1
430 15
431 15
268 14
137 30
448 16
396 10
451 26
305 24
172 21
76 30
244 25
27 5
488 19
401 30
292 17
182 29
143 16
251 11
298 19
92 13
134 7
6 29
208 26
64 15
375 15
237 18
487 31
426 7
365 11
104 28
499 1
228 26
396 3
108 13
217 11
289 23
38 14
287 17
308 6
328 22
192 12
3 27
382 28
5 27
106 4
402 1
244 14
302 19
460 29
184 4
459 24
378 24
470 12
445 13
217 8
162 5
39 8
439 28
443 31
18 9
402 12
357 5
253 2
135 8
418 22
91 4
142 5
76 19
484 4
239 1
347 32
461 29
415 3
156 9
193 14
257 2
297 25
442 17
122 28
464 23
246 2
119 31
22 22
349 22
269 15
58 3
190 26
351 20
120 22
312 28

