256
465 11
231 22
330 30
225 10
159 1
325 7
181 28
272 9
322 26
409 14
180 9
384 5
494 20
161 29
143 26
254 16
437 21
105 26
50 25
355 24
325 12
298 17
3 1
261 25
378 30
130 9
150 9
205 27
441 21
56 27
75 5
42 19
497 14
128 10
327 15
106 31
14 31
212 32
176 8
44 25
141 29
314 10
38 14
137 2
87 28
412 17
204 6
23 25
451 14
246 25
484 3
484 21
458 7
217 1
166 12
389 19
137 26
152 14
276 32
3 10
183 10
22 27
71 28
87 2
45 20
354 5
387 17
229 24
31 13
180 5
57 16
59 1
474 18
218 17
202 28
110 12
189 19
122 20
26 24
337 22
244 14
302 2
379 19
177 21
327 16
309 23
275 15
427 8
429 4
348 18
419 17
365 4
291 3
219 16
398 11
442 5
96 31
122 22
273 30
235 16
153 3
334 12
114 29
379 18
460 11
23 31
387 31
486 30
225 24
49 27
462 18
115 25
85 5
235 1
34 25
308 15
215 22
318 12
106 12
221 17
126 31
443 17
482 16
394 30
187 26
180 8
136 23
409 28
31 15
428 28
315 12
454 1
81 3
209 18
171 9
102 4
24 17
160 5
28 1
210 7
199 26
214 6
36 14
405 10
116 28
333 2
271 15
311 7
261 15
388 31
299 26
79 30
90 22
178 9
495 4
183 17
481 29
230 12
18 22
433 6
169 25
415 24
403 9
290 24
243 22
446 14
371 24
67 24
466 13
280 4
336 15
356 12
359 9
183 20
422 11
213 14
83 32
381 10
352 3
353 31
52 22
340 6
174 22
85 27
354 28
450 17
326 17
356 20
93 18
116 22
356 32
455 31
455 8
128 7
358 8
105 1
481 16
182 10
53 2
496 7
481 1
447 7
101 19
46 9
44 1
58 32
489 1
42 31
348 5
305 17
500 9
465 8
56 22
338 29
467 21
219 19
130 25
457 6
171 19
127 15
163 12
114 19
48 11
150 19
175 22
303 26
215 19
357 22
116 18
434 30
379 20
381 28
169 9
441 23
191 15
405 14
251 18
60 6
24 17
45 10
15 27
427 5
466 4
202 21
181 12
367 27
139 3
418 11
435 23
350 6
425 6
183 31
124 18
177 19
303 29
49 9
419 31
397 4
462 6
169 23
85 11
53 16
133 7
382 23
181 27
44 1
485 14
484 24
172 4
458 2
232 6
494 22
185 22
238 6
339 18
140 12
440 13
499 8
15 20
490 15
111 26
151 15
315 14
406 6
497 15
163 16
221 16
230 25
249 31
254 32
224 26
363 11
86 5
438 24
92 15
146 6
164 20
500 15
134 25
316 18
120 27
210 28
486 7
96 15
257 17
26 20
94 24
346 15
452 15
130 19
209 11
97 5
275 12
203 32
353 6
389 12
348 18
163 10
240 26
272 28
310 5
179 20
36 12
434 23
158 8
381 23
42 1
443 16
277 13
75 17
162 32
452 18
265 2
47 9
75 18
204 4
466 19
491 17
110 25
339 24
192 15
486 17
48 8
401 28
72 15
156 5
290 7
446 31
424 16
263 2
161 10
85 22
404 28
478 26
352 12
281 19
239 30
127 10
45 3
313 24
2 16
52 31
426 18
401 29
341 3
402 2
333 2
331 8
413 29
249 16
180 17
10 2
146 5
55 18
163 15
157 24
186 5
11 19
58 19
15 22
426 12
455 2
254 14
345 10
150 10
134 17
474 27
247 8
131 29
13 6
20 2
13 9
82 19
372 27
286 10
240 27
302 7
320 3
332 4
72 29
109 5
161 7
52 31
258 30
60 6
31 7
143 32
487 12
270 10
214 23
96 22
117 9
500 12
451 15
452 22
163 28
431 23
494 26
82 15
367 17
373 26
423 27
145 5
239 10
471 12
469 2
257 17
314 28
373 20
290 12
489 20
235 3
479 9
456 32
331 19
52 11
424 6
70 4
438 12
481 24
463 13
325 24
238 2
179 26
105 29
137 30
272 11
68 26
451 28
161 10
198 8
336 25
389 25
40 23
416 8
86 27
173 7
302 18
252 4
75 29
300 15
6 16
433 25
25 12
96 2
165 1
101 8
265 22
109 20
20 4
176 25
254 16
219 15
313 7
387 11
31 18
97 28
461 17
108 10
264 8
23 16
200 19
132 1
316 24
472 19
115 15
440 25
198 10
423 30
332 25
248 18
347 32
249 11
225 1
144 12
264 30
120 15
493 19
483 24
342 3
143 4
453 22
324 15
443 3
12 15
407 20
340 5
455 13
412 3
297 3
371 20
425 10
78 17
92 17
76 5
15 18
92 3
3 4
321 6
366 29
276 32
444 19
229 2
203 20
133 11
398 19
114 22
344 32
442 23
104 14
71 2
439 2
288 6
429 21
91 10
145 30
270 32
332 14
189 15
341 5
89 22
175 23
116 18
246 17
156 5
426 2
22 29
240 9
158 8
121 12
18 13
317 27
56 24
488 13
386 8
417 31
269 8
29 8
313 10
145 1
326 22
398 19
286 5
7 19
361 24
246 30
244 6
16 16
62 31
396 3
182 12
273 2
107 21
38 12
426 2
444 11
103 13
449 9
182 24
35 30
435 25
419 18
194 18
181 27
288 28
54 21
92 30
270 26
127 31
321 16
340 16
155 23
457 23
35 14
410 25
179 28
201 5
226 15
234 14
1 5
334 6
489 17
232 14
474 22
269 15
261 12
262 31
254 26
370 32
207 3
61 17
123 9
185 12
359 10
105 32
290 2
265 6
362 8
240 28
205 32
334 2
467 7
84 13
313 21
212 7
232 4
108 22
237 12
405 3
62 25
306 3
447 7
481 12
418 28
495 11
79 16
292 5
275 11
321 23
180 29
309 23
8 20
468 12
60 12
191 21
380 16
175 30
66 31
338 4
226 16
310 20
364 25
53 22
179 9
76 2
257 8
472 5
152 3
212 27
310 30
35 18
398 5
219 3
216 24
150 29
240 19
449 7
115 9
92 14
77 7
355 22
254 7
302 9
265 9
319 23
415 17
468 20
414 22
478 25
94 28
273 21
290 5
491 25
277 22
50 30
452 20
39 9
82 12
314 3
204 20
477 26
189 32
281 26
333 3
434 2
238 6
314 11
483 16
283 23
237 8
112 32
440 6
97 21
193 26
423 5
97 15
14 17
46 11
90 3
257 27
156 10
433 26
372 11
273 23
25 14
190 21
401 25
490 21
354 11
462 4
431 27
379 12
195 32
442 21
302 2
11 6
191 15
279 31
209 7
69 26
264 18
426 1
239 7
365 24
301 3
71 31
237 13
27 7
225 32
419 14
18 10
187 12
224 17
474 17
220 30
222 11
4 23
351 26
413 32
37 14
246 11
296 30
260 22
116 4
142 31
213 23
316 4
70 31
216 12
175 11
289 24
270 24
394 32
237 11
187 1
372 32
84 3
117 3
341 1
382 14
119 22
492 6
345 5
28 13
456 19
347 25
450 12
388 24
88 1
354 10
249 25
58 12
243 6
378 19
258 19
416 4
205 3
365 1
320 13
461 23
447 4
19 8
275 31
443 26
383 32
488 31
372 13
315 19
422 24
49 24
155 5
259 19
371 4
259 14
368 32
317 14
379 19
413 17
445 20
367 15
3 14
310 11
250 24
341 11
19 1
54 25
353 29
235 12
140 30
117 15
269 29
24 31
120 16
151 32
495 25
243 22
222 28
224 31
379 28
198 1
156 11
274 1
415 4
436 6
205 4
412 29
189 15
471 16
223 10
223 1
342 29
66 8
368 21
90 10
408 15
495 12
38 4
424 32
479 23
358 8
466 25
360 26
56 31
461 6
156 24
198 9
352 28
116 12
108 22
317 32
492 31
431 29
282 22
185 9
416 2
148 5
162 19
387 1
41 7
50 24
234 12
397 18
215 16
157 22
217 17
189 9
488 31
441 17
324 1
381 31
18 8
324 28
239 2
452 11
260 2
475 6
101 3
431 19
234 19
488 23
411 29
363 18
499 3
19 15
132 27
265 5
131 16
32 29
1 28
147 25
337 9
458 9
195 20
455 29
326 2
83 8
322 17
338 25
451 28
495 22
458 19
83 24
403 26
456 19
449 27
367 17
427 8
425 14
211 19
402 32
25 28
328 18
132 1
18 30
224 16
368 17
327 14
269 5
267 28
483 28
30 2
352 25
25 5
430 4
7 15
475 11
18 10
81 21
170 6
434 5
314 5
74 24
454 30
220 25
121 18
436 15
255 31
311 28
267 12
367 26
274 1
8 3
347 32
143 20
38 8
261 27
229 14
342 30
231 13
254 3
466 9
353 17
180 23
352 10
106 10
71 27
262 7
21 20
18 19
476 11
91 32
405 7
273 22
204 23
10 26
205 32
498 10
48 9
424 27
475 2
468 21
260 13
327 25
189 1
443 8
251 5
103 16
55 19
105 15
81 7
216 1
294 9
194 21
242 10
91 4
351 18
316 6
286 19
390 30
339 9
341 29
69 11
448 24
169 17
382 5
19 13
386 28
13 15
4 6
400 30
25 2
3 1
212 12
335 5
318 5
137 14
465 26
101 13
181 21
317 22
222 19
362 31
350 22
389 29
332 5
2 4
390 8
48 13
495 22
54 28
258 30
322 27
99 2
339 7
394 3
44 15
193 29
425 2
483 26
450 14
454 23
21 3
306 21
296 16
302 1
316 4
242 21
486 21
410 4
323 11
330 23
122 26
475 6
267 5
359 24
474 28
18 3
7 11
267 14
326 32
354 5
331 11
129 32
139 14
343 26
45 8
32 18
397 2
63 27
167 22
82 24
437 31
338 15
273 16
448 3
376 9
91 18
452 32
226 18
109 20
255 5
92 26
170 28
144 13
355 2
6 8
301 18
387 19
237 15
446 28
461 17
189 24
379 24
475 20
81 3
23 20
88 2
473 29
306 8
341 20
277 10
299 2
140 1
420 28
48 21
411 32
38 27
263 8
90 13
371 27
172 1
6 23
211 26
219 32
446 28
379 10
257 13
355 32
214 30
475 29
491 18
472 24
188 19
295 30
323 25
448 14
261 5
308 27
134 23
338 31
438 12
357 22
245 19
442 6
337 16
70 3
5 29
58 13
127 24
322 14
368 1
147 8
425 31
451 2
333 28
341 6
208 9
315 32
259 16
261 11
24 6
273 32
370 6
72 17
33 21
150 12
365 24
232 25
102 22
51 10
173 27
55 24
291 10
183 29
477 27
496 24
124 20
232 2
302 3
194 22
400 15
438 12
490 21
405 28
202 31
377 26
49 20
106 27
153 8
387 21
435 30
481 2
354 4
255 11
366 20
488 29
494 1
381 8
445 13
427 30
91 7
20 3
86 9
329 22
116 19
219 18
301 23
460 2
262 22
308 31
14 11
96 11
72 4
342 32
112 20
14 26
423 21
192 20
361 24
302 12
86 20
378 26
70 17
39 3
402 6
161 15
493 28
126 28
83 11
135 14
87 24
247 25
384 2
72 8
309 21
72 3
244 17
132 17
137 23
347 6
220 20
305 12
467 14
331 14
248 2
95 22
465 2
46 5
279 26
444 28
490 31
334 22
315 25
398 15
339 25
341 11
456 9
122 26
426 29
175 13
270 2
359 22
111 16
82 5
373 6
328 23
244 29
448 19
478 17
213 4
145 21
226 20
401 4
226 18
356 20
203 29
169 1
210 23
168 12
20 25
21 27
255 20
360 26
174 13
102 7
356 19
291 30
198 24
485 19
221 32
323 7
316 27
187 13
122 23
168 13
247 8
339 29
452 30
406 1
238 31
363 26
105 2
231 23
197 23
225 1
258 15
192 17
242 14
449 27
436 21
355 18
156 13
34 23
243 3
436 20
150 30
129 18
451 3
56 23
277 17
268 14
31 31
458 8
40 27
486 16
375 8
9 10
385 15
489 31
185 24
310 18
73 31
440 20
1 11
374 26
479 1
15 26
303 5
133 11
231 3
318 13
458 26
486 30
220 22
320 25
101 14
442 2
272 13
49 12
432 30
253 18
267 12
271 29
92 12
411 14
226 32
130 23
258 15
229 1
145 16
85 17
381 3
270 8
463 6
128 6
444 24
156 2
499 2
278 18
33 5
467 26
120 24
145 29
267 5
58 11
272 22
7 17
224 13
156 7
446 11
432 21
367 3
450 5
365 20
159 17
120 21
359 27
425 27
320 19
375 21
453 18
222 23
150 2
87 26
484 21
292 19
125 6
2 31
375 26
154 1
318 9
361 20
363 1
30 26
327 12
410 15
254 24
90 31
429 8
412 32
264 28
326 5
213 7
315 11
396 20
175 10
92 32
241 30
172 11
340 19
230 5
481 19
232 6
238 20
302 9
71 9
56 5
453 5
75 15
411 11
438 26
388 29
473 16
187 24
102 18
198 16
274 11
166 18
452 19
17 29
256 24
318 31
484 18
283 6
241 18
232 2
131 3
59 3
99 25
450 12
122 4
383 31
178 29
104 29
303 21
382 10
208 31
425 7
172 11
452 16
104 28
442 6
6 16
188 16
448 2
156 17
137 22
167 18
438 31
442 1
391 7
354 30
77 18
492 21
337 15
364 24
330 21
378 8
8 5
291 11
406 18
375 10
188 10
207 25
312 9
421 26
175 3
355 20
404 26
204 16
492 11
384 18
224 5
361 3
29 15
186 15
301 8
328 8
453 19
168 24
35 25
21 9
215 7
164 14
72 3
62 8
434 5
441 13
409 17
239 17
155 28
223 31
188 23
146 20
437 6
460 3
254 28
383 24
207 7
437 2
265 2
397 22
498 1
206 14
489 17
195 16
72 29
302 15
23 20
251 27
465 14
133 22
41 8
37 11
414 17
229 22
27 21
80 24
462 13
430 6
81 4
297 9
96 3
263 19
398 25
429 14
426 10
431 15
429 15
417 30
143 5
223 17
122 30
193 15
439 14
236 7
301 9
375 16
131 6
14 32
354 15
241 4
356 15
450 8
341 10
329 27
363 23
4 8
57 20
418 31
373 9
69 17
185 20
68 27
433 2
46 22
376 6
269 7
12 10
366 16
436 18
187 2
300 22
281 28
441 30
54 9
202 31
485 23
270 24
405 10
485 11
191 8
292 24
294 4
381 27
7 20
56 29
113 20
86 29
415 26
442 9
338 32
295 26
382 24
78 6
117 10
440 31
126 32
470 31
387 23
430 21
166 5
438 31
44 3
227 7
401 21
279 30
16 21
264 9
340 9
386 12
254 30
466 3
261 32
150 31
138 27
243 31
267 4
285 23
407 24
121 3
32 11
396 31
175 23
295 10
351 20
321 17
209 30
335 13
73 20
319 18
414 30
365 13
445 13
343 7
364 31
157 15
65 9
293 7
415 19
456 30
471 4
222 23
265 32
352 30
392 14
399 1
435 31
189 12
468 15
230 15
345 27
78 21
495 10
499 1
13 10
378 3
81 11
365 14
359 28
35 30
442 25
110 20
252 11
107 3
329 17
401 6
279 14
434 13
52 21
385 20
238 11
250 11
65 14
16 31
386 2
228 19
186 26
54 17
136 5
7 28
201 4
341 31
237 27
103 8
59 23
407 12
101 16
466 22
122 13
144 7
86 16
185 8
209 30
60 12
250 11
11 22
178 8
132 30
478 30
406 16
73 32
35 21
320 17
42 13
185 30
299 11
409 11
394 21
72 9
164 10
223 6
475 32
377 19
166 14
192 3
93 4
86 24
141 17
480 2
197 4
71 15
286 11
181 31
299 1
336 30
130 26
488 8
162 16
414 23
422 10
101 26
221 26
345 5
295 24
99 7
340 5
190 9
352 14
360 14
178 15
112 23
456 15
263 1
166 24
295 27
133 15
305 14
285 5
418 19
325 24
421 24
389 14
344 12
184 7
389 9
397 4
168 29
154 30
321 16
457 20
110 22
214 30
147 10
267 20
280 31
432 21
106 8
14 21
411 29
4 11
410 16
355 5
104 32
210 9
179 22
392 25
459 29
406 13
307 24
21 2
262 12
138 11
475 24
20 5
52 27
387 25
126 29
241 22
101 30
358 11
172 25
271 30
57 25
87 27
200 11
301 6
114 18
384 8
293 15
176 29
129 26
157 19
7 18
336 19
51 5
89 2
293 32
56 17
240 10
64 7
452 8
104 9
5 28
356 2
242 27
346 19
148 18
477 10
103 12
464 18
356 25
79 12
468 18
348 15
127 7
497 14
126 1
346 7
440 5
132 5
435 5
255 19
330 27
88 25
394 24
290 21
308 28
248 7
354 28
333 8
358 9
262 16
281 11
466 4
12 29
105 14
425 31
232 22
442 28
242 31
75 23
436 2
103 19
360 32
130 28
491 16
372 28
323 13
63 20
76 22
236 24
75 16
39 3
469 16
478 19
166 16
445 1
137 27
488 24
206 1
39 1
456 22
152 14
414 2
417 18
343 16
21 26
367 31
76 4
242 25
250 28
308 30
360 24
93 15
291 18
316 1
198 31
90 14
401 24
267 13
197 6
25 17
379 27
128 26
78 29
358 19
128 25
373 20
460 9
38 30
318 17
430 12
328 19
69 28
374 7
100 18
296 4
491 10
367 18
127 28
338 20
475 6
500 31
9 27
15 26
60 32
251 21
199 26
8 3
9 17
454 28
155 21
232 5
275 30
114 1
245 3
237 7
472 32
417 32
47 11
26 18
467 4
447 21
57 14
136 17
38 1
24 32
41 11
188 19
56 25
68 1
308 8
371 3
243 12
111 1
422 28
99 32
115 25
257 27
498 12
87 3
332 22
431 32
69 6
39 8
123 6
128 26
261 15
60 19
138 30
496 15
157 6
3 23
490 3
293 3
2 27
225 25
193 7
408 17
477 10
88 11
403 32
232 27
66 31
370 7
313 1
465 21
162 3
444 3
77 28
341 18
319 9
114 7
72 2
475 28
171 14
498 26
129 9
440 26
371 1
248 3
377 21
356 6
383 3
392 28
238 12
389 20
149 23
270 4
228 16
119 2
306 4
323 10
196 15
480 18
423 3
453 16
291 12
41 14
310 29
485 11
164 21
307 28
431 24
383 2
320 29
260 5
320 30
262 11
196 17
285 27
320 17
270 10
396 30
487 9
94 31
455 2
48 17
273 30
189 28
340 16
8 3
484 24
180 1
194 12
338 30
346 5
66 15
470 9
128 5
369 6
279 4
183 22
288 3
8 28
462 19
335 22

