256
259 17
300 5
441 2
225 15
89 5
121 31
41 22
171 23
338 28
423 7
49 19
164 25
283 1
342 19
296 20
490 31
292 1
251 12
230 23
206 23
36 7
325 8
468 8
202 17
223 16
292 3
438 3
440 32
351 21
103 6
140 4
404 11
84 6
366 6
481 16
484 24
250 16
295 17
155 29
226 26
472 25
352 14
471 23
333 29
424 31
170 19
378 6
346 6
431 19
479 7
134 6
130 23
269 29
452 12
273 9
153 4
45 32
209 27
147 30
187 2
328 24
336 30
485 17
371 8
96 13
30 5
310 12
464 6
140 3
205 32
443 21
359 11
65 20
353 11
461 27
484 12
98 31
345 15
204 11
202 19
415 3
379 8
94 18
6 21
108 30
496 30
419 23
388 7
126 12
45 26
482 28
225 24
50 14
366 9
488 27
403 15
149 18
478 11
475 3
327 23
397 19
336 19
233 28
1 18
167 9
295 13
276 15
432 29
292 9
282 20
363 32
34 31
169 23
105 20
50 8
430 26
458 29
112 2
192 4
399 31
8 29
211 15
267 14
311 7
290 16
42 24
480 27
14 32
289 31
143 10
402 28
283 31
189 14
252 16
357 18
442 28
46 24
350 24
145 21
222 26
456 23
437 19
189 7
83 2
273 5
167 10
149 14
236 25
47 7
272 12
488 22
471 5
69 17
196 18
185 26
351 8
384 28
427 1
442 13
402 6
85 12
91 17
369 22
125 20
164 17
171 19
462 5
35 18
313 18
447 25
203 14
341 27
289 27
11 10
127 28
147 23
331 29
500 32
62 16
319 13
372 17
79 5
333 21
419 10
46 25
346 17
14 2
187 14
304 5
235 2
460 5
345 6
469 32
193 18
319 23
458 15
55 28
79 28
500 9
237 22
214 6
498 7
120 16
233 3
380 11
57 19
200 29
480 16
96 29
50 10
239 31
308 26
395 11
33 10
383 25
143 20
350 4
175 5
323 15
448 6
225 12
392 8
404 16
444 3
396 25
116 30
351 4
279 17
310 11
343 32
79 25
492 1
125 14
453 15
424 12
1 20
403 12
276 30
115 19
8 6
415 12
348 1
399 26
214 28
289 12
103 7
392 14
147 32
111 12
167 22
351 3
386 14
262 5
411 9
83 11
90 1
394 17
465 4
415 18
351 15
437 25
69 1
251 28
48 1
19 14
99 29
84 32
474 30
348 21
426 26
7 19
130 20
304 26
43 14
328 21
272 8
401 16
444 19
259 8
364 17
409 10
498 5
149 23
42 12
207 7
129 9
185 30
464 28
407 18
57 2
454 4
350 19
20 17
357 30
488 24
259 13
33 28
93 9
430 18
28 29
304 24
53 16
117 1
328 12
226 20
109 24
64 22
238 11
103 14
64 30
314 22
190 6
133 26
379 3
267 2
403 2
414 3
58 14
175 29
405 21
120 6
136 7
175 21
469 1
466 25
71 7
58 8
329 31
42 27
105 12
464 31
230 21
17 31
111 4
23 27
296 10
232 3
29 27
155 1
35 24
381 25
103 7
365 11
129 2
341 5
65 32
295 26
385 3
432 23
354 18
361 29
300 17
431 12
499 21
176 5
57 5
490 11
495 30
293 15
463 25
411 11
140 21
173 12
367 28
18 29
262 19
369 9
323 24
240 13
236 31
57 24
323 14
302 13
103 22
495 9
430 13
92 6
461 24
93 24
219 19
48 32
193 12
244 7
67 27
39 15
102 3
446 28
493 8
445 27
45 3
12 11
344 23
44 16
70 32
483 32
302 26
472 22
298 7
360 8
50 14
370 27
345 28
426 1
415 30
283 31
161 30
285 16
100 24
11 1
168 6
309 9
375 32
315 4
346 26
388 7
424 1
397 24
424 23
456 30
396 18
1 20
236 5
263 3
317 2
4 20
119 4
156 5
295 26
165 8
496 20
239 27
12 15
38 16
161 9
329 25
82 9
316 9
466 15
152 10
352 15
469 22
22 24
314 20
446 2
159 5
85 9
211 9
236 16
236 28
444 4
156 17
245 32
194 26
402 5
195 29
203 31
426 4
286 11
243 7
69 17
23 1
2 9
453 17
36 32
484 15
456 32
4 16
463 25
113 12
245 11
320 15
321 25
374 30
187 8
41 15
220 15
112 17
500 24
457 15
104 13
366 27
432 29
110 10
417 18
313 17
232 28
459 4
80 16
361 22
151 5
225 14
168 20
443 11
399 31
405 2
191 22
264 22
342 5
71 6
446 19
122 17
218 20
432 1
115 21
267 25
397 27
487 12
326 5
286 24
179 15
282 14
164 21
47 22
270 2
115 15
204 17
96 2
20 19
70 7
23 24
251 32
178 5
39 31
369 1
283 12
219 16
121 18
460 27
239 29
488 2
296 16
442 11
465 21
121 18
447 4
222 26
267 27
138 13
106 7
481 16
258 27
303 10
433 2
100 19
343 32
376 10
131 5
232 31
130 16
128 20
347 25
477 21
452 11
122 13
177 14
148 2
5 26
15 21
63 14
459 25
53 27
246 27
355 21
277 24
181 9
264 23
457 24
344 20
58 13
168 18
122 27
371 2
116 29
118 15
351 29
139 23
115 9
438 21
361 10
305 1
322 24
272 19
159 3
390 17
283 6
154 8
224 21
86 20
261 31
74 27
131 8
218 17
96 3
66 13
72 18
201 30
289 4
24 23
438 21
219 20
322 9
328 26
249 5
89 13
467 14
176 30
225 25
342 5
251 19
333 6
128 29
67 12
209 18
67 6
355 9
70 32
157 21
73 13
13 5
470 27
378 1
428 7
389 6
127 19
28 27
312 28
195 27
275 23
320 9
401 18
126 22
350 2
422 10
391 2
139 8
116 32
208 20
470 32
165 16
86 16
258 9
51 1
127 18
355 15
166 19
472 11
280 17
277 17
447 27
338 9
230 14
452 9
497 14
384 25
221 25
56 7
217 19
431 4
136 29
494 29
96 17
296 23
138 20
428 28
442 25
372 15
70 11
459 6
448 30
78 21
162 6
499 22
444 1
277 27
417 10
83 12
87 30
91 28
301 10
159 30
134 26
264 8
56 2
121 28
415 11
24 20
388 10
10 7
302 2
113 6
408 23
82 6
425 20
69 5
41 23
171 30
312 14
81 19
360 18
370 14
456 29
54 11
266 11
25 15
200 17
285 23
35 6
452 27
241 28
388 21
302 2
10 1
195 23
480 30
496 1
180 3
446 13
145 3
147 29
130 2
157 6
305 19
483 20
2 3
332 13
207 1
150 8
98 28
158 21
398 5
481 5
455 18
13 19
489 7
471 6
356 27
235 32
22 21
120 27
291 3
115 13
287 20
416 4
459 18
164 8
430 13
136 29
274 28
187 18
158 30
231 10
136 1
377 5
33 28
31 11
150 5
375 1
260 11
172 7
216 28
130 17
184 26
233 5
117 28
71 23
77 13
140 16
118 8
221 2
364 19
29 1
100 3
301 15
193 5
281 8
160 3
257 7
28 5
151 16
260 1
270 24
226 5
252 27
277 28
196 16
426 8
4 5
479 17
236 23
129 8
283 20
278 23
334 5
379 4
153 27
409 26
326 18
35 25
328 11
252 7
154 2
451 9
54 25
313 25
451 13
9 13
284 10
123 25
443 30
305 3
492 1
368 9
198 26
98 29
64 21
103 29
230 17
78 28
481 30
276 24
35 20
164 10
70 7
287 12
140 31
310 27
7 9
151 16
283 4
432 6
449 14
267 14
439 8
313 7
85 29
202 15
224 2
289 13
356 27
8 11
17 5
329 23
198 7
430 16
79 17
29 3
246 23
56 28
490 25
455 3
161 32
397 4
225 9
29 8
111 8
426 27
205 22
353 26
85 22
233 7
494 29
41 4
260 24
127 17
20 1
27 4
89 4
416 1
108 24
245 15
331 26
49 11
276 26
288 12
35 12
374 21
485 26
472 28
65 22
196 1
31 31
116 23
146 11
135 13
326 31
323 1
401 4
395 8
125 15
239 11
406 4
39 2
81 22
337 13
108 9
81 2
107 17
312 8
431 14
208 29
177 15
117 5
254 7
308 14
45 30
388 15
361 23
44 29
436 13
437 23
117 22
384 27
66 15
326 32
493 21
104 9
415 24
301 20
435 24
249 19
5 25
281 21
415 17
157 26
409 25
97 17
462 8
99 19
379 12
227 19
456 14
243 3
254 7
242 4
2 23
18 18
479 23
222 29
327 22
94 3
322 6
463 28
374 29
366 4
484 32
326 7
126 16
13 19
462 31
418 19
97 11
320 3
437 9
319 7
418 20
201 11
306 27
78 7
223 20
134 30
239 31
201 32
378 13
94 3
319 7
5 31
150 24
341 18
364 31
53 29
423 1
75 12
120 13
258 18
300 27
252 18
201 20
402 6
16 3
268 11
210 28
101 27
447 10
148 18
452 4
146 26
157 20
453 32
224 22
469 31
304 32
413 8
375 2
81 19
12 20
77 13
175 5
283 1
322 19
134 22
334 31
499 26
499 20
469 18
217 10
449 25
361 1
24 28
26 13
126 5
8 10
462 15
82 24
155 28
378 1
29 32
67 31
405 17
34 18
491 27
311 19
123 3
151 18
258 20
454 11
416 30
288 9
496 2
473 26
477 10
438 13
413 25
235 2
421 29
191 11
19 13
53 9
375 15
138 13
434 24
367 26
405 11
78 32
228 2
49 8
252 19
60 20
343 30
481 19
62 7
230 16
375 26
424 2
189 18
382 10
357 4
323 29
106 5
12 25
302 20
240 17
398 19
69 16
445 25
59 10
424 32
142 18
273 17
47 1
330 32
435 10
232 13
298 17
9 1
374 23
221 9
215 26
116 11
62 12
36 12
121 3
111 14
256 3
31 7
344 32
434 14
398 9
386 15
354 11
356 3
409 4
395 7
45 6
110 6
273 21
429 6
103 27
359 10
274 17
12 1
453 22
98 26
314 7
248 23
81 23
449 17
382 4
316 23
205 9
88 26
69 13
427 19
407 17
380 4
378 12
148 18
393 17
235 30
432 18
225 8
289 13
353 2
368 16
300 25
92 20
106 20
108 16
34 6
20 1
398 1
8 13
430 12
494 28
106 21
498 30
436 22
58 20
159 26
307 15
202 26
402 3
261 1
42 18
374 17
59 15
310 30
168 3
466 25
255 19
85 12
456 8
241 25
12 23
290 30
413 3
420 6
1 4
322 22
326 12
455 8
318 24
449 21
354 14
497 24
40 25
63 15
157 3
360 28
406 25
189 30
196 16
132 32
492 9
442 9
352 28
200 14
11 20
6 12
266 15
28 1
287 6
152 7
245 23
314 2
363 27
319 10
462 2
106 29
107 31
121 30
294 20
479 12
172 13
223 9
191 26
93 1
192 24
124 8
106 9
437 29
291 7
378 13
57 15
409 19
233 14
324 6
201 27
385 8
139 8
160 1
209 25
9 32
496 8
187 30
69 15
274 19
378 31
463 30
190 8
300 26
253 31
152 21
425 16
177 31
347 12
95 24
88 32
307 20
87 30
389 23
468 10
366 1
368 8
130 21
403 13
183 3
404 14
460 4
73 20
95 20
471 1
327 3
496 1
346 7
478 6
89 10
99 6
142 22
486 8
227 28
52 25
395 31
94 22
135 2
489 5
289 7
473 31
221 5
100 30
255 29
151 7
374 17
149 16
419 26
139 17
373 10
405 19
349 14
120 11
219 16
415 4
123 19
122 31
59 1
261 1
150 31
8 3
364 20
390 22
493 8
130 1
422 14
132 26
235 27
456 9
415 18
312 1
460 14
231 27
6 27
35 11
254 2
382 9
49 31
250 1
355 3
258 24
116 21
249 10
195 20
154 25
425 30
349 8
251 24
106 24
422 29
467 11
182 16
495 19
322 16
475 20
326 20
155 1
176 27
142 23
458 28
331 18
113 8
118 3
111 27
322 16
363 28
411 21
487 13
331 25
353 25
40 14
241 23
119 20
449 24
138 31
407 25
140 11
148 9
437 30
332 7
141 26
250 7
294 13
308 20
249 16
281 16
337 25
186 11
140 23
419 22
393 21
246 4
400 13
493 12
354 16
446 22
73 20
397 23
284 16
490 4
215 22
23 27
346 25
62 26
195 8
115 3
8 28
322 27
456 18
95 17
341 24
154 10
439 2
280 10
309 9
457 15
95 32
278 12
392 15
277 6
22 19
228 17
102 13
140 21
67 18
217 31
477 11
172 20
476 7
489 29
424 10
159 14
481 20
309 32
478 30
13 23
476 12
232 30
140 19
486 22
456 23
113 12
129 28
199 12
87 28
240 18
337 19
231 13
38 23
244 8
124 16
366 4
495 5
29 18
467 18
192 26
420 28
206 8
439 4
356 25
295 27
238 3
345 8
3 19
359 26
250 18
1 23
285 3
64 21
333 18
31 28
8 14
327 17
54 13
320 9
494 19
355 15
449 16
403 4
434 21
197 27
94 6
1 27
396 12
395 28
298 21
103 9
431 13
369 24
398 12
392 31
6 2
325 19
297 3
258 18
339 18
116 29
355 29
15 31
32 5
330 5
38 17
337 28
213 5
451 22
97 18
204 14
439 1
408 4
107 21
317 26
471 1
82 29
49 12
279 4
208 21
113 9
245 21
64 1
358 22
271 10
207 10
259 26
354 23
233 13
183 17
110 17
481 27
34 13
490 8
165 21
124 25
294 32
429 1
177 6
223 23
91 29
272 6
426 10
368 18
290 6
59 27
407 19
145 4
124 26
103 16
182 7
416 11
446 20
184 6
130 2
420 8
38 28
273 20
21 8
325 26
42 7
264 4
126 8
91 25
393 17
388 14
271 15
401 29
146 4
190 27
45 30
199 2
5 15
249 29
463 26
38 4
160 9
155 25
60 13
237 16
141 24
377 20
278 21
332 8
416 17
402 28
482 4
394 6
275 18
362 9
67 23
92 11
255 18
215 14
194 20
469 26
279 26
449 17
326 28
184 6
301 25
201 26
389 30
472 15
88 1
251 26
288 2
84 22
439 7
208 16
306 32
317 4
373 22
344 7
45 11
292 29
316 12
331 32
290 22
70 25
338 4
86 13
13 22
167 23
172 6
434 21
401 14
412 30
15 12
176 20
486 15
108 25
14 6
208 3
443 5
383 17
300 13
405 12
342 31
114 29
148 7
341 9
297 8
26 23
211 9
74 9
371 26
201 16
323 25
39 26
389 13
398 5
93 6
352 26
77 18
446 8
12 6
476 12
94 21
323 32
53 12
204 19
429 9
307 4
165 21
369 29
469 6
93 26
419 17
495 15
262 9
423 25
282 6
285 27
399 7
31 23
354 2
226 23
490 12
238 10
80 22
411 32
223 7
109 5
299 12
340 24
248 10
37 1
11 21
256 9
279 22
64 12
223 9
470 1
24 27
70 19
164 16
2 10
335 11
379 13
418 2
397 9
479 21
397 25
105 4
102 3
289 1
218 16
305 16
428 28
246 25
282 26
477 31
295 31
245 17
295 30
242 15
178 28
475 15
413 11
78 22
165 11
178 27
434 30
422 9
161 19
357 6
428 9
224 15
347 13
247 18
334 17
36 16
412 3
290 32
441 15
337 26
437 10
340 18
199 29
82 31
131 27
300 27
475 8
133 10
196 7
167 29
71 26
244 3
212 9
158 9
252 23
462 16
212 21
410 7
265 27
121 31
281 9
157 24
148 1
281 3
224 27
75 30
500 11
480 16
351 2
68 10
336 25
142 23
33 27
161 29
393 2
395 10
54 20
133 25
44 1
395 27
211 25
265 14
139 24
125 22
85 20
443 16
72 24
171 24
338 3
104 7
316 15
256 13
402 16
421 21
4 31
416 10
136 8
127 26
127 20
115 24
295 14
483 19
493 13
174 23
188 30
413 19
276 12
224 13
259 4
177 10
311 16
179 26
475 9
423 22
408 2
165 3
299 19
421 19
356 30
473 15
371 5
397 6
256 32
378 10
468 19
127 6
350 5
427 25
314 17
278 9
442 26
423 32
292 31
31 11
141 27
41 23
92 26
361 15
113 14
361 28
496 11
209 2
496 31
170 29
40 7
381 1
92 16
221 11
350 19
234 10
457 14
353 12
267 29
395 32
154 19
311 10
297 28
495 12
358 4
304 9
166 13
230 9
340 10
343 9
404 8
31 8
406 19
260 28
299 14
403 24
112 22
101 28
85 11
404 10
314 15
43 23
243 28
87 22
425 18
475 32
61 17
39 14
239 26
138 17
155 4
340 6
105 9
378 9
91 9
187 1
339 5
383 18
204 22
15 4
103 5
307 31
345 9
129 23
347 22
323 9
9 15
323 18
159 16
358 9
184 12
153 14
476 32
307 15
209 6
158 27
162 20
177 31
13 5
145 31
274 28
63 19
334 21
452 32
436 29
92 27
57 17
493 24
336 7
63 4
472 24
58 22
240 22
344 8
243 8
462 20
307 12
2 12
261 9
335 4
466 19
167 14
375 7
405 18
161 11
105 25
391 18
470 14
99 1
85 1
4 26
61 11
273 26
154 5
219 1
81 8
119 7
205 21
109 25
54 25
280 26
105 6
375 30
3 17
90 7
18 6
484 6
256 4
343 5
141 1
101 17
96 23
171 28
211 3
113 16
399 24
125 12
413 19
429 15
176 7
353 21
112 20
122 27
295 24
479 31
377 4
359 32
298 5
476 5
11 16
328 2
183 29
265 3
303 21
213 18
63 5
22 6
104 31
96 14
459 31
37 15
6 27
10 27
128 9
15 6
276 19
47 30
147 19
404 29
60 16
131 2
32 20
500 11
147 7
385 9
21 5
291 6
19 4
33 30
137 31
284 4
93 10
222 31
197 1
392 4
241 10
229 4
25 12
259 15
27 7
275 23
267 13
277 9
217 29
431 29
59 10
468 12
395 1
242 15
314 5
198 18
6 23
177 11
6 3
201 20
281 16
283 19
244 7
332 12
71 2
16 29
327 8
132 29
24 18
16 9
210 29
94 4
491 15
450 21
409 6
232 26
329 18
236 17
128 7
236 26
180 4
179 18
439 30
283 18
35 26
151 5
362 20
164 9
366 21
53 19
114 4
464 15
354 23
219 13
470 26
179 5
261 29
211 7
18 5
13 9
290 19
353 19
110 20
207 8
480 23
102 1
99 5
239 16
467 13
432 24
467 2
289 3
170 19
278 24
343 2
296 20
156 12
486 25
15 1
92 6

