256
14 23
80 16
318 17
334 10
455 11
442 30
189 2
255 7
364 24
403 16
353 5
131 28
351 20
489 23
115 15
134 20
242 9
447 15
466 13
228 32
103 1
245 19
482 16
73 21
75 24
392 15
312 31
210 2
486 27
484 1
269 9
80 14
33 23
421 10
159 20
270 25
317 6
255 22
217 4
495 27
155 14
69 22
112 19
479 30
477 14
50 21
430 17
255 6
7 31
312 9
174 25
277 6
298 12
492 19
359 6
157 9
75 22
182 31
4 20
488 20
473 25
76 22
17 10
67 16
208 10
40 26
162 25
75 32
200 26
326 18
403 30
274 18
59 23
16 26
318 11
393 10
391 21
247 11
2 25
134 6
395 18
443 4
194 29
219 13
435 20
302 21
230 23
166 4
85 21
202 22
387 10
395 1
266 29
388 28
305 5
329 23
398 31
311 31
491 29
335 17
277 8
114 2
414 11
497 10
164 2
251 30
496 29
179 9
489 10
380 14
290 4
196 4
182 30
482 29
387 13
449 11
156 18
224 18
45 16
271 28
122 26
461 29
370 23
81 15
408 9
356 14
372 31
89 14
409 18
430 23
90 22
161 18
292 12
19 4
455 29
247 12
14 23
396 12
50 13
446 13
141 21
358 32
203 10
121 15
220 22
109 25
428 5
258 19
356 12
110 11
121 20
90 30
266 30
221 23
166 2
124 30
318 29
373 9
131 10
335 2
43 28
362 10
416 4
392 16
451 17
434 23
60 15
57 14
212 29
492 21
295 7
386 20
300 15
484 10
252 19
483 22
114 4
116 13
167 27
152 22
212 21
40 15
164 32
448 15
373 32
104 27
258 21
130 9
99 10
42 26
284 28
496 9
220 15
129 6
321 17
355 20
69 7
155 8
490 30
459 2
245 26
380 3
402 10
263 17
475 29
202 14
180 25
358 23
159 10
285 16
470 23
11 31
385 5
122 3
119 28
88 31
345 32
217 3
329 12
99 27
488 28
412 31
349 29
418 27
458 18
486 32
192 13
318 5
365 3
303 19
223 10
50 19
209 18
17 17
449 7
191 4
267 18
307 23
426 24
473 20
425 27
163 16
159 16
396 23
122 26
210 16
88 27
467 12
376 23
37 9
450 7
464 32
33 14
34 6
493 6
45 13
168 11
237 6
390 16
201 12
182 6
59 13
372 29
416 11
360 20
423 17
31 31
376 19
8 5
76 17
266 17
121 10
327 25
111 21
341 11
80 18
276 26
142 15
367 21
394 10
213 12
386 3
406 9
361 22
373 12
266 22
56 2
423 23
95 14
303 3
48 10
160 8
223 17
322 25
61 15
18 13
383 27
219 4
367 3
53 15
367 30
229 10
56 3
8 26
388 10
436 8
43 15
463 22
99 4
410 3
351 16
136 13
34 30
224 13
285 9
139 15
446 31
424 5
222 24
2 17
93 25
100 20
235 6
105 5
50 22
344 28
145 23
336 15
184 23
79 20
187 21
470 5
288 26
337 21
177 7
173 17
479 29
256 6
186 12
250 11
226 17
486 6
423 13
400 27
232 14
426 2
399 16
254 22
141 15
250 25
281 14
437 19
46 13
176 12
52 2
170 25
370 28
203 25
328 18
251 11
432 32
329 2
423 18
219 23
24 32
83 20
241 24
267 23
212 30
222 27
219 23
244 17
398 18
381 26
399 27
136 2
158 16
363 9
398 25
347 1
252 14
429 5
449 27
131 8
488 28
274 23
94 21
295 4
166 15
217 9
9 32
98 2
168 13
450 17
245 9
189 29
226 5
341 26
163 27
185 23
378 2
357 7
31 19
462 28
381 6
464 9
234 14
406 21
374 20
21 30
4 21
318 17
178 26
106 24
332 10
342 9
451 26
32 1
52 25
29 12
375 32
172 4
405 30
64 6
285 28
100 12
496 29
368 9
427 5
217 10
114 14
171 24
108 2
249 19
46 21
295 24
120 18
83 1
43 18
154 31
433 9
114 29
22 5
453 28
305 5
57 22
79 23
186 26
280 6
48 18
62 10
449 13
308 4
409 10
381 19
29 2
167 18
242 32
327 2
487 31
67 32
105 25
326 2
34 14
427 29
283 32
275 7
372 2
466 25
135 31
195 19
160 5
361 29
253 27
150 31
373 4
486 13
64 20
118 13
269 20
30 31
383 16
485 31
441 15
387 27
1 1
442 12
293 18
264 9
192 5
284 4
333 5
393 4
284 30
345 24
406 26
306 4
381 27
394 25
445 24
247 21
212 32
308 29
193 7
49 28
335 12
4 19
305 16
415 8
257 7
344 30
336 21
302 8
143 3
388 23
179 18
235 18
378 10
394 2
464 19
158 27
126 29
169 14
408 3
74 24
193 21
30 8
269 23
95 24
229 14
202 19
172 25
297 17
182 18
470 18
484 15
296 2
491 24
243 22
399 4
266 3
436 3
471 1
477 25
468 17
251 5
112 6
309 8
322 31
301 7
488 29
122 27
98 32
450 12
362 12
360 3
143 7
273 25
203 29
381 30
453 23
43 16
256 31
27 17
45 16
220 12
316 13
18 9
156 24
308 1
19 3
495 17
166 7
477 16
367 26
390 16
192 16
87 12
134 22
376 11
145 19
414 16
139 28
76 11
251 11
311 21
402 14
282 23
276 14
286 23
319 19
166 23
458 4
310 16
217 29
474 29
484 15
24 14
170 3
416 28
334 3
41 27
88 22
153 3
283 22
209 10
465 30
464 10
478 1
217 26
161 18
259 12
429 2
266 10
233 17
370 18
259 22
152 2
435 28
61 13
93 29
22 25
495 21
331 28
109 27
17 18
89 11
265 13
409 22
318 17
63 27
58 25
300 13
371 26
364 31
155 24
403 28
365 21
13 19
220 5
93 5
94 25
363 19
401 27
240 27
263 14
109 12
179 5
380 1
346 31
183 4
51 25
28 7
334 16
461 29
364 5
141 10
86 16
168 2
126 3
408 21
265 17
412 23
277 24
343 18
238 21
474 12
461 21
406 26
392 10
51 23
271 23
64 12
46 27
45 16
342 9
264 14
469 3
400 13
170 26
218 16
118 19
47 26
43 13
76 10
170 10
41 4
168 32
147 6
187 28
441 24
496 24
485 28
230 8
412 20
477 5
159 14
172 29
23 30
9 26
500 31
75 8
118 3
347 17
160 1
308 28
264 15
155 28
470 12
335 17
135 3
361 1
404 12
350 23
98 6
24 17
36 19
340 6
193 30
122 28
423 1
155 22
435 9
138 24
396 20
488 19
283 28
27 6
232 16
464 17
86 12
129 25
290 24
478 18
357 19
37 19
231 3
169 1
351 26
272 30
481 31
480 3
311 3
153 2
382 4
74 7
307 18
440 12
225 29
429 29
220 9
64 2
359 24
171 21
241 26
159 29
405 2
336 19
144 8
108 22
455 5
344 26
86 27
61 30
256 2
242 7
158 9
128 21
92 10
77 16
444 27
257 28
225 12
62 32
431 1
245 29
53 17
350 26
427 27
299 2
252 16
360 5
49 16
277 24
489 2
324 28
292 20
279 24
23 4
236 17
212 12
41 8
272 3
253 7
5 23
84 24
295 16
368 31
283 21
334 23
54 29
203 17
440 9
213 14
25 32
266 16
279 11
204 7
253 24
453 9
211 20
216 21
331 27
51 1
431 8
384 4
245 10
181 20
270 29
498 30
192 31
234 6
125 5
224 21
448 24
485 10
416 28
366 14
135 16
211 5
4 6
401 28
383 29
135 32
325 16
150 20
99 11
337 23
375 5
100 10
440 8
332 7
488 17
453 26
317 3
242 24
108 6
419 22
74 1
345 26
37 18
265 31
432 6
209 10
14 32
480 5
96 7
12 11
211 32
260 23
478 1
198 9
495 32
278 8
373 18
318 17
172 14
247 31
35 3
261 28
115 28
205 10
106 12
348 24
383 23
195 12
107 28
148 29
212 17
21 28
250 6
344 5
271 26
376 6
396 12
409 30
79 1
423 8
32 26
351 22
376 13
125 7
141 20
435 4
48 7
287 6
144 10
218 31
71 13
276 30
80 4
328 30
149 2
397 16
372 4
446 11
496 6
433 24
342 20
339 29
174 25
38 6
106 12
288 4
200 7
494 16
246 29
493 14
274 18
426 25
489 3
244 4
292 20
472 1
395 22
374 1
287 31
90 16
18 9
272 2
439 21
201 24
289 29
430 14
82 3
59 2
77 10
258 12
329 1
353 4
242 10
144 4
340 9
124 18
313 7
427 31
11 3
286 11
171 27
360 13
421 30
378 1
71 19
365 4
215 25
475 9
294 10
336 9
406 31
342 2
205 12
320 31
98 21
13 13
172 1
77 12
494 6
293 5
441 25
168 11
77 14
463 18
315 31
206 8
109 20
437 2
19 8
380 13
212 9
441 11
321 17
179 6
174 3
82 14
331 17
269 11
94 11
128 20
381 21
479 6
232 3
155 7
22 6
71 6
130 11
468 22
231 6
116 16
320 5
18 2
2 22
408 19
220 7
355 9
368 1
294 3
100 20
201 13
185 27
206 7
485 2
116 31
375 23
119 15
484 12
196 17
477 28
431 32
490 9
148 29
322 21
308 13
92 8
393 1
483 11
443 7
328 2
34 18
345 20
248 20
491 16
164 31
251 6
14 12
231 6
449 24
306 8
324 2
319 28
26 17
18 8
472 17
81 29
399 1
8 2
252 14
293 23
316 27
361 9
135 11
342 15
494 8
394 5
249 4
236 10
365 6
445 12
450 25
192 24
450 23
198 13
48 10
320 15
237 32
43 11
474 5
157 11
236 14
487 20
113 14
109 5
327 13
16 9
77 23
328 30
109 25
431 16
367 14
222 7
133 21
325 22
1 9
424 4
234 14
71 6
131 19
379 14
83 26
438 3
157 21
389 29
142 11
273 16
272 10
462 4
110 6
9 22
322 24
49 3
193 15
456 31
149 18
132 31
432 1
242 28
38 2
204 3
152 4
38 3
174 7
178 11
488 30
97 25
321 25
67 25
116 2
187 8
208 3
347 31
91 8
430 24
69 17
158 20
313 11
346 2
45 27
472 28
412 12
44 12
417 14
96 12
484 26
499 3
452 25
385 31
284 26
374 8
298 16
275 30
78 16
151 11
494 11
358 1
394 26
488 26
215 15
45 22
365 24
444 4
240 24
414 16
493 24
79 27
171 18
104 32
177 23
74 11
229 16
427 22
37 23
136 15
497 20
5 13
427 28
233 27
128 18
394 4
137 32
262 15
29 22
407 18
324 24
228 12
115 6
377 15
420 16
458 1
44 2
333 14
261 29
340 16
415 17
360 23
409 17
210 1
42 20
346 17
299 13
268 18
431 29
268 14
8 29
470 15
38 27
225 27
71 4
38 5
149 29
240 5
74 1
345 19
416 23
332 30
467 31
331 21
95 15
99 7
175 16
357 9
74 17
11 1
497 12
185 9
149 32
201 22
372 17
188 19
439 11
57 10
470 31
154 4
337 32
370 24
24 31
76 25
159 2
445 3
337 30
151 21
405 23
58 29
452 18
267 14
116 31
147 5
62 21
353 10
404 18
113 3
152 32
228 31
125 20
169 14
153 12
298 14
226 12
38 9
453 24
419 24
479 13
5 20
217 5
141 21
282 30
251 6
293 18
96 30
2 4
231 22
287 12
415 17
87 12
41 19
108 15
459 26
228 7
181 28
23 9
120 32
278 7
89 3
200 8
192 29
4 10
59 26
153 21
6 12
129 3
130 4
209 8
377 12
106 9
84 24
81 23
284 23
425 28
281 21
112 24
29 15
97 3
256 21
264 18
192 24
160 30
183 4
113 23
8 19
319 23
198 15
145 1
257 10
409 29
46 32
212 14
486 20
365 21
261 8
354 8
223 25
125 25
85 10
167 12
308 13
34 5
383 14
338 32
99 2
232 20
117 16
422 14
455 18
194 11
265 8
167 23
264 23
95 28
232 29
291 27
449 8
44 3
354 5
174 12
330 30
448 6
53 1
399 15
6 20
222 10
343 12
108 27
234 14
306 2
18 29
4 18
124 27
148 25
483 22
281 4
431 4
109 31
300 27
489 21
303 6
426 9
153 29
103 19
290 25
204 19
209 15
272 24
458 23
161 8
444 21
456 30
372 20
356 27
275 9
327 29
110 12
221 31
488 8
353 17
436 4
435 20
114 6
31 27
328 27
215 8
483 14
145 6
85 1
376 15
49 14
435 22
157 16
272 32
35 4
124 22
31 18
169 25
467 19
419 19
390 21
66 28
154 30
430 3
414 1
301 6
63 28
324 7
95 15
67 1
423 22
302 25
452 30
449 30
168 4
64 29
204 9
133 26
43 26
300 4
422 12
122 8
187 5
55 17
391 21
113 5
162 6
118 17
235 14
235 19
285 30
163 9
131 7
50 13
60 29
332 26
300 25
317 15
249 15
471 16
343 16
304 13
201 17
321 24
339 11
190 15
57 24
315 15
351 24
211 30
64 10
95 28
199 24
202 31
282 8
290 9
459 2
333 12
218 17
299 16
60 12
31 4
43 21
154 1
61 12
7 32
461 21
487 23
12 4
310 18
64 3
122 2
248 14
385 22
458 15
21 25
22 3
336 29
100 13
309 4
204 27
283 13
268 30
175 27
161 24
276 12
139 5
302 30
54 26
351 16
221 24
84 2
126 4
10 17
408 27
384 8
337 23
480 4
140 22
235 20
194 10
228 8
463 13
217 32
66 24
231 14
143 23
380 8
86 13
197 9
411 12
308 28
450 3
351 21
145 29
241 6
299 8
21 21
200 17
128 25
8 3
255 22
377 22
122 18
374 22
306 9
249 10
384 3
104 2
287 4
171 31
141 5
50 21
81 25
250 12
218 13
122 24
111 6
457 32
311 14
49 17
318 21
434 25
347 5
435 14
341 25
364 17
425 18
494 21
366 11
416 27
203 14
406 25
387 30
396 10
396 12
18 1
93 19
266 23
191 20
424 31
360 16
216 8
257 21
492 10
155 27
409 21
296 22
374 27
380 5
232 31
65 29
191 17
403 24
299 5
359 11
328 22
66 19
353 26
455 24
295 5
103 7
317 26
221 6
432 16
163 23
226 27
115 12
87 1
224 17
462 14
163 9
4 20
35 32
401 1
404 16
449 10
102 29
107 18
159 23
273 13
257 14
251 32
266 17
240 29
425 5
274 28
193 13
19 7
189 28
419 4
319 11
301 32
336 15
446 10
1 18
18 18
68 28
481 25
456 16
25 12
125 30
171 1
279 22
248 23
461 14
410 27
237 6
402 32
320 11
121 25
417 30
430 28
257 26
168 4
333 8
295 29
341 22
478 15
7 5
437 27
94 30
449 10
407 14
253 23
49 17
251 21
362 24
300 6
293 3
33 25
158 24
434 14
145 19
321 23
487 1
469 8
455 5
410 1
118 26
291 10
239 5
130 24
72 13
422 12
247 6
489 24
133 26
106 9
184 2
279 2
34 15
101 32
15 26
201 5
376 23
150 30
236 12
269 23
412 18
23 7
348 7
266 20
136 3
109 11
148 27
192 6
338 20
21 28
154 5
188 1
268 14
198 23
469 18
309 16
8 15
390 27
193 20
186 20
378 10
350 26
385 9
411 14
185 3
425 10
356 9
70 3
302 7
477 14
84 5
1 27
468 19
297 8
250 3
192 27
128 25
356 16
434 18
85 30
401 6
159 28
122 16
82 3
198 22
44 13
194 12
224 13
138 28
25 3
354 16
218 10
312 17
345 9
43 22
66 23
439 12
50 8
155 15
186 16
40 25
133 29
328 4
246 2
227 30
56 29
41 1
414 20
198 30
449 20
39 2
34 13
90 27
92 8
65 29
448 12
209 20
188 25
287 17
354 21
258 29
93 26
386 22
2 15
116 10
26 6
315 11
483 24
493 6
352 13
203 23
364 23
230 31
151 32
336 8
380 29
117 5
243 2
330 4
436 13
45 17
451 23
371 5
319 31
210 14
123 12
172 2
27 13
36 17
268 15
385 31
168 29
471 2
354 29
5 13
449 17
453 27
463 23
183 21
37 9
302 31
156 5
496 22
77 31
63 28
106 31
195 25
151 29
34 24
169 30
496 2
290 32
16 20
122 27
385 10
443 10
168 22
363 7
484 31
397 18
135 18
196 21
126 10
345 3
53 10
400 4
131 13
347 6
293 24
48 9
329 2
214 8
292 32
362 3
367 18
24 25
260 3
181 13
268 29
396 12
38 15
219 16
336 17
18 28
384 21
156 8
259 21
59 14
149 28
176 19
29 3
15 16
473 23
377 16
71 12
411 25
270 9
480 21
397 29
436 32
266 19
195 8
164 21
425 28
376 4
326 28
354 24
44 10
238 8
417 32
395 19
120 12
159 32
121 19
152 16
38 13
499 24
292 10
484 8
325 27
19 18
114 16
45 1
49 22
280 17
293 26
143 13
338 29
364 6
59 7
365 32
284 23
327 7
228 2
495 4
372 25
257 18
89 29
346 1
286 26
102 7
151 20
491 24
101 30
297 31
72 18
107 23
376 21
134 8
299 12
359 18
196 32
359 12
268 21
421 14
182 30
132 32
321 6
172 1
31 20
284 6
129 30
161 13
26 26
312 8
477 30
198 8
137 28
456 25
112 32
310 29
453 25
329 13
118 20
398 32
467 13
101 12
422 1
156 27
258 11
475 30
340 28
406 5
79 25
85 7
440 2
335 20
38 31
16 23
14 13
154 25
445 26
132 2
219 27
17 20
105 31
62 12
366 23
272 16
31 12
134 6
101 25
65 6
335 24
496 9
197 17
33 29
255 4
359 5
450 27
300 2
421 9
201 18
179 29
81 13
32 23
382 21
387 10
474 5
230 22
273 6
470 13
418 16
320 32
48 13
206 12
378 18
60 27
411 19
403 4
151 30
410 17
122 8
330 12
220 27
417 25
188 6
149 2
462 21
85 9
441 27
208 15
416 8
249 15
210 31
22 24
288 11
392 14
78 2
357 29
336 25
141 28
362 26
481 19
314 29
36 14
355 15
424 3
214 4
301 15
26 2
283 30
104 14
427 29
451 3
329 11
259 14
162 24
315 2
499 20
58 6
233 21
480 29
35 10
32 7
320 2
360 30
223 19
480 9
495 26
135 7
68 5
496 9
68 26
74 6
437 8
303 14
396 31
178 18
180 9
468 31
118 31
453 8
141 8
192 31
213 26
161 5

