256
369 3
327 9
4 11
119 13
405 2
259 18
477 16
219 18
382 32
265 6
63 23
364 16
296 10
251 24
104 15
396 8
17 22
408 16
492 7
136 25
496 14
342 16
245 16
18 15
487 26
496 10
376 24
233 16
197 20
427 29
234 2
476 18
395 20
121 23
114 28
487 1
353 24
285 6
240 18
428 22
287 7
479 26
486 24
37 31
399 15
187 12
136 30
85 7
249 29
269 10
312 11
323 32
286 27
465 9
260 24
455 22
371 29
411 28
348 24
242 30
262 20
433 22
442 5
280 2
221 24
256 24
6 22
400 3
36 28
168 27
312 10
44 18
258 30
241 26
253 7
407 27
114 32
264 11
356 11
449 5
442 24
312 3
133 19
237 28
131 16
166 2
229 5
327 31
366 31
296 23
253 14
337 31
41 32
125 17
142 21
177 11
128 16
381 24
255 17
131 17
225 8
30 25
60 4
143 14
126 14
396 7
140 20
449 8
183 13
280 28
498 12
462 13
148 18
89 30
162 23
138 2
71 31
43 10
22 17
407 3
475 26
229 26
237 13
349 31
102 25
446 27
288 31
75 31
100 11
336 18
86 9
351 32
491 13
137 8
282 32
11 28
197 19
425 6
120 21
204 25
253 30
319 17
260 25
327 12
260 11
325 5
487 15
204 26
124 12
341 25
383 11
216 4
146 8
217 29
412 12
485 9
273 7
57 5
47 7
96 2
397 12
354 4
150 9
65 21
249 29
29 31
460 32
414 5
235 10
221 3
254 21
15 30
359 3
262 25
305 17
415 26
480 32
141 22
29 25
402 29
461 23
259 28
378 29
80 29
6 32
463 27
4 9
137 14
399 26
471 19
107 1
460 6
356 8
67 8
304 5
12 21
455 31
240 16
147 16
148 32
471 10
263 3
438 19
40 28
148 22
391 22
98 26
44 22
302 22
41 1
282 1
73 20
175 5
272 25
336 15
324 2
29 18
132 10
336 20
154 16
33 20
441 31
97 32
436 14
446 16
355 15
380 3
167 14
295 6
226 26
356 30
288 12
487 31
54 19
442 27
158 27
454 6
457 26
434 12
300 27
219 22
309 11
284 11
4 31
412 30
60 4
131 19
207 9
118 4
291 3
170 28
385 11
250 21
25 7
84 12
413 27
181 9
253 24
196 28
246 3
337 14
430 19
4 21
288 17
248 22
32 22
230 16
392 19
257 4
161 4
443 25
494 15
145 2
291 20
206 28
151 22
193 28
65 9
68 4
169 8
281 12
437 10
468 28
192 32
448 20
267 14
128 1
217 13
62 3
464 31
42 22
13 7
398 29
283 1
280 7
484 24
355 4
274 14
304 29
101 31
169 15
344 28
183 8
420 17
418 8
363 8
349 3
398 14
155 28
63 30
482 22
346 20
22 23
361 25
435 13
279 3
32 2
251 10
238 6
458 19
405 9
318 10
399 7
203 10
394 5
339 4
367 28
415 20
154 24
416 5
440 2
43 31
371 5
37 12
19 2
115 23
18 24
380 21
147 23
174 32
199 4
471 21
48 26
304 17
365 19
141 20
116 28
127 23
32 27
94 10
8 32
325 6
140 32
146 22
138 23
29 17
182 24
253 25
237 13
134 1
479 30
108 19
161 6
433 25
100 10
94 28
86 2
337 1
474 26
214 23
4 10
299 9
445 12
118 17
312 11
337 22
24 5
88 1
30 16
81 10
398 26
89 3
296 5
411 29
110 24
83 13
421 26
149 2
137 22
250 28
16 3
441 8
383 25
428 16
252 32
393 1
385 29
335 20
109 5
300 30
220 3
330 29
468 31
358 32
96 15
255 20
45 11
355 23
427 2
191 11
345 31
179 25
268 14
409 28
258 28
94 14
294 3
322 25
105 7
364 21
489 18
16 6
165 2
164 31
207 2
121 3
141 20
279 28
313 7
135 18
99 16
103 32
207 8
153 19
454 16
363 3
338 14
180 30
451 3
296 17
401 5
207 5
68 14
300 24
376 22
5 22
366 8
218 24
31 14
234 29
89 17
131 30
326 6
131 13
356 23
285 12
47 16
296 18
181 15
197 16
233 17
382 10
308 27
373 7
172 10
27 4
54 1
390 24
170 28
360 13
298 32
133 12
487 8
161 11
227 5
75 27
410 32
260 13
406 4
407 1
237 21
188 7
145 5
374 26
449 1
43 18
376 31
294 15
306 26
381 28
163 19
194 20
262 25
140 11
436 19
447 9
183 15
167 28
415 12
345 19
272 27
313 11
413 2
213 31
411 18
102 25
252 16
496 22
100 12
384 4
34 11
60 4
169 26
247 11
117 20
298 16
330 2
238 7
419 19
313 29
100 30
106 7
413 1
216 21
440 28
400 9
282 3
393 30
36 11
32 32
82 5
391 12
494 8
358 8
282 22
445 29
287 26
232 32
354 31
64 6
398 11
118 31
273 26
480 8
1 4
311 2
396 21
345 14
180 30
153 22
75 25
194 6
498 21
265 12
224 24
349 13
494 30
4 14
180 7
277 28
198 27
113 18
139 10
483 10
215 19
131 26
232 17
3 29
101 3
136 24
446 24
149 27
6 16
56 13
486 28
216 32
418 4
129 4
341 15
225 20
245 12
345 12
32 11
261 32
465 16
160 6
436 28
348 29
163 7
125 32
86 16
35 23
371 15
262 32
125 6
119 30
45 31
49 12
161 17
264 21
261 3
386 8
434 25
136 8
339 12
447 32
155 6
130 13
496 15
88 17
80 30
194 5
20 22
404 4
255 27
156 7
441 17
62 26
125 17
173 7
160 8
238 22
453 27
190 32
461 14
272 29
187 29
369 7
59 16
238 25
291 2
31 7
286 12
309 27
140 1
77 23
452 7
464 20
385 13
56 10
134 3
238 5
144 6
379 18
229 20
218 31
213 8
306 7
191 6
465 14
446 1
332 14
59 15
5 8
151 20
141 21
91 22
457 22
335 3
139 15
154 16
434 11
307 19
421 9
204 17
30 29
277 25
102 24
7 11
131 1
370 15
293 20
500 13
397 30
287 15
248 5
94 25
11 20
123 31
248 2
167 17
179 31
137 8
130 15
238 20
152 16
382 4
419 5
397 12
66 31
54 14
475 24
198 17
47 17
267 7
498 29
423 16
228 32
308 17
406 9
321 29
4 6
205 27
287 17
442 12
135 31
17 18
142 31
298 1
387 17
187 32
201 29
412 8
372 7
489 10
115 29
38 7
362 6
245 12
398 6
352 5
32 16
346 26
286 23
66 28
411 32
408 20
64 11
391 24
389 19
417 31
39 6
325 17
252 5
252 1
458 19
33 14
175 26
15 16
373 32
336 23
35 7
246 26
265 5
237 1
367 17
359 6
311 4
10 2
308 17
210 18
216 7
255 6
472 5
53 16
200 32
331 2
482 16
35 22
416 12
250 11
276 21
392 18
348 5
499 31
161 21
420 24
155 14
117 26
294 18
322 21
409 16
430 23
283 17
488 19
236 2
333 23
402 12
301 13
328 27
255 4
211 27
216 9
200 24
343 26
205 12
190 26
19 4
356 25
436 27
351 15
284 7
385 17
110 13
285 1
188 8
277 22
66 32
115 9
27 1
462 32
472 16
49 6
123 8
142 6
450 9
80 30
27 24
270 1
353 11
425 12
446 5
289 19
396 31
127 27
211 29
358 10
92 18
23 30
13 13
123 26
9 22
47 3
369 5
375 17
75 4
112 32
352 29
234 12
155 12
374 26
152 31
47 19
340 18
160 8
86 18
165 18
187 24
480 20
380 23
480 10
6 32
177 1
344 26
308 22
121 17
215 13
467 18
367 30
35 15
361 32
160 6
65 7
237 4
106 24
102 29
273 19
28 9
168 23
210 31
221 6
212 27
306 30
400 17
336 14
403 32
257 30
73 29
112 1
69 29
128 26
6 24
129 21
52 32
256 1
122 24
147 13
114 24
363 30
328 6
151 6
97 24
496 10
80 7
182 20
28 2
318 29
265 26
65 25
93 28
281 22
147 31
251 5
83 13
126 30
162 12
344 22
35 7
131 23
297 9
262 16
326 23
356 2
228 29
258 8
444 19
238 11
169 32
203 7
452 16
365 29
307 8
222 30
46 17
456 26
17 29
166 2
352 21
135 3
145 29
103 9
135 8
31 31
179 1
258 18
264 10
94 10
181 31
411 30
371 26
419 7
287 32
284 10
309 11
68 5
163 22
245 21
213 31
155 3
359 24
224 14
385 1
192 17
336 30
494 14
172 5
297 14
200 28
447 24
350 2
165 12
388 9
12 20
36 19
195 6
430 10
368 11
87 11
435 10
216 9
331 31
193 11
196 16
411 2
456 12
360 4
476 27
232 23
198 19
357 4
13 19
162 12
305 24
142 23
373 29
19 23
96 11
386 7
159 8
137 2
259 12
85 10
94 16
277 19
83 9
387 27
123 4
178 23
147 27
370 27
27 12
425 18
303 18
265 17
309 1
426 12
396 22
5 17
325 21
483 7
266 25
205 24
268 6
167 22
52 28
136 23
127 1
200 29
222 32
241 11
216 30
450 11
175 10
303 24
87 30
110 28
358 31
91 18
196 1
243 4
144 23
178 3
291 1
51 8
45 12
246 32
309 7
75 28
353 5
187 15
218 16
290 24
462 28
53 18
489 15
109 24
25 14
106 27
366 25
31 14
300 20
374 12
175 24
295 11
28 25
465 30
129 2
173 22
189 29
451 25
223 27
13 16
196 10
414 22
126 12
323 5
424 16
385 26
347 23
476 3
364 28
472 24
249 20
285 25
72 20
466 26
294 2
393 22
447 19
403 13
306 13
349 29
125 1
30 3
116 25
197 7
500 4
322 16
15 10
389 6
193 26
232 11
35 8
328 5
486 10
405 24
158 2
372 18
190 10
457 25
462 25
135 22
173 28
413 19
266 13
273 2
6 24
296 32
331 11
225 25
56 21
460 10
86 3
51 24
288 15
284 14
160 15
63 4
78 7
370 15
128 14
153 25
349 28
229 4
275 29
52 26
433 11
247 7
45 30
498 25
156 13
434 19
403 8
350 5
174 12
175 1
213 3
138 30
479 18
297 5
318 28
434 30
210 1
472 18
330 1
290 9
454 15
152 8
70 17
336 4
72 31
396 21
393 29
50 31
250 18
123 27
397 1
21 18
441 28
63 30
165 13
106 10
427 1
473 17
110 29
444 13
375 23
317 27
76 18
138 1
267 28
96 15
372 20
120 28
311 3
81 11
239 31
296 9
147 5
365 16
281 12
289 27
351 29
273 22
175 14
102 17
226 17
456 5
164 31
409 19
313 25
153 15
379 17
68 22
69 16
485 21
444 1
207 30
230 3
71 12
241 8
48 26
221 27
414 28
430 30
62 26
163 11
145 13
15 32
122 15
347 7
135 10
231 17
287 4
319 25
67 3
233 11
228 25
469 26
40 30
463 2
344 13
168 32
222 6
51 27
468 13
301 22
391 8
294 29
343 24
238 26
375 22
376 22
126 8
243 1
446 6
118 29
386 13
128 11
170 26
302 5
278 6
442 28
485 31
401 24
51 14
441 17
311 20
378 16
363 21
452 32
382 18
448 11
206 23
226 16
104 27
68 22
480 14
105 13
448 9
144 2
494 20
274 24
103 24
91 1
476 23
125 5
112 28
123 5
351 4
248 2
226 8
39 30
177 8
22 32
500 13
474 6
452 19
149 6
250 4
370 21
134 6
433 1
270 8
117 20
107 25
425 9
32 12
390 20
311 15
331 2
279 20
155 26
403 4
487 16
99 4
81 32
406 29
180 11
272 4
498 15
12 18
63 27
89 28
102 15
214 1
61 4
88 23
277 26
74 27
346 32
470 14
255 7
438 30
401 14
434 14
440 29
172 18
340 28
305 5
363 22
77 27
65 25
341 21
358 11
103 27
438 12
480 9
151 18
182 3
331 7
153 26
264 16
123 27
287 23
247 21
148 4
423 4
340 32
52 13
30 6
252 19
429 15
215 3
500 1
482 30
363 22
451 10
309 1
80 15
203 3
96 2
150 18
413 1
133 28
37 26
321 20
333 18
371 7
180 2
443 25
404 14
146 22
431 18
131 27
253 13
337 4
35 2
217 19
178 6
263 14
363 15
354 11
184 4
94 20
297 24
376 4
193 26
406 28
31 16
338 11
368 18
482 10
363 3
201 20
400 11
105 6
397 2
161 25
33 2
296 10
493 23
381 30
396 6
365 27
321 14
61 17
227 19
294 17
445 22
480 28
308 4
309 25
394 17
137 10
426 28
107 11
306 32
160 2
273 32
184 26
225 32
486 11
138 3
243 6
125 30
277 24
157 2
488 6
258 32
328 4
259 2
158 13
273 21
322 6
192 9
343 32
100 8
70 26
458 4
23 2
237 32
14 1
89 9
295 18
329 22
233 3
259 2
355 24
410 28
429 9
384 27
368 12
450 17
73 11
100 3
341 20
246 6
81 2
58 27
32 22
52 8
177 6
210 7
193 31
411 25
72 6
95 15
129 20
80 21
7 19
148 11
219 25
404 27
79 29
377 14
199 4
429 11
89 30
257 6
109 19
458 4
313 17
322 9
300 17
494 2
432 21
4 10
237 27
300 7
220 24
128 10
307 9
496 3
46 4
232 2
123 6
185 15
94 23
79 25
259 20
403 10
64 6
191 21
165 22
467 24
369 15
153 7
355 20
274 28
251 17
406 13
46 2
11 11
300 18
236 31
13 30
100 13
43 27
81 3
132 27
442 29
345 26
379 31
445 12
451 4
361 24
124 18
297 11
249 17
224 32
7 32
121 22
16 31
248 12
74 32
347 27
436 15
165 30
242 1
170 8
8 6
399 20
491 23
118 19
495 25
74 21
280 14
459 4
61 26
95 14
289 21
352 20
484 28
390 17
477 27
268 32
144 22
319 22
64 16
373 19
128 26
411 32
344 17
407 20
427 17
241 3
294 8
291 9
312 8
205 32
442 16
475 1
341 18
218 16
81 30
314 9
240 9
320 31
445 10
190 3
78 18
290 31
225 28
499 28
463 31
175 4
378 26
340 18
147 25
474 11
351 3
491 14
11 26
376 4
387 29
178 29
198 11
39 6
398 2
162 8
444 28
263 14
189 14
391 31
11 32
266 29
151 28
154 13
418 21
468 24
149 22
472 30
464 15
471 6
252 4
73 15
320 24
220 20
141 27
195 11
326 28
215 28
67 16
341 12
100 24
492 20
9 23
297 13
177 20
186 20
251 30
327 22
297 30
430 26
8 28
440 18
139 11
13 13
226 21
393 30
217 28
277 25
198 2
197 23
193 22
154 11
344 12
365 8
378 10
281 1
121 5
422 27
79 31
167 8
139 31
333 31
442 22
432 12
35 28
366 11
214 11
21 5
203 21
400 32
30 13
168 2
253 18
112 31
228 3
486 2
337 11
425 27
280 24
270 22
335 7
392 4
357 20
456 7
297 20
194 6
388 6
180 16
155 3
174 6
69 19
99 6
329 7
36 28
378 5
273 17
495 16
112 27
280 28
114 12
127 7
105 14
20 24
209 2
75 10
407 31
40 14
252 25
380 3
180 18
147 5
322 17
320 21
344 23
204 13
26 30
115 19
399 31
266 7
160 4
488 7
39 12
276 6
100 7
281 23
264 15
435 25
420 15
222 11
205 29
71 7
459 9
65 5
171 2
316 7
374 27
101 8
34 32
53 9
382 21
264 30
464 26
434 3
304 3
145 13
432 3
295 26
399 11
450 18
392 9
104 17
68 4
380 9
283 5
86 8
321 17
13 28
250 27
166 18
453 10
266 28
376 16
477 23
270 19
48 5
43 31
482 30
58 13
415 4
497 24
207 10
52 16
101 17
166 3
354 6
280 31
206 24
382 22
134 7
312 21
16 3
387 1
168 20
209 6
487 30
433 1
23 4
412 11
137 25
241 22
251 25
313 32
28 2
341 29
197 29
45 20
211 3
60 30
226 32
164 12
473 32
256 3
284 28
322 24
448 26
113 18
434 1
5 1
471 6
325 11
202 13
82 32
151 17
345 4
260 32
291 13
308 27
431 3
66 28
214 9
166 6
63 7
103 11
264 9
116 4
443 17
161 16
284 31
16 13
391 15
488 17
359 11
79 10
89 32
41 6
9 26
128 3
9 18
341 8
6 29
63 12
477 27
471 29
238 26
241 28
112 20
160 3
227 23
260 11
234 16
469 30
210 28
164 10
29 13
341 6
313 27
481 21
126 11
253 15
140 25
342 11
425 21
221 11
295 24
169 1
336 5
122 17
436 30
114 12
494 10
497 18
356 1
298 25
131 23
47 14
395 16
21 27
445 5
173 15
277 26
267 4
330 13
8 30
230 13
229 19
74 26
232 25
54 9
114 5
431 24
306 14
400 10
496 12
271 13
434 11
362 9
10 3
293 1
308 30
489 9
96 2
114 19
342 27
59 11
55 26
467 17
167 10
38 14
413 8
34 14
206 31
250 31
290 10
83 1
415 11
485 22
484 10
40 6
321 3
336 3
440 18
87 2
371 13
471 15
136 9
333 6
455 18
260 8
476 3
193 2
265 17
104 25
479 31
130 31
93 13
25 28
471 20
489 25
292 12
328 19
20 4
120 26
93 28
70 16
74 10
310 10
142 9
142 20
407 31
270 8
440 19
383 10
462 32
102 5
35 9
31 30
440 15
379 1
382 24
304 7
61 1
348 27
377 18
174 16
112 32
135 27
294 25
312 23
240 6
359 2
194 17
179 26
39 22
370 8
209 9
430 14
138 30
324 18
267 21
149 30
144 23
281 5
4 28
43 7
357 21
221 15
290 7
388 4
160 1
304 9
281 25
490 18
10 29
136 4
13 4
358 5
271 26
297 10
433 4
368 22
92 24
44 29
191 11
265 26
39 12
70 19
152 23
441 26
75 8
289 4
211 30
448 5
487 16
254 12
435 30
413 11
61 4
463 19
386 7
453 24
146 14
446 22
285 14
311 23
313 11
298 32
449 1
4 31
341 18
58 3
83 10
5 3
425 20
98 26
46 2
85 12
275 27
489 19
268 15
270 29
249 3
104 1
312 31
336 20
68 9
278 30
363 3
497 31
454 22
449 15
347 9
190 5
415 26
32 11
180 1
115 1
219 2
329 6
28 32
33 16
409 15
97 27
297 13
261 6
390 17
248 24
446 14
209 28
171 20
246 15
392 12
131 22
429 15

