256
69 13
221 17
170 23
481 5
427 21
321 4
82 19
435 5
323 14
331 20
373 10
266 15
246 10
203 7
25 21
287 17
33 31
121 22
417 18
162 8
150 14
191 27
248 1
11 22
74 9
374 23
470 19
429 27
348 11
98 24
191 12
317 32
95 9
129 31
242 15
410 31
272 17
325 28
429 23
293 31
27 26
153 17
305 25
415 8
415 12
376 2
248 8
385 2
332 21
56 10
155 6
168 31
418 1
150 6
179 10
52 22
108 24
54 16
136 16
267 19
184 22
212 19
37 20
476 13
108 19
146 11
200 29
393 13
9 2
167 20
335 22
97 14
422 14
57 29
321 20
311 24
169 2
138 6
469 29
278 29
348 7
43 7
439 15
16 32
476 6
339 26
251 27
104 8
436 4
433 4
187 19
464 32
469 5
265 9
214 22
217 17
316 11
459 30
193 10
257 8
7 15
330 10
381 9
133 16
296 21
276 3
12 15
42 28
191 6
120 20
347 9
316 22
95 27
471 12
100 16
159 19
174 20
216 7
124 12
426 8
117 9
106 8
143 11
311 10
452 6
89 10
470 1
15 1
31 17
56 30
64 30
88 30
406 11
496 13
3 25
152 23
474 29
450 24
255 32
301 22
245 30
207 19
294 29
483 24
58 30
305 13
103 5
62 12
47 13
241 5
330 12
371 7
1 24
122 15
283 31
165 28
164 3
242 25
444 32
132 13
113 4
325 23
180 3
279 23
147 27
479 20
262 22
482 14
21 24
369 4
378 1
183 17
107 12
349 2
351 24
254 7
119 7
381 3
21 31
377 23
29 19
495 31
204 4
404 21
431 8
232 16
8 22
200 11
189 8
16 11
231 26
353 26
404 13
148 8
244 20
90 4
230 8
414 14
60 14
362 6
441 25
150 29
6 21
415 14
101 18
84 27
403 8
32 10
20 15
81 31
54 15
239 8
106 4
69 1
321 22
7 6
374 28
414 27
60 8
128 12
313 31
343 4
498 26
225 25
405 30
336 10
476 26
445 1
77 5
98 14
146 8
215 7
315 20
453 18
159 8
386 19
290 4
390 11
453 3
360 5
420 27
19 11
120 31
179 16
180 12
149 29
83 15
48 21
342 4
123 28
80 4
175 17
439 4
360 3
30 31
452 5
265 22
195 12
136 26
283 23
353 24
492 24
294 23
184 8
390 18
191 5
17 17
190 27
281 17
198 26
119 5
259 7
322 13
118 13
382 12
476 11
183 23
22 9
209 13
168 6
215 18
67 19
223 32
186 23
8 11
164 30
383 14
360 8
431 21
12 32
80 23
398 3
157 11
295 25
328 26
463 22
319 9
124 13
340 21
247 23
43 19
324 13
388 23
480 26
363 8
482 10
182 3
408 11
2 22
55 5
163 1
222 26
101 1
78 16
154 9
286 20
439 25
325 26
143 20
496 25
499 13
299 25
411 14
223 28
408 5
240 18
498 25
255 14
158 17
390 15
361 3
358 19
136 2
476 10
338 31
135 16
3 5
72 26
490 10
325 21
423 21
171 20
229 17
221 6
461 30
48 25
137 22
471 28
439 23
401 12
121 7
168 32
171 3
389 29
33 13
409 27
333 23
430 14
208 14
299 8
112 7
193 12
104 11
223 18
461 11
374 22
362 25
409 28
279 13
44 7
213 9
321 26
383 14
459 6
252 25
462 7
103 14
462 26
168 24
452 25
158 9
414 19
365 2
403 27
174 6
158 6
250 2
283 13
80 5
426 11
350 31
45 28
244 2
362 4
41 1
392 26
489 9
421 9
182 27
199 23
472 4
92 14
38 27
206 21
319 11
299 28
370 15
472 21
200 13
376 8
497 19
141 21
127 13
189 4
87 31
366 7
447 22
280 8
184 13
452 14
319 26
22 32
444 1
5 23
29 12
86 25
351 30
9 25
139 9
489 17
287 22
135 9
163 10
68 26
102 11
52 13
472 17
460 11
269 32
409 29
196 30
173 10
72 1
226 6
81 30
138 15
420 13
304 30
38 7
280 12
94 31
412 21
255 3
332 31
187 32
23 14
438 15
279 25
227 24
422 23
70 19
377 9
183 28
422 21
403 29
64 20
383 23
412 9
345 7
215 27
335 1
264 4
431 30
132 29
398 25
167 11
167 24
159 10
427 24
274 21
485 29
28 15
163 16
60 11
34 30
390 28
11 13
491 13
399 26
302 32
378 28
466 29
67 28
246 6
259 3
26 7
59 2
462 17
197 13
79 6
146 32
450 8
325 32
449 23
414 30
222 11
421 31
187 12
366 12
185 12
154 10
367 12
319 8
284 27
52 23
97 29
34 2
205 2
485 25
284 26
106 13
41 14
395 11
69 4
215 9
236 4
167 2
432 29
133 11
352 28
281 24
84 23
493 28
24 25
496 16
79 9
16 23
331 7
401 15
22 23
4 25
335 10
210 10
6 2
184 29
81 21
304 21
131 12
156 2
329 4
165 23
104 13
229 2
443 13
37 28
96 8
73 30
413 14
47 22
328 26
127 12
46 6
276 24
430 16
34 22
287 10
368 30
230 24
28 8
76 16
488 7
307 24
304 7
45 10
488 20
284 14
484 17
396 31
209 5
42 2
286 32
291 5
70 1
100 29
44 31
364 11
50 2
146 9
240 7
55 3
266 22
193 25
18 4
360 14
116 5
319 1
433 26
405 2
334 32
450 1
382 9
112 3
334 13
136 17
151 30
151 13
379 3
17 24
134 28
474 13
481 20
205 5
105 17
266 6
316 3
167 14
231 18
480 20
238 27
488 17
156 22
9 10
185 1
282 30
105 7
123 29
250 23
201 7
288 6
144 23
384 18
300 18
291 20
177 1
246 8
121 6
5 13
435 21
5 16
211 9
322 29
397 16
159 5
130 26
266 1
401 17
435 20
262 21
331 6
105 21
305 5
478 10
205 8
350 30
480 16
22 13
392 11
76 31
219 17
348 25
330 8
485 4
300 11
340 2
36 13
410 29
373 15
2 2
3 3
491 14
411 4
486 30
134 22
56 29
470 20
41 23
355 29
266 22
123 18
488 23
106 13
203 14
136 24
259 18
54 13
323 12
465 24
322 30
425 5
154 19
132 14
45 19
423 3
344 17
120 31
407 17
432 25
54 7
164 13
408 10
265 22
385 9
241 30
179 26
435 32
412 26
378 20
256 24
470 20
196 9
282 15
165 29
63 23
483 23
235 26
296 27
471 20
228 28
238 10
229 20
237 32
441 22
447 25
117 9
296 21
357 29
119 10
494 9
444 28
111 2
218 30
28 4
290 31
103 3
12 19
402 17
322 2
66 5
390 19
389 5
199 29
318 9
470 27
53 5
490 16
442 11
273 2
247 30
76 13
292 8
32 21
188 17
239 29
473 16
139 1
17 21
458 22
357 3
496 14
192 5
425 13
44 9
306 30
111 14
490 6
321 9
151 12
374 17
316 14
220 23
59 20
495 12
421 8
294 24
465 21
105 17
322 12
437 15
289 31
360 18
5 16
3 31
391 20
395 3
425 14
13 15
54 3
350 10
62 8
94 30
480 30
414 29
49 7
280 17
453 7
318 9
23 28
111 17
47 21
471 16
323 11
306 4
194 24
201 23
151 14
281 26
195 2
283 19
248 2
283 13
52 5
9 30
272 28
339 15
328 1
494 18
496 27
377 25
306 2
443 16
75 3
86 26
269 32
216 12
281 15
420 8
451 13
258 18
400 20
244 23
108 29
229 31
388 29
291 9
386 6
149 13
308 2
434 12
157 17
296 1
499 15
472 17
347 13
375 2
28 2
177 20
207 1
238 22
361 9
138 27
114 22
411 21
223 12
201 23
196 24
167 27
414 31
347 1
71 13
210 11
43 26
86 13
142 15
194 23
55 31
453 4
321 23
293 11
262 25
126 29
340 24
355 21
134 2
69 1
126 23
7 28
16 8
120 10
266 9
364 13
348 16
192 28
382 8
414 7
328 7
451 15
35 26
124 20
211 24
76 8
174 30
208 30
173 11
199 27
344 6
463 27
81 22
62 26
490 27
456 29
366 2
336 32
63 15
419 21
354 7
313 20
428 32
421 9
50 23
243 29
384 9
287 16
62 12
425 27
175 8
220 8
137 3
291 4
217 25
176 22
407 20
301 3
211 25
287 29
191 13
5 10
289 16
389 18
491 1
105 1
396 4
56 17
82 14
436 22
259 11
71 5
451 20
499 17
296 17
421 27
369 6
412 17
421 29
211 15
317 15
132 5
138 23
97 23
237 8
368 11
494 22
11 16
13 22
105 21
498 13
147 3
154 18
227 6
62 21
41 11
251 4
443 20
210 3
310 30
274 21
292 27
319 23
211 19
164 11
343 17
43 21
231 9
251 6
326 20
394 2
42 29
241 12
236 31
374 26
248 23
426 4
266 24
342 28
279 5
494 17
369 28
462 8
436 12
57 18
375 6
331 29
298 24
252 18
374 22
283 17
124 24
12 29
156 13
216 26
61 29
406 6
97 15
29 28
282 25
497 25
238 32
425 32
103 28
421 12
301 27
448 29
262 16
165 1
16 17
202 13
89 4
358 5
178 30
421 12
174 13
468 19
448 24
150 2
419 2
377 4
476 9
348 14
488 24
6 19
392 8
283 21
19 16
369 28
229 25
359 2
410 10
369 17
421 6
111 20
440 31
263 3
15 22
4 30
473 30
357 21
273 15
49 15
131 1
42 11
410 17
317 31
430 1
379 27
202 1
246 13
328 4
260 6
321 31
196 5
328 20
361 32
190 1
242 32
382 24
383 27
388 23
461 1
235 7
371 28
180 8
281 7
475 24
52 3
154 15
292 18
150 32
433 4
117 31
363 2
162 13
140 29
147 20
217 25
290 24
169 1
55 29
31 10
340 19
28 9
181 19
326 3
175 11
22 19
285 8
140 30
185 15
346 23
230 22
212 27
149 4
192 12
180 2
437 19
156 32
363 21
135 21
19 5
299 28
451 7
127 10
232 23
220 29
494 25
490 29
319 31
288 14
46 31
84 30
337 3
297 11
279 15
239 13
91 29
188 9
323 11
334 6
329 9
334 14
353 20
378 20
166 9
33 27
335 16
44 23
59 20
222 9
271 32
134 21
53 29
106 31
191 15
133 8
344 6
193 24
493 31
219 10
439 12
368 14
71 27
296 13
103 5
318 17
33 11
437 1
327 2
163 14
333 3
389 8
465 9
371 1
355 10
115 14
45 14
271 15
97 30
96 23
287 17
275 7
67 11
255 1
105 5
262 29
64 2
464 16
83 2
336 17
127 26
434 31
136 24
138 16
122 9
282 24
349 12
430 19
470 4
11 2
304 1
362 15
274 1
246 12
11 14
497 13
383 26
160 14
486 25
101 7
233 2
366 25
141 27
199 3
182 29
184 5
333 2
204 31
222 17
314 4
234 6
221 5
444 28
486 17
28 15
35 20
172 20
44 29
398 22
423 11
302 2
415 15
355 2
93 5
271 22
160 16
420 24
472 27
111 6
291 6
248 1
101 3
280 4
231 1
237 29
459 11
463 25
25 1
47 5
245 13
374 13
172 21
488 16
7 23
157 25
440 8
325 21
322 12
388 9
484 17
409 22
15 3
19 19
392 9
155 8
233 16
244 16
25 24
251 19
34 19
180 9
162 4
217 4
312 21
240 27
81 16
441 31
223 31
133 22
375 7
453 27
18 17
214 26
132 9
425 21
75 24
341 21
311 26
424 10
14 3
121 18
14 21
40 4
371 32
53 25
162 22
203 27
54 28
73 13
436 1
201 31
304 29
99 18
450 10
440 3
388 32
408 29
120 3
341 6
470 25
86 7
250 16
162 19
407 22
339 15
286 31
205 13
432 31
54 17
28 25
48 19
404 7
19 11
254 15
216 11
456 13
58 21
440 19
360 7
8 6
393 29
293 1
233 32
103 6
308 6
483 3
248 22
162 6
113 19
477 16
341 28
481 14
488 24
172 23
322 7
101 18
471 1
14 11
468 16
341 15
449 15
482 12
412 27
314 4
261 6
204 9
73 16
203 16
159 22
463 5
53 3
46 31
455 8
430 2
27 26
48 12
296 1
23 11
23 8
435 7
477 2
236 13
25 6
165 23
163 3
163 23
189 17
294 7
120 31
416 14
196 23
473 31
344 16
401 18
183 23
149 4
324 8
264 8
25 12
383 7
54 25
458 18
457 19
236 32
325 31
426 8
318 6
214 13
449 14
26 12
301 22
495 28
261 30
176 9
186 2
176 23
306 13
333 3
235 32
394 15
275 15
134 20
273 27
104 9
164 29
204 12
7 2
144 15
456 11
256 9
228 7
83 5
267 7
351 17
187 9
263 5
267 20
404 11
94 23
260 21
487 7
425 5
161 8
316 8
238 11
460 29
57 14
53 3
309 8
175 27
500 17
159 6
184 22
157 17
272 4
237 30
230 5
455 18
432 22
209 29
44 8
337 16
414 26
274 10
497 4
420 16
236 2
113 23
343 5
399 2
36 11
223 18
352 1
359 27
2 28
156 21
439 16
348 24
85 21
425 9
68 4
428 11
125 13
425 27
13 7
432 25
162 27
18 1
387 12
499 17
147 18
137 10
350 9
141 10
105 2
219 21
113 10
179 10
242 32
56 7
130 32
7 23
346 8
7 20
251 18
324 26
363 9
335 4
445 3
202 13
392 32
425 9
121 32
94 31
411 21
469 4
488 3
35 13
498 17
269 28
250 4
497 5
404 23
28 28
158 21
101 29
352 9
405 29
332 22
335 6
499 31
486 30
129 4
23 10
264 11
77 22
86 26
478 26
108 1
393 9
438 29
166 9
222 10
113 13
272 31
499 10
453 28
107 29
207 17
262 18
123 11
335 9
116 32
254 19
21 22
340 22
491 1
98 24
130 3
116 9
361 22
22 30
301 25
98 15
461 32
329 4
50 7
496 13
179 13
239 7
394 26
8 20
286 25
447 4
19 15
316 28
28 30
45 21
318 18
187 30
353 3
213 26
382 12
270 16
308 5
110 26
290 17
437 24
425 24
491 4
298 6
323 9
347 23
5 24
212 32
146 25
410 22
22 11
270 24
202 25
4 15
130 25
279 31
220 8
154 10
147 27
220 9
479 18
391 32
286 6
379 31
370 32
492 16
431 21
387 4
42 2
295 31
386 17
441 10
276 18
167 2
100 2
446 15
8 8
414 29
290 12
75 11
79 14
106 21
31 32
493 16
85 11
94 27
211 11
76 19
184 22
112 8
184 30
362 11
245 3
335 18
418 1
397 24
178 22
209 16
346 5
131 22
191 13
400 9
463 19
239 18
273 15
281 32
260 14
498 16
120 16
390 29
92 30
237 29
139 1
329 8
201 11
266 19
35 13
143 13
344 22
495 8
436 23
423 15
121 16
50 20
103 31
481 14
428 5
314 15
365 22
254 9
101 19
159 23
36 21
336 31
34 2
198 13
308 12
15 28
243 25
372 25
59 32
390 19
420 15
109 8
197 22
52 5
233 10
135 8
362 30
350 8
3 11
216 23
18 15
442 16
351 1
456 29
16 13
99 3
251 15
70 31
421 25
95 13
182 30
272 32
403 25
291 26
167 26
420 24
292 1
147 14
26 14
255 1
150 25
328 20
264 13
199 12
222 21
336 7
78 11
298 13
79 12
90 5
150 21
484 13
73 2
287 22
435 5
343 8
97 26
187 4
418 13
43 11
382 6
394 19
188 23
291 18
335 4
214 8
240 17
480 13
178 14
114 32
10 24
47 15
477 2
318 23
322 1
385 15
294 18
14 22
25 32
451 11
36 29
398 27
213 5
291 31
495 9
354 4
212 5
462 17
338 4
435 19
344 7
66 9
153 3
322 1
86 5
239 5
289 28
100 13
364 6
391 18
498 9
214 14
349 7
250 18
158 4
196 13
206 5
342 2
191 19
386 9
287 12
101 23
463 12
428 7
294 14
36 31
266 13
204 2
276 9
151 29
340 23
138 22
459 31
255 2
493 25
130 8
468 22
58 11
282 1
257 19
7 8
421 4
393 29
238 8
281 24
304 17
234 13
18 9
271 28
46 28
116 19
99 24
256 32
366 9
493 18
315 15
117 12
122 13
64 23
380 12
247 24
316 28
476 1
228 15
309 13
214 16
299 12
63 7
319 8
443 11
253 10
161 18
197 11
434 28
493 18
455 15
349 3
275 12
307 14
126 31
127 3
95 25
2 21
331 25
437 14
483 21
235 28
262 11
130 4
394 6
361 12
417 29
322 31
88 17
44 2
95 6
404 29
299 18
198 29
78 14
254 12
174 32
259 8
122 12
335 15
214 31
67 6
459 8
24 2
368 15
111 7
441 7
3 19
272 20
367 1
185 25
112 3
460 19
350 2
110 20
300 15
82 10
156 12
254 23
85 9
98 16
435 26
62 18
128 13
341 26
33 6
318 24
236 10
218 17
415 8
120 26
354 21
80 10
92 21
40 12
157 5
75 12
378 16
233 9
468 1
55 8
450 20
200 13
353 9
473 7
96 32
481 6
496 4
15 19
448 14
115 20
395 25
399 16
177 27
481 4
408 27
348 1
406 11
246 11
315 10
229 3
14 17
416 29
472 22
448 11
483 14
227 21
454 29
1 14
460 29
126 19
15 29
427 4
223 32
234 25
94 31
299 19
23 2
319 3
143 30
117 26
383 11
206 17
172 18
318 31
390 15
201 4
119 3
380 17
3 21
230 12
75 4
406 2
94 12
444 28
46 16
417 20
255 3
116 2
384 2
408 2
80 16
381 27
438 12
243 20
373 20
387 19
352 28
248 29
72 23
384 17
455 13
248 1
127 8
338 2
1 1
283 24
56 8
482 1
275 29
433 19
48 19
150 7
167 25
195 22
292 27
58 22
231 9
158 21
372 23
218 24
443 25
156 6
368 1
342 18
65 26
493 13
297 10
363 27
390 22
52 17
340 21
130 22
265 27
130 13
133 31
212 7
51 19
424 22
208 18
264 16
391 12
88 23
101 15
353 22
212 32
375 19
216 12
324 17
143 17
321 23
151 32
54 6
251 9
175 6
446 2
285 5
397 17
227 1
27 12
339 2
187 29
492 31
68 27
235 14
119 11
189 25
438 2
26 28
422 25
201 4
490 22
56 7
62 2
235 4
65 29
29 24
137 24
154 1
186 4
118 28
294 18
424 23
399 18
123 29
2 19
188 3
12 7

