256
142 25
157 28
164 26
30 19
69 24
333 7
461 8
348 32
465 17
373 18
467 4
209 12
221 14
373 3
283 3
483 32
211 27
299 22
384 32
416 20
428 4
82 24
327 17
71 8
237 19
157 27
398 18
87 30
139 23
77 21
370 3
49 20
49 15
306 16
27 17
88 6
173 29
193 31
302 19
142 14
57 31
445 26
16 15
275 14
193 23
427 30
261 23
346 21
25 27
445 19
75 8
356 31
404 20
450 17
14 3
447 10
241 7
227 16
125 26
114 25
204 32
83 9
218 8
477 26
282 1
497 12
304 4
307 12
104 8
116 29
198 26
39 11
156 9
250 20
118 23
301 18
254 3
138 11
366 22
417 11
387 17
354 30
468 32
101 11
267 5
188 17
130 14
107 30
342 20
417 24
71 29
133 32
155 2
351 8
87 15
166 13
383 8
367 18
31 19
421 14
183 4
114 21
37 24
450 6
279 2
189 21
139 5
229 29
294 31
17 29
197 22
205 11
405 19
280 4
38 24
85 28
363 14
88 11
269 1
481 15
107 13
100 1
342 24
93 23
258 1
367 2
143 28
236 19
346 7
482 19
271 6
307 25
115 30
384 23
283 20
134 1
384 9
189 17
264 29
64 21
242 26
178 20
57 1
430 3
131 28
137 5
181 3
386 20
189 1
382 31
336 15
415 19
451 31
148 22
87 11
438 24
344 31
63 25
379 17
155 6
108 15
114 12
86 7
435 18
471 9
300 26
35 14
229 14
20 16
403 6
438 13
286 29
307 8
385 10
192 15
251 3
182 24
439 15
67 13
392 5
245 15
47 12
256 11
469 7
2 27
84 19
415 9
423 18
421 4
463 8
50 9
115 15
428 25
497 30
481 28
235 26
282 1
357 5
407 29
15 4
251 23
198 30
23 4
91 15
131 9
259 25
117 1
411 16
481 4
390 29
499 16
38 9
256 26
169 26
274 24
421 13
486 18
42 12
441 24
303 28
388 17
252 16
137 26
399 9
273 12
281 28
467 27
404 10
268 16
87 10
107 31
66 20
328 31
100 5
442 26
340 21
314 19
184 26
308 2
270 9
426 6
204 8
220 7
466 20
30 20
381 29
263 18
228 2
404 15
358 5
80 5
377 17
343 28
46 3
345 11
231 10
365 14
366 16
392 3
275 9
86 31
409 8
452 21
438 31
167 15
403 11
196 27
343 10
190 5
40 19
203 22
8 31
407 13
355 22
407 17
423 5
136 3
192 31
171 21
294 26
128 32
436 23
327 30
212 16
18 12
254 17
225 30
491 4
338 29
133 25
178 23
89 29
238 8
251 16
261 24
245 32
444 12
62 18
162 21
137 11
228 3
103 1
4 10
288 9
142 28
437 19
475 29
335 12
9 10
119 1
333 4
360 24
99 21
397 24
397 10
143 9
424 29
281 11
190 12
119 12
487 20
354 25
136 13
24 20
478 31
468 22
210 19
438 16
99 22
420 16
367 10
324 10
158 32
68 12
375 7
383 17
446 20
26 9
128 13
429 21
395 16
415 12
223 24
264 9
37 3
20 12
448 15
397 17
2 9
156 24
355 18
89 8
478 18
232 5
14 12
62 9
408 4
364 30
31 15
6 7
13 30
26 28
72 7
417 26
239 8
301 29
314 25
244 31
206 19
99 8
339 28
480 26
339 3
79 25
174 28
140 2
461 17
498 5
87 10
458 5
189 14
269 10
351 4
496 16
191 11
127 21
106 6
126 5
153 4
165 26
139 28
215 24
321 24
484 3
329 25
436 18
402 8
223 12
420 3
12 2
165 18
490 18
448 3
66 32
170 19
129 4
238 19
259 26
111 22
169 11
34 4
160 20
11 23
391 22
453 26
243 5
392 12
90 3
50 12
290 19
90 26
231 11
316 17
237 22
231 1
217 20
212 28
403 14
110 6
356 10
47 26
30 10
182 4
128 19
127 13
302 12
38 28
394 18
372 26
131 18
238 7
70 29
223 12
23 20
117 14
98 16
327 11
101 12
98 5
91 28
497 4
143 23
127 29
92 10
370 14
452 16
421 1
260 23
344 22
178 29
363 7
124 10
254 4
49 31
156 19
279 25
234 1
391 20
161 22
210 19
407 25
194 23
385 13
173 4
439 23
188 5
329 11
490 14
239 3
285 22
381 7
398 11
39 28
326 4
473 27
434 20
399 23
410 11
283 23
11 5
137 14
374 9
213 23
47 7
105 3
344 14
449 10
452 15
381 21
38 22
16 7
85 2
301 18
49 32
428 27
156 20
460 13
381 32
244 19
122 28
461 2
185 29
207 32
247 15
265 29
292 4
459 12
45 32
74 17
195 5
3 2
269 19
231 21
134 18
427 24
25 27
73 22
499 3
197 1
69 9
381 21
444 32
440 17
451 29
433 29
218 12
198 26
250 12
486 15
457 20
342 10
2 30
43 4
396 19
96 17
404 1
177 7
168 4
187 30
481 24
466 2
407 23
35 32
147 8
242 31
135 20
436 8
53 6
487 17
421 14
265 20
262 5
22 13
260 17
250 8
180 3
141 10
434 3
445 28
398 22
34 4
473 2
19 26
151 21
326 31
291 10
394 16
86 12
333 21
476 6
289 3
1 5
92 2
308 20
365 17
425 22
441 18
71 31
275 30
168 20
144 22
245 14
213 10
157 1
378 20
331 26
490 15
299 1
116 6
468 12
14 28
81 10
493 24
265 23
77 28
70 16
93 6
313 21
495 21
54 13
304 28
242 29
66 4
225 25
349 16
12 31
288 4
168 24
447 16
399 15
215 24
299 27
486 27
316 12
432 5
56 23
252 30
232 9
189 16
349 10
352 4
252 11
155 15
270 2
203 16
180 9
340 14
428 5
441 19
156 24
463 8
310 22
361 1
234 5
349 30
438 16
145 21
190 7
312 27
456 2
183 24
282 18
317 13
198 13
155 5
480 21
416 18
34 16
182 7
177 2
52 2
81 4
7 10
51 26
433 18
331 15
345 4
488 14
25 21
418 15
389 30
148 5
391 13
432 32
152 8
306 23
74 18
103 32
360 5
249 32
362 19
258 31
394 13
368 6
281 5
301 25
238 24
325 16
332 17
404 23
216 17
390 1
298 8
72 29
348 24
300 1
454 9
267 32
5 10
469 21
475 25
158 16
68 10
44 20
442 15
234 18
359 23
150 32
318 18
165 9
97 24
226 19
225 8
250 21
330 22
218 32
339 23
15 30
60 14
157 26
356 27
363 26
365 28
222 15
289 22
199 22
201 32
436 13
268 25
6 25
106 11
400 28
449 6
202 32
324 10
361 15
100 3
97 21
439 2
147 11
407 25
112 3
121 7
236 32
435 17
336 13
315 15
336 27
352 1
122 7
395 19
58 14
409 30
310 19
27 4
426 21
5 29
243 21
288 6
364 2
218 11
114 16
137 22
146 12
486 4
367 32
102 8
78 10
133 15
209 3
47 26
91 15
22 13
27 25
311 22
383 8
292 8
116 24
297 1
119 19
380 21
366 25
112 31
343 32
34 31
402 32
36 24
334 13
177 16
366 23
453 32
70 4
95 21
375 4
298 29
26 25
182 7
362 13
38 20
389 19
458 14
206 9
486 31
49 10
250 26
204 18
13 29
149 32
162 15
499 7
71 24
339 28
266 16
397 3
255 21
429 20
130 6
56 7
376 17
480 17
18 15
30 3
160 22
490 29
404 4
483 15
363 1
78 24
373 18
487 19
462 15
43 8
253 2
58 24
202 30
105 28
424 10
306 23
164 31
459 3
134 21
393 28
466 27
327 6
296 13
168 18
432 30
53 16
160 6
311 17
351 15
136 15
401 9
413 24
235 24
482 8
164 11
67 1
197 22
318 16
410 30
101 29
399 25
376 26
115 19
123 1
305 22
443 25
199 20
120 5
227 10
357 22
180 15
371 24
168 28
367 6
25 8
122 20
324 14
333 30
388 23
255 32
65 13
249 11
404 8
399 10
173 27
224 4
30 22
79 13
133 2
478 10
117 20
137 8
301 9
230 32
276 4
379 12
32 23
306 16
199 4
417 15
311 24
427 8
437 13
240 30
302 6
431 22
21 3
210 25
387 3
360 10
274 22
205 21
69 10
92 11
66 29
193 12
352 11
419 1
124 6
210 5
79 4
195 3
410 24
123 16
194 18
162 31
72 14
123 20
228 23
110 5
75 22
224 6
273 2
66 24
3 3
24 18
118 22
384 11
325 15
175 6
340 20
336 7
405 23
402 24
173 23
128 31
17 11
376 13
344 10
36 19
420 31
132 18
129 23
268 1
225 22
175 5
481 10
327 10
468 5
369 12
295 29
442 7
199 14
99 19
463 22
241 2
45 8
123 9
238 15
329 3
36 15
231 13
365 17
106 24
489 22
176 16
322 13
446 25
286 9
63 16
382 15
334 18
26 4
302 19
402 3
429 22
337 27
306 9
68 23
385 32
236 4
43 30
380 5
430 10
237 32
117 10
498 10
44 3
110 21
489 31
179 10
300 8
76 21
68 15
219 16
403 23
215 29
216 3
285 9
464 13
340 4
139 21
382 18
211 27
230 11
353 29
468 13
276 24
461 19
390 12
147 20
486 21
89 21
307 17
197 2
394 4
202 20
224 19
269 14
425 10
336 5
258 12
281 9
51 18
376 8
273 30
84 30
234 12
310 9
396 14
14 25
393 15
376 8
297 16
401 13
494 12
350 31
391 2
136 25
223 3
85 15
384 28
456 17
43 29
361 2
474 3
431 26
89 6
333 18
450 21
458 15
321 15
45 23
289 20
356 3
42 16
210 21
459 29
246 17
134 30
142 3
184 12
177 17
378 29
10 7
94 31
121 18
478 1
476 30
345 23
480 10
122 17
15 16
58 4
284 7
69 18
1 1
349 5
377 14
38 18
404 19
56 8
44 29
41 11
150 29
54 26
474 7
22 4
459 23
451 22
473 8
371 6
124 4
354 24
149 11
89 5
21 24
280 32
381 20
139 14
408 12
363 22
70 17
425 8
167 32
326 4
247 4
317 14
119 18
73 24
413 13
172 25
8 7
53 24
475 3
270 10
234 12
467 31
220 24
35 3
119 4
230 29
407 14
438 14
67 14
145 27
22 32
264 29
118 12
417 32
358 26
178 27
373 8
245 1
387 31
183 21
138 8
221 9
457 26
422 19
19 26
354 32
233 1
69 30
284 17
146 25
226 7
83 14
318 11
42 13
458 16
61 11
135 18
195 11
143 8
466 18
33 11
201 25
287 13
319 22
457 20
62 6
286 32
132 7
322 1
11 19
249 20
430 7
57 16
326 15
92 15
212 24
313 17
93 3
237 7
168 26
374 5
79 19
224 18
465 13
383 12
380 3
251 29
365 3
284 26
209 3
184 17
203 32
37 11
94 29
205 25
170 10
193 21
292 32
458 20
165 24
435 12
174 29
204 3
343 19
80 16
66 4
324 16
111 32
414 5
484 10
169 18
399 26
254 14
333 11
149 5
403 32
392 28
268 23
466 27
138 26
14 31
13 9
174 31
48 7
179 3
408 32
388 2
265 25
199 17
204 15
446 6
430 5
33 10
488 31
12 5
396 13
179 20
213 16
382 28
290 21
346 5
112 18
206 12
78 20
324 13
102 17
238 16
310 19
81 17
121 28
421 8
468 23
127 28
302 12
495 27
272 20
491 19
425 4
462 15
303 26
135 24
406 13
435 31
495 31
11 15
310 3
186 1
233 16
160 30
23 18
328 27
346 22
381 10
217 11
124 15
480 19
423 13
483 13
452 29
428 26
295 5
97 32
366 21
495 1
215 9
383 10
163 24
64 16
201 24
90 25
151 29
287 13
157 9
485 20
97 4
274 15
149 10
74 14
402 28
94 16
436 32
362 7
407 25
346 24
56 15
284 22
355 26
482 19
190 27
323 6
378 20
232 6
21 1
243 26
372 1
242 31
16 3
257 23
379 26
30 10
240 29
492 18
234 1
309 23
291 11
264 25
282 15
46 26
151 17
427 10
329 28
180 16
122 13
266 24
94 19
286 14
311 1
131 4
453 3
170 28
273 21
264 10
279 17
207 17
301 22
302 17
153 2
325 15
122 6
126 19
89 7
400 7
391 31
295 8
321 4
439 14
249 22
499 27
362 26
308 7
191 5
495 31
442 23
469 19
113 19
130 21
209 5
99 32
263 5
443 4
209 9
29 1
434 7
187 3
84 6
309 14
103 32
469 16
474 25
311 18
235 8
138 4
172 1
43 15
333 9
370 13
69 2
201 14
276 8
500 8
233 25
337 23
316 1
83 13
298 9
227 4
184 4
475 27
452 9
493 9
205 26
177 1
463 2
478 3
469 30
302 21
138 30
388 13
147 18
93 24
214 23
327 9
35 2
307 30
22 12
474 27
13 27
55 32
380 9
66 4
214 11
400 27
208 3
155 6
460 31
1 13
270 24
125 16
481 24
493 2
83 19
284 7
469 23
422 8
223 7
399 4
57 2
138 25
289 4
322 24
94 27
125 23
2 25
370 10
180 19
187 18
33 7
209 17
161 30
52 27
173 2
170 21
451 27
197 7
302 11
339 31
193 3
110 22
63 27
27 11
45 9
208 17
387 20
429 11
102 24
281 22
133 2
206 28
460 23
174 25
273 32
360 5
178 13
158 29
151 24
187 20
100 2
476 15
14 5
385 7
236 30
240 21
171 5
304 27
199 17
95 27
341 10
435 18
126 24
462 29
479 20
176 15
246 19
269 11
407 21
225 19
22 12
363 17
260 22
175 11
494 29
281 22
75 4
56 28
159 21
180 10
369 7
420 30
358 20
224 16
192 24
110 26
115 8
110 18
489 20
184 3
404 1
372 22
32 31
234 30
296 9
31 28
472 30
129 9
341 32
296 25
3 26
450 25
229 27
342 30
46 6
404 29
342 23
483 9
54 4
266 9
480 13
216 27
302 28
131 27
399 27
27 17
184 4
369 20
238 18
481 11
235 16
83 28
363 25
152 28
132 10
320 8
270 7
62 31
82 5
213 28
471 11
84 18
66 20
417 11
161 22
437 28
337 28
27 11
288 27
318 16
300 9
383 25
375 24
139 16
340 16
491 26
294 22
167 8
25 16
366 14
185 7
285 9
26 31
424 21
341 25
84 28
82 26
60 16
262 11
116 13
254 10
115 19
32 17
258 8
216 12
445 4
278 29
273 19
244 32
319 20
140 11
428 25
220 3
381 21
389 8
434 6
453 8
393 16
328 18
392 24
125 12
147 14
269 7
408 4
466 7
299 30
481 6
30 20
417 30
33 21
257 10
151 22
217 19
45 8
44 28
291 1
476 26
274 16
208 14
459 6
112 9
483 4
335 24
495 23
274 31
407 26
196 5
443 24
451 20
308 27
479 30
15 22
35 8
401 23
321 23
268 8
468 30
227 14
465 2
404 10
100 14
472 8
367 18
59 9
105 30
163 20
316 29
389 18
465 14
296 25
500 3
421 3
16 11
268 21
220 19
70 12
333 1
319 19
307 17
219 23
95 30
346 10
58 19
315 30
376 3
363 3
25 23
342 5
133 21
373 13
484 22
376 8
335 10
366 9
422 20
51 8
317 9
129 11
483 12
452 26
406 30
232 18
300 1
322 21
34 14
489 29
340 24
184 26
409 29
314 26
484 32
198 1
464 18
379 2
121 18
303 10
496 23
308 3
311 17
79 12
27 23
212 2
282 11
391 14
295 28
372 23
271 9
283 3
98 1
32 23
490 31
448 1
73 27
132 11
88 26
79 10
481 30
183 30
241 5
156 15
480 19
17 26
299 27
188 20
459 32
318 13
110 10
285 18
224 16
268 15
478 18
128 26
192 2
423 24
86 2
466 5
456 11
19 14
133 26
354 32
481 11
392 22
140 24
475 24
92 3
26 17
440 30
230 3
315 32
62 5
82 32
169 21
214 7
495 14
449 4
289 25
222 24
371 2
208 21
77 23
439 30
423 11
107 16
213 26
155 7
26 16
6 6
125 15
437 7
268 13
170 9
165 23
292 19
456 15
84 16
1 30
134 11
104 8
74 21
365 9
443 30
316 32
140 28
370 16
262 9
460 11
249 32
26 17
363 25
391 26
365 4
319 22
166 31
441 8
91 30
320 13
399 7
184 30
279 25
465 4
245 8
175 18
252 16
386 26
384 32
59 16
371 9
97 17
3 2
128 25
47 7
477 25
285 16
187 15
64 3
307 9
427 1
154 18
384 27
291 23
18 29
15 29
429 11
277 12
500 4
376 10
202 9
343 22
364 25
253 32
31 23
88 5
391 1
486 6
483 32
40 20
180 2
240 1
369 28
244 24
419 15
266 8
323 4
162 15
340 2
466 22
324 21
31 14
497 16
191 15
496 14
330 11
488 18
487 28
437 22
75 12
201 20
31 27
151 16
61 18
457 22
212 8
282 2
49 30
109 7
108 32
321 14
483 4
359 21
15 11
51 17
354 15
281 9
125 27
428 18
273 9
63 20
368 17
429 5
474 5
7 26
197 31
371 15
338 5
499 32
375 13
293 5
151 21
465 4
207 4
313 27
128 27
18 28
423 2
116 25
187 10
330 11
301 24
413 10
280 27
194 10
164 26
86 2
262 26
145 28
294 25
3 9
36 4
120 30
170 3
58 12
357 7
90 21
438 14
350 25
468 7
75 15
380 16
1 13
62 21
165 7
454 31
127 1
390 19
150 7
481 20
266 1
446 7
49 24
412 19
452 28
441 18
214 25
38 26
165 11
211 13
453 28
199 31
356 13
177 25
147 6
64 5
198 6
471 27
245 31
497 12
466 5
426 3
313 31
97 2
61 11
10 25
174 25
147 1
297 8
237 23
333 5
59 18
366 6
480 6
264 24
9 29
469 14
259 25
248 27
110 20
365 8
376 10
328 3
270 4
346 3
418 22
363 21
263 16
358 19
189 29
422 5
201 6
335 23
171 30
18 24
242 22
251 29
272 30
491 9
53 8
251 27
217 17
299 4
44 8
74 20
128 31
133 28
237 11
342 3
400 3
390 25
93 25
110 24
218 20
108 23
288 11
93 24
27 31
187 27
398 16
302 9
107 6
56 19
252 21
453 24
108 14
144 16
334 5
267 28
57 6
26 20
288 2
51 11
360 6
385 5
349 18
133 3
324 16
1 7
436 9
78 27
147 14
94 28
178 16
235 10
86 8
429 5
377 8

