256
392 12
462 28
58 5
290 15
23 15
325 3
309 31
202 17
205 6
271 3
22 9
182 18
138 9
270 21
247 7
311 30
238 16
410 32
69 23
178 19
437 15
465 9
165 27
138 1
228 8
224 18
276 13
15 13
1 24
409 27
110 4
89 16
47 18
495 7
196 28
58 13
174 14
81 22
392 14
263 8
477 26
221 5
242 27
17 27
222 18
341 15
201 13
30 7
278 12
214 6
196 7
310 17
496 6
263 28
460 29
359 8
362 27
40 27
369 29
345 6
38 10
124 2
318 18
336 20
177 21
421 4
171 10
445 15
471 27
258 2
83 12
218 12
398 21
46 26
17 27
207 30
132 18
143 25
335 7
396 32
379 4
235 22
397 23
420 28
237 13
1 7
496 6
262 29
179 24
362 11
402 20
101 21
101 7
333 8
425 25
299 8
396 9
409 9
416 32
216 16
208 32
471 3
286 8
299 32
243 20
10 16
283 18
380 11
409 17
170 5
145 24
340 4
205 8
36 32
427 15
271 18
319 5
40 20
177 18
419 11
53 28
119 11
390 30
218 6
266 7
482 22
59 22
302 31
421 5
382 4
292 12
185 2
97 9
65 29
118 7
395 31
410 1
5 15
67 30
300 12
313 30
94 3
455 27
133 15
435 30
426 18
17 7
187 25
391 7
237 8
85 28
178 15
200 15
349 26
256 17
98 16
430 7
290 32
437 18
462 31
139 32
449 24
54 3
120 20
90 5
451 22
44 1
224 27
163 1
361 26
73 26
190 30
352 27
89 32
105 10
362 27
141 14
250 14
149 2
489 26
282 28
115 5
272 19
419 10
263 19
55 3
440 12
188 11
75 28
430 19
177 8
421 14
453 31
67 5
244 28
190 5
199 13
201 18
495 7
107 17
102 29
91 5
257 18
332 15
405 25
361 17
256 13
454 21
155 25
161 10
428 23
126 10
7 22
299 1
149 21
109 22
121 3
142 25
328 9
411 32
290 7
164 1
256 14
105 30
490 14
364 25
468 21
394 6
19 28
178 7
152 22
120 32
336 21
1 11
438 31
246 31
386 25
123 25
378 20
254 11
345 29
283 4
458 4
489 28
423 14
346 14
155 29
198 26
429 6
152 14
312 13
444 9
157 11
189 11
146 23
253 30
411 24
5 4
267 9
195 26
362 32
467 24
356 20
5 13
65 20
2 29
256 6
277 4
216 6
150 13
112 3
54 14
142 10
94 20
254 16
449 7
32 20
130 11
283 14
375 32
345 17
428 32
26 32
215 5
373 17
157 32
119 26
358 12
471 31
19 20
442 12
190 29
87 23
212 5
8 30
68 4
314 31
303 3
403 5
135 3
233 23
111 7
204 16
314 18
122 17
101 27
4 30
36 26
312 31
162 23
184 2
22 10
428 28
40 30
45 19
457 21
317 3
332 25
386 13
46 31
181 15
69 24
288 16
477 32
54 15
122 10
220 16
87 15
171 30
329 11
152 13
344 25
203 27
341 32
23 26
298 4
384 22
91 20
174 12
327 19
410 8
316 9
443 14
127 2
380 3
328 27
443 11
351 29
49 3
288 12
429 25
479 4
155 9
187 20
340 9
258 13
313 2
229 7
327 12
368 26
366 20
441 29
70 7
157 3
334 21
394 6
233 28
425 27
292 32
418 24
476 20
232 24
453 25
395 3
20 6
189 17
13 17
397 23
271 6
405 32
202 6
365 6
169 14
25 4
253 14
295 20
469 31
220 21
191 10
52 26
79 20
298 8
72 23
378 26
100 22
298 21
79 30
438 27
155 26
58 23
108 25
191 8
83 22
201 13
227 20
334 13
195 15
100 10
29 17
459 32
258 28
132 32
122 14
434 4
235 24
387 14
48 5
122 6
338 18
402 24
425 23
220 11
421 24
88 10
148 22
429 14
6 29
93 11
334 7
458 16
222 8
262 13
272 19
398 5
56 3
24 8
89 32
154 29
267 5
310 30
490 15
319 11
151 24
177 20
290 3
403 27
330 32
131 22
250 24
62 21
30 22
340 18
33 13
330 11
85 20
212 11
378 19
273 12
146 10
363 7
84 1
149 21
281 7
366 18
158 4
187 23
217 2
360 13
371 21
47 31
180 30
233 9
344 30
288 25
307 18
127 18
415 31
6 19
405 16
76 2
151 10
304 11
140 31
467 26
204 13
168 27
474 1
292 26
258 23
158 4
81 17
305 27
411 26
189 20
33 16
229 27
378 13
401 5
47 27
82 30
231 21
133 17
1 28
374 18
206 27
173 26
167 9
280 26
139 32
393 11
436 1
206 9
357 10
33 24
473 10
153 11
214 13
259 19
264 4
324 26
367 25
107 9
325 7
110 3
58 14
486 21
179 19
9 27
500 9
438 32
358 7
379 16
431 5
490 27
473 5
164 7
161 6
223 30
8 17
152 18
38 13
262 12
383 3
251 27
15 24
206 29
482 4
296 17
425 13
107 17
449 30
87 14
95 5
299 15
493 10
372 19
143 5
98 21
255 4
407 18
240 9
494 25
400 25
485 20
425 19
220 21
416 26
334 19
467 12
465 19
138 32
489 12
172 3
156 11
286 15
400 1
379 9
450 2
33 2
454 5
229 25
181 4
331 27
6 17
202 22
107 27
9 8
470 25
386 6
459 15
40 30
400 10
102 9
399 6
134 32
442 30
377 2
210 11
192 23
207 2
389 29
232 1
112 2
429 13
179 27
372 26
96 11
339 29
323 13
182 28
89 11
22 5
449 27
23 8
149 9
33 29
245 5
286 9
170 22
57 12
305 16
269 8
402 7
301 12
343 6
32 31
457 1
247 29
135 17
396 11
201 13
172 30
249 5
154 22
226 26
469 10
490 5
134 3
343 22
467 29
415 22
320 11
254 30
479 16
39 11
374 7
7 1
36 7
205 9
24 31
251 28
312 12
80 25
334 10
378 28
310 9
1 1
367 6
47 26
197 13
424 15
175 26
319 23
36 20
103 27
158 1
254 25
296 21
118 26
106 31
133 3
491 6
44 26
91 2
407 32
378 22
62 32
111 28
114 14
107 21
408 32
273 29
85 1
345 10
50 14
48 14
216 15
167 19
100 30
404 26
397 1
187 10
185 29
189 22
146 20
366 17
411 31
417 11
59 29
400 24
414 28
289 25
190 24
92 17
65 31
146 17
276 24
270 32
332 30
109 29
105 31
233 4
317 25
214 27
261 2
334 30
413 22
6 6
429 1
242 1
444 31
305 31
422 10
382 9
236 18
81 24
168 17
411 12
313 9
62 29
90 23
450 6
221 15
307 25
256 32
494 15
490 10
121 19
428 10
15 27
343 31
58 11
111 13
50 23
445 28
199 30
358 12
239 30
306 13
79 9
296 16
463 9
425 3
47 12
436 21
366 7
211 24
493 1
244 6
447 24
153 9
425 19
348 23
292 13
411 6
418 14
145 12
194 14
463 16
421 26
4 31
28 22
266 16
238 25
414 12
400 22
384 4
280 7
190 24
235 28
293 8
157 18
32 30
359 2
441 23
243 16
121 27
213 10
142 26
246 31
189 17
325 24
172 28
302 13
27 16
460 16
188 16
461 11
169 31
64 25
449 6
108 10
280 12
307 10
473 21
180 9
49 28
232 25
108 29
433 10
421 13
157 4
212 25
178 9
435 25
45 12
250 9
157 30
324 7
303 25
367 14
309 32
338 1
340 1
277 28
282 9
16 3
304 4
407 25
164 18
73 12
429 15
212 17
204 8
251 18
36 18
339 32
237 8
88 8
472 29
199 18
413 11
44 17
294 14
401 25
495 26
16 27
500 24
211 19
115 2
60 30
431 2
345 3
278 29
94 17
1 12
206 29
6 21
481 3
403 22
459 1
207 31
172 22
54 6
260 20
343 11
21 25
272 13
291 21
1 4
2 1
176 7
266 5
160 10
36 30
479 2
458 13
172 25
94 21
363 9
96 5
375 24
330 31
333 24
195 13
356 24
38 11
255 11
267 26
400 22
327 19
500 20
267 23
117 1
100 11
65 19
35 28
15 12
86 15
188 12
383 31
180 8
277 2
222 23
199 6
197 17
204 4
12 22
70 16
330 5
106 31
68 9
334 2
356 19
280 23
402 10
437 1
434 29
218 3
108 28
480 32
144 31
55 16
5 28
283 10
497 25
80 24
233 1
349 20
35 8
483 17
493 31
221 2
336 19
285 15
58 12
450 26
151 16
357 31
331 7
488 11
231 16
94 31
332 26
403 3
273 29
7 18
359 3
247 22
165 23
340 3
499 17
276 13
144 4
303 11
474 18
153 9
61 23
19 17
392 25
315 17
361 5
486 16
47 20
265 28
115 9
138 13
245 25
261 25
396 3
215 5
408 23
277 21
317 20
417 29
272 23
77 1
51 14
204 1
293 20
12 11
72 25
371 21
61 15
57 12
397 15
29 5
341 29
329 18
156 29
70 28
327 26
412 13
59 11
177 7
82 9
110 26
337 8
322 18
463 26
57 7
352 13
219 12
94 3
405 25
143 10
28 17
323 15
49 9
405 10
84 23
266 1
344 18
172 29
351 30
98 32
197 29
344 15
344 21
314 5
186 16
426 1
129 17
356 29
129 8
106 8
98 23
256 13
325 16
161 11
265 30
434 17
58 22
80 2
214 17
354 23
200 19
168 32
379 7
209 28
282 2
423 12
37 11
376 1
310 1
387 6
294 21
239 24
450 22
105 19
62 30
118 5
440 1
293 19
307 1
30 20
18 16
23 26
482 23
118 19
435 5
217 20
177 15
431 2
272 3
492 9
196 29
297 16
393 17
306 3
293 15
343 19
138 21
68 24
115 6
262 1
42 2
481 2
284 31
47 19
2 22
91 1
499 8
184 15
328 17
294 9
27 8
283 29
352 6
340 7
35 29
219 20
283 27
497 14
166 23
325 27
285 27
215 31
302 11
377 26
443 30
102 26
9 28
190 1
233 9
31 12
481 13
47 3
152 20
181 1
290 17
335 22
271 21
356 13
151 1
54 26
254 7
415 3
38 8
327 2
132 9
241 20
457 12
227 28
35 7
128 8
115 22
250 1
363 17
309 9
41 18
106 15
368 20
261 25
475 19
379 10
295 7
422 15
110 20
63 16
110 6
172 16
4 21
460 6
229 29
378 22
482 16
416 6
207 20
106 30
114 24
491 32
307 4
362 16
263 24
264 16
466 23
447 25
59 15
334 15
175 11
408 24
398 7
357 29
202 27
490 31
150 32
426 16
96 12
76 26
63 31
82 32
477 8
496 31
286 21
173 32
244 17
320 25
107 20
449 17
342 14
327 32
122 13
299 17
392 14
426 26
416 19
334 32
239 17
278 16
10 11
188 5
87 7
97 17
34 18
353 8
187 16
219 12
136 21
376 19
95 6
332 14
160 5
402 18
346 11
126 27
185 17
311 15
171 27
316 16
156 32
283 11
403 29
2 10
222 18
416 20
179 8
325 14
116 14
440 1
461 1
19 13
229 25
120 7
292 27
306 31
306 13
141 9
293 31
98 26
372 14
181 6
465 14
91 32
435 18
245 19
298 27
244 2
148 27
276 7
1 30
237 14
374 14
366 18
372 8
180 27
181 24
144 9
69 18
428 32
468 8
102 21
491 17
143 22
411 30
428 31
203 32
69 4
41 2
94 24
101 1
6 29
484 17
129 29
87 13
260 6
432 13
22 22
410 16
263 8
138 6
83 8
354 19
120 18
288 1
362 29
485 27
373 24
220 30
224 14
262 15
415 29
196 12
319 25
304 29
276 9
123 6
484 8
360 27
73 12
315 2
240 27
153 32
471 8
465 6
381 6
381 7
123 16
82 21
32 13
225 7
29 19
17 5
174 4
467 19
79 26
384 22
432 16
282 6
111 18
152 11
28 32
137 26
459 3
294 22
159 30
500 4
365 8
52 10
448 6
488 26
299 16
196 19
259 5
336 22
278 3
212 13
222 17
306 16
123 19
373 1
117 1
320 1
92 11
222 19
241 6
417 15
81 28
473 19
292 25
412 21
499 8
226 29
176 7
252 10
130 17
430 10
349 14
430 24
120 19
183 8
212 23
103 12
62 23
335 17
87 6
125 10
221 6
10 4
233 17
45 6
237 23
311 17
224 24
229 27
242 19
407 2
361 25
97 26
287 11
478 30
177 14
163 29
156 12
145 32
284 13
249 29
15 19
309 6
2 21
285 19
151 3
48 15
255 1
136 9
427 17
266 27
419 12
204 18
451 24
461 19
388 21
107 7
471 27
344 16
156 12
66 22
374 22
169 8
110 12
169 32
269 22
343 27
66 18
260 24
245 28
250 12
132 24
238 22
123 30
425 2
413 6
287 23
455 27
414 16
111 14
452 3
72 10
417 5
43 8
152 3
99 6
270 18
109 32
183 15
293 11
212 5
300 7
491 11
305 25
170 7
42 9
293 9
470 5
101 12
236 9
298 14
6 28
415 10
131 5
49 23
259 8
127 31
462 22
17 15
226 2
33 19
11 30
232 28
238 8
344 14
436 21
11 29
264 26
407 10
78 31
316 13
418 27
99 20
412 19
498 29
152 22
107 30
207 10
346 21
374 1
122 1
181 28
102 5
409 4
190 19
166 14
27 7
300 9
314 23
239 27
51 14
193 1
256 3
199 5
47 28
141 24
232 25
152 25
469 8
44 11
250 29
16 24
496 31
400 29
229 26
324 7
232 8
139 19
118 17
439 1
260 27
184 8
251 11
28 16
247 28
230 12
484 17
272 27
263 3
344 3
13 15
473 4
34 15
434 31
300 12
167 11
302 23
402 24
185 18
123 19
353 32
427 4
300 2
371 30
424 22
256 32
380 8
383 25
191 24
415 22
39 22
400 8
432 18
244 12
83 6
399 15
422 29
326 21
226 16
135 1
409 18
437 8
470 3
404 16
487 23
1 29
104 4
217 23
405 4
354 23
29 32
125 14
280 23
23 25
498 21
6 11
398 26
250 31
464 18
230 22
176 18
179 19
334 23
17 10
58 10
77 2
326 5
388 5
355 18
462 1
418 23
111 11
260 28
386 11
365 23
25 20
49 19
374 30
301 14
471 2
464 7
295 1
100 18
97 6
443 2
158 8
376 16
27 7
480 28
210 24
378 18
440 26
140 17
159 12
55 30
149 22
28 15
10 15
329 26
285 3
164 26
131 19
62 29
378 21
272 11
440 9
24 23
427 31
192 25
306 6
418 22
467 26
100 16
276 4
81 28
51 4
2 17
487 31
41 16
455 4
302 30
460 21
125 14
191 28
27 28
265 28
301 27
241 20
58 29
180 18
76 30
234 13
114 12
491 26
435 29
465 20
43 8
264 15
14 26
38 28
301 10
187 5
384 12
204 13
296 15
282 31
316 19
152 25
86 22
82 24
143 14
459 13
322 18
55 11
175 4
78 31
245 28
279 16
43 27
124 14
217 25
413 21
272 24
313 9
409 31
81 31
292 11
87 1
113 5
299 7
436 16
466 20
492 8
363 18
78 30
224 11
391 12
31 2
51 11
370 15
89 10
362 21
193 24
345 17
293 32
443 4
371 28
464 26
4 26
100 5
312 11
227 14
162 13
67 24
452 24
22 32
90 19
272 22
35 9
438 7
260 28
258 22
140 1
48 27
399 27
75 18
173 14
115 26
262 13
397 17
320 22
105 5
5 4
42 19
492 31
217 19
211 2
85 18
399 24
196 29
130 10
358 22
275 12
487 17
4 31
453 27
4 17
84 28
285 25
46 32
308 6
379 18
440 27
219 10
298 14
486 3
387 19
432 14
18 6
402 21
4 30
47 23
263 14
15 3
459 32
174 30
26 20
283 13
218 17
6 31
118 27
497 20
37 24
369 10
49 30
426 32
328 12
411 10
454 9
488 32
336 13
177 13
65 11
381 14
163 14
353 24
228 13
487 20
481 12
169 1
477 26
433 4
66 23
245 31
119 24
282 6
97 26
371 5
268 11
146 30
489 30
265 32
199 31
184 15
458 16
59 19
446 15
442 15
37 3
85 3
122 10
165 30
175 27
230 6
137 20
75 29
77 23
45 27
441 16
157 31
431 24
37 8
410 6
442 11
368 2
157 2
391 21
411 13
59 1
210 20
220 20
24 4
326 12
275 31
147 7
369 26
350 13
157 4
86 23
410 26
124 26
499 3
239 25
431 29
253 1
344 12
128 32
472 30
287 14
72 6
380 24
363 18
196 31
489 21
469 2
290 13
167 8
459 9
401 29
406 25
233 21
477 17
468 20
314 31
397 9
392 20
176 2
5 3
124 25
207 21
446 5
37 21
488 15
369 12
87 2
393 8
227 9
384 10
20 5
300 28
433 11
43 12
148 20
34 12
244 4
216 6
88 32
154 20
450 22
315 24
500 3
59 14
427 22
271 6
490 31
213 6
465 16
85 21
155 30
236 14
210 31
291 9
406 12
224 11
22 27
446 25
97 1
98 8
150 28
321 16
494 14
117 3
141 6
423 31
171 22
248 4
312 31
29 17
186 8
127 11
494 28
79 31
428 8
318 18
100 18
421 29
375 21
403 27
90 21
365 29
186 5
492 29
355 12
65 12
476 7
99 21
115 25
411 30
409 24
471 4
70 15
452 8
280 31
163 29
31 27
481 29
491 25
213 1
344 6
237 23
24 3
288 14
215 30
32 27
130 26
482 31
97 30
494 12
288 8
96 14
35 1
386 1
401 3
74 28
432 14
63 19
496 30
93 10
251 12
185 16
181 2
282 13
99 20
356 26
283 32
408 29
380 17
398 24
95 31
23 26
280 5
481 27
138 13
336 29
400 8
472 28
38 26
61 8
381 32
226 7
367 9
36 30
277 1
377 12
403 8
397 10
336 17
160 14
153 7
66 20
219 21
336 24
290 24
95 26
311 32
37 22
304 4
127 1
4 8
304 2
255 16
143 26
281 14
415 29
500 16
189 2
369 32
177 18
271 24
32 13
443 12
314 31
491 21
179 18
148 10
455 10
385 29
343 25
250 10
450 29
441 6
171 29
13 23
171 27
470 26
419 5
473 9
11 19
229 1
160 24
374 22
129 2
62 3
423 27
432 16
263 5
361 21
385 25
484 15
211 25
460 25
69 12
417 31
98 29
471 1
20 8
370 20
454 7
471 4
445 2
451 24
478 7
344 7
239 23
121 17
132 29
281 12
216 10
131 6
194 9
70 26
149 28

