256
147 29
180 9
3 28
53 21
99 16
261 30
102 7
222 6
47 1
474 13
141 3
481 13
96 7
457 6
414 23
22 12
367 2
444 2
153 20
422 19
224 10
440 25
28 1
86 6
125 19
430 29
85 3
121 17
169 2
278 18
284 31
346 10
352 17
223 28
489 32
106 8
382 29
388 25
57 29
187 29
235 16
149 4
378 2
204 26
347 9
184 26
131 9
335 7
169 14
190 29
405 16
72 22
192 3
47 9
135 13
281 14
200 30
245 14
199 4
179 1
280 18
230 18
390 28
96 19
473 26
419 22
433 19
163 20
153 25
224 20
145 1
361 1
286 17
126 28
404 20
84 31
18 21
296 31
376 8
169 25
29 32
226 9
282 24
288 6
301 24
73 21
368 25
493 21
241 2
192 28
274 11
30 27
87 10
49 14
421 10
162 17
9 19
113 26
479 20
223 27
263 24
427 2
432 4
486 25
389 5
168 26
303 14
156 13
227 13
203 7
126 32
299 30
455 15
275 29
162 21
415 13
496 5
406 28
464 4
100 13
272 7
218 23
168 26
315 10
282 29
244 27
85 6
244 15
156 14
323 22
70 1
94 14
281 15
493 13
242 28
301 26
62 30
440 22
95 18
179 28
123 15
486 11
168 13
97 8
302 3
493 28
359 30
437 7
84 17
87 30
76 11
43 13
257 6
70 31
439 1
79 5
375 16
119 2
497 7
217 22
337 5
21 11
146 25
390 14
89 4
259 20
67 1
5 23
486 2
377 28
26 15
337 16
223 15
442 27
374 26
368 30
219 1
461 32
49 26
297 2
177 23
153 11
59 21
417 28
435 22
320 24
452 24
360 2
314 25
244 27
162 12
453 16
204 1
448 4
262 28
241 22
151 26
33 9
254 1
105 4
446 28
148 26
283 3
423 24
11 23
487 12
482 11
404 13
203 11
288 4
446 21
105 24
126 25
157 27
438 5
419 15
36 26
484 18
424 3
117 22
73 27
457 26
245 28
90 15
414 21
114 12
109 11
307 22
207 3
465 28
223 15
231 6
300 18
131 3
120 32
360 12
202 24
449 31
232 10
97 25
119 31
356 7
429 7
165 11
477 13
483 16
363 17
161 2
278 12
440 22
391 27
293 4
318 6
390 5
335 15
46 13
49 1
384 21
267 16
315 16
380 5
295 22
9 19
107 23
98 26
36 8
196 12
432 5
125 13
266 32
11 7
116 7
415 31
239 14
250 26
425 9
350 27
222 19
25 20
497 11
225 20
314 32
415 29
137 16
122 14
203 4
64 26
395 26
373 5
159 6
186 3
455 28
153 12
246 10
208 22
356 12
477 5
56 7
118 16
134 11
297 4
74 16
358 24
189 22
101 16
55 26
134 9
173 15
37 2
168 20
11 11
379 31
395 10
230 16
181 27
306 21
51 8
336 28
199 13
489 27
224 11
289 13
404 9
347 8
231 18
387 1
240 25
80 11
403 5
350 27
171 20
60 29
387 19
332 25
123 8
88 26
67 8
407 6
188 1
261 26
471 7
159 14
115 26
48 1
398 18
452 28
405 11
493 31
109 16
227 28
348 10
281 10
41 27
235 1
292 27
498 14
345 20
323 31
97 19
180 10
120 27
266 8
345 30
18 1
285 28
388 4
262 17
397 22
59 27
382 6
329 16
315 21
239 14
188 16
212 19
181 3
349 30
58 17
55 15
201 8
170 13
323 15
461 24
85 7
54 26
73 7
49 31
259 12
228 14
475 11
164 19
121 12
101 22
260 11
104 13
346 14
401 29
56 21
92 32
83 5
310 7
379 2
394 6
497 17
287 7
412 19
126 8
18 10
62 26
84 1
90 6
290 30
154 10
54 21
41 12
241 2
143 4
412 24
461 16
360 27
231 3
253 16
7 11
137 8
400 12
84 9
205 22
182 18
275 23
102 7
222 31
369 20
314 12
455 10
39 19
224 17
289 17
180 31
99 24
214 30
240 14
190 20
375 11
154 1
457 11
315 2
301 15
246 10
314 32
239 21
218 23
177 7
291 5
153 1
24 11
238 31
16 3
411 26
149 24
390 13
170 32
134 11
239 3
436 8
283 7
108 20
489 1
358 3
493 31
19 32
229 32
483 32
386 17
133 14
456 18
490 9
429 7
447 31
206 7
71 12
409 2
191 9
166 25
379 6
411 13
378 31
208 4
382 13
104 22
126 27
239 19
387 23
441 22
186 2
420 28
337 8
137 12
428 31
428 26
312 26
258 9
476 17
400 21
57 31
74 22
413 16
500 28
330 32
337 27
438 12
474 14
435 19
153 2
265 28
371 20
417 32
265 12
444 8
100 12
19 9
33 31
336 8
434 30
323 10
384 8
377 14
238 7
320 14
376 16
322 2
159 30
77 31
334 16
439 9
19 13
310 27
239 9
434 5
14 9
294 30
368 3
255 5
185 10
347 17
9 28
362 27
109 19
442 2
310 32
431 29
40 28
83 22
236 25
154 10
477 8
147 16
322 17
153 18
178 7
270 18
370 20
204 26
70 5
124 7
228 6
411 15
145 26
101 4
362 30
481 18
53 19
385 14
83 21
380 28
35 1
297 28
132 25
234 25
497 17
284 1
114 2
195 22
187 19
489 12
401 6
89 21
152 30
327 27
10 2
494 13
58 3
152 22
143 29
242 23
445 13
215 2
71 6
19 9
408 16
9 8
181 17
113 12
422 31
66 32
348 28
32 1
54 19
298 24
272 4
186 28
268 5
478 30
14 20
447 1
355 27
81 23
403 5
219 25
335 8
460 2
47 3
290 32
25 24
499 4
331 5
216 10
437 29
140 18
40 14
74 19
392 26
281 18
50 11
322 32
135 1
269 21
123 3
485 24
350 11
147 20
19 26
481 23
406 4
108 6
409 26
44 24
39 32
298 17
27 19
176 29
104 17
397 22
355 5
77 12
216 8
87 30
289 27
393 23
39 28
344 15
385 19
99 8
414 16
216 28
218 7
156 21
39 9
399 9
285 23
448 28
254 18
86 31
453 14
89 11
181 16
141 30
22 31
341 19
190 28
79 16
2 6
80 25
138 14
137 27
9 21
422 2
322 15
304 18
188 20
468 5
27 21
286 4
403 6
335 1
237 5
352 2
350 19
482 24
113 27
410 5
55 7
382 20
42 6
2 17
281 1
301 28
133 22
355 8
267 21
480 27
157 23
445 3
465 22
346 9
396 11
197 30
289 19
30 6
468 23
263 16
55 11
55 12
205 10
427 27
302 26
178 23
440 18
317 24
251 18
481 23
268 13
152 12
459 5
238 22
415 8
174 18
118 16
9 18
341 15
497 23
192 2
305 23
351 5
386 25
134 14
451 17
247 3
160 25
135 13
483 2
452 20
371 6
87 15
95 28
165 3
274 4
468 30
190 22
50 7
271 23
145 29
287 15
175 2
299 6
47 21
63 2
140 25
271 11
163 30
6 3
308 23
386 4
208 31
445 21
353 7
291 25
288 17
239 2
374 14
475 32
170 13
122 10
321 8
388 11
257 25
13 5
23 18
44 2
176 32
486 21
55 32
25 10
204 20
359 1
5 18
53 2
74 2
335 3
65 30
81 14
114 26
90 4
195 25
69 27
324 26
399 30
33 27
423 8
390 18
17 14
467 9
420 32
94 26
286 18
476 15
183 13
164 16
429 18
108 21
228 32
403 26
161 7
253 4
23 2
217 23
388 23
311 31
74 8
60 24
61 15
430 24
328 13
219 12
302 15
104 10
462 14
359 10
293 23
409 3
105 1
57 8
11 23
150 13
270 29
500 22
448 9
129 7
225 20
382 18
378 17
259 15
491 30
164 19
432 5
301 12
49 13
231 28
75 24
348 32
145 11
229 32
479 2
218 7
57 23
80 22
83 19
124 5
160 27
411 3
211 11
331 4
271 1
23 25
145 6
392 13
420 13
232 2
330 17
452 2
399 31
171 13
73 26
110 32
432 8
379 19
83 17
254 9
473 20
402 9
349 25
109 8
117 32
17 18
492 16
183 22
202 9
427 31
350 20
62 22
407 32
276 13
500 29
46 1
156 23
441 8
91 30
123 20
241 23
5 13
458 24
326 19
244 4
137 2
139 15
227 18
138 30
238 30
234 19
462 9
433 6
244 24
303 30
83 32
356 15
128 25
126 13
175 6
57 28
315 7
362 29
92 23
246 22
340 19
316 17
367 17
55 10
124 25
179 18
252 26
292 3
402 6
36 28
139 32
91 17
138 32
345 30
155 6
263 10
420 26
147 18
178 17
99 17
409 1
6 1
14 2
95 11
67 18
194 17
425 29
361 23
292 13
496 18
146 6
144 9
187 22
202 9
194 20
165 14
280 27
466 13
172 17
263 2
394 28
146 19
444 18
233 20
62 28
33 15
337 32
475 31
317 16
239 26
31 32
464 22
278 21
306 21
193 24
390 7
375 7
405 11
392 1
258 21
68 2
215 28
318 25
278 22
68 1
348 10
272 23
259 25
443 32
349 16
483 2
74 9
124 14
231 31
318 16
171 9
130 21
140 19
425 29
136 20
285 23
441 28
497 27
308 24
114 32
279 16
97 28
156 8
181 11
438 22
226 24
86 11
196 1
5 24
345 5
315 26
327 7
389 8
453 9
467 26
204 5
365 9
448 1
224 8
111 22
329 4
121 26
43 25
490 11
140 22
391 27
315 10
61 4
393 2
400 15
283 19
455 4
107 18
20 11
29 14
344 21
317 12
122 31
484 7
110 20
444 24
282 11
421 14
314 17
355 25
375 10
371 17
137 6
230 16
12 26
137 15
318 13
22 27
164 30
401 21
333 29
328 30
307 13
455 20
265 26
184 28
151 22
320 15
235 14
146 10
11 26
100 21
86 18
119 17
331 16
77 31
68 17
128 18
357 6
345 25
447 16
464 1
285 32
87 32
185 12
117 19
217 1
375 11
190 22
255 32
217 32
386 16
88 25
361 12
298 5
268 29
436 24
45 24
367 12
443 3
67 32
97 28
128 28
290 17
169 32
40 21
79 13
372 14
141 4
313 2
288 29
386 27
164 27
498 10
414 9
432 28
352 32
467 7
203 28
499 11
4 6
107 26
166 2
452 22
61 32
95 12
48 21
274 15
263 24
444 20
64 3
359 7
107 6
245 29
285 3
384 28
132 6
74 25
320 29
454 12
492 4
432 24
380 29
102 6
328 30
169 19
272 8
9 2
57 5
391 13
199 6
333 14
115 30
478 18
134 19
18 21
331 21
164 14
5 18
204 5
163 12
279 14
103 16
16 31
244 14
204 27
31 20
124 29
145 14
431 10
236 12
402 22
248 10
480 16
183 23
288 9
406 11
130 21
206 5
19 13
254 30
391 4
461 15
281 1
320 15
234 27
362 8
325 25
53 20
212 11
486 28
283 11
418 8
103 31
261 18
71 30
195 18
150 32
328 2
112 27
492 10
53 9
333 5
313 1
32 8
323 1
375 29
112 8
220 10
414 16
187 17
494 10
298 15
241 1
424 8
475 31
401 15
119 1
256 7
321 11
306 11
156 17
451 23
324 11
332 30
150 27
74 7
252 15
489 12
199 4
195 9
30 4
51 8
180 10
282 5
297 28
347 32
472 22
422 3
468 21
384 25
123 13
464 18
31 20
217 9
68 16
105 25
211 8
449 22
165 14
94 5
21 9
468 20
90 25
139 29
494 22
25 28
183 20
194 29
496 10
498 31
25 22
363 11
109 23
329 14
245 26
290 13
214 22
109 31
146 23
211 27
472 16
459 14
427 4
423 10
413 16
336 6
373 31
376 2
213 16
459 25
478 32
74 11
357 6
346 3
484 4
345 7
495 19
313 22
306 31
47 3
358 7
360 18
285 23
63 25
291 1
306 16
473 23
162 21
264 3
35 23
267 20
53 25
386 17
34 28
303 13
114 28
315 5
242 23
59 32
447 1
381 32
172 1
482 10
385 17
192 12
195 18
3 4
71 4
316 24
431 3
36 28
482 22
368 11
300 27
379 27
331 11
350 11
463 16
188 31
280 31
118 7
41 8
278 27
360 29
66 10
415 22
186 29
303 5
471 23
35 17
201 26
459 10
72 5
233 23
120 25
341 13
191 5
209 8
195 32
412 17
61 3
66 14
427 16
3 5
174 17
246 22
106 16
276 13
477 24
139 24
372 24
36 14
64 24
381 27
15 25
223 32
175 16
173 25
211 31
497 5
416 18
462 25
298 25
50 22
97 8
73 32
19 16
234 27
204 2
45 30
110 31
145 20
110 10
236 12
196 9
56 23
474 10
484 27
106 21
248 18
424 28
22 27
280 31
229 19
72 9
404 26
243 13
169 20
70 25
23 29
137 15
228 26
448 3
85 25
447 4
107 18
4 28
16 11
86 32
469 25
368 12
190 14
272 31
313 13
263 32
458 23
118 29
360 5
99 4
321 21
480 7
118 7
258 18
117 27
377 13
500 25
308 5
58 16
399 7
272 25
410 5
411 19
265 31
295 31
66 19
259 9
246 25
379 27
362 31
198 26
283 9
334 3
89 24
22 16
466 13
352 3
22 23
105 18
385 11
1 22
217 3
199 22
339 13
169 4
276 6
290 22
266 15
352 26
218 9
45 3
166 17
261 7
11 25
176 27
115 8
48 32
491 14
497 5
175 5
233 6
382 6
63 23
348 19
205 26
139 25
452 16
201 1
194 15
429 14
457 28
101 25
431 31
102 15
124 32
92 12
281 29
229 32
324 4
110 4
493 12
332 25
404 5
9 17
95 17
22 28
36 19
408 6
65 25
245 20
489 8
43 29
160 15
112 23
347 13
214 15
321 22
487 20
430 31
24 12
488 2
75 27
168 26
341 4
195 21
272 11
272 22
303 31
437 3
118 23
487 15
325 7
80 12
234 29
10 30
33 25
155 15
372 18
145 20
257 27
148 12
373 3
194 11
53 6
441 22
116 28
353 32
438 8
455 28
293 21
133 13
461 23
487 32
460 3
395 28
321 26
448 1
164 9
220 29
122 24
238 9
291 22
232 21
226 19
104 2
151 8
398 19
374 8
147 5
367 5
252 7
139 7
84 26
191 19
370 28
166 8
252 29
401 12
241 26
22 32
347 4
283 8
338 4
480 8
340 26
229 7
236 11
142 7
372 28
473 26
348 3
53 27
151 29
286 15
283 3
438 17
330 20
77 28
227 8
3 30
105 15
360 32
301 17
11 29
37 31
266 4
325 22
186 31
122 4
69 8
278 26
237 12
77 17
127 3
220 9
220 24
64 4
15 16
432 29
240 32
360 1
203 28
174 1
363 8
360 7
403 9
141 7
448 13
303 26
372 14
407 15
49 26
374 28
37 6
440 21
125 19
133 8
187 11
68 9
454 11
183 32
119 15
347 7
244 29
492 11
375 2
409 15
71 11
338 4
440 2
236 20
428 12
243 2
26 2
14 7
292 25
39 31
371 13
329 2
385 4
80 19
422 5
34 32
123 11
303 30
148 26
477 32
110 12
41 27
233 11
170 25
103 8
287 9
444 27
439 28
286 22
439 3
210 16
403 8
194 5
245 6
299 22
121 4
293 5
246 13
67 31
253 17
474 27
494 25
5 4
97 19
153 3
53 19
358 23
46 11
364 31
96 26
12 20
421 20
229 26
180 7
285 5
168 30
323 17
379 20
296 11
322 12
361 26
162 30
181 24
472 12
350 24
57 9
135 1
16 3
198 27
362 18
479 1
444 30
41 6
481 4
296 22
487 28
27 13
429 31
208 32
102 25
171 14
269 2
190 28
372 8
330 13
221 21
113 8
462 29
485 2
192 28
447 15
491 5
179 15
32 30
23 13
146 5
495 22
202 8
49 10
423 6
10 8
38 3
159 11
479 28
496 31
127 2
201 14
267 7
388 10
468 10
134 25
307 16
378 20
16 30
285 6
155 19
433 29
473 28
247 19
439 19
325 13
36 29
386 26
107 22
303 6
35 25
38 13
416 11
53 31
44 29
221 11
187 17
95 3
300 13
462 2
435 6
7 19
163 8
124 5
17 15
195 28
67 8
448 14
351 8
117 26
189 17
444 19
193 10
386 13
83 11
434 21
484 28
487 18
184 19
119 32
93 1
307 7
396 3
344 26
254 32
344 14
500 23
21 17
29 22
389 23
456 10
127 15
262 18
289 9
280 23
348 4
71 3
382 30
261 29
64 14
389 11
12 12
45 28
432 1
141 24
35 16
494 2
386 7
479 30
403 22
284 22
333 10
108 2
172 28
142 31
86 26
493 5
270 9
332 1
314 16
373 32
419 26
65 28
324 19
34 14
4 13
179 32
23 27
401 30
358 31
280 31
424 4
243 29
364 2
98 21
397 22
81 15
39 21
323 14
40 4
87 15
24 29
231 6
403 15
91 13
25 30
55 5
345 14
345 13
223 30
89 32
115 21
138 1
166 24
14 17
315 8
247 11
217 13
236 27
460 19
231 8
48 18
488 17
287 13
157 13
478 29
332 29
118 26
245 27
429 11
487 12
62 9
286 22
62 5
249 17
199 23
60 7
468 4
195 6
232 19
115 25
299 30
153 32
415 18
50 8
360 4
291 13
473 8
51 2
448 19
258 3
333 9
449 17
364 31
406 27
197 8
8 31
170 8
263 28
261 24
131 20
200 21
245 8
200 3
57 8
297 26
350 29
482 18
281 14
292 3
144 32
262 27
334 15
15 28
219 27
408 13
99 15
474 15
130 29
489 30
24 5
351 13
265 24
22 14
29 13
288 13
4 25
379 10
332 9
285 18
372 24
102 18
2 31
164 27
100 16
316 31
288 14
200 20
350 9
301 10
238 16
254 1
489 29
78 16
377 15
221 8
258 30
69 12
249 24
390 24
87 30
174 26
75 1
278 16
446 14
154 31
18 15
275 6
243 9
177 16
67 21
71 28
70 16
435 14
75 13
369 14
382 27
387 20
119 20
232 4
446 29
98 31
495 1
172 22
429 24
61 31
96 27
170 29
474 1
187 17
281 15
62 22
449 4
321 4
316 12
483 25
140 9
427 19
157 26
224 17
297 12
431 28
414 8
260 16
408 2
288 20
353 29
53 25
352 18
72 23
129 3
279 5
339 5
255 19
154 30
283 14
113 17
193 14
16 1
117 32
250 28
315 18
308 28
255 24
297 6
178 9
84 29
45 18
13 3
120 31
480 6
468 8
466 21
174 14

