256
96 16
134 30
344 14
229 22
385 20
391 6
445 15
270 2
12 3
469 10
251 21
374 4
388 12
278 26
252 3
428 11
23 25
356 2
154 16
171 19
47 17
48 32
235 1
393 15
67 25
140 2
337 21
297 32
305 30
465 16
129 28
107 19
9 2
368 26
250 10
200 20
450 4
491 24
416 19
282 7
95 29
300 24
434 12
359 18
374 16
497 10
271 27
4 31
269 15
293 14
260 4
165 17
443 20
96 11
390 14
45 17
150 24
120 27
143 30
24 12
5 13
221 24
179 16
406 3
298 14
316 21
394 17
321 24
488 13
398 9
146 18
65 3
137 32
82 12
366 9
351 10
181 12
201 28
351 23
306 25
8 14
261 21
454 18
89 1
350 14
21 23
280 2
493 8
473 22
399 30
383 10
264 19
25 8
422 15
422 12
227 2
53 20
182 22
69 2
150 2
108 30
116 15
459 16
6 32
34 9
473 4
358 4
330 6
52 4
460 9
183 27
402 7
26 32
296 18
205 17
215 16
318 10
50 13
437 20
60 30
312 8
237 13
472 23
254 23
170 5
495 8
251 9
142 12
184 9
221 8
233 15
404 6
116 21
30 17
360 29
374 3
325 15
43 16
29 32
170 30
213 4
401 3
264 18
91 19
330 11
39 18
450 18
315 17
98 9
321 14
137 15
332 9
157 31
108 1
226 29
234 2
145 2
401 12
27 19
59 12
5 25
269 22
242 19
223 15
279 7
500 32
89 12
80 17
410 32
281 7
168 14
425 28
499 13
424 1
19 6
380 27
282 8
181 7
83 23
65 21
445 17
480 18
248 28
130 5
451 19
495 22
128 19
134 15
447 25
151 29
390 27
44 27
30 8
397 28
478 21
177 26
25 4
159 32
271 13
132 25
403 15
43 30
397 32
8 32
84 27
364 21
393 19
495 22
482 15
238 23
203 2
85 8
125 27
203 4
235 11
468 5
313 10
19 25
37 14
256 32
388 20
444 28
378 2
54 32
180 3
170 19
260 6
314 8
201 32
131 7
202 7
424 2
108 14
75 25
171 18
116 3
301 12
190 11
349 15
390 29
237 31
115 20
17 8
232 5
147 6
3 17
460 22
214 28
219 12
416 30
118 11
300 2
442 29
448 3
84 21
171 28
248 13
168 24
268 11
480 26
260 6
114 28
260 28
491 30
467 10
71 4
288 26
206 10
211 17
372 2
342 10
317 25
382 12
204 9
382 11
414 6
16 12
213 11
59 23
457 13
312 3
313 19
249 22
32 19
374 7
456 11
148 16
155 5
108 18
177 17
244 15
482 12
322 22
238 32
100 30
256 11
73 28
362 29
437 25
483 23
148 2
25 15
413 4
176 12
93 32
361 17
146 18
448 7
240 17
198 19
83 18
102 15
373 27
179 30
59 25
120 18
154 20
353 10
379 20
438 12
83 18
160 1
491 23
399 10
495 13
273 21
402 26
83 10
40 13
435 6
125 26
156 30
254 24
196 4
239 29
455 29
134 10
253 16
72 4
58 7
452 22
143 13
55 30
330 2
190 29
43 15
22 30
296 3
57 19
259 31
327 21
320 28
327 24
140 30
427 5
464 10
378 31
82 8
36 12
377 5
28 15
243 29
469 31
176 1
381 6
24 32
498 27
223 24
470 6
74 13
410 25
126 3
347 12
422 18
323 18
163 30
421 9
102 13
295 25
265 24
62 12
87 24
334 17
235 24
23 4
52 32
49 25
423 19
88 12
481 26
346 27
111 30
399 17
154 10
193 22
221 7
410 23
166 7
319 12
250 29
412 1
477 12
182 31
206 29
94 2
31 7
180 13
204 31
57 13
124 6
479 8
208 4
206 9
334 4
476 8
69 3
88 29
198 1
147 12
38 4
441 20
31 9
60 14
51 29
147 14
70 29
221 13
216 18
1 9
301 8
336 21
67 24
117 24
44 11
167 21
355 16
500 25
80 8
174 30
232 32
155 5
148 31
429 27
152 5
116 4
108 19
321 22
78 9
438 2
52 16
406 2
415 30
494 22
169 31
327 8
191 29
52 26
59 28
405 10
408 24
162 11
174 6
41 20
122 14
77 1
137 10
430 28
239 27
249 11
146 4
158 24
112 29
25 27
188 5
232 23
152 17
314 6
430 2
281 4
35 13
76 11
42 6
74 29
484 23
391 25
102 25
316 25
461 1
235 13
473 23
299 1
415 4
302 29
317 30
248 19
290 3
374 31
384 3
315 8
121 2
348 18
106 16
287 14
208 29
418 20
43 29
156 26
180 25
6 5
390 21
199 31
131 20
214 31
371 24
234 15
233 5
417 18
448 11
108 3
427 25
187 26
93 10
131 21
3 8
121 24
92 15
423 18
95 20
88 25
15 21
159 4
254 7
289 13
129 20
208 24
125 6
229 1
439 3
193 17
50 13
185 5
336 31
214 30
446 6
98 28
474 28
59 19
331 20
280 19
447 15
218 19
84 26
344 2
8 8
167 5
201 27
401 16
161 31
169 10
268 2
417 29
21 4
172 31
27 15
14 29
141 27
248 16
381 3
449 16
478 3
149 30
169 29
417 21
15 25
138 30
350 3
227 23
382 10
425 28
200 6
232 20
225 7
415 21
421 19
196 19
182 24
280 18
97 29
383 15
133 4
97 15
74 7
57 11
72 25
214 7
475 30
110 31
276 28
155 13
238 22
299 3
250 14
121 2
478 27
160 31
374 28
297 4
430 17
106 17
185 20
123 7
265 16
209 20
107 23
440 25
269 30
467 26
20 15
67 21
441 10
311 7
334 31
466 7
459 23
116 24
242 14
6 26
174 3
250 8
133 13
328 5
279 27
270 22
233 24
146 18
414 29
340 7
63 1
361 10
227 4
221 1
418 30
326 15
144 7
74 25
264 22
177 30
48 27
191 24
486 28
305 19
144 32
497 19
300 6
432 23
389 28
495 26
229 16
100 25
247 30
149 10
279 13
403 2
475 25
457 25
280 2
211 12
257 4
482 1
121 25
83 17
416 13
19 12
100 18
16 18
495 20
207 1
193 1
98 7
53 27
331 13
168 10
256 28
453 21
332 21
1 18
433 32
194 15
411 26
421 15
343 15
146 6
188 2
10 17
357 31
395 7
247 6
80 2
338 28
90 29
456 2
435 21
209 12
339 11
125 3
249 16
26 27
221 1
84 26
53 4
144 28
331 2
361 26
243 2
294 24
367 5
125 13
137 25
132 28
304 29
438 28
428 15
298 32
379 18
229 32
173 17
231 31
466 27
265 21
141 14
244 27
158 5
11 11
201 30
474 32
454 3
408 5
226 17
380 32
438 29
239 23
37 25
317 30
412 13
62 16
342 30
410 12
26 16
498 30
265 27
82 7
233 25
99 14
397 15
414 11
143 12
297 23
473 21
180 24
398 6
287 27
251 16
90 4
467 27
205 11
57 30
449 18
478 28
99 31
82 12
61 20
368 9
402 28
173 29
427 30
378 25
161 4
408 30
255 6
337 8
456 13
97 1
386 27
156 29
301 5
52 1
312 31
69 1
462 5
497 12
163 31
452 27
354 11
72 9
436 16
420 32
5 20
500 26
442 27
78 6
95 30
454 22
400 14
470 22
263 18
453 21
44 5
99 18
115 6
210 31
282 9
294 18
348 29
27 10
151 1
383 21
86 21
150 25
210 31
50 20
140 15
100 32
407 22
137 1
220 10
423 17
326 28
286 13
212 12
314 14
120 5
458 9
237 11
42 26
281 15
122 25
93 21
308 15
419 8
372 6
141 14
490 2
66 23
490 1
290 4
491 14
56 16
114 32
259 23
441 3
98 6
311 2
135 18
393 5
413 32
42 9
261 31
370 22
157 24
455 22
219 5
207 2
244 25
269 14
179 25
393 20
123 11
318 25
173 6
161 21
325 6
490 17
84 7
115 24
422 29
241 24
365 16
265 20
120 25
314 22
94 18
426 16
408 31
176 24
304 4
17 8
389 10
416 12
68 30
267 14
450 15
333 26
306 30
274 5
334 15
75 7
144 4
198 27
446 29
483 5
208 31
80 8
208 3
123 23
229 21
320 26
248 9
344 1
306 1
330 27
407 32
270 14
107 23
100 4
192 26
4 19
284 19
199 31
281 13
322 21
210 25
39 5
497 2
361 6
202 10
293 16
445 2
157 11
232 4
454 11
42 21
174 21
391 24
372 28
44 9
32 5
185 30
61 2
155 14
335 32
463 7
463 32
40 11
458 32
227 24
46 12
220 7
148 19
442 19
134 2
415 29
90 28
439 15
133 25
276 3
301 18
446 7
145 17
234 27
460 32
218 26
283 29
428 10
251 30
301 28
59 23
253 4
166 19
354 14
135 13
469 3
219 26
50 15
102 27
21 26
94 26
271 4
379 18
157 5
123 9
365 13
376 25
385 17
159 2
43 21
71 15
80 13
128 1
355 17
411 4
142 20
465 28
83 19
166 3
324 28
48 24
25 11
8 25
315 26
498 25
310 8
71 5
208 14
369 15
427 31
290 8
486 14
36 8
301 17
159 24
192 22
367 20
480 30
476 26
391 6
3 4
245 25
89 1
271 13
367 5
440 32
468 29
465 15
345 13
55 15
444 11
208 18
314 3
35 10
332 5
115 14
125 27
259 17
163 13
373 9
429 8
240 28
89 21
103 9
173 9
287 5
255 26
278 17
384 5
210 23
237 8
401 17
34 11
129 29
391 30
77 7
17 13
66 9
373 12
389 1
177 7
13 7
372 27
351 27
103 16
322 7
235 22
256 25
232 24
317 22
237 25
292 26
413 29
210 5
229 19
182 29
477 10
39 25
484 26
455 2
153 4
129 32
349 32
8 24
119 12
53 12
420 8
461 9
405 6
469 13
120 18
241 17
344 11
297 31
20 27
117 13
231 9
264 23
332 3
11 30
298 27
157 17
463 13
49 7
139 6
203 10
19 27
58 18
221 2
393 9
309 17
469 27
457 32
469 32
354 31
89 15
98 6
219 28
214 24
278 4
489 20
314 19
274 7
73 18
429 21
290 5
177 14
479 29
341 15
124 14
130 24
48 7
161 27
138 15
90 3
78 14
246 31
436 3
114 4
216 14
176 14
130 28
263 16
40 8
406 19
149 11
79 17
113 7
167 18
317 28
368 7
185 9
137 8
335 10
332 31
143 3
408 8
63 6
379 22
125 21
469 2
171 19
174 16
489 28
237 14
447 21
52 31
421 24
454 8
142 17
158 24
496 17
56 18
86 22
363 3
422 15
188 9
229 21
80 26
404 24
227 6
272 26
184 9
169 9
300 18
126 21
94 13
373 9
30 26
286 4
20 8
75 31
152 19
271 7
76 2
250 18
227 10
431 10
418 28
251 1
261 12
377 22
348 25
58 21
410 28
472 14
403 10
488 18
53 31
340 8
136 21
282 7
314 4
476 15
163 2
151 12
305 3
333 4
479 31
380 13
86 16
170 28
249 5
245 21
119 4
133 3
24 22
321 22
477 24
420 24
374 19
267 6
449 3
182 16
341 1
20 26
264 21
117 9
401 1
369 28
296 25
478 28
414 6
9 7
93 20
382 22
498 32
348 27
450 5
430 3
441 5
420 21
341 17
421 17
249 25
464 21
142 9
68 31
238 32
297 11
355 2
352 25
29 27
3 3
79 28
325 4
84 32
428 24
132 20
16 1
340 20
129 29
272 4
36 10
123 32
396 21
214 19
181 2
298 31
424 12
318 8
99 25
344 6
28 23
225 24
59 5
227 11
397 6
86 28
359 16
468 2
389 29
205 17
274 2
456 2
81 9
297 28
230 16
57 17
467 26
152 29
50 18
268 30
376 21
230 6
265 21
192 9
81 28
73 14
249 8
255 9
357 24
212 18
43 5
342 13
106 10
90 27
371 17
452 18
61 17
36 9
433 31
329 21
474 10
219 22
133 17
106 1
376 2
426 15
290 20
131 3
113 4
401 23
76 20
285 25
89 32
313 9
398 18
386 23
395 32
148 11
428 9
220 24
274 29
74 15
264 32
309 12
424 13
63 23
117 11
487 5
18 16
429 7
293 10
341 27
121 8
417 25
444 16
204 26
133 21
280 28
332 25
476 23
1 10
458 5
88 28
25 29
95 22
75 11
119 31
277 8
254 10
140 21
33 15
414 5
323 22
413 22
486 8
113 18
129 26
455 4
365 31
24 32
284 2
50 19
364 15
494 5
224 25
313 16
179 7
125 9
124 21
6 9
128 10
446 12
39 16
175 24
83 14
215 2
147 32
268 14
294 13
126 5
245 10
477 11
368 9
275 11
341 17
303 24
102 13
75 29
352 17
396 10
298 10
300 12
77 31
305 23
32 10
91 16
71 15
51 3
371 13
133 19
309 32
382 23
36 12
403 7
408 6
321 25
259 28
500 23
390 28
409 5
85 8
49 24
122 15
446 13
275 6
407 24
13 9
346 16
96 32
435 16
397 7
60 19
78 12
193 27
215 22
240 12
305 20
307 18
238 28
270 28
329 29
447 6
317 32
93 24
391 11
267 3
485 15
293 18
238 30
233 32
439 12
455 15
111 13
372 32
12 30
211 9
170 14
238 30
301 2
249 12
209 28
330 29
194 3
459 3
108 27
86 18
14 13
492 4
301 31
175 1
356 29
209 21
246 22
214 23
275 7
90 3
182 15
28 11
393 14
9 16
28 14
249 13
486 32
16 19
455 18
155 26
426 27
187 24
160 32
70 6
66 15
269 7
281 8
325 14
133 29
25 28
279 30
52 4
365 23
254 27
460 8
481 21
122 3
408 17
270 25
419 8
191 31
286 4
186 31
349 26
295 13
329 5
498 28
393 7
150 30
33 25
258 21
493 7
31 25
364 25
433 14
488 24
320 13
447 17
87 11
174 6
371 30
158 1
85 18
83 10
400 7
342 21
480 14
387 18
290 18
162 23
31 9
346 10
126 8
206 32
290 3
445 8
232 15
380 24
356 14
401 15
281 2
411 16
428 30
473 21
47 11
291 14
135 24
279 8
131 17
324 16
215 12
284 19
222 31
466 26
181 11
184 1
108 11
424 27
392 16
456 22
382 26
367 13
86 26
480 16
334 27
340 28
423 23
198 32
341 24
425 1
382 1
185 13
203 16
80 18
356 23
235 25
484 10
457 1
451 25
137 12
91 16
35 25
154 21
213 26
452 17
219 13
97 27
25 27
363 32
96 10
490 19
306 6
136 7
394 30
51 22
73 17
209 15
358 10
395 2
208 14
58 30
30 3
328 19
157 2
10 9
259 8
287 13
177 22
179 18
211 17
452 27
221 12
93 10
374 12
499 25
185 29
358 19
415 13
473 27
79 22
27 25
185 29
105 9
290 23
283 4
215 2
134 8
97 7
217 2
66 28
254 10
476 15
20 22
500 32
164 10
326 19
266 18
59 7
75 1
357 21
348 4
294 2
359 2
60 27
64 25
142 29
430 13
132 30
210 7
293 18
60 18
416 17
480 18
399 30
174 20
262 22
327 7
355 1
148 30
111 11
94 17
232 23
221 19
324 31
345 17
156 8
234 19
80 5
396 15
470 22
86 19
443 24
341 1
448 1
266 18
403 19
162 18
233 31
348 29
17 28
25 12
447 14
94 27
175 1
209 20
410 10
79 32
409 31
352 24
259 29
117 10
327 11
499 24
365 31
468 5
242 32
52 29
453 13
419 31
485 31
475 3
124 25
302 8
175 2
239 22
122 7
299 13
337 25
212 25
495 23
433 17
374 12
277 2
480 3
305 5
25 19
415 8
35 8
31 1
221 13
494 7
327 20
495 4
441 22
216 3
88 25
23 1
484 31
138 28
197 2
484 1
72 6
368 30
113 22
167 22
370 20
380 21
304 14
212 20
283 19
382 14
427 9
34 15
407 15
226 8
465 9
324 4
458 16
346 26
293 32
107 7
23 10
211 26
211 18
125 25
200 3
66 15
263 19
37 17
270 6
124 18
174 32
473 27
195 22
52 19
181 3
353 8
496 19
85 3
336 14
403 8
216 1
162 26
67 18
350 20
15 2
273 4
125 26
318 15
267 17
9 4
231 26
3 31
424 11
285 16
148 27
147 7
7 12
44 14
209 10
113 19
71 6
262 11
187 19
365 13
151 25
400 22
86 26
460 30
193 20
473 28
282 3
407 9
130 2
214 10
47 22
264 21
415 17
311 25
307 23
406 5
252 21
42 1
411 13
50 19
448 10
146 14
344 16
222 25
354 11
366 28
464 29
17 27
5 15
183 15
206 24
324 21
245 13
497 27
70 19
109 25
272 26
450 8
158 27
292 27
457 2
262 5
138 6
3 11
309 17
9 26
125 12
174 21
49 2
23 18
272 27
486 16
88 16
363 29
458 22
107 15
163 13
39 21
498 17
499 6
77 23
171 9
339 12
69 27
70 11
4 1
425 21
236 25
128 6
109 14
104 12
204 18
436 14
270 9
134 4
91 30
275 13
263 29
309 3
351 6
478 2
218 18
46 22
118 26
403 31
463 22
294 2
272 1
111 13
13 12
161 23
157 11
216 15
399 28
306 29
401 31
454 6
36 19
275 26
376 22
232 18
183 1
355 18
457 1
199 9
60 15
72 21
293 3
339 31
162 20
291 30
278 24
235 2
446 30
319 22
39 18
363 29
130 26
379 18
34 13
54 6
435 25
14 19
115 28
121 24
348 11
393 1
358 24
290 11
489 28
328 7
213 7
99 30
260 17
427 25
53 9
238 23
161 23
417 28
307 25
255 2
151 8
482 4
127 4
163 19
83 14
141 12
32 27
489 19
68 24
84 8
100 9
459 32
276 7
387 18
116 14
87 2
493 20
126 19
43 20
85 22
481 29
273 21
167 9
155 2
28 18
206 31
115 8
91 26
242 25
323 13
322 29
475 26
180 20
136 7
91 16
200 7
148 28
435 3
84 2
400 4
31 13
442 13
120 32
386 2
361 16
70 30
320 28
200 28
495 3
74 21
259 29
360 30
448 22
72 27
235 4
346 10
428 32
262 4
23 28
261 23
207 18
269 23
226 12
230 28
358 19
9 32
279 12
374 6
13 29
256 24
120 30
217 16
93 22
447 27
477 23
202 28
388 6
414 21
493 3
185 30
149 1
318 3
60 27
152 12
487 7
23 23
212 3
6 32
69 24
123 9
10 12
284 21
349 21
362 1
43 26
42 11
238 27
117 5

