256
141 7
61 29
478 27
253 23
435 24
345 13
133 26
276 23
104 31
159 20
216 19
487 4
21 21
251 13
228 12
149 28
438 17
12 3
439 25
157 26
156 30
154 28
275 17
470 3
20 8
62 19
490 32
250 15
40 4
139 15
327 11
339 32
496 2
31 6
466 27
11 9
392 4
113 15
445 22
249 4
62 6
402 23
61 11
117 25
3 31
219 29
42 17
445 5
259 31
26 12
365 9
401 17
52 25
275 32
446 15
459 11
36 24
262 24
363 6
48 17
485 23
397 14
27 9
266 25
167 27
65 32
179 25
140 15
329 14
226 30
140 17
133 15
248 10
474 10
475 22
178 19
492 7
336 18
267 17
7 22
244 15
169 14
387 4
4 23
425 10
340 12
118 28
294 1
69 31
179 20
140 4
2 31
282 6
353 25
290 27
186 1
133 2
307 15
365 10
437 21
391 24
408 12
100 25
429 24
171 23
63 11
314 17
145 4
106 25
348 11
207 9
280 27
442 26
209 14
247 13
298 22
273 1
349 24
109 13
243 15
235 26
441 29
74 2
348 31
434 27
425 13
431 20
331 12
141 16
29 16
36 26
377 32
234 5
235 18
206 6
324 20
487 25
192 8
54 15
442 19
85 14
127 11
422 6
90 14
349 14
449 16
147 1
248 32
106 6
425 23
163 17
454 9
217 26
412 2
36 21
108 17
71 19
339 4
396 17
405 12
250 14
183 5
382 10
128 19
116 21
149 26
357 19
279 13
100 18
194 19
247 1
107 9
239 30
160 10
78 28
81 11
269 16
75 23
45 19
341 8
311 18
290 11
444 4
91 15
461 4
381 27
288 4
227 23
137 14
12 14
154 21
244 18
60 7
276 28
225 17
116 31
310 5
53 5
324 31
499 28
278 19
195 5
218 25
91 22
11 27
271 16
251 27
289 18
185 9
265 25
385 16
147 26
136 31
298 27
341 16
447 30
26 13
182 24
265 29
301 11
431 16
494 5
438 27
342 10
51 2
86 27
338 24
332 5
430 17
284 18
480 22
239 1
74 16
452 6
396 5
317 2
28 10
358 29
444 27
290 6
305 7
484 14
458 19
466 19
499 17
8 2
330 18
335 7
17 26
445 13
242 29
90 17
422 20
437 10
146 18
63 10
304 15
295 21
65 9
499 4
213 10
41 31
103 7
149 28
217 17
236 30
353 21
79 19
476 27
492 22
445 10
275 4
452 22
9 25
34 31
80 22
365 32
140 3
51 25
142 7
381 5
76 22
54 18
212 1
373 3
2 25
108 21
64 4
50 20
76 7
283 23
328 27
330 16
169 28
108 27
350 16
39 6
425 24
283 12
325 3
338 14
323 26
306 23
357 11
14 24
289 28
142 13
146 3
288 19
55 3
477 32
86 11
33 23
311 28
146 27
322 16
312 25
133 10
235 5
176 24
272 5
396 9
137 9
235 12
59 9
22 7
397 31
106 13
117 20
96 23
402 6
450 21
266 14
182 12
70 18
99 13
26 22
105 6
239 31
437 25
480 30
388 16
64 17
156 17
408 4
147 17
373 12
373 6
29 3
489 10
116 19
142 9
285 10
6 7
288 30
23 15
251 30
346 22
254 26
50 17
105 12
173 5
143 6
466 15
304 26
324 27
392 13
115 20
414 16
50 30
413 25
320 7
334 10
180 4
19 2
452 31
277 21
451 4
374 12
146 1
221 10
299 16
286 29
140 12
384 29
401 24
465 20
310 11
237 25
90 31
422 1
229 7
369 31
470 14
446 27
270 14
436 8
482 26
184 1
273 15
13 13
362 18
244 3
480 29
216 9
87 21
313 24
335 30
198 4
275 32
123 25
13 2
464 10
279 4
318 31
66 7
75 24
12 11
154 19
3 21
263 1
6 3
108 4
256 14
496 11
301 6
427 25
27 2
159 2
241 12
208 23
10 11
438 9
305 7
215 27
460 21
247 5
404 19
156 23
12 15
41 12
120 3
476 27
61 6
304 9
314 27
459 3
497 12
400 25
339 6
459 14
295 14
114 18
264 25
208 31
420 9
290 27
271 13
389 15
103 16
484 4
407 22
294 15
42 17
56 20
11 26
29 17
275 18
354 6
410 9
16 17
13 13
424 28
274 32
466 12
356 1
347 26
95 20
16 24
185 15
219 27
289 11
351 15
388 12
453 5
468 24
330 5
477 1
468 30
416 9
329 15
86 23
384 32
166 16
19 14
322 1
100 6
483 18
25 6
5 9
370 17
296 31
305 4
303 20
225 31
56 9
341 5
79 21
172 9
476 26
150 1
426 30
111 4
51 27
481 12
463 19
380 2
253 16
86 16
307 6
126 30
363 26
355 13
42 6
389 17
68 11
18 25
140 24
457 22
466 5
97 20
491 28
389 8
11 26
151 13
136 4
383 14
93 13
142 11
466 15
355 17
421 12
230 32
203 6
101 20
326 22
447 1
25 28
412 28
13 30
56 20
189 18
497 29
26 27
471 16
21 2
376 1
49 9
204 16
346 20
271 24
205 10
340 26
405 31
469 25
164 28
417 28
314 13
188 11
255 31
182 15
336 26
419 12
366 14
339 16
482 30
235 10
327 30
119 11
176 23
351 23
463 15
246 32
384 9
466 2
443 4
117 6
57 31
366 30
361 12
485 14
313 19
379 15
144 26
73 11
288 28
213 2
394 18
229 5
243 11
119 1
194 23
167 10
121 24
23 1
87 20
322 12
430 5
242 22
402 19
96 13
442 1
143 23
118 15
316 12
417 2
249 6
20 19
211 12
298 22
121 12
445 26
135 14
346 17
299 27
395 3
288 16
55 22
226 20
300 1
384 29
326 12
30 25
46 17
337 7
326 17
78 14
102 9
495 8
145 30
194 27
392 9
78 2
262 15
469 2
196 20
482 17
483 31
70 28
103 14
74 20
66 20
401 7
420 28
114 20
393 16
454 24
140 23
433 22
185 13
167 20
457 20
105 31
10 14
23 1
431 28
392 24
451 21
162 10
392 12
285 8
287 10
271 18
120 23
31 5
159 29
388 3
196 28
258 2
165 28
170 3
375 21
442 6
205 24
399 24
83 12
231 29
125 29
350 21
259 21
401 22
281 16
384 1
132 25
34 20
272 3
243 11
263 16
176 32
491 30
415 9
461 22
145 30
202 19
182 5
79 10
82 23
73 17
187 4
458 24
500 29
422 14
79 17
277 22
356 4
180 6
44 28
471 17
77 13
387 10
485 9
43 10
175 12
382 22
171 3
433 6
272 7
263 6
243 16
456 6
11 15
71 30
478 6
94 3
66 16
368 2
148 31
467 23
378 4
388 24
243 24
70 6
378 16
67 20
427 6
421 17
8 4
195 30
385 28
96 26
472 11
203 3
225 5
293 18
220 4
150 14
352 7
179 25
402 30
53 21
267 5
469 23
168 19
316 16
451 19
205 26
77 3
392 6
279 21
403 15
216 32
312 19
474 15
148 28
88 24
408 14
376 20
332 4
39 23
299 21
261 28
114 6
262 9
491 5
41 1
391 21
149 14
323 6
396 18
349 7
225 16
41 5
132 24
496 10
223 26
362 23
149 11
24 19
331 6
155 16
259 9
128 7
450 10
380 18
124 13
32 4
336 12
300 31
296 15
340 18
293 5
56 29
27 4
55 2
445 5
81 15
457 20
313 3
361 1
104 24
273 11
36 8
59 3
427 26
334 14
75 26
319 18
270 1
209 5
406 30
385 18
412 22
45 1
100 2
417 11
241 13
41 20
148 11
463 26
304 8
192 14
273 26
8 22
410 20
218 28
73 3
153 29
148 18
61 15
307 29
5 11
17 13
175 28
496 21
90 27
136 29
29 28
346 8
153 15
103 11
422 12
177 23
364 4
476 4
274 26
104 10
180 8
174 2
135 13
342 24
320 17
208 16
88 9
383 29
160 17
463 1
216 19
359 3
314 30
206 7
467 5
68 27
280 5
352 15
114 18
342 25
374 26
280 14
454 30
54 25
202 16
398 10
154 16
200 23
442 18
109 4
418 12
406 2
120 26
464 1
303 21
165 12
206 32
489 16
161 2
476 11
409 1
484 18
129 31
232 30
144 4
329 6
367 31
259 31
492 22
71 2
378 24
173 24
235 6
95 20
407 14
314 24
443 17
229 31
183 17
492 31
152 28
240 3
54 10
61 17
71 31
42 8
70 31
383 13
432 5
404 10
399 29
5 1
217 10
115 27
398 26
77 13
277 28
123 15
165 15
431 3
314 17
387 3
391 9
391 18
98 14
11 32
214 28
40 22
453 30
181 30
111 9
102 11
277 25
273 9
407 24
380 20
28 22
307 22
386 5
91 11
47 1
182 28
320 9
42 32
226 2
473 28
330 7
279 14
151 31
251 5
106 2
481 29
99 15
254 20
187 24
171 5
149 8
345 20
277 18
444 22
107 16
394 28
342 24
246 20
426 32
401 12
329 17
368 23
19 26
262 17
169 8
142 9
488 22
137 32
223 16
469 25
347 6
468 21
385 29
384 19
264 32
194 28
164 5
370 14
34 28
91 15
267 20
371 18
421 19
221 15
290 6
323 1
403 26
29 8
59 28
450 18
196 23
266 11
55 31
97 25
322 23
143 29
122 29
46 18
372 31
184 17
308 6
149 14
499 5
497 21
441 14
83 28
440 20
198 31
186 30
435 12
332 29
300 29
441 21
494 8
463 13
177 22
238 9
332 17
354 24
497 14
478 11
281 9
278 14
115 16
124 29
175 31
329 2
408 18
22 9
433 9
134 17
106 7
286 1
311 7
469 28
136 30
238 28
418 4
245 13
183 20
285 13
175 2
34 14
235 3
186 11
39 11
128 9
394 21
137 8
107 1
363 14
254 9
9 4
468 17
56 30
473 24
210 23
305 23
80 11
297 25
58 4
140 17
36 21
301 20
88 31
129 31
500 18
403 20
257 18
112 4
223 8
4 24
434 20
378 1
347 6
334 20
213 29
292 20
357 8
124 12
202 28
246 17
337 16
60 2
221 7
257 15
459 32
78 12
68 19
109 18
481 6
21 1
266 8
145 18
255 28
417 20
371 7
8 3
14 7
152 23
441 9
381 27
20 11
495 27
265 19
204 21
248 16
142 25
387 10
486 5
257 6
448 27
268 27
37 2
373 1
220 14
301 28
416 16
262 14
111 3
68 22
475 23
242 12
179 28
105 24
121 25
418 24
339 9
375 16
22 19
416 1
264 24
193 8
239 2
145 17
332 21
367 27
379 12
126 26
439 27
73 7
295 14
479 6
231 17
213 32
303 4
345 3
47 29
450 1
342 30
338 2
158 24
184 29
15 1
298 9
243 6
364 14
64 14
23 10
46 7
45 32
66 9
266 4
277 11
248 3
161 21
496 26
492 31
410 14
339 11
163 26
77 6
471 4
219 25
285 16
79 21
111 8
422 17
107 2
443 14
20 3
143 7
477 14
45 18
344 4
93 18
317 13
383 3
12 9
131 28
216 25
328 6
56 13
54 10
299 17
367 18
303 25
37 15
495 29
165 2
316 29
195 28
129 9
122 24
29 24
139 8
16 2
421 15
215 3
436 29
175 15
34 5
15 6
460 13
3 20
198 2
436 32
6 24
320 27
55 24
435 1
91 2
10 12
225 16
190 8
440 32
314 26
396 29
247 23
189 1
182 23
271 25
130 32
32 30
106 30
297 12
482 20
342 32
103 30
419 12
225 27
211 27
36 14
71 18
313 31
235 14
497 21
315 11
132 22
280 13
136 28
129 17
167 6
312 13
387 31
264 7
441 2
353 12
432 23
461 20
34 15
293 10
51 7
212 22
157 27
123 16
419 27
464 5
424 16
206 2
358 9
124 6
147 9
125 26
103 13
377 20
132 13
370 30
480 17
68 16
72 22
483 2
144 30
426 15
73 23
228 26
156 23
79 10
31 15
435 30
344 15
121 23
183 14
360 14
423 7
1 10
320 27
187 11
133 16
233 5
299 8
339 6
15 29
107 29
324 17
178 7
203 11
345 25
492 16
399 22
483 3
463 18
86 9
321 22
465 21
126 31
217 24
216 27
85 18
275 32
214 17
426 32
307 2
152 18
325 30
64 7
5 6
165 30
27 21
11 7
389 12
105 5
304 8
335 24
345 22
147 26
118 28
177 32
193 16
221 13
434 24
28 14
14 12
379 12
176 29
234 8
376 22
21 11
9 11
418 21
168 24
114 5
487 6
208 15
321 21
400 2
268 15
43 9
470 25
172 25
161 5
412 29
94 12
419 22
139 9
306 22
400 23
443 19
412 30
269 17
282 28
338 30
446 1
182 3
153 26
115 14
110 27
202 24
310 16
9 28
308 23
458 24
437 12
446 9
401 10
433 27
234 10
436 15
354 29
298 3
174 12
24 20
290 25
191 12
196 23
399 32
365 24
415 26
107 32
150 12
425 26
394 14
55 29
41 13
297 14
119 15
249 30
106 31
218 12
490 29
346 16
472 15
448 18
12 10
245 9
413 26
446 26
31 4
486 3
112 15
260 30
457 9
75 30
251 16
61 16
261 10
331 8
116 6
118 31
184 10
139 4
87 8
254 10
288 19
392 27
225 28
333 29
364 19
446 10
403 2
205 15
412 23
246 3
17 15
6 12
429 8
499 27
432 12
484 27
195 16
321 31
231 13
304 14
264 21
59 2
107 15
32 2
1 5
248 1
344 5
68 12
453 27
138 28
22 10
306 4
201 10
339 3
131 30
376 22
242 6
411 8
48 6
69 24
70 13
417 29
273 4
36 29
254 14
460 4
499 13
343 15
391 9
481 13
26 32
414 24
141 24
319 24
117 8
87 6
56 7
451 4
191 10
405 8
363 24
423 13
129 18
263 27
150 11
391 32
302 8
295 14
479 21
129 27
204 20
484 15
422 2
439 4
476 19
260 2
58 22
51 14
151 9
408 1
260 14
328 29
453 22
3 19
86 15
229 6
50 13
400 28
202 6
287 25
384 10
367 2
80 9
331 6
81 23
382 4
36 5
253 25
182 11
123 4
237 24
409 27
120 28
462 17
202 20
350 25
146 4
230 29
484 9
158 28
151 8
108 2
100 32
378 6
114 5
401 2
408 17
192 31
320 17
347 13
253 24
310 2
263 31
178 6
451 31
162 5
226 1
491 18
128 32
459 9
424 31
294 31
371 6
357 26
490 12
415 26
103 12
195 30
114 24
111 17
411 4
221 28
392 27
165 3
283 3
463 30
333 21
389 15
446 25
245 15
152 15
233 7
234 3
472 3
151 6
467 17
58 8
400 13
250 25
172 28
187 26
442 28
94 22
74 7
426 18
326 18
180 30
184 25
336 27
316 26
88 14
250 9
321 22
446 23
214 5
306 8
250 11
123 12
76 13
234 14
218 7
431 30
320 22
162 4
120 17
345 15
111 7
204 19
96 13
205 9
265 27
412 14
109 19
61 5
435 11
38 28
57 16
401 21
433 15
384 20
243 20
110 29
174 25
488 21
313 24
281 21
54 13
295 23
431 27
199 29
353 12
220 22
55 17
138 31
239 1
242 29
100 19
38 14
16 9
394 16
68 31
257 18
71 7
284 9
109 2
421 6
69 28
75 7
464 4
313 10
436 22
35 23
108 32
160 19
96 6
155 7
284 7
136 14
165 31
58 13
252 26
290 12
469 12
146 1
427 22
486 18
215 16
249 19
91 12
149 22
17 7
53 20
417 20
5 25
311 22
58 18
391 23
86 4
63 15
292 17
393 13
55 15
149 11
281 11
414 6
481 7
84 29
82 25
424 27
433 2
500 22
500 31
41 17
102 15
19 5
295 3
373 1
370 13
3 18
464 1
283 24
51 3
328 32
219 3
422 11
189 10
345 24
16 13
124 9
339 6
213 25
405 29
482 26
310 4
127 1
104 2
68 10
128 11
490 30
349 3
348 17
36 8
76 19
428 15
19 14
45 7
103 29
20 32
426 13
271 32
101 7
165 4
380 4
414 25
489 26
484 9
151 7
232 18
422 4
129 20
129 21
375 23
325 30
166 6
74 25
357 22
163 6
45 14
165 6
467 10
423 2
342 9
468 1
3 1
436 27
33 21
7 15
147 31
300 1
136 21
453 8
398 23
13 2
212 22
251 10
183 5
479 16
98 19
448 8
39 20
82 7
300 16
477 18
122 32
462 17
352 10
248 29
232 5
394 4
142 4
473 24
21 24
199 22
102 22
421 28
29 30
63 16
293 23
126 26
19 19
22 10
353 1
323 28
85 4
379 30
64 12
49 16
7 27
53 12
245 1
99 25
178 9
305 10
404 10
87 22
368 12
495 24
80 5
8 17
237 18
242 16
441 3
235 31
241 3
258 13
463 17
110 32
221 14
313 24
195 11
249 18
210 12
486 1
116 29
305 24
82 31
3 11
189 5
173 29
375 19
266 9
491 15
180 27
492 16
39 18
242 31
451 15
234 12
92 26
280 32
53 22
294 24
236 30
144 8
115 3
42 4
59 28
458 19
95 13
82 9
486 28
123 32
126 17
224 25
410 19
465 26
68 22
221 7
92 13
415 14
439 8
437 25
340 2
87 26
342 13
270 11
196 8
114 17
452 21
38 1
192 2
27 15
111 11
414 10
167 4
259 5
135 7
454 14
440 8
111 21
264 8
459 27
124 9
280 7
113 21
288 4
22 2
267 12
116 8
186 3
211 12
239 21
343 4
171 26
288 9
415 31
13 13
10 32
149 5
62 18
309 13
269 14
218 7
165 26
66 14
468 24
498 2
473 12
102 15
473 17
127 19
291 7
464 8
274 20
292 12
77 4
388 26
133 6
232 10
291 14
499 26
73 16
463 17
39 32
391 32
304 22
250 31
156 17
246 2
29 18
469 9
341 4
302 6
165 2
475 7
331 5
212 19
25 27
152 15
442 2
426 10
411 32
192 19
240 13
200 20
326 32
225 19
79 30
196 12
411 6
198 13
198 18
200 30
288 3
137 5
96 26
326 27
237 21
277 9
306 32
448 31
347 24
353 1
402 8
20 20
421 30
109 23
331 32
192 26
10 32
198 5
390 12
463 18
392 11
158 1
66 22
180 8
481 16
41 2
432 20
250 4
481 22
322 31
17 14
280 22
193 22
482 6
353 25
412 32
387 17
293 13
26 32
68 19
355 28
92 6
372 9
342 32
198 3
15 18
380 22
91 29
123 1
6 11

