256
138 2
486 7
395 10
381 1
234 21
457 31
156 19
123 11
29 21
280 14
7 31
270 8
115 29
139 9
396 24
232 21
298 21
83 8
131 23
85 20
268 13
239 11
135 25
114 12
474 1
297 32
439 18
479 25
366 6
306 26
121 29
498 22
105 9
166 15
247 6
451 10
142 21
289 17
253 10
440 26
498 20
410 9
153 32
193 19
209 2
484 2
386 25
451 15
413 20
77 32
69 31
25 11
419 29
487 32
270 22
101 16
365 18
56 13
102 24
91 22
450 10
491 23
259 14
177 3
261 2
34 26
132 11
40 19
75 30
426 13
7 10
316 27
388 19
91 13
322 6
150 3
459 25
106 17
286 30
240 6
239 21
227 31
183 2
125 6
347 2
158 17
75 13
75 6
195 18
154 8
199 20
139 5
148 4
226 17
229 9
182 32
89 21
190 28
378 14
85 21
215 18
429 25
66 16
455 28
21 16
127 23
263 13
227 14
360 16
46 17
268 20
408 21
488 13
184 29
114 16
145 8
361 22
468 30
429 30
37 5
382 27
19 16
280 21
258 23
49 27
431 28
382 22
376 21
490 31
290 27
178 2
430 14
7 2
167 27
171 3
235 12
70 25
400 5
350 25
191 18
163 2
65 1
163 29
117 25
351 6
107 9
192 21
270 30
138 1
337 20
491 23
64 32
176 27
408 29
323 31
422 5
424 26
233 22
278 26
442 17
459 1
361 6
437 14
52 10
66 28
233 17
310 28
116 1
110 20
9 8
326 10
269 17
120 17
38 25
202 20
229 9
380 1
14 8
219 17
241 28
304 13
192 30
269 28
450 30
35 27
162 32
92 18
312 7
282 21
460 12
32 8
200 27
129 1
78 23
130 18
482 29
143 30
398 7
481 24
492 7
362 9
78 21
434 21
16 28
441 27
255 17
366 26
235 10
18 13
192 11
334 18
432 28
199 1
90 7
232 6
397 9
86 18
398 8
362 25
291 14
91 9
126 20
202 9
302 27
229 29
218 18
370 13
242 28
33 15
98 5
412 14
209 2
467 10
221 4
370 11
334 20
407 15
268 20
23 5
178 11
265 19
17 15
99 10
54 12
440 12
100 12
497 28
53 24
266 21
495 7
135 12
299 17
139 2
500 17
338 17
468 6
424 24
440 2
93 30
357 24
145 28
87 1
116 15
456 29
115 19
219 1
482 29
141 24
434 20
485 3
317 4
77 8
287 28
317 27
9 22
114 1
129 21
498 8
43 25
328 6
107 7
258 9
63 23
60 1
390 8
471 14
347 11
1 5
63 30
215 31
491 17
428 3
381 1
67 7
229 14
432 4
292 18
424 23
292 11
55 17
379 25
91 29
72 19
62 10
260 32
408 2
456 7
73 20
259 15
463 32
88 6
323 16
287 14
86 30
432 28
463 10
368 13
239 23
495 8
276 15
427 8
356 23
18 20
422 21
122 4
116 30
130 22
89 32
239 18
198 26
17 12
480 32
212 10
175 22
369 22
460 23
485 20
381 11
447 23
483 9
38 18
278 3
91 18
287 9
243 32
498 15
495 5
346 2
398 4
115 30
174 27
265 22
94 1
12 20
3 30
460 17
295 1
411 21
158 21
65 20
384 31
362 30
243 16
287 17
431 22
110 12
180 2
262 29
75 1
164 25
323 12
469 13
416 28
354 30
280 30
325 4
332 19
245 31
450 32
419 20
137 28
484 4
106 1
440 32
73 15
108 31
282 1
364 6
160 13
123 11
338 19
306 6
337 15
448 6
286 18
18 2
97 25
441 10
449 4
85 25
38 1
268 12
473 3
369 28
199 19
274 24
289 20
57 10
482 32
115 15
73 8
392 30
484 20
427 24
415 16
305 8
408 8
123 16
406 3
215 24
333 16
491 26
419 12
451 4
107 17
370 28
49 1
405 24
296 31
316 10
194 32
366 29
395 4
36 16
183 22
255 27
442 21
340 8
496 22
112 11
59 29
486 31
94 30
490 17
72 5
303 10
276 12
422 10
7 18
469 21
411 31
408 12
320 3
64 19
241 31
121 31
359 2
257 24
347 18
45 27
51 3
388 26
366 9
496 28
118 28
265 1
187 32
232 14
270 31
172 26
173 29
160 24
250 20
187 29
162 23
219 28
281 26
389 6
118 24
74 28
52 18
116 14
213 7
95 18
346 26
196 2
262 3
253 20
123 8
312 28
226 6
347 23
339 11
356 32
175 29
43 22
470 22
315 30
209 29
368 2
378 27
275 12
269 28
355 19
23 14
26 32
399 4
106 17
311 18
396 17
94 11
62 28
300 8
449 28
136 8
265 25
230 32
4 31
271 2
241 29
375 31
392 1
490 18
213 16
163 1
488 16
399 5
171 10
276 4
410 15
287 2
276 13
417 11
367 27
489 27
183 27
77 19
340 27
276 12
70 6
12 10
193 22
310 32
312 26
335 5
348 13
98 15
489 7
106 3
405 6
166 24
160 22
218 27
160 13
403 26
282 18
343 6
176 16
41 7
441 7
411 17
348 16
115 12
226 24
43 23
165 12
274 29
153 23
175 17
335 29
246 20
343 12
441 22
443 30
208 4
60 6
376 23
181 18
95 11
414 17
93 6
48 14
254 28
208 25
364 6
209 21
9 3
252 17
420 27
134 19
282 18
448 17
100 13
350 10
239 11
34 23
193 21
196 18
133 7
430 28
296 31
309 4
41 16
252 25
458 2
291 7
431 3
99 26
219 25
428 5
63 29
287 19
394 30
257 2
88 14
225 15
176 13
186 13
297 5
29 6
26 15
345 24
409 3
190 31
243 21
435 30
429 29
116 2
258 20
51 29
410 32
227 13
12 28
5 8
201 29
62 6
204 26
34 28
200 15
91 23
191 29
100 19
450 3
145 19
439 23
52 24
322 26
136 2
42 29
141 22
173 22
319 4
311 24
340 11
426 26
453 8
158 20
87 15
118 15
18 12
425 17
255 27
50 7
432 31
383 4
184 27
478 15
135 8
206 30
150 12
107 18
99 12
357 13
75 27
415 28
234 32
364 9
142 21
83 21
356 17
348 7
223 17
245 9
317 27
34 10
286 28
272 24
256 32
69 2
306 31
125 32
378 8
232 23
252 22
443 15
130 3
350 16
319 10
413 11
248 30
305 9
438 16
417 1
407 5
226 9
23 30
104 1
41 15
271 32
500 2
103 9
208 4
184 22
249 16
365 17
394 21
381 7
96 25
375 18
485 8
66 32
153 1
112 9
207 22
336 18
299 22
38 26
389 18
236 6
169 16
486 14
120 14
244 7
367 26
68 3
69 18
62 5
6 1
413 1
259 21
122 13
38 12
119 3
85 22
268 29
305 29
167 8
470 30
490 16
380 5
391 24
394 20
21 8
477 9
464 11
33 25
347 7
96 29
349 32
318 16
285 22
220 7
249 21
64 10
229 27
147 23
243 4
422 15
291 30
47 18
336 20
43 31
354 14
147 2
22 13
21 10
142 28
460 31
132 19
480 20
170 22
330 32
18 20
26 4
1 4
266 25
207 32
371 16
297 17
465 26
185 1
475 31
76 18
69 12
161 4
419 18
378 9
93 19
352 30
54 12
393 11
40 24
478 26
11 23
279 24
92 7
312 19
493 20
204 1
299 8
461 29
45 30
169 9
436 32
458 5
224 7
12 15
154 25
173 4
263 19
343 31
117 19
477 30
246 20
22 4
396 2
464 20
23 5
281 14
356 2
299 15
144 2
342 5
298 6
165 9
20 3
471 16
365 23
97 26
478 11
5 5
304 29
17 11
305 21
136 4
238 10
91 30
95 16
382 5
1 10
9 12
405 19
155 1
129 8
231 18
222 23
183 29
407 15
203 19
199 31
75 24
124 9
169 19
448 23
315 12
448 3
319 12
153 17
325 29
428 7
238 9
141 4
378 16
322 12
462 20
122 24
456 18
52 32
168 23
378 26
150 22
156 24
381 16
145 13
292 32
111 25
277 16
153 14
3 14
437 32
494 3
204 13
156 23
128 23
310 2
8 15
183 11
131 23
174 15
120 5
50 22
197 22
333 25
183 3
175 28
3 8
30 26
172 17
164 31
359 29
304 22
284 22
380 18
253 25
392 16
221 13
101 25
471 10
118 5
120 24
272 14
15 29
31 18
337 23
336 19
371 16
264 30
329 7
271 17
399 14
304 27
455 5
36 29
190 5
77 25
500 1
135 26
353 13
403 10
63 26
440 22
81 4
291 14
50 2
342 9
223 30
67 9
402 22
453 15
310 6
103 21
434 13
26 2
254 24
179 28
166 7
453 26
26 4
359 19
9 5
23 19
50 30
112 3
395 32
245 13
445 23
365 10
84 15
16 29
318 22
208 23
368 9
433 5
108 23
468 16
343 18
198 28
431 29
46 2
225 14
382 1
137 14
399 8
136 22
260 2
163 27
492 7
479 8
423 14
67 2
53 25
232 31
5 2
411 18
191 23
192 16
156 4
170 2
399 25
171 14
462 1
124 18
215 11
229 18
40 23
379 21
408 6
47 4
476 13
165 10
444 20
90 27
183 23
4 1
415 18
90 9
210 22
182 25
20 18
414 23
409 28
355 24
458 29
283 9
210 15
302 13
155 11
103 25
149 2
122 16
131 7
144 4
128 17
116 27
438 5
58 10
25 28
13 2
165 27
118 2
94 27
26 12
310 20
288 6
85 29
77 7
472 12
258 31
396 6
246 30
106 11
31 10
66 8
315 30
42 20
455 11
351 12
86 20
459 26
173 19
134 14
109 25
469 3
56 21
92 17
50 17
159 24
179 32
327 5
306 1
277 28
355 7
92 1
490 6
314 18
445 15
411 17
256 24
271 31
448 26
167 29
263 9
428 5
48 19
137 5
475 1
317 29
243 8
269 32
309 22
246 5
85 16
158 12
387 8
354 18
346 24
34 12
344 2
104 7
420 24
448 6
5 12
222 31
375 31
331 31
128 16
288 24
83 25
403 6
428 12
7 1
275 5
84 2
354 27
361 25
279 20
18 11
275 31
233 17
433 7
35 17
342 18
476 21
470 11
98 10
486 16
374 25
348 22
82 25
496 2
177 2
305 14
260 19
285 21
431 9
259 18
333 17
139 1
377 13
391 30
358 32
133 31
340 1
40 18
33 4
419 10
309 8
255 17
154 3
413 29
312 31
402 4
123 16
156 19
500 14
176 17
274 29
440 5
141 3
90 21
14 9
86 11
232 21
95 9
83 31
173 2
29 18
242 12
466 9
354 29
295 14
174 4
190 29
384 6
91 30
354 5
334 24
131 21
132 9
301 2
83 2
164 3
399 9
466 20
5 12
181 7
201 30
70 2
466 18
219 24
131 32
12 20
363 10
28 2
218 4
412 24
5 7
467 24
183 8
119 31
251 27
190 11
152 15
192 17
64 18
25 14
186 4
157 8
382 8
394 31
68 13
455 16
83 17
327 1
352 18
155 11
96 4
257 4
455 1
68 18
210 28
64 3
184 32
295 13
460 20
367 19
196 1
450 18
241 9
98 9
426 16
399 5
448 7
472 6
455 28
123 25
335 22
411 22
110 5
434 29
244 13
299 23
473 16
272 30
228 25
10 17
473 24
378 28
414 29
25 5
92 23
385 15
185 23
296 2
352 6
66 19
234 12
238 30
315 17
271 19
230 32
399 18
39 24
177 21
329 13
173 12
199 21
198 15
55 30
380 6
427 13
205 20
12 2
217 19
154 12
221 27
119 7
140 2
247 24
314 19
368 14
346 7
246 24
301 12
93 5
410 23
329 10
382 9
259 26
167 28
289 31
499 16
209 2
269 3
306 6
233 29
419 19
443 20
178 24
315 30
128 16
140 12
41 29
148 3
322 14
415 27
404 21
370 17
254 26
271 15
71 8
436 17
286 14
4 3
473 2
84 32
246 19
260 10
447 31
289 4
73 11
230 24
467 7
440 20
440 27
131 30
66 14
350 27
443 17
17 32
23 28
219 4
174 10
257 28
237 25
239 21
247 29
136 1
271 20
285 3
342 23
72 15
480 14
461 30
126 5
41 16
76 28
119 13
441 32
72 13
420 6
337 27
482 13
83 5
104 15
167 13
281 6
203 8
363 3
386 17
491 2
488 6
389 19
18 2
334 25
210 9
250 15
123 32
75 30
188 26
424 10
474 17
147 32
168 2
42 29
350 8
183 17
449 27
147 30
104 20
406 10
85 19
64 31
238 18
264 21
167 8
482 16
96 13
19 15
490 16
20 31
443 10
231 3
476 18
60 32
209 21
97 1
471 32
352 25
1 27
485 27
358 11
10 25
299 24
420 4
291 19
330 29
492 16
327 31
437 30
250 6
202 6
290 24
209 5
232 21
312 29
227 1
387 24
474 29
467 1
324 21
331 1
341 14
64 15
492 17
256 10
350 29
87 27
333 20
484 4
356 31
132 23
315 6
22 24
406 29
32 1
245 10
85 2
387 17
456 3
1 28
120 22
20 26
192 12
205 15
268 21
173 15
347 12
121 24
127 22
208 27
107 5
372 23
242 27
191 21
489 7
408 8
244 8
369 12
131 14
314 2
338 7
149 12
474 5
255 20
146 23
110 16
267 18
147 32
444 13
56 8
232 4
243 15
95 15
262 29
36 20
475 29
414 15
260 11
95 11
190 12
181 12
196 27
485 2
158 8
30 13
211 1
28 29
88 26
415 9
199 7
128 21
27 21
499 11
483 21
5 29
184 21
176 27
483 4
424 8
439 10
352 25
418 4
453 25
353 31
58 19
169 29
427 8
282 9
334 16
369 6
288 29
374 19
135 8
122 19
495 32
216 2
60 5
77 12
342 2
83 31
184 15
287 27
298 12
387 7
184 32
172 7
12 5
434 18
252 15
56 26
319 31
444 6
108 32
94 1
153 28
199 21
130 25
151 32
405 17
262 32
496 18
410 11
182 31
153 2
102 32
179 28
35 22
1 2
346 18
90 22
473 32
38 23
124 24
382 28
429 27
319 24
280 1
431 2
423 31
247 12
494 29
295 28
103 8
169 8
241 30
297 6
249 7
168 21
226 17
104 6
43 11
78 23
355 32
488 9
294 26
153 27
214 27
167 8
446 19
115 27
149 12
104 13
450 27
121 15
171 17
33 21
203 18
239 5
469 2
185 14
163 1
400 17
340 30
44 29
105 7
323 1
422 22
1 3
48 14
101 26
402 5
283 24
94 25
12 6
451 8
27 21
89 27
193 4
196 29
64 8
247 23
404 20
164 21
94 28
230 6
429 31
327 3
86 32
84 17
334 22
496 24
498 32
138 15
363 10
279 3
485 13
313 25
248 4
349 21
39 14
34 20
412 4
30 1
132 17
445 9
146 8
176 16
376 18
186 10
499 8
16 11
192 4
427 19
8 15
131 6
204 32
365 7
24 15
463 7
7 23
471 5
199 14
148 6
163 17
15 25
500 27
200 11
210 6
333 5
253 3
467 16
478 3
423 5
225 29
7 16
496 25
88 18
327 7
471 5
271 5
354 14
367 1
16 29
30 20
497 26
162 11
442 23
294 32
492 30
452 6
453 15
179 32
492 5
126 22
49 28
299 6
369 25
306 32
93 12
231 22
173 8
52 14
383 13
181 26
67 9
75 23
431 29
411 23
313 28
88 10
136 6
115 32
403 21
388 19
312 18
84 4
214 8
98 24
36 30
25 30
262 15
325 29
56 11
171 12
122 30
81 29
496 4
113 2
320 28
392 23
321 28
466 6
167 11
185 22
45 13
156 14
12 8
54 7
66 28
138 23
482 7
148 29
118 16
226 1
111 17
419 23
296 16
21 14
151 25
16 3
118 23
352 1
2 26
47 15
129 24
105 14
106 24
290 7
363 7
11 17
484 29
108 3
17 4
445 7
36 20
213 1
482 24
133 7
173 7
49 6
215 25
115 28
257 29
395 23
123 9
444 26
38 15
89 18
382 13
424 13
344 32
422 9
51 14
307 8
85 3
229 19
359 31
470 11
451 16
86 30
121 9
383 30
431 19
415 8
355 6
432 30
325 1
374 27
407 20
302 3
238 14
141 17
373 2
415 7
178 28
248 10
380 27
159 26
453 21
325 12
262 21
357 30
109 15
164 3
114 26
209 24
495 25
152 19
163 2
394 12
418 29
489 1
475 27
459 4
71 27
439 8
391 23
121 4
229 28
70 7
101 11
398 28
479 5
166 29
466 7
332 3
256 28
180 26
318 30
361 4
124 11
275 7
298 15
218 6
31 15
72 31
65 9
430 28
369 8
388 19
6 32
217 17
243 24
195 17
237 7
4 13
206 31
79 19
25 28
380 23
434 4
390 3
420 15
246 25
266 21
123 4
408 31
236 15
439 30
415 11
485 18
91 22
400 9
192 29
316 31
183 14
374 8
100 14
243 13
434 12
33 16
483 21
98 3
443 4
500 1
267 4
478 5
25 2
378 32
154 17
491 16
294 32
112 13
9 14
441 18
65 26
349 8
414 15
470 16
38 9
416 32
305 1
13 5
122 18
101 31
434 3
463 32
306 6
324 15
279 5
460 11
90 1
94 11
459 27
62 32
384 9
152 16
221 4
220 11
405 24
469 22
114 23
269 28
356 1
438 14
61 9
181 2
57 10
4 23
189 5
215 8
245 22
111 21
381 10
159 13
354 8
326 27
262 23
90 26
391 31
455 27
276 31
452 16
261 7
51 13
223 29
372 23
482 10
283 10
163 10
498 20
125 23
335 14
269 4
355 3
303 14
461 10
296 24
465 20
218 31
208 8
483 19
258 12
60 9
177 15
38 10
442 2
349 16
47 13
404 22
480 22
415 12
339 14
204 23
470 1
170 1
65 16
256 6
468 15
66 16
241 31
170 31
116 26
162 15
486 1
268 21
326 6
257 20
95 4
467 20
84 32
241 12
139 8
322 10
162 31
250 19
194 19
141 29
288 30
175 17
71 14
90 20
179 6
60 6
9 18
337 12
365 13
240 31
424 9
109 10
151 2
192 4
128 12
357 31
485 11
391 7
29 20
303 11
29 2
480 1
443 9
129 3
245 4
309 9
132 9
106 18
478 13
478 29
480 22
75 32
68 10
223 24
297 1
303 22
90 18
362 20
450 2
190 15
61 22
363 16
119 8
474 8
116 23
257 11
488 31
410 11
296 16
151 5
360 5
270 17
438 15
184 16
325 25
434 21
75 20
281 13
467 6

