256
116 6
240 17
397 2
386 7
345 7
177 17
167 4
18 14
311 15
13 15
172 3
394 19
129 25
377 12
92 4
17 11
349 28
155 21
134 13
399 10
459 19
186 21
102 24
203 1
30 11
259 10
397 16
348 26
440 16
497 11
395 6
441 28
473 16
340 30
340 11
435 14
313 1
126 19
380 4
179 29
246 1
462 27
292 1
20 23
236 24
465 3
85 21
226 30
204 13
367 31
155 2
396 20
478 14
234 25
201 24
469 31
52 27
293 7
443 12
425 11
383 29
161 32
497 10
229 21
302 23
299 13
100 31
276 25
216 5
285 28
124 6
66 19
36 18
221 26
373 21
8 32
237 16
75 1
405 27
137 15
249 8
15 9
482 26
129 17
2 18
316 25
371 6
151 22
443 3
235 20
367 19
275 7
262 17
39 27
3 28
225 27
463 3
303 8
380 4
492 25
49 3
357 11
392 27
176 31
229 14
354 19
4 4
401 2
328 31
284 30
466 4
432 28
246 27
371 1
370 26
209 18
373 9
188 4
423 27
302 31
124 19
301 8
134 9
245 9
343 4
142 1
387 30
88 12
364 31
460 21
24 4
2 20
436 1
216 14
51 25
212 2
376 28
5 1
268 17
174 10
480 15
270 26
444 6
201 3
20 16
391 27
31 28
143 30
432 6
27 22
78 22
360 9
453 32
314 20
317 19
182 4
5 7
366 13
160 2
107 15
78 6
426 4
93 24
278 29
129 12
358 26
394 9
11 18
285 12
418 25
162 3
100 30
253 25
318 21
383 25
295 12
274 12
271 30
491 16
242 31
204 12
177 29
20 27
146 28
10 19
256 3
365 16
40 30
172 10
234 2
134 20
217 31
100 28
476 2
91 22
61 6
169 25
94 20
275 16
344 24
154 3
158 23
306 25
340 26
258 5
235 3
452 8
1 23
495 29
345 13
398 25
231 18
493 20
105 3
415 20
254 5
47 19
291 8
311 14
33 13
54 28
163 9
275 16
112 5
196 24
57 29
212 3
158 32
463 18
26 25
62 27
149 28
41 23
163 23
272 4
123 21
167 18
34 1
5 29
413 12
304 21
292 3
108 21
422 14
414 3
150 11
77 3
286 9
89 9
319 29
496 2
37 10
431 14
306 19
270 14
486 29
38 5
439 25
281 32
66 30
10 12
373 30
366 14
202 6
106 5
166 1
166 19
466 24
328 19
382 10
340 7
22 2
347 5
226 3
172 32
172 6
211 8
267 24
202 9
381 11
193 31
112 18
305 21
157 16
52 18
433 7
108 31
472 2
267 2
432 6
341 3
471 11
351 14
478 32
410 30
62 2
108 21
15 12
454 27
248 17
60 20
247 3
486 31
324 20
268 7
42 32
61 4
10 19
453 11
314 6
196 28
19 4
252 25
419 25
55 10
413 30
50 32
484 15
82 3
491 29
413 28
160 18
247 5
236 16
7 22
265 22
129 28
209 32
168 8
289 7
497 1
188 14
416 4
285 29
330 31
49 15
10 20
68 24
228 3
159 6
204 28
140 8
411 20
64 10
327 32
152 12
256 20
73 32
215 21
372 28
483 21
138 12
332 9
304 32
8 10
497 3
89 32
43 27
336 18
281 14
309 20
189 16
327 18
439 29
118 11
437 25
435 2
148 6
279 7
29 22
265 10
348 21
13 2
56 28
347 20
214 3
471 2
275 14
15 1
338 25
79 2
289 9
348 20
483 14
239 19
263 11
388 26
207 5
352 14
452 14
449 9
409 8
419 3
217 29
451 30
269 14
32 5
394 3
345 4
356 19
239 18
85 18
431 27
378 6
257 22
36 9
346 4
328 8
330 4
49 8
302 25
309 1
78 11
415 22
430 18
4 4
91 4
146 13
434 11
155 6
204 6
99 30
485 30
313 14
322 9
445 3
234 10
159 31
160 5
84 1
194 27
109 24
378 26
156 27
128 22
353 4
203 15
233 3
376 5
204 13
110 5
23 15
254 17
5 1
105 32
353 10
26 5
81 23
66 5
65 2
250 17
377 21
71 5
491 11
5 7
347 22
195 6
12 24
254 16
212 11
455 24
156 8
25 21
234 26
177 15
487 18
271 31
82 30
175 29
492 12
471 30
349 13
411 5
464 25
228 27
23 3
238 22
14 14
118 8
408 2
102 2
424 20
461 25
65 3
281 24
18 23
246 15
267 24
79 6
172 6
256 18
488 18
76 18
311 17
453 6
191 14
464 6
277 8
322 18
262 19
249 24
205 30
498 12
354 24
53 5
233 17
71 5
6 30
426 32
190 14
386 32
431 13
197 27
476 3
400 29
325 21
368 29
346 25
352 7
144 25
224 13
65 2
301 10
439 6
237 12
455 14
360 13
322 16
443 13
278 19
386 6
195 29
131 24
470 10
239 5
238 10
193 10
107 1
223 9
70 28
376 24
433 31
260 3
495 11
403 32
249 24
374 3
41 8
482 10
189 24
326 19
385 31
432 11
363 15
387 5
318 7
456 18
349 32
356 19
122 3
467 6
398 24
312 14
47 1
151 15
69 5
13 25
199 29
296 1
303 22
493 20
296 1
221 1
368 25
191 9
187 5
358 20
496 21
226 26
17 24
129 13
408 9
390 30
289 9
167 15
218 3
414 26
311 7
362 2
63 12
18 25
61 23
36 12
247 13
302 32
341 14
52 32
274 17
206 27
125 28
357 23
234 11
412 1
405 9
426 15
28 12
419 4
170 18
496 13
419 21
384 3
78 23
358 23
228 31
265 32
286 26
398 24
244 5
268 20
433 25
318 1
488 8
400 6
41 19
130 23
395 29
217 8
151 27
27 26
341 15
82 19
116 15
350 11
492 1
358 32
13 31
88 29
262 4
362 31
86 19
261 29
207 14
156 1
108 2
87 32
325 20
278 24
350 27
3 21
447 32
469 20
387 20
312 4
395 17
302 13
367 23
165 17
244 12
281 11
2 11
150 30
238 28
321 32
406 23
132 17
183 8
164 21
360 19
420 18
203 26
438 5
136 6
345 19
422 5
81 31
196 6
304 13
9 16
224 23
447 32
471 29
307 10
401 2
312 8
272 30
245 17
286 16
311 22
462 8
458 30
358 9
124 1
290 4
284 1
250 22
368 32
210 7
205 2
44 4
486 27
233 10
376 2
462 2
499 27
269 17
317 14
165 28
138 14
127 29
319 25
3 14
448 4
64 1
378 28
20 15
274 5
444 1
122 17
186 29
180 10
133 4
283 5
491 4
103 29
45 1
493 19
458 13
462 2
445 27
333 16
53 18
68 1
107 26
105 20
14 28
98 2
483 20
294 29
152 24
90 24
168 14
94 6
226 31
351 6
246 3
486 2
140 9
350 6
446 19
390 23
90 23
308 13
366 30
397 1
349 2
64 13
272 1
494 9
64 24
19 25
230 4
162 13
260 28
467 14
466 12
220 27
342 28
331 11
129 16
428 13
417 3
345 32
352 10
389 3
33 23
427 26
114 20
483 5
451 25
282 28
156 22
27 5
381 29
259 9
436 26
337 29
381 14
244 32
371 4
498 24
38 28
165 19
215 23
228 30
299 9
137 18
362 15
154 14
20 5
454 23
450 11
159 26
324 15
265 14
386 26
449 12
389 22
426 4
464 21
473 27
14 25
68 27
272 2
173 19
486 30
449 3
268 28
469 31
362 21
489 27
347 17
22 3
254 4
190 18
304 6
332 21
123 23
248 6
472 24
388 29
45 32
448 29
295 28
107 4
352 7
107 30
384 4
137 29
131 6
206 31
192 25
455 10
288 2
411 7
473 6
272 14
485 3
34 32
486 4
139 13
87 1
387 2
225 11
106 11
52 12
141 27
52 28
408 19
149 18
302 22
467 29
491 28
143 12
83 28
15 29
168 25
466 18
70 2
280 24
248 12
191 21
74 6
188 10
285 12
3 18
309 18
362 3
273 12
174 7
335 29
75 14
141 32
260 15
285 27
90 13
222 8
273 12
373 16
333 5
147 15
446 28
156 3
458 12
162 12
282 20
172 21
202 28
452 1
374 21
203 15
269 1
94 1
276 3
204 32
327 10
442 29
9 14
79 3
25 13
450 11
440 21
219 1
136 18
305 26
258 28
324 6
284 30
270 7
88 21
18 6
379 19
38 3
408 1
205 25
61 18
443 12
330 1
493 22
34 13
327 24
156 22
169 3
419 3
201 18
467 14
124 21
29 25
84 32
129 28
220 5
146 26
393 19
26 29
292 12
385 22
203 17
472 31
183 30
13 28
100 24
453 7
176 9
235 3
269 24
399 32
108 12
354 12
222 19
88 6
290 17
187 32
365 6
67 19
252 31
134 19
58 23
277 2
419 23
344 7
78 2
379 10
341 32
37 11
462 29
132 16
449 10
447 13
328 13
211 19
92 13
485 1
283 29
86 1
475 6
92 1
375 14
442 20
53 30
130 30
454 13
117 6
430 28
214 5
76 17
39 19
473 27
20 31
135 21
307 10
238 6
14 1
71 19
180 31
284 17
137 10
273 9
139 18
168 1
311 12
333 13
114 13
76 17
411 30
442 9
171 31
319 16
495 1
490 18
364 18
186 28
215 30
456 9
12 8
261 6
219 25
226 16
397 25
169 15
11 6
228 29
492 6
69 3
138 14
12 5
35 22
352 25
359 4
454 2
431 10
395 29
159 25
184 7
421 12
66 7
165 13
316 21
190 16
495 23
293 10
180 28
407 27
428 18
338 21
339 8
299 26
472 1
206 16
363 2
211 28
113 12
72 12
384 25
163 22
292 23
235 11
134 30
1 6
111 3
146 1
162 24
34 14
252 11
141 31
69 23
394 21
78 2
460 1
78 26
190 9
428 21
191 2
122 24
327 32
86 32
32 3
268 26
232 15
156 12
485 16
427 7
108 4
196 3
169 1
40 26
346 12
338 28
29 31
79 19
190 12
178 30
263 9
139 30
316 26
70 4
74 12
30 13
203 17
100 19
202 11
433 27
106 26
82 2
81 9
340 22
28 6
195 2
166 9
340 5
331 9
485 12
108 18
436 2
443 7
385 20
174 1
190 7
290 3
265 18
487 28
344 31
325 26
360 15
223 31
175 5
459 27
160 26
377 7
80 15
130 16
314 31
336 15
433 9
329 13
199 28
153 2
182 9
431 25
319 29
92 10
409 30
356 16
320 16
15 19
402 4
418 31
298 17
421 6
81 30
279 19
417 27
24 18
259 15
490 26
311 1
275 12
335 6
491 22
214 17
256 19
500 9
182 21
277 30
231 17
55 13
488 19
143 23
420 9
317 14
182 16
194 4
199 12
438 21
385 31
46 8
117 25
16 2
46 8
104 8
353 26
136 28
481 26
202 16
30 23
161 4
350 11
371 32
86 16
88 23
310 25
166 31
30 14
428 31
177 31
202 13
393 25
220 5
318 26
272 19
496 17
262 21
139 29
244 16
144 7
398 26
168 4
84 17
97 23
475 5
246 20
154 14
364 25
362 29
498 5
231 1
417 5
337 15
329 8
335 12
115 4
129 14
147 28
182 23
427 12
220 8
183 13
161 10
97 6
430 23
358 20
439 31
4 12
385 24
59 11
156 1
451 8
158 21
348 11
44 22
346 7
297 20
487 17
277 23
182 2
29 31
70 4
165 13
447 10
257 1
120 8
30 2
47 15
371 18
378 2
371 15
380 3
455 26
475 31
152 8
141 29
399 22
500 3
282 14
316 6
302 32
153 15
357 28
370 23
149 23
344 20
173 31
186 7
440 9
210 8
372 6
124 22
59 3
185 28
272 4
434 29
287 14
256 4
489 9
222 22
75 18
157 3
140 30
226 8
58 15
23 22
136 18
51 14
472 3
237 3
87 10
167 9
108 10
16 32
398 6
85 16
155 29
71 6
287 28
225 32
82 27
125 29
96 32
114 31
262 18
161 8
224 32
73 19
101 28
278 27
29 7
322 23
307 28
329 29
391 9
141 32
4 17
40 15
144 5
18 18
207 14
457 18
357 9
260 22
321 21
308 5
103 25
384 30
225 24
354 11
468 22
87 3
463 6
274 22
483 31
363 1
320 32
118 25
200 21
134 12
117 29
221 4
421 12
481 9
19 26
112 2
32 30
161 22
27 22
303 13
76 18
49 31
337 30
423 24
394 4
408 27
200 20
434 21
435 30
469 1
451 16
290 6
129 6
31 16
235 6
16 14
499 9
409 7
82 3
74 24
91 1
190 6
312 15
114 18
240 23
50 2
14 20
228 19
141 2
150 20
91 29
389 29
81 13
127 11
332 1
342 22
237 19
63 21
5 21
498 12
463 24
137 16
239 20
322 3
122 3
458 28
340 23
5 4
347 27
286 18
387 15
451 28
361 2
376 1
394 21
312 32
124 25
35 22
164 17
445 1
31 14
53 18
100 21
494 7
391 3
476 10
110 31
105 18
292 20
39 21
56 30
244 20
2 2
393 2
190 1
154 5
91 30
442 18
114 11
340 1
270 16
338 31
94 14
52 13
125 2
421 8
144 20
63 21
497 4
162 7
496 24
407 18
225 32
128 7
339 27
47 24
486 16
338 23
177 5
463 29
183 3
184 6
102 31
322 11
406 16
285 5
3 27
487 27
94 26
417 4
284 7
391 30
50 16
200 18
321 23
230 27
249 18
180 15
364 25
301 17
336 9
21 14
479 11
269 28
324 9
356 24
500 26
81 5
326 8
479 30
294 4
500 23
325 23
97 4
31 29
308 23
333 9
408 7
187 12
234 23
213 1
322 4
187 2
464 4
385 30
157 7
2 24
425 22
186 1
218 28
121 13
286 1
57 22
467 8
73 8
458 21
141 11
200 3
384 32
190 20
457 6
298 30
205 22
488 10
446 13
309 18
433 23
370 14
492 24
85 12
388 18
201 8
172 24
58 7
415 15
174 20
444 20
385 16
249 4
241 31
280 29
112 9
495 2
54 30
21 10
254 24
31 10
491 22
57 8
460 24
146 21
47 9
160 27
440 17
7 16
455 14
81 30
350 31
251 11
117 24
244 6
383 14
175 14
31 15
273 30
54 11
327 16
63 26
235 11
246 9
34 24
378 6
118 12
245 20
186 1
491 10
82 26
407 20
451 26
338 27
131 8
197 9
47 24
295 1
114 12
225 27
92 31
465 25
386 5
428 31
273 23
352 10
496 31
109 22
400 30
224 14
41 21
339 28
32 25
220 13
376 5
143 7
251 7
27 12
371 11
58 15
225 18
496 16
20 20
221 7
254 20
300 22
68 10
233 19
122 13
95 6
101 6
316 19
400 11
338 23
297 7
265 21
156 29
444 7
216 8
297 1
459 1
115 3
234 7
477 12
3 20
205 3
13 28
157 4
214 18
386 26
93 31
234 16
411 17
127 10
192 3
299 19
371 1
381 13
111 9
312 26
132 8
272 20
239 17
260 9
126 17
166 26
147 16
170 9
428 32
387 24
70 29
474 5
449 30
397 3
62 8
376 2
279 24
189 17
428 12
321 9
297 27
123 11
386 12
352 9
439 6
136 12
274 9
300 30
166 32
484 12
255 28
273 21
211 1
402 26
113 30
42 9
60 4
203 1
159 6
462 25
143 9
105 12
410 20
341 23
452 9
154 26
36 14
91 22
91 20
235 27
65 16
315 9
144 21
421 2
275 18
399 5
183 31
37 12
110 25
18 5
53 4
471 4
449 13
37 31
404 7
297 16
251 27
296 10
332 1
195 10
302 5
374 12
151 30
427 21
491 25
173 23
468 23
187 12
55 19
307 2
346 3
130 16
418 9
341 13
493 3
206 27
332 3
482 10
193 29
94 23
205 23
429 16
261 7
439 16
190 5
477 19
52 2
482 5
383 26
69 19
60 6
373 3
204 19
373 8
467 10
282 3
84 11
194 13
177 12
364 10
81 12
252 24
298 29
452 24
258 12
406 18
145 23
60 24
337 32
96 23
102 29
177 9
439 10
233 24
205 16
333 5
288 29
120 9
21 23
116 15
442 9
300 18
3 19
286 7
143 9
493 28
461 21
280 12
390 25
367 19
460 3
83 3
135 19
183 24
125 10
138 11
171 5
4 17
295 5
216 9
373 20
32 18
81 8
233 6
176 31
268 7
1 15
234 32
405 20
143 9
66 28
447 16
216 15
464 22
91 23
299 32
239 2
297 19
493 13
492 8
331 16
155 11
462 24
318 30
155 32
246 8
91 25
11 26
495 23
168 25
153 14
400 23
499 8
413 24
428 1
363 30
368 13
293 13
108 18
398 15
422 15
186 12
39 13
170 13
171 21
470 15
6 29
270 16
269 14
51 24
290 6
158 29
134 30
189 22
59 18
356 32
81 25
344 7
89 17
356 7
201 25
286 6
397 27
265 25
88 28
213 22
433 6
238 18
171 27
159 17
364 10
413 12
407 28
267 7
120 6
458 16
298 3
229 18
149 9
211 4
160 27
317 4
496 11
10 2
185 28
98 16
34 2
196 8
117 14
138 8
287 27
407 16
189 11
481 25
480 11
425 23
169 21
83 4
499 16
33 3
259 23
435 16
344 14
287 21
295 5
48 13
371 19
368 28
441 28
248 16
95 16
411 11
117 1
279 3
436 19
2 26
145 24
190 1
269 32
301 31
252 16
495 3
154 6
386 31
265 17
14 7
9 20
122 5
120 32
443 3
414 12
101 27
83 6
251 7
117 15
265 9
250 15
195 32
176 8
350 21
64 11
299 24
491 12
48 18
23 3
165 29
138 17
51 17
406 17
275 26
203 28
94 28
354 12
59 30
367 24
322 11
123 12
2 1
244 30
74 2
244 6
258 13
206 20
305 11
460 20
189 2
175 6
318 24
70 24
261 4
136 6
218 18
406 16
74 9
473 3
470 12
441 8
448 30
35 21
313 31
36 13
360 22
282 29
89 3
405 2
139 4
283 20
1 24
427 6
40 15
424 10
466 16
89 18
214 11
18 22
469 13
378 9
114 19
357 14
362 25
403 28
4 22
59 16
77 18
281 13
88 29
478 26
124 6
467 25
40 16
66 25
36 15
41 29
454 5
202 23
10 25
370 25
142 32
221 26
265 29
186 17
261 27
258 5
432 20
73 16
59 11
36 30
433 8
94 26
324 3
256 9
103 1
50 8
53 10
166 17
326 7
373 31
70 10
471 1
353 31
176 31
33 23
356 2
286 21
55 10
300 11
294 18
287 19
350 11

