256
169 13
85 30
262 32
71 5
268 7
293 2
158 27
280 25
16 1
453 16
49 24
164 10
170 28
453 7
245 22
115 29
14 31
27 15
419 13
323 26
95 3
499 16
118 15
345 29
107 29
120 15
181 19
56 6
307 8
308 3
425 30
463 30
325 25
65 27
437 31
280 24
206 15
135 31
261 15
159 11
480 6
226 32
412 17
361 6
141 17
268 21
442 7
3 10
71 31
360 4
305 24
243 30
122 1
184 2
412 22
100 27
323 5
402 19
106 30
304 14
430 32
162 28
154 20
341 4
82 9
287 15
396 1
100 5
110 8
102 17
181 17
411 24
378 4
90 11
425 1
432 15
316 25
430 5
109 14
397 30
26 15
132 21
64 24
141 17
219 30
45 27
295 11
254 4
470 27
6 14
236 5
100 27
233 5
224 9
151 8
235 8
154 18
449 5
301 21
93 7
183 21
122 1
295 19
148 12
70 17
158 9
145 21
59 17
286 2
70 12
253 32
315 31
373 15
327 26
56 24
396 22
260 1
66 11
244 25
318 1
69 15
469 29
84 11
441 29
161 6
360 21
17 26
171 22
141 22
415 12
121 14
137 24
31 22
286 2
266 24
438 22
282 10
250 9
136 30
85 32
52 12
209 8
322 7
309 14
80 11
361 8
237 25
284 7
198 1
244 27
24 9
500 30
290 1
22 5
438 11
73 1
402 25
409 27
363 5
36 27
292 32
494 8
244 1
498 5
346 21
107 25
125 14
378 14
206 28
190 12
358 22
336 27
246 20
186 13
313 29
51 8
321 8
187 20
173 28
209 10
128 23
90 12
273 24
17 18
219 10
325 24
24 9
38 13
256 7
229 20
296 31
375 32
175 9
179 15
448 11
68 19
54 25
178 6
476 22
7 2
456 20
121 31
344 11
99 23
233 4
371 20
458 5
143 8
10 6
330 17
412 13
384 17
406 1
494 21
459 13
279 22
184 15
96 27
261 30
329 10
373 27
21 3
148 16
314 13
189 32
317 4
244 32
417 17
113 10
234 23
114 28
188 21
262 31
27 3
328 32
368 29
406 8
383 25
255 8
413 11
43 2
43 19
281 3
287 1
72 8
167 2
383 2
334 13
340 5
371 28
420 26
72 29
329 22
82 24
1 26
26 4
75 16
182 28
230 24
452 30
192 19
339 2
176 20
422 20
236 28
35 27
233 6
36 22
411 13
497 23
314 14
158 1
294 15
448 15
11 23
176 6
369 10
479 29
38 21
60 21
44 30
484 5
403 7
42 29
487 6
427 24
263 13
392 16
275 19
431 1
90 10
190 18
324 13
2 17
273 29
337 16
210 20
296 28
190 13
276 12
78 11
328 5
139 27
248 17
262 18
254 23
340 23
160 15
315 22
375 3
426 3
255 12
235 6
99 16
91 31
452 4
281 31
360 31
53 28
35 6
341 32
164 8
435 4
342 25
337 20
188 10
279 14
249 13
343 28
288 5
74 23
453 2
221 16
124 14
123 14
439 24
150 15
143 4
130 21
332 10
200 23
431 30
312 8
342 23
231 6
291 28
220 3
361 17
407 28
418 29
345 16
492 22
310 19
77 15
471 21
256 14
131 11
500 15
218 21
449 20
322 31
103 22
334 11
186 20
298 3
120 14
310 4
488 16
450 28
410 28
176 22
441 27
204 20
101 17
485 13
72 2
491 18
51 12
340 28
415 1
42 15
482 16
350 17
175 7
237 28
218 28
101 10
70 16
302 30
428 6
422 3
295 21
376 30
88 15
285 31
203 23
389 29
382 30
5 4
388 25
491 5
5 16
114 10
99 11
448 31
52 17
377 23
485 21
44 5
319 12
427 18
358 15
58 7
256 26
498 15
155 9
99 7
284 32
84 22
127 23
260 26
104 21
376 12
93 3
12 11
451 18
284 16
456 9
251 11
107 32
57 21
440 11
419 31
367 10
105 21
237 8
374 8
352 30
279 4
20 3
207 14
80 10
130 20
35 20
302 21
331 23
401 27
13 3
197 11
24 13
75 12
17 13
99 16
50 6
16 9
20 2
39 27
415 20
338 29
251 12
441 25
350 25
407 2
363 12
445 7
256 11
498 12
319 5
196 32
326 15
437 17
136 31
147 26
346 25
203 24
328 7
380 5
40 3
390 26
242 18
140 5
205 18
473 19
438 12
391 31
230 27
311 9
5 25
118 10
145 24
149 20
19 16
352 30
18 30
311 31
427 23
108 11
292 20
6 29
247 16
195 24
426 9
192 2
165 1
131 18
333 11
485 23
10 29
260 12
430 10
138 8
372 13
339 7
176 16
95 30
91 29
249 8
145 20
297 6
453 19
323 13
409 27
339 22
143 22
297 16
167 11
280 31
179 10
257 23
461 8
128 23
492 9
66 9
20 6
150 16
492 4
460 20
278 30
169 21
395 10
196 18
400 27
156 10
92 20
136 28
263 20
454 31
344 15
95 23
84 20
39 11
215 2
326 20
500 7
116 18
460 12
159 3
138 18
140 10
78 12
133 32
243 23
298 26
309 4
152 25
487 22
319 13
392 1
397 23
491 8
136 22
27 11
160 25
460 3
246 1
278 6
81 12
168 30
457 1
122 21
221 24
2 27
161 1
35 5
135 1
272 31
326 31
269 13
315 4
136 24
469 29
141 5
285 25
426 13
285 3
53 17
7 11
395 31
299 6
75 2
306 14
260 28
348 8
468 2
459 23
73 15
368 22
327 28
374 21
244 6
3 9
14 17
203 32
27 29
189 17
138 11
299 29
330 10
276 13
12 15
400 4
13 23
1 16
270 6
444 25
31 26
309 32
307 19
156 25
216 4
434 13
42 8
102 19
433 13
168 28
315 3
380 24
37 24
167 10
254 10
318 8
259 3
32 13
341 7
398 4
234 15
261 24
118 26
498 6
294 9
494 1
435 1
436 3
252 30
128 21
415 14
141 9
276 4
90 4
62 27
376 19
169 24
70 30
201 20
335 22
436 4
454 7
52 13
193 28
194 21
160 16
470 12
485 17
175 14
64 24
60 27
383 16
426 20
217 2
223 15
324 3
83 13
233 22
18 17
289 3
449 1
171 6
452 11
14 27
80 10
66 31
368 28
70 22
104 26
475 22
40 14
188 26
427 32
108 20
197 32
358 21
48 8
63 12
386 16
478 9
153 23
455 29
491 20
18 2
365 8
271 21
142 15
230 16
230 29
215 30
437 24
71 28
304 13
483 17
60 12
6 21
3 32
437 21
40 2
290 32
149 12
160 30
222 2
209 8
78 15
377 26
51 23
498 6
283 28
246 31
292 15
259 10
415 3
490 2
352 19
209 12
42 21
142 24
110 22
215 19
329 3
53 11
242 2
84 28
233 5
70 4
432 12
21 2
226 10
151 17
492 3
429 26
79 6
1 12
271 15
227 31
9 11
329 10
180 24
478 8
93 31
140 16
227 24
221 24
374 19
381 29
433 5
102 12
230 6
403 4
168 21
451 5
111 11
130 10
43 19
406 31
6 29
10 28
56 30
35 21
304 27
146 4
427 7
99 8
349 6
8 32
334 14
396 25
440 18
86 26
484 19
320 21
387 5
424 3
410 3
223 17
77 8
301 28
115 3
159 27
104 14
182 2
179 30
382 19
103 27
304 18
162 4
427 28
156 22
342 10
160 21
130 21
432 14
92 10
33 18
64 24
472 30
73 26
175 18
120 9
477 24
66 26
251 32
37 2
194 19
323 13
295 5
293 2
86 16
476 2
338 15
254 1
136 18
458 6
484 6
290 16
205 8
449 23
347 29
212 28
363 3
97 21
339 9
87 24
125 2
394 26
452 19
270 28
324 19
101 7
8 15
470 20
246 30
18 28
255 2
336 9
468 32
478 10
172 20
81 32
477 26
109 4
472 18
71 16
309 32
306 28
62 12
380 3
397 25
102 3
330 21
120 29
72 9
454 28
364 7
243 16
212 20
471 12
81 18
331 9
65 16
57 30
467 20
284 4
184 29
366 6
26 17
162 5
285 8
396 20
2 27
339 13
342 22
248 18
203 18
15 23
270 31
244 28
358 19
451 29
467 5
258 32
5 4
293 14
387 4
289 24
178 4
304 11
141 28
145 31
185 23
313 14
433 8
394 6
286 8
182 8
364 4
96 1
211 12
362 17
279 14
40 13
129 11
179 9
98 19
315 19
185 27
88 29
34 9
258 27
177 4
423 28
83 10
112 13
461 9
93 3
475 4
47 7
326 6
76 20
400 22
410 1
369 5
53 18
330 31
73 30
454 15
249 8
68 21
180 12
333 16
118 19
107 29
262 32
94 9
411 25
78 24
281 14
169 22
200 10
348 12
355 21
470 31
188 17
315 15
268 16
194 9
306 16
253 27
435 6
107 2
43 1
17 23
482 21
8 13
182 31
156 4
359 17
343 14
217 21
116 28
8 25
73 6
312 9
84 23
375 3
444 13
79 16
91 16
145 15
445 2
157 20
66 32
429 8
265 5
268 9
481 32
393 5
441 9
229 4
451 27
418 22
371 8
205 10
408 9
412 20
379 4
155 16
287 11
203 16
80 18
284 16
97 24
112 21
380 32
413 30
295 30
427 1
326 24
126 29
184 1
288 10
309 22
357 7
25 15
498 16
233 13
163 17
309 18
218 4
317 30
222 11
311 20
276 32
335 21
72 11
494 11
432 26
301 13
100 1
403 22
132 27
82 14
316 6
271 17
134 15
366 11
198 8
206 5
164 9
429 3
411 14
94 6
427 14
334 7
422 13
476 29
223 29
198 18
151 8
274 12
406 15
490 15
315 19
279 30
87 12
64 13
333 13
43 32
254 4
286 7
112 1
431 23
21 12
76 31
299 10
306 9
488 31
11 14
194 10
483 12
201 11
481 13
55 11
292 17
250 17
187 30
41 26
48 14
449 27
436 24
324 22
304 28
240 22
317 5
307 20
417 19
50 9
244 20
271 11
116 32
316 27
233 12
124 16
473 24
255 5
171 14
2 14
241 13
344 18
26 2
61 2
361 2
190 20
65 28
342 25
183 25
187 24
69 6
47 29
85 17
449 12
83 26
285 7
43 28
232 24
130 28
361 18
105 2
445 18
213 2
54 23
147 28
14 31
253 21
255 29
65 28
296 3
357 1
322 27
60 1
466 25
49 10
178 25
227 14
174 7
112 19
38 10
170 11
324 14
463 2
463 4
485 18
26 18
190 15
92 14
104 30
438 12
235 16
8 18
293 14
104 12
260 21
13 14
192 28
203 30
118 5
33 26
275 7
147 8
257 23
417 4
148 27
215 26
174 19
47 6
404 3
222 31
143 6
296 22
274 7
340 31
15 20
196 1
134 3
457 15
433 29
102 12
79 1
165 32
391 16
70 18
214 23
160 8
228 28
42 29
158 17
243 12
456 19
165 30
485 21
332 13
197 29
52 8
453 28
231 15
279 12
488 28
294 16
200 30
159 1
374 12
473 21
339 20
259 3
17 27
327 28
215 8
485 30
151 21
333 21
132 4
385 3
455 2
470 2
51 28
394 25
295 18
393 30
146 19
340 22
449 23
362 19
394 10
280 12
134 8
128 1
223 32
236 10
190 21
331 32
37 13
16 23
294 4
316 3
114 20
453 2
26 10
224 7
11 3
166 16
115 17
409 21
305 20
218 18
52 9
437 24
477 9
419 18
416 2
61 2
445 13
91 30
326 23
92 8
169 21
331 3
50 7
324 22
86 21
403 2
293 23
225 17
495 7
391 11
433 23
440 29
315 14
51 24
196 30
179 29
251 21
351 24
452 22
357 21
67 19
378 7
301 15
332 8
449 26
58 29
376 29
462 18
230 20
181 14
5 7
494 3
71 8
406 22
370 6
263 8
224 32
498 1
446 5
320 3
402 25
479 13
77 24
318 30
155 6
83 28
60 20
414 7
272 24
356 25
285 6
428 21
462 13
33 19
254 28
5 15
432 20
136 8
127 25
165 22
155 16
441 10
175 14
48 30
377 12
86 2
77 21
170 22
290 10
149 19
257 29
401 24
340 28
47 27
341 3
100 19
458 32
60 21
97 12
430 18
215 8
487 7
232 8
181 29
61 5
267 21
185 16
356 17
407 10
491 31
112 26
93 30
333 13
406 5
112 3
106 14
54 8
468 6
303 16
10 31
180 17
31 21
148 30
389 10
287 15
5 19
172 25
172 32
453 1
136 28
263 26
93 13
389 29
454 16
412 19
406 32
91 1
160 2
174 24
496 5
130 20
63 13
448 6
8 17
310 15
316 8
440 21
240 9
321 5
20 28
8 5
27 26
65 14
188 3
85 7
403 10
182 29
218 5
198 1
381 7
424 1
282 23
457 2
191 5
66 22
212 29
339 27
23 31
424 18
493 13
244 7
426 17
359 12
257 4
72 10
118 27
186 24
210 30
273 16
270 30
314 1
115 32
71 17
406 3
50 31
207 25
145 4
421 8
127 29
263 27
166 21
397 15
484 6
344 4
210 13
297 27
446 27
26 8
399 23
362 12
181 24
92 26
52 12
33 10
41 11
80 14
379 25
409 10
286 8
469 19
217 14
221 2
176 6
29 19
381 19
374 17
162 2
90 5
329 10
95 21
269 18
427 19
354 31
361 8
438 9
338 26
94 7
19 30
156 4
48 8
290 13
449 31
442 2
16 27
12 18
343 32
135 17
278 13
307 14
332 21
319 13
102 12
79 9
385 31
20 24
474 1
57 30
463 18
164 2
472 11
439 27
158 22
435 27
266 26
425 21
338 31
117 27
6 20
411 19
134 14
174 23
90 14
233 13
432 20
382 11
422 1
69 7
98 16
365 23
97 9
311 22
235 11
76 17
326 19
483 15
268 12
270 14
442 26
114 25
249 7
127 10
19 8
100 28
51 16
182 31
457 28
432 31
123 3
135 4
345 17
111 21
329 24
174 22
381 27
494 29
485 16
2 8
167 21
471 13
268 21
67 28
348 30
119 22
209 9
270 21
74 12
369 22
259 10
171 19
180 24
471 5
135 20
20 30
424 14
74 11
346 21
267 18
490 1
15 18
489 32
103 2
15 15
463 13
365 1
115 28
148 13
412 31
260 11
140 7
125 5
226 26
205 24
15 11
228 18
244 32
17 2
278 28
317 24
8 9
77 7
428 16
411 4
62 19
122 9
205 6
266 10
68 6
421 10
368 24
315 12
216 12
457 25
67 29
436 14
157 8
48 9
440 7
276 5
129 25
54 17
143 27
115 30
492 27
495 16
387 2
323 10
345 7
298 19
256 17
336 8
449 20
200 16
342 27
240 18
224 1
6 18
315 28
279 27
211 21
18 9
434 4
402 2
322 19
40 13
283 20
193 27
111 4
470 32
71 30
125 18
354 18
363 25
454 17
327 4
265 28
112 27
239 29
180 8
63 16
489 17
299 9
280 9
424 21
360 10
310 24
139 16
317 29
36 22
493 26
137 18
409 4
160 19
112 7
58 14
410 14
75 24
78 10
116 2
306 7
199 16
162 6
483 7
42 6
452 15
231 21
144 19
188 11
137 24
493 30
29 7
92 3
462 1
308 30
22 10
256 13
81 2
262 23
100 19
432 3
189 26
491 32
152 15
338 16
182 27
185 10
233 24
313 30
445 24
123 26
85 31
390 25
500 23
79 7
306 10
353 10
171 32
30 14
374 19
165 19
197 10
116 13
125 8
327 25
400 5
91 32
31 24
1 2
335 7
332 24
89 17
485 19
380 10
137 29
233 29
11 9
2 10
414 7
406 32
251 17
40 17
140 7
173 8
304 23
71 16
498 31
320 14
473 15
200 17
155 20
114 25
416 19
142 17
93 19
420 24
55 20
36 19
234 16
38 1
418 8
172 19
322 15
101 23
245 24
107 7
435 20
267 6
187 1
31 31
159 6
326 22
113 30
112 18
273 1
235 19
313 2
457 14
101 5
132 13
60 11
448 6
162 18
48 4
326 2
183 5
231 24
402 32
73 1
393 2
365 3
240 9
237 24
163 21
457 26
33 24
236 20
362 2
46 9
97 23
190 7
59 16
139 20
115 19
324 32
260 21
486 7
217 6
47 19
410 27
25 27
370 16
126 15
9 19
343 22
246 32
88 4
452 26
116 30
141 11
277 32
331 31
251 28
188 5
278 30
355 26
96 16
266 5
159 26
96 21
435 1
33 11
496 4
452 27
105 16
402 30
196 4
200 22
131 31
446 13
188 24
266 19
375 15
356 5
9 15
386 23
143 14
317 18
105 5
101 17
360 18
294 3
85 9
352 20
232 17
328 3
300 5
406 15
476 13
411 28
415 12
278 9
417 19
398 9
215 6
434 10
203 7
481 12
72 4
207 23
185 30
425 28
478 14
362 21
294 29
140 20
272 2
116 1
216 22
413 10
215 2
355 18
277 31
409 24
371 27
354 23
352 6
94 25
312 28
486 13
432 29
165 31
246 28
243 17
145 8
390 12
353 13
129 17
431 25
180 13
355 21
411 10
15 21
238 14
312 15
134 7
52 26
297 9
78 4
110 6
47 19
433 19
95 13
232 10
449 11
30 23
296 25
212 26
297 2
339 28
24 32
350 27
270 6
76 15
37 29
272 19
35 5
186 14
469 9
359 22
179 12
424 18
32 12
135 16
437 17
287 28
445 12
239 10
486 26
116 26
498 11
309 4
295 18
365 32
114 7
385 12
315 32
118 22
295 8
26 23
77 16
43 9
300 9
438 13
446 9
158 23
143 18
178 2
163 11
53 28
117 21
272 3
96 5
129 31
344 30
473 4
317 7
144 8
499 29
104 16
485 26
238 24
431 32
417 14
162 25
221 26
257 16
61 32
84 21
446 32
46 19
199 30
285 15
182 8
275 25
79 16
398 29
239 29
436 31
422 5
475 18
226 3
338 26
286 21
178 32
200 31
2 23
437 10
241 2
421 15
402 8
126 12
20 4
480 31
370 17
255 24
98 32
278 3
470 28
208 7
499 11
222 12
157 2
137 5
127 6
264 28
261 17
31 16
457 14
438 22
114 16
374 32
23 7
498 8
270 25
343 28
464 20
119 4
425 28
369 23
17 28
282 13
224 25
260 32
174 9
62 4
240 3
203 6
289 4
458 11
257 28
178 32
67 13
191 3
404 11
393 8
42 10
48 18
338 15
1 8
355 6
3 14
348 13
207 17
256 32
399 12
167 32
435 9
224 14
427 19

