256
43 11
2 22
440 10
20 12
319 23
430 32
283 11
286 26
267 27
66 26
282 13
94 28
105 30
337 1
168 12
203 19
3 32
76 10
258 15
205 24
413 26
55 23
473 20
188 15
407 2
269 4
298 26
436 18
499 20
342 27
36 9
81 22
248 20
183 17
102 19
285 6
224 31
60 16
31 12
139 1
57 7
328 26
120 3
459 22
239 28
340 22
344 28
367 12
279 9
152 16
139 4
245 6
127 17
410 21
108 20
445 8
158 24
369 25
239 11
98 17
330 30
454 10
61 16
469 8
220 16
219 18
408 12
71 22
472 12
190 23
231 30
94 24
257 30
16 15
344 30
323 13
255 4
346 19
95 10
154 10
138 17
23 13
40 18
78 23
425 11
293 28
252 10
395 28
51 3
355 14
376 9
418 26
305 16
296 31
281 6
213 18
26 3
462 17
180 31
279 17
9 19
464 16
160 30
472 2
268 22
307 31
206 8
476 10
339 4
261 16
73 17
389 30
411 31
366 7
445 20
399 6
66 2
417 1
71 32
138 31
269 16
185 19
19 21
336 14
432 4
181 32
420 29
305 7
475 10
273 24
313 3
77 2
236 17
158 2
85 3
496 5
90 29
31 8
45 19
169 8
314 17
183 10
474 3
416 8
156 28
71 8
414 27
401 1
492 10
454 28
204 2
132 29
334 23
104 14
381 25
205 30
325 27
131 22
373 22
450 8
289 28
199 14
167 23
350 2
8 16
289 11
105 28
355 14
286 10
167 26
82 15
64 11
109 30
56 5
444 29
212 4
25 26
434 15
212 31
404 15
438 12
281 30
315 31
183 25
444 5
470 10
71 9
284 27
79 19
11 26
196 10
105 8
335 14
114 18
173 5
116 26
412 24
4 22
382 2
178 30
387 32
203 25
384 26
488 14
176 18
335 27
72 4
442 30
329 23
304 29
275 15
463 10
315 14
116 28
355 13
225 21
144 31
198 20
116 1
341 4
34 8
14 13
319 32
363 27
214 26
352 17
84 14
378 14
335 25
150 9
490 2
430 17
5 11
12 24
15 5
263 28
232 25
357 22
436 19
400 13
88 7
341 19
268 23
273 14
415 10
143 20
499 20
37 11
402 8
475 8
252 29
19 23
217 11
384 12
445 28
5 8
386 21
55 22
267 27
107 26
304 25
437 14
172 17
157 9
225 27
192 4
423 19
311 12
437 6
143 26
477 15
265 3
196 27
368 14
201 26
495 24
75 20
158 30
256 30
171 28
500 22
308 14
424 26
413 5
163 16
94 32
406 30
206 1
233 25
415 13
250 21
289 4
192 10
70 12
463 8
131 30
305 6
235 5
259 4
293 30
407 6
265 16
447 30
265 27
246 31
316 7
291 12
171 27
401 12
134 27
183 12
28 15
54 2
419 16
261 27
437 23
448 9
183 3
374 23
277 27
181 4
170 7
47 12
453 3
283 6
13 9
202 20
155 3
154 10
270 26
284 31
285 4
111 23
478 13
469 2
159 1
198 8
119 20
19 8
395 9
9 19
469 30
447 8
168 28
49 18
365 20
348 5
415 22
319 28
146 7
350 9
287 3
336 14
346 3
329 12
359 1
147 28
399 5
155 30
44 19
355 20
386 30
113 29
12 19
396 21
422 21
165 32
347 13
113 13
207 1
432 25
482 22
96 32
22 22
149 25
452 12
29 14
57 5
490 28
275 1
77 16
334 13
404 12
93 28
372 7
161 16
216 30
233 19
373 31
61 25
375 16
376 3
53 13
395 6
352 30
131 24
217 28
373 28
143 29
488 31
116 20
170 3
493 18
493 13
360 29
237 7
121 9
489 9
249 16
67 28
257 21
232 25
160 24
445 22
420 12
20 23
283 1
217 15
295 14
343 2
466 31
388 22
395 17
111 27
464 13
447 12
225 10
396 16
485 24
241 20
475 25
291 1
153 3
235 11
420 9
101 26
8 20
175 14
420 13
249 3
313 31
306 25
76 18
124 8
41 13
315 12
125 5
124 29
168 27
76 23
435 20
176 10
367 31
196 11
487 32
373 4
490 27
188 5
380 4
476 20
176 6
139 20
451 11
280 18
325 23
408 7
382 24
405 17
286 8
239 32
247 7
275 4
141 31
356 12
126 19
496 17
324 30
304 2
100 19
95 12
290 27
387 19
438 3
475 7
446 29
198 16
176 9
131 4
287 26
40 8
168 15
416 3
20 27
469 20
5 23
247 22
417 17
21 2
127 11
428 28
60 14
115 11
450 29
106 28
82 29
351 1
383 26
296 23
188 8
226 32
30 8
190 15
309 30
152 11
408 24
359 15
409 17
405 26
422 7
445 3
7 23
456 14
264 7
144 3
366 13
494 11
192 23
193 12
448 9
287 28
128 29
174 4
469 3
393 26
441 17
245 11
187 32
188 22
302 27
252 19
51 25
265 27
484 22
446 3
154 28
286 29
80 8
316 5
390 28
290 18
100 26
276 18
437 20
235 30
146 30
108 21
434 13
143 5
182 20
348 31
24 5
467 7
296 26
3 21
193 9
14 32
30 2
77 27
105 23
56 2
500 8
2 9
388 4
202 21
436 21
255 7
385 13
413 5
354 24
365 26
60 31
337 1
20 9
407 20
427 19
429 18
330 11
62 13
426 7
137 5
15 19
23 20
111 24
432 4
203 16
9 14
26 21
54 13
461 9
224 27
127 21
16 20
287 5
24 12
44 32
277 6
50 27
309 16
438 16
327 32
388 15
105 13
383 27
14 31
323 25
81 29
93 4
256 11
376 15
295 19
290 7
329 31
73 17
202 19
229 32
2 32
214 31
380 16
321 5
290 27
334 6
295 10
169 6
157 16
32 11
19 1
225 27
363 17
335 12
159 11
295 21
30 24
323 22
307 11
6 20
137 23
169 27
117 1
184 21
84 19
427 18
239 15
300 17
299 23
368 2
49 6
322 11
373 8
192 3
138 25
126 22
388 14
260 16
482 15
480 29
361 2
371 19
260 26
51 14
8 30
219 17
283 4
339 31
387 26
185 28
430 22
353 1
307 32
24 16
406 19
56 14
112 26
216 3
300 2
133 3
387 31
419 1
95 13
175 13
490 31
209 24
224 25
440 22
25 8
169 6
318 17
48 14
354 19
152 29
233 32
16 19
339 18
140 1
43 18
117 4
377 21
155 4
90 19
130 6
58 30
395 19
226 30
8 24
57 16
436 5
147 19
259 13
237 10
121 3
64 26
14 12
414 1
391 27
263 8
468 12
170 11
398 19
156 30
326 24
417 30
352 27
64 19
252 20
360 20
430 23
109 28
362 27
464 17
229 14
124 21
249 29
59 22
244 6
255 25
278 31
34 25
438 6
443 1
101 7
60 15
225 1
326 31
247 5
43 15
366 6
171 10
15 1
463 18
295 18
178 4
240 32
404 9
161 7
69 29
149 29
495 9
1 20
163 23
460 21
221 9
75 8
142 29
472 17
346 14
174 23
41 17
86 13
146 26
143 2
211 31
194 1
15 26
377 14
144 12
86 21
217 28
108 6
100 3
314 5
401 23
320 1
456 17
237 1
207 31
166 1
21 32
325 4
405 21
417 9
241 18
265 21
14 24
166 5
6 16
410 10
22 5
199 13
337 23
281 31
166 15
163 18
158 32
73 6
40 5
462 20
195 10
440 4
153 2
172 27
289 17
268 22
161 14
139 10
253 15
244 26
217 7
455 10
246 32
288 25
220 29
269 26
31 20
325 7
313 5
193 5
429 5
263 10
278 29
291 22
23 26
299 8
292 26
465 5
485 32
174 28
353 10
322 3
149 18
417 18
494 10
266 11
274 16
364 31
484 6
433 23
391 3
98 31
188 14
423 20
166 32
80 10
389 5
252 6
398 20
55 12
481 12
166 10
52 9
157 7
386 29
393 12
23 26
14 27
404 13
234 21
236 29
438 21
213 9
366 23
208 16
354 25
91 23
294 22
251 10
29 12
390 25
115 5
263 1
123 26
269 12
86 24
21 11
480 9
63 5
195 14
116 32
162 15
270 8
348 20
257 32
7 23
149 22
411 11
454 25
428 2
92 17
429 12
239 5
197 13
105 19
126 29
143 32
279 8
95 14
432 23
206 26
201 6
263 7
116 4
347 19
141 3
111 30
402 29
330 2
205 10
341 2
358 7
469 16
246 7
466 9
470 11
467 10
228 17
485 31
149 15
441 25
473 19
358 31
103 23
324 23
325 20
136 6
350 25
22 8
371 19
476 28
361 18
362 12
375 22
134 23
28 26
311 21
476 5
79 26
59 18
384 27
270 7
269 31
327 22
418 30
480 22
389 4
187 30
131 9
447 24
83 23
189 14
179 28
266 29
93 12
10 4
263 19
198 7
454 9
24 23
426 3
468 30
46 19
416 20
67 14
143 26
188 27
99 14
346 24
474 10
391 24
265 9
318 22
35 27
190 10
346 3
264 29
429 17
171 28
40 10
57 14
91 13
364 9
314 29
256 4
498 2
475 18
151 4
428 25
267 5
299 16
232 14
128 8
427 27
207 2
388 11
500 6
359 23
370 17
276 13
312 25
122 14
387 24
281 18
13 15
282 19
10 29
224 10
376 30
288 6
468 7
197 15
4 7
181 25
431 24
349 10
81 18
231 27
446 8
484 26
410 1
120 20
482 11
409 1
345 32
143 8
222 23
130 17
449 26
301 20
118 13
325 2
470 20
368 7
271 7
224 16
467 11
451 4
38 31
361 30
258 11
45 3
45 26
407 29
335 27
224 4
207 13
353 5
308 32
295 26
422 11
109 13
213 12
40 10
474 20
335 8
254 11
414 30
256 29
143 23
379 10
98 30
470 31
114 21
170 12
58 4
278 23
184 11
282 31
296 11
475 27
190 16
213 28
230 9
128 8
263 14
441 24
295 7
162 12
391 20
20 9
127 13
319 6
343 32
384 11
206 22
121 28
290 9
203 19
5 14
94 15
391 10
331 6
148 28
297 11
175 8
339 5
317 17
462 11
108 14
297 25
259 25
412 8
454 10
270 18
499 19
429 18
249 7
427 12
454 7
434 17
243 8
133 3
132 31
217 7
144 2
256 14
134 19
302 27
485 15
249 19
286 13
224 30
139 26
429 20
429 31
72 15
190 25
229 30
151 29
412 2
162 3
399 24
38 4
86 18
123 30
208 20
214 8
293 28
137 25
296 1
287 19
235 29
275 31
150 1
112 29
422 25
432 17
420 21
224 2
194 6
191 9
105 9
184 9
460 17
322 19
237 24
326 32
436 16
286 13
229 25
498 18
22 9
174 1
249 22
150 2
95 1
194 20
449 26
300 12
402 29
15 26
81 4
461 8
291 23
305 3
347 30
373 32
434 22
365 2
295 2
327 6
58 12
293 10
101 20
118 14
417 20
492 5
175 32
216 9
254 32
188 5
173 32
24 2
105 4
491 32
254 5
493 7
189 29
373 21
80 6
143 32
473 10
344 15
289 16
463 31
431 2
347 12
209 6
413 22
258 16
65 15
72 25
377 4
193 5
49 4
238 27
472 2
28 7
356 12
78 7
62 5
468 12
464 9
278 28
194 27
131 18
101 31
18 29
462 30
226 26
185 11
256 4
25 23
323 28
303 32
402 12
260 10
124 19
250 9
303 15
139 25
404 11
487 9
67 25
482 8
14 6
459 6
174 31
404 20
418 30
247 28
422 23
393 1
433 22
149 23
288 11
372 3
229 6
463 27
362 16
291 16
461 21
497 30
287 16
333 12
310 4
227 23
438 11
479 2
464 31
457 3
265 8
145 29
37 15
491 11
402 25
126 19
85 14
200 31
77 1
131 10
464 17
468 29
328 22
122 27
424 22
246 28
109 2
236 10
349 15
248 14
211 13
464 20
198 16
370 22
48 28
12 19
209 31
115 8
129 12
382 8
18 31
296 30
369 27
475 17
109 26
318 16
446 30
319 31
297 20
417 28
392 20
58 28
110 28
339 6
259 4
142 8
199 17
106 3
319 12
487 20
6 16
451 11
437 5
446 25
12 30
280 7
493 1
354 2
360 4
340 3
116 21
450 10
473 15
84 15
339 30
422 32
77 4
146 26
344 19
450 32
304 6
258 32
270 8
250 2
359 9
452 18
273 13
139 1
308 6
387 22
495 17
341 16
32 30
289 28
429 26
231 32
171 32
380 5
155 1
422 18
69 9
487 5
125 30
289 16
51 19
281 6
187 25
321 23
311 29
446 7
198 12
322 21
367 5
161 18
181 30
35 13
306 5
145 26
350 21
214 5
164 14
150 10
467 30
420 29
282 17
367 15
244 8
51 7
93 27
336 17
144 26
78 29
446 14
83 32
359 32
400 10
141 13
223 19
222 19
87 3
211 17
37 31
345 20
269 5
2 28
61 6
177 18
298 18
212 24
269 2
27 20
443 4
68 29
330 9
159 5
347 18
73 28
176 13
323 20
205 28
251 6
321 3
255 3
400 22
202 5
387 17
40 1
100 24
346 9
452 12
49 11
225 2
182 12
38 20
195 31
179 13
360 16
223 26
174 3
284 11
347 6
455 30
203 14
197 4
187 21
403 3
447 12
356 4
231 18
335 22
340 5
74 19
216 17
16 5
123 27
468 25
321 10
206 7
180 11
422 14
51 24
452 29
155 20
476 26
257 22
15 20
174 16
498 14
236 17
334 18
16 1
178 12
75 32
210 2
138 27
323 8
306 30
36 21
137 3
50 21
24 28
192 17
3 13
290 11
406 16
300 9
276 6
108 26
65 5
307 14
447 9
241 16
107 24
268 23
342 17
488 17
84 19
413 23
72 31
29 29
30 28
249 29
157 24
7 5
172 17
274 26
294 6
425 32
493 13
494 22
361 1
50 9
364 7
235 19
221 31
263 18
90 19
406 27
366 4
319 5
429 17
358 14
310 6
325 19
474 2
340 15
3 14
483 22
56 21
152 24
479 22
377 12
276 22
18 17
398 5
381 14
133 18
251 10
371 7
96 9
244 4
383 10
29 13
315 4
433 6
63 19
231 3
34 2
424 4
498 17
92 6
498 28
467 24
17 14
174 1
34 6
252 12
15 20
484 14
67 24
147 17
382 14
419 7
87 10
318 1
15 17
166 24
484 29
464 17
470 13
169 31
54 20
122 1
403 1
102 29
224 32
449 1
181 31
19 28
412 17
204 2
449 1
142 13
353 9
137 6
241 13
28 7
76 13
67 6
105 20
298 4
119 14
432 32
316 11
419 19
491 22
5 27
194 14
75 19
102 3
220 10
367 28
340 14
248 22
271 21
425 20
32 28
17 28
47 12
118 21
263 32
438 19
250 31
264 1
29 21
387 9
410 18
348 14
399 11
7 18
299 12
441 23
179 6
294 1
493 23
41 15
222 30
373 15
460 32
295 13
204 18
89 18
139 24
215 1
382 1
58 1
356 23
11 18
160 8
462 12
418 6
259 19
331 27
109 31
323 16
131 14
289 31
343 3
358 29
315 23
482 21
271 9
75 13
75 6
436 12
89 17
390 11
343 20
182 4
214 32
411 28
381 19
266 12
329 15
132 23
214 5
219 28
302 21
117 8
378 28
263 11
109 4
165 15
76 26
106 9
53 4
485 6
66 30
361 10
77 24
389 18
457 11
125 10
252 21
485 25
145 3
447 29
103 24
55 30
161 29
318 10
28 10
351 22
256 31
339 20
54 31
473 18
186 17
471 9
338 11
417 22
54 4
86 20
327 28
37 11
152 22
256 24
360 2
125 7
168 11
298 22
394 30
435 19
366 2
367 19
212 27
388 25
498 25
124 24
465 28
367 12
366 22
499 17
80 15
191 23
290 16
320 3
109 19
113 26
12 15
381 31
465 20
340 7
93 3
342 1
475 32
376 16
182 15
416 13
201 22
7 22
445 15
376 17
285 12
378 20
170 22
370 3
230 9
301 22
24 6
82 10
350 1
41 27
35 24
143 12
413 9
429 17
31 25
409 23
144 10
462 30
248 28
152 9
392 8
2 15
445 19
468 18
243 16
176 2
315 18
69 19
171 13
83 17
153 3
368 9
333 17
166 12
12 5
260 16
120 17
374 24
47 22
210 21
201 21
122 12
407 2
94 1
39 1
481 19
223 24
43 15
29 32
486 20
376 13
499 15
209 1
411 31
66 16
396 26
208 9
133 10
59 3
394 25
107 27
491 5
222 6
236 26
93 13
494 9
318 16
315 22
216 29
133 5
196 8
251 16
248 3
369 26
313 3
254 7
137 29
100 14
130 31
312 6
407 21
190 4
148 5
454 20
81 14
496 13
317 22
32 4
333 20
370 29
162 15
416 18
219 15
360 12
201 7
70 23
327 31
35 30
467 20
189 4
425 9
176 21
134 11
156 22
458 21
463 20
500 22
121 14
244 4
418 16
354 11
254 4
449 32
358 12
127 18
315 19
434 30
495 24
252 31
385 5
27 31
32 22
224 29
448 23
188 29
114 10
55 12
73 15
7 14
270 30
328 8
240 25
129 23
180 12
237 29
441 7
411 8
493 15
328 32
305 4
156 11
409 2
490 25
416 32
263 10
333 6
473 13
202 22
11 14
185 23
298 17
361 4
301 25
398 28
144 23
347 19
473 11
64 22
88 4
309 10
17 18
143 29
418 12
294 32
429 19
26 2
307 18
490 27
443 23
439 2
89 21
89 13
392 8
226 3
483 23
32 23
232 26
340 5
369 5
280 30
315 25
79 26
42 4
432 20
455 10
422 7
7 10
160 30
365 21
228 28
123 11
198 18
284 5
206 8
22 25
153 32
289 4
309 27
151 13
18 1
314 3
500 20
152 27
69 29
395 16
68 26
258 9
75 29
302 1
397 23
117 9
362 10
484 15
440 19
115 17
239 16
100 26
100 31
248 20
471 3
20 18
364 29
155 6
22 8
70 30
482 31
318 19
296 18
217 11
436 27
395 22
111 14
116 14
449 3
81 7
357 4
161 32
229 19
10 26
122 11
167 23
469 28
149 16
489 10
202 16
48 21
302 14
294 21
219 14
279 28
13 28
251 13
207 31
339 32
80 24
499 14
118 19
434 22
83 22
483 28
198 3
84 11
40 18
415 11
323 21
262 19
32 4
359 11
343 29
10 26
212 20
372 1
327 17
95 9
78 21
396 11
459 20
477 7
61 19
461 3
288 22
70 23
233 20
113 27
181 11
201 4
482 28
221 4

