256
170 8
276 9
93 19
63 2
118 10
83 14
237 28
254 23
251 2
86 14
33 11
237 3
480 7
184 18
189 23
135 23
410 2
299 2
320 13
72 1
494 30
66 27
49 15
297 12
397 23
165 17
373 29
227 28
55 14
126 12
45 16
454 2
373 32
160 4
168 7
480 1
384 17
391 29
67 12
436 15
274 32
243 2
352 18
202 31
231 11
354 3
438 11
433 10
262 8
205 21
174 16
441 17
284 16
193 30
223 20
17 28
79 11
493 15
80 26
41 27
372 22
289 29
52 1
174 9
164 18
445 21
265 17
246 32
420 18
102 26
418 10
341 24
228 18
130 16
231 18
322 15
415 6
115 6
35 17
482 14
18 10
239 3
15 8
34 26
125 31
132 30
252 8
390 28
9 27
139 4
41 20
194 19
273 28
273 31
96 6
357 14
384 15
100 10
282 17
387 14
268 22
448 23
342 1
202 22
207 28
441 7
151 10
406 8
294 18
82 17
135 18
206 6
236 13
471 21
290 18
275 13
375 14
279 4
262 21
270 8
172 18
419 31
48 8
450 1
205 11
81 15
173 15
61 28
443 3
277 24
388 19
140 27
124 7
182 13
103 23
56 10
365 2
152 4
149 13
104 1
484 20
44 20
174 4
415 29
134 31
200 26
93 24
136 16
314 17
304 24
120 16
41 16
185 9
247 26
145 22
38 12
237 9
487 11
36 14
379 18
296 26
395 29
121 30
308 14
50 8
201 21
323 6
356 7
138 22
192 2
303 26
114 20
366 12
302 14
353 4
275 5
109 9
389 14
50 12
367 19
159 32
120 9
13 11
340 18
429 15
135 11
316 32
122 10
200 27
435 4
102 21
200 27
229 8
496 2
284 2
80 6
133 27
275 5
26 30
350 6
200 9
36 20
84 14
49 19
432 19
335 6
395 30
300 3
474 7
104 25
8 23
402 9
234 12
341 23
493 3
416 21
175 11
60 18
312 4
245 32
294 27
481 28
316 4
310 29
74 1
397 17
447 19
277 8
178 6
290 7
308 25
67 18
8 2
295 27
437 7
414 26
469 30
417 25
25 18
425 10
194 10
235 8
324 19
172 25
480 13
227 31
18 25
472 9
122 19
47 30
157 29
139 26
206 11
262 27
336 6
32 13
211 30
21 10
277 4
239 8
356 1
395 21
110 22
101 19
336 32
493 1
312 7
322 21
242 11
451 13
472 19
310 31
248 14
420 32
225 10
484 32
327 14
305 4
447 17
370 11
256 6
479 11
197 4
140 30
234 14
218 29
424 3
91 16
208 3
399 32
372 22
364 22
463 20
337 6
276 15
396 20
420 26
302 32
25 29
257 10
383 7
166 10
353 1
181 25
119 8
196 14
17 23
40 32
78 28
241 14
434 20
89 30
361 30
173 9
35 26
198 5
108 23
278 8
323 7
224 25
242 24
135 10
330 10
89 24
253 13
465 15
316 5
244 12
146 8
116 28
49 5
300 32
380 14
468 18
388 7
347 1
462 17
90 12
210 19
51 30
359 7
352 31
419 23
406 12
215 30
96 31
186 7
271 29
324 6
471 7
428 25
191 10
1 17
33 2
311 23
23 1
449 11
399 7
321 9
134 31
326 25
150 7
476 28
280 19
157 18
10 12
270 32
325 18
184 9
331 18
291 17
219 27
79 17
309 28
421 19
286 30
171 23
461 10
354 8
445 18
45 22
446 2
209 18
435 5
127 5
90 25
469 8
8 16
425 20
299 17
110 4
295 17
19 19
278 12
198 22
234 18
379 27
407 32
448 5
332 6
309 25
195 29
81 18
28 25
221 22
201 11
262 23
463 20
101 20
355 2
314 28
243 20
118 5
483 2
193 22
343 17
87 5
130 15
442 25
23 27
187 15
345 8
422 31
431 14
46 25
24 27
77 2
255 10
119 1
111 15
403 18
164 5
342 13
7 12
153 25
150 19
455 10
138 12
152 20
102 25
57 9
112 1
94 2
326 16
454 21
227 24
242 30
48 27
34 14
70 14
286 11
25 13
416 26
320 27
434 17
320 26
397 7
474 3
148 3
258 9
439 16
161 28
373 28
467 22
114 28
444 15
459 4
491 26
185 19
145 10
83 8
459 28
246 28
26 21
435 15
345 21
267 29
257 11
65 7
249 2
462 4
280 8
215 11
498 3
433 22
369 31
309 15
198 10
463 23
298 9
358 26
325 4
499 13
466 15
155 14
444 21
109 31
240 23
345 29
426 5
82 6
496 14
324 29
295 30
268 20
238 25
438 3
100 4
495 9
202 2
131 1
470 7
71 17
118 8
446 23
44 31
188 15
121 15
84 3
353 31
211 18
475 4
4 18
435 3
490 24
500 16
336 25
415 22
177 20
321 22
426 9
353 5
107 1
179 2
239 31
40 25
121 22
448 4
291 2
474 1
221 9
456 16
293 6
462 10
253 2
147 2
350 19
494 1
323 25
498 22
203 2
214 7
255 10
151 30
395 16
30 4
449 13
23 25
207 24
266 11
470 1
489 3
263 18
479 6
154 5
203 1
366 8
31 28
429 17
369 28
157 22
291 25
87 17
401 21
353 19
103 2
431 11
344 5
425 7
334 6
151 4
286 16
304 13
487 28
201 4
407 29
309 21
165 27
66 6
39 14
84 14
91 10
436 18
262 20
460 24
290 2
335 31
477 6
243 28
74 8
375 24
152 23
381 25
430 18
234 32
215 21
313 13
34 5
442 11
460 22
94 17
215 29
324 8
418 26
359 3
361 1
323 5
267 7
33 8
352 26
16 22
286 20
74 11
428 31
465 16
120 23
488 11
339 15
378 20
81 20
247 9
172 17
157 10
475 9
338 14
306 25
447 15
384 4
261 4
238 14
403 22
488 18
396 22
405 17
433 9
212 31
129 23
451 30
376 5
326 17
454 8
417 20
426 21
271 15
316 25
264 10
70 31
311 13
280 27
89 28
403 32
243 20
386 9
169 21
322 22
326 31
181 14
379 19
246 9
293 25
361 28
334 14
362 29
246 13
63 22
352 26
337 2
349 10
491 29
187 24
66 4
290 15
457 8
353 19
169 1
467 17
256 13
163 21
297 24
257 31
298 8
28 2
258 4
60 20
96 10
411 18
461 32
260 29
220 32
471 24
460 26
120 27
238 6
183 14
394 15
96 11
102 4
176 31
203 23
106 7
36 28
312 12
68 23
265 3
386 23
26 21
172 1
263 21
279 29
146 4
87 14
214 32
69 25
399 23
180 16
421 15
224 20
63 7
6 3
429 31
413 2
439 9
450 1
49 8
497 31
103 7
140 24
475 28
409 5
330 32
228 15
154 31
186 8
93 12
246 13
286 3
326 29
299 16
277 7
207 26
41 2
60 16
477 6
239 9
258 29
176 30
23 22
140 12
249 1
251 7
457 1
209 27
113 19
262 25
353 32
366 30
129 18
277 26
163 24
194 1
288 10
258 30
403 25
17 27
333 32
349 6
8 9
424 28
415 9
212 20
4 6
13 9
355 29
442 13
156 3
289 7
60 10
252 10
147 13
465 27
240 5
268 11
74 31
218 8
375 25
255 15
358 11
215 20
408 24
433 27
494 13
358 6
119 5
367 25
81 19
95 28
200 19
418 5
405 11
464 24
64 7
362 1
189 28
337 24
435 21
159 12
489 20
185 23
476 32
75 9
86 2
228 9
384 10
261 4
132 25
419 23
295 32
320 15
59 12
79 13
424 25
273 32
456 9
75 3
360 5
191 26
170 15
434 25
416 15
341 11
271 23
94 5
243 25
399 17
68 25
294 3
269 22
458 28
374 24
211 6
181 9
383 2
171 32
255 14
362 23
133 20
205 26
400 3
490 11
100 21
479 17
251 20
310 24
175 3
92 13
120 12
286 6
473 12
22 7
394 19
173 18
219 10
455 30
28 28
268 31
204 11
371 6
346 20
365 12
67 12
257 30
79 14
392 4
349 9
130 18
147 7
471 1
384 13
483 27
220 6
38 23
348 8
80 13
292 25
65 18
252 17
247 27
66 18
86 22
402 7
360 21
221 10
265 28
107 19
15 30
201 16
453 8
15 16
445 18
32 13
367 12
33 18
318 26
455 3
363 29
321 22
257 22
404 5
497 22
324 7
39 16
118 7
275 13
79 11
290 30
431 1
245 19
122 14
264 20
316 27
284 25
52 32
30 15
265 30
316 28
241 23
463 26
49 1
490 19
308 4
89 2
288 25
257 21
247 32
336 22
498 24
50 10
363 27
356 27
309 28
66 29
230 32
258 14
117 28
109 12
231 17
217 2
381 1
130 15
493 29
41 26
288 18
391 11
373 27
129 5
270 27
433 7
74 22
128 26
493 20
169 15
284 18
444 13
358 5
143 18
94 31
44 21
477 14
235 29
32 4
233 29
262 1
151 23
410 23
229 7
14 21
477 14
134 5
314 24
49 20
45 10
491 20
227 3
226 29
167 9
28 31
410 29
267 8
328 20
338 4
430 8
156 15
353 30
31 14
485 27
473 29
425 19
321 3
133 18
315 19
154 31
401 31
335 15
123 14
47 4
421 28
367 9
234 31
218 28
88 26
47 13
82 27
227 6
325 20
299 27
10 17
185 23
15 20
429 21
385 7
301 18
303 3
382 12
90 31
152 13
152 30
89 13
372 24
339 20
27 9
186 16
89 7
298 8
94 11
296 26
53 20
283 19
467 4
243 24
114 6
232 25
295 29
350 26
340 24
213 30
176 26
105 25
120 19
72 25
481 27
43 13
167 29
92 5
341 30
40 2
431 31
71 5
295 32
94 14
459 10
351 22
55 24
102 3
210 13
91 6
244 13
426 22
458 17
394 10
202 21
103 16
407 5
208 14
444 17
187 26
310 6
240 29
345 29
243 6
366 25
299 17
466 28
222 15
93 31
72 26
251 2
278 5
51 29
358 10
490 13
452 7
434 19
15 14
383 1
387 24
442 29
60 31
408 13
181 4
99 4
498 29
481 7
6 11
463 19
377 16
259 24
455 16
370 25
173 24
430 15
204 19
95 23
129 3
100 29
206 14
264 3
399 4
329 12
127 12
470 3
447 29
34 17
124 3
74 9
358 3
59 9
225 2
28 5
8 3
365 9
176 32
268 26
223 20
329 17
91 3
55 26
379 12
290 10
342 19
150 8
217 9
112 9
214 15
497 13
469 13
137 1
340 32
70 15
56 31
115 18
197 18
35 31
109 21
428 11
39 26
2 28
490 1
252 11
456 17
127 32
461 11
272 9
223 26
67 30
240 21
275 24
202 26
214 3
486 29
465 20
422 30
483 23
134 19
317 13
335 23
217 31
262 12
447 12
181 29
113 28
194 23
59 23
48 8
261 29
117 5
409 26
246 31
153 32
477 17
320 19
116 24
458 9
228 24
64 8
269 28
180 6
414 22
412 2
214 21
494 2
249 14
71 27
497 11
226 29
44 5
488 3
285 1
239 32
52 30
271 12
477 10
485 10
40 13
203 29
69 9
434 25
302 24
163 2
79 12
475 30
137 14
484 13
258 10
284 5
23 18
333 31
356 1
444 27
213 19
499 13
47 20
450 16
287 24
498 13
204 16
338 20
285 9
464 10
42 11
54 24
152 30
118 23
203 30
105 11
60 7
48 10
386 29
453 5
164 10
241 23
273 27
410 21
251 9
450 21
471 12
60 15
241 2
333 7
91 22
210 14
392 9
255 22
309 15
154 24
361 10
43 17
324 24
42 7
177 3
219 19
198 6
473 23
307 6
233 5
95 14
250 22
254 8
467 26
415 4
34 15
218 32
463 17
379 4
467 23
199 17
54 20
315 10
186 29
183 7
222 9
64 19
467 10
179 9
231 17
109 20
423 26
43 29
218 10
241 1
328 7
369 9
186 7
111 4
156 1
494 5
274 29
51 8
78 17
228 9
25 28
424 31
161 15
184 31
240 28
415 23
362 15
4 27
318 18
122 25
258 7
405 27
376 19
326 9
388 18
465 4
389 13
63 2
207 30
132 18
21 30
216 26
32 7
132 1
184 18
25 10
72 21
28 27
88 6
104 11
259 20
90 3
308 16
400 26
101 3
163 5
280 19
354 12
449 18
12 17
295 5
278 26
169 29
165 32
158 24
82 24
187 24
415 11
27 30
360 20
401 15
248 32
253 22
195 25
143 23
185 9
95 2
154 19
119 22
371 32
437 28
44 24
475 18
470 26
475 5
129 15
203 4
259 19
33 25
360 31
11 20
463 9
210 9
220 20
286 14
103 11
393 10
198 28
307 3
369 10
199 1
360 26
76 6
412 29
423 23
135 13
167 2
390 32
214 17
203 7
50 5
73 6
155 18
161 9
492 21
446 27
229 10
296 25
127 31
413 13
330 15
334 32
496 15
75 25
183 17
60 28
285 16
377 3
106 2
104 21
418 29
139 11
58 2
303 21
345 23
85 22
465 26
373 21
492 19
373 6
75 12
109 23
268 2
2 29
227 5
173 24
209 32
494 7
449 4
303 1
214 27
170 31
9 10
491 28
488 31
26 30
499 2
125 6
175 14
342 5
434 18
249 18
177 30
260 18
390 18
122 27
5 8
133 1
185 11
364 13
190 29
438 20
227 30
305 1
39 26
154 28
159 2
466 28
495 5
17 32
491 30
191 3
281 19
359 22
2 30
490 7
463 11
230 25
341 18
441 19
31 30
55 21
347 28
228 30
448 28
429 22
234 23
136 30
146 26
183 7
68 20
337 18
303 6
218 7
451 2
225 1
456 7
21 30
150 5
495 2
196 24
239 25
394 15
295 23
220 9
185 31
1 9
316 27
290 25
149 4
395 25
72 26
4 25
3 1
45 18
102 28
273 25
21 22
67 11
57 14
143 9
425 15
466 28
1 31
125 9
199 15
374 6
72 1
66 30
381 26
423 3
54 23
175 10
65 1
240 25
378 6
417 26
81 18
394 29
341 10
82 19
240 7
160 31
331 22
236 7
39 11
45 4
57 3
165 13
311 32
297 17
490 6
342 26
447 31
2 7
104 27
177 31
389 17
357 7
266 25
134 20
307 22
396 3
101 4
188 27
168 20
303 9
49 21
430 16
231 23
338 27
366 15
233 18
55 22
29 4
386 6
475 16
191 14
406 19
134 1
406 21
281 24
309 13
204 30
28 31
20 18
473 5
232 17
195 30
498 15
457 19
384 23
426 14
153 20
421 22
128 14
438 8
33 6
89 17
335 16
375 22
185 7
443 32
255 17
405 29
359 29
487 18
496 17
371 24
448 31
285 23
116 22
335 17
319 19
89 29
242 15
210 3
13 12
194 11
140 31
223 26
311 22
295 14
474 10
157 9
456 17
347 20
366 29
276 32
455 4
40 17
30 14
475 6
105 20
12 21
118 23
446 13
296 25
438 17
406 31
393 9
239 23
488 21
272 31
140 2
478 16
274 19
281 4
400 21
268 8
481 9
498 23
17 9
19 15
413 16
253 17
340 27
395 20
95 26
442 3
96 20
266 13
278 14
321 30
282 8
293 11
324 2
41 5
434 15
499 2
186 31
2 21
241 24
204 8
266 26
422 13
269 27
81 18
84 9
279 9
340 19
479 32
212 19
208 29
281 22
342 30
308 15
343 12
91 26
439 24
247 28
68 31
398 28
265 29
49 31
198 20
466 24
255 5
47 22
174 11
19 31
145 30
358 27
430 20
236 28
7 7
80 14
349 13
73 21
310 13
8 15
213 5
182 19
1 16
429 10
407 19
41 3
329 22
389 26
49 16
125 19
458 12
128 27
33 8
271 2
25 2
348 21
102 21
55 15
461 15
480 31
134 32
269 18
269 29
71 29
484 31
371 2
251 14
248 3
402 10
476 10
148 19
14 17
407 4
55 11
255 23
437 20
406 9
201 11
65 15
343 17
317 22
342 23
415 13
53 24
458 28
297 1
406 30
58 21
82 16
383 20
498 8
223 28
376 11
282 21
45 12
193 5
189 22
132 4
474 20
475 23
268 28
240 29
433 9
189 26
260 16
201 30
391 19
365 6
49 30
410 21
121 30
158 10
487 21
117 20
28 7
243 23
362 2
172 27
482 4
12 1
283 1
350 9
487 22
143 16
63 8
480 28
358 29
493 24
277 17
304 25
51 22
303 25
83 2
411 32
334 6
156 24
486 30
493 25
423 15
8 6
38 11
169 27
476 5
91 24
473 30
260 11
143 31
287 9
388 21
140 5
323 7
41 32
152 29
280 23
19 31
412 32
478 28
303 17
444 13
408 20
138 24
142 28
434 1
208 21
329 11
394 15
345 22
311 21
466 6
423 28
81 6
391 14
117 21
362 32
289 5
31 10
140 16
261 17
304 8
246 5
18 31
487 3
424 1
359 5
239 1
76 11
318 26
80 6
363 21
197 15
413 23
133 21
250 29
329 22
213 10
38 22
416 12
92 27
173 14
431 19
434 30
433 19
324 20
240 6
156 28
392 32
366 12
324 24
417 25
21 13
430 6
358 10
285 26
36 29
103 3
423 21
324 11
343 23
218 31
388 5
370 16
145 12
155 24
203 3
324 15
51 18
484 17
303 4
414 30
281 16
8 15
256 32
410 11
182 23
33 18
204 2
53 32
489 27
167 15
130 7
265 12
448 16
292 18
220 5
291 20
73 15
54 24
334 27
278 3
442 10
288 13
212 20
344 24
47 2
243 12
352 3
59 31
459 19
400 6
407 31
381 11
341 26
159 26
397 4
40 6
98 16
334 25
19 29
360 17
186 22
444 6
313 19
188 11
205 20
152 27
482 8
294 30
465 8
199 21
91 18
50 24
269 11
348 4
59 32
204 5
13 16
486 13
354 13
447 6
464 6
20 17
129 5
470 14
468 4
158 23
258 28
246 22
442 30
165 13
153 13
449 17
220 26
342 29
458 20
130 6
386 1
70 6
18 4
311 17
59 21
395 28
28 21
342 21
86 10
321 14
226 17
254 17
202 27
369 16
383 14
285 8
203 10
337 20
97 32
56 20
320 11
471 3
91 32
167 16
22 24
117 31
108 26
396 18
317 28
173 3
318 21
22 24
14 22
91 11
209 14
118 8
96 12
226 22
104 1
65 21
84 1
75 31
403 2
352 15
290 16
121 7
184 26
478 2
351 8
12 4
65 9
439 13
68 21
50 31
261 7
351 12
499 6
386 1
99 26
471 4
317 31
346 13
84 7

