256
183 27
343 2
458 18
335 11
12 6
186 2
320 8
159 12
495 5
438 15
186 5
412 24
402 8
328 3
164 2
59 30
264 26
379 10
311 25
332 30
215 2
280 6
357 2
410 11
323 19
457 32
196 1
215 5
356 6
91 31
348 22
68 3
403 27
388 25
11 32
238 17
89 21
111 9
159 8
148 29
218 12
192 17
324 18
214 19
151 28
49 30
157 13
313 31
267 12
475 25
271 13
354 11
433 32
156 23
187 7
275 32
110 14
373 30
223 6
464 22
93 1
223 18
333 19
12 19
439 7
227 9
51 20
68 19
247 7
426 25
377 28
393 30
166 9
123 8
202 11
113 14
303 16
247 23
74 15
85 32
245 19
221 7
243 28
129 25
362 2
126 14
254 10
427 7
282 6
10 31
340 11
128 26
310 11
128 27
133 24
395 13
22 3
227 16
106 11
457 31
261 26
408 10
99 22
488 20
87 29
66 10
471 29
419 32
419 18
15 31
109 21
131 19
227 29
98 20
64 10
2 20
487 29
41 5
298 12
168 13
376 9
162 15
278 25
478 12
330 8
99 19
104 21
273 18
290 6
365 25
276 22
380 18
478 8
51 4
299 14
12 26
303 5
372 28
309 22
479 7
193 17
429 25
10 29
478 23
422 15
355 17
412 26
163 22
5 25
17 19
134 8
32 28
256 20
219 9
105 30
55 5
126 7
297 19
35 7
137 4
321 23
357 24
76 23
473 16
435 5
438 20
72 14
208 24
225 6
244 9
327 14
181 17
132 10
291 22
104 12
473 4
122 13
7 18
51 8
481 17
172 3
257 24
240 20
423 16
445 14
496 28
315 4
428 14
153 14
463 28
349 27
31 27
116 26
20 10
369 12
355 12
270 31
283 29
278 17
324 10
222 3
197 24
495 16
333 19
46 7
255 22
230 13
68 9
174 27
214 6
439 12
434 20
382 20
69 27
125 28
85 2
211 9
234 5
257 30
203 22
361 5
399 6
446 27
138 23
405 31
365 27
475 14
403 20
69 31
219 5
214 19
391 24
83 32
128 19
189 19
492 1
491 19
490 8
209 19
259 1
34 27
160 28
124 10
67 8
236 29
237 1
87 19
225 10
250 20
212 14
386 4
339 29
298 20
16 2
11 2
322 24
248 29
255 3
98 1
267 13
106 23
134 12
481 6
213 26
413 17
19 31
480 21
27 9
241 30
486 15
168 11
498 27
344 24
490 13
424 8
126 21
462 7
73 6
320 21
23 4
413 5
382 24
102 28
224 2
302 9
444 25
220 21
87 27
44 16
3 3
387 32
348 20
90 24
289 17
260 23
493 17
204 22
120 21
486 8
498 11
404 5
459 3
233 21
37 4
325 4
94 27
371 29
59 9
64 7
73 32
362 13
200 25
143 23
221 20
366 2
266 14
362 32
244 30
120 13
369 24
172 6
7 18
255 1
354 22
467 19
197 4
195 4
244 1
419 8
464 24
385 17
405 14
304 21
191 4
281 11
71 16
373 13
345 19
197 27
500 20
477 29
343 11
444 19
8 26
254 31
350 3
404 22
88 31
254 27
334 10
189 29
337 21
37 26
243 22
380 15
249 32
291 31
378 10
29 21
300 11
60 21
477 3
254 28
373 20
194 3
393 27
315 22
499 7
411 22
84 2
336 4
349 14
275 10
415 19
315 26
141 18
66 9
40 24
385 20
179 26
470 7
164 20
152 3
135 10
108 22
55 27
254 11
272 28
333 30
386 19
104 11
224 5
347 23
192 23
26 6
161 32
145 4
131 8
42 13
62 29
187 28
443 28
223 30
171 27
104 4
405 19
434 16
79 1
94 19
363 15
492 7
318 4
403 1
284 16
65 29
445 15
312 3
42 30
453 32
292 28
120 4
466 17
175 4
185 24
166 8
239 14
126 20
145 24
208 28
324 1
124 20
227 16
154 25
25 22
184 5
217 27
12 30
208 27
430 28
306 23
143 24
456 17
304 21
148 31
380 15
135 8
90 14
495 24
334 3
53 29
187 30
320 15
303 3
237 28
122 26
31 1
290 22
237 29
438 24
455 26
59 26
377 8
303 23
243 12
241 12
152 32
417 31
478 3
53 22
155 31
459 17
143 32
22 15
44 16
318 23
481 12
440 9
376 22
227 18
229 23
265 8
246 5
55 3
104 7
140 6
133 7
294 3
50 27
357 2
478 23
92 18
402 7
314 21
124 24
247 28
211 3
83 4
44 9
383 15
96 30
108 20
472 9
355 10
419 7
467 13
441 2
354 31
292 24
323 3
411 25
118 29
432 32
133 3
41 7
325 24
388 4
215 8
184 1
85 14
336 27
350 4
312 24
470 3
75 21
221 29
361 2
162 8
241 26
470 9
308 26
416 3
77 11
258 8
51 26
66 18
244 15
162 15
322 23
361 20
275 21
85 24
270 10
483 23
391 9
291 2
246 31
96 31
189 14
286 19
47 27
329 27
118 26
401 15
324 26
39 27
194 19
290 4
72 16
178 30
224 24
363 26
378 2
496 30
15 29
9 22
336 21
56 1
178 24
95 29
69 17
303 31
107 8
430 30
364 27
491 15
426 25
260 8
163 31
221 9
240 21
90 19
65 13
379 22
305 1
447 21
458 9
487 20
341 20
242 8
226 12
494 32
437 30
307 31
212 11
275 23
108 5
377 8
213 27
118 21
432 16
390 13
164 28
304 8
348 17
411 29
129 5
76 1
362 2
15 29
261 5
24 12
5 28
391 26
359 16
86 18
275 23
30 23
55 29
294 2
230 13
326 10
313 26
274 18
135 8
98 7
280 1
114 21
373 5
206 19
364 27
224 19
118 1
429 4
85 6
277 10
482 2
375 2
207 28
319 22
139 1
88 15
389 14
55 29
58 16
47 5
50 18
411 27
374 31
42 15
265 2
124 22
272 11
392 30
350 10
171 9
330 15
407 11
312 25
35 13
72 22
141 17
351 8
492 25
94 9
35 10
203 30
456 14
360 23
303 14
260 30
50 10
436 12
12 7
120 26
467 11
127 3
15 22
10 6
406 16
391 20
165 25
153 24
418 25
170 16
74 14
397 27
223 24
430 10
430 9
131 16
91 18
355 13
291 28
463 20
171 1
339 4
149 23
159 30
355 9
341 20
462 26
254 12
421 19
121 15
83 23
98 13
64 16
482 14
20 12
253 22
500 7
81 4
434 20
417 12
272 13
68 17
346 13
120 23
356 16
321 26
194 2
315 14
426 32
315 29
239 28
338 22
10 11
89 31
10 25
83 25
465 10
365 11
322 4
281 21
75 5
467 24
74 21
81 23
428 32
295 30
167 5
107 28
255 11
471 12
403 5
396 7
54 12
29 3
95 17
256 1
113 6
492 27
206 29
37 13
320 4
150 22
20 28
13 22
154 11
389 8
387 4
422 28
99 31
371 29
111 22
65 4
199 20
262 20
480 14
388 11
185 9
136 24
496 17
329 9
483 13
56 10
56 29
13 30
279 3
198 10
360 22
465 18
22 10
165 25
79 4
4 8
292 3
319 15
287 12
287 14
68 6
343 8
171 27
277 29
90 31
190 21
440 18
359 29
435 11
166 18
75 25
129 26
159 23
5 14
298 31
419 26
337 17
341 7
115 5
307 8
295 9
5 23
206 3
399 21
385 8
6 27
84 30
29 27
136 29
392 22
27 2
299 31
70 15
221 28
107 8
240 22
376 32
340 9
458 30
73 14
6 2
153 5
267 29
35 19
417 6
188 19
235 22
158 24
476 22
192 22
109 23
39 12
378 22
417 23
320 17
176 25
271 12
117 17
360 28
143 32
281 10
71 8
167 4
23 2
161 18
428 22
348 2
105 29
48 21
59 11
214 23
43 24
266 31
224 10
14 11
253 27
48 27
14 19
106 32
208 23
454 11
388 25
305 12
26 4
365 8
70 6
22 16
413 32
474 4
265 8
206 17
486 2
396 3
468 9
238 7
471 19
14 10
492 30
350 1
21 22
156 14
143 6
53 23
317 10
394 13
365 8
153 18
205 8
200 28
253 22
50 15
480 19
433 19
84 14
191 16
347 27
45 29
376 25
247 4
475 12
476 19
443 12
393 27
380 24
374 4
233 24
206 21
190 10
35 26
419 26
229 25
424 6
309 19
426 7
342 32
399 5
443 5
148 23
192 3
130 21
158 27
340 24
427 22
1 21
155 24
390 23
240 1
360 5
111 26
455 8
37 29
472 11
46 28
17 1
498 15
301 4
361 1
371 23
22 27
99 4
346 25
410 2
153 22
486 12
407 16
419 7
145 31
126 14
214 18
426 23
288 2
218 8
70 20
138 23
163 9
118 32
429 20
445 25
1 6
196 23
74 23
53 2
61 14
259 14
172 28
336 31
113 30
459 31
345 4
125 31
184 15
367 12
474 31
45 10
297 8
232 26
58 28
439 18
166 9
243 9
380 3
295 32
484 13
26 16
53 19
187 28
449 13
52 2
67 12
247 15
39 10
84 17
465 2
66 14
218 1
318 13
239 29
145 2
421 10
401 25
24 31
413 28
491 28
245 22
263 7
124 25
172 12
249 21
81 11
470 23
475 24
99 13
104 15
286 28
265 30
349 20
125 9
464 7
428 12
228 10
403 32
194 2
263 11
266 23
313 24
493 31
227 16
351 2
38 24
353 22
25 17
146 17
313 25
320 28
20 19
485 22
250 7
200 28
325 13
207 5
52 31
275 18
494 13
107 12
464 16
37 24
12 10
341 25
494 32
268 6
58 25
287 4
283 18
23 15
451 17
447 2
280 21
132 29
197 6
8 4
401 9
203 21
282 3
441 20
406 32
289 20
164 19
475 22
413 21
256 3
78 22
68 21
422 23
185 10
141 25
333 17
441 8
305 18
430 17
349 12
157 29
3 8
416 21
118 20
325 1
42 14
427 25
314 32
160 19
170 12
395 22
192 11
389 1
260 7
445 1
358 1
97 16
125 12
188 6
191 12
318 20
470 28
45 27
444 28
133 5
207 23
318 2
213 23
246 29
81 19
433 14
347 25
1 27
245 32
416 3
403 6
371 4
329 3
7 28
174 11
88 4
370 26
129 2
316 7
258 12
269 26
185 11
71 21
290 23
224 5
453 30
290 15
202 11
441 32
94 14
402 6
345 11
439 22
57 14
200 10
1 20
356 17
286 22
221 3
444 24
132 4
273 17
423 22
391 3
385 1
329 31
18 1
409 4
146 21
413 17
131 9
16 2
449 2
115 29
228 2
316 11
157 8
132 23
414 22
294 18
210 10
436 27
294 25
386 32
309 14
488 11
414 20
128 14
157 2
382 24
3 29
95 8
137 30
442 2
451 23
403 9
356 3
239 10
35 1
145 7
126 24
486 4
487 29
253 31
207 27
231 1
35 25
72 27
254 6
276 8
248 15
364 28
17 19
309 11
79 13
97 32
436 2
95 15
47 20
121 29
186 3
313 4
27 5
243 16
398 26
336 5
196 7
452 24
153 4
466 11
64 19
491 20
348 13
126 18
136 14
146 13
449 11
393 11
343 15
459 24
4 18
236 16
196 28
115 17
151 9
135 15
347 5
418 14
62 3
440 17
140 13
370 32
395 14
267 5
248 5
180 3
74 24
302 13
307 25
321 17
201 24
23 27
432 32
92 13
334 7
394 18
468 27
265 10
376 27
303 3
311 10
225 20
101 23
5 19
295 29
68 15
484 2
393 16
382 16
464 3
219 25
392 10
471 5
103 26
243 1
172 30
91 1
141 11
127 17
154 5
174 1
119 1
162 27
128 3
198 12
462 32
300 25
305 23
213 28
320 28
164 12
213 6
444 9
149 2
350 14
194 7
374 24
383 15
26 23
430 27
306 23
491 5
95 3
227 12
54 11
115 26
242 31
27 1
31 15
106 32
328 7
254 9
314 13
440 15
203 9
413 4
111 3
112 13
402 3
364 3
237 30
228 2
360 27
14 3
281 3
122 5
121 8
13 6
216 4
476 22
172 28
277 10
143 32
339 4
78 14
202 14
236 2
143 7
184 16
485 4
126 11
424 26
186 21
31 5
240 18
170 4
246 18
45 12
185 3
135 19
289 20
428 28
265 15
470 16
226 11
116 16
265 27
449 6
179 8
202 7
337 3
34 6
20 22
173 4
313 31
318 9
143 22
476 7
168 5
411 1
103 10
448 3
416 25
316 19
80 17
217 24
91 2
202 6
327 14
166 15
181 31
443 31
432 26
285 23
67 27
196 13
72 7
36 8
243 23
434 30
72 18
90 26
251 19
272 9
164 9
420 12
271 14
222 27
132 15
153 6
405 8
218 13
195 1
316 13
308 13
111 31
102 32
392 16
490 23
132 17
303 15
53 6
413 6
128 4
336 16
445 29
184 26
69 6
267 28
18 18
336 28
304 5
179 7
492 12
62 11
377 28
26 25
289 22
406 32
185 18
252 1
334 7
290 22
16 20
137 29
481 24
13 20
464 19
183 15
63 24
429 27
311 18
219 20
243 16
71 31
217 2
407 14
460 25
451 19
456 19
360 17
114 8
424 5
266 30
383 24
53 12
118 8
117 4
167 4
460 13
138 20
411 1
78 22
445 4
345 4
319 24
40 32
131 24
9 24
421 23
76 10
54 1
189 31
29 11
382 24
443 3
15 5
119 12
223 27
472 3
167 6
326 18
73 24
21 9
351 30
176 30
119 1
471 23
103 3
365 32
190 23
59 4
12 5
500 22
92 31
4 30
464 17
167 8
284 24
173 22
185 16
264 27
280 18
165 15
436 17
70 13
187 16
180 2
157 31
283 20
1 14
61 32
114 31
204 5
118 24
235 10
75 14
308 22
435 20
440 18
352 18
346 11
489 13
88 21
56 3
448 8
8 24
76 14
235 15
222 12
6 12
358 12
157 25
137 23
489 5
312 16
438 5
82 22
386 6
127 29
244 18
200 23
82 11
76 32
405 22
223 30
457 32
193 26
97 10
56 5
110 24
480 3
228 14
28 13
435 2
405 26
80 13
132 29
83 20
180 16
209 6
101 9
334 22
130 30
327 18
70 12
257 21
186 4
462 5
301 20
219 25
129 26
13 29
310 28
172 17
435 24
242 23
396 27
32 2
208 10
415 25
497 27
30 2
210 15
99 14
91 13
67 15
466 11
331 27
26 26
115 16
233 32
199 17
135 18
358 18
144 4
323 16
146 24
26 27
194 24
217 8
292 15
355 9
213 1
31 31
39 13
50 11
204 20
103 6
182 12
32 1
435 2
168 12
57 1
139 30
168 15
238 27
137 28
215 21
128 5
87 22
93 1
141 29
88 27
134 25
407 25
297 21
222 9
125 18
9 7
84 1
117 21
487 17
264 30
453 11
150 24
113 19
232 1
391 11
199 16
292 1
245 28
150 2
52 22
448 13
36 3
89 16
55 7
108 6
128 4
412 6
303 16
76 18
480 6
205 11
193 32
487 29
435 32
107 31
409 18
251 16
288 23
299 10
265 30
11 1
170 30
374 28
298 29
210 29
266 10
159 22
261 18
99 3
281 17
385 6
110 11
337 21
325 20
238 30
245 12
334 18
21 3
238 22
359 27
151 32
212 25
285 12
454 7
370 27
291 15
128 24
241 20
148 26
303 9
7 24
336 20
313 29
250 22
230 20
200 4
435 19
189 7
438 6
306 12
228 4
266 31
496 18
171 7
423 25
232 1
224 3
120 25
127 9
290 17
328 30
88 14
456 16
333 14
270 2
53 21
233 18
56 32
175 6
427 14
402 22
230 14
428 2
14 23
70 19
263 6
496 26
159 32
478 7
197 31
480 5
447 13
418 6
144 24
431 18
393 9
79 19
162 31
176 27
413 29
329 27
142 29
228 21
480 29
495 8
155 3
128 14
39 1
159 26
488 30
456 29
126 18
207 27
244 2
313 4
478 1
34 32
21 18
124 24
170 14
379 9
444 10
130 30
50 8
368 2
229 3
474 10
208 12
492 4
413 24
459 10
297 5
213 21
458 28
169 3
306 11
303 25
405 32
435 30
72 14
47 12
476 28
358 3
51 25
338 19
153 13
57 9
493 5
469 6
457 9
280 10
36 19
214 8
218 24
97 25
153 4
293 20
163 26
367 6
498 28
380 2
204 20
302 24
205 7
497 25
259 5
126 2
63 3
437 8
191 14
421 31
177 5
175 15
362 9
256 15
96 12
65 12
423 26
495 23
340 32
491 15
472 16
96 26
307 25
165 13
418 1
191 22
149 29
136 2
405 24
73 9
231 1
152 1
206 22
484 26
193 6
496 24
294 23
49 8
475 18
448 20
150 30
337 23
3 13
12 31
68 8
111 6
424 26
154 2
112 29
175 4
315 2
320 24
112 12
59 7
433 18
330 15
495 3
85 9
343 28
108 18
32 14
411 11
184 28
436 23
53 6
450 27
131 21
326 31
341 16
33 29
241 30
59 15
232 15
84 14
91 31
39 14
464 21
428 19
217 4
145 9
325 3
339 16
67 20
402 23
251 18
32 3
147 30
429 15
85 8
156 23
258 27
296 18
495 27
220 31
438 13
331 7
311 9
70 5
36 3
136 30
256 15
480 2
256 17
132 24
124 12
366 30
334 17
103 20
88 18
391 9
390 25
139 12
94 4
281 29
382 12
415 25
82 26
243 5
154 10
381 2
365 10
159 26
259 13
230 6
286 32
222 28
44 29
227 25
272 23
118 6
274 16
494 27
129 24
396 19
462 28
412 22
373 18
376 31
386 29
180 27
76 18
198 19
114 29
460 13
135 1
390 21
460 16
467 24
471 14
222 8
489 29
110 14
258 13
48 11
441 16
314 4
129 27
486 14
139 1
478 10
373 12
386 16
455 12
124 1
66 17
209 2
182 6
119 27
154 27
434 26
246 11
461 10
461 18
319 28
95 16
77 19
367 2
3 21
165 10
450 6
174 30
136 7
327 22
498 20
124 7
425 25
177 9
446 21
182 24
440 12
412 20
95 2
181 1
303 2
74 12
427 3
409 14
454 11
20 11
418 19
233 10
364 1
226 13
249 11
425 5
387 12
56 21
465 13
281 3
434 30
370 20
304 22
274 9
216 5
59 29
435 3
326 2
51 23
311 24
162 19
340 24
422 19
232 10
483 32
5 12
69 26
276 28
4 1
481 15
341 23
56 27
182 17
129 28
136 11
235 9
25 14
48 26
321 11

