256
186 22
4 17
279 12
476 32
456 30
179 6
10 5
112 18
473 16
90 23
148 28
251 9
141 29
279 18
173 21
199 22
382 18
383 12
185 22
296 16
292 18
101 21
466 20
399 19
319 32
201 18
451 7
278 11
167 5
276 27
181 10
401 2
27 23
73 23
492 24
202 31
194 26
288 31
69 26
97 15
25 25
205 19
99 26
121 1
242 24
308 22
222 12
335 28
194 4
163 13
127 24
320 4
370 31
479 30
144 19
177 16
76 13
346 10
214 30
143 4
213 6
229 22
9 16
238 18
323 4
238 13
115 9
269 12
15 19
274 30
377 22
177 16
182 14
478 7
191 4
350 32
421 3
41 25
494 6
334 4
177 7
116 4
480 32
479 22
334 24
356 23
53 32
14 14
258 31
129 24
462 30
203 10
260 12
162 17
373 11
272 26
270 4
45 1
475 11
94 21
127 9
223 15
185 16
413 22
79 17
241 16
74 4
274 14
391 27
142 31
486 18
16 23
5 20
3 23
435 12
491 1
249 21
239 29
301 11
78 19
247 30
122 9
465 27
358 15
386 19
470 27
264 5
125 24
397 7
99 23
278 25
243 6
302 5
162 18
188 19
184 10
409 5
106 17
404 7
228 21
314 13
159 29
33 31
197 9
113 3
111 22
235 21
268 8
38 29
341 9
20 28
10 32
181 4
300 32
430 15
224 3
427 2
172 12
368 20
92 4
366 19
73 16
259 20
340 32
121 16
224 32
56 26
419 12
53 14
23 6
301 30
429 23
331 8
390 30
171 22
233 16
388 25
487 14
497 22
146 29
358 21
312 17
306 26
204 10
151 6
192 3
175 24
30 1
423 27
258 25
252 30
332 23
146 6
137 2
348 18
314 1
354 25
321 20
206 12
17 25
101 12
159 19
31 20
483 1
459 16
397 30
81 32
53 2
250 25
72 1
174 1
5 15
362 17
38 11
200 31
275 12
466 30
278 13
473 16
301 31
499 6
345 11
129 17
156 10
141 15
178 18
112 10
192 9
358 2
391 21
136 22
60 9
99 29
449 3
96 2
354 10
299 30
24 11
150 32
9 22
406 30
455 29
220 6
193 1
79 24
338 6
249 21
167 31
234 3
269 29
216 2
127 10
23 26
145 12
181 9
461 7
190 7
159 13
265 8
190 19
435 3
409 11
275 7
381 8
393 9
41 13
123 11
326 9
168 10
169 29
474 21
139 24
248 5
276 8
148 17
58 10
343 18
468 10
96 28
477 1
349 21
449 15
35 2
319 3
96 11
403 29
468 1
436 27
189 24
282 17
28 27
122 27
9 14
340 4
289 20
92 13
37 16
163 7
18 18
125 29
320 7
385 27
271 13
57 12
384 22
148 11
29 21
133 29
210 8
140 11
344 4
191 4
327 18
154 4
187 19
160 30
9 25
497 32
69 13
91 8
391 6
362 19
358 23
455 28
22 14
270 25
381 28
96 4
165 6
255 15
380 7
209 16
163 5
371 3
257 25
182 19
50 27
417 24
241 19
179 15
169 24
479 17
259 3
108 32
176 27
478 31
129 26
146 31
242 29
21 15
181 10
349 19
448 6
342 21
488 28
155 24
319 9
261 5
59 28
204 18
434 18
140 22
219 30
204 9
358 20
311 14
129 23
472 1
276 9
321 20
36 23
475 22
311 19
487 10
455 30
455 4
223 11
302 26
84 13
254 1
433 24
182 29
74 14
341 10
22 17
465 26
339 7
115 6
26 9
371 8
495 9
367 21
271 4
10 26
25 15
498 17
178 8
369 20
37 10
453 10
222 25
467 1
59 18
62 24
386 20
63 32
108 10
97 15
449 2
436 29
221 2
429 22
317 26
1 29
359 5
410 28
73 9
344 28
310 1
67 19
40 18
75 16
263 7
230 7
480 5
36 24
302 16
450 14
465 22
322 11
255 16
107 23
460 2
162 17
411 5
315 22
414 21
301 16
263 2
90 3
399 25
442 12
293 7
22 17
193 3
432 23
426 2
329 9
43 31
5 5
275 28
255 24
412 31
215 11
437 28
269 7
133 6
238 29
305 11
33 9
454 8
147 31
57 11
116 12
169 32
404 11
495 10
130 11
65 8
285 9
352 1
39 24
466 32
260 18
387 32
470 24
312 24
70 16
295 29
319 11
9 11
258 23
232 23
113 28
287 21
148 2
301 18
473 27
462 12
240 28
79 6
39 18
29 8
110 31
145 28
490 1
2 31
359 26
189 24
381 19
368 25
464 1
66 12
139 27
223 6
226 2
439 8
43 8
224 20
494 20
284 15
372 21
285 10
222 2
201 3
448 13
483 8
441 4
51 7
427 10
308 20
427 23
268 29
418 11
473 3
210 32
450 17
392 30
162 2
207 27
68 19
487 30
270 19
449 12
209 31
297 4
379 31
466 14
192 23
340 12
350 21
271 11
481 30
384 30
479 7
208 2
97 30
299 18
324 32
389 8
474 18
400 16
408 5
53 11
304 20
466 21
144 32
155 12
102 6
470 28
128 1
330 4
75 28
293 14
79 18
430 25
71 1
108 18
249 5
281 32
256 18
260 32
186 18
227 15
452 20
218 3
225 7
359 19
379 27
48 29
36 21
361 14
361 29
436 26
333 28
365 24
165 13
191 30
390 2
488 21
465 22
124 9
456 30
191 30
484 27
143 4
419 15
477 4
175 16
241 11
183 21
299 24
433 25
197 31
258 1
15 15
94 10
263 17
471 18
87 31
44 9
326 26
435 18
93 2
270 25
320 12
494 14
299 14
311 24
100 32
384 31
142 13
104 5
229 15
62 11
381 1
395 14
270 10
211 23
291 32
399 22
432 28
432 14
22 10
281 21
309 28
439 23
344 27
59 5
321 16
239 21
76 2
258 9
315 32
59 21
448 14
418 11
405 13
312 18
90 29
399 31
108 25
53 32
83 15
228 27
82 18
103 13
451 16
353 29
180 20
73 15
425 27
209 9
191 16
107 29
316 1
235 4
45 15
79 12
101 6
30 26
271 21
338 10
196 26
190 19
305 23
353 13
105 25
410 23
433 16
131 20
372 13
23 8
3 25
395 23
258 25
136 21
261 21
102 16
367 3
183 27
405 3
252 9
448 29
360 4
28 18
331 27
207 14
166 25
158 21
164 4
189 31
444 25
476 21
256 2
39 10
364 16
325 3
304 8
127 23
355 10
5 1
256 7
390 6
271 20
186 14
463 6
437 14
174 32
6 5
105 24
219 28
339 27
435 31
18 29
9 12
419 29
56 10
75 26
447 2
345 8
483 3
357 27
268 10
34 17
163 26
168 29
106 15
127 20
1 24
452 1
15 22
374 14
396 32
71 14
497 19
178 16
425 2
102 4
268 4
316 26
125 28
14 18
342 12
473 22
135 21
54 5
146 19
422 9
79 25
87 19
259 12
406 32
149 12
79 24
347 23
49 11
82 6
405 27
53 1
320 19
153 5
187 31
152 9
43 10
453 29
156 11
392 30
450 21
125 13
160 23
127 29
293 20
122 29
334 19
74 29
361 18
377 28
376 24
8 23
461 4
399 29
226 27
234 24
35 2
56 26
180 6
254 24
241 24
21 6
402 18
430 14
171 2
13 19
38 12
169 26
35 27
170 29
209 15
436 3
112 23
289 7
24 18
115 20
121 19
393 18
432 26
488 6
331 8
352 20
372 32
70 2
439 3
18 15
494 17
242 1
147 14
248 2
275 6
137 8
200 13
269 27
54 24
436 1
108 24
104 19
11 1
88 17
264 18
300 21
262 17
213 9
126 28
430 28
377 31
147 24
299 28
410 17
375 18
89 18
485 4
164 31
217 24
148 8
61 15
236 10
191 16
82 28
112 28
67 12
134 26
416 4
481 21
136 7
22 4
189 14
268 28
353 12
307 28
463 27
150 14
41 8
201 22
7 8
189 25
4 10
138 23
106 6
447 1
177 17
317 5
326 12
272 10
419 19
381 9
297 14
134 17
221 18
163 23
498 23
4 13
25 1
123 14
463 13
222 19
389 18
59 27
325 22
244 19
408 9
327 21
358 16
245 11
294 11
9 27
462 16
347 2
5 9
467 23
389 28
309 18
430 31
344 10
196 15
349 28
415 23
12 13
487 20
203 8
367 23
126 32
223 8
165 23
440 15
397 4
170 21
457 23
71 32
205 6
91 29
73 5
431 16
129 25
192 7
400 2
394 1
385 4
348 1
46 23
31 6
467 24
146 15
3 12
427 15
37 29
315 18
373 29
45 18
14 4
36 21
293 21
290 5
396 29
429 17
276 19
382 14
215 15
220 25
298 10
479 11
366 17
444 7
389 28
444 2
76 15
19 4
408 12
101 27
148 13
96 27
192 1
368 10
208 4
326 9
437 8
339 19
448 14
393 4
474 16
90 9
314 28
472 1
119 20
376 14
453 7
41 32
299 16
253 22
199 10
11 32
233 17
290 8
335 10
15 8
369 16
60 22
415 27
255 17
455 18
151 15
304 7
254 30
302 22
460 9
435 18
340 15
22 25
198 32
14 32
15 26
372 22
63 26
457 5
171 31
150 9
21 13
363 26
407 4
131 30
368 13
187 19
287 16
187 16
416 12
399 22
433 30
208 20
260 28
16 2
130 14
102 6
322 24
275 4
331 13
445 7
25 15
405 19
43 4
146 14
495 16
91 20
18 14
275 5
17 30
58 2
159 15
295 5
474 5
60 32
29 9
354 9
487 31
215 21
54 28
190 16
256 5
327 25
282 9
401 27
243 2
296 17
468 3
233 21
363 29
448 24
149 26
296 27
412 27
368 25
222 17
364 1
41 11
453 7
143 21
473 25
162 28
490 5
62 30
273 5
366 13
168 30
374 27
353 29
325 8
453 11
128 28
375 13
210 4
491 25
32 19
441 14
434 26
378 12
4 11
272 17
223 11
87 28
105 7
84 26
158 12
180 5
55 14
305 13
233 3
469 9
461 21
14 3
339 7
94 6
393 29
414 7
7 4
414 11
290 25
244 23
236 7
436 11
329 12
407 5
387 27
29 3
283 2
297 29
433 18
166 25
106 24
144 20
283 1
427 5
406 2
223 29
93 22
283 29
102 29
185 16
415 14
390 6
107 23
22 23
428 4
216 22
471 15
349 21
267 7
29 8
445 20
17 17
465 11
161 10
340 13
405 30
58 11
303 9
333 5
407 8
216 14
497 2
332 6
142 11
120 15
474 20
126 22
304 10
493 16
156 8
161 12
437 22
58 8
86 22
268 29
2 19
466 26
20 6
195 9
452 11
183 1
82 24
119 2
398 23
53 21
294 13
316 2
487 22
173 32
115 20
416 8
126 6
466 25
235 32
158 26
178 24
462 8
500 16
349 17
190 25
301 3
318 4
417 8
489 13
227 4
233 3
71 6
228 12
207 18
400 32
147 21
55 4
40 6
40 4
302 25
141 26
416 2
70 32
261 22
272 15
365 12
481 4
66 24
175 16
169 26
487 19
207 5
127 10
447 10
486 32
246 10
202 29
435 23
492 19
32 8
33 5
471 18
184 4
73 22
159 18
488 1
260 30
186 26
439 16
51 20
231 5
401 8
309 7
406 29
381 10
416 26
334 22
279 21
274 19
78 12
296 25
429 8
110 18
293 29
449 4
324 15
344 13
315 8
411 20
304 12
157 7
409 10
309 15
62 22
241 8
217 5
56 13
444 22
110 12
418 30
283 1
89 22
169 3
130 32
122 1
75 19
356 15
324 4
21 26
449 29
377 25
297 32
14 12
301 3
180 6
33 6
311 13
292 19
375 25
262 4
409 28
478 32
170 18
279 6
39 27
303 11
448 3
50 25
395 31
435 6
420 27
239 10
439 6
61 21
6 14
13 23
362 14
178 19
495 25
73 9
239 27
299 6
177 29
498 11
51 25
496 30
399 27
404 26
468 4
354 30
489 6
388 26
60 9
381 18
77 5
439 20
31 13
353 27
437 23
130 3
283 21
161 1
211 8
74 15
379 8
152 27
145 31
69 32
307 1
258 8
105 12
199 3
284 19
45 1
253 2
263 23
151 3
272 5
190 17
391 20
124 30
139 5
284 3
324 3
7 21
326 7
480 4
301 24
130 5
40 31
223 26
121 29
77 12
437 6
89 20
186 20
73 8
332 13
382 28
3 12
440 24
202 16
55 26
35 16
50 30
418 4
227 3
496 19
134 1
421 10
112 18
286 4
281 21
96 2
476 30
401 32
277 30
335 15
307 21
15 20
146 12
480 8
322 23
27 28
407 19
29 10
256 2
406 28
135 29
401 6
451 9
25 15
106 19
58 28
283 28
119 24
207 6
152 21
425 26
188 19
180 20
53 15
86 10
174 12
162 6
181 32
226 22
191 19
268 12
94 15
23 28
330 13
162 5
313 30
362 16
120 9
420 12
327 25
481 32
76 27
425 20
106 18
313 8
480 17
395 17
335 25
137 4
202 14
349 6
87 6
366 26
455 25
378 5
141 26
485 20
204 9
471 14
59 16
457 30
420 8
315 30
324 27
269 5
100 9
39 18
179 32
391 29
40 16
265 8
330 5
247 29
10 1
194 8
204 31
309 15
206 19
228 5
425 13
406 20
465 20
61 3
51 16
127 10
71 32
121 8
344 11
285 17
435 14
124 27
480 29
465 17
259 21
66 28
393 31
59 21
266 20
204 4
275 22
405 1
277 29
449 25
95 13
177 17
414 1
371 6
437 20
430 11
84 11
82 8
465 21
36 26
316 19
397 10
273 9
286 29
29 18
21 11
170 30
356 24
350 6
329 26
265 18
36 32
105 10
27 5
314 3
3 5
153 27
218 29
52 23
474 8
89 14
407 6
191 14
193 8
339 25
381 12
131 5
155 7
386 18
155 11
96 9
179 8
408 28
25 7
250 30
242 26
343 32
300 22
261 28
277 32
365 30
259 31
426 21
229 15
298 15
213 25
392 7
345 27
138 5
109 19
218 14
429 12
350 12
297 26
71 30
265 27
83 3
429 28
140 29
22 29
392 2
386 3
124 22
433 9
450 29
499 27
242 7
430 23
154 7
257 25
300 9
159 30
248 12
93 3
96 2
27 19
199 20
473 10
493 17
286 2
297 12
312 23
211 2
333 4
468 29
292 11
314 15
204 17
242 32
299 1
261 17
28 3
441 8
484 13
257 29
79 5
404 10
443 26
483 8
182 18
420 25
272 9
479 3
145 32
122 11
261 2
324 20
396 32
139 15
48 19
499 26
300 19
220 18
220 14
221 9
208 29
78 27
225 8
306 30
128 31
16 8
365 3
175 4
102 21
491 14
60 29
331 31
95 10
452 27
456 9
67 23
17 4
493 9
52 14
462 19
429 14
418 13
316 20
404 18
108 2
271 15
87 5
377 13
3 29
495 6
57 10
472 9
57 12
17 24
114 23
490 6
308 3
186 19
350 1
244 30
187 2
328 1
319 25
453 21
89 20
130 25
361 21
69 9
416 17
229 25
415 10
274 10
477 15
49 2
252 32
487 18
158 11
62 8
371 30
148 23
165 21
455 13
81 15
146 8
311 22
229 6
295 30
151 11
165 11
449 28
491 11
205 12
101 30
327 23
483 14
281 12
454 27
24 10
461 13
233 8
98 17
201 1
315 27
15 27
402 23
246 16
250 2
243 22
67 13
173 25
246 25
48 27
392 28
436 28
444 20
327 10
481 15
434 19
82 20
477 15
115 2
430 12
23 24
65 1
444 13
341 29
394 29
239 25
312 26
340 31
193 23
148 17
397 17
319 14
233 15
16 15
368 25
62 18
468 26
34 19
67 11
451 12
115 5
448 30
214 23
236 11
305 4
79 18
168 30
383 24
396 27
450 28
343 31
209 3
341 31
73 31
469 4
422 15
64 13
64 6
155 7
36 16
34 10
13 30
215 31
305 19
293 27
430 12
469 26
298 17
232 2
271 32
245 24
486 13
60 25
290 7
52 1
26 9
290 22
490 17
432 27
319 13
253 16
212 13
237 5
234 1
230 12
20 11
48 14
487 7
258 8
25 5
452 2
246 17
439 19
449 11
381 3
447 1
218 14
58 27
370 11
275 23
146 26
277 25
3 23
4 13
242 12
273 5
430 30
138 4
105 22
90 29
205 4
322 10
249 11
228 2
21 30
69 10
500 25
63 30
312 2
318 13
93 27
450 26
108 7
242 8
24 11
401 20
71 2
2 31
100 1
289 32
435 25
489 22
53 11
139 32
468 29
269 25
47 30
286 14
304 15
218 31
210 26
407 8
191 16
302 6
340 6
113 14
298 13
59 15
4 22
214 3
154 26
235 8
51 13
205 26
399 10
385 20
243 11
91 29
402 1
74 9
334 6
367 4
491 25
334 10
474 31
316 31
233 7
178 15
423 27
341 13
8 1
133 7
367 27
35 4
319 5
212 1
498 2
136 28
59 21
333 8
219 17
11 11
403 12
86 9
422 2
497 10
2 21
32 12
204 18
339 10
378 26
378 32
184 13
215 22
185 32
273 20
400 3
206 6
323 23
478 20
68 2
377 25
307 12
288 6
326 18
235 19
28 25
430 7
329 13
452 6
44 24
269 27
211 22
96 9
117 13
480 4
102 25
105 4
116 32
121 1
18 24
348 29
172 5
107 20
273 30
365 28
337 17
110 15
459 21
431 19
481 19
462 15
119 18
342 14
458 27
379 3
374 2
223 1
2 1
396 23
442 13
442 18
97 8
325 3
460 23
333 29
369 11
23 19
212 28
425 13
30 15
347 7
380 13
299 21
249 27
359 10
159 29
320 3
56 28
14 31
102 26
455 27
492 5
13 32
45 13
76 22
91 27
181 10
491 3
55 20
377 9
133 3
417 24
142 8
447 11
191 5
352 1
223 8
326 11
251 6
24 18
499 18
248 23
288 19
10 26
182 22
310 2
273 7
118 30
402 12
272 20
316 11
441 14
170 26
125 24
339 16
450 25
317 21
368 28
139 9
1 12
466 23
338 22
241 7
207 10
370 26
438 2
305 18
75 22
495 7
98 9
402 23
21 23
447 16
26 18
468 7
109 22
189 10
375 25
252 30
422 2
411 31
159 27
236 17
41 26
488 30
414 13
388 3
459 30
174 21
271 10
363 12
427 23
29 9
479 5
382 16
106 29
259 8
359 30
200 7
76 15
240 25
428 23
275 30
313 13
74 3
442 12
18 20
486 3
168 16

