256
447 28
115 19
348 27
424 7
143 5
130 26
165 1
70 10
166 11
247 2
153 11
142 20
495 1
251 20
346 22
372 17
438 10
75 29
440 26
435 22
463 4
108 15
428 25
241 13
128 15
190 12
397 4
124 16
352 26
367 10
244 2
342 1
280 28
465 15
265 31
5 19
314 20
58 5
288 26
186 15
488 31
47 32
58 26
479 6
247 18
459 2
139 8
170 30
67 30
489 23
236 17
262 29
456 11
142 15
320 19
362 11
53 24
246 19
429 25
224 3
274 6
17 28
333 6
34 15
24 6
433 31
366 14
160 25
364 29
415 27
331 4
45 31
35 15
345 11
219 8
490 16
101 18
107 25
43 4
35 26
161 12
29 30
161 20
198 17
192 29
263 30
240 16
256 27
450 13
89 4
20 18
11 1
435 29
257 26
109 32
247 9
111 11
499 3
166 28
499 13
160 30
230 24
421 6
26 10
438 22
37 5
44 31
281 10
15 30
11 27
181 22
244 7
236 10
265 30
289 28
258 29
377 20
52 5
325 5
18 10
42 26
70 1
452 19
415 18
240 13
441 12
386 16
62 2
129 26
23 29
441 8
421 13
471 12
317 19
400 30
408 10
239 10
26 14
32 20
8 11
69 12
42 2
187 7
427 19
132 1
435 21
433 8
93 3
179 18
402 3
95 17
372 6
342 21
375 21
41 18
495 9
385 20
414 23
194 13
89 26
141 24
102 21
83 14
32 17
307 13
43 14
445 30
439 23
311 5
11 27
251 10
311 19
245 12
58 23
416 18
468 5
373 29
185 7
114 16
420 9
352 10
26 25
376 8
287 26
480 25
240 2
154 22
217 31
477 30
41 25
123 4
153 24
428 21
154 9
405 21
165 32
239 6
404 6
209 6
3 25
339 18
270 32
495 14
446 7
463 18
215 26
345 27
137 20
56 14
17 20
67 13
67 1
75 11
270 31
364 4
323 14
217 17
398 27
282 11
33 9
33 32
34 17
466 18
353 9
311 1
184 1
253 15
33 31
277 6
462 8
277 20
46 29
80 3
55 2
137 24
310 9
187 11
250 16
364 30
377 26
322 20
107 10
14 27
253 26
145 6
282 9
201 23
118 29
121 28
346 5
111 7
130 9
201 7
5 12
332 17
441 1
144 31
78 6
38 18
151 26
247 32
306 16
462 7
284 14
447 9
43 21
487 32
410 31
254 22
102 9
146 14
441 9
293 18
150 6
52 13
215 26
436 32
301 2
147 20
331 9
416 1
205 10
248 26
440 5
379 17
289 20
139 21
369 11
99 10
464 10
22 14
151 2
401 12
355 19
239 17
343 27
410 24
408 17
13 12
362 32
444 2
471 26
231 15
216 29
209 19
182 14
60 8
187 13
487 17
211 18
430 26
232 19
305 15
199 1
190 24
412 22
414 19
419 16
221 19
324 25
165 17
11 5
40 21
37 11
442 15
456 7
356 7
413 24
29 27
329 15
375 24
56 12
326 18
283 11
108 6
179 9
314 9
201 13
386 29
83 3
187 18
49 19
428 1
54 13
423 2
27 13
326 30
288 3
407 18
401 19
175 16
491 12
268 7
193 21
279 15
331 13
17 31
359 24
43 9
400 26
146 30
466 3
359 30
326 10
323 18
484 6
305 22
189 25
16 9
77 30
360 4
462 24
490 9
171 1
85 19
350 26
200 31
257 11
272 2
28 11
307 15
296 20
336 32
184 31
421 24
348 32
371 5
7 29
481 5
97 29
451 22
351 7
464 19
413 16
188 4
34 6
302 9
457 21
368 4
43 16
104 14
67 22
50 5
38 31
454 14
299 32
283 17
406 23
107 22
186 22
461 31
492 10
251 20
454 14
440 16
406 19
385 12
220 15
249 26
317 26
447 7
309 10
468 31
180 26
88 5
72 13
435 11
162 9
10 20
154 21
111 19
47 32
383 15
134 15
228 26
388 14
416 32
255 23
114 22
309 18
150 32
102 28
294 19
120 7
82 26
456 9
184 2
392 10
120 21
400 23
326 31
225 13
335 27
328 28
117 20
353 10
219 10
202 28
421 9
166 2
446 29
46 14
475 17
47 14
165 15
145 18
85 9
435 11
51 2
423 19
101 19
285 7
81 2
182 25
10 3
206 12
172 4
141 30
392 15
443 25
485 15
398 10
159 8
44 26
445 26
80 29
93 8
215 9
405 4
377 19
447 26
426 6
185 22
115 17
104 13
485 1
348 18
362 18
66 29
419 2
223 23
259 3
66 1
339 7
221 11
89 11
148 22
136 1
431 18
261 14
10 25
474 25
478 23
215 3
444 21
257 10
483 3
480 9
339 22
223 7
236 7
429 3
28 32
67 6
17 19
491 15
275 1
235 21
3 17
351 10
82 27
463 16
473 30
316 32
463 6
74 18
52 23
81 7
270 23
240 7
30 31
165 20
399 27
112 21
348 31
199 17
69 17
196 22
455 24
205 1
253 26
467 9
132 7
87 6
397 27
40 6
261 32
434 23
454 1
411 5
7 9
433 24
474 21
321 8
492 1
196 8
6 26
400 10
412 31
39 29
17 26
438 17
133 27
435 18
268 17
239 26
158 11
53 19
151 29
410 10
101 1
238 23
471 1
96 26
327 14
394 23
415 24
471 31
406 13
484 13
454 6
151 23
97 23
93 15
280 2
241 16
458 10
190 28
318 5
14 9
270 11
191 24
90 6
82 20
270 6
20 15
491 6
185 27
225 13
186 16
482 2
87 16
459 5
71 20
265 32
124 27
343 27
422 12
180 8
279 17
273 31
24 23
468 4
202 32
41 27
399 30
16 14
313 6
318 24
453 26
319 21
320 1
95 6
93 14
97 11
426 25
21 29
483 13
361 32
384 17
274 27
274 21
324 27
466 25
322 19
74 8
347 6
301 21
135 21
66 23
467 31
451 8
292 29
476 28
321 31
256 22
345 25
235 32
467 4
160 4
470 10
428 28
127 20
256 25
324 17
195 6
16 29
277 11
281 32
162 21
315 17
195 23
297 21
31 28
332 14
51 14
275 10
117 5
409 25
13 4
397 11
374 24
55 22
70 32
106 7
288 20
499 30
282 32
114 32
59 10
354 25
247 4
291 31
381 31
439 5
431 32
304 12
451 22
305 25
45 22
103 9
181 22
166 19
249 24
478 15
429 31
119 23
163 9
389 11
460 12
491 10
367 30
45 1
356 21
189 8
463 24
436 19
245 22
309 1
85 23
3 13
173 21
39 23
234 23
433 5
310 16
434 12
421 2
493 32
30 5
380 32
324 23
487 8
120 23
116 24
285 22
420 2
443 6
496 8
441 25
368 30
352 25
278 20
130 22
252 15
154 27
3 22
1 1
249 29
487 5
28 4
186 24
433 4
461 28
155 25
356 22
355 27
174 32
183 7
253 2
314 14
268 4
235 12
8 32
240 26
52 28
117 29
271 1
217 15
329 11
336 16
245 30
95 14
173 25
73 17
62 10
182 21
53 1
300 16
456 8
405 3
11 6
95 21
274 31
215 2
34 10
138 10
443 28
47 3
360 11
243 13
356 17
453 32
45 32
171 16
495 24
358 9
301 16
489 2
467 32
380 24
457 21
481 16
452 23
218 3
498 5
435 21
237 15
113 5
490 3
484 21
210 5
193 22
496 26
140 2
237 27
165 1
239 25
296 30
24 2
352 17
326 14
225 26
376 25
398 9
472 17
53 21
73 26
395 8
427 2
234 11
404 2
59 10
247 27
183 10
72 6
142 1
23 30
14 14
55 23
114 18
143 19
58 27
264 16
486 30
189 11
204 12
321 18
437 7
320 27
40 7
208 9
491 18
398 32
479 28
266 21
329 28
463 19
474 18
42 24
267 19
382 22
26 14
287 19
324 19
433 3
201 13
43 32
222 17
399 29
244 21
349 25
72 23
311 6
240 12
209 22
434 30
179 28
348 17
274 31
275 26
386 28
198 12
19 4
220 25
176 8
433 16
388 29
186 10
254 13
401 30
134 19
255 12
350 6
128 27
477 31
32 6
230 26
141 20
353 13
368 28
28 25
403 19
9 16
464 22
216 16
75 29
254 13
364 15
135 3
77 23
97 29
472 26
190 12
277 18
324 25
273 11
149 23
117 5
466 24
270 1
500 12
381 9
376 4
208 10
438 32
472 7
96 27
212 17
259 13
30 30
189 14
285 21
180 5
197 9
185 18
177 4
13 5
140 20
4 3
102 14
335 29
328 30
220 19
419 30
379 16
411 3
454 3
255 1
300 15
130 4
268 18
371 28
215 18
372 30
209 13
159 23
249 30
176 32
377 2
297 15
246 24
26 15
106 8
35 1
435 24
240 22
470 10
186 32
120 1
401 16
381 8
74 21
249 25
301 21
195 17
232 12
8 21
342 2
240 8
18 18
40 6
80 9
219 25
192 10
173 4
369 5
355 30
385 16
43 13
80 17
134 7
380 5
271 21
106 23
448 8
36 27
85 15
347 27
231 10
345 31
186 29
11 24
7 28
495 17
284 11
489 5
237 28
410 12
292 15
370 11
342 9
430 2
372 8
81 30
370 1
209 31
137 31
446 23
318 29
43 2
219 7
370 23
454 15
314 17
498 3
188 19
440 1
117 3
448 17
116 25
473 28
223 13
247 13
104 20
313 10
17 15
233 27
337 18
369 7
283 6
185 30
409 20
290 13
286 5
73 22
406 13
77 20
5 11
500 28
239 8
310 19
194 22
493 27
79 22
33 9
431 9
182 19
193 3
215 18
60 27
231 5
183 24
444 32
482 24
499 32
107 32
327 21
201 31
35 28
32 15
492 15
135 10
153 19
496 32
157 19
6 11
19 1
46 15
228 4
258 26
99 4
386 21
220 14
96 6
69 7
172 13
293 11
86 22
337 1
165 1
136 14
84 10
210 13
320 13
360 29
367 19
145 32
87 24
41 26
470 22
365 17
22 21
3 23
454 24
187 30
36 10
492 3
180 25
452 11
342 31
280 12
473 8
163 24
139 23
445 28
16 17
453 13
318 7
495 15
146 26
93 22
207 24
4 22
488 7
89 21
322 8
240 22
143 10
205 13
309 30
241 12
162 21
213 19
499 27
306 25
92 14
30 23
185 5
240 20
44 12
353 17
47 8
158 1
346 19
322 18
68 22
329 29
106 21
412 4
452 17
100 3
466 9
45 2
366 5
173 25
464 29
273 3
469 14
403 22
348 16
319 15
137 3
348 14
40 27
50 7
327 13
237 8
130 2
145 3
418 29
255 21
46 3
95 30
160 26
31 16
73 25
274 14
199 9
303 18
379 12
432 13
353 1
200 14
302 28
180 7
365 10
451 18
312 18
127 27
395 1
330 19
209 8
28 19
224 27
349 19
34 28
11 30
152 19
71 29
258 26
23 6
35 30
235 14
223 5
169 25
221 18
435 29
101 11
40 9
145 20
279 10
223 25
268 11
55 18
179 25
440 10
138 14
27 21
320 21
85 4
217 30
485 23
438 14
465 9
262 5
420 16
139 11
384 22
369 19
95 27
455 18
248 8
360 10
316 27
226 21
370 10
262 18
445 11
143 1
380 20
370 15
147 20
293 11
265 13
173 15
208 7
97 11
70 32
433 10
338 18
342 23
452 15
412 28
153 7
156 12
162 1
183 29
384 19
43 28
488 3
63 7
193 11
353 22
318 5
203 3
147 28
213 18
498 32
345 3
30 8
34 32
229 8
352 28
43 2
316 26
312 2
428 12
388 16
321 21
121 32
211 11
419 15
216 5
398 8
419 20
115 20
471 23
20 14
307 22
271 10
443 18
351 14
289 22
353 29
294 17
336 32
91 23
278 22
23 27
421 1
454 12
392 32
378 15
449 20
324 27
9 18
152 7
339 8
448 28
253 5
16 32
448 7
194 17
116 16
400 25
8 25
72 4
129 5
162 5
337 22
148 21
455 11
56 6
443 23
485 23
300 12
486 31
310 12
324 14
247 27
462 11
279 9
6 11
333 31
188 5
356 15
218 27
485 21
456 11
331 32
325 6
143 23
377 29
342 20
230 28
274 15
46 32
75 19
311 3
274 26
132 5
184 1
143 32
325 30
299 31
389 11
285 8
137 9
336 2
64 13
270 9
107 3
92 17
422 18
291 7
251 26
27 18
122 10
306 14
267 28
101 4
430 17
39 7
249 14
396 20
142 5
352 20
36 3
280 29
197 22
355 31
492 13
85 9
50 2
411 29
197 3
176 2
99 10
44 11
291 16
362 16
308 25
31 27
7 6
151 15
379 25
354 10
386 30
187 27
383 9
307 27
459 22
56 29
399 4
107 21
391 4
472 6
32 6
41 22
163 23
445 6
48 18
115 21
439 1
71 13
101 6
251 19
211 2
467 26
257 21
2 23
392 18
197 19
179 29
313 2
279 13
235 2
406 21
462 12
206 5
368 30
114 30
217 4
423 31
137 4
108 11
30 11
464 22
274 18
314 6
483 5
46 25
270 15
122 28
498 3
116 17
132 9
482 16
256 12
383 9
139 2
31 9
340 14
394 9
487 16
402 18
152 31
390 25
249 23
356 6
189 19
462 25
403 3
372 7
51 22
403 29
447 1
209 3
278 3
103 12
162 25
85 5
451 7
85 4
189 17
297 22
115 31
50 30
53 21
28 15
27 18
144 1
214 16
463 31
306 14
458 3
70 7
131 28
73 4
71 9
360 8
138 22
478 11
343 6
460 22
485 10
151 32
162 24
331 13
58 1
42 32
455 31
114 10
334 18
5 25
446 32
476 24
189 5
474 8
482 1
253 30
270 4
445 20
471 12
408 17
116 25
100 14
411 21
7 16
250 3
352 31
226 7
482 23
131 24
150 21
388 26
282 2
9 15
441 24
206 20
212 5
500 23
242 2
23 9
5 16
111 25
318 13
387 4
103 10
107 32
334 18
5 15
3 22
193 7
197 22
346 20
70 5
218 12
254 20
412 23
215 30
171 16
210 13
35 12
426 13
267 19
135 4
226 17
489 30
136 5
168 17
92 13
326 1
400 27
104 11
393 22
185 31
53 18
472 24
410 1
228 8
8 2
299 21
203 3
2 10
323 5
170 30
110 15
426 9
426 17
24 26
198 28
233 11
453 4
338 10
304 5
390 23
131 28
247 25
179 29
374 5
121 27
119 18
390 32
443 19
277 14
484 22
25 4
76 21
123 1
43 11
182 16
89 12
323 12
200 9
436 5
206 8
467 16
490 8
71 20
22 31
101 6
173 9
425 20
305 16
365 27
326 26
482 26
61 21
249 8
361 12
332 10
444 10
93 13
6 8
216 11
362 32
384 26
292 25
134 4
208 2
147 1
395 8
298 31
488 31
214 25
434 17
118 29
46 27
309 11
226 8
430 7
191 5
325 14
473 14
430 4
159 16
416 9
259 30
359 19
112 12
299 5
320 12
422 21
478 10
120 7
458 21
494 24
213 14
482 22
479 23
421 9
42 29
41 28
50 23
398 21
174 24
57 29
316 26
61 9
264 16
200 21
80 29
368 29
214 17
34 4
463 10
32 12
142 28
304 31
322 21
55 19
453 12
339 16
293 31
264 8
431 7
128 18
359 8
6 12
48 31
319 31
197 26
14 14
421 17
233 6
74 31
236 18
250 6
145 15
325 24
302 19
75 18
468 1
277 18
61 16
216 27
334 24
229 24
250 9
220 18
95 13
120 6
170 26
108 30
116 16
426 29
390 20
198 5
136 6
182 32
2 6
75 3
309 15
386 2
7 2
243 5
250 3
283 12
436 22
85 3
25 30
171 6
213 13
270 5
46 32
44 7
201 30
234 1
476 3
271 3
76 21
435 18
227 17
97 18
310 5
64 10
247 19
99 19
455 25
159 16
172 27
251 28
376 32
232 4
306 30
186 6
367 12
411 9
393 19
107 2
391 14
240 25
256 26
448 30
206 2
414 9
160 4
452 20
351 32
239 4
389 28
241 15
99 31
52 3
361 18
397 8
179 16
92 31
473 11
496 27
497 9
259 8
128 7
395 14
246 17
486 2
112 26
241 19
81 8
405 9
301 25
396 23
288 16
265 17
26 17
143 6
373 13
382 5
315 8
330 24
261 3
398 4
245 10
434 21
133 11
469 9
491 13
263 11
352 20
391 21
140 5
103 28
137 8
12 4
111 18
215 7
360 20
447 16
453 32
132 13
422 1
221 13
317 20
43 8
363 17
248 10
169 22
13 5
185 5
312 12
70 3
18 9
342 28
385 19
48 28
83 5
468 20
233 8
287 7
303 13
59 11
2 11
252 26
88 29
242 23
232 19
277 25
444 15
417 20
265 16
47 31
432 11
2 5
2 24
291 1
288 2
207 25
132 10
7 27
246 16
118 13
263 10
430 30
364 26
237 24
161 31
179 28
1 8
460 27
320 11
159 3
304 5
100 23
174 14
154 20
205 3
100 31
368 5
24 4
78 12
415 6
247 17
386 19
273 1
249 24
447 7
50 22
123 21
185 25
106 30
272 31
164 11
129 11
104 25
466 13
468 9
123 14
325 20
313 17
204 13
40 31
320 2
252 30
442 32
294 24
477 1
62 28
288 18
375 27
398 20
275 14
72 25
79 21
256 27
197 32
304 13
314 27
178 17
120 3
205 14
370 13
182 15
25 25
473 15
211 10
90 26
87 30
86 18
262 30
260 22
5 19
194 26
389 15
234 5
194 26
126 11
471 31
346 15
128 26
245 10
39 30
27 26
347 21
143 12
306 22
418 14
317 3
127 21
186 16
417 3
150 10
145 16
201 6
466 32
11 26
369 2
395 12
379 18
212 5
201 17
126 30
178 2
433 4
351 18
15 15
200 28
365 32
135 1
390 8
96 4
13 8
153 24
63 31
149 18
255 5
142 29
171 31
174 3
474 20
72 21
347 7
356 27
318 27
127 11
146 26
459 3
389 19
418 20
346 2
429 20
118 7
332 8
93 14
242 7
233 29
259 3
435 10
493 9
160 23
163 6
44 1
316 17
436 1
440 5
2 8
232 7
142 8
259 19
421 24
153 21
165 19
288 23
228 20
55 32
251 18
397 26
190 12
282 5
148 13
257 13
293 1
119 2
256 1
20 28
81 12
32 13
286 7
47 26
99 2
457 5
319 29
198 4
268 8
485 19
52 17
415 8
433 17
482 24
114 29
215 10
377 3
142 6
417 24
379 3
289 23
67 11

