256
66 19
55 3
254 15
233 5
196 19
125 10
9 7
13 22
2 24
77 10
354 17
368 26
498 19
455 17
497 26
235 10
352 9
28 9
351 29
270 6
471 22
219 7
212 12
376 22
39 12
331 24
248 3
225 5
41 27
277 5
28 31
302 31
3 26
188 29
294 21
250 4
350 17
446 5
52 6
478 30
477 25
333 13
211 5
321 15
87 6
491 19
312 32
197 11
473 24
19 14
340 9
381 21
441 27
102 20
204 19
285 16
239 5
256 5
25 13
403 7
230 5
429 21
37 10
59 29
361 6
127 13
50 27
241 6
389 26
37 20
125 9
124 23
289 31
16 21
11 14
127 28
163 20
133 23
33 15
59 29
120 29
445 1
396 10
362 12
231 30
80 15
70 3
422 18
285 1
22 12
206 1
35 32
56 23
66 16
210 9
184 25
161 21
202 28
18 31
44 32
165 7
307 2
177 20
444 9
16 25
108 1
465 27
89 12
13 22
311 22
130 7
255 3
475 8
402 24
222 5
443 2
419 5
472 19
328 23
260 11
231 15
416 8
213 12
271 26
361 14
151 31
428 29
485 14
64 30
97 10
183 27
375 13
140 14
252 23
112 27
14 19
229 13
94 18
136 12
19 24
297 25
190 12
278 22
329 25
412 29
330 22
168 13
250 23
106 1
477 30
363 14
264 4
270 9
385 17
72 31
253 13
275 30
444 12
468 17
245 7
49 6
28 4
334 29
226 12
130 7
9 24
44 24
435 14
332 15
70 19
277 6
271 4
116 23
455 23
339 19
313 19
329 24
307 10
468 16
453 17
86 29
441 10
436 3
147 19
398 20
22 30
242 4
225 29
358 16
291 32
82 15
139 26
294 9
276 25
328 24
210 14
393 18
395 8
376 13
299 5
108 32
299 25
463 3
57 29
406 7
368 20
301 14
101 26
302 16
411 14
456 28
247 28
473 17
231 32
385 29
325 28
348 7
45 31
349 9
483 27
300 22
446 4
60 26
250 25
274 16
194 17
131 32
280 23
432 14
302 12
391 26
160 6
100 28
252 9
156 30
55 19
288 16
259 23
397 20
411 18
167 21
250 13
396 13
251 4
391 24
347 5
30 22
370 17
61 14
281 21
207 27
375 30
186 29
192 19
344 3
104 18
59 6
10 10
86 32
485 12
16 28
108 9
41 26
377 2
303 18
22 17
196 28
207 22
85 2
316 8
204 11
290 26
124 23
420 2
263 16
37 14
439 29
174 28
326 14
285 28
411 18
192 11
257 26
340 5
148 7
121 31
73 6
317 1
412 28
258 18
195 14
303 22
290 20
317 31
82 13
446 32
110 6
450 10
387 9
207 26
295 27
89 32
88 17
416 27
344 1
377 22
318 11
375 24
359 27
74 32
143 16
283 4
9 9
118 19
373 28
281 32
2 5
387 21
477 30
291 32
178 27
61 11
198 32
102 4
126 24
347 1
47 1
372 27
213 17
301 26
164 25
457 1
5 23
457 17
348 4
4 17
266 5
371 3
500 29
222 29
352 8
245 26
49 1
304 17
457 32
198 29
241 2
489 21
348 18
78 11
397 21
423 18
145 22
181 28
322 26
121 5
322 21
422 10
185 17
482 6
32 4
318 8
37 30
369 29
455 2
283 3
26 2
69 15
203 9
166 8
150 2
48 3
355 9
192 11
397 6
236 8
57 17
52 13
211 12
329 29
365 16
72 2
21 20
412 7
388 26
450 29
67 25
212 17
317 11
16 25
428 11
492 24
156 15
429 10
314 13
234 6
220 5
272 12
296 23
166 19
464 31
72 11
463 15
155 23
37 22
343 9
273 15
152 28
229 4
145 23
189 10
276 12
35 3
204 6
434 9
13 9
484 8
483 30
422 14
77 14
159 3
126 3
105 22
210 14
61 2
80 9
84 31
361 26
254 12
299 27
284 23
287 27
98 22
417 19
259 13
329 5
263 22
52 32
435 5
53 4
467 16
96 18
338 32
19 15
223 9
129 31
480 12
125 29
389 17
300 3
237 16
267 12
285 14
71 16
79 23
67 25
458 30
298 19
174 20
238 8
484 10
254 27
337 31
244 21
123 7
223 12
22 30
211 26
307 1
229 29
255 27
485 28
161 30
358 22
97 15
81 13
165 3
247 13
65 30
78 15
384 24
46 25
493 16
415 32
388 27
388 6
142 17
205 14
6 15
339 31
9 31
387 21
105 17
378 1
123 3
208 18
458 9
115 15
361 29
102 8
375 9
242 12
65 14
21 7
360 27
25 25
482 15
245 26
43 14
459 13
428 10
375 10
270 9
188 10
369 5
82 27
129 31
111 6
120 31
264 8
46 16
52 19
50 12
464 28
418 6
313 9
439 7
82 1
175 9
190 19
57 27
137 26
297 19
231 5
434 10
100 11
485 11
357 22
446 8
181 15
94 25
412 28
179 9
92 13
114 6
451 30
256 12
59 25
38 21
321 15
338 8
449 22
422 21
411 7
477 28
434 10
84 13
305 19
189 1
171 6
234 30
176 5
61 26
41 6
227 25
421 12
484 13
90 17
378 12
124 30
443 13
127 27
401 11
493 13
383 11
95 16
488 22
105 16
355 17
498 29
62 10
349 9
342 10
450 23
141 17
424 28
481 26
462 21
37 2
173 15
172 19
35 20
36 19
59 23
339 24
323 12
177 27
297 23
312 14
237 25
170 1
388 26
414 9
382 30
6 14
221 21
173 11
188 8
97 11
450 31
154 17
39 3
147 31
201 15
432 5
263 9
153 26
102 31
202 15
368 11
240 8
87 28
46 7
120 14
373 1
281 18
45 23
60 28
5 12
2 32
253 16
240 21
117 9
323 10
175 15
228 18
482 18
326 8
88 17
21 8
217 1
42 2
323 13
305 11
65 6
114 9
125 17
73 29
45 16
262 15
290 25
337 19
302 14
150 2
310 15
53 14
175 2
491 6
399 11
176 7
304 26
131 4
494 11
20 3
302 5
461 23
269 17
214 7
162 3
164 27
237 16
53 32
14 23
261 32
338 20
226 17
77 20
421 23
262 20
313 24
73 9
358 21
274 23
467 23
138 2
462 10
50 26
285 3
56 13
178 17
333 7
238 13
462 22
183 23
301 27
490 1
120 28
270 29
270 16
31 11
218 4
133 3
357 29
33 13
314 6
9 10
464 30
258 5
255 25
351 28
287 9
280 22
40 17
2 21
137 5
420 18
228 20
472 5
320 24
349 25
65 13
482 8
103 24
156 29
32 6
116 2
50 20
76 17
148 9
102 4
313 5
489 21
424 8
477 7
167 9
80 27
33 1
462 31
4 13
196 7
475 19
205 32
58 32
465 10
60 22
341 21
290 2
117 17
141 1
159 8
121 22
390 29
151 4
140 14
320 23
393 2
497 29
22 15
228 18
464 3
107 4
11 32
485 31
460 14
71 6
137 7
208 22
196 18
229 31
215 9
21 19
398 29
55 11
275 10
460 2
421 2
394 3
313 10
410 16
207 32
94 11
23 17
369 10
362 25
404 32
201 28
387 11
144 1
369 3
427 17
156 23
246 9
129 19
279 26
34 9
370 23
180 32
279 20
461 8
348 16
272 13
139 26
499 2
302 11
200 4
399 8
74 13
108 19
407 2
92 32
75 5
67 30
352 29
153 12
41 28
27 12
252 5
321 30
447 30
173 10
202 3
205 27
419 1
181 13
254 25
117 12
233 3
433 1
231 25
100 3
141 7
434 28
291 18
198 17
80 2
87 17
144 11
407 19
307 24
239 13
212 11
92 12
241 1
380 12
313 24
94 13
458 28
401 8
485 2
337 28
319 19
344 6
417 23
376 8
42 23
488 29
173 11
48 14
455 20
89 4
111 6
276 8
413 24
167 14
273 7
461 27
129 21
405 22
111 24
121 24
98 16
256 15
38 27
388 5
434 20
316 24
9 23
463 26
119 14
319 7
484 15
186 13
139 2
10 13
221 30
252 7
441 23
293 6
14 16
26 31
7 17
195 27
284 21
436 22
138 26
496 22
89 29
86 11
122 3
328 23
428 27
365 12
290 17
197 3
40 27
453 2
415 23
60 18
8 16
303 13
305 3
470 17
479 3
472 29
353 19
147 4
229 15
499 30
371 32
24 30
270 1
307 4
327 26
86 2
417 28
183 18
186 16
466 29
59 29
469 23
87 11
43 28
329 9
37 23
88 25
460 1
241 18
245 15
335 26
253 20
69 31
325 19
438 6
123 32
79 7
259 17
409 17
184 9
45 5
287 1
133 18
341 21
363 5
291 13
266 19
152 19
329 4
293 31
470 19
114 12
357 20
416 9
376 8
1 29
24 15
405 8
384 29
232 2
34 30
146 31
269 14
337 1
477 21
67 26
43 29
345 31
404 1
15 20
64 23
404 19
153 12
446 4
404 21
485 9
402 19
88 2
132 24
119 16
53 1
406 19
217 14
346 13
362 24
104 21
79 15
11 19
314 32
471 1
336 27
6 6
289 17
407 12
368 9
232 20
62 5
219 6
386 24
250 32
127 17
24 29
211 27
288 24
194 6
445 14
416 2
267 13
246 25
328 25
402 19
237 11
47 19
92 9
370 2
384 24
398 27
53 17
145 4
336 15
301 32
220 8
81 14
272 18
362 12
143 7
362 23
429 21
185 1
397 18
418 4
253 19
38 29
275 19
496 11
373 8
390 28
364 11
281 3
352 14
438 6
109 12
224 5
412 4
261 28
165 6
439 30
493 28
222 27
10 26
229 14
217 15
177 16
145 17
419 20
451 32
490 19
359 21
447 10
325 28
429 13
237 3
406 25
195 4
200 12
401 24
290 29
250 2
49 30
275 31
390 17
26 11
135 9
295 25
154 23
288 23
108 21
301 13
457 23
196 32
403 12
436 28
213 29
361 21
431 15
431 12
211 16
50 1
340 20
278 10
315 13
280 14
293 24
138 14
427 10
405 17
281 4
224 29
377 8
457 27
71 3
478 21
47 27
330 10
222 15
83 24
23 18
161 28
294 31
417 24
336 21
400 28
365 19
461 25
58 9
399 16
360 24
465 30
106 26
143 31
252 26
67 2
439 27
441 20
377 5
303 32
30 18
180 18
28 20
486 30
112 28
417 7
315 17
228 4
26 11
98 17
448 24
403 14
243 15
322 11
404 12
183 13
30 6
178 1
205 7
494 20
102 11
287 20
143 30
187 5
236 24
297 11
300 7
421 2
246 26
12 9
69 22
433 2
259 18
7 19
476 32
279 25
114 1
344 5
282 2
129 6
165 29
52 8
328 8
209 25
417 21
425 6
118 21
435 5
318 9
339 29
145 29
73 18
385 32
218 27
297 30
184 25
475 15
481 30
59 9
78 23
113 22
312 7
210 3
107 15
39 1
171 19
266 31
293 26
10 26
168 30
60 19
322 18
438 22
39 24
343 4
174 27
469 10
185 2
436 11
56 22
440 26
361 9
172 13
58 21
14 22
190 29
428 7
458 9
165 28
416 27
463 14
313 23
279 22
460 2
492 7
39 11
444 31
191 23
403 21
147 17
474 28
193 17
51 27
470 31
498 25
73 21
326 13
243 28
86 3
169 2
421 20
64 9
310 31
183 29
3 10
333 28
369 25
80 7
27 5
485 9
286 29
485 3
146 7
67 11
133 27
12 18
146 24
270 32
182 24
372 8
485 8
11 6
80 14
124 19
491 17
483 16
369 23
238 22
397 16
449 6
243 12
435 24
387 16
195 24
359 18
103 8
121 1
49 25
407 24
11 1
484 5
376 21
163 1
70 23
121 10
440 27
182 18
102 24
429 9
488 8
214 14
483 19
407 27
239 29
54 21
61 26
445 12
94 19
252 23
17 28
385 5
86 22
182 8
485 23
336 28
250 9
266 12
439 24
262 5
188 23
129 16
56 17
387 29
31 6
164 12
362 20
4 23
465 5
486 21
147 13
125 24
74 26
479 16
265 8
393 4
259 13
51 14
446 13
315 32
74 30
23 19
377 26
234 25
415 7
493 25
392 29
161 9
358 19
180 6
435 12
425 25
445 27
210 22
263 16
217 25
353 32
123 29
469 20
273 23
427 2
148 14
234 32
338 20
150 13
65 12
293 2
128 17
168 10
478 3
213 26
471 6
285 5
498 18
153 23
488 19
240 23
100 21
146 21
416 8
157 1
231 25
174 23
185 29
400 14
475 24
208 25
233 32
390 31
97 22
205 25
324 12
423 7
268 5
211 8
216 27
16 30
168 9
360 28
381 19
218 4
75 17
152 7
472 25
241 1
286 25
357 21
240 7
383 4
51 21
191 22
164 18
416 3
246 7
386 30
386 7
185 4
231 29
470 7
81 15
123 3
7 31
475 11
461 18
106 16
154 24
481 21
353 24
499 2
375 21
75 24
339 32
423 18
448 4
476 16
454 30
394 25
280 9
59 32
430 16
455 31
311 20
104 15
35 10
112 9
190 14
372 25
297 26
154 8
390 1
124 15
78 9
7 25
89 9
300 10
432 7
305 30
394 28
108 4
65 27
41 3
257 12
487 21
58 4
149 3
120 20
345 1
140 24
405 13
268 16
450 24
162 30
145 15
365 1
335 30
471 31
36 3
138 26
484 15
13 20
345 32
107 2
32 2
393 24
326 24
343 4
63 29
381 4
59 26
312 29
27 30
119 22
213 5
83 24
303 11
179 4
430 17
189 9
234 29
248 32
444 6
39 3
446 3
418 13
368 9
249 18
362 4
455 6
124 21
121 26
187 7
277 8
287 1
428 9
249 15
432 17
117 10
255 22
240 24
418 8
252 11
353 5
386 32
39 21
400 7
138 19
162 11
54 4
231 10
320 8
8 19
228 12
424 10
38 8
5 3
475 32
473 7
220 26
338 14
218 26
121 28
176 2
122 5
433 16
62 17
35 6
207 14
193 31
243 18
146 23
389 20
354 1
298 26
219 32
387 8
77 27
495 4
492 8
332 1
468 22
381 14
315 19
116 11
217 18
441 22
309 17
333 30
41 3
439 11
118 30
399 26
36 21
149 20
9 4
156 20
77 4
181 19
474 28
250 7
358 26
404 22
222 5
31 26
219 10
225 8
147 23
233 30
367 29
413 7
212 4
54 25
455 27
31 29
234 8
471 3
25 30
460 10
462 11
360 8
312 8
367 26
58 15
343 8
183 8
3 11
27 8
387 18
494 13
262 24
401 16
374 21
457 18
23 15
324 2
98 15
317 5
444 6
267 30
149 30
245 27
48 16
59 10
253 4
202 14
335 10
97 21
379 9
42 29
323 1
282 13
203 6
89 22
323 3
135 23
8 24
474 7
151 20
340 7
287 6
120 18
495 16
182 13
472 11
125 15
291 6
419 25
207 11
342 21
65 32
352 13
207 29
479 29
208 3
463 6
64 22
319 22
353 28
283 29
74 11
323 16
17 5
412 27
99 21
252 27
229 27
87 11
279 26
144 6
88 10
183 3
392 2
60 4
353 26
420 3
101 10
346 21
334 26
191 28
10 30
447 2
248 29
377 14
450 20
67 17
329 30
39 28
455 11
316 27
292 31
437 8
181 15
212 22
392 11
150 21
48 8
343 32
128 3
377 26
442 32
466 18
45 29
342 27
455 13
157 10
95 18
194 19
228 13
493 7
11 26
371 31
237 17
410 4
135 10
293 8
81 7
346 5
467 7
475 9
195 20
222 29
429 3
416 4
172 24
478 6
401 4
296 17
265 1
204 7
491 17
179 19
107 8
48 25
414 22
197 32
209 18
248 13
185 11
496 4
126 25
241 18
173 13
366 17
93 22
391 23
418 5
6 28
444 1
300 25
278 20
316 31
265 20
123 25
430 27
8 32
443 5
433 15
489 19
107 29
220 22
16 13
66 29
12 6
73 27
218 18
158 22
188 18
301 27
427 6
133 6
489 7
386 22
394 26
72 20
307 15
349 10
279 3
342 2
128 2
304 5
467 9
82 3
86 2
317 4
464 17
298 12
227 19
225 12
409 8
472 3
142 8
388 16
438 17
413 17
198 12
114 4
28 15
170 14
429 2
329 24
286 26
47 9
13 4
484 25
271 19
487 1
479 6
184 4
306 1
185 7
164 10
18 32
344 16
157 8
25 29
15 3
315 2
175 3
185 30
247 15
317 21
71 11
162 31
266 15
55 2
321 10
99 30
261 3
377 21
66 30
106 9
416 8
494 10
246 14
451 4
188 23
280 11
117 17
217 15
259 7
184 19
192 27
120 25
77 29
221 6
102 30
74 25
245 23
310 14
448 8
185 32
231 8
98 31
404 18
81 22
288 29
92 7
399 24
283 19
412 12
468 13
33 6
381 14
460 6
471 32
301 12
247 11
323 8
82 11
361 22
92 16
130 8
478 8
99 21
354 18
320 18
22 8
215 2
333 18
443 16
285 19
163 15
478 13
226 7
63 14
424 23
85 14
42 19
285 28
379 15
149 6
164 10
401 22
275 2
403 17
389 24
311 11
422 32
387 28
50 14
437 2
308 6
231 1
288 3
488 30
5 8
67 16
9 15
397 27
52 12
351 32
191 13
342 8
301 1
463 18
382 12
175 17
125 1
389 8
420 12
133 20
215 7
296 3
165 8
209 5
195 7
8 21
219 14
201 31
134 31
369 27
266 3
407 26
300 27
357 7
374 5
346 24
187 29
14 32
185 22
272 23
280 7
116 14
332 8
369 1
182 29
183 16
131 5
393 2
87 10
352 4
238 2
399 25
42 20
480 2
485 27
309 4
381 4
114 21
443 30
381 16
70 16
275 24
356 8
334 19
269 1
402 30
86 17
134 32
64 13
205 13
215 25
164 8
288 1
364 6
462 16
206 23
159 20
287 19
351 8
309 11
156 26
477 10
362 30
221 14
75 9
30 17
438 9
440 29
174 19
159 7
399 24
370 1
47 12
275 6
127 23
368 26
145 24
375 26
306 11
487 32
372 32
372 21
61 8
89 18
318 19
72 28
462 21
477 21
96 15
110 18
38 9
208 22
173 14
391 22
381 22
209 12
245 4
412 29
95 16
242 5
99 6
480 12
106 28
124 26
411 25
127 16
62 22
481 2
268 19
63 28
452 11
399 29
202 6
205 25
13 7
61 23
112 28
375 5
200 2
270 2
83 9
409 28
82 21
81 1
315 19
348 15
413 2
167 10
259 3
262 28
21 30
86 20
66 20
53 17
310 22

