256
206 20
52 6
183 8
364 31
15 32
17 18
313 18
446 14
453 1
47 31
48 4
71 29
389 10
282 4
344 32
417 9
343 28
327 26
127 2
224 21
45 4
42 30
385 32
127 1
432 17
467 27
181 30
339 5
275 16
444 23
95 28
223 2
32 13
167 26
91 18
151 15
481 20
196 9
31 22
405 19
199 8
293 27
113 4
151 11
455 6
209 2
158 32
339 25
332 29
198 26
98 32
409 2
244 20
146 6
130 18
440 16
273 5
410 29
364 8
124 26
357 8
219 14
115 29
54 19
265 24
220 6
303 20
291 10
436 16
24 17
338 7
448 26
195 9
199 18
120 30
80 28
357 6
490 12
59 15
122 27
498 9
389 29
173 7
50 4
319 21
228 24
388 19
469 6
383 7
344 10
192 3
329 9
424 14
224 10
213 17
361 2
241 5
66 21
131 4
224 1
392 11
456 19
477 9
65 23
443 16
64 19
34 5
387 25
62 14
495 14
158 7
188 22
455 13
163 21
72 2
386 8
41 13
94 9
117 18
80 4
269 31
398 18
387 16
463 21
97 13
74 26
163 17
3 29
218 25
53 13
255 6
104 7
279 14
15 7
207 14
158 32
441 31
481 15
190 27
479 10
103 5
391 25
17 18
381 18
114 6
375 4
223 18
366 29
27 25
100 30
178 13
413 18
16 13
149 25
40 3
343 14
31 5
407 28
182 27
133 32
424 11
15 11
337 13
351 27
113 10
300 10
59 20
112 2
457 28
130 8
238 28
489 5
261 27
168 22
238 12
89 21
159 24
11 19
336 6
61 8
163 5
441 5
424 12
146 24
163 32
79 5
451 20
21 27
166 8
5 3
339 5
268 9
48 22
195 31
343 8
34 10
320 23
78 3
378 20
179 9
351 25
145 13
28 21
216 26
352 24
152 14
16 19
39 24
401 17
298 3
44 28
248 3
306 26
310 19
401 32
427 31
448 7
255 4
87 18
225 22
393 24
480 5
147 26
472 19
454 17
289 2
452 1
212 29
214 9
144 6
360 10
68 32
345 14
487 11
144 31
221 8
86 4
296 32
69 7
278 6
240 7
223 3
307 11
300 32
307 15
337 27
68 8
178 8
77 28
195 20
226 19
460 15
318 7
247 18
374 32
111 5
294 30
155 12
120 6
323 26
100 15
444 12
266 13
283 11
340 5
118 1
95 25
80 12
184 30
1 13
53 20
21 3
149 23
2 24
481 25
193 16
187 5
99 29
313 14
499 25
62 4
69 9
193 8
420 28
29 17
284 2
236 24
132 20
478 17
151 10
309 27
390 16
35 20
300 16
73 18
352 19
265 32
291 17
124 14
36 12
186 19
85 1
326 16
156 24
201 30
465 9
353 26
208 23
46 3
438 14
8 13
252 9
413 26
285 20
456 5
39 5
343 12
414 1
191 25
324 27
227 24
456 15
494 27
169 31
374 11
156 17
99 12
357 3
153 18
250 12
166 21
101 12
116 22
28 26
434 3
401 4
491 24
294 12
370 23
374 15
273 21
328 23
140 24
86 5
29 15
252 30
327 32
54 2
69 21
100 3
284 16
366 18
59 24
461 24
474 6
375 14
66 6
320 26
237 29
350 6
444 13
163 14
305 12
64 1
149 11
227 24
366 9
261 32
104 5
55 13
406 29
378 3
482 29
380 31
454 25
188 5
182 6
18 18
270 1
210 18
95 21
53 4
233 17
87 28
385 26
116 30
422 1
464 24
41 28
474 22
276 25
242 25
214 12
146 15
192 28
252 23
496 8
302 12
320 29
415 12
234 14
345 11
226 9
410 10
208 23
112 23
99 25
292 13
464 25
147 16
144 27
146 3
406 31
218 26
187 20
281 16
217 14
427 14
490 28
60 25
275 23
179 1
227 30
37 19
259 8
198 10
434 7
393 3
493 26
416 32
298 1
451 14
26 9
308 3
269 19
63 23
389 9
267 23
63 4
157 29
487 10
426 12
400 18
110 21
132 10
424 25
278 2
294 23
307 1
169 15
467 19
321 27
323 27
174 1
242 26
409 8
388 3
351 19
4 1
383 31
190 26
267 19
236 29
121 6
13 1
468 16
223 24
38 13
226 27
282 16
245 10
47 24
376 10
474 32
62 17
70 19
366 21
69 5
101 13
494 13
33 29
444 31
100 6
299 6
44 24
293 20
474 11
123 13
88 21
432 29
305 10
251 14
42 19
123 14
63 28
254 11
429 22
201 12
31 20
205 26
283 5
66 12
40 24
309 3
488 4
480 16
445 14
166 10
105 16
479 31
107 17
114 3
134 18
267 32
165 31
89 16
320 6
407 19
46 19
189 9
159 20
177 3
102 22
293 2
333 3
224 15
207 9
178 24
3 32
355 31
266 16
318 1
449 9
147 18
143 8
379 17
207 19
108 28
100 32
365 12
374 29
74 21
277 11
124 31
194 3
298 8
274 11
396 6
43 27
420 14
82 18
190 28
408 17
300 11
400 20
290 18
252 15
410 21
466 17
159 3
363 16
470 4
127 18
62 13
112 1
58 13
130 24
184 21
248 31
395 24
147 20
477 2
250 14
130 27
418 9
226 17
448 7
268 18
412 29
95 3
161 24
419 14
103 23
30 23
437 32
202 7
311 22
37 21
415 30
479 32
306 12
464 30
251 4
327 10
264 13
389 29
277 27
66 19
113 12
433 6
371 22
188 30
15 20
298 13
390 32
113 23
480 28
300 30
11 3
243 31
251 19
51 19
142 4
258 30
415 14
7 26
380 15
23 14
270 8
175 19
95 7
206 18
66 29
155 1
483 22
55 14
84 25
112 21
424 5
331 11
263 21
328 22
383 26
387 5
21 29
163 7
51 32
41 5
77 7
397 27
148 3
144 4
259 8
308 22
328 10
224 30
327 3
435 1
104 22
213 28
86 28
91 21
95 27
105 23
381 29
82 29
155 25
112 25
36 23
446 12
57 14
157 31
424 28
295 12
117 4
355 2
235 9
42 25
279 14
204 4
350 1
188 8
213 31
416 25
217 14
316 21
235 12
359 10
267 18
389 23
13 28
289 19
188 14
427 7
328 26
478 5
266 9
33 19
315 12
431 27
13 14
8 19
69 2
109 32
223 17
70 7
240 14
333 16
40 4
98 23
241 31
247 23
91 7
189 13
283 19
139 11
364 22
246 24
68 26
267 10
202 13
377 22
398 9
425 21
172 26
7 9
448 6
123 30
88 7
146 30
281 16
17 24
486 6
427 29
467 6
194 8
234 22
313 11
335 1
272 10
110 10
270 17
235 16
298 27
54 23
396 14
283 32
329 12
377 20
172 3
301 13
215 10
139 7
368 1
116 19
330 1
269 28
486 11
195 31
29 1
282 29
286 28
188 19
331 1
222 14
259 30
218 13
259 28
204 26
180 27
265 6
395 9
313 12
387 11
367 24
107 32
44 25
211 15
359 1
499 16
246 18
305 7
434 19
23 17
40 30
307 24
415 6
40 3
137 19
86 27
46 24
2 29
288 20
23 26
308 26
77 1
483 21
220 8
147 10
257 19
147 3
194 10
320 10
492 25
12 25
311 5
473 13
349 32
80 11
258 20
96 2
292 14
419 27
198 29
104 14
455 11
220 25
16 24
86 31
348 29
288 2
357 8
174 1
371 14
279 32
141 15
314 20
304 24
295 17
352 18
306 3
352 14
159 15
417 28
78 20
192 5
273 24
124 3
456 18
200 2
474 16
108 19
123 12
74 17
264 29
19 26
83 30
299 25
441 11
188 26
330 11
234 18
130 9
400 25
202 3
171 11
290 10
165 21
41 6
33 17
15 7
78 1
125 16
394 17
442 13
434 23
164 7
76 25
375 28
230 8
74 12
455 16
29 15
128 10
61 8
78 23
63 3
375 19
234 16
103 11
53 12
149 20
406 8
360 32
51 29
59 1
192 25
340 29
336 19
494 28
330 31
322 8
429 8
282 18
168 28
392 20
123 28
435 24
467 18
159 6
87 30
494 22
82 21
350 29
3 23
164 32
117 9
76 21
385 1
262 8
445 1
123 3
44 1
299 31
54 17
380 32
26 9
122 4
57 7
376 3
18 24
242 18
376 9
383 16
26 12
163 6
149 17
240 8
45 2
54 3
199 9
442 32
305 23
35 13
386 3
271 27
154 17
240 25
181 18
141 2
118 31
379 10
292 15
309 32
360 23
490 2
295 4
134 16
198 4
164 23
282 11
189 31
299 29
316 19
402 32
37 11
314 27
488 13
89 5
145 25
11 14
358 25
269 27
108 11
215 4
253 4
58 18
283 8
222 26
186 27
109 14
198 22
193 25
379 17
333 15
81 23
212 3
500 13
485 23
299 27
230 23
47 7
344 1
346 21
130 8
244 18
457 21
11 29
477 9
282 10
467 22
152 19
4 15
11 21
110 21
187 31
211 13
182 19
265 19
175 6
410 22
483 15
62 30
219 23
438 24
348 29
214 31
435 5
354 13
57 19
105 8
357 11
180 22
425 1
417 4
190 2
221 29
396 3
222 27
321 31
466 24
415 31
370 9
100 3
145 28
389 21
103 6
268 23
283 28
431 3
143 28
377 24
348 20
498 17
238 18
228 32
189 10
86 30
343 1
485 7
193 21
236 31
470 27
133 21
46 11
155 21
387 27
256 30
7 5
155 28
274 30
151 30
375 25
223 25
273 27
56 21
284 27
464 9
497 8
209 10
363 20
434 25
98 9
186 28
145 4
404 2
73 18
83 8
142 26
368 3
216 31
83 3
417 10
308 13
494 8
159 4
83 20
308 9
485 17
488 9
185 27
399 21
297 9
260 22
138 28
56 22
254 15
408 19
184 3
139 9
83 21
236 5
241 7
49 5
240 17
205 12
131 23
384 23
436 28
217 1
475 4
130 16
262 14
102 10
104 1
326 26
389 30
55 29
308 11
409 27
343 14
322 6
68 6
252 3
53 8
428 23
444 25
106 29
298 8
354 22
152 24
291 28
93 13
225 24
152 25
151 18
98 24
171 10
381 19
20 29
446 15
459 5
60 25
298 13
476 7
110 7
330 17
370 18
449 26
378 20
227 28
298 24
351 28
341 16
94 13
164 8
11 31
280 2
39 13
279 22
228 16
492 17
492 29
35 29
307 12
392 9
291 21
60 25
361 1
224 30
465 20
345 7
214 17
397 8
405 23
469 16
266 24
393 6
24 3
50 10
42 17
66 20
334 18
324 22
230 20
499 30
139 24
20 24
172 12
455 4
294 27
60 8
86 20
21 5
82 14
291 3
362 32
306 3
185 1
240 2
380 11
459 26
434 3
73 9
98 15
180 16
153 31
303 26
394 3
199 7
244 13
449 13
400 30
4 29
439 7
202 18
481 29
40 18
491 28
18 12
491 6
331 19
140 17
233 22
159 11
8 2
123 5
359 2
266 30
310 32
456 28
22 21
172 29
202 22
24 32
101 2
473 28
157 8
416 1
145 31
171 25
328 1
165 14
370 30
251 32
134 15
191 15
495 18
419 8
227 2
471 7
456 11
110 24
407 14
204 15
304 2
407 11
222 3
169 3
1 3
270 30
477 28
492 19
377 22
371 19
55 1
134 26
136 27
325 30
324 8
92 19
105 19
110 10
421 22
269 21
48 14
258 9
202 29
347 22
214 21
385 9
58 2
130 1
316 19
86 4
186 9
118 3
27 19
468 16
356 24
72 32
126 22
132 15
134 2
108 4
47 12
116 12
65 13
500 9
51 9
224 25
113 1
379 12
272 6
291 27
434 30
86 3
247 1
89 5
195 20
228 25
244 19
196 12
291 15
392 30
131 31
430 7
160 16
234 19
357 12
261 18
90 7
348 28
63 4
68 9
336 7
201 23
341 4
238 24
442 22
177 8
244 10
167 19
117 32
185 13
276 18
263 21
292 18
404 30
250 16
315 13
118 7
15 15
115 4
294 28
381 26
480 13
427 18
379 27
397 4
15 28
213 5
240 12
443 32
61 12
467 15
128 4
94 26
246 32
245 23
115 22
360 30
102 18
443 32
180 32
99 19
215 23
175 11
166 13
302 11
160 24
305 15
55 14
280 13
457 5
191 8
2 19
17 27
188 20
286 16
3 29
414 13
47 24
375 21
409 32
291 28
147 23
207 18
345 18
354 17
214 32
372 15
446 29
21 22
52 3
1 2
395 6
122 17
205 5
153 1
376 3
33 27
390 7
428 30
280 9
34 14
324 6
412 26
498 5
255 17
443 19
102 5
20 31
277 20
423 26
41 7
224 17
173 21
163 12
346 14
232 32
287 27
137 23
28 6
335 2
34 1
388 7
113 11
209 25
335 8
22 19
282 14
447 14
210 25
257 20
254 12
139 1
246 23
443 26
112 17
55 17
405 15
131 21
201 27
109 23
174 31
261 15
376 11
112 13
371 20
344 9
207 18
369 5
108 31
226 3
291 24
215 31
426 9
63 31
36 31
365 5
301 30
16 8
36 15
465 11
347 20
383 1
142 27
357 13
413 2
320 7
418 2
249 31
231 23
173 14
333 18
326 18
219 5
13 22
468 13
364 22
489 18
70 6
348 27
230 4
360 1
314 21
435 14
472 13
224 16
282 25
385 11
394 15
300 2
61 3
87 4
284 15
170 13
408 1
131 5
481 3
242 14
119 8
208 10
44 31
438 13
191 26
283 32
129 6
342 13
52 16
464 31
206 5
40 17
354 18
305 10
12 26
479 11
73 18
424 20
321 13
292 7
239 23
447 15
360 8
259 4
419 10
98 20
207 13
440 20
159 24
393 18
142 19
4 18
409 16
34 21
492 5
91 2
455 1
300 23
176 10
78 30
132 27
69 2
16 20
249 6
456 17
399 29
363 19
366 7
182 19
351 29
428 22
107 18
330 14
48 30
464 1
451 11
4 12
284 3
231 32
248 10
24 30
486 18
400 20
9 17
102 19
458 29
4 12
263 30
321 22
43 16
139 21
82 18
216 5
216 31
248 27
484 19
460 14
9 8
173 29
144 6
79 5
303 23
16 17
120 9
78 14
472 28
358 18
209 2
418 32
224 26
90 7
140 18
380 16
113 20
16 16
326 27
357 28
29 4
396 4
208 17
161 4
41 18
85 25
295 10
25 18
371 18
77 15
15 12
10 27
8 10
235 25
472 31
164 20
314 31
351 14
383 7
405 27
84 5
24 11
194 12
396 17
365 20
427 32
280 28
358 31
313 4
323 8
34 10
339 4
396 17
425 22
255 1
201 15
169 4
69 18
475 20
130 11
140 32
70 7
344 4
409 32
223 27
144 9
68 2
308 11
375 28
92 9
412 16
467 32
219 15
145 1
351 19
32 10
182 21
260 13
232 20
33 31
250 20
63 17
9 18
131 7
305 26
12 8
218 6
351 28
217 23
481 23
473 8
260 27
464 15
31 20
390 19
2 15
90 24
307 27
137 25
333 21
362 16
360 27
26 2
15 10
408 19
160 1
358 31
35 21
141 1
72 14
480 25
20 25
340 26
19 24
466 20
120 3
47 7
258 24
392 20
165 32
470 32
180 31
446 26
203 10
482 27
319 13
199 18
234 3
367 24
366 28
307 6
363 14
20 28
129 20
95 6
63 20
173 18
94 3
159 4
408 4
422 3
305 17
416 22
159 31
493 12
466 24
65 24
357 29
299 9
348 1
482 2
308 19
355 5
125 29
49 32
4 6
110 16
90 22
197 8
308 18
328 13
193 4
453 13
180 23
237 15
144 3
140 11
77 2
204 9
6 24
84 30
221 10
169 19
423 18
262 18
259 13
354 11
185 2
203 16
409 11
243 16
361 14
354 1
376 9
489 13
308 17
94 29
470 23
43 24
332 8
473 10
97 6
244 5
336 10
496 32
88 18
147 1
324 8
237 15
409 10
283 16
2 5
448 19
491 26
66 2
498 18
263 22
67 30
78 30
303 13
349 26
15 11
190 30
347 27
36 3
356 6
174 29
46 30
383 4
315 24
357 24
189 15
257 31
476 6
361 18
259 25
168 17
56 5
110 22
487 25
360 2
166 9
402 8
6 12
99 29
83 16
336 11
278 1
230 10
278 6
31 24
150 6
12 1
259 21
310 9
469 13
291 11
202 8
50 27
180 28
83 22
307 11
237 9
363 10
338 16
259 12
380 12
270 15
317 28
364 2
476 16
147 14
170 4
162 11
258 9
219 21
454 17
111 30
461 9
7 10
464 21
222 31
25 7
438 13
222 17
318 5
336 28
315 26
163 8
76 29
168 10
465 13
23 15
163 19
47 17
485 14
138 18
57 6
48 26
206 25
498 31
169 9
339 15
190 25
162 6
477 5
115 5
302 9
367 28
324 9
188 24
479 17
217 3
338 32
380 7
88 5
418 20
61 32
91 15
460 24
72 13
285 2
81 14
27 4
253 6
64 20
213 2
117 5
428 26
396 31
349 27
387 6
90 16
225 16
254 28
136 17
324 4
362 25
357 28
204 25
441 7
252 29
13 16
433 12
174 4
451 10
14 13
491 12
488 19
135 25
250 2
417 22
189 27
330 21
370 9
357 23
355 25
167 23
328 20
11 17
131 13
78 21
353 8
100 21
134 26
433 8
356 22
309 32
332 10
441 5
226 1
215 32
109 14
151 1
333 25
141 23
325 11
311 29
138 10
369 12
496 30
7 31
355 15
246 2
8 18
238 9
187 1
16 11
334 30
83 14
30 28
332 26
146 15
383 23
404 7
258 27
108 20
453 22
134 23
499 25
88 29
77 26
41 9
273 10
110 15
243 28
134 26
345 15
68 11
266 32
34 7
222 21
343 19
455 28
225 1
321 16
41 21
290 25
341 14
158 3
120 24
442 6
178 18
384 25
69 25
68 14
376 18
94 26
316 12
397 12
353 9
55 9
466 4
178 26
257 3
108 13
439 25
130 12
391 5
212 7
14 28
412 29
421 21
310 16
405 10
479 13
127 21
353 16
377 22
249 9
69 5
361 19
461 6
178 7
355 1
309 8
20 32
460 8
77 25
379 21
178 17
89 20
242 21
247 30
175 12
102 3
56 27
453 12
156 18
219 10
370 31
81 14
99 20
385 19
160 12
7 14
472 7
493 1
387 4
182 5
87 4
155 30
302 27
9 29
440 27
319 30
458 23
403 24
291 31
82 22
402 16
491 6
34 4
290 16
223 4
185 21
459 27
302 4
150 26

