256
492 31
478 1
335 6
136 29
427 7
274 26
401 21
496 26
118 10
77 24
282 31
191 21
362 24
25 4
302 12
461 5
259 3
357 21
176 5
401 31
427 19
24 23
171 27
76 32
376 24
371 17
394 5
2 24
389 30
283 10
306 32
335 20
34 19
8 9
35 24
15 2
434 30
492 16
260 8
95 27
219 5
144 21
378 17
220 6
374 6
307 23
97 29
94 6
36 17
43 6
213 21
235 18
447 31
454 10
146 16
45 4
217 16
328 30
184 3
63 13
401 17
88 13
362 13
331 29
338 1
318 6
281 9
47 7
131 24
137 12
104 21
491 28
220 7
117 3
217 27
163 17
47 18
318 24
135 16
8 28
372 22
373 4
230 23
231 4
475 27
135 22
251 29
249 18
295 9
76 12
43 2
332 13
340 25
201 18
148 24
1 23
385 13
23 10
495 5
325 17
323 27
398 13
288 22
246 26
362 17
297 32
410 1
49 5
129 17
278 1
308 2
499 21
150 17
10 17
477 11
317 19
145 7
75 28
212 28
366 26
492 26
181 30
142 5
2 19
329 24
103 29
409 9
385 7
326 14
407 14
80 23
305 29
437 31
8 25
403 13
426 6
239 10
499 32
187 5
206 3
132 4
207 20
261 15
450 6
485 16
91 20
431 19
492 3
330 8
71 12
428 12
329 26
454 20
250 4
180 11
358 19
115 5
54 27
7 32
164 15
63 18
259 21
353 18
64 22
453 18
117 13
482 17
46 19
124 31
278 27
102 27
317 24
403 19
442 18
78 17
252 32
210 2
485 6
112 12
447 12
385 27
296 26
212 30
152 15
488 1
342 5
268 22
156 26
84 13
431 25
53 11
153 31
396 13
28 31
240 31
275 20
241 2
342 4
263 25
491 27
126 28
395 21
193 27
266 25
499 25
289 4
83 9
166 14
281 5
337 12
371 23
496 28
384 13
415 23
33 17
453 30
88 15
254 29
397 32
261 16
68 5
299 26
342 20
479 2
360 19
346 27
129 13
194 1
381 20
363 29
365 7
423 16
161 12
288 30
195 32
157 2
449 31
263 18
270 2
115 9
408 32
359 29
4 24
253 4
364 19
149 16
429 27
383 13
98 11
350 17
70 22
258 14
312 13
159 5
466 18
62 1
289 16
113 29
28 25
28 19
331 32
470 3
98 32
52 32
374 25
192 20
111 1
313 2
173 32
207 26
449 20
215 1
243 23
381 10
44 29
160 26
288 29
133 22
333 12
285 6
288 4
353 18
128 26
24 17
489 26
142 9
53 4
377 15
35 6
417 10
18 20
451 29
409 31
394 13
470 6
150 14
357 11
359 13
372 18
489 28
315 6
500 23
338 12
366 4
485 30
301 18
209 15
11 1
38 32
61 23
286 31
468 14
417 3
478 12
60 22
499 31
300 10
297 5
77 26
212 6
443 20
267 8
114 5
472 15
237 21
10 10
447 9
15 27
155 17
150 31
14 12
145 1
497 17
153 9
103 12
486 1
227 5
252 1
85 16
195 13
460 20
194 22
33 13
268 7
405 21
105 2
268 1
231 20
42 7
40 28
99 10
244 17
482 4
369 22
71 32
239 22
119 24
435 15
140 26
42 32
174 26
462 13
99 4
56 12
278 27
487 28
472 2
405 17
77 29
371 23
188 9
28 15
40 22
309 4
219 18
75 28
200 4
332 6
283 7
289 17
334 23
288 5
208 24
110 29
317 28
283 16
88 31
162 3
476 27
158 3
172 9
86 23
472 6
20 19
8 12
167 13
286 14
146 26
498 7
482 26
86 8
169 5
130 7
151 26
153 13
152 12
245 25
47 32
358 30
174 10
226 20
58 11
498 7
208 7
161 25
12 14
157 8
418 6
362 25
243 14
81 26
42 25
335 28
96 16
5 10
261 2
313 15
93 30
225 16
156 2
193 3
483 9
199 1
338 24
173 13
278 29
178 31
133 24
110 12
260 18
349 32
196 18
42 32
471 3
291 19
356 23
145 18
35 31
90 13
255 10
157 28
218 30
54 26
50 19
430 29
128 26
180 23
291 10
462 26
44 5
92 15
439 32
236 26
431 18
50 21
291 30
420 1
243 9
210 16
487 31
452 30
269 8
289 3
409 10
376 28
206 7
350 9
55 9
322 5
114 7
373 21
132 8
413 30
116 14
18 10
465 25
419 5
304 27
495 16
309 3
15 18
189 20
10 15
153 27
283 22
405 11
170 4
298 30
262 1
408 15
218 24
451 17
456 7
343 2
170 15
172 1
369 13
400 26
159 16
413 14
318 21
448 15
57 10
273 26
362 24
300 20
255 14
216 10
208 14
11 10
413 15
414 29
99 29
362 21
217 10
402 18
295 26
224 23
299 12
372 12
231 23
239 17
272 2
46 24
68 5
357 12
443 10
464 13
434 29
1 18
451 3
387 5
456 3
447 30
310 10
413 17
340 8
25 3
161 27
90 24
331 26
59 17
419 10
17 9
199 29
206 13
123 29
245 26
55 11
183 12
360 32
404 19
303 29
161 15
203 15
191 21
400 9
157 11
123 1
375 25
393 12
321 28
24 21
297 6
107 12
442 18
279 13
368 17
329 24
395 31
130 5
415 14
38 23
404 32
447 10
184 20
209 28
59 29
420 3
310 14
186 19
195 24
300 2
100 8
293 7
11 31
283 25
156 24
348 3
331 6
188 14
337 32
369 7
480 24
250 30
17 23
244 3
455 15
476 22
375 29
400 29
395 7
161 6
354 4
460 21
6 19
402 2
394 11
237 14
262 18
367 7
476 26
45 22
209 13
336 31
493 7
467 3
417 15
436 11
339 15
159 28
245 32
37 18
182 5
215 12
462 9
426 30
395 26
219 11
342 30
37 14
141 3
72 17
333 23
31 3
105 25
218 5
249 27
339 2
379 21
77 21
338 30
482 32
176 4
186 29
458 18
55 6
428 26
358 4
485 17
283 21
429 4
290 1
106 16
311 29
384 15
381 1
93 2
304 4
265 9
136 6
414 10
23 13
168 1
453 20
121 23
92 25
86 1
78 24
212 28
380 20
478 4
168 22
473 20
189 9
164 25
163 22
366 25
270 5
65 18
36 9
160 32
86 2
360 27
141 16
402 12
19 31
131 22
301 19
9 13
395 5
165 9
454 7
242 27
415 26
149 3
195 20
430 4
257 1
294 13
416 19
120 18
277 6
324 5
56 16
270 19
356 22
359 13
168 28
384 7
110 20
237 24
43 10
287 28
10 24
48 26
478 32
63 26
269 18
35 29
70 16
479 21
441 9
86 1
289 9
247 26
204 15
405 2
352 11
397 1
122 5
490 11
316 5
56 8
290 2
112 23
97 18
136 22
131 13
202 31
393 28
20 16
282 8
397 1
318 14
49 19
442 27
241 21
295 32
192 20
90 32
443 18
245 22
279 11
2 28
145 22
279 32
193 32
143 21
248 24
234 1
250 19
39 6
283 25
490 3
268 7
130 22
468 18
491 31
101 12
78 5
237 17
113 5
120 11
222 16
67 27
368 12
334 10
362 20
442 23
442 13
281 23
123 20
297 13
346 5
457 12
345 25
484 13
178 11
64 23
174 26
57 9
149 30
298 22
210 19
212 7
300 8
74 2
444 6
238 13
118 6
416 18
91 19
271 28
206 22
18 23
167 2
420 19
20 17
177 17
160 20
231 3
84 20
84 23
377 17
167 2
367 27
308 21
185 18
76 10
115 1
269 21
222 32
447 1
460 15
321 19
215 8
281 30
59 24
176 20
37 22
281 31
276 8
211 29
369 2
202 31
82 6
115 3
361 26
44 21
388 20
143 10
267 28
103 22
139 26
113 27
120 29
429 31
185 11
59 29
128 1
388 13
434 14
12 11
63 19
319 15
122 5
256 1
236 31
418 19
488 30
401 7
126 6
206 30
24 32
215 28
80 22
212 6
103 23
160 10
481 14
172 15
290 15
343 18
137 4
252 5
141 16
83 26
185 16
280 5
108 18
212 15
299 7
200 9
498 3
270 6
40 9
284 2
72 2
59 4
237 22
184 5
313 19
199 26
110 22
410 17
175 29
256 13
43 19
225 32
18 7
222 5
491 25
442 6
335 24
122 31
161 17
4 18
127 2
27 5
31 8
305 29
408 20
29 6
367 29
194 28
303 11
496 18
123 6
355 29
289 32
380 10
485 31
127 19
436 5
199 22
88 12
22 15
415 26
296 5
6 25
368 25
107 32
102 6
301 32
38 1
136 29
390 16
3 4
434 26
20 25
255 19
488 32
305 2
29 21
35 15
293 6
195 16
117 16
333 9
455 22
358 14
343 19
413 13
115 31
135 30
479 21
445 26
17 17
71 13
53 1
431 18
359 1
449 11
272 21
244 31
354 29
168 28
199 9
393 5
279 15
151 29
119 19
426 23
47 16
384 8
101 30
149 23
143 25
285 14
81 20
492 22
480 24
334 31
444 26
195 6
308 5
330 10
495 23
413 26
102 4
345 22
313 25
364 31
293 13
221 29
380 24
10 16
427 3
242 14
272 16
295 3
485 20
357 11
230 13
224 16
268 4
385 16
264 17
387 12
101 27
280 28
22 26
191 1
484 24
170 24
220 1
38 28
440 6
386 30
366 10
205 1
381 17
417 9
41 31
404 29
113 28
473 10
325 3
434 16
447 24
119 2
272 1
221 11
254 2
436 24
419 20
456 24
433 8
148 5
26 19
318 30
86 26
124 2
156 17
274 22
364 24
267 31
400 19
50 30
297 17
477 31
477 12
366 9
304 21
85 25
416 14
171 21
395 30
115 3
54 8
4 22
131 15
404 23
461 29
388 21
290 8
472 18
295 9
26 6
54 6
483 5
364 21
173 26
298 15
160 31
378 20
120 21
286 8
243 2
328 30
355 17
345 10
86 23
218 27
293 15
425 27
91 20
427 12
249 32
402 9
426 16
276 18
140 29
421 14
10 28
363 20
69 15
393 14
401 15
117 1
233 9
467 16
32 9
439 8
320 20
40 6
471 11
143 6
227 15
195 5
14 29
452 22
467 21
440 16
159 12
60 31
300 11
66 15
123 8
462 27
196 6
40 30
168 22
332 23
448 22
335 13
435 18
99 29
334 6
472 8
297 28
87 4
262 20
130 24
8 7
178 23
444 17
424 28
102 23
358 9
133 12
214 31
181 24
171 3
201 7
210 13
378 16
296 7
448 1
226 31
367 16
361 19
324 8
274 6
391 31
178 11
26 3
293 6
406 3
72 22
309 18
306 10
77 17
176 4
229 14
182 24
9 22
406 28
178 23
461 28
161 15
442 30
85 14
243 11
48 11
300 25
96 2
394 28
410 18
252 3
323 1
86 27
327 3
14 20
373 23
423 13
317 20
422 21
449 12
95 16
478 31
204 17
352 10
449 17
19 12
103 25
336 12
23 2
382 8
369 6
214 3
138 2
358 27
135 22
223 21
6 28
123 13
477 18
158 25
439 16
328 21
16 15
81 26
177 14
278 5
216 31
188 5
373 29
264 23
55 6
235 24
37 30
120 13
35 26
141 17
305 8
218 17
131 6
62 7
111 11
203 6
330 18
31 10
139 10
60 1
131 10
456 15
207 27
384 22
204 32
418 29
492 11
181 30
432 22
132 3
433 14
220 10
428 18
167 14
247 18
462 9
223 5
248 2
343 19
23 19
154 28
407 25
75 27
470 22
32 25
400 16
287 32
77 6
73 11
131 12
320 32
48 23
8 11
324 2
425 14
248 15
285 2
427 15
444 29
69 12
497 28
291 27
439 20
348 12
314 18
183 26
69 10
28 20
25 7
130 17
48 9
231 28
383 6
395 6
54 15
301 22
282 12
37 5
311 16
84 28
66 6
109 18
347 4
414 3
190 27
172 29
271 18
421 13
411 3
479 24
129 3
218 26
222 30
482 12
341 13
360 14
34 28
392 1
308 5
103 9
51 22
86 1
28 30
474 30
24 32
254 16
434 3
413 16
428 7
391 12
311 2
26 5
422 25
77 29
425 7
77 27
305 10
147 4
19 8
121 6
423 22
45 9
48 30
216 23
204 18
95 22
60 28
62 17
240 30
413 16
169 17
342 1
3 4
156 1
460 4
267 18
2 27
442 17
472 17
376 27
467 10
245 22
441 10
210 24
296 18
399 12
462 16
436 28
431 15
337 30
218 3
476 11
117 9
472 21
278 3
319 28
168 31
121 16
221 22
343 16
303 13
331 8
332 6
80 14
60 32
356 5
222 27
52 30
451 11
482 28
73 1
323 24
215 7
403 7
476 13
154 2
337 16
394 20
453 13
133 8
240 12
345 13
170 28
150 9
122 28
52 18
284 27
137 26
21 15
285 29
283 22
126 19
274 7
490 26
491 6
294 30
314 14
42 23
237 20
455 14
175 3
403 10
233 7
159 29
429 3
101 15
233 23
33 30
97 6
287 16
347 24
169 28
421 23
143 13
106 17
366 24
307 24
441 15
158 3
496 18
394 4
500 30
26 32
187 23
405 17
414 16
257 18
263 13
496 29
186 17
206 19
232 32
23 8
107 8
123 26
470 16
401 25
345 23
353 7
253 29
355 18
360 31
99 23
492 11
379 5
47 32
431 3
152 1
154 14
337 20
211 2
495 3
126 15
241 18
73 5
235 12
158 26
242 25
420 21
55 3
261 29
86 16
435 1
496 9
198 24
68 20
137 31
223 19
105 15
92 2
456 18
457 9
124 22
425 27
283 3
193 3
136 31
86 30
219 2
10 13
265 2
176 18
492 22
368 12
213 7
125 24
137 25
336 4
483 1
154 25
443 27
159 2
329 13
500 23
178 5
315 6
438 3
47 5
92 26
229 28
225 29
175 25
286 19
472 4
475 25
384 21
175 22
347 11
490 22
402 15
58 4
313 32
58 11
128 30
125 20
305 5
61 12
61 6
194 24
317 16
360 4
436 3
93 26
241 27
331 14
453 9
210 29
236 23
124 11
120 12
71 13
448 15
108 12
180 21
243 28
172 18
47 7
340 23
93 1
425 15
74 26
15 31
142 30
254 29
317 9
216 7
1 23
221 12
374 8
464 4
395 3
70 1
446 9
283 10
193 8
164 23
437 15
253 22
280 10
47 20
83 26
334 7
481 14
395 18
453 18
322 23
345 11
491 30
3 14
179 28
333 30
166 21
372 6
198 24
480 28
99 2
210 5
348 6
486 26
395 7
304 12
341 32
310 20
289 9
457 3
212 21
12 21
57 12
350 18
387 9
202 13
242 3
269 18
304 3
183 30
249 22
118 5
485 31
272 17
295 24
443 10
368 19
86 20
190 24
382 32
116 19
264 10
345 29
299 28
343 5
197 7
171 2
31 15
297 3
132 7
382 18
449 6
380 14
25 1
321 30
496 5
340 12
146 4
496 8
183 6
128 24
280 6
397 22
305 25
464 20
284 18
9 16
447 9
117 15
309 2
81 9
78 28
268 19
456 27
370 30
452 5
369 11
147 14
392 31
310 24
386 5
405 22
176 31
486 17
377 7
286 25
451 23
229 2
289 20
332 2
173 27
210 6
217 16
159 4
158 24
167 31
413 3
141 16
125 18
436 14
272 17
310 6
435 26
291 15
73 2
436 30
256 22
139 32
353 21
284 19
116 30
405 8
225 5
172 1
23 23
202 14
180 20
368 14
253 26
41 26
132 12
423 23
473 25
63 6
209 26
336 24
147 8
56 23
489 23
72 3
333 5
8 20
488 3
478 5
385 30
418 24
345 20
106 10
252 4
495 24
365 6
135 20
125 14
86 25
416 1
475 17
282 11
112 29
209 5
361 9
458 30
460 11
469 14
324 28
85 2
31 14
203 2
165 19
207 10
440 19
259 6
223 16
100 6
12 29
127 13
401 12
2 5
90 27
278 9
42 2
434 9
163 16
90 15
463 24
429 14
270 3
19 12
78 3
30 29
279 28
313 3
91 19
391 29
489 24
445 2
382 15
306 8
218 19
75 32
43 15
285 20
189 32
156 2
126 17
206 32
192 7
434 18
185 9
166 5
196 19
406 25
193 16
177 30
458 23
442 12
105 10
164 21
233 31
262 10
207 19
465 26
337 11
383 17
427 25
397 18
363 27
255 11
366 11
316 11
33 5
323 5
335 22
281 23
8 14
129 2
360 9
315 25
343 5
421 5
449 30
447 7
324 1
217 1
483 25
11 11
141 1
3 11
22 7
98 9
176 2
94 19
170 4
83 29
161 20
485 5
25 23
124 8
483 28
36 1
76 18
331 17
83 25
395 8
467 28
485 18
69 26
29 7
190 15
103 6
318 3
162 18
222 21
41 16
477 32
21 4
178 27
472 4
388 15
215 18
62 27
200 7
129 8
73 18
190 15
371 24
465 32
53 10
169 2
242 5
225 10
400 18
316 28
13 23
442 32
261 19
278 12
337 14
39 5
427 8
435 21
291 4
33 8
437 9
141 6
49 9
291 20
119 19
171 15
365 24
210 17
319 8
436 3
97 14
416 20
406 26
24 20
453 28
391 10
108 3
271 16
100 30
104 6
224 18
52 24
442 2
65 20
453 4
266 29
178 29
424 7
87 24
482 19
355 21
132 23
107 11
470 2
20 9
127 23
403 27
182 4
144 22
103 4
98 12
496 11
105 16
61 31
71 10
81 25
118 13
91 21
319 21
134 30
337 29
284 23
143 1
434 18
415 16
233 16
108 20
490 4
351 10
254 9
295 18
198 17
398 16
489 20
200 26
109 1
234 4
479 12
61 17
13 27
300 17
190 27
177 3
322 7
432 31
448 30
261 17
490 14
136 18
430 4
452 18
224 1
282 26
413 26
466 9
20 10
374 29
376 30
239 2
428 10
476 19
247 16
223 21
98 3
214 31
46 17
416 9
202 5
174 30
242 12
242 17
257 31
469 24
16 11
33 32
228 25
170 27
448 21
63 5
455 20
275 28
145 19
120 22
239 5
163 21
284 24
93 4
371 18
376 18
120 20
33 16
120 3
26 20
299 24
464 13
67 27
104 15
281 11
260 3
219 22
203 31
30 28
394 4
61 29
489 8
29 6
231 28
76 32
67 30
47 7
330 2
473 17
28 13
359 20
327 9
413 6
431 22
29 9
45 13
297 14
472 21
407 11
177 26
162 31
411 1
477 32
26 5
376 17
405 10
396 32
162 13
113 25
454 5
121 27
433 5

