256
479 8
301 3
99 3
288 30
494 7
53 9
277 5
320 25
79 12
290 5
72 32
316 31
468 15
331 30
266 12
4 29
83 8
91 1
470 18
46 16
241 15
268 9
499 3
189 25
15 18
246 6
401 17
392 28
319 6
226 12
345 13
32 4
236 6
460 29
500 2
20 16
456 4
108 2
78 24
234 20
125 23
29 25
243 28
244 5
345 13
349 18
401 24
469 12
354 24
193 21
285 20
296 8
351 27
397 29
402 3
372 26
461 9
254 32
172 5
116 5
170 20
58 10
196 10
58 9
305 30
105 26
313 32
181 8
6 10
444 11
60 19
136 4
67 21
75 31
237 7
459 10
154 24
180 5
41 9
249 1
338 9
286 22
456 27
165 1
100 32
219 15
275 14
30 13
94 21
283 27
295 13
440 20
256 23
1 4
207 5
197 4
158 30
46 21
152 22
74 27
170 32
261 8
498 27
488 15
247 31
273 9
363 13
192 15
183 20
470 2
497 22
137 6
500 30
266 11
244 15
106 9
335 14
208 28
360 3
422 22
169 19
498 12
259 26
354 1
437 11
34 5
341 7
438 20
204 4
194 23
246 3
63 32
369 14
411 24
21 5
334 17
231 11
220 21
224 21
133 17
100 23
445 32
41 31
483 32
438 16
395 19
327 21
115 3
283 13
422 19
61 7
491 7
290 31
483 21
487 16
25 18
486 26
229 2
56 3
121 25
387 23
379 5
176 29
259 14
222 32
112 26
491 2
277 24
16 27
144 19
226 17
292 15
342 21
88 1
83 17
241 9
75 3
385 18
464 19
411 9
379 30
318 25
476 2
148 31
205 27
197 6
311 21
345 20
213 4
400 31
492 12
116 27
259 20
20 14
495 11
258 25
304 23
241 7
21 32
474 21
382 22
6 5
362 14
196 18
134 12
221 5
87 24
395 5
335 11
418 17
49 7
405 28
250 25
335 22
236 8
346 18
33 3
162 7
405 13
320 2
156 8
366 15
227 5
87 10
379 5
94 3
31 3
130 8
347 32
253 19
475 6
404 4
153 25
254 25
125 1
298 29
317 31
23 7
127 29
456 17
317 10
431 12
252 17
331 6
228 16
384 23
33 27
414 29
203 3
297 24
295 14
108 11
109 30
6 15
294 1
92 27
66 18
310 21
286 24
119 18
75 18
272 28
141 1
496 31
55 13
22 5
238 9
164 6
462 1
285 32
333 20
218 11
101 31
67 7
370 25
104 29
39 31
52 23
411 15
373 1
191 11
165 21
227 20
478 25
348 14
148 21
489 17
431 6
95 29
328 4
34 3
408 32
305 23
102 31
210 10
31 32
220 3
32 7
375 14
339 10
123 22
254 28
202 28
53 20
33 12
111 14
162 23
489 14
33 2
384 18
267 10
346 31
312 5
137 2
238 3
260 13
460 9
176 29
253 8
160 29
311 6
54 32
344 22
141 9
483 24
470 1
141 11
87 12
44 3
138 1
49 25
345 28
465 20
372 5
99 7
353 13
357 10
84 8
299 24
428 21
451 10
234 15
64 20
43 3
247 8
240 27
132 16
7 32
456 14
165 30
465 5
167 1
127 22
372 13
326 24
262 28
49 23
367 20
18 5
71 32
292 26
263 11
97 17
222 12
350 14
310 18
107 20
486 1
77 26
361 22
361 14
30 17
468 28
372 14
8 26
305 11
103 7
425 28
39 30
103 21
384 16
406 30
91 24
74 12
453 10
421 1
260 18
73 27
345 20
268 12
238 21
354 32
343 10
243 18
424 2
474 19
461 11
148 20
474 13
219 18
358 31
442 13
89 2
196 29
310 15
489 3
387 30
90 30
472 29
463 15
30 20
201 14
18 16
393 32
420 31
121 17
102 3
246 14
280 5
178 25
255 18
339 22
212 29
223 23
261 1
77 22
472 5
131 17
476 4
184 15
338 1
375 31
71 28
332 6
412 22
291 19
379 25
160 22
409 26
124 13
66 16
162 13
180 5
229 7
20 13
105 9
421 20
296 15
99 19
192 15
340 18
29 15
463 8
12 31
421 16
392 26
39 13
226 19
197 2
77 24
70 14
73 26
13 8
332 15
198 28
325 2
357 29
460 23
392 19
42 4
458 1
1 1
337 2
67 30
384 11
453 17
28 21
147 24
96 18
355 22
353 3
35 26
384 6
232 3
316 5
439 26
409 3
122 18
369 12
335 8
386 3
260 14
164 2
157 19
384 11
256 32
42 30
297 13
135 9
51 27
5 21
428 18
132 13
363 28
292 17
455 13
335 26
294 10
120 31
109 15
313 4
442 22
6 7
130 4
119 17
294 27
373 17
240 28
325 14
355 20
2 25
145 17
375 26
186 14
240 22
200 1
10 9
110 27
379 24
6 29
124 28
324 12
76 3
352 9
369 30
16 14
219 28
206 9
450 24
438 13
389 17
445 6
277 3
264 8
498 30
208 1
125 27
320 4
298 19
100 14
81 8
35 7
127 25
243 24
188 4
469 28
168 17
326 12
171 1
303 12
62 23
492 22
245 24
238 14
186 5
59 26
304 22
268 15
390 14
210 29
41 10
4 4
295 25
4 13
270 2
485 23
20 4
369 9
139 6
158 5
294 17
294 22
14 30
380 19
71 9
331 28
323 6
171 13
15 14
285 24
332 17
466 7
449 26
467 15
291 5
263 9
193 17
34 26
470 1
312 24
57 26
3 27
327 18
199 29
51 32
124 14
456 2
437 4
127 3
343 26
379 5
354 27
13 31
480 2
151 31
374 7
284 12
438 23
105 8
303 28
471 7
389 23
220 29
182 2
80 12
115 6
333 28
381 5
206 20
179 24
3 32
415 10
483 32
100 8
339 19
95 14
33 11
440 32
160 29
449 7
497 28
48 25
383 12
25 17
492 3
296 18
310 6
483 13
413 27
84 12
337 22
413 5
364 28
472 7
324 4
113 32
335 25
352 22
292 21
158 3
283 13
128 25
15 15
89 23
397 24
30 21
53 26
453 12
145 28
291 13
195 31
492 30
267 4
451 27
72 24
193 14
264 17
150 22
135 10
409 7
113 14
263 13
84 19
285 28
490 11
252 12
181 20
269 32
439 27
358 14
30 22
67 22
222 1
127 4
158 23
386 11
177 4
139 12
66 15
191 3
349 15
295 2
38 23
477 24
134 26
189 3
235 31
12 21
323 3
164 9
377 2
103 29
253 9
16 27
16 15
429 16
1 11
393 30
286 17
217 19
406 25
285 25
11 13
449 22
287 4
18 7
365 16
68 10
64 11
140 15
141 32
147 21
291 15
382 12
112 6
198 9
354 18
361 21
482 13
402 12
273 7
283 21
94 22
458 13
136 1
440 25
165 26
121 11
476 31
234 7
304 19
456 2
264 16
226 2
477 31
365 13
249 31
441 26
52 31
350 20
495 1
316 31
374 24
465 2
142 30
288 26
480 23
455 20
263 16
193 3
158 1
43 18
408 15
451 19
381 16
498 12
441 17
238 10
453 19
367 30
104 19
391 32
101 17
31 15
376 7
157 13
131 31
142 6
182 8
349 26
392 30
141 8
11 15
349 23
285 28
408 16
222 11
323 22
495 1
389 27
279 21
255 14
96 5
151 1
340 11
42 3
197 31
266 23
413 27
373 13
182 32
436 3
430 11
76 5
167 28
499 18
213 5
207 4
353 17
436 21
208 29
127 4
11 1
314 7
211 6
323 16
317 15
146 15
221 9
375 3
241 17
184 21
329 18
464 30
99 27
78 30
79 8
413 18
152 26
216 2
115 11
457 3
149 2
29 17
379 3
107 15
331 7
275 8
32 26
45 26
488 22
139 10
29 23
359 5
480 19
246 14
465 23
25 21
8 1
185 2
12 23
4 22
433 18
353 21
367 1
446 30
370 5
124 19
487 2
135 11
408 28
412 16
434 8
188 10
193 8
179 12
367 27
249 27
164 30
115 23
350 29
88 20
349 27
174 27
45 28
153 16
39 29
28 9
204 3
118 12
291 28
303 9
330 24
307 2
5 18
376 18
38 11
425 14
26 10
72 2
257 13
225 28
493 16
120 12
171 21
444 29
384 14
321 6
1 7
59 25
252 30
359 5
248 15
26 13
233 26
194 29
378 31
136 14
22 27
269 32
343 16
356 31
162 32
292 2
7 10
167 30
135 5
251 14
11 20
7 11
429 8
436 18
470 31
27 20
178 24
239 8
359 15
450 4
474 9
386 20
442 32
90 24
280 20
310 22
319 32
385 20
367 8
405 13
242 4
384 31
79 18
143 1
68 12
161 14
37 10
21 6
449 18
258 12
153 3
369 12
86 1
219 8
424 3
344 14
406 19
288 32
349 18
125 4
226 5
457 18
182 18
295 22
291 20
209 8
322 1
415 23
34 17
63 9
459 18
474 25
485 2
52 9
395 24
248 16
164 29
437 9
34 24
178 16
487 30
119 1
167 9
419 32
369 21
8 12
91 30
396 11
447 27
407 17
327 30
165 14
62 1
335 7
36 20
123 3
102 13
183 16
126 25
467 14
286 22
25 20
307 28
302 17
71 16
298 9
65 2
386 7
266 12
425 26
436 3
176 17
140 30
156 5
162 14
110 3
447 11
26 22
258 19
358 28
238 7
224 15
468 26
133 10
385 1
239 4
456 30
208 19
123 19
211 16
336 8
435 3
158 8
388 24
139 29
95 28
252 23
30 11
132 30
8 20
423 22
188 2
159 11
176 13
110 10
121 29
409 15
79 3
14 22
334 16
63 12
380 22
450 21
236 17
275 20
301 17
341 28
426 28
86 5
484 3
338 4
344 30
10 30
16 8
240 25
27 6
129 2
319 6
19 26
363 9
149 27
193 22
354 10
341 27
422 24
190 27
132 29
208 13
158 24
16 13
424 11
402 20
152 12
334 2
126 16
166 18
62 2
467 31
327 23
57 24
335 22
210 10
130 10
458 12
141 10
388 16
220 10
468 31
213 29
393 26
348 10
316 21
416 18
175 22
293 11
194 23
329 31
296 18
172 21
449 8
430 21
228 17
330 27
372 18
199 16
84 2
321 23
158 4
384 8
182 16
266 7
6 18
129 5
404 13
258 32
464 23
392 11
40 17
89 23
467 27
26 14
388 30
152 17
286 11
80 27
63 10
193 32
291 5
221 30
121 30
250 5
220 17
479 27
66 20
373 4
58 22
285 10
96 20
194 21
174 18
199 24
323 15
156 21
63 28
11 4
409 16
472 12
252 22
239 1
369 23
52 23
361 20
76 32
475 25
188 5
246 2
384 4
480 19
33 2
470 11
281 6
6 12
358 25
54 24
426 10
410 29
404 26
17 31
77 23
452 12
139 1
205 23
117 28
117 29
430 23
395 2
316 32
314 13
8 15
472 17
492 18
114 24
3 30
226 4
472 13
47 15
226 28
189 18
287 13
194 20
243 20
278 31
339 3
435 10
309 15
483 8
140 8
47 10
429 21
425 24
5 28
66 14
427 10
423 13
411 12
133 25
55 22
415 17
500 2
443 8
460 21
459 15
224 14
92 32
334 5
107 2
340 29
420 22
278 14
330 28
310 2
397 24
223 11
461 14
364 3
381 27
179 4
421 18
401 1
257 18
381 7
275 4
387 2
337 9
240 26
56 9
332 24
116 18
115 8
128 14
330 20
153 32
403 17
465 7
289 1
240 21
436 11
240 10
412 16
42 27
446 22
51 5
401 3
330 15
94 21
197 20
169 5
135 31
125 4
226 6
172 29
434 11
331 18
133 19
101 6
245 10
123 16
174 8
314 4
94 27
312 18
182 32
342 1
403 11
268 4
232 7
92 9
250 7
190 6
221 27
259 5
188 6
464 18
109 5
217 2
36 12
196 13
212 9
237 10
207 16
241 2
147 12
307 8
310 4
129 10
138 23
347 2
120 2
39 8
439 7
486 6
486 29
394 29
421 31
162 24
338 18
269 4
438 3
231 15
423 23
277 4
450 7
237 9
432 23
353 14
85 26
195 15
370 5
471 26
423 17
269 16
238 10
448 31
464 30
422 18
241 6
298 2
172 26
314 19
13 26
177 13
355 19
371 8
163 6
14 25
326 18
49 23
23 28
90 7
377 3
224 13
412 13
10 19
407 24
389 23
341 5
219 4
140 30
419 14
283 12
443 24
418 15
374 24
338 3
278 2
325 22
35 12
226 28
170 8
71 3
254 4
327 1
459 30
414 17
324 32
13 18
7 26
256 4
73 9
343 15
10 11
408 24
255 5
292 20
469 6
334 10
125 29
46 15
330 7
312 5
358 28
418 28
309 21
96 5
321 6
287 7
456 22
78 6
179 17
486 7
83 15
220 31
183 26
290 5
280 13
17 6
128 31
205 28
163 32
20 16
89 19
166 21
352 19
458 2
464 19
28 26
318 24
252 12
69 5
216 16
345 25
189 24
371 22
259 9
45 19
368 26
437 13
382 12
128 7
170 3
134 21
488 27
148 19
302 28
484 22
268 8
454 32
152 4
201 18
208 10
392 4
231 8
460 16
116 15
450 1
381 15
333 12
237 1
163 15
252 22
260 7
177 17
327 28
388 27
442 31
124 17
22 6
161 18
317 12
272 11
412 17
53 32
224 2
280 26
32 28
383 19
402 12
355 8
239 22
459 20
188 6
13 22
288 29
395 32
152 6
74 19
170 3
10 18
472 18
279 19
173 26
145 14
73 7
6 11
92 24
343 15
397 3
192 8
231 10
492 6
104 17
296 5
395 9
18 22
446 1
220 6
162 12
396 30
66 9
396 13
68 6
140 28
296 31
352 6
121 11
259 24
111 2
200 14
211 18
223 4
70 11
330 11
10 29
316 8
329 15
84 4
5 15
211 28
110 2
178 22
256 12
157 7
194 8
224 24
129 22
263 10
240 4
280 22
168 27
177 4
10 16
243 30
187 6
165 12
219 26
377 19
482 13
193 19
444 12
430 13
65 4
122 1
136 10
258 7
348 18
151 13
45 17
74 31
50 3
378 29
284 10
447 1
342 7
143 10
258 28
210 18
468 11
330 7
232 7
109 24
20 23
140 25
356 14
147 29
156 1
377 11
334 7
408 32
313 30
313 30
474 30
96 25
204 1
395 28
12 11
219 31
466 22
447 9
423 14
429 18
174 30
369 23
332 8
386 17
177 30
418 30
423 29
442 3
290 20
266 5
43 16
183 32
193 26
180 8
427 12
45 20
265 21
310 13
40 32
93 1
449 10
366 24
375 20
202 4
347 23
316 5
154 10
248 10
479 11
165 9
387 10
60 31
326 6
451 26
269 7
82 1
257 23
440 23
458 17
498 17
311 1
397 12
162 25
366 13
275 6
249 25
443 17
16 13
30 2
134 26
361 31
366 25
365 18
99 31
298 8
331 9
408 3
276 17
75 9
61 30
23 18
362 29
470 13
233 23
343 14
148 23
284 9
319 1
170 29
471 28
364 13
280 11
379 23
43 10
400 24
155 14
117 28
238 10
393 19
436 23
40 15
289 12
447 27
472 17
227 10
288 26
446 15
416 4
325 30
481 4
265 19
497 29
3 27
318 23
409 5
481 12
187 25
123 10
79 2
102 9
91 5
450 32
455 5
64 23
26 16
355 23
383 11
23 17
437 25
131 17
93 19
145 16
83 19
265 29
417 18
21 31
254 6
247 8
38 2
190 11
57 24
353 19
99 20
323 7
68 9
232 8
267 20
143 5
198 15
65 26
124 5
325 21
406 23
288 19
232 26
358 8
225 30
79 19
289 29
210 28
206 17
220 32
20 26
25 9
121 5
35 8
26 27
325 19
281 24
78 8
293 3
151 2
496 9
192 17
334 13
344 11
193 15
214 32
277 14
485 17
179 11
344 28
81 20
338 21
132 19
224 28
201 10
293 21
307 17
185 24
89 16
30 26
443 11
49 7
185 1
319 11
403 14
418 15
182 19
195 13
22 30
440 26
496 5
270 26
273 18
293 17
334 18
494 32
268 3
198 20
427 28
166 14
29 3
16 10
190 31
78 27
480 30
284 3
306 2
480 22
211 12
438 20
297 16
23 25
326 24
220 20
87 10
433 28
320 29
29 1
11 27
423 22
328 15
169 25
112 20
210 2
124 19
70 28
430 8
188 19
164 32
359 18
145 7
69 20
443 18
325 29
56 15
295 3
305 11
15 12
314 8
442 29
74 3
61 28
454 12
462 9
7 20
423 19
167 7
115 29
440 27
62 3
389 12
81 6
22 31
313 19
22 30
476 32
116 8
303 10
135 8
390 30
140 12
144 22
155 22
266 10
400 11
293 25
386 17
186 11
320 14
298 21
252 13
140 11
160 14
140 6
410 6
287 17
193 19
206 3
392 23
145 24
150 25
284 23
161 13
146 24
466 31
377 5
67 32
288 30
162 3
223 3
160 6
471 25
144 24
403 31
498 7
178 15
335 5
386 8
281 7
179 11
325 11
167 15
423 30
320 24
85 14
6 8
255 12
300 10
355 27
285 16
101 30
203 32
127 4
283 19
470 5
357 14
220 12
240 26
181 7
77 9
452 10
213 7
113 16
456 23
66 24
22 11
54 4
454 24
163 16
290 16
400 7
481 3
22 24
112 26
278 12
171 18
473 19
288 9
98 7
403 12
335 5
182 20
500 31
271 15
222 20
350 1
206 27
92 11
50 31
133 16
243 7
261 31
389 24
152 26
494 6
1 28
478 26
271 18
20 25
196 5
453 29
214 6
375 9
89 9
359 21
456 17
375 24
168 19
467 23
100 12
372 17
492 6
486 22
383 2
155 22
98 27
474 11
468 9
319 16
125 26
480 8
482 30
499 25
468 13
319 28
128 11
372 31
96 21
233 6
66 3
407 28
197 12
178 28
80 25
424 4
378 15
487 27
109 9
360 28
301 2
495 13
220 2
399 27
427 31
496 12
369 26
7 29
134 13
433 25
385 4
269 22
110 7
472 30
92 3
294 4
361 16
172 16
6 27
99 8
201 10
275 26
348 26
338 9
170 14
45 10
125 29
19 3
272 14
304 19
25 25
106 21
237 6
168 26
348 14
25 24
212 19
321 27
432 7
391 17
280 3
358 5
100 24
343 3
70 6
437 22
95 10
330 7
171 13
424 14
115 32
270 18
98 22
236 30
100 14
334 16
412 8
136 15
271 26
85 4
123 5
137 29
415 2
399 29
167 2
455 9
473 16
310 19
165 5

