256
94 6
183 23
251 28
175 18
4 29
147 31
140 3
117 13
356 32
237 22
190 20
210 32
124 28
358 24
1 26
489 2
239 23
12 29
127 30
371 14
458 29
345 1
363 5
13 15
477 18
160 2
61 25
210 20
36 31
103 13
473 23
334 23
466 6
404 32
383 2
277 29
142 25
289 28
434 10
74 2
255 13
427 31
306 4
202 25
259 28
81 27
99 19
145 32
112 4
211 26
321 11
186 2
312 19
170 1
480 7
6 22
180 4
400 25
272 5
177 10
256 22
464 18
376 20
473 31
156 15
480 28
374 14
142 29
344 27
281 27
405 30
408 20
69 3
420 8
259 29
73 6
410 20
72 25
496 8
271 31
431 14
478 16
471 23
340 26
281 8
488 18
257 3
473 5
53 17
369 11
193 29
177 30
181 8
238 24
495 12
326 5
313 15
432 20
126 31
449 22
242 1
443 10
183 12
27 8
160 27
46 8
187 2
305 7
321 26
394 24
253 19
444 29
226 16
200 7
350 29
108 20
437 3
293 31
318 11
206 9
65 24
32 28
325 20
322 2
433 32
17 17
286 20
101 19
39 29
65 17
301 21
184 21
75 32
207 4
147 25
424 15
368 27
166 8
494 12
41 26
55 1
462 28
221 22
55 23
66 7
499 10
143 10
454 17
10 17
312 20
277 31
70 24
41 12
187 6
427 8
163 1
488 8
172 28
390 10
319 15
49 25
173 11
203 22
260 12
490 15
219 14
10 32
261 6
227 4
288 1
231 10
485 18
130 29
130 15
86 32
325 22
320 21
177 26
327 28
233 16
358 3
286 23
295 2
269 13
197 8
378 15
61 14
349 2
370 14
208 16
481 13
441 4
233 5
322 11
404 2
79 10
61 24
332 7
261 28
79 30
211 32
88 20
170 12
461 23
469 5
198 5
405 11
101 17
107 6
400 15
31 22
476 11
193 23
149 5
111 4
114 21
387 14
444 16
193 29
299 18
425 12
314 17
486 30
21 5
39 28
159 10
101 10
364 29
144 5
450 18
444 3
279 10
320 14
238 9
478 32
378 10
383 15
434 1
105 27
17 15
78 23
416 7
160 12
175 31
496 4
409 23
391 23
120 22
260 25
74 14
96 23
491 3
494 17
51 18
83 7
444 32
241 24
42 28
491 9
54 18
192 10
276 18
352 7
496 4
456 5
201 23
224 7
381 1
319 27
166 1
497 17
413 29
320 6
340 10
22 18
295 26
207 2
499 27
317 18
374 8
119 14
174 18
468 23
410 11
337 3
391 18
35 11
126 27
109 6
16 30
359 31
195 17
232 2
179 8
391 8
23 9
329 13
202 9
455 11
287 19
37 29
180 32
332 18
278 24
271 29
69 13
455 12
397 27
161 8
438 31
479 17
264 4
213 1
456 31
428 30
161 24
270 21
387 1
498 16
40 28
457 13
100 7
76 4
449 4
423 3
138 26
51 9
61 15
218 8
281 21
461 29
312 30
485 3
183 22
214 22
101 30
386 24
433 25
400 5
48 6
471 30
75 25
438 27
487 15
354 19
3 6
60 15
248 32
217 2
378 2
207 6
304 25
234 4
53 25
320 13
454 15
138 29
15 15
219 14
434 25
268 32
90 15
454 1
75 30
470 4
452 25
485 31
269 6
342 1
350 9
125 28
303 22
388 30
189 14
319 2
30 10
261 4
469 15
160 7
384 6
50 11
158 18
441 14
104 10
450 21
295 27
460 9
188 7
266 20
305 16
349 26
226 22
9 18
176 1
440 15
150 1
98 3
22 2
84 9
24 29
282 30
459 13
470 7
292 12
374 8
23 15
485 20
36 30
145 7
14 28
121 3
424 14
469 14
312 20
274 27
436 19
356 7
148 29
41 19
412 6
238 3
340 26
238 23
67 27
437 20
318 18
242 18
479 26
39 14
465 20
476 29
219 31
147 6
360 15
8 3
452 17
409 8
318 27
18 1
381 27
316 10
364 10
291 10
471 25
484 16
493 31
188 19
494 14
280 25
372 15
475 15
235 32
318 8
382 20
140 14
494 28
163 25
365 18
402 7
134 25
474 22
196 1
40 21
346 31
393 9
457 7
244 11
454 13
447 31
248 26
300 13
393 3
449 25
268 7
296 29
87 21
379 22
430 26
174 3
89 22
344 5
137 3
440 2
499 2
129 15
323 12
339 16
242 32
324 1
490 7
262 4
388 16
62 17
261 3
295 1
5 30
450 21
76 21
82 15
478 22
25 16
342 23
367 15
2 7
444 27
309 13
271 8
400 24
216 4
270 11
213 18
352 10
266 8
254 28
206 19
261 18
234 18
444 1
37 30
143 16
140 19
240 22
351 23
445 18
150 7
280 30
340 4
227 30
263 4
157 32
414 9
197 24
371 24
100 27
289 30
90 13
44 5
42 10
319 15
164 20
405 23
182 12
426 24
53 4
92 1
7 17
126 19
4 4
47 31
254 31
344 7
115 12
23 13
485 5
347 16
160 15
443 9
198 32
453 3
408 28
459 6
48 12
469 20
283 3
6 12
201 14
82 12
89 28
324 13
148 18
73 24
272 3
352 25
234 32
219 5
199 30
407 7
465 3
150 24
241 11
487 5
356 21
108 16
376 7
221 16
452 25
183 23
307 6
396 28
190 10
33 32
495 11
486 16
165 31
411 17
494 9
49 1
317 5
497 13
291 13
216 3
361 2
169 31
135 8
410 12
30 26
416 24
232 17
187 16
240 13
4 25
494 21
285 18
413 9
354 3
349 25
297 25
170 30
227 1
233 17
332 22
430 23
490 14
500 20
409 23
125 29
175 22
317 7
131 9
92 5
283 4
405 16
1 23
101 19
231 17
67 2
447 13
309 20
362 32
315 22
250 7
386 4
260 2
234 3
134 25
375 21
265 3
52 25
353 16
195 15
336 14
497 6
110 9
273 19
464 32
296 29
378 26
488 2
87 9
28 5
398 10
193 30
384 28
130 5
247 32
23 10
85 3
420 6
323 8
220 18
131 32
202 13
49 13
498 19
262 17
207 23
130 15
24 5
494 9
101 20
476 28
378 21
494 13
310 9
192 18
306 27
397 8
35 9
48 20
79 9
260 18
171 29
388 18
253 10
198 10
473 2
181 26
438 2
350 15
194 26
480 4
216 16
359 26
172 30
133 19
271 16
240 5
132 3
487 12
8 16
441 9
209 25
34 6
499 8
97 4
277 20
43 20
156 17
445 27
11 25
77 21
320 16
73 19
295 15
186 30
95 19
134 15
451 8
301 5
255 9
345 15
28 15
226 31
140 14
10 14
98 6
134 13
106 26
219 8
469 28
201 7
234 11
365 25
58 9
337 32
117 5
194 13
68 15
327 19
440 4
412 1
126 1
157 31
306 11
482 2
130 10
336 20
72 29
48 5
421 8
440 22
417 17
34 32
255 12
394 26
400 17
434 25
405 6
459 10
464 28
484 22
325 19
309 25
223 20
25 20
443 1
385 7
301 10
194 16
129 23
453 4
447 3
256 23
328 18
61 24
5 12
89 18
66 21
78 13
104 6
136 2
122 8
405 23
289 14
182 5
389 14
149 11
372 4
38 24
470 2
195 2
345 27
7 10
179 28
50 22
390 21
179 7
408 31
285 12
237 2
465 17
452 25
163 31
220 28
374 17
149 4
15 9
202 5
255 12
457 8
365 2
193 24
208 24
330 5
148 2
310 20
394 21
428 13
288 7
256 9
188 5
433 10
249 10
426 31
366 14
159 22
431 3
125 23
302 3
335 29
224 32
412 22
109 27
174 8
190 9
408 25
389 28
282 26
474 15
344 27
293 30
420 11
204 29
65 26
55 27
306 2
395 6
247 15
112 24
398 1
53 5
29 13
349 26
282 6
221 30
364 5
479 15
439 27
31 16
392 9
254 9
215 4
118 1
2 14
233 7
382 25
408 7
281 12
72 11
429 8
188 16
156 2
426 27
200 9
450 15
245 19
140 27
351 5
124 8
190 20
103 32
196 26
334 16
117 5
38 21
401 1
40 24
95 1
2 30
477 27
89 26
154 4
384 4
188 15
207 26
66 25
153 13
374 30
89 22
94 22
238 14
55 13
254 25
446 23
146 22
206 2
495 31
165 3
66 13
237 12
286 19
137 30
267 22
127 27
352 28
333 21
418 7
70 15
239 15
425 20
436 22
174 19
44 26
309 21
394 5
85 11
51 5
468 22
434 2
24 5
166 32
78 7
446 27
105 4
161 25
124 12
215 13
26 2
486 18
219 12
435 23
262 13
79 30
154 20
175 18
149 28
385 18
274 23
372 22
218 20
111 17
127 29
489 29
434 3
190 20
206 4
158 3
461 4
48 18
248 31
495 16
266 20
121 28
414 12
121 3
227 31
324 29
407 16
209 25
138 7
344 31
226 22
14 26
237 1
4 16
487 14
231 25
81 31
144 10
398 4
329 8
347 32
329 29
315 29
445 1
139 1
499 13
142 32
254 14
425 17
66 31
459 28
15 31
351 10
237 4
422 21
224 16
68 16
224 2
440 1
38 15
309 1
147 22
400 32
31 32
361 32
439 15
244 21
61 22
463 21
45 12
65 4
355 28
171 6
218 31
98 31
393 6
291 7
411 31
438 30
218 22
389 28
468 24
461 17
77 15
381 6
158 14
241 20
281 28
441 6
374 31
253 6
500 3
156 31
437 17
204 31
95 24
162 10
224 10
294 28
396 31
125 17
472 10
416 20
129 29
102 30
99 30
471 30
452 14
212 1
70 23
395 4
7 24
430 30
382 7
233 25
101 26
330 16
75 13
28 7
305 29
408 3
186 6
205 25
207 28
377 16
331 23
144 1
31 1
270 16
147 22
188 12
63 17
171 17
466 30
43 6
178 26
25 19
31 9
500 17
144 4
217 22
351 20
162 9
432 19
144 26
285 31
177 23
52 32
336 13
397 30
286 23
32 26
289 22
390 20
3 6
368 7
359 18
430 17
450 13
303 17
290 11
127 11
138 30
18 9
46 6
406 28
44 29
345 5
203 23
324 25
268 15
127 22
464 24
498 25
268 9
357 9
443 24
227 20
13 28
256 31
214 2
242 29
450 14
441 16
172 25
60 31
11 6
269 7
241 26
387 32
270 8
417 21
431 27
144 19
91 4
205 24
413 10
60 2
236 21
366 27
469 25
198 19
111 14
453 27
435 24
211 9
139 3
121 29
121 4
215 19
15 32
366 11
69 30
141 32
130 30
211 30
282 20
428 20
77 9
95 7
424 9
419 30
283 11
334 7
155 8
318 21
171 3
300 16
164 12
43 17
149 9
94 30
364 30
174 28
106 32
7 5
276 17
294 18
316 27
16 10
26 17
490 9
220 29
288 19
80 6
28 16
435 17
158 10
346 31
294 19
154 8
331 5
76 24
190 19
454 13
360 20
390 26
28 17
490 19
343 30
496 6
297 6
343 26
432 4
488 21
139 21
376 13
273 19
149 14
194 22
19 1
433 24
254 4
220 16
126 10
313 14
432 25
403 6
267 2
313 10
262 31
99 17
124 23
440 16
185 9
373 31
37 14
314 3
117 29
238 7
446 30
68 21
362 6
354 8
8 3
234 29
469 16
258 12
54 17
215 10
33 32
292 1
245 29
415 29
341 20
307 31
53 22
367 7
196 13
246 3
387 31
323 15
14 12
447 20
480 21
157 20
452 5
285 32
257 23
261 26
203 31
236 27
145 10
373 16
322 15
246 4
449 16
63 27
500 13
382 23
373 10
195 21
338 31
224 15
29 16
192 31
255 31
338 3
380 26
442 30
180 3
113 21
106 19
443 13
239 28
288 32
213 14
140 19
312 7
497 32
199 8
423 5
318 24
55 13
321 24
454 25
386 11
481 11
93 27
300 28
450 27
295 26
272 14
416 19
148 12
478 10
451 16
2 24
11 20
169 24
403 14
36 4
40 28
483 21
290 6
316 11
72 10
104 7
395 16
481 10
283 10
240 14
210 1
205 32
149 9
255 31
199 6
43 14
305 17
222 22
158 17
36 21
350 4
275 16
363 19
138 13
212 13
230 21
321 31
493 1
11 11
372 29
389 2
299 17
142 12
491 7
261 6
231 22
17 21
206 27
111 31
376 2
423 1
447 23
243 11
64 6
389 23
314 5
404 12
322 9
336 28
195 20
337 9
57 10
281 14
436 3
308 11
268 22
120 26
177 10
4 4
467 25
378 17
21 17
244 18
177 19
153 7
378 14
499 15
399 11
400 26
373 8
349 16
493 16
206 9
181 13
112 8
305 5
428 2
473 19
19 13
306 32
371 11
365 1
469 3
499 21
448 23
280 32
215 24
467 16
293 8
480 12
295 1
245 6
462 5
448 20
218 29
355 4
436 31
161 32
333 15
476 29
234 15
280 12
379 11
219 7
246 22
74 32
186 2
465 23
387 28
331 24
17 29
395 32
256 31
59 28
66 19
72 19
141 20
98 7
450 24
189 15
365 31
86 3
284 18
401 6
313 3
125 5
268 24
132 27
74 3
462 3
77 14
289 21
237 18
236 30
53 8
232 22
390 25
172 6
218 16
195 22
155 8
63 18
191 30
296 20
88 1
107 20
290 11
85 14
485 4
63 5
95 22
158 17
462 17
10 23
105 32
265 19
375 7
32 5
224 15
181 4
435 15
31 29
385 31
454 21
286 21
258 13
14 19
217 24
300 18
358 4
281 26
366 24
152 25
72 4
75 20
243 21
242 29
437 27
388 27
347 29
111 8
257 24
223 5
303 30
402 29
129 7
486 22
190 22
242 25
365 20
365 31
28 14
231 25
84 22
59 23
495 1
386 27
496 24
76 7
333 21
163 21
11 24
306 24
137 23
313 5
214 29
311 18
134 30
58 18
215 28
148 5
136 5
312 19
345 31
485 17
215 27
342 14
499 15
129 31
194 21
340 15
469 6
500 27
247 9
172 22
172 19
22 31
55 25
494 19
71 10
280 10
477 9
215 23
267 27
461 28
136 24
71 32
6 10
410 32
127 5
65 22
251 15
309 14
419 6
56 30
279 3
479 19
307 29
81 2
387 30
237 6
45 7
330 18
377 31
154 3
172 6
4 26
304 12
79 27
465 7
64 32
173 30
202 20
86 27
405 16
28 17
198 12
300 27
122 8
469 15
382 28
344 1
266 8
49 28
222 29
182 25
108 11
30 14
38 15
296 18
438 31
434 19
394 25
217 7
112 6
493 9
177 9
82 22
336 22
490 17
142 19
45 14
229 30
263 26
188 2
411 9
232 13
316 9
281 8
344 5
69 4
89 14
376 22
391 27
299 20
119 29
403 19
246 3
236 4
249 27
269 7
252 4
355 31
476 24
450 27
232 19
359 8
116 10
490 2
297 8
386 15
284 28
430 13
270 17
388 26
292 20
29 15
7 19
313 3
222 18
153 5
280 27
125 3
449 10
401 9
105 26
11 21
277 24
269 18
309 17
268 20
16 12
346 27
382 14
357 8
271 25
260 3
76 24
297 24
201 9
120 18
38 22
398 22
274 6
212 22
378 19
385 26
126 10
120 27
91 16
166 21
40 14
263 27
161 28
490 6
460 17
371 6
443 28
163 20
137 2
1 23
204 17
112 17
318 3
392 16
58 13
268 25
334 27
212 31
294 5
60 25
162 26
102 28
401 25
171 21
490 23
255 14
407 26
226 32
96 9
131 13
174 18
102 15
132 25
205 1
217 16
382 18
249 23
185 29
451 27
38 9
229 28
338 23
10 19
210 17
32 4
314 17
294 3
415 1
283 12
54 23
87 27
81 4
121 21
336 32
324 17
364 32
369 29
187 2
263 12
38 10
292 15
350 5
469 25
213 11
88 6
102 30
404 10
213 17
150 1
96 13
125 23
25 29
11 3
74 1
310 16
419 29
166 4
389 15
236 6
237 31
219 26
201 11
223 29
147 1
313 10
345 14
404 25
134 18
283 8
186 9
23 28
397 20
428 6
26 27
239 27
190 21
452 22
431 23
6 25
399 15
22 3
460 1
464 5
338 22
4 4
190 2
183 3
66 30
224 23
477 18
205 18
122 5
259 5
35 24
333 17
286 31
27 1
131 14
42 17
88 17
48 1
423 18
67 8
192 10
282 8
455 15
185 1
347 31
481 13
410 1
313 28
19 15
144 30
181 1
322 32
230 1
396 4
302 3
343 1
456 8
364 7
462 32
339 8
194 11
188 20
483 16
3 10
191 10
3 27
331 20
490 28
248 25
415 5
51 9
246 7
232 13
269 6
361 19
353 10
277 1
361 7
244 11
260 14
9 22
156 31
141 1
102 28
382 24
289 20
124 6
290 15
494 6
400 30
16 1
464 20
145 4
403 16
391 10
174 3
480 5
441 8
326 26
360 31
261 4
342 16
33 12
442 26
41 18
436 9
298 31
52 18
426 22
33 16
320 30
66 31
239 18
270 8
251 9
474 27
128 23
98 20
298 8
242 19
85 5
451 10
279 22
175 4
160 27
372 11
265 5
129 27
295 14
418 1
379 7
260 2
57 5
370 31
100 3
249 4
491 11
65 9
52 7
324 11
298 31
189 26
484 29
416 26
67 21
26 1
427 21
154 23
346 23
41 5
189 5
481 31
487 21
151 15
136 19
101 29
21 14
198 20
310 9
485 20
149 7
24 23
147 22
409 20
404 2
141 5
238 1
475 21
17 10
115 16
100 27
288 12
356 1
328 18
301 12
393 5
322 25
227 13
298 8
16 25
85 24
497 14
276 32
398 13
97 4
148 4
79 8
19 6
124 14
303 17
10 28
77 11
316 16
355 1
439 23
17 31
378 22
48 6
337 14
298 29
13 13
332 15
232 14
229 28
400 11
132 21
430 32
443 25
363 22
413 5
372 18
27 25
295 15
402 27
76 15
267 12
348 22
31 15
151 15
286 30
493 21
162 31
329 17
371 3
458 16
196 17
65 10
77 7
500 7
193 19
381 23
15 16
260 25
11 14
7 8
312 31
417 29
273 17
133 20
287 18
279 26
418 3
56 11
405 27
325 9
334 5
259 12
489 10
96 19
427 10
146 2
452 22
267 5
158 11
72 25
489 26
278 30
396 21
252 4
92 24
100 29
337 10
124 17
375 11
323 9
320 28
95 27
234 9
347 23
259 22
39 15
471 1
357 10
1 20
369 4
388 24
16 8
325 7
48 19
209 26
204 4

