256
445 23
290 32
307 27
470 11
476 2
43 21
396 18
395 16
340 1
18 21
276 18
319 24
128 6
51 14
435 19
425 20
21 18
467 7
488 4
65 32
221 31
308 24
204 2
255 28
146 17
200 10
422 26
57 21
39 23
350 10
105 7
57 17
340 15
155 4
14 8
291 22
382 22
53 22
151 19
481 24
283 32
69 4
49 1
457 23
435 26
264 31
432 28
367 24
46 6
99 27
445 29
144 18
338 28
263 8
355 23
283 17
126 32
45 14
328 13
113 23
10 4
153 6
48 4
213 9
393 23
356 21
51 19
14 4
47 13
227 29
371 9
241 25
64 1
22 8
137 10
6 19
362 18
88 13
29 20
205 29
314 24
461 28
411 23
455 25
103 9
61 5
41 1
173 25
438 3
200 14
180 29
72 25
66 23
153 3
162 26
219 19
121 16
394 27
154 12
191 8
380 7
432 5
256 9
377 9
151 28
470 22
132 22
75 5
404 19
143 22
288 6
244 29
41 22
143 26
337 10
153 21
140 12
489 23
188 21
291 30
292 21
20 7
6 2
323 21
172 18
178 32
179 18
424 11
263 18
116 7
103 4
167 11
203 19
489 3
371 32
80 22
96 19
288 29
396 7
213 8
280 27
231 14
16 2
380 18
71 27
228 14
114 19
120 12
401 24
58 12
91 14
137 10
440 29
490 20
239 23
255 26
445 1
327 28
342 30
441 20
52 4
289 21
414 24
480 27
368 14
290 6
27 6
348 26
202 21
153 4
391 7
161 27
95 3
146 8
44 2
52 23
106 28
111 27
100 11
37 3
332 26
480 18
104 23
27 1
16 24
301 22
290 1
93 5
152 6
24 3
176 7
142 13
267 4
3 22
46 28
36 5
69 31
86 20
194 1
33 1
496 25
318 21
497 6
373 28
500 5
195 19
323 24
159 13
291 5
306 9
256 25
65 21
208 3
52 13
467 28
313 26
120 2
450 13
40 7
264 19
423 6
269 21
145 3
38 24
291 3
124 7
388 12
223 19
190 2
347 16
210 11
469 17
288 23
297 19
93 5
421 7
222 9
463 7
467 28
6 18
47 29
156 26
168 18
380 22
3 10
365 16
236 14
245 31
252 29
406 32
305 22
62 11
15 32
245 9
376 14
90 26
82 17
207 17
474 30
458 21
163 11
244 26
8 4
272 27
233 9
306 1
355 31
415 29
242 27
53 25
112 31
390 17
239 4
294 17
181 7
393 7
129 8
92 8
476 24
98 12
244 27
96 30
121 23
170 23
373 31
479 25
69 1
381 11
316 10
371 5
481 31
191 1
103 11
245 18
350 10
137 1
97 8
43 29
446 24
79 15
138 2
7 18
130 15
365 5
265 23
293 9
202 20
353 28
118 17
233 31
143 9
411 31
304 29
307 14
369 14
124 10
295 2
64 16
220 24
220 8
14 29
80 3
348 25
370 13
233 10
487 3
322 9
465 2
54 28
431 26
9 10
279 23
35 30
430 26
121 25
90 3
13 17
201 4
453 3
380 18
24 26
264 30
115 21
27 8
352 13
441 24
362 3
366 32
413 19
1 21
295 26
19 32
111 28
371 19
494 19
304 9
468 24
418 14
148 4
249 27
104 21
210 5
260 31
64 24
221 29
408 27
358 3
174 32
350 29
87 27
147 22
415 26
457 9
196 24
480 28
306 28
337 3
252 8
441 4
471 17
84 10
28 21
156 5
113 9
97 7
403 15
440 6
209 9
2 16
204 25
403 18
416 27
376 20
186 21
335 32
181 22
386 16
210 21
113 30
250 21
224 32
156 32
321 12
264 18
471 7
155 5
180 30
464 12
89 1
76 7
157 4
192 10
168 6
434 8
75 27
192 7
187 31
314 31
62 13
329 4
247 27
109 11
256 8
334 9
72 21
471 8
368 11
121 11
416 15
18 18
89 14
492 3
56 29
282 22
85 18
353 28
296 1
462 3
236 27
99 16
407 26
239 6
232 8
13 19
118 2
340 30
239 28
333 27
340 2
116 1
427 8
460 30
133 1
476 16
67 11
379 9
496 22
98 7
181 30
225 18
140 28
355 14
99 15
376 15
4 23
215 2
311 10
355 7
94 31
162 4
109 21
132 12
10 25
182 6
191 10
339 22
173 5
263 28
84 11
62 3
481 24
369 31
449 3
437 10
257 27
53 9
343 24
320 24
116 5
245 6
258 19
191 19
479 30
54 10
92 23
1 8
242 17
67 14
443 11
435 20
157 3
268 19
374 16
202 9
88 6
499 2
380 9
128 15
494 1
420 13
499 4
361 4
140 27
281 7
485 7
338 10
53 21
140 2
192 6
118 24
139 24
477 3
9 12
377 6
136 8
291 2
272 7
225 31
281 21
197 5
71 30
258 3
491 10
252 22
443 13
313 25
337 5
451 5
244 11
50 27
179 28
216 30
342 32
212 2
296 1
91 14
294 20
192 16
449 19
170 11
164 18
324 4
123 30
196 6
453 17
301 27
437 28
80 14
160 19
104 15
51 22
25 17
97 12
184 6
363 5
140 30
335 19
25 13
89 8
26 25
168 18
375 4
46 10
86 9
448 1
11 15
438 19
399 30
455 30
283 29
435 19
342 25
237 26
429 21
141 22
69 24
484 31
468 21
100 13
85 4
445 19
398 2
334 16
119 4
377 2
456 15
176 25
431 24
366 11
89 18
17 25
17 8
452 4
380 31
388 24
450 28
410 19
417 15
494 28
382 15
289 17
385 16
485 4
79 26
378 19
207 14
28 20
245 3
59 16
381 7
439 3
130 17
29 31
295 23
286 17
245 22
13 1
241 10
148 11
199 18
190 14
419 9
481 20
195 23
139 11
189 10
257 31
130 2
69 24
160 22
452 28
131 9
236 15
166 32
393 20
261 22
121 15
298 1
194 8
196 5
271 20
114 31
54 7
16 14
370 23
327 6
282 13
490 14
179 31
105 20
222 29
5 19
395 7
147 13
498 10
125 32
226 30
499 15
36 30
253 1
393 31
430 6
388 19
247 6
425 31
341 3
67 2
341 6
352 7
254 21
33 2
469 14
319 19
240 2
36 24
110 4
275 8
306 2
310 28
283 11
107 32
233 21
173 1
338 8
115 11
372 23
320 16
256 10
362 32
491 18
191 13
177 13
492 30
182 13
238 21
387 20
440 3
368 20
395 2
135 10
296 22
156 24
402 4
105 7
463 12
160 25
400 13
174 11
170 19
191 3
319 14
102 26
48 30
221 19
175 7
304 10
417 27
289 2
426 2
80 32
193 32
245 4
280 30
334 21
272 4
60 23
305 13
52 1
482 29
499 8
183 14
182 31
464 18
268 6
67 8
129 31
291 29
54 18
142 15
222 10
115 29
208 3
146 15
475 19
87 21
487 14
274 12
368 10
489 12
479 16
187 19
18 25
332 16
250 9
162 15
238 16
456 17
47 21
408 21
431 10
346 1
263 11
436 3
60 9
470 2
184 32
497 5
484 4
476 1
152 18
407 30
265 26
186 19
166 13
184 21
439 17
365 13
499 1
387 15
77 28
448 32
215 4
164 18
123 24
134 19
277 1
164 9
106 29
204 8
146 3
72 32
267 16
340 13
88 27
27 24
286 11
127 17
418 27
254 21
430 20
167 26
132 22
98 13
382 29
64 27
391 15
314 17
423 6
274 14
84 24
378 21
126 28
425 16
146 7
288 7
270 10
484 13
283 2
341 16
86 13
43 29
391 4
485 25
65 10
379 8
410 12
221 3
463 1
282 29
175 21
387 32
22 3
196 28
156 5
172 1
145 22
69 11
273 10
52 2
163 10
337 20
37 5
459 27
406 8
311 12
161 26
376 26
420 23
190 31
311 1
167 11
426 28
194 14
141 25
239 23
26 24
227 22
188 1
264 1
128 7
25 4
124 24
322 27
174 19
321 9
223 23
143 8
426 8
401 22
432 4
369 1
419 23
74 22
131 6
51 30
116 3
398 11
178 31
337 7
433 29
391 3
347 2
6 5
221 30
190 9
397 6
165 27
4 31
125 18
132 7
96 15
101 17
189 2
267 29
332 31
385 23
57 11
108 10
355 32
171 9
36 8
306 17
86 10
143 18
147 18
384 10
224 32
290 24
465 8
288 9
458 12
223 6
254 22
279 5
361 22
357 29
369 26
153 30
323 27
164 30
272 7
415 11
235 1
258 7
464 21
199 14
420 13
139 21
102 2
485 23
367 5
415 19
207 31
188 1
213 31
202 4
102 5
330 12
25 15
386 12
483 1
113 2
357 12
278 15
169 15
477 3
307 23
473 17
309 4
394 13
215 15
356 8
415 29
355 23
123 4
131 13
28 27
210 17
494 3
47 18
453 3
252 4
265 8
124 13
88 5
445 14
316 8
321 6
188 7
21 14
266 31
118 14
393 7
382 31
165 28
104 26
154 4
229 22
283 16
342 22
73 26
375 8
289 23
321 4
221 9
137 7
343 10
484 32
80 17
178 24
144 13
213 9
340 13
214 27
497 31
196 17
44 19
12 24
117 4
159 6
25 11
176 19
400 31
158 3
23 15
426 26
320 11
314 11
283 31
133 19
285 21
51 20
251 26
363 15
246 5
56 10
167 31
340 2
241 14
396 11
184 29
132 23
311 5
14 30
323 6
224 31
178 19
490 32
188 28
147 9
224 2
406 14
285 14
307 29
95 18
492 22
375 11
485 21
420 14
482 18
495 2
53 13
184 2
452 31
246 26
8 29
152 25
359 28
362 25
460 32
219 31
438 25
426 2
481 25
419 31
438 1
372 26
141 19
384 25
129 25
42 24
449 13
401 31
128 22
176 32
70 2
242 11
190 7
280 6
11 26
336 9
166 3
142 7
261 29
399 6
357 16
377 10
485 13
464 4
243 31
403 24
236 1
22 25
163 13
151 6
350 2
326 31
193 15
173 25
196 3
46 32
215 27
209 15
403 17
14 9
15 21
308 15
413 1
231 27
481 5
100 18
367 13
49 11
244 21
215 7
496 1
194 10
35 15
112 1
279 9
434 13
245 9
247 17
274 2
436 22
210 11
288 12
312 24
338 19
260 25
49 3
165 30
316 19
496 3
191 10
256 28
419 8
69 17
361 14
494 4
299 24
330 10
483 5
125 25
251 13
225 15
491 9
393 27
143 24
437 13
162 8
309 24
396 13
96 8
422 26
51 28
349 24
362 19
77 6
151 19
222 27
478 1
467 14
223 29
109 23
294 6
55 18
201 14
330 5
57 23
442 31
26 14
190 23
472 18
225 11
445 14
201 6
362 8
495 8
128 23
447 13
225 29
374 25
154 27
277 30
9 26
20 3
211 17
273 7
327 21
157 7
295 21
396 16
376 30
92 32
344 22
480 16
242 10
197 27
260 5
308 21
43 19
7 5
387 15
287 5
128 27
335 6
152 22
429 11
471 12
234 7
409 22
234 18
419 30
248 2
255 3
2 1
85 12
253 24
139 16
36 30
482 7
39 25
304 23
12 15
339 13
441 3
162 10
453 32
308 32
462 10
459 23
414 23
323 14
14 29
57 10
78 7
124 28
23 11
286 2
53 20
335 13
75 16
371 11
76 30
78 17
295 12
351 16
431 9
225 16
485 26
197 30
172 8
381 30
99 11
284 11
142 14
496 20
113 14
94 12
247 8
428 17
411 3
100 21
303 28
489 16
105 29
53 20
209 6
174 23
452 17
457 13
426 24
161 26
21 30
78 15
129 1
159 24
487 30
84 14
82 16
281 14
109 9
166 17
266 19
475 29
499 7
162 32
87 10
313 3
279 30
226 12
99 16
151 1
142 14
226 7
306 10
112 10
339 21
434 32
319 32
25 9
42 6
240 4
359 1
439 21
294 24
396 28
399 2
329 20
132 10
466 13
412 14
54 6
206 15
57 9
98 1
193 19
118 25
471 20
189 29
465 22
424 8
78 26
110 14
66 25
311 7
381 10
460 26
175 22
272 20
394 21
16 14
359 26
74 29
461 30
441 21
448 12
341 5
38 6
282 19
394 8
485 2
18 13
59 32
314 2
127 31
402 7
348 28
128 18
293 12
35 17
69 2
449 29
210 2
414 23
292 31
287 12
284 16
276 26
51 25
375 2
499 16
172 3
91 7
472 3
442 2
320 18
192 16
474 9
457 15
244 4
45 30
79 12
389 7
373 27
295 31
468 22
78 3
344 25
493 11
403 27
172 14
148 15
341 26
116 13
360 23
248 21
444 31
436 32
33 5
122 3
259 22
472 17
432 15
357 1
481 3
63 5
333 6
367 13
183 10
174 7
396 9
151 19
451 26
22 11
98 12
162 1
85 5
397 24
152 25
292 12
363 18
136 11
416 3
220 22
40 17
344 12
165 22
274 32
284 16
450 13
291 23
89 27
448 29
94 15
89 10
82 16
443 10
146 18
276 17
12 23
109 3
250 26
53 32
241 8
23 2
216 9
357 1
391 20
493 20
106 18
73 27
385 24
108 26
77 15
99 16
198 11
295 7
332 11
322 28
182 20
318 5
8 22
405 30
329 2
234 10
183 14
472 19
173 8
448 14
314 22
189 27
105 15
162 4
329 7
64 10
31 29
111 22
54 19
140 26
116 5
167 6
382 6
216 23
421 4
156 3
61 32
449 25
179 30
305 7
297 28
221 31
100 31
216 9
49 7
238 5
79 4
166 29
245 2
367 22
249 22
104 29
69 20
178 3
14 18
458 22
53 26
136 4
212 7
156 8
410 13
128 24
500 22
300 24
379 6
113 27
391 4
287 16
120 12
410 9
149 27
442 9
100 17
204 11
483 23
423 4
455 30
232 18
399 15
50 9
401 22
255 15
230 26
102 17
209 16
333 2
434 22
410 30
406 22
344 28
176 26
132 15
372 27
84 10
245 9
47 29
499 21
288 24
46 9
280 19
456 32
464 2
237 29
423 26
190 6
381 30
88 20
496 23
226 11
228 23
416 18
319 18
279 30
345 20
199 16
430 30
235 25
43 3
118 29
316 7
287 16
24 2
208 15
332 17
302 23
107 13
389 26
334 15
383 6
194 29
153 8
87 3
368 25
413 21
298 32
348 24
423 31
309 18
94 16
267 7
254 9
463 14
150 16
12 25
177 30
465 9
181 15
419 4
32 15
89 29
410 20
116 28
158 12
166 31
267 16
497 32
8 23
162 26
458 9
394 26
82 6
314 10
261 12
14 28
266 6
324 7
389 11
359 10
66 16
149 16
307 13
351 22
456 28
175 9
389 32
399 10
426 4
84 26
148 1
181 9
402 12
440 30
146 18
39 11
173 15
394 31
36 8
496 31
108 3
107 8
238 9
317 7
421 4
52 28
348 20
332 9
439 19
242 20
272 13
498 4
23 23
126 22
487 22
252 2
144 27
441 25
215 25
248 15
9 31
54 32
383 14
161 17
212 14
109 4
386 2
279 21
349 9
318 23
230 30
280 21
280 32
457 26
180 12
481 20
207 18
100 29
123 28
113 31
13 17
170 3
31 8
307 11
56 32
417 13
45 24
213 20
119 14
170 14
77 22
190 3
387 21
75 6
48 12
196 24
260 5
458 14
16 16
372 28
92 24
60 12
335 9
312 5
146 13
251 14
334 20
357 8
80 15
81 23
470 16
38 22
344 8
223 32
315 27
283 6
234 2
394 1
318 17
21 31
241 23
389 30
414 29
145 17
379 18
471 5
205 21
282 21
208 28
112 18
302 14
280 8
291 9
456 25
433 12
275 21
451 3
246 12
111 22
61 10
319 3
190 8
243 7
276 18
30 15
324 24
132 27
219 10
479 6
382 27
353 25
83 19
23 32
19 26
69 27
123 28
461 16
263 20
338 30
357 23
276 8
50 7
134 12
32 4
145 18
22 2
274 12
300 4
283 18
281 32
100 31
91 9
418 29
468 3
94 32
326 5
356 7
331 9
347 26
101 3
479 10
488 20
78 24
252 32
161 20
63 21
287 25
377 32
209 24
15 14
19 28
374 30
66 28
215 20
418 19
403 32
140 26
352 17
233 11
429 26
486 15
358 16
496 10
180 28
429 18
210 23
385 27
25 14
139 27
362 12
257 24
303 8
209 30
317 2
108 9
187 6
87 8
217 30
129 4
490 17
441 3
59 1
281 27
275 19
25 16
326 1
103 9
381 23
134 1
104 14
441 18
335 31
389 7
461 9
299 22
277 31
148 32
416 20
270 14
51 15
29 4
427 3
356 23
145 18
355 17
83 31
242 17
174 27
171 26
351 1
435 28
60 6
315 31
65 20
16 31
82 8
343 17
26 14
167 2
391 30
122 29
168 20
93 25
198 4
326 16
84 32
27 3
45 5
469 30
481 12
428 26
379 30
70 28
172 17
278 10
462 15
239 9
114 19
322 15
446 19
211 26
111 9
376 23
134 29
468 6
32 16
175 27
17 9
18 24
37 19
454 6
46 8
478 3
226 15
26 16
298 16
405 20
176 4
414 5
476 30
274 8
277 9
270 25
249 23
185 9
286 18
134 11
33 27
193 18
410 30
133 11
305 9
466 5
169 7
493 12
112 19
3 16
271 20
33 11
263 25
155 20
58 32
230 2
398 10
199 3
344 20
217 20
220 10
184 8
413 1
384 20
147 6
264 13
362 12
287 4
216 9
23 13
80 20
214 1
229 32
340 4
447 16
424 15
442 15
406 10
135 9
229 1
379 32
401 8
491 3
215 14
183 1
330 18
44 7
443 16
159 22
48 25
41 11
123 30
429 29
39 8
21 4
400 19
111 21
138 14
43 4
159 2
144 21
339 23
235 5
163 1
266 26
202 31
32 32
492 28
56 3
79 1
150 11
475 8
483 13
65 21
168 16
250 20
416 9
202 30
73 16
247 7
425 24
349 12
475 32
120 19
74 10
107 7
380 5
187 18
45 3
387 1
178 28
228 21
76 29
447 17
145 17
191 21
344 27
229 30
82 8
200 28
249 2
82 5
91 16
490 23
223 28
51 4
216 10
197 27
411 11
143 19
391 1
327 2
371 7
255 21
254 15
312 31
464 17
131 22
217 24
41 19
200 3
42 11
73 14
57 19
84 16
93 18
32 11
59 11
326 18
411 31
472 14
433 15
318 31
489 30
387 17
176 10
323 6
204 31
159 24
433 11
311 21
420 23
296 15
301 17
496 31
199 31
136 12
401 9
398 17
191 32
121 22
73 20

