256
266 13
417 12
58 22
6 30
14 1
438 17
496 31
1 17
428 14
305 6
186 17
465 15
118 1
493 23
169 8
406 14
380 22
389 10
268 31
499 25
371 12
441 14
471 25
419 22
411 31
51 24
271 15
98 28
299 14
466 15
461 32
253 9
193 21
334 32
239 24
296 17
471 32
179 13
29 29
191 31
171 29
238 9
108 27
180 26
128 22
77 28
221 5
132 9
173 21
77 12
148 32
224 15
312 26
411 24
350 29
130 16
194 11
164 5
405 28
410 12
193 6
119 5
18 11
177 3
67 21
306 11
329 9
185 20
283 19
331 24
48 32
4 9
30 31
393 14
362 10
465 10
140 31
318 25
37 27
199 8
451 8
170 3
385 10
270 19
300 32
150 11
263 17
87 8
172 31
225 9
281 13
439 24
124 32
428 20
102 11
115 9
334 12
35 2
341 1
88 17
108 30
339 31
242 14
162 29
256 27
298 20
427 24
159 18
343 27
414 17
269 32
201 22
16 3
24 32
391 11
348 3
52 11
369 22
316 6
58 3
268 23
311 7
90 1
96 5
259 29
81 31
389 13
333 8
15 12
463 18
170 23
256 30
201 20
367 24
5 4
290 25
279 16
467 8
421 22
4 11
423 32
410 15
216 30
270 27
301 28
488 30
246 31
395 18
218 13
165 10
185 3
198 11
406 32
34 2
430 30
209 8
473 22
366 9
63 11
271 27
218 14
36 24
204 19
113 29
191 18
346 15
84 8
41 5
411 11
19 28
316 19
43 4
48 24
180 26
394 14
176 8
411 11
427 6
141 7
238 28
20 8
410 11
331 3
296 21
229 22
433 20
392 19
35 15
235 3
252 12
16 27
443 11
489 17
244 2
112 18
313 15
269 6
86 7
376 9
191 20
194 11
499 5
450 30
227 8
248 26
15 15
256 6
393 24
30 9
225 13
470 21
272 18
315 21
188 2
89 18
146 26
353 28
422 26
29 16
41 24
329 19
243 28
216 31
31 14
123 12
386 32
348 21
329 26
69 8
352 5
246 17
142 22
492 27
455 5
414 15
148 18
401 2
29 25
229 32
214 7
19 31
295 10
460 23
28 28
343 31
37 24
79 30
241 26
297 27
442 2
393 26
156 9
35 32
113 27
447 6
318 9
277 8
331 24
438 22
115 28
292 19
71 2
385 31
143 9
209 25
242 1
378 29
246 12
285 10
379 27
36 8
196 20
159 22
399 12
439 29
228 30
368 26
451 32
313 25
284 17
29 17
474 2
126 27
22 10
280 20
140 19
447 7
478 9
416 16
52 6
93 27
83 28
281 1
63 13
478 2
317 10
426 14
116 31
212 25
164 12
240 12
10 6
342 4
142 14
67 1
463 31
176 22
118 16
282 20
252 15
81 24
321 7
210 4
261 13
276 13
116 7
432 22
404 9
317 25
234 11
441 9
42 20
94 3
275 19
395 30
338 11
94 26
185 27
445 22
427 24
222 31
86 25
372 9
129 12
237 23
422 25
59 31
145 28
326 15
230 24
445 15
46 2
428 19
44 4
28 2
443 9
216 24
105 19
220 1
126 32
447 20
485 21
362 5
212 19
399 30
258 31
212 12
84 20
386 27
363 5
301 18
365 28
389 13
103 9
405 12
416 4
127 32
60 17
380 8
27 23
65 13
325 16
440 21
267 21
387 26
441 11
139 5
55 19
125 21
487 29
236 3
232 31
6 24
55 6
415 17
368 3
69 16
106 20
452 21
36 19
354 32
229 24
280 3
18 20
291 5
285 23
111 16
93 8
159 3
205 5
431 8
403 16
116 25
359 27
85 11
109 26
222 10
281 14
120 26
257 3
6 17
141 4
409 13
84 7
231 24
344 1
64 18
364 23
458 19
97 22
321 30
183 6
395 31
43 18
465 20
128 22
44 12
290 4
352 5
223 6
364 22
299 27
163 22
457 17
88 2
366 4
463 21
450 5
363 28
426 11
347 10
353 19
25 26
194 13
218 32
14 25
481 24
360 28
326 4
468 21
73 17
321 3
233 2
447 24
317 29
126 12
130 2
406 26
471 19
382 24
15 24
473 7
59 4
342 28
351 13
297 12
494 9
14 2
442 21
25 6
185 27
421 22
332 14
467 23
277 21
194 19
448 30
489 26
349 27
242 8
343 6
179 4
210 32
266 23
152 30
408 4
144 13
149 20
358 8
130 26
168 23
276 7
341 5
324 21
151 21
444 5
158 14
181 7
314 14
369 1
439 25
153 3
309 29
410 30
120 31
152 31
213 3
105 9
247 5
298 5
197 25
242 19
363 18
73 20
71 22
492 9
422 24
443 18
297 32
99 24
242 6
407 19
381 27
63 15
291 24
228 24
101 29
46 23
94 2
342 12
411 29
376 4
329 31
413 9
22 4
244 28
113 22
422 17
13 8
176 15
196 19
142 16
223 15
462 28
157 15
331 7
487 26
103 31
376 31
291 22
230 7
13 11
36 30
391 12
121 26
203 4
468 32
463 26
235 24
357 31
78 27
161 17
393 15
231 12
482 22
17 15
260 17
257 23
166 20
47 19
213 29
102 25
296 9
74 10
192 7
272 6
469 13
186 21
399 4
481 8
289 1
295 20
230 15
47 31
402 13
181 15
341 7
499 4
51 24
18 14
206 21
363 31
73 8
387 28
316 19
55 4
68 25
356 5
456 2
191 9
346 20
323 22
210 29
25 8
97 6
205 18
183 8
328 27
319 3
430 26
285 25
442 8
389 21
500 24
402 15
53 3
266 23
284 27
48 16
86 8
350 22
149 16
209 9
138 12
247 32
365 31
256 2
87 8
306 18
340 11
128 32
453 1
118 4
219 9
44 28
364 9
446 9
276 14
193 1
33 27
184 30
173 23
55 31
287 21
197 30
67 16
369 12
69 18
107 11
355 2
295 10
394 24
434 1
245 2
286 30
268 1
379 21
112 25
51 22
145 3
375 12
275 15
435 3
284 5
333 26
43 19
60 16
218 21
309 15
471 18
296 18
414 6
30 9
458 25
274 11
31 16
370 13
446 12
351 30
196 28
219 22
162 26
378 24
123 22
46 5
131 17
182 24
366 28
273 19
496 30
481 14
398 18
35 11
357 9
276 13
420 31
494 18
476 7
165 6
408 14
394 2
254 32
434 19
491 26
497 14
455 2
215 4
31 21
399 16
338 22
292 1
372 29
42 12
360 26
149 31
119 27
9 4
470 26
194 20
351 27
297 9
20 27
361 14
464 27
289 13
136 24
409 4
69 31
59 24
8 31
398 31
101 22
202 18
51 24
29 1
438 5
58 13
40 22
210 15
28 23
7 31
282 7
22 2
69 16
481 29
491 15
55 7
488 28
161 19
3 29
291 4
70 28
100 1
117 10
315 32
12 9
159 13
439 32
495 20
464 7
436 30
409 10
44 25
97 28
287 24
449 29
243 26
129 11
478 9
356 8
93 19
464 7
11 30
134 13
113 21
184 32
402 8
389 22
340 14
205 10
289 9
259 31
22 31
429 27
335 28
142 15
2 17
381 13
211 27
369 31
463 12
223 1
496 7
366 19
300 6
165 24
75 3
175 16
161 31
447 7
239 12
274 8
45 10
104 11
20 13
281 19
228 7
403 11
318 8
262 1
41 26
409 27
52 15
63 28
37 21
58 7
448 23
367 28
189 2
302 4
294 15
246 6
289 8
300 2
119 13
427 28
190 27
126 1
121 32
452 21
48 30
284 20
44 10
43 20
119 21
144 25
131 13
490 23
389 13
377 3
202 27
166 31
341 20
132 29
331 27
469 7
296 12
430 12
253 8
275 32
168 22
488 30
11 21
217 23
117 13
257 26
99 23
61 27
66 24
251 28
478 7
478 10
323 27
169 7
379 19
298 30
65 29
344 11
465 16
325 18
208 25
251 2
355 3
96 24
354 18
168 12
268 21
309 10
404 9
369 18
271 22
31 3
7 10
261 3
489 13
404 20
166 31
353 20
317 16
292 27
349 31
206 25
307 26
262 2
490 18
47 28
500 2
447 26
155 11
328 4
292 16
191 29
442 12
328 14
47 27
132 28
429 13
364 12
202 21
297 7
107 32
155 14
273 1
463 11
159 2
274 2
77 5
110 30
64 14
128 10
408 19
5 1
448 24
424 5
345 24
44 19
267 14
408 23
298 6
170 24
215 15
110 24
463 23
161 2
360 32
136 12
103 16
456 18
212 23
402 20
302 1
358 5
142 5
311 27
338 28
99 16
479 12
47 29
130 28
467 6
199 10
109 13
445 28
202 32
294 20
63 31
400 24
367 2
36 30
184 5
9 14
277 3
193 27
280 27
382 30
16 17
51 16
233 31
39 27
355 28
242 17
130 1
337 29
34 4
26 30
245 18
203 29
373 4
195 20
274 13
101 29
9 23
264 25
349 22
379 19
337 32
120 10
465 12
314 2
179 31
419 23
225 10
147 5
221 10
452 10
270 8
134 18
54 17
370 18
50 29
309 22
72 8
203 28
235 5
386 1
355 28
40 19
277 10
27 17
379 14
194 8
381 31
277 18
427 3
40 20
99 8
65 26
127 8
58 1
284 19
329 14
450 24
421 19
406 23
427 20
129 29
284 25
151 20
147 10
58 14
405 20
385 6
30 3
89 3
75 24
233 3
213 2
123 5
112 28
284 23
163 32
363 10
420 13
6 2
294 19
103 19
423 3
372 20
201 4
390 7
183 10
382 31
7 4
232 31
235 31
361 13
426 7
195 21
291 20
115 9
466 5
135 12
408 18
339 12
317 20
87 15
53 28
97 8
175 16
382 29
194 26
157 11
168 31
168 18
254 22
42 24
350 20
459 1
33 2
69 25
229 31
51 18
326 20
45 24
327 30
112 17
19 28
343 22
323 26
495 12
495 1
147 9
268 6
305 25
107 21
353 27
231 24
320 12
403 4
259 13
141 22
453 23
342 24
48 12
9 19
443 32
283 26
52 6
47 16
202 5
433 15
191 23
310 11
71 16
78 5
292 15
403 25
81 12
392 17
111 32
375 13
255 21
494 6
58 4
14 24
248 26
18 7
108 11
153 18
38 30
211 21
4 17
425 17
412 28
417 18
68 3
426 26
299 4
480 16
163 21
171 15
438 12
201 29
14 5
279 15
138 5
84 14
305 16
430 16
176 30
89 7
340 30
64 22
137 31
197 8
387 12
414 32
407 10
73 13
22 11
175 15
43 30
152 3
118 25
414 25
130 18
35 21
219 30
310 16
345 15
359 15
226 12
407 16
89 11
256 2
33 23
120 3
40 12
273 1
408 22
301 26
391 23
210 21
137 24
168 17
378 26
211 31
353 13
438 25
299 10
254 11
476 10
257 19
349 17
376 24
418 12
497 12
215 31
473 23
226 4
183 27
222 5
409 2
362 6
367 8
391 20
343 14
345 31
85 17
332 20
153 21
339 25
261 1
207 1
255 12
224 29
238 1
182 30
371 19
344 29
406 18
356 12
452 13
51 32
97 26
347 5
334 17
102 14
90 20
178 8
296 18
485 5
50 6
383 20
264 6
8 17
459 32
121 22
268 7
297 8
256 7
317 13
180 10
35 9
281 8
316 28
169 20
313 11
169 3
490 16
272 14
453 30
213 29
344 24
299 8
195 2
135 11
346 6
484 8
286 17
296 29
44 8
105 12
34 9
402 16
57 21
21 25
107 9
137 6
212 23
89 30
340 27
121 5
240 28
269 13
220 28
182 24
379 26
471 21
262 17
288 26
249 32
30 23
392 6
156 7
452 9
212 19
171 12
328 3
140 4
139 19
11 24
474 1
309 13
5 19
21 24
240 1
303 30
476 30
139 19
500 31
227 8
233 30
99 8
160 26
7 14
449 9
322 22
258 22
70 30
200 30
258 20
211 12
265 22
106 19
20 13
345 3
20 2
496 7
489 31
208 20
156 12
364 17
282 5
459 3
87 14
293 24
301 31
255 17
392 12
172 27
169 20
157 12
297 28
158 30
10 18
133 6
373 12
346 30
321 28
357 19
166 1
102 10
3 12
235 18
272 30
304 16
125 9
331 6
316 13
59 30
58 19
47 26
390 24
288 14
48 24
468 29
144 9
382 22
277 32
391 12
373 18
191 14
358 21
271 30
361 21
203 30
223 29
52 4
140 15
174 7
186 17
103 29
210 9
326 14
304 24
237 5
113 19
378 3
299 4
496 8
328 26
281 30
446 28
13 9
22 18
328 15
327 18
387 28
118 28
77 2
483 1
450 28
91 23
66 25
326 29
400 17
110 5
54 11
364 14
343 10
104 2
296 2
452 3
21 13
98 5
194 17
261 19
28 23
173 9
443 2
357 15
2 26
227 31
372 18
325 22
179 12
88 19
61 11
9 9
311 18
29 5
390 17
499 13
195 32
361 21
21 25
183 19
34 21
133 21
203 29
175 1
236 2
207 20
152 7
80 2
25 8
318 26
100 29
183 30
340 27
135 28
464 21
438 5
430 31
458 16
27 4
364 3
393 3
114 16
137 18
357 1
153 23
427 17
343 1
102 14
3 32
245 14
257 23
167 30
105 12
21 15
107 28
449 19
306 7
246 7
256 18
103 16
128 1
216 26
489 14
3 28
405 16
161 1
486 27
198 26
302 10
424 20
454 25
110 3
287 7
201 22
309 16
5 32
184 5
406 17
38 32
16 30
211 20
455 20
355 28
137 20
222 21
268 11
137 13
433 11
84 22
168 12
141 4
179 20
392 4
348 25
48 15
75 18
243 21
306 17
32 18
308 21
206 11
279 18
156 12
116 11
49 27
334 5
307 32
364 6
448 28
183 7
278 21
104 12
137 29
172 24
55 32
125 20
258 11
306 1
318 1
355 22
408 32
54 26
52 18
115 3
481 29
197 22
405 32
334 25
413 29
265 11
336 29
430 6
347 3
358 29
8 17
382 31
252 12
480 15
205 22
153 9
95 25
498 3
353 31
244 21
188 12
435 23
100 28
468 14
99 2
462 2
390 28
372 1
131 23
296 3
148 32
223 30
1 8
93 17
403 28
321 2
47 3
316 14
118 20
295 28
461 5
25 6
452 28
194 6
450 21
120 30
141 18
191 13
265 27
197 31
322 1
460 28
123 24
217 32
411 4
160 31
472 24
424 7
432 9
208 5
458 19
330 18
20 29
90 28
155 26
303 13
154 26
48 28
389 17
219 27
480 22
21 27
414 28
225 1
413 12
77 2
110 7
319 1
279 16
116 25
45 22
465 2
384 13
177 32
129 23
71 16
125 19
410 26
387 10
86 19
269 30
372 18
272 6
62 6
449 13
187 29
447 3
246 18
15 26
453 11
168 11
454 28
466 3
181 12
200 14
354 32
132 17
49 15
266 2
305 10
139 19
410 17
345 3
118 4
428 18
206 11
445 8
239 26
374 27
465 22
389 2
393 20
394 6
274 7
403 22
224 21
272 21
477 29
139 6
180 18
164 13
12 20
396 2
369 30
373 17
343 5
354 7
132 3
380 25
109 19
335 24
175 22
168 12
426 2
245 17
75 8
342 14
219 17
188 7
358 12
123 32
172 8
139 7
426 18
59 18
152 13
217 11
203 20
330 20
393 6
85 7
186 2
405 8
366 4
195 32
355 5
275 30
145 5
32 22
283 2
456 26
187 16
464 17
260 25
368 24
219 8
471 12
81 19
11 27
22 1
22 4
22 24
105 18
61 4
439 19
429 14
480 19
270 16
207 1
88 7
32 6
230 22
413 23
80 4
109 29
480 10
180 9
277 32
370 29
123 1
31 8
406 27
370 11
306 29
55 17
3 3
255 16
292 7
394 32
294 22
176 14
335 28
126 32
343 16
300 30
8 11
221 29
193 30
292 14
166 18
94 28
488 20
400 12
367 17
355 4
499 6
285 5
89 7
296 28
110 32
249 5
278 29
233 14
58 8
319 20
426 24
243 13
112 26
44 6
139 2
489 17
280 26
173 8
388 25
299 21
268 27
113 1
367 25
366 17
73 8
352 26
447 18
262 10
440 30
239 22
203 24
418 6
205 26
350 16
114 16
88 9
399 28
129 1
248 22
245 20
381 20
21 28
246 19
89 17
440 20
466 14
407 11
476 27
28 1
54 22
28 13
374 26
396 7
247 27
348 11
167 25
291 27
408 4
173 24
72 28
175 25
106 21
123 29
247 6
461 24
291 12
144 25
266 11
19 32
386 26
354 20
94 8
442 5
31 27
201 30
78 7
342 31
12 24
467 10
114 23
410 24
267 5
272 8
296 14
247 21
156 16
84 25
448 21
306 2
491 26
284 5
84 21
103 27
441 30
205 10
200 6
161 22
18 17
201 25
74 3
345 5
103 20
182 10
453 27
231 23
344 10
363 19
343 30
226 11
91 18
40 14
395 20
460 32
336 32
429 2
311 5
490 21
201 3
314 1
9 8
299 16
262 18
483 16
183 16
90 9
489 13
414 23
32 25
146 4
385 14
277 27
199 10
107 11
289 12
107 9
315 1
353 4
270 27
235 32
394 12
428 10
156 30
264 24
418 21
407 14
187 31
348 21
152 22
135 20
77 9
441 20
497 21
23 27
479 10
274 24
433 2
253 13
247 32
128 20
276 30
170 22
420 9
198 3
27 8
363 31
424 19
50 25
447 9
243 21
330 12
148 6
421 12
202 11
415 21
35 30
214 32
356 13
424 29
204 6
237 6
257 20
72 22
136 30
378 30
146 15
246 29
173 22
44 6
185 18
55 31
351 12
126 2
253 5
111 8
203 3
225 15
210 4
116 2
17 2
75 18
256 8
158 4
190 21
6 30
10 4
296 20
31 25
270 7
173 20
90 7
430 26
185 11
313 25
188 29
350 11
46 9
286 27
385 15
403 22
200 20
153 7
124 7
267 29
170 28
124 27
166 5
277 23
43 17
207 27
474 8
197 27
12 22
222 28
309 4
489 16
36 9
355 31
28 21
403 29
264 10
159 18
430 11
336 28
228 22
406 9
449 26
219 12
288 24
208 20
416 24
307 19
189 25
313 16
338 11
264 29
92 2
234 1
209 21
196 8
462 18
488 6
55 18
222 26
350 25
141 5
476 16
419 16
312 7
231 21
149 10
250 4
120 31
464 24
404 31
115 29
112 14
127 27
11 20
212 8
128 1
328 27
152 2
471 23
328 9
112 24
399 29
419 30
47 30
49 14
393 19
19 12

