256
262 16
426 16
271 30
19 24
241 28
164 13
259 6
229 2
471 7
228 27
329 5
127 11
458 15
459 12
358 15
275 7
3 8
51 9
85 17
344 29
176 31
450 18
432 14
283 3
420 6
425 4
399 15
298 16
406 12
343 3
243 9
233 25
168 31
73 20
351 1
281 26
275 26
312 3
407 30
313 26
308 1
277 14
492 11
265 13
34 23
11 16
75 23
224 14
378 9
345 4
417 17
106 7
354 9
101 16
214 13
141 9
354 6
78 29
196 18
445 5
300 23
209 6
49 28
467 2
432 20
6 12
288 3
243 14
231 27
105 16
460 6
317 21
367 14
9 26
88 25
494 7
111 18
113 27
338 31
437 17
242 2
321 22
256 15
375 14
109 31
133 16
428 21
232 14
343 20
207 2
248 5
20 26
254 20
369 3
415 17
212 4
450 16
37 21
446 27
394 6
94 30
474 29
327 25
167 21
1 17
302 24
73 29
106 11
305 6
269 3
130 32
226 7
363 31
339 12
377 28
214 18
109 7
343 11
447 25
307 11
233 20
195 30
429 20
336 1
477 20
155 14
436 8
388 2
346 14
458 31
309 31
396 1
61 30
56 3
98 10
454 31
322 16
340 14
3 3
186 27
130 16
436 9
71 27
215 29
400 24
491 16
46 10
328 26
476 27
464 29
97 9
107 2
268 22
19 26
120 28
100 14
395 27
166 1
209 32
85 28
255 23
167 12
313 27
257 8
229 1
64 25
489 31
242 1
116 8
230 12
167 14
189 13
216 14
230 29
290 10
236 4
241 3
196 1
249 20
44 17
24 11
154 29
129 3
473 29
359 22
184 13
383 32
438 11
429 7
227 26
184 30
114 16
216 13
180 28
464 23
293 20
34 22
204 10
192 12
110 2
81 13
427 4
368 8
266 25
86 20
366 29
305 15
45 17
491 28
336 27
151 24
294 20
425 29
49 5
376 3
370 8
303 20
123 27
215 24
319 8
231 4
421 28
367 17
260 13
392 23
311 30
427 20
281 27
304 14
23 23
340 5
339 30
392 9
16 19
53 10
258 11
222 30
22 32
346 17
444 26
80 19
483 22
62 8
412 22
445 15
248 4
31 10
129 10
251 25
232 19
182 22
289 15
371 3
194 1
295 26
158 26
96 16
83 17
255 31
226 11
133 18
334 31
115 15
288 13
163 4
371 8
65 28
451 11
470 4
355 16
133 4
490 8
4 24
89 10
270 30
309 2
491 2
268 10
308 8
322 22
279 21
166 3
204 20
481 13
111 24
288 20
199 5
323 14
405 19
460 18
77 12
280 31
113 19
172 29
158 30
94 4
390 15
482 1
226 19
117 25
150 8
432 4
385 6
402 9
17 9
166 9
332 13
11 32
196 15
68 25
380 14
493 29
272 2
361 30
288 9
38 29
232 1
137 28
426 18
108 30
454 30
386 13
70 13
432 9
431 8
322 6
365 30
78 16
139 30
337 19
266 2
215 21
194 15
465 8
92 20
413 25
197 11
33 27
47 17
87 17
168 4
286 12
73 23
19 32
4 8
490 25
81 32
265 11
259 29
246 14
153 22
247 1
160 11
319 22
447 30
34 18
165 27
145 2
385 24
153 4
19 18
8 7
197 9
77 31
353 2
157 21
184 19
58 23
385 16
253 24
133 18
297 14
309 6
387 29
105 15
285 27
384 28
425 16
416 18
387 9
27 27
477 10
1 18
257 9
262 13
68 14
146 9
43 10
158 9
351 10
171 7
88 22
278 4
486 6
217 20
314 8
118 10
453 26
28 17
354 29
69 2
34 27
490 5
20 23
357 10
260 4
208 3
433 18
62 30
31 27
141 4
22 30
337 18
79 8
387 25
4 31
58 14
21 3
466 29
397 30
114 24
53 22
206 26
159 31
403 29
397 8
88 26
5 12
96 28
140 14
220 23
140 13
384 5
27 21
405 7
375 6
282 19
191 23
264 1
457 3
93 14
414 28
475 14
456 18
205 27
255 28
441 11
52 21
407 22
377 15
352 27
32 25
382 15
323 25
275 4
15 12
337 4
399 23
50 14
85 26
300 7
30 25
437 29
269 31
363 21
357 14
452 1
51 29
463 21
181 29
4 16
308 8
475 15
3 4
412 7
130 4
129 19
156 30
295 8
260 1
124 9
223 11
357 21
259 23
349 28
407 1
487 27
396 29
273 6
337 4
336 30
99 25
180 2
382 30
233 17
483 5
109 13
431 1
181 22
135 9
333 10
85 27
108 17
131 12
82 23
119 2
136 22
86 3
175 15
141 32
459 31
264 24
179 18
384 11
439 15
91 23
412 28
441 27
360 8
102 1
390 20
62 18
289 27
44 32
113 20
223 8
306 2
491 28
235 22
46 26
244 25
444 27
16 1
25 31
308 26
167 5
198 1
426 22
227 10
5 4
5 19
115 15
416 9
498 7
182 16
176 2
384 15
432 27
207 17
477 22
286 23
415 23
75 16
173 18
13 1
345 22
256 31
32 7
415 13
25 4
128 12
225 3
23 1
113 9
465 21
447 26
84 25
85 2
404 29
311 1
137 7
286 16
465 25
119 11
401 3
179 1
47 19
391 9
59 32
149 3
444 15
477 31
307 13
389 15
21 19
479 5
58 4
105 30
136 11
105 32
217 23
416 27
185 3
183 28
14 20
470 21
130 26
188 9
210 20
351 14
330 5
91 31
296 7
261 3
269 5
318 29
499 2
248 3
392 26
278 5
465 28
65 15
397 12
235 27
31 13
188 5
265 26
99 24
176 31
342 16
75 27
429 29
244 4
108 31
161 29
243 10
336 28
424 13
263 14
191 6
446 14
358 10
212 12
473 7
167 26
183 13
324 3
18 16
342 9
406 2
213 17
479 29
160 2
485 18
115 15
419 8
256 32
325 3
84 17
206 22
314 32
46 30
202 11
409 7
391 26
44 24
314 19
4 21
480 28
99 3
366 29
358 5
145 27
292 8
331 17
181 21
88 30
134 17
493 30
183 27
355 30
338 1
452 5
345 4
32 27
230 9
312 15
222 20
269 21
387 20
361 23
96 20
496 25
88 28
270 26
223 12
347 8
496 7
457 1
286 12
283 15
89 18
101 2
253 6
322 31
25 26
409 32
481 9
348 16
244 13
189 26
444 31
82 4
389 14
132 14
377 30
188 13
212 25
126 20
214 3
307 22
332 7
209 8
119 12
231 19
376 31
384 15
158 13
462 2
354 21
72 19
63 11
399 2
251 13
441 32
175 7
53 11
462 9
318 28
168 9
498 11
171 26
66 4
198 11
78 32
324 21
486 18
259 16
363 2
260 7
325 11
402 22
293 27
342 6
146 18
362 4
256 21
377 21
64 2
52 29
477 31
141 18
316 16
198 2
409 29
332 17
95 21
166 27
299 4
201 5
369 14
292 16
150 4
1 26
93 4
58 6
482 7
87 17
98 24
474 6
445 25
442 27
390 28
130 28
115 22
336 19
447 7
162 5
294 6
14 15
65 19
12 10
269 10
342 14
234 11
223 22
324 9
420 17
272 5
104 2
82 12
424 29
66 21
477 28
451 30
302 3
412 29
413 9
262 6
46 7
125 9
376 20
285 12
364 20
196 15
497 10
258 8
10 12
208 6
387 22
179 16
25 18
352 5
270 17
394 16
164 26
288 19
317 8
186 16
479 14
351 15
363 24
246 28
283 17
61 9
463 3
60 31
180 3
275 14
80 12
469 11
390 20
133 18
179 27
90 21
404 32
483 30
399 24
341 26
32 25
406 14
491 26
332 14
228 14
323 15
478 23
401 31
398 22
276 4
204 17
84 23
8 26
76 7
145 12
292 25
168 1
374 30
14 18
31 22
163 6
252 24
348 29
358 6
390 6
25 1
202 1
51 6
378 10
320 11
393 11
403 24
11 8
273 5
481 31
470 24
360 29
135 32
77 5
157 10
478 13
410 31
493 32
92 7
289 15
245 29
77 19
296 4
422 8
316 19
223 1
250 10
209 24
493 22
228 13
455 5
34 9
88 6
28 7
248 17
146 28
201 14
138 1
161 8
64 24
18 14
464 3
72 21
2 32
162 22
417 8
138 6
332 29
179 24
108 23
176 25
418 20
474 32
224 23
171 28
462 32
425 6
158 32
450 27
264 3
92 12
78 10
481 26
306 27
269 9
437 24
17 3
23 7
466 31
329 8
386 10
27 2
419 8
158 8
194 1
182 18
452 20
367 28
21 32
294 29
289 7
436 9
289 30
499 10
56 11
241 21
321 23
103 3
302 24
311 31
32 20
484 3
103 10
118 19
226 19
263 18
345 2
374 1
8 9
238 27
403 26
356 7
300 6
166 13
421 20
300 20
23 27
286 14
485 19
100 14
17 15
279 30
264 24
346 15
376 8
38 19
117 25
205 17
54 2
369 26
401 8
425 28
303 2
401 7
316 8
200 24
66 18
45 6
333 19
304 9
30 29
191 26
85 19
414 18
117 7
111 9
450 23
292 16
448 12
390 11
396 9
299 9
122 23
494 3
289 2
367 2
138 5
316 19
451 5
212 11
363 15
288 25
209 23
416 29
475 30
475 22
450 9
182 32
172 12
378 8
473 12
130 10
152 5
36 6
25 32
225 20
422 4
52 18
294 19
342 28
476 21
137 22
293 15
201 28
346 22
424 6
25 13
483 16
349 11
129 25
470 5
112 23
216 23
224 2
482 22
129 25
234 14
438 6
288 2
490 21
67 5
6 23
169 8
118 1
210 27
93 27
451 5
69 7
219 25
380 4
210 4
213 23
477 10
468 12
288 29
452 2
73 25
149 17
297 30
109 18
364 10
185 23
258 29
185 8
249 4
380 2
275 8
252 24
241 20
219 28
380 3
86 17
127 22
193 27
499 18
281 11
355 25
381 8
273 29
87 10
332 26
331 6
409 3
209 18
6 32
381 5
450 10
337 28
51 22
203 18
183 3
116 1
3 28
500 15
264 22
148 23
404 3
52 16
265 25
165 26
392 14
154 25
215 19
268 22
224 10
19 14
156 2
294 6
333 21
285 20
230 12
394 25
262 5
1 18
409 9
147 20
62 9
140 13
495 32
394 2
81 8
475 21
249 28
98 5
264 14
232 25
314 1
182 7
421 26
453 2
198 3
481 24
251 1
240 5
84 5
314 8
100 20
104 20
111 22
132 30
83 15
423 28
191 8
175 19
137 27
144 2
429 9
297 8
449 28
128 8
224 18
399 11
285 11
22 20
56 21
473 2
219 7
90 17
350 32
372 14
94 23
172 22
343 8
405 7
60 9
26 3
30 29
458 30
131 11
61 6
336 2
27 2
280 4
167 22
83 22
467 28
256 18
50 11
310 14
93 29
190 31
355 15
247 12
385 1
495 29
266 22
182 12
87 6
112 9
443 18
494 29
222 10
399 31
52 8
428 4
132 2
466 2
40 28
150 28
292 4
73 1
325 22
53 15
67 28
368 21
61 21
270 26
314 32
256 17
79 4
213 10
5 22
47 20
242 24
172 13
191 8
294 19
201 26
130 24
213 25
480 1
61 29
407 11
120 18
443 2
49 15
259 25
333 22
301 22
205 28
162 8
271 15
114 31
152 27
442 28
443 2
341 32
22 23
230 26
260 4
191 29
179 6
65 23
459 1
288 7
392 13
410 30
256 8
485 3
470 18
475 21
347 27
268 17
61 29
362 24
372 4
184 18
57 9
412 3
317 19
30 5
352 23
222 27
166 30
365 32
484 27
400 2
153 7
50 5
367 27
89 2
19 16
288 7
372 27
442 1
102 19
249 13
113 6
411 7
28 3
118 19
466 25
192 18
387 6
387 1
208 19
342 30
98 21
153 26
32 14
214 29
416 30
437 8
135 15
158 6
473 19
376 14
495 12
408 9
13 22
485 16
120 11
298 9
159 18
242 14
395 27
26 30
268 18
189 27
160 19
416 17
325 24
422 16
211 29
52 19
474 1
146 25
419 15
366 9
96 3
471 30
414 32
151 21
162 32
435 17
390 15
305 22
346 31
237 8
407 29
482 13
29 27
177 7
422 6
227 9
1 5
211 6
397 1
446 22
404 9
230 17
435 7
211 28
113 11
187 31
439 28
251 3
146 16
117 31
321 24
288 29
244 14
438 32
62 28
401 14
320 27
462 26
369 4
385 5
323 23
499 21
90 14
80 7
381 32
6 17
391 13
78 19
142 15
330 7
102 7
168 13
65 18
26 1
5 26
265 3
332 7
88 1
216 15
360 16
214 13
1 5
9 14
295 18
444 8
352 6
206 12
318 14
353 24
406 17
457 18
36 1
137 11
413 12
493 8
300 6
340 28
14 12
229 32
201 4
432 21
421 21
276 27
111 28
286 16
188 2
38 31
382 26
401 3
377 1
270 32
451 30
179 16
13 3
272 6
283 23
266 15
43 25
441 13
372 26
169 31
320 30
338 29
231 6
347 27
131 9
135 13
430 21
396 14
424 11
155 30
221 12
408 12
164 21
268 23
278 20
298 9
345 19
298 7
224 4
182 30
112 28
138 17
332 6
483 7
52 17
312 17
261 16
240 32
420 19
163 17
147 12
294 23
298 31
418 21
86 31
79 14
118 28
238 9
101 28
408 17
61 19
129 9
438 28
96 5
226 30
406 20
421 15
215 6
493 8
443 14
82 13
127 31
440 25
351 9
288 22
45 32
477 25
372 10
40 16
123 1
429 4
489 22
430 31
419 30
334 21
351 11
233 6
317 9
194 15
65 17
277 9
181 13
133 24
18 20
371 4
140 20
371 8
1 24
182 3
73 11
484 32
133 24
401 29
92 2
468 16
426 16
468 2
496 24
362 17
475 32
357 31
383 27
94 27
379 12
358 7
142 21
226 11
260 10
75 12
423 18
359 29
285 19
306 28
130 23
497 21
251 1
71 9
431 24
72 13
291 1
464 25
121 25
411 32
19 9
83 13
379 6
289 27
472 7
499 1
465 3
57 19
199 7
404 29
143 31
142 1
107 29
217 19
145 27
458 23
316 29
456 30
186 12
60 25
42 14
109 15
52 14
277 18
144 28
83 18
358 24
219 24
32 11
42 8
266 28
43 9
392 2
126 25
93 29
85 31
95 9
345 26
62 13
100 10
5 26
343 2
109 13
178 4
52 3
167 29
70 9
249 21
58 10
241 23
262 29
137 16
222 1
354 27
305 21
192 21
338 31
375 30
447 16
437 2
474 11
166 16
16 2
208 29
343 17
223 17
125 7
312 18
191 9
333 20
469 16
156 10
58 30
103 25
433 7
206 31
198 24
154 5
341 17
285 4
161 20
140 14
70 19
483 1
468 11
460 24
191 27
94 8
497 8
456 5
291 26
39 32
237 16
200 9
405 4
260 1
47 31
202 17
202 13
229 13
203 4
456 17
154 5
141 22
301 24
283 27
109 29
78 1
365 29
274 13
316 21
185 23
136 27
331 5
423 23
357 29
450 20
18 23
65 6
457 5
309 7
307 14
263 24
114 15
216 23
247 19
124 8
245 31
170 15
447 8
337 19
420 30
466 17
93 30
150 1
246 19
491 32
228 9
139 13
380 10
80 18
385 15
261 5
313 26
408 15
225 24
413 5
234 6
285 10
112 11
78 5
393 16
113 28
320 27
312 15
457 11
29 1
297 25
173 5
423 24
71 19
28 19
495 5
417 12
290 28
66 23
88 18
286 4
429 29
303 20
8 3
335 12
303 23
28 7
296 22
407 14
301 14
53 31
398 25
278 31
348 31
109 19
152 26
339 28
202 21
24 1
103 14
448 25
192 16
231 31
129 29
205 13
126 13
280 27
77 21
413 24
252 13
62 3
266 32
39 28
244 14
380 10
123 8
454 30
155 1
5 27
25 9
416 7
317 19
25 25
103 26
372 26
162 25
461 12
37 27
99 12
412 2
330 2
157 23
199 31
319 27
298 20
263 1
346 23
259 26
27 25
11 30
67 25
183 15
156 15
377 10
350 16
435 15
173 20
314 15
254 28
278 11
327 12
115 8
323 29
246 17
86 20
247 8
132 5
382 15
351 30
244 12
249 3
83 29
270 32
495 7
379 20
426 10
164 28
229 2
265 18
186 14
82 32
205 17
64 10
204 22
195 23
466 19
477 28
215 14
295 25
473 21
333 6
230 12
289 15
185 25
136 30
254 5
154 26
486 1
395 21
483 9
339 24
383 4
347 9
413 13
10 5
165 14
134 31
393 11
57 5
179 12
446 9
113 31
242 6
168 5
138 22
429 4
449 8
143 31
112 24
287 17
292 11
18 6
49 22
52 21
486 18
1 28
14 17
382 28
414 25
96 15
50 12
378 26
39 25
144 3
280 2
327 11
233 17
200 21
106 31
238 32
333 10
375 10
54 20
305 15
9 4
369 26
480 14
260 2
470 11
20 21
389 23
24 25
43 15
253 12
178 22
91 30
431 5
411 24
277 12
302 5
319 2
46 30
120 17
168 21
264 3
190 8
385 9
124 31
139 12
279 4
422 21
381 32
38 8
40 18
359 29
450 1
215 19
327 14
356 30
274 31
32 11
122 25
379 5
399 10
176 1
389 17
398 14
153 15
61 8
100 7
236 21
299 2
247 5
135 10
470 17
72 2
75 13
474 14
141 16
175 1
401 3
265 6
332 1
84 4
312 19
14 12
83 17
201 13
289 28
431 23
448 30
316 6
47 17
327 27
12 9
3 16
416 12
413 27
36 8
343 20
30 8
99 32
372 11
293 13
338 3
123 17
76 26
159 10
226 9
309 9
190 31
205 29
282 13
203 22
465 21
369 14
457 7
458 20
469 26
340 23
324 2
295 27
399 29
373 4
142 9
65 23
195 5
287 17
237 9
146 5
238 14
47 26
332 32
21 4
457 13
458 20
322 1
30 9
57 18
196 2
434 24
380 1
232 10
457 13
7 22
21 16
115 3
289 22
274 21
97 26
373 19
9 15
307 27
267 15
144 2
413 6
278 8
410 21
162 22
329 4
467 18
115 13
268 27
230 22
415 26
271 16
380 28
334 30
374 20
253 1
117 29
298 14
12 11
255 21
72 3
44 10
284 10
322 8
264 23
297 19
229 11
318 28
402 31
498 27
454 6
144 6
118 1
316 5
148 22
302 11
4 17
109 12
355 10
43 30
333 15
148 17
257 17
20 31
319 5
285 32
118 20
46 11
221 25
216 32

