256
320 19
210 24
55 2
324 28
68 23
73 15
186 17
176 17
47 26
2 11
266 6
375 19
207 6
187 16
13 2
97 8
376 18
115 26
308 23
94 11
161 18
381 19
314 20
131 13
137 4
19 18
297 1
273 27
118 19
386 11
232 27
166 8
492 17
241 31
71 22
377 19
55 1
281 9
17 7
433 1
394 11
259 18
47 23
44 16
341 22
498 29
116 12
384 27
296 4
258 2
162 2
448 32
95 25
288 23
491 28
115 9
22 9
426 16
255 6
436 8
103 25
372 10
448 7
28 31
230 29
460 3
123 20
459 1
136 10
179 10
318 13
362 11
370 12
463 20
109 26
423 11
182 30
280 22
48 23
224 14
444 20
20 18
91 18
486 18
428 8
55 1
12 13
139 9
408 5
357 8
350 23
78 16
425 5
161 24
367 24
453 14
419 21
79 17
154 16
438 1
283 29
381 11
465 12
175 32
472 15
239 14
14 24
353 26
376 1
261 22
100 22
404 3
390 2
379 15
102 21
328 8
13 16
30 25
431 5
200 11
439 30
76 24
253 20
389 16
496 2
221 11
67 8
113 32
310 32
350 27
12 29
146 4
441 20
352 7
84 19
125 10
488 8
474 4
331 18
71 14
215 23
273 9
119 5
88 8
432 22
42 23
170 3
318 30
66 21
481 13
71 21
171 22
9 24
353 23
209 11
369 28
66 29
408 32
81 12
315 5
489 8
455 18
246 21
120 32
145 20
312 16
408 2
125 4
181 30
459 2
252 31
17 9
319 32
204 27
475 14
263 11
77 26
325 31
46 12
486 22
395 9
405 6
335 10
422 3
211 4
256 14
206 32
335 28
400 30
478 10
408 21
189 32
14 17
158 27
308 27
248 26
496 21
207 14
238 8
196 4
359 20
113 12
427 7
143 18
337 29
52 16
213 16
431 30
104 13
136 27
435 7
316 10
387 18
463 24
354 7
423 4
462 12
480 12
334 22
66 22
94 25
117 2
60 20
383 7
340 22
277 6
253 20
408 23
317 6
467 30
380 9
234 5
128 17
433 6
38 14
335 24
466 32
289 13
203 24
39 18
393 19
19 9
258 6
136 10
148 14
96 23
194 9
72 10
97 12
487 30
353 9
117 30
328 14
194 26
429 28
423 17
250 2
318 19
219 25
284 18
258 3
97 27
263 4
124 3
23 18
345 7
487 21
44 2
218 13
196 6
172 6
171 21
263 16
131 14
292 2
51 13
497 7
351 15
314 11
118 24
288 18
62 22
274 1
440 8
193 19
489 20
308 3
136 31
498 14
404 25
384 10
189 20
453 12
138 26
366 19
454 17
420 15
131 10
472 30
389 28
408 29
380 7
240 23
137 17
485 16
378 20
346 14
99 10
457 8
415 14
195 20
327 30
87 5
11 18
230 23
73 17
480 28
203 19
23 28
307 23
83 12
78 4
102 16
429 18
263 16
232 17
267 30
423 5
218 21
262 3
184 3
435 31
490 9
233 16
180 19
222 15
75 15
394 24
474 31
437 21
370 8
45 16
429 19
341 6
252 10
92 19
140 26
301 10
15 1
345 6
423 31
308 17
365 6
228 11
376 17
427 17
184 3
380 29
290 20
258 29
174 10
327 9
227 31
498 5
11 11
435 17
261 30
486 21
295 9
167 6
229 29
266 17
268 22
377 21
69 14
449 6
187 31
259 26
105 32
6 27
450 8
251 18
238 12
187 8
153 5
54 13
150 3
145 1
168 9
325 1
211 5
330 13
251 20
14 31
196 4
321 29
15 3
355 16
11 21
136 3
97 5
395 26
211 12
366 31
116 14
319 10
166 4
427 20
440 28
122 11
15 10
131 10
69 21
133 27
81 16
93 2
308 11
275 27
230 21
453 10
182 23
375 20
122 9
467 17
445 25
399 3
234 2
192 14
218 5
84 31
92 4
180 8
367 26
474 4
298 26
293 16
48 32
31 9
172 9
82 12
289 20
131 3
361 26
28 11
146 24
81 18
139 8
341 9
65 26
101 15
91 25
46 2
116 32
306 32
424 3
107 9
367 25
87 11
59 26
9 16
77 29
145 12
200 25
220 5
2 32
331 4
269 16
229 16
303 15
171 22
273 26
142 7
366 8
70 4
46 6
332 18
167 20
189 6
165 17
334 30
80 28
258 8
391 6
84 25
224 6
475 5
235 12
339 17
48 28
228 21
486 7
418 4
239 3
221 7
367 19
68 2
70 5
498 25
367 1
209 30
186 31
290 5
151 13
225 30
388 8
346 9
215 23
80 9
221 21
355 11
59 18
237 20
303 22
292 1
166 29
110 27
35 32
475 5
380 19
438 19
355 19
344 9
46 7
373 2
427 31
205 1
352 25
465 6
26 32
174 3
460 4
393 23
387 28
235 14
418 29
88 8
455 27
192 24
58 32
470 28
290 6
321 14
318 17
499 11
96 25
385 12
160 9
254 30
496 28
15 18
160 10
37 7
385 9
318 6
292 23
277 6
164 29
279 25
85 5
27 29
301 15
88 24
40 9
357 27
328 31
152 28
325 5
306 13
121 31
2 20
114 18
49 17
79 11
462 27
104 12
343 12
251 30
364 18
122 24
28 10
295 24
141 31
424 6
179 8
272 28
159 25
161 20
366 27
386 19
402 13
166 12
245 24
378 28
57 15
31 21
300 9
320 28
295 7
237 17
490 5
356 8
245 25
59 6
107 25
288 8
285 22
308 29
221 29
488 22
183 11
418 3
195 21
422 26
183 31
314 8
19 22
23 31
38 10
77 32
378 28
208 6
21 27
191 30
51 26
75 1
400 28
215 23
432 1
436 10
499 25
137 1
122 31
335 27
92 3
7 9
127 2
483 15
432 17
92 18
54 30
66 14
9 21
252 8
121 19
405 19
287 1
339 25
404 17
271 7
436 13
168 18
194 30
412 9
174 12
458 23
373 12
384 2
156 7
25 20
173 26
98 4
174 24
72 25
312 14
276 27
471 15
12 8
444 12
493 25
131 10
47 31
325 19
236 20
269 9
459 18
394 12
457 27
47 16
496 11
221 19
457 23
417 17
207 12
244 15
180 18
500 18
376 13
360 16
8 29
76 7
274 25
78 2
387 21
109 6
483 13
356 3
372 24
259 2
483 14
480 6
375 7
240 15
7 27
66 19
283 21
37 4
461 10
137 31
238 21
81 28
278 28
363 5
60 17
430 22
327 21
408 29
443 19
155 14
301 8
168 4
212 24
491 8
169 12
19 31
76 11
330 1
386 24
353 25
369 10
43 7
394 10
247 25
300 14
138 8
121 5
35 17
360 18
356 28
5 30
286 28
176 20
433 14
11 1
210 19
419 20
425 8
405 28
500 24
73 5
156 29
293 10
81 4
215 5
180 23
14 25
299 10
432 15
103 23
367 28
25 25
268 2
301 12
473 32
228 5
289 3
293 13
72 14
233 7
162 16
357 19
228 15
216 20
89 18
158 12
186 18
444 29
483 4
328 15
396 11
55 8
289 20
264 25
73 4
351 18
111 27
260 27
66 32
54 6
349 23
461 30
244 21
338 27
500 2
385 27
424 28
430 25
139 22
425 15
393 15
296 12
185 3
46 18
234 19
256 19
161 8
116 16
324 10
334 20
323 19
422 22
10 16
310 28
101 30
210 29
212 9
200 21
411 13
350 13
47 29
79 7
173 14
463 32
203 32
375 1
366 1
475 31
204 4
374 20
222 3
296 13
439 24
33 22
444 7
198 3
487 32
49 7
25 31
211 4
159 25
104 16
85 26
103 8
214 8
91 31
263 11
219 21
86 12
254 5
134 11
371 20
430 16
335 23
282 1
34 12
333 29
20 18
419 10
57 20
449 20
418 27
386 28
264 31
239 25
351 24
172 10
196 13
493 6
407 6
278 28
418 30
281 13
379 15
410 8
330 6
83 19
421 24
234 16
494 21
52 24
196 11
269 23
176 25
124 26
239 1
226 16
363 14
296 13
56 17
176 29
414 14
483 22
281 28
369 26
40 13
470 28
347 18
478 14
351 14
308 9
354 29
96 12
390 19
457 5
447 12
181 24
94 15
46 30
82 18
500 26
390 9
61 21
410 6
462 4
491 9
200 1
5 3
412 14
389 4
190 23
204 18
47 9
236 28
374 10
61 29
143 11
45 23
391 31
92 32
66 15
177 14
131 13
264 26
427 5
262 12
339 13
190 9
465 29
180 26
446 17
415 8
395 27
494 25
117 26
192 27
372 32
300 22
49 23
395 7
67 12
442 22
324 15
142 12
408 2
330 17
266 28
145 12
406 22
500 15
427 27
57 22
411 16
151 7
270 26
137 1
405 30
94 29
413 19
368 24
408 13
376 5
292 32
36 30
10 19
72 4
430 20
86 8
483 4
2 8
485 26
440 2
419 29
118 3
120 5
354 3
34 2
404 25
101 23
374 22
178 1
250 23
424 19
150 22
274 11
362 19
492 5
500 26
38 17
445 17
305 22
35 6
231 26
15 24
81 20
145 26
37 6
68 8
432 13
70 14
219 27
316 26
435 19
323 32
135 15
480 23
269 3
129 27
156 27
182 12
234 31
197 2
72 20
434 28
332 7
61 22
137 8
463 31
394 2
395 28
256 14
318 20
92 14
375 12
440 32
335 22
382 28
499 2
499 32
457 15
138 5
84 6
96 19
345 5
36 3
368 3
316 17
167 32
483 5
155 6
448 1
299 2
224 18
135 11
81 31
257 23
311 28
344 14
90 32
246 1
130 17
120 18
1 26
353 31
178 27
257 1
51 31
306 23
204 4
201 1
382 25
355 4
148 18
449 2
90 2
214 19
10 5
16 19
470 20
197 27
430 21
476 9
212 29
459 3
73 31
403 2
467 25
498 10
159 22
203 28
344 13
318 9
453 18
67 15
53 12
273 19
420 4
315 19
381 25
250 1
283 24
110 13
113 7
66 27
257 1
370 20
389 3
156 29
372 23
115 25
190 20
259 1
487 5
444 23
49 9
375 19
196 25
431 16
443 20
78 27
468 31
2 32
486 10
49 21
84 7
485 1
402 23
85 17
19 20
459 23
72 30
249 28
318 7
75 20
379 21
163 14
303 28
54 20
173 10
349 4
116 21
380 10
280 5
406 6
344 32
217 20
49 5
183 18
200 25
182 6
113 20
275 32
359 32
407 20
281 27
139 25
292 27
266 27
335 27
220 22
238 28
445 23
457 23
356 12
88 13
85 28
380 3
319 15
391 14
474 11
184 24
271 23
482 4
45 16
58 17
198 24
404 14
82 12
121 21
15 20
326 7
463 1
310 10
147 12
359 16
74 30
436 25
369 25
232 5
85 26
381 14
85 1
275 30
496 31
306 3
158 19
313 1
40 18
402 2
377 32
10 19
5 25
147 17
361 6
138 25
19 10
430 15
154 1
472 22
155 30
364 17
112 32
433 3
354 26
41 14
149 22
180 21
494 10
378 30
56 27
355 14
384 28
381 14
192 8
39 27
333 26
11 21
281 27
299 10
332 27
216 12
240 23
484 29
425 5
291 16
227 17
257 3
280 25
148 8
341 18
374 5
291 12
321 3
30 16
57 25
162 4
192 26
370 3
338 26
388 16
125 6
272 6
76 12
370 23
79 30
112 20
235 18
187 27
473 4
230 1
428 20
4 31
497 29
497 2
19 8
314 31
350 17
376 21
192 2
500 14
307 19
73 1
365 31
300 25
178 5
69 29
124 28
427 4
148 28
306 14
159 23
161 16
55 16
285 3
485 16
368 16
98 17
184 6
255 11
150 17
216 22
241 7
493 8
163 9
295 16
158 5
438 2
165 12
206 25
442 2
288 30
333 9
306 1
199 28
203 12
196 26
270 25
313 18
308 11
254 2
294 16
258 31
81 26
278 2
222 24
328 25
233 20
246 2
380 16
301 31
495 9
56 28
285 24
378 32
342 7
45 27
246 6
69 7
428 3
464 17
270 11
362 14
155 11
243 18
402 11
320 20
391 8
12 19
243 29
118 1
223 18
423 25
168 20
147 23
42 6
95 15
105 16
16 15
414 10
496 19
152 16
415 7
43 22
69 21
166 11
425 20
200 16
208 19
43 10
313 24
316 16
246 32
215 1
382 25
370 13
147 29
44 17
119 18
190 28
75 23
226 27
447 1
198 22
496 12
360 28
175 15
419 8
298 10
384 27
466 17
407 12
330 3
25 16
240 2
487 26
273 16
165 3
341 30
224 4
454 23
495 12
109 10
104 18
251 27
84 20
92 19
179 25
293 27
220 8
269 19
50 21
270 22
111 18
427 14
297 28
417 20
64 9
57 27
283 15
153 6
374 32
60 32
368 12
107 32
88 23
498 21
267 19
202 1
229 28
62 25
64 18
168 31
207 8
293 21
234 13
58 23
245 18
159 4
321 17
403 16
491 20
248 17
19 13
337 11
429 30
123 32
228 15
470 10
218 22
274 12
410 23
410 14
300 24
470 5
36 20
232 14
124 24
486 14
428 14
240 12
72 26
51 27
4 8
436 30
133 1
377 31
243 10
252 31
206 29
367 9
445 22
119 24
429 20
61 17
278 28
416 13
13 7
203 29
338 10
442 11
50 2
69 32
103 20
186 12
41 32
253 1
2 11
256 2
178 28
490 31
467 14
359 11
224 17
347 1
50 32
235 3
457 19
243 12
475 32
71 23
184 11
351 21
249 14
318 19
273 8
85 31
65 28
69 8
356 16
52 6
55 19
356 16
293 10
423 11
82 17
133 9
20 23
153 16
292 18
46 12
129 19
154 13
278 19
184 25
490 28
242 16
226 6
259 18
251 25
137 24
230 29
448 5
104 28
220 23
274 22
311 6
100 12
447 21
38 6
213 31
217 11
127 14
404 13
164 30
122 28
338 15
420 21
451 11
441 6
122 30
287 4
467 2
247 21
466 13
247 3
15 27
485 25
109 28
230 8
245 11
423 14
201 26
71 11
217 19
24 6
224 11
121 18
400 23
159 2
355 1
44 14
71 16
214 3
267 11
154 3
293 12
445 13
270 19
347 10
377 7
175 20
33 23
493 28
217 11
149 16
259 32
145 6
71 2
64 25
301 18
52 1
145 12
290 2
214 4
399 2
210 25
41 26
423 25
26 28
240 18
63 14
218 7
31 32
416 27
181 20
164 20
13 8
431 2
222 28
493 20
85 15
249 17
296 27
361 29
162 12
347 32
450 32
282 12
407 14
278 23
117 17
22 21
453 8
134 2
447 27
349 31
329 1
155 16
472 24
297 17
467 27
61 28
262 22
100 24
243 13
459 4
22 24
192 22
432 14
351 2
304 11
409 16
148 15
459 7
134 11
103 9
453 7
220 30
61 11
234 31
400 4
14 21
23 26
98 26
383 32
184 14
146 28
21 21
210 27
263 16
86 18
148 10
232 27
104 20
390 29
447 29
232 20
413 26
369 26
412 19
309 15
288 2
242 28
99 19
139 17
146 28
430 25
465 26
12 12
305 25
108 31
41 7
415 5
297 31
314 20
34 22
154 17
427 11
333 13
197 3
238 31
250 31
339 2
180 10
486 5
102 21
87 22
136 21
298 28
136 23
139 5
232 16
45 3
390 1
35 22
51 12
132 32
143 11
366 2
172 15
10 22
295 9
471 30
301 5
361 16
379 7
456 7
346 9
473 15
229 23
321 12
483 24
431 13
274 12
150 22
146 20
275 29
108 21
370 24
13 19
196 20
433 27
58 15
355 2
13 12
240 1
215 26
489 1
50 26
293 20
411 6
211 25
378 2
282 28
429 6
182 32
389 6
479 18
244 29
327 17
120 11
145 30
492 9
183 10
99 11
445 17
412 3
398 18
28 23
241 28
324 26
284 21
387 22
10 19
298 25
443 26
107 19
455 6
424 21
343 30
111 11
234 15
145 23
16 16
161 12
332 9
29 7
49 3
80 2
249 13
246 23
498 28
278 29
302 5
441 16
74 16
283 15
278 7
142 29
303 18
400 2
138 12
100 22
46 3
96 3
259 17
485 21
45 2
209 14
166 1
489 7
52 23
250 13
402 27
325 20
44 16
189 6
3 28
219 9
170 18
195 12
7 3
36 15
145 16
396 10
97 24
105 32
211 6
181 12
96 21
167 11
81 19
172 31
346 11
335 11
56 17
146 30
60 22
112 24
481 7
217 21
447 17
429 13
26 1
120 21
317 22
464 25
492 15
332 21
229 30
55 21
47 20
346 2
85 30
13 14
20 25
494 2
254 22
474 31
234 5
104 11
230 19
447 1
405 26
261 26
148 19
270 6
219 31
3 15
276 31
220 32
299 30
465 32
487 15
183 9
383 18
271 13
204 21
37 4
51 2
445 6
316 10
95 26
33 17
189 4
167 4
307 5
121 4
17 20
62 3
180 4
336 14
260 23
222 29
350 16
298 23
469 17
212 31
499 8
363 19
256 29
446 14
346 23
37 6
378 2
412 5
246 27
210 21
489 19
153 10
203 14
336 23
267 32
438 9
143 4
155 18
33 16
16 2
18 16
443 15
2 14
303 23
304 4
251 24
443 28
333 25
409 1
19 7
68 4
143 6
312 9
312 8
249 23
425 30
230 15
365 23
72 31
477 3
31 24
18 25
187 26
321 27
370 31
122 25
499 16
499 10
265 22
357 17
340 25
482 17
147 26
152 2
365 20
444 27
411 29
71 29
162 3
44 16
433 25
320 3
132 6
444 32
331 28
260 6
80 30
443 26
291 30
147 15
425 30
253 28
402 27
136 16
65 15
447 30
195 6
132 15
436 12
426 6
227 30
288 27
131 2
236 17
175 15
280 15
472 8
138 6
355 2
141 31
452 19
268 23
204 28
29 3
179 18
257 13
491 20
63 9
477 27
246 19
33 25
453 20
408 11
81 2
216 13
385 27
159 28
17 23
255 21
205 29
351 1
190 21
60 16
166 8
402 23
38 18
139 27
290 14
285 30
12 16
295 16
18 9
251 27
19 2
283 24
290 21
388 7
326 12
231 7
335 32
105 13
270 11
419 23
140 11
132 7
202 30
398 3
231 1
457 5
6 12
28 31
372 20
274 9
67 28
391 17
339 11
477 12
89 3
18 13
97 22
231 6
427 9
221 25
129 5
110 10
416 25
428 16
404 13
40 10
408 7
223 3
129 23
206 6
446 16
298 6
225 4
396 23
360 20
12 20
144 13
325 8
109 5

