256
287 3
138 18
330 21
46 32
131 28
490 28
17 18
428 1
268 15
382 25
184 30
361 32
452 15
15 15
45 10
392 23
20 1
52 1
129 21
245 28
373 10
215 1
348 14
446 27
224 3
192 20
256 12
135 32
478 29
358 26
138 25
57 17
482 24
61 14
57 17
73 29
95 31
169 22
280 30
408 8
293 3
263 32
354 13
459 7
397 13
57 14
121 17
394 30
72 14
268 20
463 20
260 25
127 13
350 30
394 29
113 10
208 31
438 13
123 8
96 19
268 20
404 25
264 29
194 11
455 1
315 9
301 14
325 7
354 14
36 4
430 9
285 9
375 22
402 18
322 9
16 17
500 4
181 31
272 31
449 10
187 7
346 19
41 18
117 14
195 29
493 9
153 30
465 11
203 6
376 16
214 32
317 9
367 9
179 2
223 16
216 6
94 29
100 10
83 17
232 13
221 8
253 17
205 6
103 24
435 23
487 25
74 7
65 24
4 8
429 22
223 4
339 12
57 19
6 15
7 13
267 15
312 16
303 25
441 25
480 31
87 22
227 4
121 24
451 12
387 20
53 21
375 28
128 23
34 21
273 16
221 32
470 21
263 28
253 3
380 28
429 3
49 24
478 13
299 1
496 13
12 25
497 10
144 32
21 1
461 5
68 21
36 13
417 18
160 21
352 27
104 21
357 1
140 3
25 26
319 5
326 22
273 6
67 16
1 31
444 25
232 31
346 7
251 22
65 18
135 12
300 26
400 9
94 11
47 7
180 13
343 9
194 7
382 32
382 19
347 5
47 2
39 24
196 13
358 32
50 24
380 9
285 11
61 11
22 27
201 25
471 27
410 8
361 15
276 22
25 6
122 12
403 28
167 14
152 16
210 5
71 25
253 24
219 30
86 24
272 18
293 31
384 18
110 12
344 13
189 1
62 26
144 24
173 14
266 28
38 19
376 4
415 12
463 13
145 28
77 1
37 21
363 24
422 4
367 5
413 3
485 2
216 16
142 16
142 31
63 27
381 10
138 27
418 25
131 30
352 11
330 1
279 28
12 4
368 27
317 16
285 13
253 25
133 10
92 26
152 19
304 24
444 17
30 17
393 25
127 29
423 12
189 2
500 20
253 7
430 13
498 11
426 6
419 22
348 10
183 23
16 2
235 24
278 32
376 27
480 22
119 27
310 19
456 9
358 32
379 20
481 4
206 6
477 32
315 24
133 9
175 5
334 29
164 27
376 3
485 20
41 11
110 26
113 9
214 3
124 16
462 20
319 19
361 27
290 19
323 26
375 1
126 4
109 25
23 24
328 19
191 20
462 24
273 26
364 14
396 8
77 17
295 15
23 20
393 20
182 27
438 1
63 11
116 23
352 2
359 31
497 25
102 18
201 30
383 16
359 7
255 7
487 18
33 26
57 29
173 10
492 26
146 18
25 14
429 8
103 23
258 3
335 23
260 31
232 31
303 30
273 5
228 27
106 24
472 26
388 1
252 11
458 13
285 30
362 5
209 9
499 10
267 9
176 31
72 19
21 22
348 1
282 19
255 16
38 15
401 30
223 12
304 8
253 4
14 18
152 10
282 2
40 5
39 19
427 18
474 31
335 21
443 32
100 25
207 17
423 24
414 21
463 22
29 27
9 2
33 1
115 6
366 30
418 12
221 12
365 22
494 3
366 8
19 17
133 17
306 7
184 15
256 11
140 24
213 29
325 17
365 3
115 30
297 32
134 17
228 6
62 21
401 15
157 11
96 29
143 1
399 3
471 30
325 19
437 17
463 13
486 11
52 24
56 16
131 17
216 2
391 5
431 31
407 19
209 18
79 3
106 17
29 1
131 17
39 3
94 1
180 3
179 31
30 18
282 16
127 13
222 25
477 8
159 3
90 31
441 8
421 6
496 6
474 6
358 24
397 23
216 24
381 2
362 18
332 3
274 22
343 19
178 31
498 4
257 19
406 21
458 2
447 17
331 32
135 29
136 31
139 15
310 12
301 11
281 4
17 30
293 27
400 6
233 9
9 25
187 10
390 20
443 8
301 18
107 27
314 30
317 32
149 14
175 29
148 8
432 4
213 24
226 21
397 22
213 5
298 24
22 27
247 24
226 15
441 9
185 22
278 1
410 18
478 32
226 5
391 13
344 12
232 5
420 32
378 28
236 8
235 17
66 30
73 4
84 17
476 21
119 17
121 28
383 3
463 16
279 2
265 15
161 32
43 12
180 13
415 3
300 26
24 21
335 28
8 2
460 3
38 18
292 11
309 22
313 8
281 19
329 1
65 21
97 20
272 32
380 6
190 19
335 21
247 21
160 31
439 28
441 12
253 20
338 26
257 2
185 14
93 9
434 21
205 14
468 28
157 7
161 15
229 32
263 32
368 19
82 10
98 30
486 26
106 11
411 26
325 19
251 1
311 21
277 23
418 29
342 15
443 19
273 28
202 31
147 5
13 24
431 30
101 4
460 6
442 10
272 26
317 6
386 23
58 15
494 28
259 31
402 13
41 6
224 2
264 2
367 21
301 21
386 14
416 9
459 5
67 18
327 15
104 24
213 17
226 18
340 16
97 21
389 1
470 4
83 30
38 9
362 30
97 3
239 20
444 30
220 30
279 22
448 6
110 16
247 19
70 2
23 18
31 31
154 16
78 20
85 7
36 30
453 24
45 15
495 12
92 3
201 27
112 20
456 5
159 22
260 4
140 26
97 14
248 7
21 25
338 10
292 22
403 4
357 7
286 24
138 30
418 26
452 17
189 23
454 16
313 13
131 4
346 8
325 29
330 13
269 7
154 20
244 29
155 9
59 9
156 21
22 25
238 29
157 27
435 30
478 31
322 28
402 15
187 18
463 16
275 32
387 20
143 18
188 10
286 19
90 25
295 23
217 20
287 26
310 5
483 23
320 1
247 5
27 21
299 26
301 21
73 27
352 11
20 24
364 6
138 5
98 16
415 15
315 13
188 17
274 30
263 21
30 25
165 13
442 15
398 18
387 30
280 11
36 23
130 28
456 11
56 26
402 27
220 28
375 15
192 24
280 19
444 10
315 5
218 24
423 27
201 22
436 20
252 31
483 1
74 6
351 26
195 4
452 6
319 26
172 11
178 32
465 29
465 7
433 30
239 20
296 7
369 15
123 8
53 5
204 7
246 18
460 9
157 19
354 19
440 2
337 29
181 25
442 9
284 26
178 30
433 29
312 21
55 30
476 23
38 3
437 12
84 28
76 8
158 1
419 26
158 23
418 2
408 15
186 15
437 15
64 21
187 15
226 21
161 5
52 14
232 8
185 27
88 12
111 17
41 29
194 14
487 32
92 2
174 25
288 22
344 27
183 18
78 20
475 22
460 18
287 31
217 28
210 28
83 28
401 19
200 22
25 10
409 16
284 3
96 27
44 15
422 2
173 31
337 7
440 13
228 22
191 16
49 4
452 24
71 24
458 22
149 10
160 2
301 11
140 1
13 27
39 26
113 15
136 17
413 11
97 12
153 8
288 17
39 7
36 10
90 18
231 10
179 30
147 20
332 14
80 13
173 2
482 5
385 30
85 5
44 18
289 8
321 12
101 3
314 32
320 15
333 11
344 12
144 3
343 16
128 18
24 24
391 1
288 3
474 17
424 6
258 24
417 26
139 5
140 20
357 8
410 21
214 25
200 25
95 30
184 11
315 3
226 2
64 30
332 1
90 11
258 15
318 19
276 4
395 3
111 27
226 24
440 27
125 15
296 11
385 27
145 27
38 23
256 1
88 32
341 1
342 7
375 12
125 22
319 15
416 6
122 2
301 25
284 13
403 15
496 19
262 12
338 7
362 9
251 21
32 7
125 18
41 3
237 5
500 11
388 16
484 29
113 13
421 12
61 27
327 16
314 4
196 27
90 29
447 16
358 11
282 6
204 3
185 24
191 32
494 26
303 18
438 31
466 10
311 22
237 5
434 18
428 1
404 17
389 14
208 14
180 21
80 19
15 28
174 30
299 12
487 10
497 13
368 26
338 18
339 26
18 20
327 29
104 22
461 17
284 12
90 27
361 17
50 23
136 23
284 7
242 11
388 30
251 23
403 12
285 6
14 30
217 16
247 13
422 7
165 9
79 26
371 19
275 16
165 22
495 29
196 8
423 11
326 29
190 28
112 10
173 13
127 26
317 1
62 2
136 2
146 26
331 12
4 5
288 20
219 2
320 22
221 22
349 14
118 2
478 26
215 10
354 17
391 2
270 8
259 25
381 12
470 4
124 29
20 19
492 2
396 32
4 28
405 24
14 7
93 19
252 3
492 5
203 31
479 4
390 9
228 15
345 13
186 12
169 25
230 25
147 17
472 18
92 12
205 21
250 1
447 17
159 3
310 21
25 28
185 6
228 20
36 24
109 5
391 9
278 32
289 24
96 24
277 28
340 17
496 21
481 23
442 19
233 27
203 25
242 31
170 25
151 18
393 19
278 19
239 19
255 28
182 2
491 18
241 22
142 13
123 18
179 16
464 27
18 11
19 31
53 16
79 27
97 7
313 23
106 8
133 12
283 19
61 21
124 10
455 6
38 21
239 24
492 27
330 13
221 4
471 13
239 1
328 20
372 20
62 1
395 18
188 29
212 24
302 8
49 28
453 22
184 3
357 19
245 30
239 1
237 9
90 20
109 21
163 16
260 16
308 3
121 27
183 5
95 16
20 19
91 24
433 26
366 21
152 23
179 10
279 19
450 4
242 27
488 12
242 32
479 26
106 28
248 32
136 6
272 11
337 26
330 1
488 27
261 31
9 7
233 8
206 26
211 31
444 3
203 30
150 5
87 3
336 10
394 31
28 17
329 8
231 10
336 30
57 28
60 21
239 4
408 28
178 7
94 17
317 4
158 10
181 4
424 8
282 13
339 29
334 15
24 8
29 11
485 29
306 32
353 8
40 13
191 1
379 29
189 27
432 31
364 8
294 15
332 15
455 22
383 24
40 14
55 28
116 3
4 30
435 9
317 6
117 8
42 7
144 22
41 3
428 4
243 22
394 26
296 12
447 15
488 18
140 2
258 20
433 5
29 7
469 21
192 1
56 17
431 31
462 7
330 26
430 12
463 27
349 18
171 19
492 10
484 28
51 17
239 15
354 31
349 2
315 32
259 15
124 9
125 22
216 14
327 25
377 29
468 29
250 26
371 14
147 19
225 13
95 23
32 24
81 16
122 7
272 28
469 31
272 2
332 19
47 2
132 8
2 31
500 12
88 19
197 26
77 1
134 7
383 1
471 11
397 24
209 32
323 6
266 22
271 18
433 21
311 20
444 17
14 32
416 9
18 20
186 22
32 7
116 10
336 26
80 24
29 4
103 3
317 20
149 15
317 1
460 24
496 31
292 5
198 3
461 15
170 14
160 9
316 32
170 27
213 5
234 10
388 8
296 17
56 4
347 32
228 2
203 23
61 30
83 30
52 7
325 21
40 16
125 8
259 14
210 8
394 20
417 26
131 28
42 22
360 8
262 3
46 12
162 10
310 20
215 9
139 19
286 14
227 26
237 17
408 23
160 25
242 8
286 4
140 27
410 3
67 15
289 12
486 30
69 3
398 27
8 12
26 9
417 16
258 14
440 9
452 24
318 13
27 19
416 2
430 9
16 16
347 9
459 17
106 15
479 23
161 30
390 22
334 27
141 8
312 5
256 11
32 17
307 26
176 6
224 17
399 31
452 5
395 26
429 13
288 8
355 16
97 5
338 11
255 10
374 6
410 1
180 9
54 6
351 21
59 30
37 25
164 4
406 3
101 18
263 4
445 17
39 30
213 24
176 19
58 25
236 15
29 7
112 10
104 26
14 23
387 2
323 18
389 12
312 1
266 2
80 22
43 23
455 7
50 26
278 15
382 17
130 11
280 21
196 3
54 18
397 4
259 8
193 24
299 9
340 16
430 28
126 28
94 24
283 31
266 28
454 3
424 11
261 3
175 1
86 12
166 30
167 4
53 3
275 24
215 19
267 21
90 12
172 31
176 18
177 21
217 10
439 25
64 4
343 18
8 32
465 21
262 11
448 2
194 19
17 24
393 32
108 18
27 28
16 14
437 12
346 26
174 25
294 9
188 12
475 31
268 23
367 9
274 10
194 15
92 3
78 32
198 18
465 12
317 32
278 25
24 27
258 1
111 3
285 14
39 3
492 26
402 30
186 27
228 11
345 3
293 14
303 14
107 19
66 11
99 19
28 30
21 21
170 32
188 6
429 6
417 25
383 2
334 32
344 29
150 4
380 23
461 2
136 16
300 29
342 6
99 29
223 28
358 32
251 9
50 7
122 14
155 12
135 21
275 10
49 20
17 16
218 29
461 14
396 5
258 6
362 25
162 13
328 19
180 14
63 17
460 8
398 19
391 12
103 29
361 23
89 1
283 26
58 23
215 9
355 17
246 5
181 16
153 28
426 28
289 29
265 28
228 10
214 23
194 20
283 10
171 3
487 17
233 8
195 3
52 2
271 30
470 27
57 22
162 14
157 30
174 29
50 14
83 7
372 28
431 22
385 5
229 15
405 21
470 27
407 6
204 10
171 1
332 15
146 26
412 7
295 6
75 16
339 9
459 22
136 17
215 9
193 3
447 9
255 13
399 14
290 31
43 20
275 26
390 21
71 29
75 10
238 29
61 20
158 15
489 9
259 20
17 19
350 8
251 13
232 30
470 5
104 16
184 26
89 25
2 28
373 8
377 23
429 29
390 10
308 19
82 10
434 3
221 27
266 23
91 29
324 32
369 15
275 24
9 24
476 22
375 4
142 23
162 2
39 4
7 30
282 28
116 27
390 4
201 7
10 28
3 14
203 3
112 10
126 4
193 9
186 19
301 23
169 6
396 27
13 2
405 30
193 32
360 27
207 13
89 28
204 4
253 2
166 5
383 32
188 11
244 1
493 20
199 5
6 14
368 2
199 24
164 12
143 23
178 25
287 6
268 10
61 29
396 15
237 22
222 8
57 21
149 29
9 31
210 2
497 1
235 27
52 2
290 14
477 11
246 27
437 25
253 25
385 16
427 21
481 20
101 5
465 5
86 17
299 3
42 15
75 20
194 26
378 15
171 14
154 12
468 10
280 12
290 25
71 9
341 32
68 9
440 4
41 5
208 16
23 5
486 9
377 7
74 14
366 8
311 15
11 2
460 23
202 25
159 8
169 27
27 29
440 11
472 16
343 20
23 22
280 29
314 16
391 32
113 24
335 23
274 26
53 29
340 6
334 30
377 22
348 20
442 27
222 18
471 12
297 9
281 28
353 31
436 8
186 8
351 4
175 5
69 23
209 12
332 22
257 8
100 1
315 29
447 24
306 5
452 18
262 4
30 18
326 25
61 31
216 24
383 30
388 31
468 28
211 15
342 19
63 29
275 17
333 14
265 7
490 12
92 31
447 5
69 17
289 9
487 29
392 17
98 27
24 14
227 26
68 8
404 18
360 31
211 28
104 11
34 29
394 26
48 4
450 12
316 27
448 3
95 20
227 16
322 2
109 4
335 25
319 7
362 14
269 12
74 16
398 11
316 11
84 7
483 2
182 2
272 6
304 18
173 23
261 6
132 30
394 19
102 20
57 31
94 29
35 11
48 32
273 23
75 25
430 25
242 15
410 21
444 30
82 12
96 6
462 11
415 27
397 24
270 21
479 15
481 1
29 28
148 14
95 10
362 16
334 31
338 28
467 18
309 24
101 12
93 14
334 32
120 19
227 22
35 13
104 24
273 29
395 13
490 5
346 15
68 24
305 18
423 31
391 11
170 31
338 18
405 11
325 20
253 8
265 4
460 13
7 1
57 13
5 18
94 2
248 5
381 12
418 11
322 24
237 31
151 10
308 3
97 1
430 17
388 31
340 27
119 14
283 19
451 7
72 12
341 3
408 1
370 6
228 23
337 32
385 19
390 4
393 30
28 11
38 11
221 2
466 19
427 32
13 9
239 8
124 15
254 4
151 23
413 26
165 5
194 1
440 3
444 12
272 8
6 13
238 30
38 23
416 29
155 20
45 29
363 25
471 4
404 25
90 4
351 6
268 12
6 31
330 10
391 13
273 32
261 2
326 7
269 13
115 15
21 7
315 27
31 21
203 26
109 24
101 31
398 5
206 3
427 23
204 13
339 28
417 28
190 10
250 22
482 4
380 22
226 14
441 9
34 15
42 14
286 31
453 3
215 22
438 5
249 17
310 15
321 30
186 10
319 11
319 28
2 2
6 24
447 2
336 16
440 1
473 21
371 9
260 1
287 29
78 11
41 23
121 25
316 3
74 26
445 32
137 27
145 6
26 15
439 17
422 22
237 27
455 16
171 2
44 1
114 21
343 10
211 4
71 30
326 4
363 18
240 12
68 4
493 29
327 24
453 16
161 30
142 23
149 13
32 28
121 21
17 24
355 27
131 1
309 32
272 15
225 7
170 29
395 11
237 29
446 6
320 14
379 22
425 15
126 28
274 14
157 26
61 15
221 31
287 13
498 18
51 15
421 21
219 3
235 3
239 32
496 10
137 10
371 17
104 32
221 2
94 29
19 18
239 15
401 25
323 14
286 22
324 2
446 6
224 8
201 2
359 16
372 19
274 10
260 17
90 16
106 23
208 13
392 22
419 24
26 22
42 23
115 1
369 20
111 28
91 15
406 1
210 9
147 23
222 22
212 27
89 25
197 16
145 25
297 32
232 18
157 21
485 31
490 1
34 28
296 12
466 25
276 7
33 30
10 19
32 5
269 24
241 30
120 2
258 12
153 5
90 21
262 6
283 15
278 4
54 1
143 19
330 26
45 26
43 22
468 10
126 25
398 23
54 9
456 11
136 24
299 17
268 8
150 30
14 27
421 31
352 15
437 21
332 10
394 30
387 26
300 25
98 9
83 7
417 6
313 4
497 31
129 8
375 10
369 28
57 5
159 32
203 11
292 26
280 1
111 19
46 30
235 11
310 25
497 22
58 1
278 26
272 14
21 6
35 5
385 27
177 27
202 27
342 13
116 25
30 10
491 7
340 21
422 13
393 2
227 10
79 28
355 2
113 3
199 31
115 7
90 15
330 19
373 7
136 28
143 13
418 10
91 13
358 4
257 11
134 27
52 8
190 23
265 30
133 15
301 32
249 22
242 22
384 23
248 7
454 27
35 23
376 6
331 1
193 28
335 14
422 31
241 12
145 29
265 13
171 5
228 32
306 26
349 2
436 17
60 1
191 27
464 14

