256
454 11
138 1
228 26
136 16
77 20
259 24
47 2
116 12
343 25
238 9
324 10
403 6
284 14
453 20
1 14
124 3
45 26
471 20
27 22
331 3
477 6
330 16
359 5
83 5
221 4
97 12
429 28
394 25
405 22
332 25
279 28
63 27
273 30
446 7
195 17
253 28
70 2
47 28
82 5
332 2
153 13
50 21
280 31
145 16
140 25
144 22
488 3
93 8
444 30
58 18
18 22
309 3
447 23
218 28
188 30
181 4
330 10
272 17
24 5
496 27
97 7
285 16
197 1
343 8
118 4
278 12
265 6
74 15
145 12
90 24
193 6
171 18
352 18
482 23
62 1
94 18
467 2
93 16
458 23
7 31
390 16
62 18
74 24
68 18
131 9
401 11
279 3
196 30
216 29
60 10
5 5
139 3
382 28
338 7
222 9
414 12
332 15
469 13
462 29
326 8
45 6
266 19
500 13
156 28
489 4
197 5
220 31
168 14
418 25
440 12
53 25
103 25
32 19
493 13
459 3
289 20
396 6
178 16
367 22
463 27
253 15
200 32
345 7
73 7
223 1
254 32
421 8
12 32
130 28
149 9
174 1
444 6
342 1
169 24
158 31
415 14
493 18
234 25
332 26
451 22
22 16
181 19
263 12
98 17
400 30
333 5
182 20
346 4
100 30
83 10
496 13
371 8
462 4
177 21
262 31
51 23
35 31
281 5
479 27
41 18
124 13
154 22
500 32
181 20
13 19
61 25
464 19
200 29
387 32
70 20
355 28
486 13
54 19
185 4
145 6
261 4
450 11
277 18
414 17
105 6
424 1
490 3
299 30
163 9
65 16
36 27
55 6
307 5
140 24
492 4
421 29
255 14
19 32
23 16
192 3
413 19
495 19
353 22
92 20
330 12
99 26
427 14
91 13
466 22
428 25
69 32
61 31
70 27
58 12
214 14
423 31
216 17
29 21
62 32
436 4
127 10
109 17
39 27
490 8
132 1
313 8
265 21
374 14
156 4
481 25
33 7
495 16
24 7
168 29
494 11
476 17
489 28
377 11
338 30
235 5
135 19
372 31
123 18
288 22
381 4
147 5
23 5
364 2
368 24
482 17
486 30
185 22
245 2
57 15
131 19
255 29
189 31
15 11
224 6
441 4
422 15
220 20
431 27
193 30
114 18
363 20
483 15
129 8
312 9
14 15
327 8
59 31
98 6
178 21
79 10
128 20
260 31
147 10
430 27
192 11
365 22
346 27
452 7
130 20
11 23
206 10
115 12
204 4
189 17
385 28
54 16
119 17
359 22
355 8
456 2
182 28
99 16
371 26
206 24
165 4
495 14
257 13
486 21
172 10
45 8
145 31
420 20
263 6
233 9
417 24
14 30
212 32
181 10
366 2
285 6
306 15
252 18
91 13
226 11
114 11
22 27
221 9
226 23
70 22
452 26
349 9
288 32
281 4
493 2
58 10
27 11
408 26
128 19
366 2
113 28
476 14
442 20
427 3
30 4
328 9
186 4
298 21
236 26
144 12
223 29
209 1
415 13
379 3
319 32
248 27
427 15
416 16
270 30
238 11
42 9
132 31
241 5
403 16
358 10
407 24
451 16
32 13
436 18
111 26
6 18
36 12
284 27
4 1
497 13
204 26
158 31
116 2
467 10
77 32
119 11
255 25
302 14
286 21
48 20
194 17
458 1
40 5
384 23
146 20
488 17
269 25
35 4
246 17
457 10
176 31
8 6
144 14
67 29
250 18
28 16
370 21
24 30
226 11
304 31
138 23
71 10
287 29
493 8
457 25
57 28
24 5
413 15
226 19
447 19
445 26
122 6
311 18
75 8
256 23
258 26
21 20
3 28
284 16
43 28
444 20
75 31
16 23
337 9
317 23
419 13
461 29
427 31
38 21
158 9
231 11
390 24
446 5
263 13
388 21
172 27
108 30
2 31
84 6
215 28
325 2
13 13
26 27
407 11
291 16
59 26
330 21
477 23
193 3
207 12
247 10
114 31
475 31
329 26
157 4
309 1
381 29
117 2
463 23
172 6
438 30
479 31
382 15
245 10
45 23
5 7
180 27
349 6
437 2
415 29
73 19
277 9
248 9
210 6
267 21
315 4
314 9
174 4
247 22
473 7
368 2
138 11
448 18
52 20
15 14
181 23
41 13
391 16
202 8
349 20
36 32
376 14
308 25
249 31
319 29
49 26
50 18
437 25
24 20
85 22
306 29
477 2
221 11
337 30
171 5
94 14
200 9
259 12
221 11
266 15
80 14
429 5
352 13
330 3
204 10
264 1
178 4
58 14
459 18
172 1
283 29
38 26
437 9
193 5
7 14
48 26
124 28
419 27
192 28
201 7
161 20
108 10
56 9
87 6
411 2
198 17
226 19
26 2
235 15
171 14
28 26
31 23
397 5
125 28
48 13
186 4
493 9
397 24
458 4
117 12
297 2
412 3
400 5
36 15
359 10
80 15
275 2
389 23
411 22
110 6
42 20
370 2
440 22
137 13
453 21
468 30
66 19
124 10
372 3
304 10
217 19
320 15
344 29
366 26
74 23
64 19
474 9
353 6
402 13
162 23
242 10
456 23
64 19
476 19
441 23
17 1
161 20
500 29
44 21
110 1
191 21
84 21
457 8
430 27
276 11
417 21
276 4
176 16
154 11
274 10
282 30
251 10
478 26
446 1
318 28
342 24
80 21
24 13
212 5
99 15
100 23
356 3
238 15
214 15
385 20
336 26
481 2
108 2
39 9
183 8
312 4
216 20
300 11
484 19
396 6
349 31
300 4
221 21
438 19
131 11
274 26
488 22
404 7
64 22
204 26
298 19
473 29
110 20
103 5
134 22
378 6
196 5
38 21
417 27
351 27
149 12
13 9
81 16
435 24
209 30
93 2
5 13
222 22
188 5
411 5
26 4
155 14
169 20
138 1
370 8
132 19
315 16
155 19
115 9
391 3
79 27
33 23
400 2
48 7
430 6
260 32
450 22
29 18
457 14
54 22
357 13
196 7
32 2
417 26
143 3
321 17
494 1
155 5
458 18
331 8
364 22
195 1
355 19
282 19
92 3
489 20
372 16
118 11
238 18
253 28
45 1
452 18
129 18
282 2
11 32
177 26
202 15
390 32
297 11
219 32
210 27
335 29
94 12
187 27
190 11
62 18
363 1
123 11
174 24
281 21
15 21
262 12
180 8
476 4
378 30
216 31
252 22
19 1
206 2
380 31
496 17
332 23
10 18
53 3
209 13
219 31
142 5
495 5
188 22
148 29
163 11
152 10
265 22
314 2
79 5
216 3
338 15
137 7
204 25
381 8
374 32
338 7
432 16
187 15
301 18
35 23
197 6
432 29
60 10
282 18
290 29
212 3
247 12
325 10
389 18
213 10
157 22
480 20
234 26
58 10
499 12
201 7
482 32
359 13
229 32
178 23
340 18
497 6
441 2
387 1
379 31
294 3
1 25
326 26
290 23
471 29
178 3
187 19
155 6
199 11
389 29
253 1
470 26
314 10
275 21
443 13
151 20
39 7
361 4
236 30
98 3
290 27
229 29
286 7
226 12
470 6
212 18
194 21
175 12
295 5
412 9
453 18
324 31
65 8
206 24
186 27
358 31
282 31
7 3
173 28
402 22
198 22
68 7
498 18
250 8
191 17
380 7
223 12
486 27
239 7
290 24
50 12
103 23
438 17
101 14
193 6
104 14
319 11
280 5
264 6
312 18
42 28
449 24
395 30
254 25
476 4
409 5
191 7
59 24
471 19
89 3
13 8
404 19
66 4
203 14
65 3
283 30
58 23
222 4
16 7
436 24
370 12
368 24
206 23
39 9
437 20
43 1
23 27
484 13
482 10
418 6
52 24
355 9
135 24
412 2
255 8
345 8
43 21
36 5
491 14
129 19
405 23
80 28
469 7
368 14
452 1
51 28
40 22
464 6
185 16
28 11
75 32
267 9
436 18
217 30
79 25
57 32
368 4
263 32
402 2
490 25
118 32
208 25
445 24
183 2
399 6
272 29
81 30
441 25
191 18
294 14
2 6
105 25
189 7
409 18
200 6
295 9
437 30
325 26
25 31
215 27
420 6
247 9
228 28
221 18
345 22
391 22
68 11
271 4
65 7
198 24
76 32
284 16
345 1
245 18
319 3
144 3
149 3
443 12
430 11
497 10
380 28
175 27
438 13
55 23
475 20
470 30
447 14
414 15
214 22
364 12
321 12
474 1
250 24
48 11
430 8
8 2
135 18
108 9
479 26
427 17
469 12
355 31
1 28
410 6
277 13
450 9
280 31
417 5
43 20
263 24
212 2
485 30
304 21
122 18
458 4
438 27
148 16
193 8
59 6
66 28
375 31
284 10
141 13
239 19
368 29
359 27
271 3
129 18
139 30
207 5
2 4
227 17
288 23
148 30
225 5
385 15
431 29
308 32
73 6
310 8
47 28
371 1
215 27
242 21
452 20
153 25
295 23
101 10
354 1
132 10
165 32
380 8
388 15
223 4
233 24
252 23
52 14
299 18
324 8
322 31
191 31
80 17
57 32
271 2
132 2
339 5
121 2
96 29
257 18
320 5
349 11
323 28
396 17
17 31
12 19
198 18
17 21
242 5
308 28
187 20
117 17
440 30
95 3
98 3
204 25
395 28
192 1
304 27
337 4
10 8
362 23
253 6
335 26
303 30
358 17
285 18
365 8
63 19
110 8
365 29
281 27
217 4
327 16
262 11
43 23
214 9
329 10
486 23
164 24
361 25
128 5
198 9
73 25
155 22
124 16
199 32
130 11
79 5
138 1
471 12
463 1
140 4
354 2
10 13
265 14
389 1
367 15
237 31
199 3
472 6
114 6
430 28
288 8
52 9
200 14
161 31
410 8
10 24
425 27
484 2
241 9
434 27
163 10
397 29
264 12
386 30
242 7
325 1
175 24
158 22
453 30
92 19
117 21
330 14
472 13
83 24
389 16
170 11
37 10
263 4
285 9
381 6
315 25
407 29
284 16
419 21
381 6
451 17
463 16
390 10
296 12
497 17
339 18
87 19
231 2
379 15
350 23
41 24
20 27
209 31
362 7
391 22
136 25
90 6
324 4
383 4
303 15
156 10
396 14
220 26
443 18
141 24
413 29
160 24
331 4
86 32
346 9
285 21
21 26
283 9
205 9
316 12
248 31
353 23
212 16
269 27
22 25
298 10
145 1
217 11
28 22
18 13
130 30
58 31
175 28
347 20
208 18
239 27
336 19
98 27
162 2
53 3
330 7
320 14
363 12
448 11
42 1
467 31
266 24
25 20
419 3
171 23
236 5
433 3
351 2
470 25
99 18
251 28
76 7
253 31
310 32
385 19
16 31
226 29
79 14
425 9
473 23
475 4
208 16
279 18
289 4
274 20
473 5
19 13
299 24
191 28
323 19
163 23
277 32
323 7
137 3
56 29
46 14
169 21
289 7
162 14
398 16
21 30
164 15
122 30
162 20
421 29
238 7
175 23
322 5
73 19
96 12
271 1
362 15
245 22
89 26
431 30
397 3
60 28
194 5
373 23
345 18
191 30
228 5
300 30
66 17
212 17
204 30
153 21
273 5
419 1
358 13
403 7
152 26
314 1
494 27
51 22
184 10
476 3
310 7
164 23
351 15
239 19
209 23
323 25
343 17
397 25
294 23
455 13
260 32
493 14
158 3
147 5
488 22
104 26
249 7
376 19
346 23
209 2
209 12
90 8
476 18
104 25
285 30
65 24
29 17
353 23
452 8
379 31
121 2
440 25
453 8
172 30
134 16
55 10
263 24
97 23
129 16
359 17
109 20
161 10
480 13
176 23
364 26
222 17
388 13
57 4
328 20
341 17
460 31
155 30
390 11
164 30
303 3
135 7
446 23
252 25
363 15
60 23
333 5
63 4
293 15
115 5
51 7
285 6
201 15
435 26
394 23
311 20
473 5
310 14
295 10
46 30
340 21
236 32
89 26
447 10
268 9
206 10
15 2
31 19
281 18
8 10
416 3
73 32
319 22
157 2
147 18
123 23
159 18
214 31
155 25
332 18
221 21
444 16
379 10
6 7
291 14
36 2
36 12
445 22
193 13
319 32
155 21
382 5
298 11
115 16
107 11
430 4
335 29
267 21
50 20
223 1
489 10
250 16
69 3
230 22
147 28
157 13
341 10
169 22
484 20
294 23
82 7
270 28
299 12
481 8
363 11
392 32
17 10
227 9
188 20
50 26
208 18
191 32
95 23
37 15
346 26
21 7
404 30
195 2
381 19
254 7
81 17
94 17
138 21
34 5
480 23
215 23
141 5
86 3
115 11
165 5
304 21
91 4
178 13
113 26
163 14
153 28
215 6
44 24
270 5
381 2
12 27
140 4
351 14
90 25
200 23
129 27
143 8
414 29
356 3
82 19
96 22
466 14
332 25
366 21
438 2
406 25
192 14
304 26
123 1
358 18
351 15
28 2
58 10
18 9
172 19
283 27
185 8
429 4
109 14
320 30
391 14
346 10
123 17
123 21
393 20
270 8
318 17
89 23
442 6
140 5
56 26
380 32
374 8
107 2
453 27
231 3
152 20
276 2
76 14
370 20
229 27
415 3
139 3
273 5
460 24
193 32
186 8
107 19
83 2
244 3
140 18
81 3
401 16
416 8
457 25
499 30
127 22
84 29
268 24
197 32
120 10
95 1
165 29
67 32
266 6
338 25
135 7
399 27
478 30
214 19
154 28
472 8
477 15
249 9
114 5
324 21
38 6
241 31
322 7
154 32
468 31
196 2
113 19
340 27
112 29
25 6
469 28
249 9
402 17
393 15
442 24
100 3
189 24
385 31
499 30
450 10
233 21
272 1
443 7
287 23
368 7
24 28
10 8
484 11
269 21
130 14
296 29
392 9
420 17
347 18
166 4
88 10
144 7
95 31
321 5
493 16
396 16
227 13
139 15
168 15
291 17
320 14
377 12
274 32
192 28
418 9
267 13
459 23
67 29
349 31
285 9
279 12
208 25
437 14
67 16
105 9
104 24
147 12
191 12
479 30
392 28
443 6
252 25
272 26
305 16
57 21
312 7
121 15
43 25
217 6
364 25
170 7
448 4
150 19
440 28
372 23
376 22
44 31
214 24
149 2
287 17
459 31
243 23
469 21
191 9
246 22
357 8
224 17
435 13
295 26
500 18
408 31
332 12
354 21
119 22
267 9
58 13
207 28
359 20
436 17
64 10
454 29
153 1
77 27
401 15
165 20
240 4
127 7
23 16
172 17
185 18
250 10
366 32
245 32
483 20
124 15
65 21
319 13
105 23
156 1
469 28
256 4
243 6
131 14
65 6
258 25
91 23
342 20
315 6
383 9
118 2
195 22
434 1
251 10
111 10
246 27
429 29
287 3
87 9
288 23
422 14
252 4
256 17
319 26
179 9
219 16
58 25
181 31
130 7
84 16
40 17
319 20
33 9
491 15
225 6
270 30
379 21
9 23
465 23
56 27
231 18
142 8
391 15
482 4
457 13
111 5
245 29
168 9
237 14
248 21
492 29
310 6
389 18
4 21
348 12
200 6
37 25
217 7
367 18
298 28
466 29
172 26
393 23
339 30
53 26
294 24
454 4
413 6
125 25
250 29
328 9
402 32
142 15
143 8
20 16
183 30
52 2
47 5
397 25
278 29
174 19
344 7
378 16
24 11
24 6
327 11
74 8
67 15
50 17
427 22
352 25
259 12
167 9
52 19
246 17
215 19
251 2
250 25
313 5
483 25
398 9
39 24
240 13
38 6
17 28
415 29
425 13
476 15
181 23
357 22
207 15
197 9
480 2
289 32
70 3
332 16
431 27
291 27
179 12
16 4
144 26
120 28
454 7
362 26
325 10
412 3
492 24
191 7
53 12
466 30
102 30
441 25
20 19
407 30
411 18
449 6
55 32
177 16
14 10
493 2
311 24
72 10
363 15
124 7
94 21
241 7
238 17
79 9
264 17
159 2
110 7
283 12
379 7
171 12
200 4
82 2
271 17
311 10
267 26
400 24
226 20
407 32
173 29
72 8
174 14
165 15
393 15
447 27
257 21
14 4
336 19
465 19
452 15
92 2
264 11
282 21
335 24
304 3
376 28
146 1
309 18
184 29
108 10
323 20
450 29
171 22
283 27
244 18
113 3
304 16
29 13
216 11
476 24
73 23
99 22
400 27
231 7
312 6
64 14
53 13
322 15
2 25
209 9
190 17
135 29
400 24
429 4
230 12
339 15
255 13
224 26
195 11
440 30
496 15
344 9
219 21
475 29
269 32
169 23
356 16
303 16
319 28
75 8
487 13
54 9
201 26
98 31
436 1
105 19
243 8
331 10
464 18
386 9
341 10
43 32
209 17
155 31
280 1
131 19
493 28
211 5
313 29
440 24
197 32
179 12
195 5
105 2
18 26
242 6
395 8
258 28
333 20
186 4
345 32
230 1
500 17
382 16
101 9
60 9
68 18
440 14
450 8
419 12
33 25
177 4
296 22
235 24
198 24
92 30
236 17
230 19
113 3
398 13
283 9
362 18
398 9
315 16
197 14
167 17
98 11
360 5
277 18
373 10
366 24
367 1
488 4
39 9
207 20
165 17
97 10
395 22
31 1
193 3
146 31
159 19
54 7
488 10
316 20
7 1
27 25
133 18
320 19
466 2
459 15
71 3
360 21
400 10
25 29
320 3
155 31
265 4
201 12
241 28
463 31
49 9
471 29
355 19
204 20
168 22
6 6
68 26
54 15
107 15
263 15
101 6
109 5
477 17
117 22
28 15
316 8
420 11
109 18
77 20
297 16
177 7
334 32
20 15
62 2
317 25
108 13
94 28
134 6
228 2
139 24
180 15
183 7
241 3
76 21
158 29
116 30
379 25
429 2
40 11
79 4
19 19
477 32
254 2
33 26
63 32
89 18
478 15
45 6
266 16
90 7
196 29
109 14
6 1
175 29
379 18
104 13
292 16
360 17
41 17
230 19
268 26
197 29
293 29
18 26
64 27
184 24
163 4
185 12
181 20
416 15
317 8
308 8
99 7
208 8
263 2
94 6
459 30
478 3
234 3
364 6
453 28
409 20
191 1
487 3
156 7
134 24
274 13
135 4
311 23
215 10
132 5
159 18
302 17
193 28
335 16
185 16
455 29
107 10
389 1
72 17
347 29
72 20
497 7
344 28
49 2
437 20

