256
431 3
18 32
237 7
5 14
201 23
43 19
287 24
284 13
104 27
314 26
308 32
161 14
360 28
470 30
349 23
194 7
489 4
35 21
258 11
55 15
61 13
109 27
260 28
255 8
419 32
169 22
495 17
407 26
133 8
456 1
30 29
111 22
212 13
299 10
387 13
280 23
153 24
497 28
336 23
479 10
318 4
183 20
180 2
370 32
317 5
144 7
325 7
420 1
455 6
358 10
274 1
140 10
228 17
42 11
387 8
20 29
371 19
220 31
144 29
214 28
265 30
10 2
316 30
478 22
499 11
463 21
323 31
50 2
239 3
317 21
315 32
33 21
390 1
87 5
45 17
197 30
10 2
251 17
339 32
298 2
414 5
314 20
215 19
489 17
158 1
281 32
345 22
8 18
270 7
119 18
395 23
475 4
372 13
284 23
304 25
400 21
45 13
304 31
279 29
63 20
449 20
259 29
361 7
379 30
361 5
295 3
15 30
214 18
198 25
448 22
281 31
70 14
411 18
84 10
18 27
477 10
342 16
463 22
2 21
183 2
41 1
172 19
302 9
440 8
233 12
353 17
86 6
338 21
147 10
390 4
272 26
482 17
453 20
18 30
284 24
19 32
380 2
230 22
426 21
33 10
260 25
23 10
10 24
46 21
337 27
320 4
152 5
72 29
244 25
410 31
492 25
54 8
470 15
405 4
156 25
257 3
377 7
112 14
195 9
42 31
295 26
139 23
14 22
255 22
3 12
488 30
296 18
217 30
28 1
13 3
113 13
450 9
252 17
375 18
422 24
476 28
481 18
218 15
28 4
104 22
340 23
375 19
336 24
252 8
416 16
398 17
385 15
17 16
260 15
433 25
11 16
452 23
374 6
337 9
493 8
134 24
87 16
467 6
303 26
137 31
334 23
99 6
233 7
57 4
210 21
376 28
248 16
414 5
349 23
373 29
246 10
173 28
218 31
254 32
208 14
90 1
276 12
462 9
155 26
204 8
358 8
287 18
111 20
78 11
154 3
151 8
160 27
231 5
165 4
249 17
78 2
117 21
378 23
213 32
300 9
99 30
200 9
115 6
288 4
120 6
346 22
45 18
445 15
234 9
463 26
185 4
24 10
96 9
84 21
136 15
429 14
392 12
322 26
437 17
50 32
254 3
177 2
252 5
277 10
82 3
171 6
482 30
271 29
446 14
237 13
89 13
18 8
144 15
338 8
300 31
487 21
485 28
55 21
136 7
74 13
421 32
187 14
142 1
330 3
163 27
20 11
83 9
82 31
228 19
10 23
361 13
283 18
364 1
434 7
167 3
420 15
454 6
340 31
266 6
34 20
88 17
382 6
293 16
100 16
438 10
250 19
310 17
496 29
221 9
23 24
491 22
178 12
103 2
391 1
39 12
500 6
32 18
499 20
197 15
48 2
264 9
284 13
33 23
97 10
411 11
345 9
117 6
49 27
243 31
439 13
66 15
110 5
172 29
124 32
263 27
205 2
320 21
450 28
471 22
457 10
368 5
486 32
27 6
55 17
324 21
254 13
283 15
337 2
27 9
173 21
483 2
166 6
218 3
6 32
364 6
273 24
319 27
67 21
292 17
317 4
114 2
4 8
489 1
54 27
5 10
156 11
307 5
141 32
140 18
64 31
311 8
86 1
446 13
325 2
273 26
353 2
415 20
486 11
252 19
270 28
468 21
243 7
449 23
150 32
232 5
443 30
253 20
23 14
32 19
435 29
192 19
394 7
199 7
9 26
121 22
206 21
54 28
363 3
34 32
294 25
429 32
10 17
468 20
378 19
231 13
155 18
303 13
380 5
279 9
303 12
370 20
340 8
159 26
130 32
417 11
160 29
363 13
377 30
53 11
328 7
271 31
408 21
383 16
278 29
380 24
264 21
439 7
376 25
8 5
492 25
132 15
473 26
171 2
175 27
456 6
357 2
188 25
2 14
256 15
435 31
358 18
87 16
153 15
244 24
171 31
288 2
89 5
499 8
462 17
334 17
379 3
346 26
159 7
488 2
478 18
400 27
471 18
483 27
300 18
487 19
165 2
476 29
386 15
364 11
351 6
467 21
92 12
147 2
11 22
15 8
259 2
26 9
399 12
56 19
438 22
21 14
167 24
58 29
322 14
103 5
323 2
253 26
233 7
15 31
236 29
434 2
442 8
75 16
319 14
390 16
23 6
61 25
258 7
445 3
244 28
455 6
117 32
331 9
310 25
296 2
225 13
391 18
188 13
209 7
298 3
114 28
360 19
213 5
497 9
400 12
56 14
157 32
265 15
225 19
183 16
120 27
100 22
424 16
179 12
498 28
82 11
500 22
489 12
114 21
220 1
428 24
71 16
151 27
422 31
261 4
98 32
362 10
242 9
189 24
269 14
99 2
500 10
347 21
161 17
177 9
325 9
360 31
40 22
82 22
89 6
417 2
74 23
87 27
415 3
438 19
312 4
237 8
486 11
152 2
395 4
378 12
284 9
318 4
451 3
285 19
93 17
428 14
331 31
184 6
141 25
280 17
360 12
468 9
303 19
195 17
298 20
120 2
13 6
405 27
336 29
57 16
93 32
297 20
202 4
21 31
156 16
499 24
20 6
64 18
436 10
370 13
182 30
166 26
427 18
212 10
462 32
246 27
103 22
182 29
226 6
351 21
205 9
100 16
166 12
397 5
273 3
185 18
108 31
351 2
124 30
351 30
181 4
344 28
490 5
292 19
430 18
299 30
342 19
210 7
62 14
311 18
76 27
492 15
49 14
420 9
108 27
110 8
218 29
275 23
181 26
125 10
59 16
95 4
174 20
258 31
262 20
272 17
267 19
224 7
457 15
339 12
265 20
407 7
252 22
245 16
99 6
393 26
145 32
409 22
143 7
404 20
438 3
445 8
290 4
371 22
162 29
13 27
9 19
113 32
452 29
396 23
78 8
412 22
275 12
391 26
190 30
25 12
173 17
35 22
488 1
59 6
466 11
428 14
193 32
437 5
248 28
251 30
472 10
251 10
185 30
367 7
491 16
58 27
64 4
476 20
497 26
53 2
308 24
139 1
223 27
201 18
259 31
499 26
316 2
327 28
95 6
430 25
289 19
100 20
79 3
255 27
461 31
240 32
138 10
324 12
304 4
34 26
326 12
495 9
337 22
345 11
219 6
220 15
113 23
210 15
245 9
469 21
123 4
177 29
437 20
324 16
228 5
358 25
93 28
398 29
25 6
212 11
367 11
101 3
101 27
373 25
127 25
402 9
400 2
9 8
133 13
132 12
41 1
265 1
192 6
414 13
255 5
163 21
407 16
304 15
426 8
203 12
369 20
300 28
237 25
456 10
345 27
81 21
427 25
222 22
210 19
38 8
463 25
289 5
316 20
79 17
471 25
496 27
441 15
311 1
307 26
398 11
56 31
92 14
175 21
303 21
151 5
52 29
393 24
185 4
135 19
152 6
99 15
500 23
293 22
68 4
427 1
306 2
147 13
315 22
61 18
410 7
310 5
27 18
153 3
113 7
177 8
96 32
262 12
18 18
257 13
209 16
402 3
165 12
263 32
221 16
449 10
386 6
91 25
311 11
475 11
233 16
38 29
131 7
128 4
56 8
85 13
419 30
131 8
385 29
267 10
68 23
439 2
324 1
70 18
475 20
260 28
399 13
388 17
151 31
381 10
250 5
174 29
154 4
104 10
401 10
347 12
436 6
477 27
18 6
96 17
90 7
200 28
207 3
221 5
305 1
414 6
269 4
222 6
95 5
311 7
194 2
19 13
147 31
239 12
41 18
8 30
244 7
321 10
497 5
158 9
345 28
207 9
363 16
34 5
105 29
8 2
206 30
131 4
20 21
367 32
407 11
393 30
285 22
452 26
106 21
286 31
236 16
415 14
272 21
259 20
497 30
25 14
143 3
257 22
376 31
426 30
201 18
135 26
383 2
471 1
399 20
143 6
248 5
84 3
209 6
246 9
311 10
110 29
129 6
170 4
193 7
489 13
265 27
230 31
61 24
487 19
308 29
92 15
38 11
425 26
72 6
303 18
143 24
38 27
130 32
126 2
154 30
66 30
237 20
65 21
199 27
255 22
180 30
412 25
77 20
314 24
357 20
382 8
232 23
122 9
478 32
386 28
361 23
49 21
450 21
245 21
164 15
6 7
49 14
263 21
105 16
124 26
248 21
165 15
276 2
43 1
385 32
384 30
230 21
46 32
397 27
32 24
493 29
106 21
306 28
369 11
500 21
428 15
349 4
77 20
81 19
229 6
46 16
415 7
396 20
158 13
454 25
204 23
430 2
339 31
233 20
201 8
404 12
330 16
71 18
228 20
376 24
321 21
419 27
400 11
250 1
107 28
450 26
2 15
323 28
317 24
251 22
491 22
145 21
110 16
78 9
71 10
144 27
226 6
181 25
228 2
34 6
485 19
200 14
65 26
30 13
281 24
398 16
138 3
92 19
314 9
287 20
122 26
478 16
195 2
324 15
439 1
460 32
43 19
261 19
33 22
340 29
274 1
436 27
335 15
361 20
48 7
31 9
428 20
220 30
369 32
396 24
104 32
435 19
366 3
457 30
189 4
63 6
89 6
76 7
377 12
71 12
434 1
148 17
313 12
334 9
115 26
192 10
289 22
68 10
173 1
404 17
24 2
174 8
315 21
35 27
388 9
318 17
57 26
33 29
185 14
254 15
299 5
368 31
423 20
241 19
164 16
159 23
313 24
151 23
284 13
22 11
493 23
343 29
8 27
122 20
444 31
342 15
23 26
181 29
497 21
95 32
268 17
198 20
436 20
59 19
236 28
93 20
122 23
481 2
13 10
173 25
180 23
255 10
76 19
203 28
60 21
435 11
50 16
111 13
184 9
408 3
452 28
351 21
139 7
54 3
284 11
163 23
241 1
220 16
204 6
443 27
71 5
145 32
212 3
308 23
127 11
166 14
271 16
355 25
198 24
263 5
134 22
147 2
194 26
393 9
140 27
215 26
63 8
33 19
318 4
21 21
259 2
78 21
405 4
289 6
340 7
434 29
180 4
51 18
298 15
326 29
130 29
350 8
456 14
318 13
73 3
421 31
376 3
211 21
282 31
382 1
106 4
446 1
99 28
362 4
290 12
36 19
432 21
463 11
118 20
11 19
118 24
21 26
134 4
274 31
434 7
36 7
26 29
176 17
328 25
224 1
428 20
36 11
348 14
97 10
277 12
156 23
243 12
240 28
111 29
142 17
371 25
435 13
361 30
373 12
351 16
157 26
59 32
341 11
393 25
372 13
248 15
267 6
54 18
69 9
370 27
61 17
91 15
341 8
161 25
491 3
160 31
140 11
42 32
125 10
269 8
455 28
374 25
210 15
79 2
443 24
192 15
392 15
54 4
86 10
444 8
76 4
427 7
26 4
47 2
254 31
497 4
34 30
428 27
500 6
225 3
306 24
149 5
50 14
429 27
415 4
63 2
31 9
57 20
308 15
57 25
473 29
120 6
274 24
453 6
257 29
68 26
444 24
111 26
418 7
480 28
114 22
26 17
86 6
200 10
388 25
306 32
161 30
69 15
177 5
412 17
401 27
495 21
46 9
42 23
495 1
499 24
119 16
104 20
457 12
449 8
264 31
407 24
384 11
210 16
348 25
492 16
303 10
296 5
294 17
15 32
62 13
452 8
388 31
383 16
62 24
39 13
438 29
101 17
272 10
232 23
135 31
70 21
413 10
137 26
406 20
198 11
16 17
146 28
407 13
99 25
64 2
145 25
434 9
173 5
407 8
27 21
478 1
181 14
166 2
300 3
321 1
390 20
349 31
239 31
119 26
75 14
179 28
34 24
316 14
21 22
313 23
466 27
199 19
32 32
316 15
139 8
179 16
471 31
266 10
282 25
251 20
418 29
427 12
392 19
9 16
316 14
163 18
464 29
280 15
429 23
178 31
230 12
446 24
235 27
465 8
447 3
75 25
495 10
168 19
96 28
2 3
201 8
44 16
229 23
11 1
269 28
223 10
247 12
254 17
230 2
200 25
285 19
245 3
128 20
369 23
291 23
485 24
238 13
7 2
203 5
474 16
408 32
25 7
67 26
339 17
496 15
177 32
165 25
262 28
184 23
14 26
353 10
317 10
378 24
112 25
44 13
108 28
485 32
310 23
410 24
51 21
186 15
388 6
351 21
493 18
279 18
212 23
208 28
277 17
203 12
221 15
324 16
50 4
460 11
63 9
358 1
477 8
44 16
97 22
12 14
132 15
151 19
477 26
222 5
147 1
344 19
23 8
47 24
327 18
282 5
78 3
354 22
34 21
269 23
142 8
424 17
126 2
467 27
284 17
59 6
465 15
500 31
422 26
410 32
255 23
489 4
181 10
237 3
90 29
49 7
137 28
208 26
397 26
216 24
214 19
313 26
29 21
164 22
62 13
401 25
467 25
500 28
434 21
214 31
93 22
458 21
85 29
47 13
190 2
13 32
240 1
433 20
489 17
69 3
373 30
71 32
210 22
339 24
10 24
370 27
17 27
387 29
343 29
433 13
47 13
140 18
122 4
54 2
20 14
364 17
295 30
84 1
356 10
500 29
325 13
171 13
48 6
293 30
490 17
126 32
170 21
322 11
337 23
252 12
200 16
100 15
401 11
351 32
456 6
325 20
70 19
472 25
404 8
211 26
489 32
281 22
101 10
300 13
180 11
496 4
370 20
78 7
482 32
230 18
481 2
69 22
401 5
371 12
156 5
49 4
268 30
5 24
283 24
360 7
59 28
194 28
303 27
198 12
402 8
73 30
333 2
135 29
386 1
389 17
141 13
389 9
266 13
480 17
49 4
363 7
195 32
34 13
30 4
484 19
363 21
164 19
402 2
280 27
359 24
179 7
456 31
259 14
312 15
122 16
78 20
318 16
391 23
472 12
286 19
202 4
215 13
195 28
218 6
254 16
493 1
427 32
351 5
373 10
275 10
225 4
181 14
327 15
245 14
194 30
457 23
30 7
463 24
139 17
49 24
460 25
176 22
192 23
423 5
244 13
262 25
253 11
362 3
365 10
229 19
340 17
305 9
207 12
296 25
300 28
89 27
88 8
497 11
346 11
47 30
319 29
410 7
103 27
354 31
433 26
25 12
118 26
344 32
449 19
373 32
334 9
358 1
280 10
403 14
476 26
419 11
462 32
69 28
302 26
30 30
355 11
357 28
88 28
352 8
190 20
487 27
388 32
147 11
254 6
496 29
203 2
227 20
93 24
79 27
421 8
332 4
218 1
303 21
92 26
44 10
229 2
156 8
78 31
487 11
56 10
411 2
248 14
477 12
137 3
438 21
366 30
36 28
310 23
92 25
344 12
34 29
17 6
244 14
196 22
424 7
64 31
64 11
176 28
150 16
446 28
220 7
209 28
246 22
298 18
270 1
325 16
417 9
197 1
435 24
242 14
346 21
248 5
115 23
152 21
86 29
56 10
259 8
265 5
485 22
46 10
406 18
409 19
210 13
187 16
348 8
58 1
85 9
157 27
80 4
19 5
404 30
322 3
41 18
371 1
203 28
279 29
285 3
135 6
496 1
342 19
452 19
92 4
55 24
439 26
56 13
151 27
235 12
325 15
114 3
152 4
462 26
276 10
320 14
444 11
434 5
362 22
387 17
125 17
200 23
279 3
224 9
270 14
104 26
436 17
493 11
385 26
368 20
404 32
422 19
58 15
335 7
444 13
371 29
365 31
483 7
381 22
423 30
367 3
300 31
95 20
389 7
449 13
491 16
500 28
402 21
470 24
328 14
308 18
334 1
324 28
167 17
226 22
58 20
320 5
394 10
500 27
245 5
243 11
152 18
498 22
2 15
493 1
232 17
379 5
177 2
85 23
258 18
136 32
401 3
24 23
73 28
429 29
324 23
403 19
468 12
232 13
218 21
298 22
377 32
218 21
229 26
99 19
463 23
154 16
393 21
10 5
52 22
133 15
164 7
54 19
434 9
99 12
361 12
305 1
275 26
141 12
176 32
342 30
326 15
1 14
375 18
35 19
3 19
153 18
202 2
148 11
343 3
490 7
346 22
292 25
316 28
476 3
375 1
480 16
367 13
270 17
194 16
19 5
322 4
362 27
229 26
214 15
108 27
126 9
349 29
425 32
52 4
358 19
420 1
126 18
169 31
379 11
402 5
59 16
420 4
450 13
133 15
423 24
218 16
397 26
316 1
81 4
425 26
294 8
126 23
334 7
18 28
157 3
460 31
346 8
190 28
84 31
310 14
118 19
406 22
444 9
39 4
440 27
165 1
10 23
356 27
85 13
406 13
495 22
11 1
449 12
488 16
226 5
389 32
176 26
209 3
367 11
495 14
61 3
391 7
301 6
265 21
322 23
329 32
388 11
360 8
391 27
71 32
496 19
163 23
105 20
141 15
470 31
128 3
498 10
453 26
467 9
35 32
387 15
308 10
54 31
165 16
366 7
115 25
194 14
383 6
1 7
120 30
10 15
352 7
469 8
156 7
373 14
427 15
257 6
237 22
104 9
309 29
136 19
181 9
52 3
330 32
438 1
226 15
47 29
305 7
233 20
302 21
354 20
215 30
165 27
123 28
204 23
89 19
205 13
371 9
184 8
364 25
352 5
419 22
18 27
265 6
386 10
58 15
497 28
52 21
427 30
428 26
456 8
320 29
489 6
473 4
93 12
144 20
425 2
193 18
136 5
395 9
226 16
464 10
427 3
234 1
393 14
482 20
381 5
212 9
194 20
392 22
372 7
433 16
448 18
441 3
286 23
308 4
138 3
437 16
137 11
269 5
36 10
229 12
255 8
489 24
328 32
290 27
267 22
494 14
51 10
149 29
472 28
52 5
78 12
376 2
362 4
95 13
246 31
165 28
466 13
151 1
384 32
491 18
14 4
68 28
121 16
252 12
375 23
52 8
495 4
369 24
423 15
105 20
489 29
371 19
125 2
99 20
165 14
362 22
129 5
446 30
200 9
45 30
204 25
377 2
376 13
257 2
412 29
170 8
333 4
58 1
413 13
317 6
450 26
459 10
162 12
31 17
305 16
434 20
24 18
409 3
258 13
400 25
230 25
273 2
313 26
371 1
338 23
6 31
68 1
69 13
72 15
441 32
26 10
439 5
387 7
3 24
216 11
17 29
175 17
358 31
118 32
64 16
266 5
446 5
237 22
265 17
317 13
240 2
430 3
95 16
377 13
164 28
203 24

