256
339 7
429 32
379 16
274 15
361 31
458 18
492 30
400 32
199 21
499 27
68 6
13 24
263 19
50 19
10 6
432 28
201 20
168 11
248 13
285 8
24 2
473 27
107 32
326 14
440 16
268 8
194 32
83 16
475 17
110 20
458 9
388 2
252 11
88 31
495 4
459 2
465 31
32 4
155 22
81 18
33 24
453 26
332 24
33 10
372 10
493 29
386 12
191 14
434 10
340 13
2 18
298 18
81 10
93 15
391 5
32 3
225 25
353 20
224 5
213 23
231 25
275 32
437 17
105 26
447 25
2 8
446 20
117 26
333 14
464 27
234 8
349 14
332 25
217 15
438 29
1 12
338 23
135 26
444 24
495 2
388 25
189 25
148 1
63 8
218 26
406 32
225 30
113 32
307 14
314 20
110 18
115 31
441 9
72 16
192 11
477 15
415 25
116 14
173 26
245 7
407 22
194 20
107 18
39 9
487 1
8 9
18 26
395 26
223 31
45 2
385 25
49 11
37 24
64 10
45 12
100 3
13 21
434 19
302 9
384 5
29 23
89 26
365 19
208 19
301 28
56 25
477 4
187 5
119 26
74 11
113 29
318 5
169 3
96 23
427 19
463 19
221 7
205 25
385 32
375 10
367 31
426 15
386 5
208 29
418 1
19 3
158 20
7 14
291 30
500 1
432 30
24 25
364 32
89 29
491 28
490 25
246 7
52 27
379 27
487 9
391 30
179 24
45 17
226 7
491 9
404 30
391 27
426 10
358 7
58 24
182 11
56 27
314 23
409 28
217 12
192 12
105 14
155 25
259 8
188 13
309 7
374 23
369 32
156 26
18 6
425 7
112 32
477 1
439 21
469 7
484 32
114 8
234 21
441 12
204 32
444 12
218 1
414 6
172 2
163 5
487 15
239 22
418 11
375 4
304 19
67 31
206 28
79 31
300 7
282 12
498 1
367 11
246 25
4 1
54 14
106 32
456 16
341 9
263 11
285 26
409 23
56 15
30 30
405 2
4 23
37 9
263 3
67 24
387 2
425 20
439 30
183 10
429 8
471 7
90 31
460 15
105 24
317 6
149 9
19 25
259 19
5 22
162 20
381 16
345 5
192 4
390 22
381 15
101 31
213 15
457 21
393 17
188 25
251 32
133 29
192 32
176 25
265 5
120 1
236 32
6 23
451 7
357 16
65 9
386 10
499 11
450 19
107 9
303 17
28 12
478 32
179 29
416 31
341 3
291 20
350 4
207 5
43 23
484 31
371 1
384 22
63 5
464 6
25 19
378 21
202 3
272 8
211 11
174 31
73 4
479 14
112 29
222 18
451 5
112 17
74 24
42 16
32 14
157 9
124 11
461 29
93 16
56 12
270 9
354 6
396 28
263 19
72 5
364 10
393 20
195 14
323 32
306 6
93 18
114 12
348 10
244 9
9 11
96 18
231 29
471 31
485 10
189 16
274 21
430 22
380 20
484 18
211 1
111 32
102 5
223 14
2 19
94 7
117 9
492 16
341 15
326 29
252 30
233 5
418 6
42 25
137 29
202 11
165 1
2 15
389 21
420 18
43 17
104 3
53 16
6 29
262 31
70 21
49 6
37 14
167 18
467 3
455 16
1 11
184 23
89 20
431 20
166 17
372 29
131 28
68 5
169 9
23 18
193 31
243 21
93 1
11 19
415 21
430 15
287 18
269 24
37 15
87 10
23 15
175 18
234 18
494 2
275 24
343 23
291 9
252 3
197 18
293 11
430 22
378 4
335 30
295 12
197 6
277 11
44 27
76 29
397 17
383 7
289 17
341 31
366 8
313 2
57 21
25 30
178 6
406 17
251 28
440 15
285 16
370 20
19 21
457 23
366 15
289 14
119 25
436 24
425 12
398 25
204 6
319 9
27 24
449 13
127 20
428 20
104 21
91 14
93 23
240 14
89 32
315 4
212 6
191 24
349 20
321 16
213 7
137 3
66 17
220 16
325 11
455 8
295 10
253 7
444 24
49 5
223 15
240 14
465 2
422 5
222 22
69 14
84 13
377 25
141 32
192 1
94 11
244 8
44 28
126 19
339 2
19 9
241 30
347 5
40 28
221 21
213 29
46 12
345 18
296 6
17 11
154 26
485 14
349 8
97 15
15 28
500 17
200 32
143 26
296 14
17 13
294 5
157 3
376 18
261 19
43 5
10 28
239 18
445 31
226 18
413 20
329 29
476 16
356 18
278 32
151 30
372 32
227 20
283 18
233 23
477 27
23 2
471 25
183 31
52 12
160 4
351 28
432 3
220 28
444 21
291 19
494 6
242 20
41 20
26 30
270 10
48 5
191 14
257 29
137 20
485 28
476 7
136 23
161 3
46 29
55 12
403 8
349 32
120 10
20 1
15 29
498 30
433 20
284 30
412 24
201 24
67 8
83 10
435 7
260 16
199 2
20 17
66 12
97 5
109 4
181 27
108 14
389 1
69 4
434 16
91 14
228 13
162 6
63 20
404 2
279 15
340 30
407 13
18 15
441 30
322 21
453 18
2 17
174 2
364 15
401 14
444 24
314 17
141 16
404 9
402 7
499 21
184 21
497 13
260 17
31 21
261 3
362 6
175 23
331 6
345 23
343 1
211 12
245 11
384 21
247 13
35 9
229 30
2 1
271 1
365 21
45 21
283 27
386 9
497 32
346 22
298 32
482 4
195 6
63 6
78 1
66 20
406 18
182 7
222 28
223 2
252 27
62 6
377 15
194 6
366 27
67 4
78 16
227 4
477 21
54 15
450 27
166 31
469 19
465 30
150 11
480 29
157 21
138 26
192 15
111 17
221 25
276 2
428 27
274 28
143 15
458 4
149 12
150 21
174 6
159 12
4 18
428 21
30 10
46 9
248 12
482 1
36 13
470 11
111 7
366 22
69 16
401 30
3 27
186 24
368 4
203 16
481 11
384 27
48 17
83 11
288 28
467 31
173 13
137 15
179 14
240 8
29 29
169 23
43 22
59 22
50 17
133 14
243 8
392 14
148 11
437 19
390 3
461 14
191 25
49 2
451 32
321 3
132 13
214 18
194 8
288 27
236 12
125 19
492 16
120 11
342 24
426 32
163 14
497 9
335 9
426 13
37 18
319 4
86 8
46 32
7 29
374 7
456 2
73 27
366 24
438 11
452 3
494 10
452 23
170 22
239 28
126 7
193 17
147 11
328 32
410 7
228 3
281 3
485 5
334 22
396 3
112 11
337 10
164 20
448 6
278 30
281 11
165 13
199 15
103 19
354 32
65 9
499 5
467 7
49 8
36 4
70 27
495 14
252 2
398 3
343 11
89 7
281 5
300 16
415 10
358 32
470 26
52 12
118 18
154 6
318 13
313 3
187 23
497 11
317 18
341 31
272 13
486 16
385 25
31 3
242 32
270 11
13 9
30 22
339 7
499 20
223 4
246 26
322 6
200 18
487 16
1 18
25 22
162 13
474 32
412 15
284 17
426 24
354 15
130 20
138 8
199 8
143 28
121 5
38 4
454 24
64 6
486 16
291 11
348 8
190 11
331 9
292 16
473 21
62 14
40 19
433 14
263 32
385 27
96 10
407 25
298 18
355 11
409 25
281 28
113 30
219 23
147 2
402 7
358 3
72 29
218 8
338 16
135 18
66 10
496 8
131 29
293 1
279 25
333 27
161 25
380 27
91 30
92 20
144 17
159 23
49 12
275 22
207 5
459 4
491 2
96 17
450 4
457 4
293 9
138 17
438 22
183 16
395 6
372 23
74 26
457 2
257 11
7 31
492 29
438 30
123 13
454 28
125 30
152 13
50 29
369 7
158 7
367 5
176 26
443 1
471 7
370 23
482 24
245 1
44 22
306 18
419 11
90 19
20 13
459 13
29 27
408 27
81 10
239 12
363 25
208 21
431 13
263 16
156 31
440 23
40 13
69 22
207 22
352 30
398 6
147 10
340 30
316 32
179 2
379 9
86 22
429 25
14 7
484 5
401 24
424 24
20 4
250 27
1 21
304 26
115 2
27 26
355 7
78 5
248 4
129 2
394 9
406 27
451 1
132 19
164 27
143 28
46 24
262 22
196 13
147 6
367 17
264 13
367 25
310 31
148 30
152 21
347 25
4 21
297 15
500 17
189 18
496 6
385 1
483 20
173 9
390 27
153 25
464 16
197 25
338 12
62 13
441 28
249 16
409 29
78 24
357 6
253 24
203 17
164 5
68 5
165 29
79 5
165 6
40 5
18 1
409 20
69 17
191 17
292 31
214 29
62 26
486 30
478 12
302 9
224 18
329 28
30 12
56 3
153 20
259 15
176 23
102 1
367 16
61 6
447 30
230 4
196 3
322 9
106 15
165 29
344 30
68 14
253 24
272 25
275 22
279 30
49 8
194 19
376 15
277 6
380 26
181 3
425 10
99 10
477 28
211 24
109 30
397 1
457 20
469 31
50 32
181 22
479 26
68 30
480 32
379 20
54 12
138 22
413 1
211 13
204 5
61 20
255 9
376 23
477 12
294 6
443 18
179 18
199 2
331 19
442 18
242 27
121 27
176 17
319 14
274 22
159 2
185 21
142 28
475 6
256 32
347 18
93 5
175 28
123 18
174 8
419 19
410 31
497 17
423 8
322 12
189 16
381 6
244 23
285 15
492 8
338 7
442 31
215 28
74 17
473 7
400 15
217 25
281 5
97 28
232 7
251 9
102 20
498 26
6 14
268 5
174 21
187 15
387 22
230 12
238 23
410 30
297 10
2 18
43 31
133 26
221 19
46 26
218 15
371 15
177 26
424 18
95 30
316 1
215 9
293 25
451 30
146 4
32 11
177 22
449 1
199 13
43 17
343 25
491 25
187 27
203 26
368 1
424 11
129 10
80 13
294 18
327 23
129 18
438 9
283 10
465 21
407 28
77 29
120 4
313 26
86 7
268 10
15 11
136 8
180 7
268 22
449 30
264 13
155 13
86 21
439 30
270 13
409 14
445 12
265 29
186 15
476 25
304 10
495 11
337 22
210 5
351 10
402 23
438 17
19 11
345 25
425 14
5 1
164 13
213 12
410 18
130 13
202 17
78 12
76 7
425 13
223 12
294 12
94 11
32 4
106 1
273 30
46 1
214 9
430 10
137 23
27 14
75 4
51 24
479 26
418 16
114 8
31 27
116 28
489 15
87 26
79 27
475 29
192 21
333 9
318 25
459 25
439 1
276 5
388 11
318 22
10 3
297 20
189 16
15 1
411 13
123 13
164 17
113 3
137 14
327 3
118 9
3 12
21 22
396 32
236 13
65 25
495 18
136 11
273 26
212 31
455 6
24 14
282 20
324 27
285 26
77 7
138 23
310 10
60 2
269 12
122 30
244 29
47 16
3 15
233 18
58 15
251 25
156 13
420 11
303 13
184 3
311 5
161 4
182 4
381 23
219 19
488 19
323 2
46 21
56 10
95 29
169 29
397 20
229 1
7 15
225 2
113 31
363 9
210 20
345 7
198 27
297 29
229 7
422 14
499 14
256 1
294 16
438 31
99 6
211 1
49 11
499 5
25 9
286 10
108 26
28 6
396 8
46 1
146 32
102 9
149 5
89 22
132 6
336 23
396 18
39 32
184 25
456 4
101 17
294 29
74 29
70 30
497 3
298 18
434 11
490 14
108 3
376 3
456 23
173 19
461 16
498 4
452 22
352 9
398 21
465 16
317 6
293 21
500 10
11 10
340 32
367 3
430 26
390 10
157 30
440 25
477 14
260 21
243 3
333 8
459 1
463 8
182 3
292 13
196 2
114 32
154 13
186 3
74 7
172 22
341 8
198 17
49 10
245 23
272 1
282 3
225 21
358 6
351 5
87 3
155 8
286 8
32 3
94 26
250 22
39 14
377 29
406 17
46 3
419 17
79 4
47 4
296 28
61 15
257 27
45 7
51 18
70 22
152 23
391 29
428 30
342 8
18 8
284 31
250 30
231 12
254 2
335 25
385 24
47 29
98 23
403 20
272 16
434 28
487 24
28 18
105 2
422 14
469 17
388 18
111 27
249 16
100 12
116 24
35 15
477 20
457 23
484 13
203 17
356 13
92 31
454 29
456 23
22 8
284 22
345 22
380 22
461 11
233 12
314 3
442 22
102 31
373 29
479 19
353 18
115 21
420 28
345 16
295 26
3 26
127 16
175 30
145 19
336 5
414 10
199 24
143 28
106 11
89 32
441 5
269 27
89 32
475 9
415 9
151 6
50 17
117 16
135 25
414 22
193 31
471 3
34 30
42 11
332 22
74 5
423 26
179 19
30 21
296 8
273 30
213 30
426 1
101 28
145 14
382 21
193 16
79 2
21 21
217 21
454 22
125 4
484 23
91 9
308 18
308 8
387 29
106 28
405 18
224 22
72 9
238 12
12 1
341 5
493 25
385 30
199 17
26 30
15 24
398 18
57 21
106 23
429 31
106 14
268 9
383 15
137 12
454 9
140 7
33 32
203 5
282 13
129 31
286 27
126 15
169 30
240 6
476 20
336 5
353 19
114 3
146 30
59 27
102 26
245 18
182 32
106 23
52 10
473 22
229 10
224 17
131 7
22 26
483 25
390 27
163 11
422 12
309 12
111 14
29 7
248 30
6 21
376 18
439 8
99 3
297 10
267 23
489 8
88 11
348 14
9 10
184 2
374 32
113 28
254 18
42 13
55 8
205 3
457 31
482 31
161 27
432 19
409 24
418 1
94 25
326 7
331 5
236 24
353 21
39 18
342 20
458 20
479 30
30 19
157 32
45 29
494 25
448 10
248 9
250 18
334 23
296 4
288 31
219 32
231 13
97 24
188 14
320 27
419 1
305 7
64 30
96 25
178 19
311 5
259 12
118 28
191 13
459 30
148 25
469 30
137 13
302 5
174 1
195 4
321 11
19 1
52 14
293 29
8 27
6 26
367 23
62 9
92 20
386 15
401 2
320 17
474 1
213 7
241 19
442 2
110 20
298 5
425 26
242 32
397 3
402 27
425 15
171 28
186 8
458 14
465 22
475 22
398 19
288 23
150 5
404 3
41 25
271 25
494 8
453 6
314 18
4 3
20 2
106 1
433 8
495 17
193 13
38 18
359 1
284 4
406 31
118 30
91 13
466 9
104 14
326 30
123 14
8 30
355 29
199 24
232 13
388 32
13 14
218 23
102 25
231 19
40 32
156 14
440 6
66 32
39 4
165 18
73 28
155 31
488 13
418 28
45 30
495 17
231 12
280 24
417 2
191 28
61 26
437 13
319 31
248 18
98 8
223 18
435 17
300 26
82 6
345 22
375 16
183 13
255 14
140 31
323 14
478 15
380 3
235 6
121 6
259 2
245 25
91 15
62 2
305 7
311 29
268 9
340 2
141 7
467 25
265 29
462 31
376 13
9 6
243 1
444 9
50 24
186 20
219 11
233 15
241 28
171 12
228 23
14 25
457 28
1 1
121 22
167 4
7 31
105 21
7 20
101 32
88 30
47 18
236 8
180 24
175 10
336 6
64 17
122 28
180 14
445 4
140 27
295 6
490 16
98 24
151 22
404 14
188 10
247 27
81 30
251 19
480 22
9 7
138 22
415 17
308 31
117 7
173 27
296 18
14 5
10 13
294 1
106 13
214 25
108 27
130 26
401 29
147 5
4 20
243 6
452 30
128 24
348 28
183 15
314 28
239 23
212 12
235 2
217 32
170 32
446 15
33 7
112 7
459 15
166 5
32 29
454 23
389 5
162 7
147 31
118 5
149 10
121 11
499 9
35 4
12 4
170 32
30 29
426 21
247 31
41 30
411 27
140 15
499 6
73 18
128 23
234 25
372 6
11 10
190 13
241 21
229 30
96 26
395 25
246 5
315 7
271 18
337 22
228 31
415 21
332 31
343 6
171 10
271 25
139 25
282 31
365 22
344 1
267 22
185 29
231 16
355 29
281 3
466 32
25 13
12 17
275 30
126 1
271 32
329 25
60 30
491 5
119 19
237 2
72 29
102 2
124 32
358 12
146 16
264 2
56 31
82 6
481 7
126 3
307 30
364 30
416 18
142 14
188 6
271 12
151 12
117 14
179 11
382 12
150 5
198 21
271 31
386 31
338 31
58 12
464 29
361 23
126 11
265 18
84 19
277 18
111 9
212 9
219 25
317 12
89 2
276 31
496 25
166 5
23 31
180 19
495 25
217 8
247 13
285 18
220 21
416 30
306 3
322 16
71 26
448 23
355 27
73 27
236 18
35 10
312 15
96 10
459 5
278 9
497 10
238 16
327 29
397 28
483 19
211 25
208 6
267 7
233 4
265 20
429 31
429 5
69 25
398 19
41 31
435 13
293 21
105 7
381 9
306 16
423 12
120 7
174 23
249 18
430 13
77 14
15 1
450 24
233 32
462 21
78 5
162 6
273 30
192 9
322 13
368 1
13 32
431 10
78 19
147 15
43 31
216 9
431 14
140 24
217 10
288 10
202 13
16 6
418 27
478 16
56 6
188 32
389 22
309 26
296 3
176 6
29 3
246 31
408 14
474 28
191 2
270 4
414 21
217 24
195 22
423 22
243 22
373 31
431 29
448 18
487 31
267 31
366 4
30 17
249 19
249 7
116 18
330 2
358 18
213 20
92 31
6 2
300 30
317 30
263 24
307 25
91 5
320 24
84 21
80 25
203 20
123 27
49 9
52 10
350 20
310 1
102 7
479 5
248 3
482 30
114 16
463 16
212 14
159 27
482 15
479 8
418 18
206 7
258 29
76 19
372 13
104 1
255 22
77 23
80 6
364 17
49 10
249 8
163 7
407 24
349 21
32 23
190 1
437 31
494 12
258 13
101 5
394 11
294 18
209 17
232 21
269 12
454 1
40 21
128 22
112 28
34 11
446 16
380 14
374 9
450 31
293 18
195 2
256 28
8 29
64 11
93 13
370 14
53 9
162 20
58 14
212 8
268 1
19 3
243 4
75 8
227 32
93 5
405 20
261 20
368 12
2 32
360 20
358 5
132 15
148 26
144 7
485 20
368 23
262 22
98 1
153 28
408 21
97 32
148 1
76 24
384 17
475 4
448 4
360 32
203 31
473 14
218 25
313 13
311 23
398 8
115 30
84 22
498 4
185 25
240 8
12 15
337 7
70 28
170 25
67 28
140 19
274 29
347 10
145 25
12 10
65 22
295 4
499 24
179 32
140 10
443 32
392 31
490 10
267 15
242 21
235 25
224 20
293 18
445 29

