256
131 13
10 8
2 30
147 26
136 31
336 20
389 16
114 9
56 5
287 13
222 11
127 14
373 5
127 22
244 17
308 2
361 21
18 27
338 32
424 21
86 19
465 19
338 10
263 14
158 5
138 12
204 32
113 8
361 4
313 12
420 32
330 17
288 23
495 6
362 30
154 20
380 2
274 18
48 32
167 25
436 24
288 19
272 29
271 28
492 23
235 19
407 20
43 10
114 13
375 32
10 9
275 26
498 24
311 21
287 9
102 26
132 17
65 23
289 7
386 12
121 25
43 19
388 1
425 22
178 11
477 23
179 7
428 29
2 26
221 20
418 30
361 2
211 25
156 27
111 10
483 28
14 5
110 13
165 10
254 18
37 22
29 7
184 24
243 25
398 20
324 19
137 25
216 31
109 12
402 16
265 32
303 22
112 24
382 8
150 4
118 22
69 2
400 21
157 31
289 10
310 25
221 2
149 16
497 1
11 26
328 15
485 26
404 28
246 6
371 19
273 28
80 1
337 3
445 22
325 2
399 18
198 27
432 10
407 20
454 5
29 26
44 5
115 23
108 4
288 2
106 4
170 29
253 26
16 25
351 32
134 14
326 19
220 5
28 18
388 6
99 4
467 10
280 17
144 7
145 28
68 10
491 5
139 3
447 6
144 13
197 21
250 22
460 2
130 3
299 17
172 9
432 6
390 27
275 18
301 11
317 9
372 11
309 26
254 11
15 9
256 4
25 17
233 4
326 19
175 5
379 14
225 23
188 31
77 10
352 18
84 28
302 7
326 6
465 19
69 31
327 8
190 24
328 27
187 10
489 1
482 15
59 26
233 2
172 22
411 7
391 30
42 32
300 8
153 4
446 21
95 21
396 4
476 20
262 6
81 10
375 10
321 21
119 29
234 27
214 32
17 24
341 3
295 32
426 28
256 3
20 6
347 12
337 2
491 7
188 27
200 14
484 8
50 6
73 23
96 22
278 1
390 18
23 4
257 12
483 20
22 15
213 5
270 2
394 24
500 13
330 23
346 21
219 27
266 3
29 26
428 6
326 5
423 28
205 8
147 7
43 20
41 20
240 14
9 30
421 28
418 22
58 4
414 16
362 4
270 15
245 10
196 22
218 11
269 22
2 23
461 12
434 17
3 2
15 19
159 3
370 8
37 32
43 2
55 9
333 1
147 1
374 10
498 23
164 6
365 5
180 9
61 6
29 15
491 23
426 5
478 15
428 18
426 23
315 29
79 24
9 21
76 6
270 14
176 18
339 8
450 15
216 6
188 9
425 26
287 22
178 24
348 9
129 18
279 28
106 29
91 10
285 10
347 15
91 10
192 10
414 21
152 1
3 11
225 15
368 8
480 1
479 7
353 8
452 8
403 5
192 21
374 21
10 28
235 21
94 2
234 23
418 21
339 16
427 32
346 2
427 1
42 5
4 10
364 31
377 14
216 21
110 17
101 32
13 11
424 18
112 17
316 1
393 30
301 3
69 14
464 3
323 5
252 22
250 19
484 31
85 23
251 2
492 27
17 20
37 20
461 16
448 12
380 8
281 32
362 6
178 13
344 28
33 15
29 31
266 4
113 2
415 15
395 2
417 4
261 13
55 25
304 27
348 11
46 12
67 12
477 24
84 25
95 9
471 3
103 8
338 3
289 32
281 12
361 25
299 21
353 5
193 32
207 16
42 1
372 20
160 12
351 3
224 29
415 11
271 17
134 5
83 27
64 3
458 5
263 20
397 31
460 6
122 23
333 8
419 16
123 2
404 6
376 31
474 15
173 1
307 27
57 18
81 8
308 26
44 15
145 5
389 4
382 11
270 30
378 16
270 12
469 9
29 21
151 19
487 16
99 1
482 23
238 30
126 6
451 10
320 3
314 32
198 23
422 32
112 27
7 1
355 32
405 23
172 16
385 22
83 27
154 8
341 8
329 15
289 27
488 32
225 5
19 2
347 9
241 14
443 16
191 9
75 23
180 2
354 8
107 4
251 12
203 19
3 15
409 31
13 24
250 5
48 29
159 22
61 7
56 7
498 18
4 4
192 15
21 14
450 27
185 24
239 28
143 25
122 11
384 19
151 21
371 30
105 29
296 21
132 23
372 25
448 11
405 15
409 1
388 14
256 13
262 2
312 16
438 17
158 17
67 28
158 26
358 22
170 13
131 25
355 6
282 10
80 14
144 8
314 20
401 9
456 26
118 7
269 4
51 3
228 26
86 25
259 23
203 8
447 25
433 5
38 18
454 13
103 6
160 12
481 8
41 24
222 30
54 10
213 20
268 21
425 10
381 31
148 27
315 3
267 7
99 16
312 21
124 22
2 15
33 18
343 21
269 24
83 6
257 19
277 13
439 6
434 20
440 21
106 10
379 1
352 30
28 7
382 12
132 11
138 29
216 16
441 4
99 3
305 8
170 1
436 28
338 9
131 10
301 29
383 20
461 3
157 12
101 2
343 5
272 17
249 7
164 17
322 7
64 18
470 9
262 1
44 24
125 19
377 5
263 19
104 11
197 8
414 30
1 13
382 20
441 2
462 28
22 3
218 5
260 15
169 6
295 17
473 23
387 29
344 17
311 19
75 4
263 16
157 3
96 2
239 24
371 16
140 20
335 21
477 6
248 5
319 18
357 7
313 23
343 4
95 18
306 1
13 16
9 21
183 12
58 9
140 24
324 23
319 10
339 3
456 14
144 26
332 28
269 8
447 3
151 25
264 32
414 8
228 10
296 2
377 17
34 24
132 1
498 19
367 25
449 26
126 28
299 5
444 19
452 10
178 22
134 9
262 27
421 5
172 12
250 25
273 15
416 4
491 30
58 25
102 11
30 27
450 5
388 29
395 11
486 12
497 8
69 22
370 5
450 6
408 31
90 12
333 13
436 27
270 5
32 31
351 5
154 21
241 25
249 32
83 23
263 3
58 31
188 31
171 17
320 19
187 1
110 27
118 13
46 23
38 9
462 32
341 15
392 22
7 5
273 9
227 31
168 24
70 3
62 32
344 26
22 2
494 16
401 7
28 18
350 13
78 19
157 6
277 32
203 7
40 15
371 30
214 26
253 11
97 11
374 16
400 28
321 29
379 13
356 6
222 1
323 23
367 31
217 19
378 23
425 2
98 7
387 19
37 20
93 29
306 6
424 1
213 28
449 11
169 32
497 6
8 3
189 18
149 25
368 30
379 28
147 20
439 30
138 3
25 2
311 14
400 10
238 8
181 10
55 13
490 3
443 9
73 15
75 5
91 30
98 21
234 1
445 28
130 14
350 14
16 28
187 23
97 8
378 9
461 16
182 26
334 8
151 22
106 29
478 28
166 28
16 19
24 24
126 25
246 11
10 21
338 32
27 10
471 8
267 23
188 8
233 9
71 19
279 4
459 24
223 8
183 14
79 14
50 8
62 11
383 11
407 24
118 9
358 16
188 20
223 7
71 23
248 9
41 14
20 23
133 10
178 24
183 24
225 28
312 11
230 18
209 4
265 31
124 10
470 28
97 20
38 23
202 17
11 18
162 10
444 3
475 6
166 10
377 30
445 28
28 11
233 29
14 22
267 26
119 8
301 28
132 22
234 5
327 17
427 4
478 30
486 13
343 31
166 32
393 26
111 4
136 8
360 18
341 26
491 27
66 31
26 29
332 8
381 26
60 23
350 17
29 3
193 23
190 18
294 30
320 17
205 15
248 1
308 20
394 10
250 27
144 4
359 28
239 24
337 2
250 18
38 2
225 15
353 22
440 14
347 11
50 19
418 21
319 25
88 13
227 22
227 10
465 30
197 3
29 26
204 2
423 21
408 31
323 28
412 3
405 6
373 7
13 6
307 11
367 3
247 1
84 30
314 16
411 15
454 15
100 21
68 18
101 19
373 12
86 4
38 23
246 26
1 2
404 23
144 30
53 3
66 16
68 7
35 26
93 16
120 28
348 23
418 13
366 30
224 23
425 5
497 10
374 9
483 29
156 23
398 24
369 23
344 24
194 6
265 18
366 24
182 25
422 27
13 23
240 28
442 24
348 26
38 30
287 12
350 2
498 20
149 26
414 32
153 7
370 1
97 27
152 6
151 6
228 24
416 23
251 9
482 19
295 15
24 5
391 9
374 28
324 30
106 6
14 6
196 3
379 4
173 30
421 15
307 8
190 31
466 25
431 12
243 9
170 26
157 20
342 18
152 30
404 5
107 13
218 14
355 16
446 11
330 26
201 16
218 31
210 31
35 21
334 1
69 4
394 10
119 27
459 6
104 10
230 26
482 20
364 4
247 25
362 16
378 7
64 19
157 13
130 27
117 27
171 30
22 20
115 21
2 1
262 6
287 4
19 32
291 6
456 25
394 17
113 16
83 8
70 27
152 19
133 21
218 15
306 11
218 24
379 16
344 25
29 2
132 19
102 18
281 5
162 22
225 18
1 12
153 7
250 13
473 27
425 6
37 18
429 11
1 15
178 32
299 14
178 2
456 3
407 24
187 29
114 27
194 18
422 7
36 12
3 17
406 19
50 14
8 6
400 12
489 17
203 27
338 12
421 30
214 15
381 20
247 2
15 25
460 20
491 11
107 17
59 4
271 17
158 6
290 9
137 10
190 27
269 23
275 1
172 20
219 9
240 26
398 22
258 29
41 16
56 8
92 2
215 2
426 28
491 8
133 23
197 30
317 21
52 23
357 8
431 4
276 18
393 25
127 14
382 15
397 29
18 28
254 1
201 16
456 3
247 32
169 7
261 9
464 17
428 16
388 10
99 7
231 15
335 1
140 20
375 24
356 5
227 14
477 15
289 32
469 19
20 9
33 28
474 20
296 17
168 3
462 22
197 20
109 8
400 32
451 2
488 11
370 10
416 10
493 20
278 9
442 9
450 30
132 3
322 16
175 21
314 12
106 27
31 14
394 18
314 28
407 5
150 25
366 29
474 6
472 11
171 21
103 32
239 23
42 4
14 20
400 23
55 1
189 29
423 18
218 28
426 32
388 19
104 13
344 26
463 31
32 1
80 23
104 6
221 1
81 18
416 32
264 18
188 25
258 14
386 27
197 23
154 8
238 18
41 25
39 7
247 14
191 10
408 6
347 16
494 23
65 25
258 9
82 22
485 23
259 10
17 12
33 10
95 10
279 7
54 5
193 24
91 19
478 22
28 16
478 29
103 6
281 28
426 30
361 14
404 20
132 4
131 24
442 17
137 8
64 2
389 4
193 31
491 26
328 14
198 25
391 16
403 31
215 12
237 28
442 16
399 17
60 13
440 1
457 8
424 20
469 20
128 1
494 14
183 6
487 4
182 5
383 28
104 29
264 32
24 1
479 6
481 2
154 24
94 15
347 10
130 7
181 25
327 15
78 1
200 1
92 17
145 22
317 8
275 20
439 10
488 22
424 4
11 1
387 25
187 25
122 17
399 30
129 5
180 15
86 31
123 9
112 19
207 28
219 17
359 1
482 2
278 9
165 13
334 31
393 24
487 6
392 21
19 17
461 15
227 30
281 13
279 28
171 5
171 25
465 5
398 14
226 15
55 10
315 32
144 31
111 30
276 31
366 7
227 11
197 13
428 1
5 14
221 23
190 19
416 6
272 9
304 29
191 10
91 18
97 14
416 31
216 20
413 29
338 11
111 14
443 15
214 15
96 10
326 14
29 21
143 20
405 6
500 19
155 22
452 23
28 20
14 15
411 18
175 32
269 18
337 19
176 26
362 27
336 7
408 32
279 27
367 23
348 2
277 15
12 13
457 27
300 26
133 6
248 19
161 8
444 17
78 3
398 27
94 13
477 5
152 27
403 30
289 31
88 26
457 23
498 17
489 5
235 25
210 22
427 14
349 15
70 22
45 7
69 14
404 17
491 31
4 17
425 28
495 28
209 27
462 26
216 2
354 22
422 7
135 4
136 7
274 17
112 3
24 12
456 11
429 2
333 8
43 5
75 1
472 24
192 17
341 7
86 15
60 11
461 6
59 9
380 32
153 7
150 16
23 18
454 15
255 3
234 5
99 24
38 7
91 1
207 32
487 9
182 2
3 2
443 1
90 18
97 3
164 2
270 10
55 12
488 6
66 13
310 20
29 15
86 19
427 17
254 21
141 31
14 11
77 28
260 10
129 12
112 5
453 30
330 32
161 6
21 22
38 14
241 22
381 3
185 11
175 26
276 11
225 21
161 25
97 32
170 29
127 14
369 24
219 15
439 19
16 27
308 5
492 16
119 4
430 3
383 4
444 14
122 20
298 3
172 18
406 14
471 13
327 15
112 5
37 26
127 16
212 30
457 27
333 15
279 31
81 13
218 12
22 16
396 27
474 11
65 19
260 27
263 18
225 2
334 6
127 12
165 14
393 9
245 22
399 7
340 7
387 21
207 12
248 18
78 21
372 18
304 20
380 6
421 21
292 27
218 2
66 14
460 15
59 24
388 13
226 23
288 16
135 6
371 15
299 32
307 18
146 10
301 29
28 10
481 23
328 10
88 9
136 7
55 14
102 26
150 27
20 13
290 27
134 4
389 8
164 11
102 21
157 30
333 4
327 2
354 10
67 17
251 2
192 9
247 21
99 9
472 18
185 25
272 7
477 20
250 32
59 7
448 19
457 4
102 11
149 15
141 16
99 7
269 22
399 32
435 17
412 26
115 28
222 14
118 14
250 16
189 32
422 32
226 26
120 7
365 8
133 25
335 19
99 8
373 13
471 19
494 14
64 32
181 29
197 11
335 14
370 23
105 15
159 30
225 26
8 13
249 24
297 24
223 3
391 19
243 5
253 12
446 16
47 26
452 24
128 22
41 29
309 18
344 3
31 20
300 19
8 28
382 4
335 20
50 17
50 20
437 10
84 6
469 10
360 5
77 3
58 6
188 6
319 11
36 5
98 3
239 29
87 1
260 17
76 5
498 26
156 22
279 23
168 28
73 27
372 1
217 25
118 28
147 28
286 6
137 3
73 23
191 7
495 30
79 11
314 24
48 26
214 6
60 9
425 16
111 32
281 31
77 22
83 23
38 32
460 18
455 4
48 1
42 31
299 1
465 32
400 12
433 5
41 9
197 18
124 15
465 8
486 9
358 8
467 15
139 27
420 9
310 7
90 8
213 8
176 13
203 31
392 32
40 9
480 16
250 31
395 10
211 12
107 4
299 17
462 25
351 17
382 9
51 11
216 28
414 23
144 24
317 32
103 24
320 30
444 1
37 6
282 3
217 28
314 3
313 23
155 23
211 28
27 29
62 14
228 23
336 32
295 25
259 5
8 6
331 23
146 31
140 15
465 12
19 6
426 23
108 9
197 2
320 12
282 10
169 22
60 29
381 14
9 19
103 4
68 21
171 29
151 22
195 19
370 21
448 15
247 19
227 24
224 27
371 17
132 27
366 3
395 26
397 11
88 3
123 3
135 9
71 9
454 10
103 31
330 18
470 9
308 4
372 23
446 2
387 1
132 13
324 19
202 20
133 18
422 11
444 12
399 19
192 17
132 14
175 25
195 28
389 2
44 32
384 29
353 30
270 29
78 1
67 16
164 11
69 9
158 20
492 8
230 7
408 1
328 7
174 18
430 26
375 1
174 10
314 26
83 27
214 17
27 4
440 14
331 32
126 4
223 9
43 25
151 3
17 2
237 18
351 10
104 5
491 5
38 8
154 20
386 20
280 28
147 3
453 5
430 30
316 21
398 19
161 20
13 5
377 29
367 7
118 2
155 16
246 24
411 3
311 24
118 15
59 13
365 27
445 19
144 25
3 29
323 19
440 31
339 4
287 13
394 32
26 20
364 19
91 6
374 22
422 11
196 16
107 20
195 8
58 2
16 12
231 10
222 14
376 21
338 2
117 27
269 15
483 16
117 25
406 22
326 19
333 17
158 23
433 12
194 10
394 29
402 12
398 19
145 13
35 10
286 8
417 15
498 19
186 22
471 19
308 25
121 12
169 7
282 13
334 32
443 31
36 12
202 2
318 3
206 5
180 28
208 16
250 1
346 7
22 13
230 1
465 30
468 13
480 14
86 22
77 16
392 8
75 30
397 24
440 23
448 11
298 7
419 27
63 28
185 29
284 26
413 12
116 9
85 27
334 18
260 2
401 4
225 27
97 18
70 32
76 14
358 25
24 4
271 27
244 19
23 7
221 19
479 4
167 11
134 16
84 14
113 28
249 26
14 17
459 7
232 18
452 25
110 8
69 28
266 28
38 24
190 26
74 20
297 5
82 27
92 25
28 5
204 24
394 9
472 8
152 23
89 3
495 2
430 11
281 11
226 10
334 8
428 12
287 32
500 25
358 3
237 1
499 5
364 4
9 31
447 28
241 3
115 4
436 8
150 32
91 20
34 20
495 13
331 21
36 14
1 6
273 30
278 23
382 30
15 14
180 5
254 17
200 8
360 11
263 1
351 1
236 20
277 14
196 19
11 11
141 15
124 17
452 22
35 13
247 1
75 14
66 4
50 13
47 17
251 25
418 1
14 5
336 14
87 19
100 21
114 32
311 13
4 15
342 23
447 20
143 21
366 28
52 31
324 2
324 31
111 1
27 20
449 19
265 23
97 32
335 2
308 14
151 15
260 16
53 22
80 28
79 5
255 2
63 31
432 18
153 30
330 27
17 23
97 17
165 18
348 24
107 15
497 1
318 32
249 2
313 20
417 31
476 20
225 26
102 4
128 14
401 29
136 17
87 21
49 32
278 16
455 24
51 27
493 28
410 9
441 14
272 26
317 19
233 13
488 30
400 23
291 16
72 18
68 6
362 32
465 11
11 27
227 13
73 27
132 14
311 5
408 30
134 8
180 10
116 27
51 3
282 17
18 5
118 17
66 8
52 15
322 30
153 20
327 30
266 18
411 16
86 6
9 19
393 28
436 32
207 2
78 8
178 19
44 20
383 21
127 18
491 12
348 12
348 26
73 13
187 19
393 1
5 9
343 5
441 15
257 27
116 6
486 2
281 13
441 27
137 15
449 4
218 28
475 25
25 23
30 31
233 2
187 1
174 18
486 14
12 10
112 15
427 9
124 7
477 4
74 22
334 14
445 12
169 7
320 29
169 9
255 5
474 26
490 20
323 11
465 10
420 9
312 2
377 8
257 6
203 10
171 29
203 19
292 31
237 11
415 21
164 21
157 29
314 30
488 24
324 17
321 27
233 25
293 9
124 5
166 10
82 8
214 4
302 13
6 18
320 28
294 11
144 31
323 30
300 23
445 4
115 22
70 31

