256
278 21
160 3
81 9
19 2
318 12
74 11
426 1
485 4
422 26
77 25
11 30
367 12
276 7
278 24
172 9
172 5
149 31
447 17
495 17
418 20
377 4
327 6
228 15
189 5
424 29
217 2
223 15
97 14
149 19
65 16
243 16
120 24
66 26
324 20
235 26
223 7
85 5
116 32
212 20
16 27
273 32
273 11
166 9
344 2
299 28
486 22
495 5
137 24
375 20
323 9
53 17
423 9
298 26
300 9
193 11
347 29
398 31
311 23
44 30
81 2
265 10
235 3
374 3
374 12
331 4
60 3
93 2
372 10
371 19
102 8
190 20
232 7
419 11
2 26
400 22
155 1
499 18
479 12
112 29
324 10
400 11
29 20
69 24
85 7
422 14
206 7
134 18
50 20
184 11
217 3
132 7
303 30
112 6
205 12
134 32
369 1
115 1
377 23
296 17
473 2
147 11
32 32
320 21
387 23
131 31
289 30
177 28
447 29
225 4
216 2
31 28
390 13
333 22
179 20
79 32
49 5
34 29
60 5
161 22
59 16
400 19
109 24
142 8
68 14
207 27
223 13
71 17
86 19
434 28
382 12
267 27
440 4
215 19
4 7
296 2
222 27
113 3
475 2
386 6
472 20
29 30
32 23
10 25
353 20
233 14
159 15
368 15
3 30
449 26
13 9
272 26
495 16
64 21
489 5
215 32
392 27
358 24
45 11
392 25
162 4
482 29
179 14
271 5
487 11
390 15
19 25
233 22
248 4
334 25
245 4
400 32
494 21
411 14
476 7
286 29
482 12
161 28
321 3
44 3
354 30
158 32
298 26
237 30
37 31
486 5
322 13
121 32
142 27
57 1
389 19
457 11
314 22
382 22
400 6
144 5
63 9
329 24
42 25
257 31
339 10
63 25
479 7
32 24
418 4
440 2
282 20
28 19
365 18
432 1
39 32
221 25
228 9
312 10
318 5
52 24
162 10
20 4
1 7
463 18
139 18
75 32
150 31
219 14
216 26
482 6
77 19
206 1
455 13
278 28
289 17
280 31
498 3
294 10
202 29
119 20
10 14
463 19
148 5
377 27
183 14
468 23
264 29
415 27
245 32
194 26
224 9
40 10
124 25
71 21
293 14
16 3
87 26
17 6
11 21
300 29
455 31
155 2
495 10
288 3
465 18
124 25
306 19
114 5
200 20
457 32
77 32
498 27
302 23
248 24
259 31
60 13
17 6
283 23
135 10
102 24
403 21
492 21
92 17
341 19
140 18
134 5
121 20
231 10
146 31
289 20
229 20
117 26
62 15
108 8
320 9
499 19
138 14
487 5
446 31
19 2
328 8
6 1
135 4
74 4
270 11
36 31
210 24
448 23
402 7
171 29
468 29
499 13
363 21
333 8
164 7
97 3
206 14
291 9
394 13
472 19
79 3
13 20
10 8
411 31
219 9
188 30
453 10
290 15
23 26
475 18
176 31
380 13
377 23
221 30
239 1
136 25
51 1
456 29
460 22
175 22
150 22
215 3
400 28
269 30
329 7
311 20
18 2
385 18
212 21
367 26
1 30
118 24
2 30
464 6
143 14
343 17
352 14
99 3
413 3
376 30
462 14
97 15
227 17
76 7
290 14
92 26
147 18
193 9
487 4
462 1
498 8
273 21
65 3
303 30
90 22
71 15
67 11
85 17
500 28
435 1
305 23
282 19
440 11
99 22
334 8
406 31
68 7
31 4
401 9
461 14
214 27
96 32
402 24
425 1
191 7
393 27
89 26
446 4
352 8
305 18
308 15
220 31
93 3
210 29
287 3
187 9
405 6
132 2
314 24
410 16
471 2
351 27
32 24
291 31
191 23
272 14
9 32
428 25
94 14
446 12
12 32
380 12
265 28
426 2
123 15
286 17
341 28
4 12
431 10
106 17
240 26
175 5
221 10
201 26
91 18
193 6
481 25
222 22
288 31
27 6
333 8
355 29
447 2
248 21
151 18
202 10
83 4
194 3
477 11
468 4
244 32
373 13
436 26
322 11
240 24
485 5
12 7
301 2
196 9
39 18
254 28
291 4
467 9
342 11
231 1
66 14
468 23
50 24
32 27
478 8
423 18
400 18
4 12
95 31
248 9
248 13
76 11
188 2
375 21
41 5
189 26
430 21
396 12
412 32
54 13
403 24
407 18
113 22
1 28
461 17
44 4
101 8
450 13
365 32
21 21
280 22
363 22
218 30
393 21
37 6
221 3
274 31
92 6
389 17
445 9
193 5
408 29
460 26
137 20
33 10
81 29
367 23
226 8
404 18
416 17
63 28
83 20
467 7
74 15
119 26
55 23
6 2
159 9
23 28
493 20
305 5
220 3
219 1
106 14
414 5
118 8
360 17
16 26
227 21
32 13
458 30
359 12
400 21
132 26
164 16
329 20
48 28
490 14
196 31
444 13
319 25
289 3
113 16
4 31
96 4
35 17
473 13
220 32
114 16
498 17
179 6
449 19
430 26
48 29
237 27
86 27
404 30
85 28
233 25
207 16
476 5
232 28
190 28
24 19
359 21
283 9
50 7
467 27
169 27
456 25
357 1
311 8
470 16
128 10
336 30
29 3
278 24
462 19
267 25
121 29
209 8
14 7
134 32
89 14
494 24
410 15
288 25
462 21
468 25
458 15
126 22
465 24
450 14
222 32
115 15
193 19
98 2
285 3
37 26
89 27
269 22
85 9
70 30
165 21
339 27
191 12
312 19
71 29
285 13
181 7
339 25
425 16
430 18
370 26
435 2
200 27
308 28
111 5
34 32
266 16
250 28
39 9
315 30
26 15
254 2
349 4
430 13
379 19
334 4
176 8
410 32
175 29
11 5
297 20
264 26
267 29
222 30
278 4
415 11
486 4
8 6
111 5
162 25
147 16
88 2
467 1
401 25
65 28
278 30
307 1
479 18
406 12
231 3
87 9
337 32
16 24
461 18
132 23
466 18
470 5
303 28
402 20
77 2
467 18
31 29
394 22
50 15
61 28
185 16
128 29
275 15
216 20
120 15
210 9
180 15
490 19
114 19
390 30
60 20
395 19
332 1
452 30
143 8
13 32
215 29
200 6
135 16
77 11
466 2
43 30
316 32
332 25
274 21
175 6
428 5
276 23
61 31
492 20
294 13
383 29
497 14
350 19
201 26
89 27
415 16
16 10
367 7
362 1
419 24
326 2
457 29
308 1
31 12
424 32
156 6
184 32
92 29
134 16
162 15
162 16
58 1
157 12
227 27
416 1
258 17
194 14
45 26
287 7
153 2
251 28
220 2
459 27
319 12
306 20
18 20
408 23
348 28
203 27
138 14
71 8
63 29
313 11
118 3
386 26
13 24
77 12
421 15
246 23
330 15
71 20
222 14
478 22
393 12
496 31
150 10
278 24
182 26
22 27
245 19
68 1
246 8
192 3
382 17
109 16
191 3
263 1
360 12
186 25
272 5
487 17
450 28
336 20
409 9
282 17
320 2
409 5
49 28
83 31
388 32
494 11
74 16
343 18
347 32
390 18
60 32
242 17
343 9
492 15
490 18
404 13
179 16
373 27
116 24
9 23
351 6
285 24
461 11
61 16
6 18
277 13
29 3
278 11
299 1
122 28
246 25
448 4
40 25
355 19
480 23
362 6
217 10
309 17
125 6
336 30
23 1
399 8
335 8
422 13
296 11
125 26
271 16
169 11
96 27
317 23
238 6
108 14
176 25
334 4
138 30
281 20
134 11
211 32
206 13
156 26
27 20
247 26
204 15
460 11
142 32
78 27
306 29
36 21
453 5
132 18
390 24
102 31
443 32
194 20
296 10
353 3
481 31
324 32
70 31
187 23
410 12
441 3
300 24
399 29
196 14
194 30
442 19
460 8
459 26
235 30
207 8
280 31
390 27
75 19
237 9
21 23
376 25
65 27
140 16
427 12
493 5
125 2
267 4
21 9
441 4
479 31
47 6
186 16
213 28
247 25
20 11
447 23
432 8
421 19
327 8
110 19
172 6
457 2
170 29
163 6
436 17
109 10
102 2
270 22
53 28
115 32
338 29
170 9
276 6
44 26
289 25
273 24
239 1
250 8
261 4
221 29
256 17
30 9
122 31
23 14
18 13
301 32
401 2
328 13
412 3
278 20
376 18
364 26
334 5
225 15
376 13
143 27
274 16
487 15
323 1
125 8
349 9
399 22
247 15
426 18
449 7
209 12
309 16
289 10
36 5
88 27
310 2
41 15
402 24
181 32
240 25
267 5
434 14
190 12
244 27
189 12
21 1
16 25
173 28
323 4
21 26
119 18
140 19
264 13
390 28
468 2
305 18
274 22
251 31
417 26
429 29
38 25
205 29
482 13
412 20
85 24
213 15
113 8
65 8
96 11
24 31
140 24
149 17
417 15
227 13
245 7
141 14
307 5
390 16
222 1
443 2
233 16
212 1
211 16
425 11
434 12
369 5
127 25
337 15
268 3
431 16
69 3
497 8
267 6
15 24
38 26
497 30
317 8
319 31
336 7
333 17
190 18
194 20
70 10
414 17
93 28
52 21
266 28
388 4
137 19
372 7
64 20
148 20
76 2
406 19
208 27
383 25
292 24
268 21
458 13
402 14
376 5
414 5
57 30
173 1
260 4
219 27
263 11
54 18
184 31
304 20
49 7
492 4
114 24
257 31
292 30
176 12
314 14
160 2
95 24
415 26
79 9
28 18
203 1
235 31
391 7
130 24
77 29
335 10
84 19
465 24
100 20
395 18
433 18
135 11
442 21
84 4
34 23
65 16
395 24
474 22
190 31
429 10
428 7
159 15
206 27
238 9
115 8
70 15
390 13
278 3
105 29
202 30
176 27
226 10
122 27
207 15
6 11
280 21
250 10
295 11
61 9
463 19
16 13
425 9
441 26
439 25
267 17
387 10
111 4
363 28
14 18
246 23
56 1
155 13
462 14
463 14
186 10
252 5
162 1
310 14
82 24
498 16
240 28
141 18
347 12
285 29
425 22
83 24
406 30
489 32
391 27
445 32
80 13
128 25
225 17
194 6
37 12
6 16
75 14
330 6
1 14
486 21
496 20
257 25
9 17
472 27
399 5
326 15
465 30
71 29
242 13
346 22
308 23
406 30
201 7
7 29
200 4
330 23
412 30
300 8
34 7
319 24
391 28
114 27
449 13
395 7
301 25
172 16
147 1
341 19
15 16
252 27
191 1
113 10
18 32
22 11
387 20
186 17
187 8
132 8
336 2
382 12
470 9
447 9
482 7
315 16
338 10
62 9
498 27
482 7
290 3
269 32
46 19
305 5
254 28
72 13
165 25
428 23
5 18
251 10
364 25
186 14
483 3
230 12
125 7
199 23
66 3
442 31
273 6
195 14
33 14
318 30
70 17
184 7
470 18
264 26
202 9
387 12
400 28
368 8
178 10
290 11
384 20
58 1
329 12
34 26
370 8
411 31
448 10
365 26
379 21
103 4
281 25
116 8
456 7
408 21
400 13
80 27
132 9
439 25
92 9
26 13
176 8
252 7
381 16
392 11
300 18
190 1
482 29
112 29
491 23
274 18
68 17
173 3
341 7
363 12
287 12
245 30
175 4
289 3
167 4
165 23
26 27
399 31
215 30
148 26
381 13
95 24
125 23
350 21
434 21
100 12
100 24
238 19
43 14
181 14
57 2
380 6
404 26
441 18
139 32
175 11
8 22
170 8
92 28
448 9
84 27
449 15
243 30
161 13
63 22
50 27
39 29
53 18
58 5
263 13
432 14
67 15
411 25
274 14
108 17
231 3
119 11
225 29
68 18
202 18
79 3
452 29
384 12
262 21
200 16
489 19
165 24
273 31
144 22
281 3
118 3
293 17
41 21
301 20
106 22
441 12
457 16
4 24
100 21
132 11
493 13
282 1
28 30
436 19
452 12
125 25
78 25
305 26
489 22
429 19
163 17
482 3
464 6
162 27
454 6
66 30
266 3
159 21
104 30
167 19
161 27
124 22
411 20
207 31
89 27
345 20
355 15
222 10
16 16
85 13
29 10
119 6
200 9
438 11
222 32
210 14
98 9
471 12
316 17
406 5
163 27
8 21
281 13
38 28
464 2
116 16
475 18
489 22
214 14
181 31
233 30
372 6
426 14
337 1
222 27
497 8
197 28
104 29
437 26
272 4
467 31
96 6
177 8
467 10
362 27
29 2
388 20
276 29
94 24
258 31
58 2
403 6
462 2
82 6
351 25
1 22
296 28
259 8
32 21
213 25
224 25
338 7
493 1
128 14
429 1
104 10
342 18
444 31
216 17
404 14
82 13
383 1
352 29
200 11
70 24
127 1
153 29
255 29
133 10
434 21
470 21
251 12
247 14
318 26
422 14
27 7
330 10
231 1
254 14
416 23
342 14
467 22
62 30
342 7
455 27
107 17
15 25
88 21
254 5
222 4
478 21
30 11
362 17
340 3
42 23
290 3
352 16
80 14
477 9
460 20
251 14
208 18
479 31
378 12
199 20
407 21
52 25
335 5
401 10
379 6
132 32
29 4
276 32
249 28
233 4
387 11
477 18
100 23
240 2
39 19
429 17
467 28
85 5
244 17
179 6
279 14
142 31
145 21
266 1
20 6
452 31
185 21
352 12
87 32
113 13
382 1
422 24
224 6
352 27
343 10
441 13
44 6
279 8
350 8
433 9
394 12
479 30
16 23
65 11
126 22
79 7
422 20
58 18
210 25
464 16
143 12
376 26
189 6
225 10
49 9
463 26
393 25
223 20
475 32
362 4
317 21
310 10
292 7
235 1
128 7
256 2
454 11
159 3
284 27
384 29
392 30
126 24
139 13
43 5
488 9
417 32
345 18
245 4
93 4
341 24
30 20
193 27
227 19
329 14
437 9
194 16
410 32
463 28
372 18
13 23
262 9
218 22
154 30
445 18
441 29
169 10
381 1
157 15
415 1
468 32
401 6
383 15
185 22
358 16
55 10
470 32
150 27
125 12
148 13
253 25
354 6
262 26
134 6
192 25
459 3
104 15
172 6
21 12
387 7
115 1
452 32
460 2
270 20
109 18
153 9
210 10
282 11
91 20
445 10
168 23
440 3
113 20
460 2
319 3
364 26
139 23
17 3
268 19
182 4
408 22
89 13
191 26
291 1
137 7
62 24
137 22
426 2
465 2
235 7
84 10
68 6
264 25
320 24
223 30
111 14
187 7
98 18
421 16
158 13
123 28
65 19
425 30
212 25
79 22
23 2
43 31
236 31
27 15
42 1
408 16
230 31
351 7
324 23
66 1
31 12
256 7
151 12
289 18
68 3
160 3
381 6
33 12
212 23
22 25
159 6
257 4
228 31
418 19
229 31
87 23
375 15
206 9
22 2
90 30
212 1
384 8
7 32
411 10
178 13
175 12
66 11
427 21
389 24
399 29
30 25
79 32
327 16
132 1
481 2
494 21
174 29
340 8
496 15
454 17
35 20
360 12
410 10
448 6
333 6
470 22
330 20
118 5
36 29
61 20
322 2
412 32
430 4
231 25
354 24
449 12
163 4
43 8
297 22
425 13
335 14
342 24
294 23
24 5
60 32
48 17
137 32
80 30
415 23
194 20
198 30
359 25
153 21
136 13
242 13
77 4
454 27
443 27
229 23
427 4
254 23
21 23
286 4
12 24
114 10
319 8
51 9
24 8
281 31
4 6
219 13
153 5
203 3
123 23
265 30
219 15
376 15
113 9
42 24
212 12
181 10
319 8
262 18
287 14
500 2
267 27
222 27
95 20
365 29
355 22
118 5
352 13
15 8
5 4
439 20
63 32
301 1
203 14
74 21
455 2
130 13
144 4
491 26
127 4
306 1
189 16
109 28
268 23
355 17
383 1
44 9
264 1
30 6
406 27
158 9
176 16
433 23
343 28
260 9
483 6
6 23
193 14
62 16
89 20
436 31
60 4
119 20
324 16
141 17
251 19
293 6
290 14
301 20
353 12
304 7
329 5
357 5
275 14
333 23
185 20
37 20
99 27
419 26
155 32
355 21
62 3
386 19
76 22
186 24
450 1
114 18
298 26
3 24
239 11
286 7
454 2
19 21
180 1
178 6
348 24
442 17
31 20
111 10
365 8
386 10
137 31
444 14
321 18
209 31
132 18
186 25
19 32
193 14
492 27
384 32
254 13
452 12
152 19
242 9
210 23
34 2
477 13
131 13
126 19
60 25
36 17
398 22
152 30
252 15
312 23
186 10
311 30
201 3
200 10
183 9
420 28
459 21
397 25
45 6
132 12
483 15
200 16
73 11
321 8
346 5
162 7
198 32
168 2
138 19
192 12
332 11
240 6
7 16
82 32
9 9
359 19
232 7
222 28
113 15
331 10
175 32
341 32
315 20
473 1
431 12
124 2
127 19
403 21
350 4
388 23
49 31
53 4
9 11
435 21
169 1
79 11
108 15
418 30
130 10
78 8
258 10
173 12
268 15
368 30
411 20
180 31
206 28
442 22
358 32
334 30
344 8
220 31
34 17
76 24
231 26
427 16
207 8
223 30
378 26
443 8
197 14
98 30
354 7
467 15
266 29
89 5
64 20
263 26
1 31
465 31
344 15
70 26
194 8
375 12
233 18
359 14
439 25
35 8
199 30
59 5
154 3
277 29
158 12
166 26
230 6
240 1
225 5
474 10
452 16
489 13
165 8
170 32
8 4
451 30
57 29
374 26
155 11
279 21
42 12
322 31
278 6
195 6
222 24
419 22
15 4
62 8
459 27
487 10
138 13
375 31
298 9
108 8
251 14
116 8
182 10
118 11
351 4
312 24
331 30
97 1
341 14
80 11
92 14
264 6
207 27
276 4
239 27
455 21
121 7
336 2
212 1
464 30
468 27
485 30
208 2
346 25
91 6
347 23
195 23
264 13
453 31
404 19
125 27
235 1
485 2
250 16
374 13
461 5
191 1
342 31
378 31
299 17
316 25
355 23
459 2
263 31
8 19
305 24
81 23
229 13
312 26
112 25
395 8
229 13
220 30
187 10
109 1
418 32
334 32
138 8
241 25
407 32
271 23
83 23
454 15
415 5
141 30
154 15
153 26
323 12
452 6
469 20
346 14
187 31
361 9
175 13
77 13
52 11
347 3
197 16
445 3
269 25
192 18
175 4
155 2
215 2
359 4
369 12
273 8
439 30
232 17
86 16
397 22
6 31
272 26
247 8
16 3
357 27

