256
186 7
461 4
33 15
359 4
285 24
70 1
428 18
435 23
23 19
341 30
470 1
226 5
58 21
135 9
190 26
218 7
480 22
319 12
236 1
139 24
348 21
364 8
194 14
446 24
208 26
405 21
263 7
333 8
195 7
84 13
496 21
259 32
35 29
339 14
105 26
290 21
390 29
432 19
155 25
3 10
366 31
391 12
241 23
152 32
394 3
320 29
240 30
68 2
359 7
395 23
236 20
119 13
41 6
411 27
278 9
260 16
24 2
123 12
225 14
199 22
361 22
210 8
152 14
77 14
36 23
324 19
7 15
99 27
196 29
445 18
126 24
469 13
206 27
412 18
217 3
251 25
332 24
232 11
237 8
344 24
130 28
246 8
166 8
238 29
205 22
186 10
238 14
330 7
97 13
224 17
55 30
93 7
285 8
73 26
335 9
497 12
288 27
304 13
438 21
165 6
75 23
323 24
4 4
458 12
245 21
116 31
358 4
37 6
235 22
367 25
230 16
237 1
458 24
321 11
284 21
389 22
335 31
373 15
67 10
494 19
362 22
461 15
21 22
213 4
311 19
28 8
294 32
408 11
7 20
498 3
64 6
500 19
448 5
293 6
406 26
176 12
247 9
338 8
338 14
79 8
333 6
391 2
74 22
229 28
377 2
370 16
463 22
394 10
446 2
276 7
324 7
470 10
291 12
41 12
61 27
479 25
429 1
371 6
166 7
285 30
176 31
38 14
228 15
399 13
469 6
375 12
181 5
213 27
4 6
451 8
428 25
161 32
298 27
61 15
333 6
61 8
352 26
497 23
232 11
251 24
273 21
343 29
321 24
423 8
365 29
92 28
6 16
500 15
486 32
469 10
257 9
177 8
330 5
186 10
419 32
113 31
265 4
143 13
215 18
113 23
142 4
222 3
159 13
153 28
133 14
165 17
354 21
497 24
217 22
449 7
174 1
178 10
220 32
226 30
89 10
216 31
393 6
81 31
10 18
250 30
207 30
235 20
458 7
447 10
116 11
161 17
160 22
78 15
9 16
17 6
493 32
32 6
373 4
492 23
345 30
80 19
359 2
463 13
396 17
342 4
360 6
4 7
43 14
101 16
237 1
353 21
53 24
318 5
495 30
11 16
255 15
242 21
404 8
429 24
169 23
15 20
476 14
398 23
451 14
274 23
467 26
472 15
9 5
295 11
302 14
194 28
248 28
169 11
195 17
154 27
71 28
390 3
38 7
269 4
137 30
379 3
19 6
121 7
490 3
233 12
72 11
347 11
66 23
322 8
316 23
123 14
495 16
136 28
3 8
19 11
149 25
241 27
98 29
45 8
479 18
379 15
56 25
221 1
444 14
232 23
369 10
496 23
422 20
246 16
387 16
414 32
365 6
54 6
218 27
49 32
80 31
98 7
356 7
107 7
64 14
57 24
396 32
498 17
35 31
92 14
211 25
161 23
362 6
36 31
368 9
478 11
215 12
433 30
98 23
368 5
81 32
149 28
180 10
348 18
241 11
339 23
147 11
229 32
269 8
290 16
52 27
435 23
46 11
336 23
110 24
8 6
331 24
221 22
153 12
428 9
358 6
47 24
321 11
363 1
391 20
76 2
270 10
60 20
81 12
162 22
451 5
435 25
176 27
495 29
74 22
425 27
391 4
138 11
98 8
151 32
355 27
134 8
440 25
143 24
88 5
413 6
325 7
375 5
205 13
33 6
142 5
412 28
132 17
95 22
252 17
421 18
323 22
82 15
247 20
486 18
380 19
76 1
449 22
261 26
170 5
283 3
101 31
46 17
95 4
314 7
237 26
304 31
288 17
25 30
461 19
219 28
261 6
100 29
447 32
362 28
152 21
278 13
191 28
189 1
315 2
483 19
87 31
462 10
23 30
111 19
348 22
379 20
327 10
21 22
338 6
241 13
230 15
297 12
194 21
409 8
338 19
59 17
29 12
354 32
209 1
238 25
498 32
220 16
446 28
449 19
474 22
475 27
60 24
327 13
256 19
112 2
477 14
74 22
393 11
261 2
243 6
214 32
466 5
416 15
25 20
45 2
405 31
404 12
290 2
420 2
316 12
195 25
53 20
150 18
194 2
103 9
259 12
176 12
452 23
486 16
307 26
177 19
401 13
379 14
14 22
291 2
181 17
122 26
252 7
383 2
32 29
234 14
152 17
14 23
352 19
283 18
233 23
72 5
243 2
378 17
452 1
438 24
153 11
69 21
33 27
202 24
287 31
353 30
195 30
245 22
69 27
55 29
189 11
489 20
132 18
40 3
34 21
419 3
91 11
443 15
290 12
186 28
430 10
70 24
108 14
22 24
44 20
32 24
258 20
15 10
385 14
324 23
234 6
457 32
81 15
298 22
394 19
149 3
225 10
150 4
383 7
63 30
451 14
10 24
465 32
97 5
430 13
119 15
14 19
191 2
325 28
167 26
323 8
244 11
385 22
82 8
416 8
397 22
441 26
426 21
430 14
105 7
498 20
225 12
2 3
309 7
255 4
248 13
291 28
327 27
89 4
146 12
255 7
74 31
448 15
451 25
224 11
291 22
130 20
85 4
282 13
310 20
220 9
464 26
252 22
389 20
49 22
196 3
428 1
349 28
119 19
456 10
354 19
415 27
114 31
318 27
96 7
283 27
36 14
177 19
388 9
479 28
450 6
91 26
442 31
457 20
90 8
253 15
10 28
481 31
370 7
222 5
425 8
280 28
101 20
99 24
372 21
276 25
102 18
402 31
8 6
454 1
122 14
243 7
225 24
458 3
22 31
411 10
34 6
110 26
349 20
474 20
136 5
245 1
170 30
131 5
356 16
126 17
289 20
459 6
443 28
460 8
446 14
262 31
412 23
465 12
430 10
184 17
242 12
5 3
425 15
87 12
218 12
460 26
432 19
223 10
38 6
190 8
256 3
314 7
173 30
130 2
419 17
370 20
92 2
422 5
8 29
500 13
72 12
434 7
230 5
81 11
42 2
102 29
72 24
167 28
45 21
197 28
461 14
475 1
439 5
421 30
257 20
374 8
231 15
35 28
167 31
79 29
236 24
357 3
447 28
402 4
172 26
455 20
15 13
36 21
177 24
250 17
80 27
465 10
281 7
122 28
169 12
8 4
83 16
62 18
239 3
373 26
412 19
394 2
459 1
230 16
89 7
272 4
305 24
477 9
290 18
236 2
353 27
213 32
311 10
317 21
440 5
311 7
367 28
128 21
336 29
164 20
391 4
443 3
227 4
484 25
73 15
178 18
166 31
361 20
16 1
24 20
217 22
158 27
93 2
463 13
346 19
204 1
266 23
283 16
270 14
212 14
189 2
119 6
132 15
329 7
359 32
454 19
390 20
361 6
101 28
262 18
302 18
386 3
316 21
114 1
138 26
130 30
419 13
179 26
79 27
400 10
63 26
216 16
169 9
285 1
252 7
270 17
364 4
175 31
28 4
319 25
465 12
343 23
400 25
136 19
232 16
268 14
241 23
97 21
411 17
29 2
279 6
418 14
305 4
24 32
232 10
201 4
494 15
283 13
267 10
223 26
453 26
495 1
177 3
453 15
324 9
453 10
131 2
448 23
314 3
471 13
17 15
92 2
417 10
106 3
292 13
385 12
22 3
289 22
174 1
489 25
74 21
302 24
162 25
194 27
72 4
371 8
38 23
301 14
188 22
489 19
234 13
279 8
103 11
157 20
11 1
124 20
437 14
343 11
174 25
277 1
52 12
184 14
314 16
395 1
242 11
36 7
107 18
434 6
232 11
337 6
87 5
178 32
90 4
326 23
408 14
212 24
101 31
253 26
83 31
267 20
382 14
150 32
467 8
401 26
26 30
291 28
402 24
339 19
192 4
105 23
118 32
262 10
415 18
484 13
13 30
320 26
255 25
85 9
52 30
122 17
427 32
41 28
84 7
22 19
395 22
77 28
146 23
81 20
204 8
56 24
369 31
313 15
195 10
47 23
87 24
27 1
432 19
44 15
150 9
141 4
42 9
407 19
407 3
246 7
107 5
178 15
379 15
302 26
240 20
172 30
368 22
42 3
469 25
165 2
1 17
13 30
373 3
229 24
109 22
242 15
479 27
394 29
409 27
430 32
42 5
29 25
3 26
59 3
6 11
88 18
379 8
48 20
222 32
235 14
453 8
249 15
246 26
140 11
336 1
358 1
374 7
490 32
456 20
198 18
123 5
467 25
88 18
308 21
493 22
342 6
221 30
80 31
231 31
325 10
492 18
147 5
68 4
444 24
35 5
337 21
481 11
362 20
21 25
80 13
63 9
162 11
11 6
101 29
312 17
11 3
107 17
19 26
496 10
49 10
306 25
39 22
40 12
205 32
68 16
276 18
57 30
265 31
383 5
11 6
142 1
349 24
381 15
273 4
33 2
406 6
410 12
476 29
195 4
212 26
168 8
96 12
481 8
142 7
428 4
260 1
377 20
168 21
179 9
133 27
318 6
252 3
185 27
28 7
111 27
492 18
282 11
205 6
298 6
328 30
201 24
146 13
47 22
334 13
310 26
287 7
207 7
205 15
117 8
269 31
27 20
356 4
199 12
274 16
257 21
73 26
188 11
386 23
236 7
311 29
36 10
375 30
488 11
484 16
15 32
331 21
364 30
52 18
450 1
409 26
278 14
367 1
404 25
51 23
323 26
239 31
311 21
304 18
43 8
401 17
391 15
301 26
121 29
167 22
29 12
479 18
113 2
123 16
450 9
358 24
238 24
334 4
60 18
197 10
129 22
11 31
32 31
125 16
15 3
425 24
70 20
53 6
453 27
49 14
200 26
25 5
353 27
337 28
200 29
218 4
334 32
198 22
242 26
369 25
317 10
4 10
253 24
420 17
83 4
106 22
78 2
422 14
44 2
46 7
495 15
274 16
342 12
193 11
497 10
191 1
411 18
403 15
102 26
367 28
141 28
317 26
157 10
352 25
200 17
295 10
11 9
21 12
244 30
286 24
331 25
405 25
374 3
255 19
480 5
10 24
296 30
190 28
268 25
4 19
289 19
12 7
219 20
150 14
449 7
53 23
263 29
19 9
115 21
463 26
245 9
66 24
2 3
196 13
147 7
87 3
497 26
233 19
482 26
380 30
20 5
61 31
389 3
271 32
56 1
449 16
57 10
44 15
120 27
31 6
289 26
52 26
419 16
204 32
221 12
34 9
16 18
375 16
24 13
111 11
229 8
83 22
277 2
48 29
216 30
366 28
399 10
141 10
405 1
421 2
132 6
218 27
399 16
254 11
88 25
353 8
480 15
453 16
412 32
4 11
430 14
483 20
491 27
349 15
23 6
224 6
75 25
152 2
384 10
396 3
326 32
287 1
35 7
412 30
443 28
425 4
489 15
403 31
85 20
225 4
373 29
261 3
93 9
420 29
22 15
299 19
267 9
3 29
28 2
450 22
329 2
45 5
484 15
147 25
50 16
176 26
24 4
369 32
52 32
296 29
307 27
271 29
383 1
225 18
187 18
83 31
252 31
36 3
426 6
155 15
257 22
397 32
470 5
100 5
256 27
446 18
341 16
486 24
341 6
337 19
88 16
245 11
250 20
425 27
166 8
150 14
261 18
54 22
14 13
251 25
47 28
183 28
115 24
315 27
230 27
185 21
126 30
7 24
265 11
50 10
10 27
204 15
448 5
352 1
409 30
82 23
1 4
398 4
431 4
274 24
67 11
180 8
444 10
67 24
469 17
490 6
19 25
452 23
449 24
279 13
109 16
367 14
123 21
281 14
476 14
269 22
216 17
86 31
338 28
219 14
120 24
340 23
252 7
457 12
298 3
260 19
447 26
220 5
390 16
326 6
257 23
111 21
247 24
335 32
348 9
94 31
464 1
309 15
75 1
118 5
204 17
131 22
355 22
70 24
405 12
461 1
194 24
337 8
267 8
375 2
428 20
137 16
252 21
310 27
414 24
199 25
156 21
118 18
234 7
106 14
434 6
150 19
489 3
270 12
10 1
425 25
316 13
32 8
210 6
394 23
473 32
443 4
476 28
342 29
98 31
198 20
364 23
362 1
185 32
164 2
128 24
483 19
1 2
362 6
207 27
36 3
50 10
11 13
389 28
85 6
150 18
369 29
481 31
69 1
66 8
211 29
172 29
487 4
206 9
85 5
455 4
147 29
301 13
381 17
360 18
26 1
451 15
374 11
329 26
448 10
378 14
438 1
202 20
424 7
476 12
375 31
331 18
287 27
178 3
171 6
336 32
250 23
294 3
69 26
269 12
219 30
377 8
46 2
284 1
337 23
328 19
41 26
232 15
140 2
198 30
151 5
209 12
319 11
227 28
328 11
107 7
140 32
54 5
413 9
153 9
96 16
312 20
341 31
315 28
156 20
493 6
396 21
410 19
407 32
306 3
482 20
485 17
99 22
157 20
227 25
112 30
492 23
309 16
318 19
163 21
486 3
335 30
59 12
448 22
231 29
256 20
368 32
36 3
129 24
478 19
204 17
28 23
364 1
230 29
311 16
357 25
250 11
382 8
286 5
477 32
285 20
431 16
323 22
118 8
361 7
158 28
388 10
314 31
374 23
135 28
138 11
184 23
34 9
399 11
245 27
391 13
311 29
33 1
491 14
436 31
449 2
119 12
279 12
290 20
475 4
39 8
118 3
351 3
139 29
174 24
327 24
116 5
236 32
122 6
150 13
429 2
2 31
137 24
330 22
135 12
53 26
120 6
248 18
173 6
422 22
473 4
409 1
237 32
236 14
74 13
266 10
38 8
252 26
399 17
303 10
89 7
59 16
377 30
381 21
43 14
246 32
401 22
456 25
353 31
198 26
280 32
279 25
83 10
343 5
463 1
218 23
204 16
110 20
433 6
332 16
143 17
343 3
434 14
236 26
340 1
212 23
248 22
140 6
224 2
163 26
330 24
440 9
8 21
316 20
390 3
267 12
75 17
130 24
258 9
498 10
298 5
420 9
402 15
227 25
244 25
14 18
472 1
162 23
353 22
271 14
476 13
477 11
498 7
114 27
471 19
204 24
171 4
17 17
386 15
401 2
335 27
407 22
219 12
137 16
397 23
17 25
295 22
479 32
452 4
47 10
203 30
394 13
225 2
149 19
356 6
444 22
168 6
199 26
269 23
161 18
445 6
242 16
23 12
31 22
163 9
99 5
31 32
442 7
457 14
69 16
343 12
353 18
213 16
100 2
90 20
351 19
289 28
274 19
15 16
488 21
437 7
394 31
282 11
425 7
128 30
402 11
357 27
184 26
10 7
255 15
43 13
133 19
252 2
346 14
266 13
294 10
271 27
20 25
373 12
495 29
141 20
175 18
2 2
271 23
141 5
314 3
185 6
217 24
56 26
201 25
247 6
374 25
385 9
273 5
392 15
461 29
15 7
382 16
345 24
231 17
380 12
371 12
193 7
351 24
353 7
272 7
248 17
467 12
241 16
241 13
210 17
17 32
188 22
92 32
253 22
220 8
69 2
399 17
28 21
361 8
151 24
330 6
481 13
382 1
92 2
205 25
26 21
377 9
322 8
448 22
493 23
57 29
108 15
25 32
203 21
71 29
369 21
455 21
401 20
421 28
13 2
292 6
50 12
455 32
487 22
445 15
273 18
243 4
308 24
71 3
4 10
419 24
394 1
424 30
412 1
137 8
174 12
314 23
300 28
298 10
373 11
469 29
448 3
229 27
182 3
469 6
292 28
261 9
112 9
330 16
233 30
299 10
98 4
332 1
231 22
34 16
224 2
100 27
269 12
129 30
331 18
487 26
189 32
159 8
136 8
27 16
306 14
477 15
289 24
151 16
289 24
327 12
390 10
238 30
106 27
459 4
168 30
409 24
397 31
211 4
259 22
103 12
267 11
170 19
90 8
278 15
207 32
94 24
30 32
457 31
50 16
126 5
213 30
128 9
305 26
196 3
427 30
478 17
228 7
100 9
466 5
47 12
481 17
472 14
176 24
200 9
343 13
145 19
210 8
219 6
461 6
76 16
63 21
80 10
199 3
459 8
56 9
40 12
497 23
249 8
438 4
248 21
124 28
391 25
367 2
347 4
23 6
67 10
327 18
227 21
177 5
41 28
42 16
471 6
442 31
414 19
370 29
11 17
257 14
177 27
363 7
302 21
297 16
174 7
14 17
351 22
289 23
125 2
174 23
220 11
17 21
346 22
145 4
230 9
461 14
376 31
281 1
412 1
397 17
403 18
189 1
303 22
348 23
159 29
225 30
136 1
214 5
478 3
40 27
463 25
464 14
175 28
367 10
172 31
375 2
376 27
31 22
244 26
308 7
398 24
484 29
124 22
69 13
408 9
159 2
461 14
60 23
218 30
425 5
392 27
167 11
417 9
148 5
426 11
415 23
486 14
412 25
447 20
61 26
440 11
428 28
192 11
239 1
468 19
2 3
165 12
329 1
216 12
241 21
430 15
19 23
257 30
227 31
262 19
261 13
357 20
453 20
378 27
161 5
57 26
407 25
329 19
301 24
210 30
240 19
252 22
257 8
188 23
63 5
121 31
353 5
214 25
376 15
199 12
139 31
49 25
475 9
279 16
476 8
373 11
330 24
473 2
132 20
68 6
164 32
368 8
16 21
173 27
23 19
131 21
478 11
57 8
260 23
431 19
174 3
450 23
279 30
88 26
137 15
307 8
46 2
315 17
458 15
155 24
210 17
492 19
316 24
342 15
234 17
161 11
427 30
261 13
87 24
318 11
58 4
22 19
1 1
15 26
27 13
141 16
306 28
126 25
31 28
399 32
92 7
374 30
225 10
427 31
185 16
386 6
424 27
196 24
447 26
234 10
231 2
413 4
358 27
360 16
358 2
208 1
168 25
170 12
67 8
55 3
44 20
197 11
198 32
242 9
454 19
470 32
201 10
423 18
124 30
1 25
391 16
133 6
141 23
302 11
250 28
13 21
147 21
111 28
453 1
340 14
179 21
145 7
395 15
492 2
348 25
55 10
52 19
147 16
193 32
454 7
7 7
439 9
27 26
201 15
254 8
440 12
53 8
163 27
150 10
20 1
498 22
438 10
113 25
445 17
88 19
451 19
217 18
451 19
291 31
426 4
43 29
327 3
449 1
245 26
495 24
299 12
338 4
245 22
24 14
458 20
440 29
58 24
150 32
250 24
11 11
335 5
244 9
351 12
2 3
493 20
358 31
191 7
83 20
348 30
477 2
69 32
66 22
423 11

