256
62 1
67 25
106 29
322 24
157 4
84 14
414 23
1 26
175 13
421 18
38 9
168 21
140 7
226 14
461 29
255 2
337 25
322 14
33 31
105 22
354 28
287 3
238 16
101 20
136 5
157 25
217 5
482 9
199 11
486 3
339 32
180 3
264 30
468 12
144 21
41 30
112 4
468 2
467 28
465 14
441 26
479 13
150 20
69 8
18 10
358 5
497 13
383 32
390 23
408 6
275 12
235 26
127 2
87 1
474 16
399 30
25 21
126 6
40 31
225 5
100 22
265 17
470 16
208 12
350 27
245 16
267 19
361 21
236 4
190 17
499 4
326 27
168 24
252 31
498 12
115 29
409 12
397 2
27 29
237 32
423 29
203 29
163 23
434 3
362 7
459 12
414 1
438 1
88 5
491 13
16 1
237 16
484 22
302 6
90 30
89 8
223 19
53 9
58 22
135 3
312 30
483 5
230 20
157 21
109 3
105 8
103 9
48 15
474 9
300 15
90 25
427 32
383 27
401 20
168 19
211 11
480 5
55 13
112 19
377 16
61 1
196 23
174 15
101 7
147 25
414 28
141 12
252 27
22 4
315 21
186 5
19 6
69 13
226 32
135 19
252 19
287 7
209 28
393 14
459 11
210 24
126 22
415 1
372 8
380 30
180 26
62 26
435 10
122 16
14 4
466 25
302 21
415 30
212 19
171 18
49 16
245 2
229 11
255 21
150 6
490 13
403 20
378 29
385 11
349 6
106 14
14 3
66 28
121 18
438 11
151 10
23 12
12 31
110 14
55 8
251 5
440 18
300 26
342 20
316 26
434 18
356 23
384 9
79 20
402 32
499 29
354 25
4 21
123 29
334 10
372 20
74 24
441 5
481 19
260 20
176 17
273 19
492 25
304 26
364 21
437 10
313 2
382 24
358 25
429 23
34 24
127 15
315 15
183 31
53 10
295 13
135 23
259 2
75 26
251 27
323 19
300 31
329 6
303 10
38 11
229 31
234 11
29 17
125 31
47 26
152 1
406 2
408 4
115 6
282 29
272 12
404 4
90 4
105 32
121 6
474 13
212 12
407 16
460 16
450 10
61 21
347 14
91 2
185 25
439 14
274 7
273 5
134 3
112 18
458 20
231 12
285 26
343 23
385 18
426 22
159 14
286 5
7 32
462 12
285 13
9 14
463 18
86 28
348 25
37 21
280 3
440 12
412 22
459 4
287 8
481 2
74 2
450 16
346 12
123 26
16 20
39 10
117 24
277 24
320 17
472 27
283 12
367 14
45 9
193 8
60 9
277 5
494 14
65 11
193 15
172 16
170 10
37 6
333 29
453 16
329 9
455 31
336 17
360 20
349 28
415 8
428 3
245 14
121 1
464 9
347 28
373 17
197 17
6 6
74 19
385 26
235 31
69 14
215 4
153 7
332 28
323 3
110 27
384 14
227 8
247 9
187 15
293 7
231 15
264 12
109 1
410 27
43 30
264 14
257 8
172 32
335 2
403 1
412 18
378 22
337 4
415 27
446 23
258 17
357 13
332 5
373 1
11 12
422 6
25 31
394 12
470 16
42 32
228 9
362 30
295 10
433 29
73 19
119 6
259 24
54 30
144 31
387 27
46 28
484 2
338 13
469 24
161 26
383 12
167 8
345 1
294 10
373 22
212 15
251 30
318 12
263 2
82 25
172 19
457 27
48 14
236 1
305 4
230 28
135 28
283 24
60 20
461 24
497 28
127 3
493 12
403 19
461 24
404 8
463 32
491 30
357 10
230 18
325 24
53 27
207 15
290 15
115 18
402 11
273 12
62 5
324 28
372 4
299 3
268 29
338 14
475 14
187 24
59 3
15 11
321 2
150 15
192 28
64 21
430 13
473 19
305 24
454 8
283 1
302 6
365 11
11 23
37 9
247 23
59 29
410 8
334 27
342 13
378 21
322 27
445 2
298 18
293 27
425 19
207 3
329 24
69 11
114 5
388 28
404 30
473 29
177 22
427 26
35 12
127 4
110 15
149 19
172 29
362 25
367 8
379 7
343 7
386 13
404 5
316 7
422 32
175 7
446 25
172 24
404 14
187 9
73 31
124 28
127 9
44 9
404 14
40 15
221 1
203 32
253 2
486 6
10 8
476 23
112 12
138 3
297 8
231 21
10 6
317 32
338 4
480 30
486 23
340 6
499 6
33 27
263 10
425 8
177 12
430 16
399 11
154 16
390 28
120 23
90 20
386 15
148 30
20 9
88 23
190 11
252 18
337 3
239 5
138 11
217 8
406 7
486 11
14 4
146 26
478 7
421 16
14 4
433 1
404 32
96 25
458 19
166 15
65 4
111 31
22 3
122 7
294 23
189 31
186 23
144 20
421 5
231 18
336 15
23 20
34 10
36 24
168 22
342 17
457 24
435 7
131 20
257 4
218 30
434 4
132 26
419 16
346 25
42 5
163 20
124 20
33 4
391 24
361 16
432 17
388 22
147 2
477 4
293 19
53 6
450 20
155 12
439 28
220 4
33 10
395 24
281 19
315 8
479 19
107 18
196 30
480 26
363 16
301 3
2 29
381 23
388 7
22 19
387 5
10 3
474 13
426 11
35 21
130 9
119 8
127 10
434 2
212 4
117 32
451 19
217 15
421 12
69 11
134 23
35 20
225 29
252 19
319 30
243 24
3 13
387 1
379 4
290 26
468 18
453 14
228 21
452 13
125 16
295 30
327 5
253 31
41 16
201 7
494 23
10 20
8 29
180 26
420 21
179 7
78 11
8 10
152 15
306 32
331 12
237 5
280 14
59 17
49 20
235 10
406 21
241 13
493 16
150 16
92 24
3 10
163 10
327 2
321 8
293 23
83 29
159 2
74 29
238 7
32 9
16 26
69 13
202 13
28 12
176 32
235 18
141 5
40 27
62 20
302 6
362 20
439 4
449 12
292 7
134 16
11 2
113 11
258 14
343 9
221 18
108 28
400 16
352 31
418 6
2 11
471 27
454 13
86 19
273 29
293 10
52 7
407 20
85 24
182 7
301 26
148 8
357 27
8 21
189 1
326 10
496 4
404 9
57 1
203 9
70 19
86 9
149 29
489 9
8 30
363 20
71 7
420 12
261 19
488 26
55 25
343 30
460 7
203 12
291 1
48 4
252 6
185 12
478 9
337 21
342 3
349 28
413 4
43 10
398 6
179 8
194 5
206 26
471 12
373 18
164 25
473 31
54 1
371 31
329 31
219 14
109 27
286 10
186 16
251 19
210 21
239 19
301 32
260 4
203 17
237 22
53 9
485 6
218 31
192 18
413 22
420 29
181 9
246 14
384 24
153 13
128 27
348 5
186 11
404 4
239 28
105 3
200 13
452 13
295 11
315 7
405 30
432 17
290 9
154 29
377 30
118 12
196 9
284 17
275 23
120 14
30 13
8 22
313 24
498 4
454 32
166 2
397 13
146 2
126 16
63 22
457 8
357 5
200 17
385 2
179 9
339 25
81 31
290 13
10 15
204 23
451 26
25 11
170 10
237 27
173 11
500 6
34 17
134 1
349 30
206 7
226 17
439 26
243 12
403 4
367 22
418 9
31 18
367 21
316 31
347 20
457 31
321 26
55 2
222 15
176 28
133 5
176 20
411 26
151 5
373 25
474 22
389 9
84 20
57 3
62 11
442 27
453 15
360 23
68 14
261 15
213 26
348 20
317 18
157 11
126 9
40 15
318 4
455 5
183 19
355 9
266 29
467 6
411 22
77 26
259 1
73 11
434 28
358 6
381 10
273 2
394 20
104 16
239 7
316 14
421 27
370 22
171 24
256 1
161 24
410 16
372 2
242 18
105 24
259 9
317 7
490 19
342 26
274 17
4 21
354 24
463 19
462 5
410 9
417 22
400 31
193 23
12 31
428 29
90 31
101 22
69 15
468 31
388 9
343 7
182 12
18 12
122 11
481 7
47 21
304 18
75 1
217 19
487 16
203 20
34 19
333 19
449 17
217 8
41 31
430 22
458 12
70 7
278 18
313 9
298 8
270 25
168 2
459 6
334 25
229 31
19 2
321 12
214 1
155 10
447 1
180 8
32 1
186 1
150 26
133 23
318 3
319 9
92 25
491 21
141 7
144 28
484 4
479 25
353 25
303 3
69 2
407 4
230 24
261 19
442 13
177 19
499 24
447 19
476 9
219 1
8 26
480 23
30 2
40 2
294 18
384 19
175 14
314 20
234 26
486 23
171 14
137 21
9 3
315 21
372 14
453 27
247 16
73 4
93 32
9 10
305 9
248 3
34 18
234 27
339 27
145 17
381 25
234 13
68 12
225 7
433 21
21 32
312 17
307 20
205 8
290 1
412 25
340 5
302 25
416 21
144 16
353 28
45 10
116 4
134 9
254 14
73 10
97 1
366 16
140 10
275 17
283 6
22 14
334 19
46 9
315 25
13 12
416 1
105 28
372 10
428 13
8 32
250 4
88 15
211 20
37 9
360 3
22 13
292 24
408 21
456 6
82 24
93 1
228 6
232 27
287 31
427 6
363 28
102 30
143 28
29 3
297 21
201 18
473 20
25 32
384 9
454 21
152 22
314 24
95 17
182 10
408 25
379 14
136 24
71 30
292 28
160 24
44 4
109 16
203 18
248 31
318 21
403 25
450 8
52 5
113 2
278 8
194 28
493 13
136 31
459 7
366 10
218 9
330 6
277 4
15 8
322 16
428 21
153 5
292 24
273 20
289 22
479 18
58 15
15 5
386 9
323 7
442 8
364 31
421 8
7 4
367 4
267 10
404 27
374 20
327 23
303 11
400 2
153 29
104 27
353 29
491 11
444 20
418 19
259 31
150 21
274 8
444 20
365 16
163 30
395 1
88 9
159 32
330 7
148 26
329 29
126 3
175 25
307 25
79 9
283 4
329 24
299 20
447 27
471 25
105 5
153 12
266 4
235 23
326 7
232 11
383 6
177 9
130 3
353 9
399 23
140 7
190 23
203 25
305 29
301 9
242 10
305 15
117 31
305 22
421 21
448 7
246 13
64 23
311 16
435 26
51 11
140 20
217 26
80 17
219 29
282 24
186 14
318 18
328 10
447 17
10 7
255 23
223 6
482 1
86 12
446 28
194 26
79 22
131 27
431 9
391 32
160 28
1 5
81 24
99 19
428 12
273 31
215 11
352 16
380 25
315 5
424 17
114 3
270 17
365 12
93 19
263 25
34 23
81 26
443 11
492 22
139 5
404 25
111 24
252 26
396 2
19 4
426 28
26 24
376 2
247 5
348 14
425 1
476 25
346 18
388 5
492 26
101 27
82 24
2 25
405 2
250 15
421 12
407 10
371 22
187 5
454 30
330 22
414 22
439 23
427 18
447 14
55 4
165 28
463 26
320 11
267 13
494 31
96 4
132 26
33 18
139 19
203 16
420 12
125 22
78 12
387 29
321 17
276 1
428 26
3 31
308 21
20 29
308 3
200 27
137 25
109 27
423 27
94 18
279 15
52 8
474 14
232 18
231 3
131 10
96 13
461 32
105 20
204 20
298 28
203 18
340 27
60 30
473 22
455 27
76 22
459 29
148 6
194 2
401 32
239 4
160 19
251 13
30 31
28 28
210 14
465 13
392 25
162 29
382 24
467 17
178 25
357 17
319 26
406 7
78 28
66 5
195 13
205 20
123 17
255 4
314 28
84 6
448 25
422 1
416 24
285 29
165 29
269 15
42 30
405 15
170 30
60 8
286 4
439 20
348 10
443 18
265 6
71 24
474 24
392 14
231 8
482 31
168 23
433 25
128 1
32 13
307 27
12 8
206 15
204 18
496 18
271 28
24 25
323 21
184 10
238 30
241 12
365 20
174 9
172 21
486 19
98 8
497 21
87 11
411 10
460 26
140 30
369 19
422 7
363 5
108 9
74 32
172 30
311 21
87 31
145 16
389 10
67 30
55 5
440 1
147 3
75 10
480 15
152 21
338 2
209 5
466 26
497 29
424 23
481 30
141 26
285 6
219 3
267 1
355 10
90 21
456 28
490 11
310 25
187 31
7 23
296 4
380 8
109 7
302 17
164 19
418 16
176 13
298 26
261 25
499 14
357 14
217 11
240 19
339 22
377 29
24 20
169 27
167 1
206 25
69 5
115 27
169 2
475 6
83 19
322 29
289 11
238 9
229 1
235 23
106 12
412 1
135 20
383 26
60 28
474 4
161 28
114 21
229 4
146 23
27 24
447 23
350 28
23 22
364 26
496 17
73 31
301 3
190 11
212 5
475 13
377 7
124 6
315 4
134 20
366 32
483 12
178 12
347 20
261 2
161 13
30 17
367 2
292 29
365 15
305 19
392 9
177 3
227 19
219 24
154 32
371 17
248 12
320 18
99 29
304 12
41 5
344 19
15 15
315 19
342 16
69 25
356 29
451 6
439 1
293 20
457 19
80 12
414 32
149 29
184 16
476 4
137 3
482 27
306 5
381 15
120 17
435 11
397 1
409 27
406 13
426 2
68 18
417 29
109 9
197 12
369 32
219 13
343 4
7 20
200 19
350 27
187 8
146 15
20 22
269 9
106 22
490 1
403 22
358 23
323 22
6 23
78 16
399 24
128 9
123 27
143 12
350 29
107 27
115 26
48 19
403 17
428 12
178 15
150 15
193 32
440 7
366 25
126 24
140 9
20 26
136 26
85 25
194 23
479 32
21 2
190 19
30 25
18 3
299 31
93 12
342 21
246 19
253 7
322 29
180 9
6 19
354 27
299 23
337 29
354 1
6 7
131 15
364 17
94 6
167 2
209 13
70 2
67 3
29 9
67 24
229 20
374 19
218 20
481 31
152 31
411 13
81 18
191 4
394 12
310 16
322 26
420 3
176 27
65 4
227 3
263 19
55 4
241 4
159 14
178 6
56 1
318 16
334 12
432 19
496 29
138 5
110 30
59 17
396 12
340 26
106 14
280 4
441 17
284 7
94 9
112 9
401 29
488 26
141 11
312 32
363 14
304 29
359 10
461 2
337 1
431 3
106 6
454 31
82 13
349 19
50 17
27 30
93 19
36 21
137 3
368 4
148 23
324 26
385 12
315 21
288 21
15 26
307 29
292 16
57 28
267 30
452 29
408 25
159 19
129 12
493 1
147 5
19 14
202 23
457 25
328 5
261 2
490 7
310 21
307 7
272 25
324 28
217 31
472 4
377 32
375 6
448 29
214 23
194 7
73 2
283 24
246 12
94 3
110 23
367 8
473 7
340 1
66 21
379 21
136 16
488 6
329 20
382 30
106 11
160 22
428 3
282 18
486 7
260 31
129 11
215 26
469 6
250 18
314 24
274 17
235 25
310 27
400 23
308 21
469 28
387 13
262 24
422 11
394 17
45 26
159 15
475 11
17 12
364 14
204 1
131 10
250 20
205 5
335 28
358 11
183 4
403 20
263 20
42 24
357 7
177 31
49 4
346 9
227 5
99 18
346 21
72 31
372 32
447 18
491 28
65 18
399 19
469 25
143 3
168 11
449 1
365 29
200 18
118 18
271 28
60 28
148 31
414 23
110 28
429 24
16 5
477 22
311 14
427 29
308 30
303 24
290 16
456 1
229 25
119 23
140 22
466 3
12 11
10 17
91 2
424 30
134 17
371 28
50 1
249 13
95 31
316 28
70 23
77 15
48 15
149 3
224 23
178 23
345 31
207 7
328 14
392 5
86 23
256 27
115 24
343 21
407 10
149 4
281 13
126 16
123 23
218 30
93 23
432 13
433 26
224 20
323 23
72 5
81 24
395 4
35 6
256 5
247 8
121 15
480 26
58 14
76 16
299 28
170 30
457 27
71 28
214 30
146 6
154 31
317 32
422 11
137 25
496 20
433 24
114 20
65 32
366 1
447 12
308 20
98 4
70 32
295 28
265 17
421 30
19 29
170 16
439 2
320 22
41 8
253 23
368 30
178 29
310 4
100 25
91 17
85 5
217 27
296 13
23 32
103 25
304 8
332 2
429 16
380 30
255 4
328 18
301 9
206 30
480 22
79 2
354 19
230 22
245 5
255 24
92 13
160 31
480 24
341 28
495 24
229 29
351 12
223 28
412 28
113 31
85 15
313 23
57 6
212 14
419 14
421 14
322 20
109 13
275 13
61 17
20 1
370 30
49 28
373 32
371 18
55 8
380 31
98 1
260 9
90 14
127 18
40 16
293 8
101 16
448 5
188 23
153 13
188 17
500 13
365 31
250 15
30 29
137 3
417 16
139 10
426 1
71 25
65 32
168 13
135 19
29 14
433 21
231 28
234 2
236 22
304 5
220 5
318 16
163 30
103 18
444 28
418 2
48 2
81 19
350 15
181 30
389 13
411 23
289 24
200 16
93 24
213 16
188 22
371 3
467 29
356 26
205 5
128 12
459 28
319 20
275 3
38 7
464 4
133 24
443 20
127 7
187 27
50 7
220 20
77 3
244 28
448 8
408 23
404 6
487 18
26 29
220 11
127 3
362 31
138 8
442 1
190 29
455 3
3 11
362 11
213 5
214 8
257 5
439 32
339 17
233 4
389 4
278 15
339 27
273 32
294 30
92 15
194 27
425 28
73 6
478 17
94 11
148 22
16 22
361 26
214 5
69 18
249 10
116 15
336 12
414 5
306 14
315 3
404 3
47 12
376 4
260 17
419 19
171 30
345 27
139 14
328 19
12 8
404 31
366 31
219 3
219 20
136 21
374 23
123 20
366 30
148 29
170 6
236 20
351 24
75 25
341 14
47 4
181 6
331 10
40 13
176 6
424 28
142 21
54 16
69 20
113 32
396 26
485 31
474 7
62 28
27 27
153 9
254 29
22 32
230 17
336 17
170 11
420 15
408 30
426 8
245 10
395 32
171 11
123 16
417 20
43 15
438 19
15 12
379 4
479 20
300 23
217 9
73 16
335 32
313 20
159 29
149 13
401 31
135 27
167 7
410 25
493 28
256 11
391 26
246 17
94 1
35 18
69 8
297 31
291 14
14 14
370 14
206 6
185 17
496 27
391 14
411 12
105 30
242 15
152 4
67 5
236 6
406 13
265 22
59 19
367 29
208 13
86 26
210 22
106 18
120 32
315 3
83 7
48 1
117 23
16 19
295 7
488 16
407 4
106 30
11 8
390 22
60 3
335 6
245 24
179 8
140 21
246 2
115 10
398 15
196 5
265 27
16 25
42 30
60 15
91 18
323 20
140 10
307 22
355 15
266 5
266 5
229 32

