256
373 24
168 19
422 6
314 26
267 10
99 1
251 31
331 28
167 9
443 26
225 26
8 16
287 32
443 6
464 18
490 13
73 10
443 11
451 28
272 5
18 22
57 4
337 27
155 27
319 13
180 24
342 31
363 17
362 17
366 2
175 20
366 11
365 12
445 11
63 24
383 12
290 20
51 2
178 13
480 17
153 16
392 31
50 14
327 12
411 4
89 1
251 26
35 19
261 32
281 11
399 12
107 4
307 5
165 12
214 1
184 10
156 3
64 29
329 22
468 15
286 20
27 16
9 25
3 17
244 31
296 15
150 18
182 8
262 23
496 7
343 15
45 6
254 24
54 2
202 10
24 7
77 30
374 10
462 24
58 14
215 21
200 32
458 13
24 28
431 27
398 25
197 18
122 26
254 32
235 23
49 10
293 5
159 18
414 29
98 8
178 32
28 5
27 2
461 6
409 20
272 30
164 9
100 10
122 25
313 29
159 17
466 11
189 13
320 3
245 5
278 18
80 5
2 3
494 6
360 2
205 8
60 5
304 15
358 17
363 22
133 21
234 19
175 26
75 26
376 7
263 5
444 2
310 13
152 15
258 12
205 11
495 16
35 2
274 28
74 4
413 31
360 22
361 22
67 15
231 11
457 13
447 12
39 24
196 18
59 9
201 23
119 15
378 1
196 3
44 2
490 12
32 29
453 16
86 16
178 32
166 18
161 8
385 27
368 20
240 6
236 9
40 15
339 1
7 7
271 11
8 8
210 7
460 23
282 21
386 19
64 31
444 32
14 32
274 5
111 6
158 14
306 5
404 4
317 11
382 7
165 17
346 10
131 17
240 12
405 5
74 25
27 1
192 9
48 18
273 18
183 23
208 4
331 27
187 32
225 17
234 25
161 20
467 24
440 2
407 9
183 1
313 9
349 24
101 1
25 30
406 31
156 17
398 14
428 9
133 16
153 19
245 25
2 11
308 9
268 19
137 18
47 17
11 19
9 11
143 17
336 5
92 27
365 17
329 32
73 21
296 17
31 24
94 12
102 25
325 13
467 5
23 29
114 25
112 30
347 2
6 11
6 29
25 27
290 13
14 6
166 9
291 8
52 32
432 1
284 8
78 3
420 12
319 1
336 14
358 6
388 12
216 21
16 21
467 21
445 9
167 2
493 17
10 17
192 29
401 7
400 30
429 15
429 8
56 12
381 13
150 4
332 1
13 32
457 7
152 22
311 14
215 32
478 32
200 13
220 32
496 31
282 28
142 6
375 29
326 24
313 3
375 1
191 19
344 24
366 19
253 8
17 3
331 30
247 22
163 30
334 30
437 19
137 10
176 28
126 9
471 14
179 13
434 14
84 13
221 25
124 17
476 32
143 7
133 21
40 7
59 17
8 15
487 29
424 27
360 29
367 10
190 14
26 24
267 21
252 31
409 3
163 13
218 1
43 31
398 14
349 8
307 9
302 1
205 13
159 28
477 30
245 18
423 26
141 5
231 13
379 27
323 17
375 17
49 25
243 6
351 19
253 5
151 2
153 31
130 32
122 22
189 30
124 7
488 16
355 6
360 13
208 11
477 7
75 13
203 9
471 5
259 31
413 22
481 14
116 14
229 14
420 9
455 11
231 2
10 25
363 22
21 7
256 1
357 26
373 11
146 31
464 28
270 24
165 30
293 5
211 17
74 14
437 28
24 7
174 18
455 4
107 3
458 6
323 22
395 16
225 32
390 16
147 11
415 12
260 12
296 19
228 1
100 21
248 24
387 25
361 26
309 15
20 6
384 31
432 18
242 28
317 27
47 11
494 17
126 13
372 5
223 24
493 31
468 1
2 6
365 30
399 21
32 27
291 31
113 22
192 6
81 32
188 27
174 5
439 32
434 7
276 16
262 9
182 9
213 3
286 1
396 13
102 11
455 16
193 31
465 24
124 21
95 3
23 1
344 25
272 25
123 3
136 28
167 22
316 19
204 18
160 24
138 9
230 4
356 11
214 28
158 5
68 25
351 30
373 14
402 24
322 21
190 14
112 5
479 20
439 26
381 10
133 2
62 19
313 9
137 6
440 30
214 19
398 16
96 14
110 6
265 3
226 31
92 9
367 18
264 25
104 32
107 28
365 20
302 5
289 10
54 32
436 19
87 29
35 2
307 32
235 15
278 32
81 18
149 15
291 4
456 14
408 10
334 4
433 23
301 25
277 18
5 8
325 11
248 7
476 14
206 19
181 7
22 9
204 26
60 27
434 31
240 1
280 17
316 4
412 12
489 8
174 21
103 2
83 18
60 10
108 13
120 28
247 14
400 11
311 27
297 4
177 12
288 32
313 8
20 4
71 32
467 16
352 25
93 18
270 24
195 9
268 23
16 23
308 8
169 10
226 5
66 27
204 17
210 12
308 29
295 11
88 25
474 15
181 11
224 27
422 27
31 6
437 7
56 20
314 28
65 15
40 10
145 15
187 3
463 18
287 9
76 27
370 22
17 18
172 9
352 1
363 15
282 19
281 1
394 2
412 2
336 27
292 25
46 6
39 4
27 25
116 19
51 13
356 28
387 7
160 10
471 6
472 13
320 12
441 29
197 9
374 29
155 9
365 12
346 15
411 5
79 27
327 26
363 30
197 5
412 24
339 10
377 6
486 20
414 3
464 30
483 13
494 13
206 14
41 3
464 7
275 3
329 29
172 8
486 16
292 29
75 26
131 3
292 28
350 17
98 5
166 8
1 8
421 6
221 13
109 17
115 15
79 20
188 14
487 5
321 6
274 3
112 8
197 31
75 26
311 1
62 28
456 14
339 28
472 24
40 28
448 27
166 26
450 21
331 8
82 3
65 27
397 12
314 9
282 4
342 24
412 31
420 12
20 22
95 31
373 15
274 20
141 4
49 22
348 19
377 17
381 9
487 25
321 12
73 30
188 2
46 19
372 9
318 12
426 5
86 11
47 4
322 27
3 11
128 30
453 12
483 18
296 25
314 8
269 11
218 20
4 27
258 12
431 4
471 32
340 32
358 26
119 8
276 9
402 3
175 14
406 21
391 1
125 9
317 17
295 14
404 30
500 10
229 10
441 31
341 20
107 19
369 1
230 32
198 11
46 16
40 15
380 23
355 16
487 23
101 17
408 4
282 11
369 23
392 25
61 29
292 19
283 24
96 8
303 29
198 24
16 9
354 15
167 21
102 29
231 30
489 15
410 27
101 14
133 13
439 5
77 18
64 23
242 11
74 32
303 15
96 18
7 29
416 22
9 29
382 28
71 31
82 28
493 2
257 9
26 15
21 22
129 4
460 10
446 9
265 20
155 32
417 14
13 4
391 13
201 20
464 27
494 17
250 10
431 30
314 32
405 31
58 13
122 1
402 16
254 30
167 32
230 8
273 26
119 15
466 11
287 14
441 20
178 26
118 16
400 15
416 4
117 5
40 15
193 5
10 14
310 32
58 31
315 26
132 18
345 30
456 11
231 1
262 8
290 27
220 17
162 7
196 22
459 3
220 15
27 1
301 9
109 10
227 7
39 31
208 11
160 20
69 6
264 19
1 13
61 4
446 22
58 17
352 20
228 15
371 26
152 31
442 16
380 9
34 10
379 14
5 2
109 9
279 20
255 19
128 8
203 29
389 32
418 8
128 1
163 22
250 6
20 28
425 27
212 10
168 10
403 24
479 23
97 17
86 27
91 10
370 25
138 31
257 19
350 12
51 28
233 13
29 20
344 21
2 11
115 17
496 21
193 30
380 9
434 21
343 16
30 5
21 4
471 1
426 8
160 9
388 12
277 4
347 28
73 12
26 23
368 25
407 4
346 22
200 3
455 15
6 8
255 26
355 21
302 1
248 5
257 31
408 29
255 14
356 27
453 29
69 21
105 27
232 10
465 4
432 27
326 29
254 4
315 13
156 16
389 19
281 21
94 4
381 20
442 8
378 10
320 30
418 24
272 22
225 8
433 12
6 10
296 4
337 30
220 4
78 28
450 2
456 7
45 32
242 22
127 7
84 10
64 29
221 28
2 1
423 10
156 5
191 19
40 31
413 23
74 30
422 24
347 1
270 3
416 24
81 6
482 24
191 2
368 15
233 6
411 31
155 26
435 2
368 10
428 28
436 2
269 17
229 23
437 22
210 16
361 18
97 11
157 3
240 28
49 8
245 31
330 16
376 9
449 4
442 16
23 18
81 24
438 9
462 19
11 7
78 11
312 23
65 32
313 32
196 10
331 28
24 13
43 32
277 27
495 6
71 1
447 27
364 25
164 6
111 2
496 12
396 4
66 1
331 27
320 30
444 7
318 11
163 4
70 7
55 12
8 9
285 3
479 4
43 6
473 5
167 21
192 19
332 18
375 26
488 18
188 15
196 17
101 10
68 3
148 18
86 28
450 26
314 29
18 24
422 6
212 9
310 11
151 17
364 13
155 7
422 2
485 22
50 14
327 5
108 15
443 29
482 16
63 7
172 20
206 14
421 25
34 19
23 16
75 31
412 13
89 25
422 26
302 31
11 13
144 22
103 26
162 4
181 8
82 21
155 7
150 20
55 23
362 1
218 8
315 1
17 4
313 2
329 7
465 3
243 4
160 13
397 9
132 5
397 25
133 11
55 26
330 29
168 3
37 21
127 28
217 31
459 14
284 27
348 32
329 6
207 20
138 31
308 1
32 12
37 28
107 23
150 20
51 5
479 15
406 1
142 14
451 8
355 30
238 14
334 30
143 32
405 4
495 13
252 2
268 28
41 14
230 18
14 4
211 24
71 16
300 28
441 22
164 24
335 5
201 16
319 24
60 19
327 14
287 31
431 23
70 11
132 12
365 5
283 19
340 1
394 19
269 30
388 32
333 27
184 26
242 6
229 25
77 11
206 23
485 20
121 3
311 17
58 27
453 28
101 17
397 14
283 25
31 11
448 32
97 27
249 14
337 9
343 25
383 12
331 28
388 28
126 30
408 11
224 32
374 4
4 2
169 19
434 27
309 17
414 1
68 18
94 12
490 20
20 13
188 18
92 31
153 5
124 24
251 19
272 20
22 7
394 6
61 15
240 21
412 26
125 11
315 3
234 5
358 25
29 21
306 24
323 23
40 14
370 10
144 5
413 21
268 18
206 4
485 26
401 32
451 13
226 29
95 31
273 5
415 17
349 32
124 12
30 3
469 4
452 25
244 9
129 19
22 7
43 26
484 15
105 18
319 2
402 10
492 15
366 22
327 6
330 7
237 11
465 10
314 21
170 22
133 14
272 22
336 30
12 19
108 8
456 7
150 18
192 9
384 29
251 30
122 20
12 19
494 13
416 12
245 29
217 29
86 8
382 30
154 1
92 17
213 20
391 18
257 6
206 4
490 24
201 4
91 5
26 9
393 17
244 17
229 20
365 22
299 30
235 32
195 3
269 7
226 7
120 26
93 17
473 14
485 29
249 19
441 6
159 17
66 14
321 2
213 13
108 28
487 10
19 9
372 11
439 1
298 6
430 30
86 22
27 30
131 28
145 19
49 11
404 23
409 4
260 25
465 15
188 27
61 15
131 4
345 17
381 10
478 30
87 11
416 18
485 6
241 25
468 13
487 27
255 27
299 27
72 15
233 7
65 1
317 11
77 14
115 9
359 16
470 30
6 25
411 2
134 27
322 22
291 29
324 10
407 14
264 10
88 12
89 4
141 5
198 17
122 8
25 9
255 30
278 17
231 20
306 20
190 12
317 20
140 25
229 30
318 32
376 2
340 24
409 24
424 19
48 14
122 32
378 17
417 27
341 19
194 18
363 27
125 15
214 4
171 11
162 13
138 9
246 21
56 18
160 27
464 19
376 30
482 29
314 15
407 14
397 4
151 7
334 28
290 12
391 28
342 32
152 31
144 21
308 7
255 31
30 10
26 9
7 3
10 20
257 28
325 18
220 32
264 29
103 13
452 25
217 29
101 16
476 32
117 15
295 11
453 8
440 30
80 27
337 21
118 17
209 15
98 16
122 26
332 8
118 20
420 14
280 24
202 11
116 2
389 30
40 6
85 31
171 20
277 3
457 7
304 25
189 21
444 2
466 19
385 20
410 8
269 22
28 30
296 23
491 25
404 10
378 24
361 32
355 1
259 19
383 22
327 27
314 18
84 24
249 4
215 10
476 11
199 11
305 31
349 7
383 20
177 20
295 25
159 21
377 21
312 32
330 18
34 20
112 22
275 8
437 21
17 4
323 16
118 7
266 14
126 4
273 30
259 11
394 9
68 14
38 7
381 7
368 7
362 27
32 4
338 20
328 19
84 23
126 5
481 15
223 10
390 19
111 8
414 28
416 29
126 13
211 22
172 26
272 13
409 23
373 22
475 8
156 2
202 9
462 27
23 24
492 8
179 11
411 8
310 31
424 15
131 6
145 30
63 32
391 19
423 27
421 1
314 16
306 32
209 7
402 15
303 29
495 9
199 5
424 13
83 19
295 14
184 31
71 22
207 21
421 21
75 17
377 17
120 22
108 24
300 9
411 26
105 29
434 12
13 17
164 4
259 18
365 26
101 27
40 15
396 24
139 30
4 23
62 7
48 29
303 7
233 5
153 10
173 2
493 1
499 12
484 21
317 20
51 13
135 30
427 30
105 29
203 28
431 9
434 30
137 32
381 10
152 5
59 4
174 7
361 24
410 8
133 14
44 27
199 10
476 21
411 12
394 1
391 4
81 8
6 14
412 6
291 11
122 9
387 15
103 19
319 32
442 19
441 21
485 7
366 4
116 4
243 13
93 21
184 13
308 17
94 3
278 16
282 31
84 28
398 6
266 20
401 7
18 18
396 18
184 25
165 19
389 3
11 1
391 15
357 18
87 7
269 21
186 2
467 14
69 32
159 10
431 24
392 24
105 11
153 32
400 29
439 32
427 17
472 21
495 12
219 30
130 27
150 8
36 4
289 24
184 7
289 22
62 16
266 6
319 22
306 30
439 24
209 17
396 28
34 7
211 12
28 25
90 21
360 1
496 20
432 27
150 24
145 24
251 30
229 1
179 2
342 5
481 26
334 1
433 27
471 28
322 10
336 11
26 19
239 21
46 2
52 31
93 32
406 31
457 19
116 15
20 29
104 13
359 9
81 11
155 19
286 8
400 25
90 25
19 28
149 16
349 28
259 21
247 4
487 23
150 18
190 10
411 25
374 5
81 2
263 3
356 21
414 15
373 27
383 24
182 19
455 18
83 21
174 9
81 24
384 14
466 5
251 24
69 12
348 29
429 10
439 32
362 8
242 11
206 20
478 23
7 8
472 21
349 13
417 21
8 28
10 13
76 25
200 28
88 31
496 17
361 22
4 6
137 30
308 30
221 17
432 23
421 27
315 21
251 8
49 11
235 10
83 3
170 27
306 6
181 22
126 1
87 5
115 8
226 22
417 19
411 25
25 31
455 20
303 26
275 27
316 29
112 26
171 6
32 29
243 13
482 32
105 28
348 19
143 6
345 8
372 15
112 32
141 18
87 31
475 13
497 14
222 28
392 8
93 27
72 11
487 21
202 20
473 14
14 19
179 14
26 10
316 25
149 8
55 28
102 21
448 30
23 17
58 10
117 26
188 28
485 11
445 14
322 1
291 3
383 13
45 13
222 12
397 31
20 15
458 25
184 1
71 6
278 16
471 10
129 18
433 13
388 21
355 25
145 21
396 8
318 12
436 23
3 24
409 10
487 14
495 10
475 25
227 32
44 29
497 16
58 13
341 10
158 23
154 22
43 29
181 12
192 16
251 31
152 23
420 14
229 10
159 19
182 5
306 9
433 26
101 14
434 21
287 7
339 25
97 21
193 25
445 29
449 3
431 16
409 2
89 29
468 19
43 13
335 32
78 23
353 14
460 31
322 27
433 12
39 1
392 7
10 32
467 2
234 29
409 27
451 13
131 10
447 6
270 21
225 11
251 30
376 14
68 25
456 32
208 26
381 4
429 26
139 3
199 5
348 11
367 30
455 21
419 21
374 28
385 31
387 19
28 30
196 23
311 8
94 26
349 22
469 1
215 32
228 9
332 3
371 2
76 9
398 6
429 16
385 5
222 7
151 9
385 23
195 27
350 20
212 30
466 17
31 24
492 2
445 19
184 19
224 3
344 9
104 24
96 8
289 5
111 19
417 19
285 11
41 6
251 32
36 8
136 2
247 31
175 31
153 6
210 4
468 13
201 15
176 4
262 32
465 4
255 21
70 27
344 2
377 30
214 4
13 17
329 3
328 7
302 32
212 19
208 19
415 16
453 2
407 22
406 27
290 20
104 15
402 15
321 14
244 18
393 16
234 21
366 17
75 19
245 6
29 20
316 3
63 24
385 21
334 6
192 7
5 31
185 6
445 5
388 24
390 4
295 24
353 24
36 19
179 24
213 15
435 16
2 13
148 22
466 21
231 17
307 19
303 15
492 27
348 11
286 9
11 24
212 7
91 8
141 25
379 17
180 10
233 25
162 8
270 23
64 8
487 22
86 21
64 17
239 23
160 32
500 10
455 31
236 6
162 8
18 5
81 5
206 25
81 3
248 10
198 27
201 32
32 10
177 19
67 3
210 22
291 9
247 25
123 14
346 13
209 28
177 13
412 30
305 29
304 4
194 25
214 23
389 13
384 13
44 26
183 9
27 17
165 13
422 23
106 7
275 15
482 19
455 2
36 32
90 16
163 3
192 1
381 32
325 25
348 12
66 27
324 1
355 4
217 20
479 7
395 29
137 28
408 15
473 31
54 26
134 17
345 22
297 21
461 29
341 1
341 31
43 28
203 5
356 11
377 26
93 19
290 5
350 5
24 11
492 1
384 17
145 32
6 1
157 27
62 1
127 6
255 21
269 29
417 32
228 17
13 24
267 15
253 17
203 16
439 22
352 30
23 1
254 12
437 18
494 30
406 32
455 17
492 4
173 13
403 20
405 28
424 32
70 8
140 28
451 10
170 6
103 24
150 4
71 7
117 9
140 7
388 7
387 28
22 3
492 12
311 4
339 2
419 16
261 18
384 31
339 29
216 2
96 10
1 22
156 26
434 19
492 6
93 22
53 2
288 8
38 14
291 20
35 14
340 23
471 15
357 26
127 25
307 30
142 31
239 17
424 17
295 23
198 28
496 22
353 4
497 10
85 7
470 32
348 1
118 19
235 11
332 25
251 6
434 4
296 8
40 28
48 22
338 13
73 30
198 14
321 30
19 17
481 20
228 24
500 6
350 2
24 21
446 18
22 15
165 30

