256
160 5
69 5
98 12
493 20
398 19
269 26
299 28
275 2
201 18
264 26
271 30
95 31
286 11
324 32
75 13
233 2
261 10
366 6
57 15
81 6
277 5
68 11
192 22
104 16
279 31
118 30
236 28
416 6
474 11
165 21
388 29
134 8
402 28
210 27
62 6
116 10
343 31
264 10
377 31
130 27
437 3
408 24
162 20
397 3
414 1
387 21
162 13
153 3
372 10
373 17
3 29
122 25
23 13
83 15
103 28
406 7
310 1
414 27
340 27
457 18
223 20
258 24
216 2
299 7
475 23
223 26
159 16
26 14
80 20
432 6
319 5
424 12
354 9
450 25
499 3
298 30
454 16
457 21
21 15
311 28
278 17
177 24
228 6
469 27
162 1
192 8
441 11
312 10
303 25
339 22
223 12
375 16
395 7
48 12
290 30
263 27
390 27
354 13
344 23
275 25
427 6
41 27
432 20
161 3
316 7
240 7
338 10
418 13
296 26
500 5
175 30
151 5
256 17
385 23
31 24
308 29
329 16
323 13
403 27
199 14
185 6
460 19
51 10
459 30
195 22
135 25
423 1
137 10
493 14
128 23
33 15
331 1
486 10
325 32
192 27
458 5
460 1
103 14
146 21
412 12
370 14
61 28
182 1
321 31
70 4
401 18
439 8
167 16
89 31
312 20
366 29
360 25
389 14
39 7
374 18
78 11
347 22
386 12
39 10
406 4
210 31
414 32
242 8
71 22
274 30
313 31
354 1
316 23
338 30
481 16
7 14
454 13
48 32
84 26
249 2
397 22
500 18
105 5
445 4
274 31
261 2
357 27
462 20
61 16
229 13
11 31
302 24
291 29
7 3
138 32
68 19
417 3
48 10
11 29
401 32
211 13
369 23
479 3
443 23
482 27
283 16
110 29
159 4
137 30
478 15
125 9
161 17
167 4
414 17
52 6
460 26
179 17
33 25
11 27
400 4
201 18
335 14
470 25
414 7
362 23
233 18
140 21
231 10
452 28
335 24
162 10
469 20
474 1
200 12
327 27
179 16
337 1
189 26
210 14
264 15
197 20
261 4
92 3
345 32
338 7
251 31
325 7
42 10
72 30
134 2
44 4
129 4
29 14
390 30
123 29
12 31
353 12
358 24
466 15
191 12
85 13
154 5
12 28
207 27
141 4
184 16
207 13
268 11
482 17
324 20
13 20
275 29
311 20
161 13
38 11
432 23
496 1
383 11
484 9
441 20
132 32
12 19
288 23
425 5
139 5
225 19
288 11
368 22
334 4
226 32
82 25
198 5
446 16
287 21
21 19
257 4
203 12
194 30
250 19
111 8
219 27
242 14
37 9
455 2
340 5
297 26
41 22
54 22
426 13
267 30
419 19
301 17
142 23
463 31
465 17
482 31
111 31
40 15
36 14
72 19
26 17
352 15
362 10
404 11
246 14
84 20
44 9
137 29
231 19
279 7
375 32
229 13
187 16
187 6
113 10
448 15
126 4
409 32
205 32
478 2
334 18
465 13
298 25
266 24
51 4
74 13
360 2
113 2
421 19
119 13
57 30
375 22
217 23
373 13
447 31
74 4
264 3
360 9
491 25
292 6
225 29
170 32
370 11
481 14
433 7
26 25
368 21
23 5
387 3
61 1
97 31
168 16
377 20
272 27
356 23
112 8
131 18
367 16
416 7
493 24
149 23
189 17
123 31
305 21
309 5
46 2
351 25
265 3
444 9
446 24
451 29
83 18
42 6
433 9
500 30
305 25
296 17
369 30
407 29
130 15
389 7
472 4
92 1
318 11
125 3
186 7
24 1
8 13
422 25
374 17
218 22
125 9
374 17
282 20
17 23
346 14
290 18
145 29
406 22
119 26
77 9
456 24
277 24
368 14
256 25
174 5
270 7
337 19
291 18
274 4
232 8
65 5
141 1
105 10
22 8
427 14
380 2
253 24
345 9
57 8
361 2
424 15
28 24
477 31
229 7
330 17
74 18
333 6
306 22
463 7
13 17
481 12
270 25
399 11
205 7
418 2
184 30
400 16
453 16
234 30
478 15
142 3
160 2
468 17
115 22
495 19
170 11
222 24
208 32
258 4
426 19
181 14
220 20
25 5
308 10
354 25
24 15
188 23
24 3
351 7
437 29
469 30
320 23
397 11
162 22
142 28
33 19
49 24
254 5
424 9
34 29
198 5
475 29
443 27
243 1
341 23
489 25
137 4
351 9
38 5
391 28
100 7
206 8
26 19
276 26
224 25
282 29
69 1
361 23
459 23
7 27
134 19
459 2
155 2
154 4
322 8
75 5
170 12
124 12
443 23
349 26
59 26
290 11
90 14
489 20
252 23
198 17
193 1
358 31
318 28
243 7
259 1
263 17
449 22
476 11
136 32
408 26
157 25
172 19
198 4
498 9
358 20
186 2
204 11
101 21
406 3
11 9
363 5
445 15
362 20
405 5
447 28
394 11
212 1
53 25
428 3
358 29
98 27
38 9
289 30
173 11
184 23
415 3
11 11
209 20
130 10
72 16
129 21
382 25
381 23
249 24
337 18
296 14
352 17
86 17
175 18
391 14
144 13
256 2
15 1
377 20
282 12
423 14
264 28
250 20
442 23
155 10
308 30
415 20
486 12
4 28
461 30
222 4
402 25
109 32
497 25
411 2
284 21
40 3
340 21
246 2
139 32
115 19
53 2
310 11
233 9
402 10
410 15
1 15
156 18
226 32
446 32
282 14
172 17
480 3
461 6
348 16
477 15
250 2
196 7
272 28
223 17
325 20
500 18
294 7
287 15
158 12
358 7
313 1
111 9
243 28
222 7
375 18
405 12
431 4
34 30
231 32
227 4
239 14
233 20
436 23
402 25
250 15
236 27
139 22
411 17
269 16
175 27
181 11
118 20
382 23
165 13
258 31
20 8
172 4
231 31
122 28
52 27
94 23
137 24
484 23
317 29
30 31
99 7
422 29
26 23
219 10
267 9
137 18
28 20
389 11
267 14
242 10
233 16
308 29
419 11
268 15
247 25
78 30
211 23
414 24
153 12
482 16
312 10
409 4
277 22
450 15
159 19
64 11
378 23
464 9
366 27
235 8
231 4
457 18
14 30
233 7
206 10
438 29
331 22
208 16
495 13
354 14
200 22
248 1
492 31
77 13
145 32
321 12
327 25
21 29
351 5
7 32
319 24
424 1
493 28
460 24
140 14
345 7
83 28
120 14
155 16
283 19
359 15
26 18
83 26
378 29
355 16
340 13
383 24
173 19
247 29
214 26
298 14
77 12
150 8
157 4
243 19
454 6
245 20
491 8
81 4
464 11
455 32
459 25
67 4
211 9
468 21
50 9
334 2
200 11
173 12
490 32
499 4
369 31
479 27
422 3
78 10
346 16
41 4
220 31
139 18
123 6
206 8
74 8
2 1
226 18
481 32
441 11
363 21
73 25
371 15
251 12
84 8
331 32
104 2
434 18
332 4
52 25
431 5
280 20
102 18
106 18
425 22
412 19
207 4
479 25
182 5
377 9
29 31
240 24
461 5
225 20
432 32
180 19
105 12
146 10
169 11
139 13
1 22
231 11
385 9
487 11
141 7
183 25
274 27
152 6
299 25
377 7
356 4
445 28
219 30
17 11
45 31
331 9
56 21
103 13
325 21
211 10
304 9
486 1
19 18
162 2
366 30
252 1
445 32
385 16
489 1
254 5
260 17
77 19
349 31
459 2
120 21
491 15
414 12
351 32
465 20
453 6
401 8
255 17
399 3
360 4
391 26
272 2
50 21
317 14
231 19
127 6
148 25
476 5
445 2
196 1
189 5
443 5
352 13
286 19
335 21
342 17
462 29
227 23
165 7
465 4
21 19
449 32
60 29
80 16
250 8
116 19
424 22
231 23
106 12
229 16
365 30
369 14
35 19
41 11
489 9
446 17
447 23
29 6
319 20
361 16
87 5
62 6
386 25
489 28
160 5
283 4
287 11
202 29
97 22
223 21
450 21
298 24
415 22
254 29
137 18
4 4
294 14
85 16
210 5
23 9
142 21
245 12
160 30
452 28
391 14
45 16
194 22
439 12
371 4
192 19
10 20
434 11
465 31
334 6
295 4
394 12
365 26
215 24
287 30
131 9
44 3
72 13
368 31
197 2
54 32
449 23
287 10
366 19
252 27
128 11
259 6
482 23
363 13
498 22
66 32
30 21
155 22
198 26
112 26
464 21
133 16
80 12
293 13
374 1
199 22
443 5
227 32
431 25
324 8
90 22
408 12
350 10
73 11
139 20
144 30
52 29
365 19
400 6
131 5
406 6
330 16
138 20
271 5
145 27
348 26
336 19
57 25
20 5
436 31
164 7
260 32
207 9
402 10
486 17
435 19
214 8
238 31
320 16
271 8
454 15
253 25
225 6
178 29
438 21
403 2
395 22
373 30
490 18
411 11
158 21
365 23
461 30
426 24
462 24
299 23
18 31
260 7
360 1
191 14
253 29
455 15
458 15
452 16
100 19
274 2
411 23
332 3
92 13
206 1
157 24
172 10
407 7
472 26
71 18
267 27
106 21
173 32
399 21
363 3
339 8
108 13
126 27
324 18
400 9
474 12
385 9
285 23
279 5
260 21
418 23
375 4
451 24
439 14
172 17
200 18
140 19
110 22
449 13
187 20
314 24
459 22
9 20
340 15
500 27
488 13
329 18
144 28
409 18
481 20
438 24
293 26
190 3
47 22
39 21
190 4
244 8
401 12
243 4
391 18
43 30
363 15
91 14
2 24
144 18
283 1
365 16
362 18
182 8
44 32
140 17
424 8
232 28
487 19
268 13
68 30
106 2
384 25
492 22
400 15
423 26
67 16
461 9
341 26
188 8
362 12
320 29
415 16
460 5
230 23
278 5
92 27
431 32
431 22
65 2
408 27
364 18
274 4
254 11
466 10
202 23
473 10
315 7
277 10
287 26
205 28
154 20
151 4
123 9
357 7
263 28
26 6
90 11
301 7
117 6
488 7
296 4
44 14
346 8
236 21
325 24
400 30
439 6
414 30
483 26
452 25
386 5
222 3
480 6
169 4
140 25
470 7
116 25
397 6
184 12
446 32
275 9
190 13
247 31
126 29
224 14
473 13
406 18
435 1
67 24
185 2
112 14
141 11
19 29
244 6
20 9
62 10
386 3
210 32
57 32
212 24
265 16
93 30
81 19
259 23
482 3
205 25
448 1
376 22
85 19
20 4
160 1
101 13
183 2
380 3
497 7
222 13
330 30
135 22
193 9
408 26
187 4
323 26
308 22
304 32
168 11
347 3
255 15
75 13
461 26
379 17
248 8
422 21
266 8
338 22
300 22
335 26
209 1
175 29
206 2
260 30
300 31
404 22
257 15
194 29
136 16
26 8
24 11
164 29
354 6
98 1
99 32
342 19
293 12
175 22
494 11
75 25
393 19
51 21
309 16
218 8
168 31
31 23
189 11
183 26
48 4
46 10
415 19
156 3
254 11
409 11
265 11
244 29
313 18
157 29
93 2
269 32
468 19
154 8
197 8
49 12
467 26
93 14
184 17
440 10
79 8
36 15
183 23
203 15
128 27
320 9
85 16
332 28
90 30
60 31
173 4
382 16
406 31
373 9
75 12
378 9
364 6
199 6
248 1
244 4
111 31
448 23
206 19
99 16
116 22
434 21
469 23
280 22
493 32
167 3
167 16
423 30
13 1
279 17
225 23
488 28
141 31
234 3
65 4
142 1
193 31
173 18
241 24
91 10
455 5
152 1
5 23
3 9
399 1
129 24
7 12
163 12
50 4
346 27
432 31
499 32
265 15
489 17
122 24
442 28
40 6
400 16
372 26
413 18
387 17
97 17
157 27
244 6
7 9
24 6
279 26
265 3
192 22
400 13
37 13
92 8
286 4
472 13
97 16
131 23
276 7
80 28
486 3
342 32
264 1
133 18
387 9
85 2
354 8
95 10
28 22
318 6
29 9
174 22
24 16
460 23
31 19
83 24
214 20
211 1
140 27
18 14
295 6
308 1
289 30
390 1
291 27
482 12
347 23
149 26
459 12
169 29
499 3
208 20
378 10
188 9
316 5
395 6
11 6
110 23
307 16
115 21
410 28
268 13
103 32
478 25
376 22
253 10
100 8
85 13
433 16
346 20
180 12
209 30
145 31
489 19
22 11
399 23
403 7
39 25
434 9
121 17
218 5
34 22
36 22
498 28
93 23
215 25
434 7
462 18
93 10
380 18
257 11
397 27
297 11
367 22
7 3
391 17
211 32
394 18
394 7
65 26
438 27
110 31
405 8
153 6
373 20
463 5
14 31
491 14
350 17
392 28
343 10
432 25
57 17
150 30
420 22
140 21
196 9
79 17
172 3
450 1
115 12
377 20
327 4
290 20
76 5
383 7
166 27
175 22
491 9
376 2
242 11
118 14
115 9
38 3
279 19
35 1
454 7
225 8
482 22
307 30
46 10
328 7
356 2
136 14
178 15
460 8
229 5
209 12
477 18
334 24
436 16
352 1
334 12
21 32
441 3
225 26
368 32
400 15
257 28
273 11
398 12
58 3
12 6
322 29
215 27
96 26
226 11
390 31
23 2
226 23
89 26
153 16
205 16
31 26
87 27
248 21
238 21
463 21
422 4
89 16
142 4
137 7
131 2
277 5
492 3
319 8
156 11
387 21
375 21
174 5
275 17
149 20
429 15
113 30
98 25
189 15
385 21
457 11
406 26
223 25
440 9
328 23
364 23
159 14
335 24
402 26
104 11
473 12
365 21
437 11
286 21
53 10
301 14
388 31
299 2
455 2
2 23
36 29
349 3
158 23
378 28
496 2
314 29
217 30
405 22
344 30
130 1
63 19
110 26
341 20
411 7
497 5
429 12
333 9
78 11
164 8
402 15
141 11
331 21
244 28
214 16
129 20
336 32
478 29
345 22
56 20
464 4
372 25
287 24
373 29
194 32
24 7
399 12
161 25
372 25
168 10
344 13
281 23
192 2
179 4
427 2
143 18
285 14
486 19
70 11
287 7
98 18
210 24
325 30
429 29
126 4
486 29
244 2
351 27
227 5
323 25
262 21
246 10
331 20
321 8
442 11
14 7
121 27
387 25
445 15
345 14
262 26
391 2
151 29
292 29
122 26
381 7
283 31
281 17
210 13
216 15
411 5
189 19
156 19
328 24
241 32
21 19
206 15
360 20
4 15
437 13
469 5
359 23
295 3
67 20
443 30
6 6
362 23
384 1
473 3
468 10
87 29
68 28
103 15
351 22
429 31
434 5
456 21
351 6
283 1
458 6
50 27
79 32
361 2
280 26
377 24
251 7
440 30
458 30
96 16
352 8
299 21
125 18
77 7
355 32
244 16
437 5
479 15
56 27
180 4
376 20
435 22
74 14
295 27
119 30
43 30
266 25
255 18
446 27
216 32
42 31
316 30
104 26
196 7
336 28
346 8
487 4
41 9
357 16
443 28
429 13
445 18
325 11
435 14
382 27
274 31
313 29
457 28
234 8
427 9
231 12
484 18
404 13
278 32
64 28
87 8
205 20
38 13
434 28
3 3
178 8
294 15
216 30
258 25
253 12
73 8
456 17
201 7
285 18
322 24
49 1
191 21
144 24
486 17
404 28
448 9
467 21
71 6
342 1
186 22
364 30
429 3
166 21
381 10
458 15
297 19
463 32
463 2
67 8
386 10
139 5
403 5
425 9
490 10
153 7
212 21
433 28
39 18
121 32
400 22
122 28
288 28
387 15
393 18
50 14
275 25
463 13
497 11
2 7
5 30
365 20
374 17
207 9
99 31
332 30
257 21
45 28
240 20
146 12
237 32
113 31
88 11
188 20
166 1
274 10
46 7
237 16
287 11
184 25
122 31
234 30
23 15
273 2
62 3
245 6
466 5
160 25
136 15
340 5
239 6
322 13
104 10
408 2
204 19
479 29
309 16
54 3
194 19
444 31
97 16
404 22
100 8
466 3
114 25
387 5
270 20
489 9
469 12
467 17
190 5
349 14
360 7
32 18
433 19
12 13
366 20
442 21
183 15
52 16
63 30
500 5
498 4
409 14
87 23
490 12
23 11
125 15
445 8
140 9
482 15
405 27
418 22
16 28
456 7
248 10
4 31
202 21
87 27
319 17
189 32
301 12
498 21
298 26
433 25
170 22
439 22
317 9
123 32
308 14
398 15
96 9
154 5
106 16
111 32
264 16
435 28
363 9
341 20
226 13
300 4
242 18
173 18
446 4
389 30
373 22
160 8
243 25
321 28
404 11
475 8
434 25
83 20
193 19
159 3
251 18
166 1
196 30
402 29
485 3
246 18
280 6
381 22
422 5
73 6
484 11
345 9
160 15
417 4
54 3
122 32
33 11
148 24
329 18
72 9
44 14
374 11
279 19
49 16
455 17
25 6
372 1
411 31
148 11
234 17
253 8
4 1
346 16
216 26
53 12
339 20
161 28
270 11
466 30
138 5
143 15
414 10
383 24
396 30
2 9
230 15
336 30
391 2
89 7
355 13
98 29
440 10
257 29
196 6
231 13
346 9
199 20
238 10
287 25
463 13
113 21
395 17
130 9
130 30
243 12
414 32
29 9
301 1
265 28
210 31
33 16
71 3
19 24
164 13
292 19
445 17
23 19
57 24
476 18
73 10
21 30
262 5
190 18
389 10
262 11
153 22
6 15
228 28
383 4
32 22
222 1
282 28
167 6
247 14
375 7
212 20
156 1
500 9
238 29
2 31
339 26
496 32
229 12
219 15
319 2
488 4
78 10
283 21
311 17
386 6
199 25
137 26
273 16
254 11
376 19
361 18
261 29
409 21
284 11
303 22
229 6
141 14
411 23
402 30
155 4
111 29
88 27
410 21
234 23
223 22
269 7
175 21
143 24
73 10
62 11
27 14
17 23
300 31
293 29
352 19
192 30
151 28
60 4
344 2
426 14
255 3
352 29
279 23
364 32
272 22
78 31
419 26
169 30
373 2
123 20
260 26
38 3
297 9
26 4
242 32
57 32
350 5
277 24
107 16
331 26
417 1
380 8
2 13
53 18
214 31
450 1
341 23
439 13
435 9
481 9
268 1
24 9
149 4
448 31
292 23
485 24
391 16
43 16
264 4
470 9
474 7
154 26
257 12
155 27
408 23
219 27
23 11
495 28
246 3
426 1
425 18
245 15
126 23
410 29
234 31

