256
196 3
89 10
269 18
255 4
147 18
328 8
371 6
449 27
330 5
220 2
420 18
371 31
500 31
402 21
360 21
481 19
283 26
228 19
371 14
31 2
111 30
341 22
419 13
120 13
405 15
242 28
489 28
446 28
355 8
104 10
488 5
120 19
210 23
25 8
181 27
449 3
413 17
328 27
429 8
283 14
138 20
361 22
340 3
465 10
154 1
407 5
209 14
115 2
224 28
201 8
46 18
251 14
290 2
345 31
25 15
108 31
3 20
492 18
126 5
35 31
81 13
124 9
170 26
410 29
81 18
1 11
111 15
140 5
328 32
323 25
111 14
71 17
249 10
306 23
222 28
357 18
484 24
294 1
422 3
397 6
313 1
184 23
499 8
175 31
159 29
383 21
130 13
85 11
366 6
457 4
285 21
93 8
145 15
124 30
441 5
123 5
269 19
28 20
482 22
446 32
403 8
113 28
280 25
262 9
291 6
436 31
383 1
47 7
415 14
296 31
42 6
460 23
224 31
282 17
392 27
197 6
406 5
30 21
357 7
33 27
213 9
426 7
349 32
473 23
345 16
469 31
37 24
401 13
470 30
169 10
260 13
211 25
25 16
405 14
383 9
84 3
257 1
41 25
36 21
219 13
132 4
119 24
171 31
280 17
52 1
206 19
165 8
31 30
8 23
127 14
75 18
188 16
423 24
288 18
92 23
190 15
250 8
242 20
178 10
116 1
322 29
243 22
89 29
231 28
59 29
337 18
271 24
317 1
103 8
2 26
166 16
268 23
351 13
391 29
30 14
461 31
179 16
41 15
328 7
214 31
480 18
224 18
425 16
294 23
199 3
72 21
190 23
483 9
199 21
421 25
231 1
283 13
436 11
27 28
298 4
206 21
141 9
378 29
172 23
295 14
169 2
86 11
408 13
251 26
145 23
186 3
255 9
487 7
495 9
158 4
252 27
420 32
143 29
160 26
171 14
387 12
23 9
402 6
245 8
36 21
26 17
468 20
393 6
174 12
467 27
31 26
397 7
314 23
99 21
56 22
279 23
313 17
267 22
83 19
69 22
103 26
42 30
77 31
376 7
26 18
285 24
115 22
358 4
72 1
105 28
430 27
422 22
35 16
307 1
402 7
438 8
172 28
278 12
118 9
202 3
198 19
50 4
20 24
444 19
216 32
70 13
282 31
386 4
30 12
137 15
122 26
287 17
257 28
392 14
68 14
220 29
284 10
280 7
177 7
393 24
474 7
36 31
305 5
275 19
168 7
117 1
188 23
433 21
170 12
22 21
121 18
205 24
11 17
206 27
411 23
282 29
413 21
491 1
441 29
403 8
379 20
248 3
126 24
215 28
355 24
384 28
329 1
231 3
277 17
81 7
239 14
275 3
30 30
219 26
234 22
429 29
345 8
31 18
207 21
469 2
332 29
241 21
293 15
203 13
463 20
459 5
145 22
203 3
351 10
496 12
99 29
48 7
304 6
116 3
174 5
276 6
289 32
18 29
190 16
353 13
355 27
205 4
44 24
378 2
33 1
182 31
149 21
277 1
159 28
167 20
180 6
337 32
161 18
400 18
278 4
206 4
415 15
483 14
170 12
56 6
85 29
388 9
317 8
389 11
407 11
159 3
348 23
406 20
53 30
210 10
261 3
313 31
177 20
337 22
359 28
103 11
332 30
380 8
5 28
475 8
27 17
350 22
479 11
86 15
264 15
212 9
413 5
51 2
172 19
139 22
130 18
177 5
83 20
461 20
27 31
351 21
419 4
131 21
306 20
280 22
214 27
446 18
219 4
419 22
235 10
124 4
151 12
29 9
355 21
172 13
275 22
138 1
73 12
441 7
335 24
152 32
415 25
377 17
296 4
375 18
205 18
98 7
297 30
439 27
466 11
235 4
484 8
432 25
491 24
287 17
296 26
76 2
238 1
194 13
452 24
267 16
417 20
362 5
341 4
419 2
114 6
397 14
377 8
6 32
403 4
396 14
285 32
111 14
128 1
406 3
224 24
86 1
387 7
409 27
450 4
384 24
333 32
365 21
311 10
428 6
365 4
115 9
499 2
22 2
382 15
204 25
451 21
449 17
87 30
416 4
37 7
303 9
283 31
429 13
388 17
362 20
384 5
252 22
406 17
7 7
52 26
95 6
202 24
190 8
105 1
27 21
256 6
361 14
496 25
186 12
497 12
339 28
228 27
113 21
67 7
271 10
32 25
323 13
112 5
372 4
469 31
208 12
80 20
465 7
209 19
162 21
50 17
289 13
295 1
261 21
76 27
331 7
247 13
192 3
17 7
278 22
165 30
61 8
257 26
171 29
380 32
374 9
184 2
409 26
266 21
191 9
199 13
300 1
377 3
7 10
109 9
231 14
122 31
369 22
20 3
195 3
223 4
179 18
81 31
236 6
255 26
391 1
298 30
454 30
384 4
419 8
96 5
117 17
292 10
447 27
376 25
62 14
208 8
356 32
179 11
337 25
368 19
442 9
268 27
394 15
206 13
347 10
165 11
370 20
300 32
471 32
308 12
273 19
123 12
6 25
422 23
438 25
421 11
9 25
477 7
395 2
67 29
335 3
56 5
39 27
372 5
234 28
392 7
46 2
338 32
167 8
246 12
252 30
186 1
58 26
163 29
195 25
45 6
311 32
234 17
11 13
209 20
136 4
102 22
114 12
233 32
51 10
439 18
347 32
62 29
137 24
209 19
156 17
212 11
409 1
315 11
254 16
162 21
475 24
422 24
55 30
71 21
483 1
258 14
484 24
86 24
395 2
155 31
102 2
369 2
15 3
428 16
410 10
360 5
205 14
324 3
287 19
215 18
107 28
303 19
143 8
266 2
385 20
292 26
490 8
496 24
194 7
475 28
216 10
340 16
115 27
382 2
261 8
375 32
272 17
162 22
416 27
155 32
199 22
137 4
457 20
43 7
259 1
106 10
202 1
98 1
459 11
70 8
131 20
291 22
120 24
19 27
82 2
38 32
471 18
171 20
158 29
78 32
81 27
93 7
479 2
451 21
225 8
8 31
315 2
108 30
101 30
172 11
151 17
314 22
234 13
49 7
401 2
10 6
12 15
468 22
348 18
426 28
141 6
278 19
231 13
92 32
363 7
218 9
175 19
486 24
219 6
3 8
363 4
453 2
318 24
363 2
189 1
441 1
74 23
135 12
307 2
339 13
44 20
34 30
291 19
477 5
405 19
480 31
343 24
493 8
203 23
29 23
495 6
71 28
40 9
224 30
486 18
367 17
322 32
246 12
122 3
120 10
53 28
497 11
383 9
259 2
343 27
328 22
108 15
257 27
307 24
197 1
394 3
321 15
166 31
178 19
493 9
17 21
248 5
496 23
1 18
68 11
392 15
384 12
497 17
350 20
120 30
448 17
460 4
431 1
38 24
116 2
109 16
131 4
348 22
190 32
231 17
394 18
356 10
325 28
418 3
7 1
424 2
106 32
426 16
212 7
348 19
197 8
14 31
163 21
304 5
60 26
461 30
359 20
435 8
372 32
62 30
444 9
36 17
220 5
289 8
275 8
314 19
443 28
1 25
40 4
309 4
393 18
257 8
289 7
287 20
246 24
390 5
184 17
90 8
237 22
39 31
217 8
186 11
31 2
115 19
194 32
22 2
249 22
189 21
172 23
401 1
26 26
309 14
418 26
169 30
479 3
16 11
410 13
205 13
91 24
363 20
299 20
73 7
365 30
435 4
292 3
8 2
328 8
231 5
66 3
250 16
457 30
443 14
170 15
10 24
22 24
247 28
459 32
366 19
285 29
62 16
191 25
245 27
385 31
115 2
77 1
49 5
482 11
103 7
342 12
263 31
336 9
183 14
32 28
469 4
404 22
244 23
451 4
465 15
19 15
488 3
295 32
332 12
231 26
131 4
249 17
286 8
105 28
230 1
72 22
304 15
79 23
421 25
239 21
215 29
168 22
203 18
442 6
442 32
171 16
95 4
168 4
355 24
404 32
464 23
133 28
301 32
18 10
444 12
310 31
364 1
64 7
291 9
156 16
380 11
155 10
98 30
58 24
149 13
388 13
287 12
232 7
435 25
160 3
357 14
241 12
446 20
490 32
13 30
319 4
472 13
218 21
498 27
372 31
439 3
111 9
483 18
311 25
90 31
499 14
292 27
18 25
247 11
177 11
4 7
2 15
320 27
247 29
197 15
315 27
81 5
211 31
118 18
332 32
196 18
357 27
273 6
427 27
85 11
129 24
98 18
267 5
53 9
85 1
483 28
88 8
28 30
478 22
23 29
57 30
343 1
56 27
491 11
485 23
85 25
14 6
94 20
302 22
293 11
247 19
138 18
190 5
483 32
162 30
328 14
75 10
335 19
136 21
465 24
251 17
232 24
435 26
44 32
323 8
474 5
314 15
106 20
480 5
375 13
446 14
63 28
76 9
354 27
73 10
183 7
71 2
438 17
443 9
444 10
20 26
186 10
84 4
393 27
232 15
408 9
24 2
400 19
70 18
162 6
275 32
316 21
109 9
405 28
86 21
169 1
470 18
494 21
349 6
320 28
356 23
460 16
400 8
330 1
317 15
462 19
38 17
140 15
233 12
402 10
244 14
127 13
275 20
118 20
6 17
55 13
15 19
92 30
226 30
234 18
264 3
336 26
175 11
300 11
19 17
77 22
122 31
327 28
322 4
371 11
232 30
40 26
144 19
159 9
404 20
114 28
438 29
321 8
276 28
370 30
172 6
407 9
148 21
40 22
28 19
148 11
392 23
4 31
374 26
255 25
257 32
296 2
168 8
9 3
439 27
88 14
176 19
106 4
79 26
497 31
260 24
217 27
35 13
37 24
86 31
36 19
362 4
92 25
151 29
176 14
183 27
403 22
461 17
385 20
358 17
498 21
377 26
471 23
286 7
22 12
1 29
418 2
92 17
446 11
461 21
36 3
440 18
205 28
150 17
291 11
470 32
475 10
354 13
460 31
155 13
214 23
389 7
72 9
344 18
427 4
194 10
151 21
103 31
385 29
295 31
463 16
167 6
461 24
86 24
362 5
252 32
99 13
410 19
325 29
392 7
261 9
416 7
70 10
469 14
474 19
480 13
27 10
226 27
369 3
111 23
403 22
10 2
206 27
24 22
376 23
132 24
203 11
250 28
417 2
77 26
332 21
326 22
406 23
49 31
214 3
357 32
224 10
469 26
136 20
459 27
462 11
350 9
489 15
288 9
168 13
147 4
273 8
209 30
227 9
304 24
119 16
407 3
377 24
272 29
71 10
375 21
24 9
197 9
175 32
473 7
200 19
46 12
295 2
354 25
215 5
312 21
21 6
175 13
445 18
261 8
380 32
400 15
64 24
471 30
283 8
284 3
414 13
158 20
435 23
80 25
372 27
333 16
461 4
288 29
305 5
272 16
388 31
143 11
470 21
40 13
408 12
87 22
4 28
233 6
107 21
290 14
55 11
221 15
130 24
124 2
260 15
322 31
270 16
449 3
428 17
343 32
16 29
361 19
25 29
161 11
257 22
312 32
72 20
30 13
243 25
339 7
400 32
205 21
327 14
259 18
346 6
293 25
382 5
231 26
450 3
92 18
193 27
221 24
138 31
169 25
255 19
87 30
370 3
26 32
148 9
301 13
90 2
205 15
450 16
433 7
30 12
457 10
279 9
190 20
427 6
148 30
216 10
39 9
229 13
132 28
405 24
221 2
229 13
20 31
212 24
429 14
328 29
167 10
62 24
373 12
65 9
373 20
458 4
68 30
32 3
414 4
335 2
133 19
410 20
93 10
456 22
67 15
258 13
240 23
441 20
11 1
484 11
341 14
498 16
479 29
459 4
316 13
229 4
207 19
452 16
112 3
25 18
189 22
114 8
305 2
391 15
263 23
401 23
168 7
362 14
279 24
242 3
464 22
246 3
460 29
26 3
103 22
452 15
35 18
422 23
471 17
357 21
391 30
39 10
8 17
407 6
220 8
84 12
470 14
410 5
26 31
204 9
188 27
123 30
72 13
117 31
61 25
331 3
230 30
360 25
270 2
227 21
266 6
228 7
491 13
367 29
275 18
349 30
77 27
388 24
219 16
246 3
476 9
81 30
446 16
498 19
58 20
55 27
386 7
261 12
271 11
244 30
49 12
359 9
415 22
476 13
101 22
264 13
298 20
338 3
488 31
309 21
411 27
71 12
349 15
171 20
309 31
369 21
358 11
185 16
177 29
257 5
86 12
57 15
67 26
329 2
433 5
450 11
203 4
490 32
202 12
227 11
426 3
71 20
173 28
55 13
472 31
330 9
34 2
143 9
484 7
6 20
311 32
110 9
327 19
268 21
110 26
243 8
440 29
319 9
272 29
165 15
388 6
3 5
232 13
373 3
467 23
334 29
186 19
142 24
245 13
244 2
107 10
241 2
151 3
10 30
136 31
369 27
20 3
147 11
368 12
21 2
102 2
463 23
500 4
2 24
68 26
450 22
231 2
72 9
101 1
7 4
107 19
462 3
449 28
81 4
331 26
354 8
307 4
422 15
475 12
254 22
21 31
68 7
393 3
336 5
71 22
80 2
272 5
8 28
352 16
240 7
393 5
318 4
464 12
62 14
367 23
331 27
18 14
489 22
240 16
254 19
369 1
192 12
77 23
64 4
342 7
314 15
99 24
490 18
75 3
203 25
365 1
179 14
135 19
495 30
343 28
36 7
432 3
55 32
129 26
288 31
272 13
57 10
436 30
135 6
448 25
302 24
221 16
398 7
499 8
81 5
492 20
255 31
47 29
283 15
278 2
145 21
374 25
122 18
98 24
171 21
444 21
209 9
452 18
371 6
349 19
142 28
123 21
115 29
409 25
343 7
170 24
291 7
40 25
204 6
20 15
386 32
347 6
480 6
51 22
452 16
357 21
443 15
193 5
147 26
157 21
492 22
180 26
221 28
194 20
61 2
150 26
381 4
392 8
498 22
413 21
45 5
393 16
247 18
248 29
39 17
86 10
82 29
163 2
336 21
430 24
274 23
46 22
427 17
365 4
230 25
372 11
46 32
466 16
201 13
241 27
469 30
120 3
294 7
408 18
491 25
229 16
268 26
269 10
62 1
469 16
261 4
122 22
159 19
154 20
3 18
302 28
423 18
226 8
408 1
49 18
322 2
365 9
255 5
486 5
469 30
312 29
349 13
91 3
223 24
218 29
489 4
48 23
293 21
330 12
110 23
449 15
360 29
223 18
149 8
282 5
217 9
401 5
377 19
71 19
234 29
176 18
160 7
188 20
200 6
355 17
248 27
443 19
319 21
72 23
428 26
287 32
446 27
60 23
178 10
273 23
122 24
189 5
375 16
288 26
97 22
86 16
296 8
302 6
248 6
284 23
79 22
170 32
109 25
50 30
62 31
252 8
474 28
168 20
20 4
125 32
97 22
312 9
293 17
210 24
190 10
418 20
415 3
144 15
19 9
12 29
367 32
116 29
407 15
40 6
90 29
42 11
78 21
283 15
169 32
262 27
485 20
478 8
470 1
274 17
18 2
421 16
401 16
76 27
22 28
85 16
484 6
150 9
182 12
283 30
275 29
412 20
76 6
11 5
214 16
385 15
421 1
467 17
192 10
480 14
361 12
177 28
41 22
257 10
109 27
275 11
287 31
494 6
428 24
259 9
140 31
224 24
300 22
233 15
435 20
56 4
127 24
343 15
409 3
92 13
342 30
104 20
52 21
342 31
305 4
472 20
446 31
3 1
88 19
88 18
298 11
373 4
227 20
442 15
18 9
356 19
399 19
191 2
259 32
133 19
335 8
358 4
2 17
377 25
299 20
314 9
458 31
372 32
254 30
23 7
198 10
334 12
40 32
102 2
259 14
213 1
189 26
76 26
282 8
482 13
119 27
381 25
185 32
316 10
417 6
413 3
67 10
266 10
473 27
256 7
452 32
27 28
389 10
181 3
110 6
455 12
309 3
8 25
438 28
283 31
13 19
173 16
292 14
37 4
157 4
346 16
259 16
100 28
29 32
22 10
294 12
70 6
310 25
446 15
104 32
305 21
274 13
48 13
267 28
32 3
228 25
234 2
452 29
337 1
317 26
322 2
185 31
415 18
172 4
445 11
440 13
243 21
78 2
482 20
78 17
470 29
94 7
494 17
240 27
229 32
392 27
369 25
497 7
422 16
494 10
147 13
115 25
202 16
383 3
387 24
399 24
468 28
262 17
389 1
495 29
112 31
223 32
463 16
114 32
239 16
102 25
244 32
126 29
111 12
331 17
171 18
56 22
221 5
450 25
22 17
430 5
183 12
465 5
223 10
84 26
389 13
198 21
104 3
281 26
34 16
414 16
341 17
341 13
138 11
374 27
439 27
495 9
158 3
469 1
241 16
194 5
89 11
113 8
418 10
110 27
357 11
155 25
492 15
109 17
137 10
343 19
488 9
47 10
500 7
230 24
271 3
368 19
165 21
402 26
78 27
385 22
386 31
482 1
385 18
209 6
128 27
300 31
91 19
464 14
65 17
329 15
467 1
193 32
233 27
417 18
309 13
95 26
339 20
422 24
369 10
97 32
236 20
315 7
94 6
416 31
323 25
345 9
145 14
124 13
336 1
390 28
341 4
190 24
263 15
107 27
297 11
331 28
302 25
358 4
422 22
258 20
222 14
385 6
491 4
446 2
400 15
322 17
170 19
124 8
177 22
266 25
136 28
357 29
240 22
36 18
191 1
109 24
395 1
481 9
353 14
63 8
112 8
344 13
450 31
416 26
400 22
451 19
277 7
176 5
224 15
382 7
4 26
382 30
335 27
486 31
492 16
438 4
135 30
88 16
304 4
210 16
389 28
442 9
170 17
385 29
180 2
363 15
108 1
284 22
459 17
128 2
169 25
257 23
402 21
387 18
52 16
261 16
311 2
456 12
171 5
76 18
458 11
236 1
35 11
6 5
139 9
294 27
402 11
110 23
247 24
8 22
147 8
89 17
322 28
288 28
236 3
193 6
153 12
258 23
298 28
31 16
248 1
95 5
375 28
304 9
255 3
270 25
283 2
357 20
401 4
447 29
210 27
182 19
270 7
253 27
54 4
206 6
460 20
154 14
207 5
306 1
120 19
361 18
432 1
357 16
64 19
172 10
497 13
488 18
496 4
36 21
375 21
54 10
245 4
19 23
368 12
264 15
250 16
240 17
45 4
69 20
102 12
381 2
297 24
67 12
312 30

