256
263 1
491 4
124 10
405 27
415 15
332 16
384 20
213 25
213 12
190 5
350 2
180 26
309 23
230 24
72 3
311 27
91 2
118 11
43 2
489 17
420 16
188 24
108 5
132 16
368 21
60 1
266 28
167 2
98 28
253 1
434 16
355 32
69 24
90 27
198 14
271 9
250 10
272 1
210 15
380 30
427 3
146 24
30 24
470 15
411 18
148 16
489 10
72 17
178 25
371 27
443 21
195 4
303 3
400 12
221 19
441 20
69 7
43 19
102 4
77 17
86 16
412 22
282 15
483 27
496 17
37 14
198 23
481 4
401 20
363 10
362 24
473 26
94 7
232 27
379 13
263 32
88 11
37 21
9 27
179 32
224 3
293 17
150 29
272 18
356 2
23 21
141 23
351 22
362 26
133 8
94 27
203 2
421 27
50 30
462 5
137 1
147 10
309 32
406 4
50 22
417 12
182 30
419 24
143 32
170 3
371 23
374 13
296 2
15 14
75 28
278 28
364 24
493 12
424 10
455 9
363 20
396 9
281 22
280 3
297 17
402 27
64 3
443 31
420 14
56 3
137 29
58 5
461 2
24 12
151 31
60 10
202 7
410 2
473 17
108 17
342 9
140 9
487 18
115 15
391 19
105 8
207 14
380 3
415 27
402 25
85 1
430 10
472 19
471 4
232 15
416 5
291 31
181 2
137 19
388 15
317 32
406 20
357 1
42 27
392 4
39 20
108 21
466 11
11 8
374 10
218 2
370 13
196 26
490 16
197 29
211 17
72 20
240 8
105 26
402 16
429 20
323 32
112 32
319 15
428 24
68 29
185 6
357 25
339 22
64 11
74 6
252 13
94 31
276 14
124 21
45 20
469 31
292 16
359 30
406 6
5 22
134 14
115 11
422 25
188 13
340 18
315 31
110 12
285 18
457 21
62 21
164 14
71 27
314 17
416 27
418 13
396 24
462 10
394 31
315 1
71 6
46 29
448 16
144 32
41 32
344 6
304 28
336 7
314 17
7 14
219 13
354 27
180 19
476 5
49 6
357 27
295 23
356 14
410 31
326 6
303 1
255 18
28 30
332 18
90 15
423 25
115 24
127 30
442 22
218 26
244 6
312 6
328 11
132 1
370 1
38 8
329 17
129 29
234 17
50 28
151 12
188 25
451 6
410 12
119 23
85 22
52 24
252 24
119 15
468 12
43 30
363 15
150 11
79 27
7 24
262 25
451 9
273 5
114 6
496 9
12 20
446 24
180 25
295 14
431 6
489 21
471 11
196 16
397 14
207 16
254 32
412 8
417 25
309 22
70 28
466 26
236 28
497 27
108 31
416 27
256 32
363 7
310 18
50 30
184 32
109 5
76 21
492 8
409 24
225 10
104 27
411 3
454 19
457 9
401 4
451 21
331 18
87 12
223 16
345 2
244 22
194 15
30 18
14 22
485 18
267 28
132 2
130 1
288 26
350 5
161 12
401 31
465 19
482 32
326 19
445 17
336 7
91 17
176 20
302 32
46 4
452 17
449 25
466 25
371 27
129 15
466 21
226 3
367 23
470 8
237 2
113 16
256 23
436 31
11 5
443 16
157 26
436 13
178 17
193 4
419 1
135 17
349 32
19 27
270 20
259 31
105 27
78 29
277 14
143 27
454 25
46 26
182 10
419 4
438 11
259 5
284 25
445 32
104 7
51 14
302 29
232 14
383 25
118 7
26 5
150 24
49 11
293 15
232 23
90 14
322 24
378 13
445 6
88 8
136 6
273 5
298 32
194 24
17 28
43 30
276 32
225 28
90 6
406 30
228 27
343 29
47 28
357 3
245 21
242 12
434 31
316 28
222 1
115 22
172 17
484 27
52 8
123 26
77 32
167 9
375 1
409 13
432 14
115 28
414 24
407 27
222 22
282 20
230 9
385 18
109 28
200 9
280 2
6 16
202 24
216 28
384 29
200 19
94 22
342 11
21 20
205 3
321 27
390 30
439 30
155 27
346 27
59 29
380 4
36 29
439 4
360 18
80 31
488 9
224 17
31 1
280 23
191 12
277 24
354 19
205 24
262 14
66 16
230 14
88 22
230 14
221 2
200 24
352 3
324 20
72 18
172 23
292 22
303 25
293 12
135 1
367 24
251 21
420 24
82 27
449 11
384 5
104 7
320 12
122 27
235 29
52 18
395 20
119 21
116 19
56 22
111 3
498 1
59 21
45 24
275 5
154 22
366 14
241 5
417 6
32 23
258 11
408 20
130 14
53 9
140 8
495 18
382 12
315 32
260 11
431 14
55 25
191 24
46 31
457 30
496 28
464 5
422 27
257 4
100 1
148 7
268 10
340 18
485 10
293 20
216 8
277 3
12 4
42 5
454 22
222 6
337 21
406 23
259 2
14 22
322 5
300 10
155 19
443 3
497 11
383 16
310 23
334 17
182 12
81 28
77 22
437 18
190 10
228 24
208 1
9 13
253 8
322 19
447 16
398 23
499 12
358 12
142 24
333 28
271 17
163 3
67 23
464 16
144 27
408 11
283 20
232 32
224 13
294 22
317 7
316 23
174 17
178 20
216 30
195 10
275 5
185 21
307 32
300 26
339 11
153 21
123 28
8 26
436 6
367 4
196 26
270 30
206 28
389 18
309 31
259 7
439 7
127 29
91 31
46 1
337 26
49 7
433 9
8 29
62 14
472 25
259 26
330 17
41 6
238 13
152 28
136 6
439 14
38 9
392 24
309 21
485 29
391 6
117 27
286 18
476 1
139 15
202 32
403 14
186 32
443 9
487 14
131 29
43 16
157 7
455 13
367 24
26 21
209 14
359 30
172 23
454 10
273 24
129 3
249 14
166 31
3 28
472 5
281 7
4 29
301 27
254 7
250 19
275 14
272 10
303 31
320 8
456 4
263 17
118 4
250 7
406 20
138 14
88 26
392 12
207 32
50 32
210 23
90 32
108 17
469 14
8 8
165 23
83 20
399 16
291 5
186 24
252 24
425 16
93 24
283 7
211 32
462 28
334 23
256 25
116 4
350 23
68 26
289 22
145 20
54 3
188 27
335 15
414 31
482 3
427 24
9 13
299 15
261 12
225 4
276 12
443 9
166 18
343 15
12 15
494 13
274 25
7 12
323 25
218 5
131 32
420 3
337 19
313 21
54 22
464 2
81 30
306 3
120 12
53 23
487 18
399 12
430 9
71 16
177 32
408 27
136 16
150 12
398 14
420 31
55 23
132 4
140 10
234 3
85 22
93 15
387 27
34 16
396 16
271 4
96 19
83 15
358 28
54 3
249 25
409 12
207 1
291 2
330 20
309 30
365 29
189 15
392 6
418 27
30 28
414 5
218 28
355 15
431 12
33 32
84 18
187 18
334 25
487 27
204 23
280 20
48 4
170 11
42 31
281 31
478 2
195 8
42 21
474 20
12 7
355 3
152 29
384 9
221 6
351 32
369 26
47 16
450 20
58 7
6 30
413 12
31 7
383 28
211 8
248 26
418 2
168 5
347 15
257 19
124 15
47 16
89 5
111 6
161 24
380 10
357 16
353 20
102 7
311 16
295 30
385 28
364 4
133 30
454 13
480 5
348 2
273 4
119 19
473 31
403 20
296 31
495 29
498 24
87 1
259 17
70 15
297 29
46 13
494 3
21 10
279 20
351 27
155 17
286 31
451 24
330 23
446 20
99 8
123 21
456 17
418 5
375 18
310 16
346 27
122 22
480 25
234 15
155 32
3 32
367 14
127 16
404 13
224 22
220 14
186 27
227 15
51 29
20 32
225 29
367 30
231 30
450 28
380 9
55 11
396 25
40 31
469 27
299 12
296 30
389 25
396 23
288 22
420 7
158 32
24 16
45 22
221 19
421 25
303 11
187 2
248 26
72 12
20 10
111 3
91 15
147 30
318 2
284 25
445 9
436 12
168 20
425 4
326 17
192 32
23 30
178 30
455 1
189 10
323 31
492 17
2 7
103 19
276 2
407 16
30 2
39 1
173 27
288 27
11 32
330 6
357 27
7 20
108 12
489 6
198 9
46 23
323 4
17 22
237 19
170 14
468 32
166 9
375 18
343 5
285 28
122 13
31 13
156 18
176 29
271 1
329 12
72 19
168 32
100 20
67 13
226 6
33 15
378 7
48 16
495 16
244 21
325 2
97 28
115 24
476 9
144 28
404 15
158 3
7 22
179 1
82 24
458 14
146 20
224 6
407 31
377 14
187 17
127 19
33 1
54 4
329 1
16 29
264 13
155 30
282 21
194 4
88 3
329 18
338 5
131 25
123 11
98 21
60 21
295 8
169 16
451 30
248 10
434 31
491 24
484 24
125 25
339 24
32 12
149 17
72 31
317 18
138 15
206 5
343 12
140 23
199 22
360 10
408 13
309 22
85 4
373 17
173 8
420 24
231 17
72 2
199 17
199 24
155 24
32 1
255 7
359 29
113 11
250 28
215 14
473 27
54 29
359 14
260 19
281 22
51 12
495 17
444 9
437 26
448 4
298 2
491 17
6 7
79 4
178 17
369 18
296 2
346 22
351 18
284 19
447 10
335 30
435 26
486 3
228 6
190 13
339 16
33 5
486 23
304 23
108 24
164 19
298 22
408 8
115 16
131 13
229 25
206 19
94 16
385 5
329 27
50 27
458 14
363 32
397 6
310 12
42 30
110 23
483 5
190 25
412 24
213 13
488 15
359 2
462 20
106 18
22 23
308 23
89 11
478 9
40 12
340 13
113 17
271 27
317 1
395 9
484 23
73 8
377 19
405 2
378 14
331 19
17 31
82 9
161 31
89 24
346 4
133 18
228 7
256 8
67 30
476 31
461 4
22 25
183 14
379 28
287 13
311 31
199 24
259 19
450 23
263 32
478 15
457 13
149 29
453 28
214 4
118 14
180 31
363 30
268 1
273 6
301 7
61 24
326 11
414 20
370 20
275 27
422 3
256 23
443 28
490 25
339 11
34 6
97 12
83 20
340 28
269 25
142 29
344 32
500 25
243 9
433 5
419 14
99 10
128 6
85 21
402 4
223 3
497 7
183 12
386 26
287 19
14 8
187 1
247 22
466 25
406 6
209 1
455 4
202 23
201 15
51 6
414 10
388 26
148 22
341 10
296 11
40 1
259 10
370 25
264 27
198 29
436 14
49 18
213 7
176 25
389 19
366 6
56 6
415 11
379 4
236 10
438 15
187 32
205 12
405 24
94 10
192 5
7 17
474 8
491 30
484 11
80 30
236 11
307 14
337 29
461 9
63 31
403 17
298 15
8 22
278 1
303 26
333 22
62 26
381 32
307 28
486 6
417 25
372 27
74 5
112 23
337 30
285 3
126 18
50 9
136 23
437 6
500 13
451 25
426 23
316 29
399 1
322 11
225 18
390 31
106 29
185 2
378 9
384 7
254 21
339 1
112 23
179 27
247 1
24 8
164 11
108 10
344 6
376 4
327 25
218 12
469 22
77 14
74 16
200 24
245 2
68 16
368 30
170 26
79 29
490 22
236 5
155 19
230 18
350 32
147 24
191 31
25 23
313 11
431 32
278 11
254 25
86 25
295 3
439 21
300 20
466 7
228 8
317 2
1 14
217 3
437 12
466 18
230 14
412 8
141 29
390 14
385 11
219 11
230 25
255 13
436 8
415 3
191 11
324 8
248 5
394 29
4 11
498 17
488 9
97 5
449 10
78 25
461 24
216 2
304 2
70 27
394 32
106 24
418 1
479 1
25 9
53 20
83 10
113 11
310 29
403 22
46 32
295 26
128 18
47 7
183 8
374 28
155 31
12 16
463 18
441 4
66 13
367 13
395 27
423 8
39 5
18 29
8 12
294 27
25 17
270 15
160 3
135 31
325 30
90 31
339 30
126 9
227 25
405 1
323 11
28 10
3 5
150 18
208 27
349 12
135 14
143 3
112 5
313 16
126 14
426 16
136 16
72 22
44 12
186 26
154 29
79 4
462 8
370 17
23 2
105 13
187 23
155 30
227 15
437 28
73 26
19 8
265 3
273 16
418 18
26 4
22 12
431 15
36 28
4 22
369 28
418 11
58 17
56 12
391 20
339 27
58 17
22 22
299 30
482 1
103 15
492 29
314 10
311 13
426 10
110 2
125 4
53 22
100 20
169 18
304 7
305 21
68 14
182 10
324 15
286 26
21 13
106 23
51 1
387 28
82 5
121 15
228 9
92 27
485 5
20 4
471 24
148 2
354 1
108 17
344 21
158 12
22 32
254 24
180 5
251 9
193 15
171 16
248 27
98 20
227 21
19 9
145 14
439 18
198 22
378 29
290 11
109 11
150 10
438 9
206 20
294 22
411 8
169 26
430 14
241 32
235 3
409 15
128 19
80 29
96 1
218 17
343 2
400 21
243 29
25 25
377 14
198 19
486 19
296 23
484 24
275 2
498 31
300 9
233 15
301 24
187 30
64 26
399 3
226 10
4 10
442 16
272 15
18 13
357 13
375 1
200 25
114 29
35 18
25 7
144 9
446 15
47 6
64 5
28 21
438 7
242 15
262 21
370 23
121 30
443 4
270 6
496 32
42 19
149 6
1 16
243 23
326 21
12 5
437 3
381 7
274 23
457 31
135 18
166 12
404 24
103 13
454 10
408 31
332 28
413 21
404 19
131 9
499 6
322 31
32 6
13 17
324 26
192 7
147 5
418 26
168 32
427 25
321 18
320 5
94 28
337 25
90 3
77 20
460 14
374 15
100 23
148 15
208 15
85 26
47 6
256 14
225 26
39 14
367 30
50 24
441 10
160 6
204 17
469 19
134 10
5 17
432 32
212 15
342 20
197 32
2 28
306 30
337 20
475 31
53 28
367 9
261 6
226 16
262 6
478 20
239 3
184 15
486 3
13 16
43 5
67 16
364 28
473 20
419 24
255 31
323 9
167 24
498 20
399 4
437 9
211 8
211 26
198 12
141 18
375 19
123 10
430 22
17 14
38 20
349 28
110 24
116 25
107 17
20 21
76 5
85 10
484 7
32 1
491 32
446 13
206 8
10 19
406 27
388 7
166 5
290 31
112 5
255 10
221 3
426 9
83 27
434 18
157 21
302 19
340 3
216 5
167 21
383 8
103 23
218 28
359 15
247 22
263 17
391 7
275 28
483 25
178 1
478 23
85 27
185 9
378 8
173 8
125 4
467 11
326 28
199 20
394 1
357 28
445 7
342 4
266 17
132 24
93 6
130 5
240 22
453 29
66 26
364 26
33 18
120 22
217 10
245 22
114 17
117 27
51 19
482 24
135 25
111 19
74 28
107 30
258 4
134 15
389 30
216 25
179 11
130 28
5 22
357 30
30 2
380 28
136 21
247 22
326 2
200 11
153 30
268 14
69 2
436 29
103 3
229 13
338 2
28 2
287 25
163 28
210 23
247 13
255 10
466 24
55 9
35 7
174 10
321 7
55 16
51 9
111 24
290 32
193 29
493 16
405 31
147 14
49 2
162 32
91 27
87 21
495 25
55 9
275 15
411 13
335 17
338 17
296 11
244 1
147 16
320 28
94 26
369 3
63 3
150 5
361 24
149 32
61 20
24 19
430 22
15 32
450 20
60 14
182 31
86 5
242 29
84 28
74 8
182 17
334 31
141 7
270 14
50 6
197 13
164 2
62 23
242 7
382 17
108 8
308 1
96 29
301 11
236 19
482 21
215 28
451 23
362 9
200 7
50 4
39 6
22 20
96 7
462 5
415 14
244 6
466 23
123 11
369 26
345 19
479 31
18 1
469 15
1 25
493 23
64 7
468 1
482 23
199 19
391 30
216 7
187 14
177 5
152 30
371 20
100 13
258 29
129 6
199 22
246 31
32 26
73 7
246 30
413 1
200 23
262 16
493 32
301 26
461 20
419 3
151 6
31 24
486 27
337 12
492 27
78 27
96 14
225 13
407 29
489 26
144 10
225 16
402 5
9 14
180 31
44 30
444 30
441 5
436 18
316 8
416 25
154 31
394 3
351 16
219 24
110 18
293 18
202 10
211 10
407 14
137 6
424 12
227 32
213 27
197 32
294 28
421 3
122 30
177 5
466 4
16 23
109 28
260 22
354 30
372 28
64 8
266 23
439 4
54 3
358 7
179 31
214 27
450 28
264 6
12 5
21 27
155 30
38 3
143 27
236 18
355 11
21 24
489 12
463 23
314 25
349 16
323 30
442 24
101 2
398 24
286 6
342 1
103 8
207 22
270 2
259 24
297 32
95 13
295 10
31 24
82 31
100 24
145 17
176 21
450 13
209 24
46 30
380 21
429 26
394 7
231 16
378 7
135 13
164 25
234 22
389 23
129 24
218 17
84 29
369 26
169 17
121 27
479 8
215 19
437 24
309 27
463 23
398 22
363 21
230 24
310 30
262 30
309 27
62 29
76 19
426 32
359 6
162 17
249 8
448 13
335 28
55 6
146 8
247 20
68 8
103 6
446 24
167 26
47 17
146 10
11 11
69 5
320 3
58 28
458 25
104 9
112 15
442 6
166 8
265 18
163 4
111 20
435 25
214 13
357 3
306 11
282 31
88 29
309 5
21 10
1 32
262 16
338 31
369 4
242 14
89 21
205 11
216 11
179 21
472 12
140 13
106 5
355 5
373 11
189 25
281 5
73 6
153 6
97 9
265 10
6 29
94 6
403 6
201 10
90 8
469 17
152 10
1 31
119 22
373 23
470 29
200 6
399 16
452 7
224 20
184 14
421 14
291 23
291 3
256 12
366 20
461 30
2 17
80 12
186 4
482 20
457 29
49 3
384 4
201 4
420 24
337 8
217 3
14 23
322 30
239 15
197 31
408 14
11 7
373 21
439 27
204 11
387 32
101 3
456 21
378 27
240 22
66 17
192 31
167 29
52 9
52 13
307 23
2 22
298 19
366 8
81 17
482 3
172 30
237 19
438 10
353 29
179 14
337 23
349 20
87 8
260 30
204 3
301 14
236 18
80 1
185 12
21 10
478 32
303 19
171 24
180 31
120 27
293 1
285 25
312 3
96 15
213 20
341 21
5 8
314 32
28 30
95 24
367 24
444 13
138 10
260 6
340 23
380 20
187 16
476 10
238 12
125 18
371 9
166 31
393 11
162 24
328 8
320 14
31 7
214 9
228 29
190 23
204 13
403 10
84 22
444 13
301 12
475 31
384 4
249 4
471 26
48 22
17 11
344 32
481 29
68 32
234 21
478 13
177 32
382 28
110 9
284 22

