256
480 8
411 29
179 28
406 29
40 10
49 29
29 32
314 20
261 5
96 9
343 13
368 15
95 30
345 3
381 15
395 9
43 25
169 5
456 11
297 27
188 26
100 21
37 29
328 1
34 27
241 24
339 16
474 9
370 30
447 10
400 17
462 2
145 23
15 28
409 7
447 20
8 14
16 24
162 15
45 11
469 1
126 15
97 7
91 30
120 2
215 16
230 25
165 27
11 23
326 15
194 12
218 29
21 10
301 3
280 13
433 1
481 15
407 29
361 6
42 25
239 1
56 24
137 24
342 7
103 8
269 12
143 22
200 12
219 28
402 23
196 26
99 21
96 5
105 29
206 11
493 16
107 28
412 3
267 25
93 1
124 29
368 19
346 20
134 17
271 11
267 23
220 29
495 12
73 27
476 11
97 28
74 15
367 1
149 9
294 25
206 25
305 21
387 7
492 8
271 23
406 29
229 22
105 23
497 25
173 8
11 22
143 29
176 25
273 21
493 22
121 10
335 2
123 25
280 6
445 30
376 18
290 8
179 18
30 7
126 15
350 13
176 16
73 7
500 5
379 9
115 8
42 9
129 16
21 16
130 1
161 17
167 6
461 25
47 22
224 32
44 13
160 7
65 20
274 4
281 8
260 19
3 30
343 23
169 27
390 2
32 18
155 14
351 11
246 13
456 5
273 4
394 24
422 14
16 23
225 4
199 29
190 13
342 16
184 6
450 9
160 5
475 26
382 17
280 24
74 3
300 10
438 13
129 16
206 12
406 11
291 4
119 4
157 32
67 20
321 29
264 12
201 22
145 19
415 8
414 4
11 5
185 16
462 13
159 11
161 5
449 7
372 27
135 24
378 29
71 31
69 7
382 26
424 15
352 2
302 21
177 32
181 17
464 10
378 14
161 22
390 9
340 26
28 6
493 29
175 28
307 27
250 5
12 29
67 31
363 8
331 3
32 12
104 23
209 17
320 9
18 22
330 1
175 21
183 31
465 9
434 12
451 27
164 23
60 2
29 22
449 8
312 16
427 11
326 7
395 10
4 32
59 1
473 13
393 7
103 5
363 5
332 17
423 31
127 22
76 28
255 9
367 3
356 21
333 30
279 8
31 10
195 5
466 7
173 30
25 27
67 27
163 18
404 30
97 18
67 16
37 30
48 15
240 16
399 12
289 30
3 19
311 26
111 17
216 7
486 13
261 16
479 32
154 18
361 18
264 15
273 16
452 25
407 11
76 1
467 20
334 9
238 5
166 28
421 2
334 2
122 2
310 20
369 19
334 29
212 9
8 4
248 23
156 22
2 3
311 24
298 20
288 27
288 2
234 12
335 23
466 16
13 31
259 25
89 8
110 20
40 1
135 8
427 19
293 24
225 19
99 11
247 15
409 30
340 27
94 18
413 23
333 9
37 3
306 5
387 23
128 26
383 14
65 13
256 30
441 21
460 19
355 22
129 3
92 16
109 29
345 14
299 1
298 7
472 23
163 14
369 2
135 3
403 8
264 15
57 20
491 20
446 1
74 7
163 29
394 32
405 23
145 11
471 2
389 26
397 27
3 5
340 14
368 10
337 23
252 25
38 26
112 15
142 21
409 29
53 11
428 9
245 8
159 23
217 3
9 1
449 23
82 24
148 13
234 24
431 25
432 12
283 28
302 12
80 15
80 1
217 3
441 25
282 28
27 19
202 31
315 27
46 24
142 25
196 19
233 6
212 32
297 30
59 11
269 11
13 17
475 17
207 19
189 29
70 23
339 12
102 1
274 11
401 23
395 28
290 19
426 21
143 18
198 13
172 26
43 20
166 1
264 29
136 12
213 1
371 7
328 24
259 17
470 31
16 4
459 17
343 28
361 9
309 22
241 9
227 12
368 25
4 32
469 31
435 13
48 13
287 11
128 25
476 5
56 3
313 18
351 31
101 23
195 25
472 27
93 26
70 29
294 18
444 6
64 6
146 15
387 4
338 22
329 21
463 20
7 3
101 9
485 17
271 7
313 10
113 10
291 7
218 21
108 1
50 7
242 12
134 24
331 15
142 11
135 8
98 25
82 2
201 10
102 31
244 27
64 16
24 10
242 9
290 13
253 24
372 14
239 9
122 17
327 19
432 25
218 25
305 3
431 17
216 12
179 27
150 22
18 9
447 32
265 29
460 25
428 31
11 22
39 12
438 29
98 1
29 23
250 5
465 20
393 4
415 3
342 5
164 7
89 23
470 30
199 18
222 6
316 28
495 23
67 32
423 4
153 8
330 26
340 18
285 1
177 11
155 18
115 27
229 28
281 30
409 3
183 14
308 31
214 2
205 16
437 7
296 1
134 13
194 26
271 6
410 19
29 28
317 31
86 29
50 6
446 18
48 9
440 15
127 9
360 27
284 17
13 11
385 15
204 11
324 22
260 1
124 32
148 12
135 18
188 24
451 2
494 31
262 9
205 16
85 29
422 8
361 10
447 29
432 10
27 31
179 23
339 6
278 27
446 20
424 25
96 2
266 21
76 3
21 13
266 13
197 27
324 21
473 6
5 28
475 24
363 13
22 25
307 3
391 4
63 30
384 2
392 22
98 31
28 18
99 10
426 19
332 17
203 8
75 24
412 5
443 30
202 28
326 4
466 9
111 20
382 2
185 5
495 10
92 15
103 14
20 24
485 27
129 7
359 31
98 6
103 12
395 20
207 24
15 5
288 29
200 6
471 13
146 21
370 13
191 17
279 26
352 27
413 16
301 23
386 31
392 17
290 30
144 17
209 27
21 21
487 12
370 21
308 3
274 14
104 12
354 10
378 5
496 26
37 4
412 2
398 11
262 12
292 22
36 28
120 16
200 6
127 9
63 19
288 4
316 27
355 29
476 20
225 7
373 21
470 28
387 12
290 8
407 13
257 18
285 12
349 24
334 27
257 12
113 12
435 12
286 29
96 9
21 9
83 29
285 24
29 19
271 30
171 25
103 23
470 19
7 10
222 20
497 10
235 17
21 13
37 26
309 4
270 25
156 16
426 9
256 14
111 10
123 21
55 21
412 12
111 14
46 17
257 26
162 31
2 15
215 6
192 19
374 10
56 21
165 1
321 32
286 24
298 24
416 12
133 23
79 19
96 12
279 4
17 29
46 15
327 12
408 18
135 29
331 10
162 20
22 14
267 23
117 28
66 17
267 26
359 30
145 11
173 15
10 14
419 16
412 21
167 15
115 25
304 1
194 29
292 11
150 7
225 15
474 15
299 9
340 5
438 20
315 14
463 29
151 13
232 22
478 6
85 8
255 16
388 32
204 28
367 21
442 11
471 3
85 1
155 1
482 16
112 20
406 22
472 24
307 27
470 4
157 18
227 31
293 18
210 12
349 8
52 14
223 3
205 11
347 27
83 8
7 31
476 8
472 11
319 22
354 12
265 6
193 3
420 29
309 1
36 1
261 8
299 27
314 31
289 12
65 16
340 3
270 15
334 1
113 9
223 30
292 15
475 17
182 6
173 6
227 21
498 15
148 20
321 5
150 13
472 11
184 3
489 9
477 23
398 10
475 32
55 18
310 10
454 31
479 15
332 21
187 10
43 30
477 11
498 15
176 17
193 19
484 5
164 4
355 5
49 25
384 20
447 17
337 12
184 11
378 19
372 28
196 2
101 25
333 26
151 4
419 31
366 30
227 17
361 30
293 14
262 24
217 32
369 29
460 24
71 5
270 6
253 6
412 25
490 20
303 4
251 29
334 12
474 4
349 26
493 17
299 23
169 7
314 17
271 1
292 10
462 17
339 6
230 22
270 19
345 16
210 31
144 23
415 5
307 7
7 27
255 5
53 31
172 7
311 14
491 22
339 12
219 6
17 28
279 15
19 4
210 4
70 10
475 12
174 21
98 12
431 9
337 32
479 28
202 22
153 12
95 32
144 17
373 8
113 31
150 27
126 20
62 4
417 24
31 10
20 1
474 27
185 6
286 15
169 31
304 9
30 15
16 1
63 12
37 11
391 30
157 12
249 3
63 13
458 30
107 6
426 12
132 6
241 25
124 17
255 24
433 32
178 1
161 4
40 9
267 22
86 19
298 23
345 16
351 15
305 25
484 10
388 19
339 20
383 3
240 1
242 29
272 31
473 32
10 8
480 16
294 14
403 31
252 23
302 6
253 27
411 24
336 2
202 19
278 20
341 25
72 14
41 20
352 17
479 13
229 27
489 22
228 31
316 11
489 1
80 26
223 14
329 31
140 27
437 5
318 5
489 2
210 18
289 29
246 7
273 26
77 5
199 8
3 2
134 24
483 2
85 29
55 1
319 30
147 11
166 9
235 31
58 32
36 30
356 17
464 5
107 5
241 25
48 12
23 30
87 29
247 19
61 13
287 20
51 14
486 12
102 13
74 31
16 25
208 8
242 31
352 20
415 20
356 15
335 6
144 1
382 10
295 27
394 6
26 32
219 11
12 8
435 21
182 3
46 1
174 23
263 21
338 2
116 21
140 7
71 27
75 28
24 26
450 25
303 3
213 17
190 4
44 4
160 29
278 5
317 15
343 27
327 4
108 11
225 11
97 19
381 23
450 8
244 4
25 14
78 25
122 19
164 21
95 19
93 28
380 13
323 18
340 13
106 3
295 14
46 7
476 18
266 13
386 13
28 26
111 22
350 24
224 13
397 30
187 29
42 22
250 4
492 17
216 29
239 7
426 32
253 9
414 10
29 11
231 5
412 17
14 21
72 1
125 20
407 31
161 24
229 26
15 28
202 10
168 28
92 1
280 29
197 13
214 29
195 28
133 26
136 26
218 20
235 14
379 25
356 23
292 32
300 10
7 25
387 18
497 3
470 16
175 26
320 4
95 18
36 23
471 11
225 24
82 11
233 5
451 16
351 18
24 11
251 10
207 13
56 23
467 13
330 13
395 1
381 29
14 16
67 28
290 3
375 24
101 23
184 15
195 22
496 22
240 26
451 3
383 26
1 21
235 31
342 13
183 18
321 17
341 27
384 26
30 31
353 10
365 12
33 27
274 24
332 1
126 15
163 24
140 28
60 14
198 13
354 24
326 2
428 30
413 20
148 26
70 8
275 6
240 27
49 21
39 16
81 4
162 24
23 6
259 6
27 12
187 13
335 16
110 11
30 10
426 5
167 15
232 6
280 31
100 20
39 18
60 8
153 1
363 15
226 17
313 25
76 7
337 30
362 18
376 3
320 5
123 30
295 19
131 7
177 3
106 4
72 29
187 9
90 9
103 3
21 11
419 20
265 31
61 7
53 25
221 12
89 16
413 16
198 12
162 18
478 15
293 1
136 31
125 9
231 32
39 31
346 6
50 27
64 3
441 20
399 9
43 23
4 8
222 25
351 27
131 32
354 31
228 21
254 9
213 4
284 7
87 17
60 20
443 16
450 11
295 16
396 2
335 11
145 12
156 27
291 14
26 16
60 25
484 9
309 32
1 8
2 15
277 18
426 3
389 24
454 3
75 1
372 13
451 12
317 14
214 31
243 31
306 7
196 17
319 24
188 27
152 21
109 24
454 11
498 6
262 7
377 8
3 12
97 18
468 13
263 29
75 26
476 24
12 19
372 14
378 23
353 9
99 17
308 17
199 26
98 28
460 30
500 7
426 24
120 1
212 22
277 14
443 24
369 14
274 12
136 20
150 4
384 12
152 28
4 15
201 18
162 20
427 13
326 24
108 17
448 7
31 21
160 21
328 24
279 22
471 30
457 4
105 4
72 20
87 11
310 19
380 12
299 11
484 32
362 28
273 26
466 23
386 22
127 25
357 13
166 16
22 22
299 10
18 2
86 24
1 31
243 8
218 17
390 2
368 20
497 32
265 30
294 26
439 1
66 32
29 32
475 23
57 1
380 14
347 29
30 15
212 16
78 5
16 8
482 15
423 2
375 7
144 4
188 18
292 17
81 17
336 31
75 5
32 6
170 2
271 23
428 30
174 5
114 5
176 8
424 6
277 2
136 8
169 11
206 9
428 10
485 11
193 31
211 8
364 1
157 6
283 24
171 29
440 5
497 8
232 20
65 20
69 25
132 26
375 21
50 30
474 26
269 6
296 23
93 27
211 21
497 14
184 3
302 8
303 10
443 18
422 27
246 18
59 1
431 22
65 12
439 18
217 27
56 28
390 4
23 8
101 23
297 4
37 30
111 32
452 25
225 5
264 22
66 6
198 1
459 10
180 14
4 17
160 19
112 25
410 2
353 14
356 21
146 17
451 28
436 26
161 32
126 8
482 19
449 11
39 8
497 31
9 16
319 28
262 26
69 23
268 21
33 19
421 22
219 27
285 18
124 5
166 17
72 7
292 25
381 22
280 5
400 20
228 2
455 21
352 3
160 23
147 16
93 32
73 12
142 21
317 14
358 14
366 5
480 1
301 5
191 28
89 10
219 29
12 30
305 7
400 28
333 23
211 5
466 15
88 15
344 13
224 29
238 26
481 14
450 30
430 16
213 26
434 8
186 5
309 7
11 4
10 7
106 13
471 15
355 27
30 30
167 25
250 32
194 27
473 12
364 30
487 16
124 20
211 13
68 27
355 2
79 21
124 24
437 19
107 27
357 4
193 19
240 18
278 14
376 31
281 3
208 19
19 19
243 9
344 30
100 18
92 2
62 7
213 6
13 31
493 5
306 25
95 30
478 9
331 22
327 3
296 2
81 10
69 27
395 20
485 22
109 24
375 11
494 15
372 23
110 16
79 15
252 18
312 18
250 22
287 32
104 30
313 13
248 21
211 26
292 31
339 13
122 5
275 20
3 6
326 32
214 4
231 29
281 26
398 14
36 20
309 7
266 14
27 25
354 26
6 10
284 32
250 14
260 12
77 22
225 10
430 6
157 4
107 2
53 16
319 12
188 28
431 21
101 5
169 10
398 30
451 22
221 8
291 32
427 3
297 4
120 10
441 24
237 11
417 10
403 8
81 30
67 7
246 11
172 30
472 9
439 7
102 23
326 32
342 1
110 10
108 13
364 12
357 32
299 29
241 17
360 30
142 6
184 31
92 15
4 4
424 22
190 21
452 23
269 1
471 22
430 26
107 29
330 7
245 28
87 5
180 7
158 25
372 6
411 28
196 18
83 11
207 8
348 18
490 20
302 21
345 27
242 11
228 19
265 20
50 20
308 25
150 26
253 5
11 7
188 18
280 30
29 30
393 28
495 3
343 32
47 23
379 4
490 18
63 18
429 4
309 28
45 30
405 13
331 19
312 2
473 11
288 1
429 4
228 23
266 10
71 28
460 17
452 1
406 22
407 6
477 23
273 21
25 22
170 23
296 21
372 12
275 23
472 7
395 7
478 32
472 20
324 16
348 27
232 5
140 2
290 8
205 10
341 13
91 30
435 7
342 26
358 16
169 30
171 11
380 20
74 20
195 5
487 10
23 18
498 14
208 23
482 12
200 18
344 31
183 26
381 32
435 22
491 3
419 5
17 23
160 23
354 30
487 12
99 26
57 20
23 16
86 28
231 10
29 18
428 27
203 12
86 30
397 9
240 20
441 13
466 5
199 19
158 29
10 9
46 26
56 29
34 6
128 4
279 5
190 22
219 32
217 25
29 1
85 29
280 13
229 29
477 11
267 19
463 12
95 29
194 22
133 15
143 16
342 9
416 7
330 19
275 30
291 3
159 11
275 18
251 7
387 8
133 29
66 24
281 20
160 14
13 12
52 4
51 13
280 15
276 10
305 26
155 11
56 5
321 27
455 11
389 5
2 18
197 11
469 9
430 28
302 7
271 17
450 1
98 21
491 17
338 15
126 5
93 5
9 13
215 31
188 32
7 9
477 4
460 25
384 17
424 2
331 26
390 32
218 15
361 9
211 18
207 8
394 16
221 31
64 11
217 19
390 32
144 26
131 15
14 14
491 5
51 22
334 1
453 24
279 9
112 14
363 22
177 16
469 1
10 1
184 11
487 21
6 14
143 12
436 32
353 27
445 8
100 2
196 4
181 22
69 24
315 7
462 24
390 18
92 4
314 3
182 5
52 23
134 6
174 14
53 26
348 9
281 23
127 8
202 3
154 6
451 32
404 8
311 2
341 15
397 11
29 18
159 8
116 32
477 9
213 18
18 20
378 3
210 4
478 4
15 7
33 1
451 21
228 29
434 32
367 26
74 28
259 24
179 18
228 16
14 4
389 27
204 26
181 1
474 7
176 4
493 13
156 19
349 11
408 22
450 26
111 20
373 25
311 24
94 2
411 3
330 7
489 29
120 26
445 29
32 1
284 12
181 3
319 13
321 14
162 23
351 16
350 28
492 20
127 17
198 25
43 27
39 15
411 30
52 19
103 7
179 26
459 31
177 17
91 9
354 12
471 4
23 8
427 2
332 17
302 17
293 4
259 7
227 1
341 26
227 31
65 6
32 19
116 20
3 15
409 32
310 27
411 21
403 2
50 30
94 8
114 27
47 24
69 29
244 5
107 10
407 23
227 27
397 19
498 11
253 10
106 26
137 12
246 7
57 4
124 31
351 17
389 21
312 25
374 31
422 8
228 32
2 23
266 6
1 8
500 9
373 25
18 21
472 16
399 17
263 30
31 29
110 7
361 21
79 2
179 28
65 27
328 6
213 21
315 25
412 26
169 13
270 2
145 22
301 28
122 3
417 20
27 7
422 16
3 24
473 14
352 26
88 15
455 24
327 10
216 31
435 16
23 21
421 11
150 2
62 15
136 31
274 3
61 27
50 31
46 2
244 5
411 19
427 26
334 22
487 25
344 5
432 30
181 25
384 2
426 14
452 29
128 17
75 16
419 16
102 29
350 26
213 12
28 20
477 22
97 7
262 28
440 22
157 4
398 32
302 7
189 21
87 24
330 2
355 16
137 21
416 2
154 13
450 25
472 18
246 8
93 28
359 4
53 27
355 30
258 12
328 7
261 6
466 6
75 5
189 24
481 1
401 6
437 6
18 12
128 12
327 16
475 21
307 23
255 25
180 8
169 23
162 5
272 12
222 3
152 30
262 8
218 18
117 10
364 10
413 15
453 7
414 27
127 16
305 9
232 4
97 12
194 30
32 22
237 25
164 24
15 17
371 20
438 11
238 25
177 18
143 9
241 4
56 19
127 20
452 27
48 12
462 17
157 22
58 18
98 29
485 4
497 8
48 15
46 21
439 6
286 14
351 30
341 18
97 4
469 12
30 28
299 3
257 31
336 18
52 6
387 25
397 27
96 32
21 17
80 16
215 26
245 5

