256
75 20
179 12
294 15
55 28
402 23
217 14
100 1
128 7
451 13
57 32
42 25
115 3
467 30
357 28
385 12
383 8
63 2
75 5
460 17
480 17
435 20
486 10
20 26
148 18
62 8
109 19
476 31
137 6
309 2
493 5
249 12
4 12
141 30
20 28
59 15
165 21
398 10
83 21
115 14
90 8
286 22
482 21
477 15
55 17
464 27
329 28
274 1
375 18
262 22
366 12
96 26
17 5
383 31
113 6
180 30
377 1
104 7
78 8
181 16
364 4
178 12
207 16
376 6
217 10
327 14
161 31
315 21
119 10
127 28
399 31
285 27
475 12
189 20
319 21
35 10
364 13
78 23
368 1
4 28
442 22
370 31
456 16
131 23
437 6
158 7
120 10
314 2
34 2
146 8
75 24
238 14
244 7
212 31
119 31
399 17
249 4
367 8
155 1
482 12
310 15
278 9
433 19
23 14
297 32
21 11
199 6
12 27
424 28
257 19
142 19
307 14
274 17
298 9
21 19
372 23
418 5
259 26
444 9
19 12
152 27
314 31
149 13
497 12
400 17
318 2
260 32
283 25
148 4
165 1
211 20
351 24
37 21
181 16
446 23
423 5
441 16
299 17
264 27
365 4
400 26
409 15
158 19
395 9
475 8
177 13
95 31
164 19
340 20
314 17
246 28
233 26
175 24
127 7
178 7
454 29
24 14
439 25
404 18
338 22
393 10
414 19
393 5
322 28
124 7
220 1
75 32
407 13
483 5
39 9
375 28
89 10
205 16
79 9
213 4
190 25
133 32
295 21
32 16
460 28
455 27
376 25
483 22
481 17
314 24
477 4
363 30
86 28
297 16
380 13
135 1
317 31
172 15
144 4
79 3
211 21
486 26
117 24
220 17
284 9
468 1
73 27
382 26
250 10
377 25
390 27
49 26
129 25
316 12
128 6
79 26
482 12
275 6
383 2
47 10
379 30
482 23
196 7
164 13
392 24
277 5
402 30
486 10
250 6
154 17
399 4
418 5
499 28
330 17
390 32
250 8
242 4
422 21
446 13
86 26
124 6
118 21
391 28
406 24
109 19
368 11
142 17
91 4
181 25
224 10
148 14
189 21
57 14
30 26
194 11
191 29
328 17
45 19
116 14
210 12
9 18
434 22
66 5
494 14
297 13
167 20
394 7
37 10
464 18
156 13
32 22
177 11
358 25
281 17
23 7
48 7
272 18
384 25
358 21
287 18
150 29
153 27
160 13
197 23
106 8
484 25
401 12
52 3
233 32
83 11
174 15
489 29
464 12
338 21
453 28
30 2
280 10
348 27
223 32
62 20
99 21
169 4
56 16
110 4
403 24
246 21
174 30
225 5
458 6
13 10
389 30
215 25
76 6
107 30
310 4
329 12
416 29
111 24
68 20
463 27
264 9
251 17
294 31
426 15
241 14
364 5
184 2
149 19
344 16
408 13
127 32
264 11
85 7
218 8
94 28
474 5
240 16
146 10
51 11
488 19
212 16
271 3
133 20
5 24
27 4
332 21
500 28
47 32
322 32
87 27
296 9
476 31
488 21
272 6
395 32
32 22
463 15
205 31
74 13
275 4
325 26
104 20
405 23
407 22
266 25
345 17
257 16
448 25
292 23
134 2
182 22
495 4
320 15
443 5
112 25
344 12
174 31
111 7
449 17
156 11
213 12
479 10
171 10
66 30
349 31
351 22
68 22
26 23
248 28
131 31
36 2
498 5
125 8
491 21
328 7
491 1
498 26
362 13
247 11
334 3
181 9
125 29
382 18
135 1
469 14
192 32
443 9
64 15
149 15
344 8
405 2
368 6
155 17
274 30
211 28
496 4
144 24
140 1
473 18
357 21
243 32
296 14
441 24
456 25
118 31
268 26
133 8
275 27
216 17
40 19
8 24
170 15
359 21
27 24
434 15
124 5
135 32
66 23
483 13
219 28
320 14
121 12
121 19
90 13
295 30
467 14
369 20
304 3
444 10
410 13
417 6
257 7
157 2
329 27
343 11
90 26
384 10
317 13
456 10
45 31
387 23
256 27
498 8
334 17
241 23
373 9
480 14
411 32
303 11
126 29
489 15
158 13
276 26
229 20
232 17
186 10
135 29
77 16
352 2
128 21
4 28
453 20
129 12
323 24
454 13
428 11
163 10
167 19
263 15
374 6
167 23
316 5
203 20
136 23
5 19
203 12
114 7
195 23
18 18
378 8
466 1
118 24
94 8
122 13
178 15
54 20
257 1
348 24
464 11
70 8
449 24
328 10
426 18
8 16
391 13
119 32
42 8
40 23
19 1
195 4
8 21
243 20
321 14
427 9
276 24
104 20
267 3
489 13
157 29
340 23
381 18
107 22
45 14
409 7
306 15
110 29
55 32
281 24
145 27
12 4
203 15
347 1
250 19
365 6
183 8
304 24
365 18
189 17
407 25
323 13
404 32
229 10
487 25
333 11
216 32
254 6
163 4
442 32
139 19
169 5
214 32
236 19
86 9
339 16
373 26
408 8
445 5
234 24
497 18
266 16
114 16
185 32
471 27
39 9
137 3
282 6
382 9
280 19
293 27
311 18
280 30
293 12
206 10
359 31
296 5
118 13
496 3
388 6
281 10
427 9
336 28
118 13
76 6
36 21
368 2
34 19
267 30
426 1
56 1
379 3
261 12
463 24
2 26
73 10
479 11
402 14
206 32
30 10
121 25
2 4
114 3
190 25
64 19
205 7
251 23
321 23
282 23
118 16
336 11
269 18
189 11
127 27
394 25
380 14
425 1
205 11
119 6
419 2
360 27
301 11
409 17
473 18
108 15
325 23
281 26
109 13
468 7
419 13
95 10
226 16
382 10
410 12
27 28
182 6
154 22
200 6
158 17
103 13
115 24
412 23
225 12
419 20
106 10
52 17
339 25
72 29
262 25
72 16
12 21
25 9
290 5
430 16
249 4
64 19
311 31
461 11
346 11
78 28
216 29
4 7
109 11
127 22
111 10
9 22
155 26
490 8
462 11
243 18
302 19
276 9
485 12
351 27
114 17
134 10
409 1
88 2
267 18
387 13
467 28
350 25
281 31
417 18
109 23
155 22
169 6
226 26
165 17
336 6
357 9
311 13
161 30
134 19
315 5
155 10
120 32
254 20
194 2
345 6
385 7
415 1
428 25
410 28
421 13
73 9
417 16
245 29
485 3
355 28
251 13
433 6
364 6
473 9
60 29
210 32
167 9
348 14
117 26
241 9
354 9
17 27
48 5
199 5
139 6
184 13
414 4
462 30
5 10
186 16
454 20
359 8
224 15
269 28
316 29
80 13
174 20
143 29
356 30
457 31
99 32
439 20
459 29
141 12
38 23
231 12
278 10
315 5
500 8
192 31
444 3
187 9
218 18
190 13
23 6
271 17
490 22
484 8
462 21
115 23
7 14
342 20
287 21
136 14
444 23
452 31
301 22
4 14
319 13
442 21
42 5
313 23
126 9
183 11
125 17
437 7
142 3
266 20
139 17
65 18
79 12
320 31
6 23
248 8
219 5
369 21
105 1
347 2
181 9
168 5
326 13
287 23
87 4
99 5
304 11
10 26
31 5
112 24
4 3
415 30
400 27
38 16
168 29
86 4
413 29
357 30
209 19
409 23
47 31
223 10
21 16
84 31
413 27
290 16
406 21
193 5
339 31
160 10
467 5
58 31
350 22
321 10
408 17
57 30
87 27
8 23
215 11
362 31
489 11
246 2
207 26
198 14
372 26
255 18
306 4
217 31
77 13
417 1
469 9
290 11
455 5
365 13
91 22
147 20
229 24
473 31
34 27
184 9
84 3
243 17
102 11
396 31
51 24
367 19
136 28
425 2
157 29
259 15
15 25
178 19
1 23
381 2
25 29
290 4
207 4
348 4
46 3
190 4
406 32
114 25
64 18
335 28
179 9
318 1
201 12
139 17
498 3
438 18
287 28
333 29
315 8
153 13
275 2
308 4
250 6
277 29
163 23
236 5
55 1
385 31
252 23
308 13
394 1
474 24
176 18
173 27
338 21
203 4
370 22
347 23
135 3
135 18
233 10
138 23
127 27
394 22
249 5
479 10
297 32
174 1
110 22
463 11
374 1
262 31
26 20
214 17
231 8
310 15
422 23
454 28
173 27
425 2
47 19
415 3
207 12
19 4
137 29
114 10
349 27
105 19
334 30
239 4
221 4
231 22
346 24
41 11
382 2
292 16
220 22
474 6
498 21
93 2
325 22
496 14
284 20
400 30
473 2
33 21
37 19
335 30
150 27
104 27
192 19
310 16
305 28
393 10
128 30
435 32
395 22
329 3
381 12
296 25
217 32
398 17
147 24
487 28
458 22
179 14
189 32
117 17
475 17
294 10
346 4
110 1
10 22
271 2
18 2
447 14
449 8
191 19
427 13
243 16
470 5
237 10
112 25
150 31
214 19
392 23
375 17
355 16
291 25
329 8
394 11
245 27
470 19
141 16
315 27
484 1
155 28
442 3
277 4
57 30
90 8
252 12
301 11
51 31
83 12
102 29
6 26
375 8
133 3
75 11
398 22
83 28
130 21
22 6
320 30
247 13
378 22
77 30
456 19
472 3
358 1
71 20
122 21
395 6
311 17
405 20
27 27
464 24
363 13
61 6
415 31
295 16
8 11
173 20
349 8
58 27
68 20
126 1
424 8
147 30
340 23
146 30
37 1
373 32
445 17
137 23
443 23
354 3
153 18
266 30
169 11
264 32
302 5
129 5
260 7
162 3
325 19
169 13
267 21
464 32
178 17
274 20
383 28
422 8
153 11
241 6
213 28
261 18
96 5
294 11
163 24
157 7
114 13
52 29
218 31
296 7
467 17
366 22
196 16
89 25
30 1
22 15
36 2
460 27
23 22
189 17
413 17
376 22
170 11
110 31
145 13
133 24
474 30
165 9
489 9
369 7
433 30
113 4
376 20
302 6
29 2
286 21
186 13
171 15
439 28
445 32
37 17
47 6
279 3
382 27
315 15
137 19
344 21
418 11
377 19
468 17
412 6
50 5
266 16
156 9
203 32
492 19
381 30
100 31
452 6
277 10
436 26
364 31
218 17
202 22
55 25
203 22
126 12
414 16
175 13
152 5
373 31
116 29
384 15
263 27
400 19
100 7
156 31
318 26
299 15
319 17
391 21
170 5
476 31
112 26
356 11
27 24
257 22
332 4
412 14
474 24
484 1
350 12
239 3
217 13
241 19
241 24
260 2
500 7
344 15
237 11
77 31
426 1
108 21
472 23
202 1
34 2
221 12
177 31
106 17
199 31
131 7
330 10
200 17
477 7
143 17
242 23
327 19
403 2
128 26
8 9
22 6
366 26
129 22
404 30
138 2
80 9
244 17
10 15
441 2
485 31
50 6
153 32
97 11
365 32
132 25
404 29
266 18
98 14
163 13
127 13
306 7
273 21
319 6
343 24
120 24
46 25
257 11
249 21
457 25
132 25
337 28
445 14
157 11
495 19
247 6
323 5
384 19
305 2
229 28
165 32
179 15
368 15
261 16
344 13
81 23
9 25
362 26
371 30
348 1
41 26
190 15
202 17
310 23
127 26
358 11
385 4
353 16
26 17
72 21
34 8
48 2
420 29
199 6
279 30
359 11
344 12
33 21
473 26
255 15
231 28
93 11
203 18
71 17
114 26
301 31
145 16
245 32
109 27
58 7
341 12
57 16
315 9
432 19
431 15
89 21
354 26
480 9
183 26
137 12
191 29
147 19
137 11
102 25
185 23
483 29
74 15
60 25
127 16
379 25
234 12
422 7
353 13
143 15
450 7
34 24
420 4
178 16
422 27
152 19
290 6
483 19
24 27
455 10
238 22
411 7
153 16
57 5
436 28
391 1
34 12
228 5
456 1
360 29
387 27
187 12
348 30
391 19
64 9
77 1
30 31
123 30
22 19
38 9
82 20
193 16
56 32
420 15
380 8
91 26
494 26
442 2
299 4
268 14
28 16
162 10
182 20
91 27
166 9
363 20
112 11
215 27
178 22
381 9
117 20
175 31
453 8
8 3
151 19
112 22
471 29
439 16
260 6
59 21
362 13
24 9
328 10
344 1
76 12
414 28
399 12
6 11
259 25
101 29
288 28
290 14
40 17
261 7
110 7
224 3
92 3
147 11
189 14
275 12
66 20
307 24
479 1
167 17
177 15
497 4
183 31
425 2
367 14
373 4
356 4
150 7
46 16
217 18
490 28
497 23
31 4
222 14
320 16
98 28
7 11
164 9
233 16
114 23
125 18
426 17
433 31
279 27
426 8
64 11
487 9
173 17
68 15
230 15
134 28
234 28
126 9
32 14
337 14
160 21
335 29
293 20
363 28
450 8
271 25
55 5
425 19
477 12
325 19
230 31
238 4
302 19
212 30
424 4
183 3
361 9
19 29
488 25
428 9
372 26
450 18
306 2
357 19
218 5
193 7
343 18
262 29
144 22
182 3
225 4
1 17
84 3
442 8
103 5
360 26
419 17
252 28
35 16
210 32
492 18
50 23
331 16
183 6
489 12
392 29
431 12
354 26
262 27
289 8
367 17
190 29
457 13
361 19
252 6
94 15
324 24
429 26
307 23
332 11
326 7
211 16
467 20
474 32
62 10
296 13
410 9
213 27
129 1
209 16
199 31
474 30
298 3
379 28
217 22
250 27
137 12
2 15
228 19
386 13
237 21
217 22
17 2
216 17
58 29
376 8
431 30
481 16
308 28
183 24
125 16
270 13
243 28
67 26
98 9
463 10
485 31
36 26
312 15
498 2
379 10
181 5
427 14
388 6
225 30
461 25
353 15
462 8
354 32
269 23
480 7
489 5
262 32
318 5
126 7
498 25
392 15
165 22
192 17
107 4
474 24
264 27
298 1
274 15
105 2
305 8
477 5
252 14
20 9
14 18
88 24
2 31
42 6
353 1
70 15
500 4
26 31
370 11
340 31
29 32
388 30
231 8
330 19
453 6
255 7
199 10
330 32
25 3
69 29
307 27
187 6
386 17
420 27
91 3
101 20
258 24
305 9
56 18
323 20
39 21
326 13
271 23
140 7
81 17
375 27
51 13
44 8
477 4
394 24
278 26
39 8
333 27
376 16
32 10
248 3
126 29
159 28
284 27
246 12
211 4
103 21
33 6
400 13
313 29
280 15
286 14
478 6
216 5
210 20
402 25
318 11
85 4
127 8
478 8
84 8
344 26
300 28
183 23
88 8
343 12
438 8
241 11
450 1
267 3
56 28
171 9
46 15
52 12
475 10
248 10
69 31
95 13
318 1
419 1
124 22
476 29
241 5
327 10
25 21
404 24
112 6
304 22
181 11
33 11
384 20
416 5
222 22
173 11
490 19
296 30
56 23
378 5
339 1
190 31
1 26
442 5
19 21
474 19
452 26
57 19
138 16
491 31
185 7
250 27
458 21
344 1
19 17
13 6
129 19
72 6
148 26
94 10
462 3
217 13
424 25
452 9
97 22
124 13
457 17
159 22
269 30
130 15
75 27
496 31
197 24
36 24
285 13
361 30
47 29
363 11
202 10
87 30
107 26
282 27
82 17
32 14
146 6
489 28
156 16
127 12
255 30
47 23
143 3
137 25
336 31
215 21
164 22
38 6
11 27
37 25
463 16
498 25
81 2
32 20
174 14
439 24
172 1
467 22
392 3
58 3
305 17
115 8
426 8
441 20
174 13
84 13
397 18
449 17
419 24
65 4
490 3
372 17
488 10
30 7
144 19
309 12
63 31
119 8
426 31
128 7
388 7
87 8
144 23
464 11
367 28
6 20
383 9
220 2
66 9
304 29
39 16
212 30
386 26
89 19
241 32
113 4
279 12
467 30
86 2
336 16
310 22
11 28
70 6
265 16
182 4
48 9
31 20
322 32
441 10
430 5
182 10
12 16
93 18
233 23
260 21
334 17
114 9
464 7
278 8
170 28
499 2
32 29
181 9
148 1
318 13
6 27
470 13
310 11
347 23
445 18
315 6
378 20
326 13
110 28
420 16
267 30
53 26
298 5
354 21
205 19
373 10
374 22
431 23
108 21
77 32
86 23
330 7
170 19
303 4
110 6
263 4
491 3
377 28
399 30
436 11
105 16
165 30
353 11
12 5
75 1
12 4
183 9
474 1
200 28
336 9
201 22
389 3
264 9
182 30
347 13
116 23
128 28
280 32
78 7
144 4
83 8
163 30
200 16
470 11
115 1
264 11
254 32
357 13
268 10
382 14
358 17
268 17
333 23
317 18
42 20
266 4
467 28
241 11
268 30
121 22
218 8
197 19
387 13
191 15
295 8
324 12
421 32
489 5
490 13
366 19
468 11
7 27
411 23
157 18
13 25
59 18
13 7
53 7
12 3
257 10
19 17
309 3
172 17
395 5
305 28
396 29
391 14
411 13
204 27
330 24
343 4
298 19
347 14
106 30
296 14
367 26
294 27
104 13
176 2
330 8
258 9
104 4
182 26
300 25
432 13
101 7
220 26
333 26
99 18
275 22
152 29
208 29
20 11
262 3
161 27
26 10
19 14
417 24
199 28
84 27
48 32
109 23
285 25
185 31
379 7
129 10
304 4
326 27
350 15
221 26
381 6
279 11
79 15
450 26
262 18
260 17
421 20
280 10
160 24
440 22
126 28
271 1
107 5
103 13
387 23
318 28
421 9
18 15
143 8
332 1
205 27
269 9
162 24
34 26
363 26
211 13
97 14
417 20
282 8
364 4
46 5
139 26
481 5
21 4
328 16
232 4
295 20
212 24
48 30
129 26
275 32
250 11
25 19
426 30
390 29
177 23
174 32
105 14
176 25
481 15
328 20
238 18
64 29
430 19
398 26
224 16
249 18
395 5
492 24
282 29
461 3
19 22
478 3
491 5
451 20
7 3
35 4
104 14
396 29
412 26
443 12
317 15
109 3
168 32
383 21
184 15
111 14
180 24
29 6
92 11
345 14
313 32
45 1
329 17
153 13
86 19
228 18
490 20
465 21
139 15
309 14
41 32
375 32
211 11
93 19
438 30
104 2
169 17
370 9
441 31
441 10
469 12
279 18
355 15
318 17
441 15
166 25
102 25
256 4
499 29
318 24
490 22
390 22
274 27
358 6
281 19
443 10
318 9
59 29
168 1
369 20
207 11
293 28
279 4
471 5
100 21
65 25
62 22
98 15
64 12
252 9

