256
420 32
430 4
328 29
351 10
386 23
470 4
135 12
272 15
170 21
341 29
469 18
14 8
417 31
84 13
294 10
54 2
41 7
61 1
7 31
258 16
477 31
491 23
278 27
274 27
403 2
216 15
399 13
167 3
55 6
151 29
327 12
414 24
38 2
440 21
88 1
288 21
479 23
27 8
41 16
54 31
265 25
17 3
201 3
329 16
284 19
456 23
34 9
182 16
46 5
116 9
373 7
49 3
33 8
458 13
79 11
219 8
336 24
358 8
270 15
495 2
221 2
220 31
374 5
178 19
225 17
404 13
399 24
151 20
379 24
356 22
174 11
153 5
14 6
397 27
252 3
40 21
397 19
227 14
11 32
189 31
400 28
387 6
247 25
433 18
348 25
435 18
67 3
382 4
300 2
66 28
373 26
24 9
216 2
38 3
209 22
17 16
373 12
109 4
292 14
97 20
34 27
365 8
321 26
31 4
376 8
375 32
405 14
368 13
351 29
51 15
187 15
370 3
322 19
30 30
224 26
309 5
360 21
208 16
418 22
4 9
37 18
392 30
128 15
414 14
368 24
241 30
234 26
464 32
440 6
225 11
471 13
419 19
205 26
362 14
67 21
119 12
95 30
397 6
473 18
51 24
125 15
245 14
253 20
117 20
53 9
207 24
225 13
58 21
103 11
107 21
136 25
124 6
86 8
303 2
181 29
249 1
348 13
367 20
405 27
291 25
28 5
184 24
474 25
385 24
12 15
448 3
215 12
80 28
443 18
62 12
438 22
132 25
7 26
384 3
185 19
219 24
375 11
315 8
495 27
127 6
189 11
4 15
498 15
259 8
168 8
119 14
481 31
242 31
100 18
397 12
4 28
347 26
222 18
78 8
212 32
74 21
130 21
359 31
364 13
123 3
436 25
488 17
491 22
107 15
207 16
78 10
323 29
291 16
290 4
111 25
424 4
253 13
113 16
32 28
80 18
358 16
246 14
136 1
279 14
31 9
97 8
398 7
236 20
166 17
408 13
378 27
312 22
383 8
93 18
103 1
271 1
40 13
10 15
105 16
268 27
476 25
446 9
487 6
60 21
58 19
281 31
149 16
65 20
220 25
297 26
181 8
486 8
436 7
98 32
486 18
174 13
434 27
333 8
152 17
276 22
63 28
144 16
500 8
95 3
69 7
392 25
162 22
173 1
224 22
136 18
487 25
22 16
132 19
44 19
451 19
344 5
227 28
428 26
399 22
296 3
117 23
420 10
416 28
375 8
65 10
201 24
23 22
323 22
280 30
140 10
37 16
447 31
323 2
192 13
248 19
392 20
25 11
493 21
106 7
432 22
433 20
73 19
57 20
312 17
465 15
418 1
434 8
467 8
442 22
329 1
496 4
256 17
382 16
313 19
319 32
8 7
79 21
57 27
328 32
175 24
318 5
497 12
160 23
359 21
325 7
493 20
110 8
44 23
348 8
181 14
303 17
268 25
121 12
220 12
43 30
295 24
190 27
463 14
458 22
302 30
64 23
157 6
42 21
368 21
260 5
406 3
441 21
147 25
348 14
64 10
112 6
102 13
1 4
2 18
89 28
443 21
450 31
30 15
3 21
84 15
149 5
177 13
14 11
353 25
41 8
103 4
126 4
304 14
119 10
435 32
461 13
64 22
179 13
456 30
193 7
296 26
232 28
134 5
498 11
309 30
106 31
393 31
466 17
208 9
354 10
144 30
222 27
279 1
151 22
434 7
477 9
388 8
404 6
156 9
64 8
291 1
79 7
104 8
231 11
480 16
305 23
453 10
181 31
130 23
317 7
230 17
495 29
204 18
342 3
3 17
26 1
426 16
327 17
148 30
191 7
197 15
102 26
77 14
232 2
317 12
473 2
44 23
14 19
69 32
457 3
112 31
215 1
438 9
269 5
302 12
64 19
10 9
500 18
150 3
292 26
131 28
363 10
82 25
125 26
436 17
72 7
267 30
140 29
179 24
141 12
71 12
182 29
72 9
166 10
264 1
391 26
424 30
123 14
334 31
359 13
180 3
371 30
68 26
2 6
270 27
282 20
402 15
272 26
496 30
399 3
98 5
356 26
394 30
231 23
77 13
199 12
223 22
405 15
431 3
92 32
105 5
392 2
188 3
331 11
304 29
145 30
18 8
275 3
181 29
342 1
297 28
216 24
461 21
14 32
83 25
443 19
478 18
44 17
349 15
199 20
455 7
405 12
46 7
87 18
387 8
335 12
171 30
407 20
226 8
227 8
376 17
198 29
355 14
369 23
468 7
58 6
113 27
450 26
345 32
236 4
167 30
119 9
323 17
320 13
296 14
208 23
419 14
376 1
499 32
179 22
15 32
443 19
50 12
489 27
279 24
478 17
145 12
282 15
324 21
367 19
351 15
493 1
184 28
393 22
316 23
203 2
158 5
160 16
389 32
306 27
223 7
112 11
82 5
38 13
197 20
227 27
182 7
19 29
291 27
250 30
37 28
287 7
449 18
106 17
298 31
3 8
45 22
91 22
210 12
234 19
235 32
9 1
382 8
485 8
494 15
277 19
390 3
77 10
213 14
378 6
92 5
233 16
198 31
113 20
302 6
370 9
9 18
157 10
109 5
414 27
79 22
337 29
457 5
10 13
446 32
30 29
120 30
376 29
289 16
428 6
37 21
330 25
27 22
286 31
127 19
441 13
241 5
25 1
41 15
217 26
274 30
374 17
211 1
209 23
88 29
293 4
285 10
20 23
108 30
298 26
356 14
290 24
367 15
144 27
53 4
245 10
309 10
218 28
219 6
222 26
266 14
282 19
136 25
213 23
458 30
180 6
452 21
261 30
487 21
76 31
468 12
216 25
290 1
500 32
415 5
165 8
87 22
434 10
451 3
168 4
8 15
425 11
19 6
128 6
294 32
248 17
375 12
389 32
452 28
23 18
109 24
250 19
189 19
120 27
329 27
251 21
337 7
147 11
212 7
64 5
330 20
118 16
331 30
72 10
394 14
500 26
485 21
400 18
283 7
16 28
157 10
152 9
293 14
199 28
276 3
213 25
278 22
13 20
187 24
241 12
381 24
285 10
192 16
243 19
406 6
290 22
376 29
258 32
90 17
227 30
423 27
174 8
472 30
159 3
473 23
442 26
343 19
71 26
466 29
212 24
422 25
137 17
441 11
168 31
203 11
100 13
185 17
176 21
311 14
19 3
436 4
136 18
390 30
16 24
370 23
79 28
228 27
292 4
461 28
402 31
354 29
491 10
274 30
46 28
55 20
218 15
376 26
120 13
263 11
324 17
362 18
128 17
321 23
460 17
230 22
148 23
214 26
473 31
8 30
274 2
286 24
404 9
197 16
129 7
10 25
295 27
58 2
163 22
45 31
363 10
188 22
209 5
499 1
240 6
402 29
420 15
356 23
51 4
198 12
215 32
336 1
282 13
487 5
475 27
419 9
156 22
198 4
358 12
248 29
406 2
314 25
188 13
351 7
425 21
270 27
108 21
351 13
201 29
185 3
71 19
363 27
412 8
442 2
108 2
70 5
191 23
189 18
404 11
468 20
439 9
318 18
45 8
139 30
209 15
272 27
278 11
357 9
194 19
310 5
340 8
165 22
114 5
111 1
392 31
196 14
19 1
228 4
385 30
13 13
40 32
223 13
270 28
210 28
82 31
468 1
102 9
154 4
485 28
84 28
194 24
410 1
496 9
480 32
206 4
324 17
127 19
266 13
330 19
64 27
345 7
183 23
15 16
14 28
99 29
79 5
80 32
357 12
328 8
307 13
179 23
278 13
381 27
53 22
369 32
472 29
351 10
363 21
489 12
68 3
177 7
83 28
338 11
35 14
478 18
198 28
176 23
165 16
221 1
117 29
37 20
154 7
93 12
455 21
244 11
371 32
373 30
379 22
448 2
227 26
107 29
285 26
103 29
41 4
370 13
412 30
96 25
496 28
433 30
120 28
176 6
299 24
147 21
462 11
442 16
372 8
464 24
33 31
309 9
390 18
81 1
435 20
218 18
215 30
83 30
29 23
176 19
158 6
3 27
120 29
159 19
196 22
351 5
40 31
5 21
188 2
82 30
113 15
403 4
152 29
161 4
243 4
358 1
214 28
223 25
360 5
28 28
355 22
488 14
240 12
175 3
77 24
400 2
406 14
369 17
138 5
292 29
69 9
485 18
212 23
318 28
440 21
479 22
426 22
391 29
309 5
295 14
320 30
279 1
199 19
337 21
27 4
69 31
480 13
80 16
463 26
115 30
94 1
399 24
410 22
240 22
206 19
307 22
80 17
306 27
231 7
467 26
122 31
56 22
439 8
145 13
385 15
155 14
55 29
201 4
46 25
385 12
327 28
481 26
128 22
388 15
280 2
320 6
240 31
355 10
362 31
431 6
461 1
428 27
193 24
182 15
420 22
342 26
109 26
356 29
459 7
299 11
449 18
492 8
344 10
218 22
48 8
155 20
436 14
226 4
414 11
218 21
176 11
283 17
84 2
225 19
84 23
133 16
492 12
72 23
173 9
96 28
140 7
431 23
36 28
54 25
118 12
134 5
34 28
429 26
405 1
364 4
27 8
224 30
323 11
409 7
287 32
66 2
458 16
352 26
207 17
294 16
380 31
116 18
46 9
235 22
401 22
290 32
297 13
149 15
159 17
113 9
265 22
74 22
377 1
271 15
33 1
406 13
195 17
30 25
269 8
42 2
65 7
449 25
195 29
479 9
358 27
353 30
472 26
399 20
202 2
134 11
438 31
351 32
263 20
224 8
347 6
53 23
448 9
123 31
449 21
51 18
247 24
483 30
329 2
269 11
255 18
469 4
292 11
323 30
50 27
437 24
164 13
10 11
489 28
457 26
436 16
299 30
263 26
103 23
367 11
325 29
124 21
164 11
111 2
468 28
236 13
407 27
245 32
362 14
399 14
375 10
29 17
71 3
158 1
86 4
395 26
348 6
203 31
284 13
349 24
177 28
360 27
335 28
203 28
189 21
217 15
491 6
88 5
240 9
86 1
473 16
87 12
350 9
183 5
157 11
236 29
466 31
268 28
51 18
347 3
274 32
154 4
13 17
177 12
189 14
281 5
241 7
185 18
211 27
75 3
249 18
52 10
109 23
14 11
492 28
397 13
275 30
381 31
142 25
95 7
170 23
195 2
445 27
204 11
97 10
373 25
143 12
411 11
94 8
261 9
135 2
54 30
59 6
400 13
342 6
235 3
72 29
124 24
12 23
374 12
160 15
157 27
374 7
53 28
342 26
256 16
323 25
89 25
242 9
285 27
186 23
149 10
4 1
477 11
155 3
326 23
301 26
117 10
252 21
493 13
186 9
273 8
57 9
93 31
405 5
437 31
452 22
52 15
62 8
321 12
230 14
382 26
332 18
204 7
371 8
28 20
296 16
268 17
364 28
355 9
440 7
63 27
80 14
197 17
141 1
209 31
15 30
252 22
440 27
280 22
355 15
217 18
310 4
206 22
47 16
146 31
55 4
229 18
321 2
127 5
442 31
35 16
424 27
357 11
445 1
24 23
147 9
153 13
428 10
334 11
270 31
313 16
186 1
309 18
466 3
170 4
269 25
67 29
195 24
407 7
412 7
142 6
375 6
218 26
151 19
128 8
29 12
447 18
333 24
71 14
42 25
57 27
149 4
207 3
251 29
185 18
247 6
423 17
119 9
275 26
191 14
245 12
194 24
285 6
299 32
175 8
152 4
2 8
411 24
494 1
173 18
26 23
356 8
392 2
292 18
447 11
419 28
406 24
235 18
341 1
101 16
372 8
451 10
403 25
433 24
225 21
278 10
376 1
401 19
458 1
432 29
379 2
448 32
166 10
325 22
214 2
225 17
29 23
162 24
239 27
31 7
199 24
64 26
292 1
192 26
361 15
6 11
177 13
22 10
486 26
51 31
327 4
487 4
154 9
491 9
95 9
59 17
181 31
71 24
291 22
221 31
237 6
241 21
382 18
106 7
163 28
269 6
135 20
197 25
108 3
385 30
59 15
198 11
269 24
211 11
382 19
61 18
9 17
382 10
266 3
461 13
346 21
270 29
188 26
121 3
4 21
348 6
299 14
301 16
165 19
478 18
145 3
15 29
43 8
395 21
86 23
89 8
435 18
264 19
27 24
269 6
240 21
443 14
162 27
457 6
457 23
224 18
325 26
106 11
486 20
379 11
58 31
2 21
28 21
467 26
500 27
435 23
351 10
481 16
324 1
42 17
223 13
234 15
354 15
266 7
191 24
410 12
315 3
92 6
380 6
248 3
145 30
322 15
263 30
63 11
90 20
219 21
220 28
211 5
290 28
264 12
324 29
432 10
287 23
331 22
285 14
101 29
464 18
479 18
427 9
164 12
496 22
180 27
333 3
140 27
70 11
306 17
427 29
234 5
464 9
83 16
346 19
380 1
308 22
387 18
399 14
101 26
284 29
461 20
375 20
90 28
354 20
41 4
336 6
196 3
42 2
398 4
164 29
400 23
487 22
408 17
40 5
130 7
493 30
290 31
393 8
366 14
479 6
377 10
384 25
465 25
54 30
164 14
491 32
392 13
201 12
65 24
160 6
414 16
488 24
74 20
435 7
478 25
197 18
430 24
130 14
356 4
108 12
253 6
83 20
130 31
295 14
227 14
91 20
309 22
195 10
162 9
173 11
245 29
344 3
300 6
420 3
9 27
174 25
328 24
108 17
243 11
2 13
60 17
460 21
374 11
102 15
135 14
25 20
494 21
406 29
194 5
448 2
56 13
166 31
81 5
44 27
379 13
495 7
341 6
307 3
108 24
101 3
386 10
326 15
346 11
24 23
259 11
444 14
443 17
401 27
85 28
49 4
192 27
402 5
349 4
99 16
319 23
402 32
176 7
435 29
309 26
411 32
280 10
233 26
166 25
449 15
428 9
214 28
244 27
4 4
174 6
251 24
152 5
400 28
231 6
200 28
495 11
459 2
168 7
199 14
176 15
436 19
496 13
74 27
115 13
182 4
382 16
483 14
436 18
417 31
271 32
206 21
430 20
242 30
206 17
135 25
439 6
336 22
218 25
24 24
42 13
471 23
489 21
160 16
391 12
442 29
44 7
130 21
162 7
274 20
163 28
100 22
329 23
239 18
48 27
229 21
171 3
363 3
208 15
287 30
450 32
462 5
375 11
170 32
166 11
255 8
55 31
133 7
141 8
133 4
486 1
276 8
264 3
19 27
13 29
272 10
384 17
159 2
28 8
498 13
474 20
372 24
310 17
115 7
228 23
490 25
311 2
72 26
256 10
248 20
98 11
433 2
104 11
91 23
270 4
175 4
44 22
327 9
254 25
155 29
391 25
249 6
114 21
127 29
114 19
340 4
245 12
45 24
215 7
182 8
75 16
431 2
106 6
470 11
50 25
44 13
473 28
494 10
316 16
306 14
346 21
345 31
120 21
142 22
375 4
170 5
383 8
418 24
61 16
199 11
68 10
255 24
237 8
125 21
71 6
186 25
278 18
211 25
122 12
231 32
379 12
1 2
55 10
249 32
9 27
78 32
392 32
115 9
431 23
33 29
372 30
269 21
451 11
398 20
35 28
271 5
83 23
26 25
41 31
252 25
73 1
329 29
12 15
445 6
386 1
147 1
398 23
110 12
98 3
123 24
190 17
396 4
368 2
408 8
48 20
160 24
192 24
436 20
283 24
349 12
60 27
128 21
114 1
156 19
299 30
194 32
23 5
259 22
362 31
149 5
30 28
381 5
296 16
128 26
400 17
449 31
175 16
416 28
17 19
350 19
201 23
155 31
336 21
112 1
283 16
458 4
419 2
237 30
357 32
495 24
192 27
67 27
223 10
6 27
256 4
257 12
102 31
30 21
28 29
486 6
252 27
326 23
484 18
236 12
277 11
448 1
377 26
187 15
51 16
41 30
399 22
114 13
412 19
289 7
136 22
453 27
420 22
57 11
43 5
95 23
227 26
139 19
111 17
406 21
369 10
318 19
447 27
471 19
426 32
353 29
237 5
447 5
434 8
263 32
352 5
147 26
102 13
384 16
462 13
224 30
439 22
300 21
324 15
447 29
382 32
161 2
456 16
478 30
315 21
69 2
449 19
95 23
352 6
466 29
471 10
494 9
435 9
145 14
415 4
359 4
95 3
266 6
478 11
143 8
335 32
309 24
426 3
390 17
85 19
441 27
248 6
463 26
79 31
144 5
402 18
141 4
372 14
398 6
352 12
345 23
103 22
174 29
260 27
157 32
269 26
250 9
235 28
402 13
23 9
158 28
250 26
124 14
407 9
175 30
264 31
296 31
24 1
99 12
235 7
479 8
56 5
224 31
144 17
103 26
374 28
294 19
409 21
96 27
493 18
425 16
141 12
326 4
393 8
151 7
31 26
334 14
210 29
376 29
238 23
223 7
442 12
437 7
136 25
17 28
154 25
235 26
365 25
14 17
336 12
87 14
145 5
452 2
33 7
411 14
9 21
232 15
500 13
153 31
53 21
262 14
314 4
56 18
260 5
286 28
232 24
461 21
496 4
434 29
295 20
150 7
180 30
457 7
254 9
313 14
482 30
67 11
274 2
324 29
190 29
480 22
184 1
2 16
408 31
60 14
335 21
357 26
146 9
193 27
126 5
408 15
283 3
105 4
448 20
292 10
240 24
263 3
64 8
306 27
254 29
25 24
278 29
102 3
249 18
174 22
2 5
184 24
407 28
43 11
419 27
344 30
458 18
285 9
425 18
195 30
159 11
266 32
303 7
210 12
364 31
277 13
168 5
1 10
100 31
280 15
81 7
380 10
284 12
262 16
458 21
386 12
27 3
403 6
73 12
85 32
347 17
152 14
173 16
291 21
399 11
495 7
397 14
221 9
94 2
240 23
290 5
18 21
331 12
202 15
383 10
338 1
146 26
446 15
345 5
295 23
11 5
426 31
14 14
291 11
479 31
9 5
359 2
289 10
149 18
92 4
127 6
316 20
123 18
294 7
202 4
62 4
376 27
322 26
484 9
200 22
347 5
82 9
438 18
246 19
63 10
322 29
471 25
313 13
250 18
411 31
46 16
14 29
310 4
14 17
300 26
107 18
126 32
202 3
262 12
353 20
489 10
365 3
163 1
107 12
486 1
67 7
341 12
156 26
119 25
295 26
86 17
267 15
440 5
478 1
120 6
229 4
356 5
122 18
473 20
485 22
244 7
341 4
483 32

