256
101 24
292 13
233 26
56 22
167 21
369 11
139 28
110 11
450 7
174 10
253 15
180 28
266 28
438 3
308 15
479 32
339 22
13 7
304 4
121 6
284 17
108 22
148 10
453 13
460 6
103 24
304 30
467 29
173 24
239 17
227 18
240 13
191 28
135 22
376 15
316 23
300 11
81 11
140 13
396 3
362 14
14 5
131 13
85 4
88 32
136 10
393 3
378 23
331 9
77 30
471 8
364 22
314 32
69 6
180 24
404 29
313 2
205 15
250 2
98 17
113 5
151 17
312 16
439 6
244 19
199 15
258 22
188 12
210 4
377 1
219 24
430 31
197 30
326 6
127 31
283 31
360 17
447 11
164 22
164 24
252 18
326 2
127 9
433 28
121 29
77 7
88 26
74 13
195 19
82 22
25 8
264 20
500 3
258 24
300 13
275 31
486 20
264 5
464 12
300 8
4 28
127 28
85 20
80 12
302 25
305 22
81 20
414 24
482 7
447 13
444 29
36 17
172 11
393 12
347 21
423 30
272 1
145 5
100 32
340 25
89 16
431 25
63 24
452 25
14 31
381 17
471 16
238 11
67 22
334 17
174 8
114 26
157 7
6 28
186 13
361 30
340 3
294 30
486 6
2 23
496 27
160 30
298 9
164 4
378 29
480 8
253 2
53 13
204 30
220 13
402 28
15 5
74 32
346 23
257 24
410 8
82 21
422 27
169 13
447 26
82 18
301 14
19 1
298 26
262 1
463 7
301 17
107 26
488 13
285 21
4 30
200 21
466 1
315 14
58 13
31 23
39 8
176 17
388 29
483 6
193 17
16 25
477 23
219 16
279 3
412 6
400 32
218 17
84 8
202 13
497 4
131 19
267 6
295 19
482 13
8 31
425 3
371 29
349 9
69 27
295 16
464 10
91 25
262 15
417 23
167 21
399 30
299 5
307 9
23 5
222 14
19 18
257 25
251 9
330 27
288 12
298 3
22 25
284 15
267 28
302 1
464 32
434 22
364 1
206 27
233 19
120 7
425 24
491 19
185 32
197 4
148 22
222 1
86 1
7 20
56 20
489 11
7 18
132 23
14 30
461 22
116 24
348 20
308 27
418 16
362 18
315 5
460 24
381 21
393 20
101 20
195 29
171 26
214 30
276 32
491 32
325 11
167 17
498 6
67 4
317 4
381 7
289 28
19 13
237 23
56 25
62 7
129 8
156 2
238 15
421 32
166 22
334 4
474 8
158 16
99 30
319 31
457 27
319 3
276 11
89 7
447 2
433 23
438 12
120 15
370 25
402 7
490 24
71 19
419 20
354 9
405 20
495 21
131 1
39 22
423 15
88 13
481 9
147 26
312 27
92 14
159 21
68 32
80 30
462 10
69 19
366 2
338 25
186 20
377 13
225 4
55 5
20 11
185 19
304 32
285 11
29 31
92 1
90 11
290 15
373 15
69 6
184 6
98 5
226 23
445 2
126 12
114 9
238 18
163 26
498 7
492 30
241 3
178 2
458 28
84 2
326 16
67 25
410 5
229 15
343 14
288 20
377 22
316 14
403 23
359 24
277 11
482 2
285 19
199 26
126 19
423 23
286 2
311 23
210 12
181 32
417 21
223 17
74 14
258 16
368 5
80 1
319 29
366 27
219 4
197 29
198 15
499 24
312 2
30 21
201 19
424 5
31 6
113 16
184 18
431 23
338 6
399 4
274 24
111 17
180 19
41 17
277 31
212 17
348 22
461 12
304 25
368 14
30 4
289 17
202 27
468 11
285 30
399 2
482 13
402 17
19 30
241 31
481 9
235 28
398 20
80 5
432 23
238 9
279 14
378 16
448 1
370 8
414 8
142 19
480 27
259 18
485 4
497 21
156 31
496 9
278 23
105 29
374 30
22 8
71 31
483 18
95 16
454 28
324 3
255 11
489 17
5 21
364 13
141 31
83 25
423 29
415 19
421 28
72 30
291 26
340 25
216 26
477 5
294 32
115 4
306 3
412 6
280 8
162 32
146 29
112 13
457 7
299 17
166 15
171 5
68 10
81 19
148 5
303 25
60 29
340 14
224 15
379 23
378 5
478 28
137 14
296 25
116 6
173 21
20 23
89 28
205 22
222 4
78 5
496 30
293 23
207 32
437 29
370 27
329 12
394 1
289 29
261 12
486 2
36 22
128 25
445 24
294 30
387 7
190 22
212 3
68 14
350 17
59 24
23 11
271 32
56 27
456 4
314 29
453 5
150 29
473 2
264 10
112 15
341 1
236 20
487 16
174 5
12 12
260 10
470 30
153 1
440 4
45 29
400 9
305 18
429 30
495 25
395 18
47 23
259 10
491 21
437 12
433 24
395 20
333 12
73 9
241 8
444 17
320 12
133 5
97 30
254 15
106 8
49 28
87 19
285 9
255 30
240 32
373 10
231 22
201 4
394 1
19 10
77 15
385 10
315 17
123 20
275 28
67 31
83 25
185 27
229 24
292 20
127 13
305 9
74 18
12 31
150 23
8 3
73 28
140 23
76 18
306 11
193 4
229 3
377 26
493 29
353 21
277 7
153 13
39 2
290 27
44 16
285 8
370 21
147 29
447 15
474 20
277 26
475 1
440 19
270 24
308 10
68 32
304 12
16 31
297 10
245 13
449 9
96 10
89 22
30 7
316 19
490 28
168 16
301 7
315 22
390 18
396 10
57 15
29 28
41 2
81 5
18 29
17 1
50 9
354 11
195 26
285 8
317 8
148 17
410 26
391 12
287 6
461 27
336 9
266 1
166 27
365 23
79 18
147 29
190 13
263 9
226 4
420 26
351 7
363 25
232 17
264 10
242 24
212 9
416 26
305 10
28 14
116 10
255 23
290 24
467 13
32 8
452 16
85 26
370 11
414 22
51 21
323 16
104 3
369 12
216 1
101 15
46 20
52 12
182 30
448 12
246 3
191 25
282 20
498 8
222 4
457 25
292 27
64 4
165 32
415 24
161 3
474 14
286 30
210 32
219 29
467 4
339 30
364 17
285 13
476 14
476 20
130 8
414 14
15 11
181 25
162 13
499 8
399 16
13 20
103 31
468 26
250 14
431 29
130 7
325 21
424 25
92 26
420 22
451 10
288 19
66 1
324 28
436 26
199 12
181 26
382 28
75 11
305 9
95 7
71 16
95 2
72 3
399 7
44 1
128 23
332 17
131 19
108 31
228 22
366 24
459 20
407 1
82 27
389 5
349 23
448 28
305 27
482 19
213 21
256 16
207 7
236 1
93 11
255 4
500 9
227 15
72 13
343 25
47 24
181 8
394 16
191 6
350 32
105 10
48 12
105 30
298 24
442 10
182 29
209 2
169 7
344 32
123 30
244 25
121 21
64 3
256 2
416 14
277 32
19 20
379 16
429 28
315 15
417 9
419 17
382 15
115 25
178 9
114 5
406 11
197 1
453 29
427 20
410 3
240 32
379 30
403 7
146 22
177 30
418 31
391 7
33 5
375 26
94 20
483 15
74 23
319 10
131 17
246 28
300 17
320 10
454 10
484 7
143 5
217 28
459 19
358 16
463 32
405 4
72 7
406 17
66 1
23 16
173 24
88 4
456 7
149 21
332 29
212 15
349 32
386 3
386 12
2 8
179 27
256 30
145 29
247 30
89 9
110 14
240 25
85 7
307 30
455 14
70 22
316 26
297 6
76 6
149 14
234 27
188 25
77 8
353 7
246 18
295 19
407 14
107 15
80 9
76 14
254 5
404 18
266 24
475 26
86 7
123 11
449 14
159 25
345 23
403 26
156 13
148 6
82 22
405 13
18 32
399 20
329 30
45 2
57 27
139 18
141 1
312 1
126 30
170 3
185 24
264 28
269 8
254 30
369 22
215 27
341 5
214 25
470 18
319 22
276 21
20 12
422 3
60 3
153 5
221 21
301 1
28 1
100 17
474 4
142 8
410 27
4 11
355 13
380 13
203 7
482 10
126 23
52 30
153 12
266 30
40 30
210 16
338 5
200 28
332 6
351 6
176 15
364 18
383 12
55 29
102 32
158 4
290 18
265 14
265 2
315 29
448 8
76 29
36 11
448 20
320 27
461 15
209 8
377 3
419 31
28 5
318 5
452 19
246 8
400 19
449 11
19 8
294 26
385 30
220 28
49 20
334 9
386 30
184 2
485 3
248 32
327 29
400 14
375 26
197 15
8 29
45 26
245 10
471 9
19 22
312 23
433 26
427 11
39 15
136 23
65 12
238 23
300 26
372 23
135 24
153 30
268 29
19 24
386 9
140 13
234 4
323 7
301 2
189 19
212 28
66 32
59 31
370 15
144 25
237 10
12 9
271 3
437 29
143 10
333 26
78 3
437 25
85 25
2 25
428 9
300 21
340 27
499 29
273 11
153 13
272 4
101 27
146 25
387 32
62 28
422 24
138 22
392 6
447 9
198 26
105 17
70 24
411 32
208 19
62 8
43 30
227 19
80 16
383 14
12 13
185 9
436 6
494 19
247 12
219 8
17 11
145 18
322 3
6 21
90 27
240 20
252 6
127 15
337 17
149 4
157 5
484 32
359 10
418 21
121 12
401 26
162 21
75 23
451 28
11 12
351 6
24 14
67 6
285 32
362 25
455 19
117 15
462 7
120 4
432 12
219 24
229 5
228 16
215 2
87 6
70 1
179 13
391 22
298 11
353 7
459 23
381 31
97 11
402 28
74 1
308 28
16 12
24 3
395 27
124 6
20 17
270 10
489 20
295 14
186 19
297 32
306 13
423 14
371 4
322 4
8 17
440 27
368 31
117 23
405 32
96 24
137 1
474 13
229 32
115 18
267 15
114 28
291 16
177 18
359 18
457 22
330 20
240 30
63 12
164 11
151 15
95 27
179 4
116 3
187 2
25 21
492 6
228 10
25 25
295 7
106 16
452 12
351 11
337 21
102 28
84 32
110 2
391 24
97 2
399 7
235 15
292 18
264 11
359 8
127 22
22 13
257 9
372 7
367 32
224 8
59 27
219 4
336 1
159 32
114 21
418 4
331 1
277 22
432 16
233 14
141 10
494 9
430 17
355 4
424 10
263 10
236 18
1 31
294 8
206 20
68 4
459 31
36 12
344 15
223 17
377 31
34 22
259 12
87 21
259 22
395 26
344 2
59 12
405 28
207 30
111 15
85 6
377 5
305 32
439 11
148 15
241 10
37 15
497 11
315 3
484 1
480 31
43 6
375 3
242 29
408 16
59 1
421 23
465 5
7 23
455 6
70 23
39 10
45 3
80 8
494 19
272 1
94 10
363 28
112 8
252 12
307 3
216 12
97 16
8 15
286 31
109 11
9 3
312 26
386 7
469 11
158 8
203 11
406 17
422 29
372 29
240 15
335 19
110 24
338 9
386 8
431 26
330 28
345 6
197 2
384 21
460 5
256 22
495 13
431 20
382 30
293 17
332 15
280 5
410 5
410 12
92 20
493 30
131 1
415 3
418 14
343 13
43 19
391 1
463 9
157 8
474 5
21 18
427 28
98 25
268 3
336 12
347 8
133 5
17 11
156 10
196 30
15 10
300 25
479 15
429 31
310 6
287 14
59 21
129 13
401 9
15 16
460 5
64 28
42 32
490 17
217 29
398 31
127 30
487 17
312 23
295 1
21 17
451 19
293 23
439 18
179 14
281 18
18 24
81 27
127 18
459 32
459 25
426 21
258 21
393 1
31 19
41 7
267 15
482 7
274 24
456 4
225 25
294 23
284 2
5 7
148 28
106 2
24 3
42 9
147 26
349 2
324 9
80 14
84 1
352 29
333 12
12 29
396 21
151 19
383 4
293 10
471 30
487 18
281 32
274 23
165 2
308 4
214 32
429 1
300 4
5 24
87 29
189 18
25 7
365 7
494 29
288 8
407 26
309 27
153 18
317 17
55 9
156 29
364 4
417 7
364 26
147 22
142 19
136 6
25 12
277 3
360 28
334 2
42 3
304 14
76 13
215 7
449 18
251 28
306 31
326 29
292 32
322 13
158 25
155 11
160 31
53 12
198 22
137 15
232 9
285 12
265 27
290 9
220 20
376 1
410 5
397 10
25 15
190 22
379 8
216 11
126 12
262 32
6 2
414 25
42 10
396 30
48 21
370 16
428 9
348 26
150 13
243 18
315 24
207 1
128 7
287 5
190 32
428 19
298 18
136 11
391 15
497 31
420 14
410 11
315 29
184 4
353 6
341 3
210 27
64 29
321 14
441 19
250 5
409 15
414 16
89 16
279 1
94 2
155 27
396 5
112 16
136 32
209 28
335 18
22 6
106 23
99 15
57 32
119 13
98 8
213 7
187 27
123 5
392 21
135 7
449 22
422 32
62 11
59 24
400 17
145 10
127 15
108 15
295 10
499 28
461 23
430 7
405 9
427 12
33 10
139 22
11 8
417 20
42 16
319 14
260 7
151 6
410 14
420 4
187 14
447 7
333 1
293 21
133 24
89 5
485 19
498 31
138 15
271 12
242 29
473 29
256 15
90 25
84 21
220 18
130 26
268 6
246 4
403 2
483 27
247 27
421 32
166 6
362 12
89 11
376 9
307 11
387 8
499 18
256 30
443 30
88 26
51 17
122 29
267 24
147 25
127 3
460 12
477 6
79 25
128 30
330 23
289 24
34 11
390 26
357 12
379 32
246 25
480 3
86 2
174 12
462 12
151 18
295 23
447 13
395 6
179 16
212 19
144 26
105 17
239 5
68 9
108 1
249 20
383 22
37 29
418 15
60 16
272 31
398 22
227 20
495 21
220 23
75 11
156 4
99 2
344 22
362 12
183 10
243 25
296 19
473 1
277 29
484 32
239 21
469 5
228 16
426 11
374 32
13 21
383 15
126 11
481 31
382 27
300 20
227 7
254 8
11 7
436 22
282 30
78 27
194 18
270 27
104 15
471 17
375 29
227 24
135 3
338 28
221 29
491 16
84 21
351 10
479 26
440 32
15 9
214 24
174 3
327 22
477 13
394 19
353 4
202 16
31 31
355 3
380 26
50 31
442 8
408 8
241 7
31 23
68 1
463 9
79 1
18 20
289 3
110 21
235 16
480 13
54 15
15 9
384 1
247 21
20 15
96 9
205 2
15 4
222 13
365 5
469 10
412 25
145 29
250 19
36 17
495 26
119 13
22 6
277 9
178 21
275 21
57 11
251 27
455 24
252 27
328 20
200 19
477 16
112 26
426 27
10 32
88 9
429 22
130 25
230 8
353 20
80 9
334 18
184 12
6 11
458 5
6 10
424 10
205 7
411 27
385 13
50 21
401 6
434 2
387 7
189 11
18 5
204 23
302 23
491 31
25 8
492 30
457 27
216 10
153 10
144 1
250 29
361 10
375 30
384 1
456 20
55 29
44 30
28 14
348 22
356 20
317 15
106 14
465 25
139 9
150 26
6 24
326 30
253 24
12 12
312 31
60 3
144 23
476 15
152 20
40 16
47 32
206 24
333 7
324 3
139 18
104 24
429 18
362 9
481 17
169 1
43 20
11 10
34 2
208 14
161 27
45 28
455 26
63 7
124 3
258 15
64 5
110 28
142 27
24 31
47 24
267 26
475 1
127 21
466 27
398 23
81 30
38 15
395 4
174 23
190 31
133 25
495 10
96 25
65 24
111 15
15 21
200 26
357 11
350 22
13 15
4 25
40 29
332 2
345 29
452 6
139 28
287 29
178 18
473 10
205 11
352 24
163 32
61 19
434 30
397 14
8 20
242 23
293 13
184 17
281 16
22 3
423 20
256 16
394 20
193 14
15 17
169 29
152 21
400 25
138 24
30 29
47 11
247 27
48 11
179 32
418 1
99 4
360 2
144 25
285 12
203 19
232 11
180 11
100 31
467 17
78 8
438 32
323 32
167 10
114 5
197 3
45 11
427 25
204 26
361 1
405 23
491 1
286 2
371 1
100 14
177 21
389 30
153 7
298 15
432 7
15 25
498 24
127 16
168 15
493 32
171 13
295 1
237 24
331 24
20 2
149 8
311 25
310 11
452 3
133 15
73 11
363 18
410 10
345 17
172 9
161 6
86 7
354 2
238 8
133 21
170 29
452 32
22 1
294 21
71 2
207 12
276 10
65 14
263 30
318 10
98 14
479 27
284 20
209 17
220 21
129 5
326 1
220 7
45 13
23 4
142 29
111 25
2 11
306 24
288 4
49 14
453 15
272 5
211 4
109 30
25 26
22 10
22 5
400 26
105 10
385 30
2 11
14 12
374 28
267 29
295 4
398 15
194 18
483 20
353 8
185 13
33 18
430 26
298 5
323 6
250 16
351 20
54 25
107 15
36 1
440 18
392 21
76 22
210 19
341 27
206 26
143 26
435 29
495 1
253 5
338 15
376 9
458 14
405 32
60 20
140 7
473 4
40 4
321 1
310 1
15 15
390 2
104 5
82 26
409 30
119 10
188 18
138 13
127 18
60 27
37 12
37 9
287 28
409 7
29 2
471 23
85 1
200 24
389 21
490 9
467 16
98 30
305 4
3 32
129 22
322 26
317 26
26 15
138 14
413 18
4 28
208 32
448 32
331 32
392 8
336 6
131 25
68 24
20 14
71 17
335 16
18 4
101 11
458 30
329 7
255 8
106 23
475 29
74 29
240 9
477 3
175 27
359 18
394 23
15 8
231 1
355 16
204 32
142 22
45 18
32 12
5 29
466 31
41 23
284 20
3 32
58 13
366 16
122 12
498 28
75 12
337 10
475 32
89 21
53 5
438 16
136 31
424 17
421 4
139 24
447 6
315 12
22 17
124 16
144 1
131 14
201 7
351 7
359 31
143 27
424 1
347 19
375 22
160 27
438 10
203 16
291 9
240 1
253 23
308 20
335 26
466 3
257 24
62 7
107 4
377 26
488 11
440 2
197 15
361 26
101 15
369 7
135 4
55 16
174 22
283 17
152 4
395 16
120 28
374 18
12 22
107 3
325 22
65 1
349 1
6 29
43 2
191 5
334 10
64 31
311 23
367 14
150 2
221 21
69 18
346 28
196 16
283 8
350 3
392 10
327 1
498 17
270 8
397 7
285 9
314 16
11 20
409 24
293 26
281 18
75 18
145 18
282 11
141 7
477 32
180 15
280 21
23 2
216 20
208 13
232 13
96 26
53 24
105 21
485 29
410 28
215 19
33 16
333 6
478 10
409 5
464 5
37 23
442 20
110 13
252 5
22 27
434 26
203 14
122 3
127 20
450 25
438 11

