256
235 6
167 30
78 5
378 4
356 9
262 2
447 23
438 2
434 4
308 9
400 23
233 16
304 11
260 32
31 18
171 17
164 2
90 9
278 31
392 13
16 2
354 18
76 12
415 2
155 14
366 22
200 14
205 7
192 32
250 30
102 21
190 9
462 27
209 27
98 28
223 1
457 21
426 21
72 4
42 14
266 31
131 21
4 7
320 3
151 1
269 24
193 14
72 10
441 16
244 2
231 11
2 8
247 19
220 30
118 17
247 7
19 13
52 26
415 23
420 25
143 28
372 12
350 15
341 18
222 25
31 9
255 20
492 1
310 11
22 27
323 8
162 9
200 29
418 6
287 29
383 9
229 14
116 2
49 9
71 26
245 5
426 3
484 17
203 29
479 32
219 21
195 24
197 26
296 30
359 6
303 29
363 19
347 2
460 7
286 6
16 10
482 2
380 1
210 14
109 13
157 19
193 19
263 30
96 30
355 11
344 21
195 18
187 17
35 26
287 29
379 23
54 8
96 18
28 9
367 4
197 12
19 22
226 1
483 10
190 13
128 1
346 26
90 8
215 5
382 1
149 32
155 6
176 14
339 15
111 22
43 11
81 9
400 30
193 18
331 6
423 26
119 32
484 24
151 30
36 8
50 28
496 21
90 15
10 24
77 24
485 15
279 13
383 2
75 31
264 17
309 18
419 11
305 30
338 23
451 30
191 24
261 6
408 26
60 14
482 16
389 30
459 7
383 21
49 21
268 28
417 24
201 15
206 29
88 3
163 6
268 17
390 25
242 9
434 9
418 3
141 27
233 23
325 11
291 9
127 30
36 3
485 16
230 22
92 29
85 31
207 24
311 32
436 5
448 2
57 30
136 5
24 4
499 24
334 6
221 12
347 4
355 24
344 32
373 31
104 5
393 30
13 12
109 12
312 5
317 28
126 17
269 25
172 27
348 2
408 16
169 3
176 27
290 7
310 6
157 22
323 2
75 7
309 16
282 28
444 31
339 21
255 23
217 2
226 28
135 17
484 16
239 31
178 12
381 4
394 9
401 28
290 11
50 22
10 19
69 13
281 8
21 31
218 13
165 15
5 3
280 20
102 18
498 28
250 22
119 15
118 23
358 8
345 11
209 27
89 14
11 14
389 8
108 18
472 12
253 28
71 32
315 32
401 32
7 14
393 25
292 19
495 5
474 16
55 22
250 12
311 16
217 23
143 4
157 11
448 9
442 30
292 21
393 24
272 24
342 9
376 1
379 31
134 20
414 20
33 23
35 12
126 23
246 29
427 10
87 10
14 12
243 25
136 3
497 20
238 22
424 10
26 22
336 27
153 21
51 17
115 13
84 16
40 30
360 30
435 18
43 25
326 13
105 29
123 1
72 9
142 11
326 12
500 25
30 8
113 20
393 23
369 20
170 4
157 18
77 24
179 7
244 32
107 32
169 1
301 12
441 22
439 26
313 22
278 7
294 30
274 22
320 26
161 26
253 26
223 29
113 13
151 32
405 21
55 9
338 31
16 30
1 10
248 21
96 9
7 29
119 21
426 26
126 26
279 11
107 29
59 3
254 10
278 22
318 1
434 19
39 17
137 19
459 8
204 26
260 2
294 22
194 7
20 4
156 2
50 19
151 20
185 8
317 23
265 27
295 26
141 21
350 29
224 4
12 15
361 20
340 18
353 6
76 24
57 24
22 22
198 24
213 30
279 6
196 27
368 10
92 12
27 29
137 6
249 12
232 29
123 3
467 8
308 6
347 16
125 24
173 6
243 14
408 13
119 23
415 18
149 26
345 31
447 5
128 23
333 23
155 15
133 1
282 1
367 21
8 3
200 21
17 27
418 12
167 20
230 14
225 2
439 1
404 29
254 3
431 22
93 6
244 18
410 26
370 12
6 1
471 25
261 23
203 22
262 26
417 3
303 13
221 13
62 4
126 19
359 28
104 31
345 11
380 7
224 1
234 17
330 32
490 22
42 28
120 23
61 20
146 27
381 30
104 14
341 17
460 7
488 7
354 13
261 21
439 21
334 4
417 23
228 14
104 25
98 23
424 30
463 9
373 11
286 32
136 6
408 23
29 27
9 18
79 13
466 25
457 27
393 6
165 32
279 29
240 28
195 7
386 29
83 18
351 20
85 30
198 32
284 6
238 16
311 1
413 28
37 29
131 21
94 7
252 21
267 12
100 22
6 9
470 1
446 25
12 10
10 13
225 10
138 3
437 8
483 21
280 27
422 26
152 19
408 3
239 3
246 23
136 32
379 9
44 25
129 19
58 23
468 11
284 17
449 24
257 15
273 28
153 30
149 24
208 20
207 23
230 8
489 13
55 11
174 6
395 22
357 5
440 24
439 11
280 27
147 32
21 15
275 17
112 15
329 27
479 3
469 24
338 29
277 17
28 26
194 10
103 14
226 27
225 28
469 13
402 7
392 30
33 7
447 32
89 23
167 23
161 11
331 2
296 19
94 15
408 8
244 26
189 6
256 26
485 25
270 23
43 17
160 20
179 2
423 12
84 13
38 16
76 16
446 31
326 3
45 13
326 4
447 31
109 26
132 10
130 29
332 17
413 19
100 4
301 22
211 12
463 16
332 26
320 13
260 1
315 4
82 25
295 20
211 16
285 14
201 31
94 24
439 22
226 18
449 30
263 7
114 9
111 5
466 22
73 25
426 31
232 3
231 3
90 13
282 3
282 10
289 3
217 15
233 10
320 17
172 6
44 17
363 14
433 16
287 5
405 24
243 4
423 26
14 16
266 23
386 32
480 18
126 32
456 26
342 31
243 17
61 2
1 19
291 21
102 17
289 10
140 27
346 2
208 19
426 26
210 3
373 9
189 26
89 20
60 18
123 30
294 23
439 2
309 13
430 10
9 14
120 4
100 1
414 28
27 23
133 28
205 13
129 13
206 13
241 25
498 19
418 31
249 20
436 17
288 21
318 28
434 13
148 9
253 5
44 32
455 24
367 19
32 31
404 10
63 32
354 8
358 24
202 26
479 5
14 11
205 3
266 26
120 5
375 28
177 6
151 3
446 22
290 1
216 21
418 31
188 12
42 5
247 12
354 13
84 7
195 9
401 29
278 24
225 4
392 10
274 14
384 7
115 1
399 23
69 17
313 8
292 26
356 30
449 9
114 21
279 1
173 24
473 30
51 29
306 2
302 11
188 18
149 18
414 23
336 7
67 28
442 2
354 26
247 26
358 9
186 17
373 10
316 5
160 22
245 9
160 7
43 7
436 3
352 9
89 32
183 32
187 29
365 16
422 32
194 23
176 23
267 16
89 14
96 8
300 20
64 27
238 2
9 17
500 24
374 28
251 8
447 18
32 28
329 25
275 10
436 2
253 22
201 1
136 4
440 7
487 23
449 17
164 1
249 27
20 26
454 15
30 17
60 5
64 32
366 6
262 13
139 10
354 23
206 5
338 17
127 16
351 11
400 30
235 1
28 3
474 13
377 27
233 16
416 8
175 29
485 24
433 19
449 10
17 10
127 2
150 25
178 32
32 17
365 14
429 20
20 11
77 32
405 29
183 4
457 30
304 17
145 8
120 22
226 12
451 32
490 25
308 31
304 27
447 21
105 32
264 24
130 8
224 14
1 6
58 9
467 17
101 24
449 28
409 10
356 11
377 21
163 32
215 27
375 1
339 3
240 22
306 9
294 17
255 2
139 8
102 25
24 2
68 16
274 28
349 5
187 1
177 9
113 11
167 27
255 17
169 11
459 22
363 4
207 9
45 29
280 14
301 8
199 5
479 12
196 16
304 6
404 8
435 16
74 17
206 29
458 6
175 8
52 25
167 2
358 15
454 17
60 18
144 10
326 15
434 22
302 5
107 13
421 9
425 30
494 6
26 27
60 32
218 7
441 12
72 26
298 5
138 21
482 2
318 12
256 19
329 13
340 27
465 4
328 21
457 29
223 27
123 6
34 24
96 18
427 19
123 28
43 21
284 12
394 13
331 5
204 23
205 23
298 9
6 21
410 26
297 24
296 7
117 14
462 8
155 32
378 10
315 16
242 10
295 19
50 18
283 21
136 7
499 25
359 4
409 12
318 29
455 17
475 31
294 32
134 29
27 31
78 25
134 3
142 9
305 24
406 11
148 1
277 23
326 31
2 6
459 23
291 13
284 5
336 5
405 17
25 3
36 6
124 29
124 29
301 28
308 30
218 32
451 22
454 24
333 15
213 31
126 31
55 13
472 22
485 8
63 18
306 22
315 5
470 31
46 23
70 21
180 32
12 18
133 9
461 9
272 6
107 29
380 18
157 7
255 25
78 13
2 24
118 1
16 20
311 29
62 24
118 29
19 5
427 12
298 23
468 5
264 27
169 32
440 9
198 18
465 20
363 11
11 32
339 6
271 9
439 28
380 20
425 23
388 7
402 5
441 21
457 25
147 9
200 26
301 29
132 18
376 10
436 26
177 6
264 28
274 2
131 13
109 15
403 12
109 4
385 18
25 25
254 7
170 1
257 18
405 12
439 13
85 30
166 29
351 5
208 16
482 15
129 26
245 31
290 18
335 22
255 27
70 12
381 15
16 1
413 8
228 3
200 32
429 26
425 3
498 20
255 4
322 15
273 31
265 2
124 15
439 18
309 5
89 10
451 8
382 19
375 22
418 3
273 22
144 17
476 25
33 10
324 6
316 25
124 5
362 19
31 17
328 28
13 32
233 7
371 14
30 22
75 15
320 24
496 19
248 27
307 12
405 7
486 28
431 21
300 24
208 19
444 11
374 28
303 18
271 17
71 28
418 2
450 29
197 13
255 32
267 26
224 11
396 29
95 30
169 6
117 24
428 29
115 5
16 13
258 26
441 21
289 3
326 30
299 14
182 14
465 17
467 24
323 6
100 1
39 5
15 23
496 30
215 30
95 11
378 24
220 7
180 25
381 1
98 7
378 32
436 27
432 26
234 10
467 6
375 1
454 17
12 5
34 10
411 16
160 12
332 24
310 19
92 26
220 5
221 1
320 20
291 19
262 13
357 12
62 7
85 27
323 4
315 4
25 1
336 1
365 27
268 30
29 7
364 32
399 24
345 15
443 27
469 24
215 29
284 24
259 16
142 25
315 17
141 31
181 16
375 29
494 22
71 22
352 18
270 7
73 22
321 19
304 21
71 23
318 14
146 20
425 32
213 15
96 9
429 32
180 12
25 1
149 23
46 29
380 11
455 16
132 23
318 16
415 12
306 28
445 19
364 21
90 28
311 1
280 16
165 27
247 29
483 27
283 16
99 26
343 25
317 26
179 10
261 26
226 14
29 14
369 4
243 18
467 5
347 2
496 19
56 14
51 22
489 1
66 31
198 32
492 2
233 6
499 2
115 32
263 20
98 15
35 16
293 22
244 19
99 8
1 19
333 19
192 29
235 13
260 12
16 19
297 5
272 23
298 23
371 20
30 4
43 32
159 3
269 6
325 12
345 25
374 2
79 5
202 29
174 25
96 29
415 20
493 3
390 6
425 32
350 2
431 28
221 21
78 22
47 18
209 7
78 30
272 20
498 6
320 19
138 23
212 9
362 16
443 19
346 3
363 15
24 21
290 4
86 7
437 4
120 25
226 1
78 18
56 24
323 3
98 20
493 25
364 2
365 6
456 30
376 6
108 11
315 21
199 4
115 7
235 18
484 16
282 21
457 5
488 23
415 22
91 31
246 6
112 22
464 19
375 19
237 30
442 19
230 12
154 12
126 28
429 17
347 14
22 12
250 17
286 24
446 12
422 20
34 21
357 29
452 28
39 32
65 12
442 11
471 7
490 9
334 19
57 12
480 30
335 18
439 25
245 20
200 31
131 21
199 16
433 26
423 32
41 3
303 10
133 2
428 3
74 17
393 2
293 20
412 19
453 14
451 14
289 15
216 8
235 30
111 20
268 1
491 16
223 29
142 16
270 9
182 7
34 6
177 22
149 8
304 30
141 19
151 21
257 22
52 3
483 18
10 10
398 8
410 21
145 19
328 2
175 21
461 20
286 17
33 18
428 17
387 12
147 25
200 3
254 28
97 1
265 27
338 31
458 3
135 6
353 22
368 16
322 16
87 3
316 12
40 23
160 3
14 30
315 1
60 9
316 4
9 9
114 18
447 32
149 25
173 9
394 12
232 23
219 27
173 26
290 12
480 1
342 17
458 9
58 29
429 13
24 25
9 30
338 27
61 30
387 1
191 32
477 30
346 7
92 14
433 29
434 16
181 7
257 26
135 18
358 31
242 22
203 19
371 1
57 15
230 32
367 4
75 27
194 21
390 25
142 2
18 27
437 18
202 17
40 16
62 1
251 32
130 5
406 8
197 30
134 3
257 5
50 28
195 7
456 32
380 17
461 21
172 18
298 13
294 17
60 4
438 10
11 7
467 20
271 19
229 4
293 14
256 27
21 7
437 24
90 32
72 7
416 19
300 26
319 25
254 27
300 27
392 30
110 18
77 16
225 2
135 25
143 27
359 23
397 20
490 6
463 21
36 7
8 3
444 6
280 9
408 23
92 4
389 5
9 5
284 25
122 6
102 20
364 4
130 32
107 23
98 10
384 17
152 19
320 15
68 15
495 24
29 26
127 25
490 15
86 17
72 3
395 25
27 22
336 32
222 19
479 27
68 2
303 11
104 30
165 11
424 15
498 17
97 28
73 6
463 6
211 18
69 13
262 31
418 5
102 23
243 20
457 18
441 28
380 8
85 20
67 5
203 20
165 11
392 29
236 26
247 6
91 11
106 20
409 20
300 6
162 15
442 27
204 14
82 28
130 14
479 8
378 17
463 6
331 10
131 11
411 5
216 13
43 2
204 23
197 24
164 30
250 21
328 5
339 13
240 24
427 15
367 12
251 25
198 26
387 20
352 5
56 19
150 6
92 17
252 8
60 23
146 13
372 29
318 14
86 17
381 4
127 3
19 30
427 32
163 29
247 26
462 10
432 19
251 32
167 10
163 11
269 12
239 12
485 8
53 18
465 29
137 23
31 3
172 25
75 10
474 21
51 23
475 15
397 13
210 11
431 20
493 23
32 12
42 8
139 26
141 11
378 13
398 20
135 21
216 17
107 1
382 1
327 4
343 31
284 28
490 6
424 30
116 15
213 29
174 28
102 14
158 11
294 7
238 8
328 10
489 26
346 30
442 1
77 9
247 16
188 8
426 19
70 17
121 14
50 22
485 3
311 15
334 28
49 11
32 16
228 28
161 30
241 3
98 25
91 28
28 14
432 29
445 9
198 1
134 27
211 31
101 25
465 10
125 1
357 24
93 8
27 25
9 11
59 2
435 5
154 10
131 1
119 19
437 20
139 30
414 9
244 10
222 8
300 22
425 8
205 25
443 31
121 20
349 12
261 11
180 18
448 2
350 26
88 26
233 7
412 26
427 19
12 16
215 23
197 3
170 17
7 12
131 11
267 23
10 20
465 6
293 21
203 23
330 27
484 27
369 7
60 15
402 23
147 20
85 3
458 10
244 16
218 2
146 20
409 16
363 25
197 12
489 27
354 27
41 17
85 21
84 8
260 17
419 2
156 11
452 25
109 23
280 10
125 1
161 17
432 4
109 4
235 22
231 16
120 19
276 4
384 23
51 11
47 9
252 10
176 15
166 8
250 9
461 30
74 13
258 25
200 22
485 30
315 27
373 26
337 13
489 20
211 8
66 10
64 9
311 3
20 21
374 29
125 26
346 6
11 7
55 22
468 27
496 7
457 32
68 1
220 29
69 15
152 18
40 19
451 10
306 18
30 31
294 27
217 7
204 31
93 30
288 8
500 7
46 12
355 14
305 18
374 1
356 13
6 23
443 12
449 20
481 30
131 10
484 11
264 24
73 28
149 28
120 13
495 17
308 9
130 4
274 7
484 26
231 22
228 18
149 16
273 30
6 23
255 5
249 23
380 9
226 17
385 21
381 7
362 20
431 3
152 8
346 27
185 28
328 17
101 17
440 18
310 13
128 20
138 9
434 13
401 28
249 21
208 25
219 21
169 9
60 4
205 1
158 17
184 14
5 9
166 1
10 11
445 1
390 30
217 8
303 26
187 7
106 18
32 9
315 12
177 30
371 1
482 12
326 25
217 18
153 22
478 26
208 31
3 30
356 3
125 6
188 7
61 10
56 12
322 30
143 2
447 5
83 24
96 20
297 9
441 17
46 23
463 30
193 5
203 16
35 31
58 3
489 2
220 28
61 29
470 3
94 20
271 32
196 22
287 28
30 24
292 28
146 22
181 2
422 19
237 1
413 6
383 21
263 14
148 19
346 9
229 7
385 27
467 8
69 25
423 14
480 14
25 29
172 1
166 29
439 15
253 3
196 31
455 27
440 7
133 21
71 2
76 11
64 2
238 12
146 20
82 10
78 2
306 5
163 4
397 21
374 30
156 5
488 14
27 8
64 12
212 3
225 23
293 8
32 31
272 18
394 13
359 19
162 32
275 16
135 24
481 20
173 28
429 16
449 23
87 29
466 19
351 14
289 11
330 1
377 9
202 27
157 12
445 2
75 4
346 14
243 22
69 15
165 25
74 25
304 21
477 17
163 19
163 15
174 20
475 6
296 32
376 16
439 13
473 22
392 2
75 10
347 3
400 7
344 21
476 11
485 20
119 15
483 25
302 4
124 12
409 7
156 9
370 22
457 7
311 4
12 13
185 31
232 4
73 11
408 4
73 1
204 15
95 30
324 12
45 19
24 9
366 3
441 15
476 5
281 3
448 29
23 20
355 30
419 31
32 15
179 28
423 26
147 29
271 18
265 23
268 32
471 29
170 16
220 25
160 32
283 28
496 10
443 22
115 6
129 15
40 23
102 2
40 20
182 6
421 6
476 9
437 26
173 6
209 16
103 29
96 25
180 11
394 6
293 9
187 21
7 30
79 32
391 26
412 29
279 24
222 26
224 7
51 5
116 28
492 10
480 3
307 15
30 4
484 14
412 31
446 2
100 12
82 27
345 21
267 3
28 24
80 12
350 14
352 10
241 3
387 32
282 21
230 19
449 2
188 4
88 1
482 27
8 7
381 16
259 11
178 6
191 13
389 32
238 32
357 3
435 28
198 8
492 16
82 8
197 25
152 16
253 17
174 4
251 31
315 17
257 4
146 11
100 7
487 9
478 19
315 8
142 13
331 30
144 8
425 12
384 16
327 24
264 4
247 22
258 13
22 11
52 28
461 31
406 31
340 7
346 18
147 31
18 29
472 25

