256
269 14
114 1
386 1
1 10
473 21
387 13
473 13
117 22
275 20
105 6
316 4
280 12
188 17
442 20
274 32
434 15
434 4
63 23
404 31
160 8
371 22
264 31
142 20
325 17
487 13
214 27
281 2
78 16
266 11
16 20
291 1
286 24
348 16
246 7
262 13
330 32
154 1
179 4
473 19
268 27
283 9
465 15
178 26
383 28
265 2
187 15
198 16
482 6
171 19
500 12
335 26
267 32
274 9
487 14
151 22
57 26
439 29
348 8
267 6
411 27
331 17
289 9
420 14
278 30
200 25
225 30
310 20
225 12
140 32
181 23
169 1
76 19
462 23
223 20
5 29
462 3
82 22
215 13
371 24
443 2
473 19
455 2
362 27
217 2
94 6
144 15
486 7
369 3
493 27
26 25
280 3
36 5
88 6
213 26
446 27
379 14
26 25
403 19
216 28
240 13
17 11
423 6
453 28
301 14
438 30
294 13
313 1
429 24
431 2
210 4
500 12
497 9
477 31
116 24
18 15
352 26
90 31
240 10
418 8
339 15
365 29
424 5
165 12
429 3
345 14
26 9
429 22
73 29
273 12
448 14
395 24
28 20
426 7
229 15
158 20
49 18
256 24
403 12
324 19
219 16
320 20
216 24
118 9
5 30
328 8
383 14
251 18
409 20
380 30
370 5
261 31
411 32
242 13
287 25
495 25
289 30
453 32
413 22
144 9
163 28
221 29
397 15
159 10
351 6
147 4
427 23
342 1
274 24
1 32
204 11
121 24
160 5
496 28
198 31
341 12
314 21
108 3
235 22
368 5
8 18
157 6
124 10
122 29
285 18
12 17
320 20
480 3
408 31
402 17
318 2
168 23
6 4
341 25
245 4
177 20
425 5
37 28
35 30
148 15
335 20
159 10
143 7
484 31
317 10
359 2
479 11
117 1
154 17
429 6
369 21
354 9
142 18
45 8
104 28
346 30
203 21
92 22
495 19
100 31
312 2
445 7
188 25
479 25
369 31
443 29
363 24
382 12
37 10
31 24
469 9
430 20
233 29
221 23
299 28
37 11
333 21
105 9
245 23
213 22
341 31
54 7
302 23
411 31
212 5
182 5
21 11
56 9
335 32
479 22
299 20
96 23
52 16
151 21
134 32
114 26
370 27
380 20
306 18
214 17
435 7
401 3
358 12
208 24
435 10
177 5
405 12
216 5
323 26
457 32
433 2
281 23
88 25
178 13
302 27
262 32
489 18
43 18
322 14
390 8
139 22
341 20
42 8
204 28
125 16
320 26
81 20
416 12
112 25
413 22
187 22
353 19
187 23
373 4
348 14
116 27
31 24
234 4
215 5
288 31
300 27
100 4
410 7
399 26
311 7
139 17
188 3
376 3
90 8
86 29
213 17
275 23
8 4
167 6
500 26
413 27
412 28
30 1
231 13
194 1
443 8
390 15
379 21
209 4
364 22
256 16
347 23
170 14
242 32
428 2
493 24
392 12
55 26
77 21
54 6
178 24
158 7
330 24
183 22
355 22
184 26
325 18
344 10
235 10
34 18
31 2
205 6
134 28
47 26
396 4
183 5
300 12
343 1
227 5
19 29
274 2
191 30
83 6
296 17
323 17
331 25
58 11
275 31
498 29
252 22
125 23
170 28
126 5
404 5
241 18
285 3
327 23
316 5
361 7
226 11
143 24
388 9
294 2
95 8
186 31
37 30
485 22
233 22
70 21
314 3
114 27
177 25
425 4
201 13
455 18
172 1
185 27
353 11
72 16
122 25
146 14
419 2
215 15
91 29
343 17
447 9
207 3
249 27
318 29
120 16
227 31
73 23
53 25
93 20
224 18
84 21
223 2
202 2
357 13
426 19
401 28
7 7
198 27
89 3
56 8
491 6
54 3
396 30
339 29
81 3
54 29
135 13
18 13
418 14
481 11
425 21
66 27
191 3
38 27
481 13
191 23
226 8
385 13
202 20
313 22
138 23
298 12
495 16
460 16
393 16
106 29
24 31
452 30
137 13
345 5
433 27
440 10
482 20
482 7
399 31
317 28
13 14
12 23
485 31
270 26
115 31
398 18
249 13
204 29
41 8
205 17
138 28
334 3
320 16
154 22
462 6
106 2
139 25
332 16
291 29
353 5
179 30
395 23
155 6
15 3
349 19
20 14
215 13
308 30
372 25
251 9
134 4
158 17
176 1
248 19
293 8
371 23
405 13
249 15
66 31
106 30
482 5
103 32
181 27
81 13
223 15
237 17
391 31
333 14
235 32
32 28
235 23
350 11
371 31
50 21
213 11
54 14
131 29
241 31
271 9
363 9
4 32
405 10
346 25
311 28
20 23
459 30
97 9
245 15
259 2
107 3
448 21
17 26
21 29
240 7
282 3
487 29
406 8
382 31
480 28
182 24
34 17
253 30
301 29
301 31
290 15
233 9
419 17
18 19
210 26
433 19
416 8
479 29
311 20
423 14
51 20
289 1
448 26
270 28
242 10
10 20
181 27
472 27
343 30
242 24
303 6
246 18
93 24
38 27
435 8
45 26
267 13
274 31
430 23
314 28
317 20
407 25
270 10
447 24
71 32
368 29
362 25
90 18
189 27
61 27
142 21
460 29
493 13
475 7
480 20
298 4
315 16
292 20
433 14
400 32
278 27
228 19
231 10
296 3
500 16
394 6
164 17
50 5
290 28
283 1
15 12
268 22
283 31
265 19
148 20
70 25
282 14
415 1
319 15
135 26
418 32
311 2
85 32
442 14
87 16
346 10
155 17
283 21
23 7
355 26
63 25
299 8
426 29
412 28
275 11
413 9
426 20
330 26
435 15
87 14
198 20
475 24
396 21
344 18
155 18
292 21
326 30
117 15
6 4
346 5
74 31
29 24
334 22
361 4
480 24
493 1
231 7
232 15
75 3
248 22
124 11
150 30
332 6
52 2
294 22
322 23
8 18
218 5
207 31
312 10
230 25
66 32
123 1
290 26
75 14
131 22
428 24
351 32
46 31
301 7
152 6
57 7
471 11
203 29
409 18
66 30
170 15
449 9
131 11
194 17
128 16
254 15
455 25
370 4
359 14
42 10
143 7
372 9
429 26
493 25
439 10
326 21
392 18
105 6
216 30
78 19
325 28
454 19
288 15
335 10
345 32
359 15
178 2
452 22
155 28
146 5
206 3
53 29
449 21
471 16
10 24
63 30
231 4
317 6
338 7
219 14
230 1
21 12
158 20
217 28
267 15
109 20
185 25
421 5
22 19
353 31
290 23
69 29
430 13
94 11
387 17
153 24
241 21
375 19
496 4
414 22
306 14
86 2
387 26
327 20
248 27
290 21
445 14
261 10
94 19
344 12
19 12
300 19
20 6
9 7
469 19
277 26
296 6
320 6
219 2
441 10
28 11
354 12
440 15
197 18
321 8
217 3
240 32
97 19
246 26
274 14
28 22
192 11
115 3
357 25
8 9
298 31
379 31
358 11
117 30
56 13
297 24
275 24
492 4
295 29
329 4
302 8
321 17
382 19
355 2
119 22
35 12
100 29
270 29
83 23
362 2
323 31
114 18
194 17
173 32
193 17
259 22
60 27
43 9
217 25
383 23
463 21
454 2
181 12
371 24
462 24
105 4
242 18
85 12
26 9
127 14
461 14
416 16
316 10
165 21
58 3
423 16
315 13
434 7
452 16
462 25
239 23
400 29
488 17
268 10
445 18
83 18
279 26
277 7
159 25
183 5
339 5
440 17
333 5
500 8
380 21
252 27
231 28
99 19
488 30
436 4
111 18
337 14
220 22
40 14
258 14
298 9
178 6
249 3
462 16
350 30
413 10
312 15
253 14
417 16
479 28
23 25
222 8
330 25
177 25
374 10
442 24
30 24
261 11
334 6
230 3
267 30
284 26
341 16
191 13
479 17
109 18
258 22
213 15
474 21
160 19
174 13
370 16
424 6
38 29
408 19
292 14
465 11
456 29
463 14
61 25
315 17
294 8
202 2
362 19
98 29
226 20
326 15
179 13
429 28
358 32
186 9
361 30
223 20
454 13
462 3
330 32
239 15
51 25
481 28
319 6
137 16
53 2
491 27
62 19
298 23
254 4
419 30
485 18
282 27
30 19
157 3
222 15
334 24
187 2
387 18
95 11
253 32
188 31
230 26
13 16
372 2
215 15
84 19
432 17
489 29
459 9
24 20
40 17
303 30
374 29
435 24
64 16
319 19
282 17
352 31
428 28
264 18
366 31
192 9
211 17
461 17
325 4
200 16
192 14
146 5
43 28
237 18
471 19
208 25
103 16
399 2
487 22
375 20
9 23
500 3
99 32
92 31
296 23
491 23
497 28
256 15
419 24
496 2
46 3
142 13
114 16
234 28
53 1
303 25
27 10
484 29
114 15
251 13
421 9
247 9
80 30
307 27
493 22
240 31
5 21
243 10
124 24
422 8
436 20
441 14
26 28
290 7
54 5
47 14
485 21
243 17
147 13
267 7
203 6
381 27
238 15
28 29
451 9
240 30
173 4
52 26
159 21
188 8
437 18
38 6
230 12
190 24
32 32
219 26
313 3
144 30
74 24
114 24
472 29
261 28
89 32
45 31
209 20
311 13
169 28
418 11
331 7
478 30
414 32
300 10
147 11
127 20
466 32
243 2
297 31
285 29
371 18
131 19
413 1
75 10
492 17
36 2
303 21
388 29
61 23
294 23
333 13
426 3
364 20
440 8
226 32
396 16
405 31
26 22
171 1
103 27
149 18
188 7
2 27
371 26
465 9
120 18
289 25
300 32
416 23
164 30
314 11
237 7
289 15
388 8
67 26
474 31
479 29
17 16
88 8
394 8
404 25
53 4
410 12
399 29
294 10
318 24
325 7
178 29
169 25
72 3
258 5
301 28
410 5
271 25
56 20
252 27
29 25
206 30
360 1
466 6
18 20
113 30
190 26
455 14
58 30
296 3
127 16
106 4
116 8
384 32
392 27
482 8
291 24
61 23
144 30
304 1
161 24
3 10
57 25
411 2
38 6
132 24
357 1
51 9
112 22
144 3
69 1
126 3
16 14
361 15
64 20
172 28
283 14
278 27
334 28
304 27
450 31
239 22
23 13
130 7
223 5
341 19
102 19
205 29
4 14
128 11
433 27
495 12
176 12
406 13
163 2
83 8
348 25
270 31
462 27
357 8
24 13
178 5
367 14
445 31
299 12
289 28
222 15
299 13
406 12
257 1
117 32
32 13
12 5
187 29
404 15
360 31
443 29
255 26
123 3
180 5
123 32
4 20
103 6
445 8
210 25
280 30
244 16
142 16
316 20
80 19
222 16
497 29
328 19
326 22
450 13
223 4
176 26
119 26
84 23
490 17
116 9
322 7
432 24
466 12
291 2
318 13
189 15
381 28
417 30
170 22
414 12
141 21
173 16
219 4
174 16
400 21
328 2
352 16
37 17
359 3
418 24
43 2
342 23
326 7
480 15
328 29
238 21
334 30
80 32
18 9
111 21
98 6
490 25
49 14
469 15
57 27
435 31
344 12
374 25
386 9
163 14
450 32
34 23
14 5
186 31
421 4
299 10
437 9
318 30
166 11
96 6
25 18
173 32
158 26
37 15
102 31
460 7
155 29
185 28
309 18
198 14
369 12
247 30
136 25
495 10
55 6
375 7
324 19
298 21
444 30
227 14
89 31
152 27
31 17
410 28
410 15
69 23
454 31
288 14
83 14
243 25
427 5
419 10
368 5
82 3
254 1
60 30
347 4
436 25
252 13
216 21
303 28
143 21
303 30
50 17
267 24
374 30
112 8
443 19
360 5
494 14
37 5
159 3
468 3
111 27
439 15
380 10
314 26
202 4
156 31
353 2
246 30
115 17
221 6
40 17
286 25
398 14
437 8
408 5
150 10
123 25
48 14
34 2
228 31
329 31
189 25
304 18
110 31
346 27
180 5
263 13
269 8
490 26
67 9
462 25
118 28
9 10
290 18
379 17
480 15
251 12
240 14
157 29
176 30
31 15
239 1
23 31
156 20
416 23
112 21
495 14
165 31
247 26
248 1
174 31
183 24
98 22
33 6
123 17
107 9
415 5
150 26
56 17
301 27
83 9
200 21
494 32
79 12
21 2
68 2
256 26
173 9
376 29
458 2
265 17
2 12
261 19
469 24
160 17
139 10
385 2
171 14
53 17
321 25
279 4
470 18
342 18
387 13
198 8
214 27
260 23
346 13
422 10
40 13
286 22
174 19
367 20
400 23
445 25
195 23
312 8
108 25
9 2
369 7
42 18
373 1
1 6
377 18
383 17
354 8
446 19
338 29
223 26
435 11
162 2
445 13
349 8
126 2
398 10
416 19
428 8
443 4
5 32
201 27
88 18
406 21
284 28
49 10
185 4
228 6
317 20
22 13
76 23
374 5
493 21
115 28
428 9
403 8
228 19
170 23
360 4
200 7
23 28
353 19
83 4
256 3
104 9
416 19
276 29
3 32
430 13
243 13
25 25
141 29
99 22
271 14
237 30
304 23
70 4
169 24
88 32
255 31
53 10
369 8
310 7
151 23
339 1
448 7
389 24
319 3
397 22
148 6
263 3
96 12
459 5
188 14
392 30
88 12
315 28
475 12
178 25
215 20
369 6
434 17
249 29
447 9
194 2
334 4
397 10
492 11
398 19
104 17
324 3
437 22
146 15
113 31
388 3
394 32
340 11
217 4
431 3
437 24
109 26
284 9
403 11
63 16
305 10
293 12
356 29
117 9
491 1
379 18
56 24
190 11
450 2
187 9
68 27
208 8
96 27
384 23
469 2
2 1
111 6
104 22
374 12
170 13
449 4
298 16
171 15
102 29
244 8
205 20
114 4
339 22
255 11
412 3
20 17
200 23
59 15
300 24
23 10
500 7
369 2
178 8
136 15
364 32
271 8
43 24
479 13
297 9
307 24
12 3
473 15
309 31
365 4
314 23
429 26
209 26
315 18
41 10
369 4
33 23
471 27
374 21
160 27
238 30
378 9
144 26
311 24
232 19
264 14
266 8
415 6
193 1
64 1
382 24
488 19
70 14
193 27
111 20
113 32
170 7
300 17
44 30
321 24
488 4
25 25
127 11
79 12
19 22
404 20
425 16
18 26
201 19
436 31
414 9
362 23
95 5
452 14
474 16
265 18
355 9
418 29
431 8
4 29
489 20
53 9
299 22
258 31
132 22
162 14
298 27
332 12
388 11
381 1
54 30
26 12
138 28
445 25
291 16
369 32
355 5
396 5
491 10
4 2
199 1
19 28
39 19
387 26
485 31
139 23
264 12
150 2
459 10
322 10
42 14
233 28
111 16
401 13
133 4
426 23
420 29
178 30
499 24
384 11
35 18
373 18
37 3
403 4
320 12
449 5
414 21
461 12
160 1
328 29
468 5
475 7
401 5
196 15
420 27
86 18
304 26
456 9
184 22
40 8
82 24
68 27
20 12
222 15
92 29
323 15
5 30
297 2
302 25
360 29
423 9
27 31
255 18
419 30
339 18
145 8
297 17
118 20
444 7
198 8
91 13
298 4
170 11
57 11
439 20
43 21
361 21
291 31
254 25
256 13
370 1
216 18
317 22
185 12
376 7
351 31
255 9
266 28
95 6
246 21
237 12
449 21
413 28
415 6
152 15
110 30
423 6
39 31
215 20
202 22
310 29
260 12
53 21
339 23
198 12
383 19
427 19
235 23
422 26
357 2
172 14
447 22
495 13
36 13
412 29
151 25
493 22
136 29
287 10
43 4
261 29
122 12
460 29
378 29
210 30
306 29
52 28
178 30
89 5
107 8
153 13
425 26
18 4
42 12
238 9
140 2
65 5
389 20
321 15
257 22
352 14
410 23
166 3
301 18
151 31
457 8
367 25
153 12
145 22
392 10
482 7
83 3
495 24
274 12
90 6
197 17
296 19
196 29
397 28
66 28
458 6
55 4
255 3
411 27
104 6
132 22
388 14
336 23
37 13
402 10
491 2
271 6
408 2
98 9
165 15
56 22
388 6
297 18
20 7
244 31
213 15
60 24
441 11
186 1
356 15
159 10
37 5
335 4
394 16
100 2
446 15
31 17
468 15
327 27
237 14
462 1
297 13
253 25
120 6
269 15
377 3
376 5
355 6
208 12
141 20
9 18
314 3
270 22
69 4
120 6
370 9
106 14
306 30
458 13
500 30
103 24
5 18
140 7
39 3
163 11
6 31
468 24
414 29
305 18
37 28
287 18
209 29
127 26
306 4
290 29
13 32
32 1
73 15
432 7
18 26
141 7
116 12
46 25
196 10
11 8
126 1
193 10
245 23
199 23
458 8
207 27
83 7
191 23
409 2
117 6
419 13
5 19
68 10
415 31
252 21
199 25
426 31
414 18
414 4
424 15
155 27
193 17
369 4
95 21
61 3
259 32
171 7
366 6
164 28
352 3
409 10
495 6
145 28
207 30
75 31
280 9
113 21
317 25
412 31
461 28
325 7
303 15
333 12
436 29
152 24
263 24
41 26
97 9
221 19
94 20
285 18
376 9
402 21
229 29
307 14
136 20
112 19
330 1
310 22
293 5
405 27
372 13
368 24
130 9
123 27
236 27
300 23
8 17
359 4
217 30
129 5
149 5
495 18
185 20
95 1
469 19
235 20
444 15
160 21
43 22
499 18
392 27
444 19
203 19
339 24
468 7
476 32
207 18
297 15
477 24
71 29
390 10
137 9
260 28
109 14
429 12
283 32
110 6
423 16
28 9
83 7
79 2
166 26
379 23
232 24
206 23
152 23
312 4
132 23
435 28
76 15
199 2
387 12
435 1
120 31
273 2
161 23
464 11
488 22
141 24
49 14
226 1
292 13
340 3
459 3
15 6
489 5
243 31
21 13
387 12
491 7
45 16
362 16
330 13
202 26
272 18
315 17
302 10
385 22
233 31
268 11
228 8
311 10
335 31
499 5
174 1
84 23
492 9
430 9
349 11
290 25
233 8
321 14
266 6
27 30
400 26
96 8
402 22
449 8
89 7
160 30
288 23
184 23
391 26
452 20
96 1
212 32
401 20
66 26
89 16
15 29
238 30
468 11
15 20
78 7
67 29
217 2
332 24
336 18
365 23
313 21
232 16
140 32
408 1
297 28
1 15
188 26
272 27
80 30
275 21
241 9
97 9
398 4
60 1
2 17
372 26
237 15
190 24
234 13
433 6
296 9

