256
241 2
369 19
276 1
296 9
96 20
184 1
169 20
113 22
238 6
227 19
106 17
175 14
475 4
191 15
51 5
26 27
66 26
477 13
119 28
445 14
388 4
330 12
400 22
165 1
123 16
363 8
448 29
146 18
84 16
349 30
232 18
277 25
471 5
341 5
229 26
302 16
117 31
375 20
424 27
356 15
430 6
478 10
311 11
151 2
162 27
232 13
224 24
393 23
464 10
135 28
223 13
11 31
419 5
59 31
424 6
93 9
336 2
434 14
397 13
391 6
435 14
155 19
333 23
57 1
484 3
192 2
479 7
397 26
439 19
92 10
72 4
271 3
105 4
256 17
140 31
263 23
120 9
437 17
315 17
453 31
35 12
356 2
198 32
411 29
262 18
202 10
389 24
444 25
28 28
198 11
198 32
445 5
80 9
473 6
225 5
396 12
273 4
273 2
59 7
310 21
388 4
6 12
335 9
120 22
500 13
233 29
332 1
218 19
410 22
157 2
319 28
393 11
7 25
412 2
199 10
238 22
85 19
65 7
395 5
485 31
205 29
295 29
393 28
299 6
54 7
288 12
211 20
314 1
345 1
486 11
298 23
333 22
169 1
153 4
433 25
162 22
205 28
26 17
320 32
103 9
483 30
448 9
69 9
113 29
189 11
160 19
173 8
220 10
92 4
109 13
212 14
366 16
77 19
217 32
418 23
324 24
60 27
444 4
235 9
97 12
359 8
410 19
451 5
76 22
205 8
418 4
305 3
184 30
377 20
481 7
422 5
46 29
427 30
164 2
250 32
437 24
367 10
490 21
326 6
63 22
453 12
298 2
467 13
343 3
84 27
137 9
479 7
189 30
376 4
271 9
112 11
84 10
404 9
499 1
342 9
259 27
244 16
404 2
388 26
53 27
420 13
327 19
75 7
8 22
218 14
426 13
336 29
11 11
286 21
319 19
273 1
125 16
336 8
226 11
273 22
397 21
170 7
295 21
89 22
398 23
283 8
487 26
36 25
60 9
209 14
4 9
159 8
497 30
156 10
421 16
203 13
324 32
40 10
320 32
271 30
286 1
245 25
374 8
121 29
157 30
163 12
162 25
287 30
166 2
83 30
74 5
255 21
361 30
219 24
125 29
101 19
394 25
35 23
477 27
52 17
336 30
144 30
386 14
7 11
76 2
489 1
226 19
249 10
240 19
118 12
308 22
126 13
415 8
171 15
167 22
227 26
287 26
499 8
151 18
75 22
299 27
226 24
157 11
462 28
145 3
111 12
500 5
356 6
396 27
8 14
452 18
416 3
455 30
410 18
123 28
183 1
250 29
297 2
439 26
5 3
40 4
387 19
204 6
157 19
472 12
13 16
250 8
14 8
45 27
161 20
111 32
440 12
456 12
118 2
197 10
328 32
89 18
479 20
160 11
243 23
150 7
406 19
386 23
103 18
194 19
97 8
458 25
15 13
476 32
10 9
106 18
260 22
403 26
338 26
224 16
397 26
38 22
124 3
73 6
204 30
193 25
273 10
41 23
267 20
123 4
188 32
465 4
125 24
37 30
281 1
97 1
486 2
331 5
408 3
39 24
224 3
264 4
232 32
486 2
171 16
478 15
39 26
158 4
309 14
181 2
158 14
118 7
263 24
456 19
54 22
134 25
76 25
476 3
404 22
9 10
421 10
136 20
427 9
327 20
191 23
29 4
136 22
195 19
298 22
421 7
495 14
332 2
154 27
228 29
120 8
482 21
73 30
204 20
114 30
87 28
240 27
356 24
464 10
126 29
403 14
316 9
303 3
318 32
157 13
364 13
485 1
169 5
166 8
408 4
253 30
435 24
164 30
219 8
43 24
240 5
93 7
193 31
257 22
202 6
259 25
190 23
114 18
3 23
81 19
410 29
460 25
28 8
338 3
251 29
294 18
177 31
101 14
485 1
83 27
270 5
455 23
287 12
20 22
199 32
404 28
284 23
156 16
338 10
262 12
78 11
134 6
497 22
327 6
90 22
20 28
102 18
22 21
394 26
234 32
493 17
51 21
203 15
292 5
256 21
332 29
311 13
290 8
198 21
141 24
230 12
499 3
337 4
423 26
413 32
173 22
144 20
34 23
134 13
239 25
81 10
425 31
387 22
50 24
34 18
75 19
201 1
298 26
297 12
119 1
228 12
466 27
367 31
421 32
27 11
92 11
285 12
350 11
433 15
106 11
89 17
81 29
105 18
30 21
450 9
462 9
440 11
103 18
130 20
9 20
386 8
115 18
319 8
192 19
214 30
69 22
182 26
295 30
231 8
39 8
324 8
60 3
130 19
272 27
38 4
267 3
435 13
297 29
48 16
356 9
341 12
267 26
277 17
308 16
88 10
39 8
49 7
26 2
465 30
289 30
133 11
480 12
139 20
172 10
468 23
150 16
303 16
330 7
328 1
438 24
38 13
179 26
131 8
115 11
205 23
448 6
13 7
257 23
407 24
40 30
307 18
385 17
105 22
39 1
54 13
200 31
9 22
28 11
285 19
233 2
101 28
31 10
310 23
116 28
418 32
293 28
345 6
184 17
243 3
85 17
403 8
91 7
217 7
49 26
465 5
343 1
16 1
30 1
363 10
245 4
301 21
4 25
66 11
149 21
113 26
309 27
73 19
277 30
221 17
291 17
161 17
454 20
357 27
353 7
128 17
350 12
337 9
128 31
244 13
415 32
362 23
75 6
325 27
75 2
380 25
434 32
201 3
68 25
222 8
479 1
220 9
333 28
33 16
310 4
236 12
336 1
298 30
235 11
464 9
20 3
378 29
87 10
192 22
487 29
425 1
465 20
293 9
51 26
257 9
305 20
436 32
145 22
253 27
356 21
391 11
411 4
179 25
198 6
2 16
486 10
500 31
273 25
99 12
470 31
388 14
51 7
118 7
56 10
277 27
438 3
137 21
139 12
197 20
389 27
371 19
180 18
177 1
14 23
480 27
482 31
461 8
41 22
430 1
299 14
211 29
428 32
289 22
367 29
105 27
387 11
481 27
197 29
371 6
136 6
45 9
420 9
352 8
286 29
408 28
42 3
24 25
318 8
387 12
149 23
290 27
318 19
305 30
483 15
223 2
376 3
86 23
327 25
107 8
421 6
400 30
336 27
431 9
439 5
188 7
11 26
325 28
304 22
341 26
156 28
256 24
386 5
382 9
482 12
176 18
206 19
216 25
54 6
46 16
166 21
282 4
266 22
4 25
439 24
207 15
463 14
182 17
154 19
413 15
51 8
389 16
367 16
148 8
101 9
263 30
130 12
293 11
1 32
316 12
196 22
386 10
335 31
358 20
129 18
327 15
210 3
138 20
170 6
199 6
182 17
239 11
356 3
410 28
31 25
499 26
98 32
235 16
302 29
123 15
214 5
165 7
15 27
202 24
144 20
9 13
64 31
192 31
482 13
479 4
177 1
89 18
213 31
57 30
267 3
500 9
480 9
255 14
171 9
234 2
60 2
342 32
193 5
394 2
133 24
37 21
201 1
434 25
151 6
130 26
373 2
398 16
146 16
49 12
460 2
333 20
376 26
143 4
59 16
93 15
112 9
204 32
457 9
76 7
331 13
24 23
186 1
258 23
73 2
350 8
440 14
403 7
60 13
86 6
285 14
160 4
10 23
411 30
204 26
72 14
394 4
292 20
368 9
466 20
206 12
324 13
201 22
163 32
123 28
229 31
129 25
6 30
455 4
103 14
105 31
395 2
474 30
429 5
86 31
133 16
62 20
288 2
385 15
226 11
402 6
117 19
194 10
20 13
241 11
10 9
1 21
343 10
294 31
18 24
369 6
171 6
309 2
248 2
112 9
256 26
426 21
396 12
198 27
472 11
389 17
135 13
89 29
418 23
452 4
262 24
437 20
454 2
93 5
495 5
25 14
218 26
474 9
273 32
379 28
314 8
77 28
360 17
277 10
47 20
65 20
399 21
91 8
450 28
256 24
240 24
194 29
82 7
421 22
394 7
450 15
418 30
155 2
42 3
407 21
10 23
248 32
323 15
316 1
226 19
216 9
203 29
125 28
132 9
341 9
195 2
232 29
167 2
94 13
168 8
149 25
174 8
288 8
86 31
268 31
26 32
479 28
448 11
215 31
499 7
308 2
49 31
10 7
128 27
127 3
454 19
175 31
23 18
474 16
417 14
123 2
281 21
21 8
56 19
11 18
345 14
99 1
208 16
312 11
62 26
481 11
213 7
493 7
320 15
46 8
60 4
29 8
473 5
419 24
487 21
285 16
98 28
76 13
343 23
491 21
177 3
271 29
181 8
327 1
82 24
88 17
392 17
332 20
17 6
95 12
383 19
39 28
114 10
489 25
205 31
213 17
154 11
121 10
98 15
186 7
170 18
171 1
242 14
128 22
456 30
317 14
453 27
21 30
173 17
374 5
340 2
257 17
421 1
178 30
175 4
401 20
341 27
109 22
277 8
43 28
162 12
273 22
66 17
383 10
154 9
466 17
194 2
189 22
302 26
336 16
433 24
24 17
158 24
206 26
219 17
369 4
460 29
197 1
138 12
115 15
188 24
487 29
6 31
199 27
392 6
487 21
121 14
449 14
493 11
416 3
255 28
295 22
129 31
238 6
422 32
260 29
136 18
342 17
272 12
299 7
425 21
339 13
146 32
26 6
294 1
53 4
429 15
113 21
41 14
26 23
406 13
275 5
234 12
181 13
7 31
371 7
116 14
31 21
349 13
251 22
201 3
393 9
205 17
37 29
58 22
411 11
50 6
3 31
153 3
139 8
366 30
146 21
71 1
445 23
85 3
264 25
201 4
414 21
364 30
2 17
216 4
384 21
449 10
48 26
125 30
465 14
399 14
174 5
286 10
91 26
165 6
155 17
65 20
122 28
221 23
349 4
386 8
53 3
173 12
288 29
341 28
138 4
213 11
60 23
429 3
72 1
60 2
309 17
349 22
52 6
52 24
209 6
335 1
124 16
64 3
156 21
218 22
144 6
104 31
132 20
409 12
476 9
133 5
93 2
66 4
255 6
248 15
407 26
76 18
293 27
496 21
43 17
242 6
494 9
445 18
81 5
385 16
321 9
192 5
202 14
261 16
227 4
419 29
441 14
218 6
132 1
34 23
277 3
64 6
471 32
451 7
213 19
311 17
204 10
298 5
463 30
213 9
417 19
25 29
328 18
442 7
306 27
337 2
101 25
56 8
112 30
326 28
193 4
357 12
342 2
4 4
415 4
345 31
50 17
39 21
315 29
188 20
159 24
54 20
128 29
35 8
466 8
63 10
348 15
405 25
276 5
344 14
476 8
372 30
113 7
402 27
95 13
398 25
465 3
364 20
263 6
331 25
110 30
238 25
16 23
349 28
403 12
481 2
84 21
403 12
115 17
474 29
245 19
313 1
26 1
153 20
426 15
220 19
80 14
195 24
452 27
239 30
439 27
83 26
423 30
421 9
494 10
97 10
116 26
151 17
290 31
133 31
489 16
454 25
161 28
368 32
395 2
169 29
176 28
206 11
293 26
339 6
371 24
375 30
49 25
183 10
31 19
404 4
18 25
292 31
357 11
142 11
116 27
435 7
266 28
93 14
117 4
195 23
423 1
28 11
298 2
160 16
24 27
51 22
124 14
72 8
204 17
82 3
227 24
314 32
7 26
253 7
393 31
313 23
220 16
285 25
50 20
196 5
63 27
318 2
292 13
165 32
306 26
18 8
113 11
228 3
441 20
445 1
427 5
148 18
448 24
14 5
432 17
274 26
159 3
179 19
184 3
298 13
292 19
372 12
350 27
226 2
79 22
474 1
426 25
354 13
109 27
74 28
427 27
385 22
141 15
388 12
109 25
16 12
203 12
7 8
338 4
193 20
401 11
476 18
491 5
402 19
47 15
342 10
377 2
263 6
140 6
45 32
38 9
499 8
152 1
144 25
88 24
109 28
206 32
17 5
265 11
499 3
449 5
136 2
66 10
195 22
251 23
305 12
151 32
232 18
308 3
143 4
414 23
235 28
186 12
168 26
226 22
261 14
358 8
499 32
498 21
333 32
284 9
240 10
440 31
440 8
197 6
347 26
184 9
81 17
388 20
171 9
266 7
287 3
30 5
250 31
182 22
127 5
71 10
102 6
188 9
461 8
474 23
345 9
444 22
378 19
25 4
444 18
182 18
117 23
218 22
90 15
152 20
215 10
285 1
435 4
209 28
207 23
258 11
191 17
180 24
32 9
319 31
198 4
408 14
63 5
236 16
228 15
423 6
312 31
110 6
30 15
345 12
353 19
490 3
155 22
315 6
78 21
364 23
485 19
293 19
100 8
254 11
266 4
120 13
234 22
26 3
252 19
350 8
177 3
350 7
212 4
221 21
1 16
268 17
207 16
235 26
87 4
484 12
15 19
132 8
184 9
362 11
379 23
242 31
401 28
90 17
459 18
105 23
245 16
147 3
431 9
108 21
72 31
424 18
398 23
37 25
64 2
220 26
460 21
201 17
256 30
177 15
451 5
377 15
5 12
498 19
256 13
8 32
252 7
117 29
338 10
81 29
403 24
194 3
113 14
427 28
387 19
138 25
87 15
384 11
390 25
230 13
41 5
28 16
19 29
440 8
150 1
108 16
172 26
118 4
251 4
356 18
350 9
474 13
211 17
231 16
441 20
449 14
252 8
125 3
472 9
330 9
437 14
377 32
443 10
244 13
94 3
182 3
295 8
83 2
216 6
457 1
477 13
490 17
85 10
203 24
30 28
29 26
321 25
74 15
454 29
160 15
119 25
342 9
348 32
270 24
441 27
72 30
335 5
350 27
26 32
327 32
83 19
373 4
463 18
370 12
466 13
315 12
370 12
349 5
283 30
132 16
48 19
345 31
115 26
153 5
245 11
400 19
185 28
434 7
70 8
267 27
36 13
471 25
440 27
326 2
288 25
297 16
12 29
422 2
186 6
322 14
257 9
461 13
345 22
292 18
253 6
300 17
490 18
45 9
440 6
354 4
179 27
267 10
143 32
19 13
465 17
462 21
61 26
366 29
372 21
170 12
66 26
412 11
91 5
39 23
326 28
462 8
394 12
45 13
471 28
69 15
256 18
360 4
156 5
73 27
233 14
150 18
415 2
56 18
370 14
92 15
337 1
51 31
484 7
119 22
362 3
240 13
216 7
285 31
175 17
249 3
302 31
56 5
312 15
426 5
408 29
79 5
421 9
327 8
428 13
209 17
131 32
258 2
399 14
421 17
250 25
332 27
419 7
119 22
54 20
114 17
412 13
409 12
25 23
87 4
179 15
445 17
95 18
211 21
95 19
269 28
151 24
246 2
43 21
3 20
260 17
260 24
13 25
355 17
255 22
45 18
88 9
446 18
394 20
378 24
138 11
35 17
302 8
210 32
348 8
291 4
32 23
483 20
423 29
285 29
130 25
462 22
169 16
251 26
267 13
253 9
479 3
45 24
270 10
476 6
169 10
429 9
20 3
96 14
99 32
119 17
60 24
446 24
43 12
141 10
176 1
418 14
31 10
286 13
419 29
270 3
378 26
287 6
460 7
191 26
466 29
138 30
93 15
105 27
483 6
148 18
342 21
16 9
378 5
377 16
413 6
383 6
47 29
391 26
255 30
119 9
94 29
98 14
43 26
25 5
3 12
387 5
89 22
421 30
54 1
114 26
498 32
107 4
16 10
105 31
283 15
343 32
331 12
414 22
493 22
250 4
313 16
44 1
241 20
219 30
464 12
111 25
179 22
208 6
419 24
316 5
34 10
428 17
449 17
90 26
482 31
141 7
179 4
47 19
499 5
65 10
300 7
478 26
244 29
172 26
348 3
214 25
349 2
449 1
334 14
442 24
81 22
462 27
117 4
29 15
329 29
132 24
120 25
106 31
145 17
25 8
467 22
77 31
379 9
316 9
267 25
380 3
191 29
457 7
404 9
126 8
282 13
360 9
218 17
263 26
445 31
58 19
377 2
430 11
362 17
171 32
1 18
326 23
94 30
202 14
471 19
81 12
287 20
4 4
108 26
422 4
405 31
315 13
464 8
239 9
340 10
157 32
163 10
235 9
116 20
458 14
466 10
189 4
182 12
312 1
309 5
193 29
63 27
345 2
102 32
54 25
197 18
484 3
44 14
467 3
5 32
448 6
314 8
278 7
31 17
135 23
173 11
256 23
185 28
464 6
387 1
430 3
283 22
294 14
483 16
188 4
388 31
161 25
326 18
47 24
230 5
398 22
360 1
192 20
105 3
182 23
376 23
426 22
376 31
335 15
182 18
198 29
360 26
121 21
500 19
244 13
52 25
335 7
294 14
306 22
385 19
240 20
450 5
269 21
87 11
183 17
180 20
337 11
90 2
427 25
476 10
21 11
162 7
289 27
85 11
204 5
433 28
80 6
312 32
59 3
154 29
167 5
325 31
75 30
312 13
206 20
22 26
166 23
285 15
490 21
401 1
189 21
488 16
67 28
467 21
50 24
421 16
156 1
422 10
362 14
82 19
225 11
145 30
137 13
196 18
1 4
171 25
281 14
308 19
161 22
323 6
97 23
129 8
340 3
185 21
488 6
120 16
72 20
453 16
396 25
186 32
448 20
436 20
217 31
74 10
220 12
291 32
343 4
271 26
174 23
234 21
276 21
224 11
320 16
258 7
28 27
314 4
150 29
203 15
195 29
96 14
228 6
81 10
157 19
103 14
361 17
194 4
393 5
334 13
297 8
131 28
386 25
3 16
397 22
106 16
186 21
209 25
438 10
335 3
344 5
128 5
329 18
192 26
90 22
138 10
117 24
414 30
416 4
241 5
473 10
108 10
46 16
275 24
457 5
134 21
101 9
209 30
286 32
3 16
277 28
113 17
259 30
99 3
294 27
191 26
185 26
128 2
465 6
269 2
214 18
426 18
15 14
95 20
237 5
27 2
88 28
110 19
17 32
225 26
47 27
280 31
212 23
164 28
12 25
301 5
186 18
390 4
63 5
352 12
433 26
17 9
369 30
219 14
186 15
399 24
209 26
166 28
288 21
299 11
465 20
375 23
29 5
202 4
101 17
95 17
283 27
405 31
88 19
240 21
269 19
356 9
20 1
248 28
54 27
106 2
498 21
168 18
97 18
469 1
274 3
433 12
25 10
411 21
164 22
237 29
140 21
261 20
465 9
319 10
407 20
388 16
108 3
429 32
276 22
456 22
164 17
309 21
78 11
153 21

