256
130 2
157 31
79 24
489 16
294 20
126 12
89 15
38 31
188 21
449 27
252 24
436 32
298 10
415 8
67 17
332 24
275 28
266 29
156 15
21 29
82 22
388 22
188 1
21 15
489 1
201 16
124 9
303 2
74 6
201 16
190 28
188 8
372 29
317 11
411 17
179 12
186 14
14 9
194 22
247 3
206 32
126 13
288 1
102 25
350 22
353 27
38 16
3 9
48 7
139 23
359 25
450 28
86 3
268 19
348 26
313 13
165 7
234 32
219 7
17 12
341 1
106 14
464 8
138 27
130 8
321 4
444 19
383 5
85 2
159 13
368 12
337 20
262 18
188 24
109 12
47 21
128 8
30 27
464 23
305 29
146 6
433 29
248 31
321 12
317 23
116 28
302 17
419 19
78 2
394 26
365 12
338 24
296 15
286 3
237 7
203 2
216 31
322 3
302 30
146 30
473 6
5 22
270 7
189 23
233 18
237 21
374 30
441 17
145 30
279 17
316 17
263 15
116 16
197 13
430 31
238 2
308 2
27 25
16 31
127 16
149 31
345 14
289 17
394 9
362 16
165 18
4 11
412 15
215 17
239 8
155 4
45 18
217 31
242 13
490 24
480 14
231 32
363 19
312 24
303 30
279 19
203 6
98 14
253 24
278 15
307 12
319 7
245 23
125 6
119 2
206 31
103 20
126 9
158 14
72 32
463 6
130 25
484 15
334 32
390 4
78 4
395 32
398 12
135 15
329 25
488 14
55 31
321 21
407 6
470 7
141 12
32 23
152 23
201 9
102 11
448 4
138 27
427 24
334 25
262 22
166 21
48 8
191 4
252 26
50 29
132 14
356 11
16 11
178 9
196 23
159 31
310 32
337 29
35 30
1 28
184 6
397 23
238 3
450 9
388 3
414 27
393 13
182 20
480 7
476 11
489 14
169 23
282 2
387 4
175 7
464 18
405 16
440 26
298 2
334 14
240 7
56 20
220 13
392 11
299 3
225 16
353 29
290 30
398 24
153 29
266 32
134 10
179 22
15 1
315 5
14 26
299 21
38 30
362 21
68 20
499 28
151 7
37 8
188 22
467 5
210 29
160 32
254 19
121 9
167 11
321 32
340 23
452 17
137 21
9 28
325 28
348 11
210 16
267 6
21 17
90 23
317 13
278 19
291 10
191 17
184 7
340 23
129 4
104 17
456 12
173 32
471 4
459 9
255 29
282 23
161 23
357 26
323 2
48 2
383 6
422 30
100 2
441 8
405 28
197 28
7 5
344 14
240 6
362 26
82 3
120 14
217 29
71 27
314 18
4 9
59 14
114 2
39 26
90 19
449 2
6 28
6 9
285 13
206 30
90 15
492 21
381 24
389 3
450 15
421 14
103 11
83 28
341 9
122 22
415 10
67 8
377 28
473 13
20 30
10 13
465 9
373 9
412 18
147 18
168 31
167 22
250 25
485 22
221 6
371 27
28 1
258 20
212 18
269 3
260 10
395 28
483 15
272 18
380 14
459 31
189 1
316 22
225 5
27 25
258 21
283 25
37 21
245 16
474 13
182 21
142 32
160 8
194 19
74 14
201 28
120 13
361 32
326 21
88 12
234 13
452 32
186 20
260 18
439 26
294 20
318 19
399 30
263 32
260 20
17 16
71 25
52 11
424 29
368 27
284 13
59 7
468 12
426 32
25 28
461 26
187 6
105 1
459 7
29 19
406 13
234 8
33 30
259 28
14 18
170 2
78 29
384 9
324 2
272 5
377 32
18 12
66 10
500 8
192 12
94 9
277 28
425 29
465 3
469 18
160 14
127 17
218 27
133 18
24 1
94 24
340 19
315 5
437 15
429 12
46 6
77 18
53 5
335 25
35 7
347 26
144 29
282 30
39 2
459 18
170 4
166 2
366 12
266 18
146 18
282 20
420 18
217 24
210 19
193 28
409 27
289 13
67 30
470 14
187 24
371 1
183 8
70 16
220 7
54 13
381 31
260 16
44 5
327 5
231 23
348 16
261 20
396 8
409 5
137 15
144 19
155 22
247 16
225 14
59 6
182 15
464 26
442 19
270 4
463 20
491 22
343 11
1 30
430 25
102 6
208 29
425 22
422 19
86 23
136 28
276 25
434 32
258 7
302 15
346 9
231 4
278 5
439 7
163 32
391 4
286 6
213 30
460 18
232 1
132 15
40 4
183 5
351 25
403 20
23 20
120 9
288 26
178 6
380 16
445 30
455 10
220 19
291 31
153 22
75 12
388 26
395 11
290 17
67 8
101 9
291 32
194 18
321 31
155 24
62 28
322 32
181 25
35 12
71 23
345 21
174 5
110 17
7 11
17 17
442 5
365 12
189 10
162 29
280 20
413 21
267 10
209 20
126 7
271 24
485 31
44 30
51 25
78 17
255 15
333 20
63 26
131 23
107 28
112 11
460 8
227 30
109 19
377 18
233 15
485 21
114 20
375 16
384 32
425 14
398 1
37 1
306 31
415 29
311 10
299 10
401 5
199 1
164 24
298 16
74 26
465 19
161 23
203 24
494 3
385 4
235 5
56 29
440 26
453 30
348 31
223 20
479 13
313 26
348 6
242 10
244 14
460 12
396 30
152 25
492 8
484 3
161 31
119 16
361 23
405 28
25 19
307 23
251 3
349 3
81 26
372 8
147 7
431 10
49 22
486 4
174 30
470 10
360 4
137 20
362 5
427 14
371 30
93 21
56 21
219 8
234 2
311 20
477 2
477 13
175 30
268 20
283 22
33 23
177 21
214 19
413 25
128 15
78 4
404 21
12 26
269 5
268 11
328 4
172 20
472 3
266 31
46 12
180 19
42 13
451 12
99 32
248 30
350 25
298 17
457 25
79 9
406 6
8 21
293 31
389 24
229 26
58 23
53 10
57 7
446 15
202 20
74 21
121 28
273 18
380 25
79 22
10 8
7 21
68 3
399 4
118 20
461 16
254 2
265 18
312 14
20 25
105 14
461 17
221 25
347 20
17 13
262 18
112 4
246 15
271 25
339 32
124 15
415 21
16 7
38 23
92 5
191 20
2 27
125 26
439 7
174 4
99 23
185 6
54 27
240 32
427 6
416 30
81 14
278 4
213 23
127 8
223 9
352 13
172 32
298 22
150 19
269 24
109 14
309 3
236 16
338 26
330 1
63 10
139 8
357 3
358 7
6 24
152 5
156 19
36 10
136 9
480 1
284 5
358 28
251 21
492 8
458 1
397 4
82 23
63 22
237 8
125 2
351 12
303 3
302 10
164 5
375 7
193 18
83 18
454 17
346 25
477 19
469 1
174 2
259 32
43 15
7 19
440 6
146 22
68 27
432 19
236 18
77 4
167 4
330 16
344 27
268 12
330 32
44 3
341 2
443 24
500 9
402 32
158 8
181 21
346 20
307 1
269 32
213 8
395 26
259 22
420 31
262 1
466 13
456 31
311 6
42 30
198 31
249 28
194 18
284 8
245 23
324 10
178 12
153 24
429 7
161 25
141 14
449 3
431 28
117 9
5 22
402 15
304 3
262 26
284 25
389 24
339 8
393 4
100 17
439 24
308 8
376 28
225 9
406 15
432 30
247 5
31 29
491 7
151 28
184 18
500 32
313 3
487 10
58 26
454 1
114 17
300 1
209 28
369 10
383 13
488 1
89 26
129 3
204 27
34 31
416 17
162 21
75 5
490 25
86 23
333 15
204 32
392 20
359 24
229 5
412 4
74 20
86 2
282 29
185 19
232 8
52 25
384 22
393 25
462 27
316 6
381 23
277 24
134 32
384 6
80 19
430 9
499 7
59 28
359 7
299 30
46 18
335 10
31 19
6 21
409 17
286 22
43 31
413 16
402 28
390 1
443 31
486 21
37 20
424 7
138 30
337 7
127 27
168 22
101 18
150 26
346 3
299 9
201 27
416 30
359 13
435 5
327 8
445 15
315 8
462 20
146 26
338 20
320 10
429 32
31 18
281 28
217 7
116 21
142 28
223 24
40 17
4 19
280 20
285 18
371 22
397 32
247 30
288 2
443 28
190 1
350 26
201 2
401 32
186 2
51 8
97 3
268 20
161 15
251 21
492 1
395 4
137 25
326 20
59 8
195 28
93 28
69 5
461 21
164 19
66 31
110 14
157 18
261 21
276 7
465 32
484 19
7 8
352 4
247 6
304 9
213 20
337 21
392 1
454 27
147 31
121 13
181 25
486 13
149 29
156 22
232 27
176 31
110 19
274 28
492 13
148 24
176 8
337 23
485 22
474 27
308 10
91 32
75 4
133 15
41 32
188 28
278 12
214 27
94 28
446 22
268 25
141 8
281 25
362 9
266 15
99 2
133 10
265 27
117 13
281 13
36 13
133 5
36 2
255 21
389 20
66 5
497 23
452 13
183 9
245 29
204 23
374 16
384 30
246 13
387 18
213 22
198 1
291 21
395 25
214 31
449 19
291 25
337 14
73 24
111 25
320 14
363 17
353 15
34 6
451 24
475 19
46 21
8 8
257 22
84 18
36 12
101 23
328 13
272 8
308 26
420 23
195 15
171 3
381 21
496 23
476 31
493 25
347 28
412 27
457 32
277 5
231 17
171 15
17 30
162 1
324 22
303 30
68 30
269 32
382 8
130 29
438 30
82 24
178 21
91 10
192 31
478 31
447 8
333 11
442 2
139 29
279 2
338 26
267 26
145 16
222 14
356 7
452 1
147 5
134 17
114 9
455 28
99 29
91 19
215 8
129 18
500 11
147 30
105 17
295 29
264 24
227 11
379 22
260 29
158 1
113 7
69 27
214 16
319 5
302 29
40 22
238 16
337 32
229 5
148 3
393 15
391 11
382 25
500 5
293 25
385 1
132 13
323 1
176 17
1 30
25 17
407 27
432 19
146 12
387 10
182 24
408 8
102 17
192 2
281 20
314 25
92 25
174 14
142 1
406 30
326 11
386 17
45 13
327 30
328 26
187 6
197 31
285 18
235 13
455 4
164 13
384 20
213 1
21 30
258 31
200 31
209 9
167 13
106 18
294 13
411 17
146 27
279 31
108 29
259 31
232 10
183 28
29 15
376 30
453 29
476 8
68 4
440 10
140 5
431 25
330 5
117 3
151 23
109 11
464 11
25 19
493 19
14 17
305 10
70 13
226 9
112 1
284 4
379 27
448 5
208 25
354 28
104 8
423 28
466 6
283 26
432 27
48 6
147 13
39 25
313 20
317 13
261 13
328 31
23 23
151 26
52 12
258 11
360 8
70 5
417 12
167 4
478 10
497 17
270 23
45 15
3 9
359 31
461 10
253 28
460 31
417 15
259 10
221 30
205 31
294 29
494 32
321 16
378 9
300 31
408 8
433 10
204 7
376 5
328 4
352 16
234 20
354 12
294 23
461 14
217 11
119 30
418 11
385 19
459 12
498 18
379 30
479 3
73 2
451 20
333 6
243 7
273 1
58 22
23 27
64 11
329 14
152 14
324 21
245 10
424 18
352 19
23 22
441 19
36 27
51 28
396 9
434 24
241 20
86 31
214 17
353 18
34 17
139 21
245 31
342 4
328 25
26 31
227 10
149 6
208 23
129 3
344 3
123 8
406 8
199 3
208 15
364 21
259 18
449 3
89 6
375 32
335 28
470 13
366 15
322 9
169 18
28 4
364 6
300 9
357 18
91 4
400 30
156 31
308 32
365 32
245 7
15 3
491 29
491 8
455 32
132 15
466 27
339 5
160 30
302 12
487 24
283 14
50 6
248 5
393 13
456 10
55 2
216 21
306 27
456 8
74 12
87 11
450 9
220 6
266 29
329 20
116 32
341 9
401 13
225 10
405 16
283 11
354 30
208 15
408 27
271 18
102 13
372 12
485 11
365 26
315 1
353 27
8 13
299 5
485 16
54 17
407 32
52 16
37 27
271 21
125 21
278 27
249 1
482 21
92 22
334 18
390 26
392 22
434 15
158 31
418 7
11 28
250 10
436 2
24 10
82 25
98 27
227 30
360 24
282 7
405 31
412 2
4 4
191 29
346 16
59 15
262 10
290 27
483 21
1 23
134 18
7 27
293 1
280 8
292 9
306 4
27 5
341 30
372 28
171 25
83 21
331 1
150 17
59 17
49 23
343 3
493 21
265 21
285 21
140 12
457 9
475 4
13 19
217 21
198 27
453 25
320 20
181 13
256 19
453 8
150 3
338 18
347 7
130 11
499 1
410 23
417 4
494 21
199 27
17 4
301 22
232 4
105 20
89 12
151 13
367 16
40 29
497 6
11 6
369 29
98 6
167 14
162 13
294 32
223 11
459 27
132 31
495 8
102 15
299 24
327 5
107 10
73 7
104 3
432 32
443 17
249 18
42 14
122 32
473 4
498 16
70 9
326 28
216 31
350 2
235 5
30 29
394 7
148 29
185 15
320 8
108 1
441 29
182 22
336 27
109 5
142 22
313 23
446 28
97 27
393 11
175 3
376 13
377 11
269 17
453 5
40 24
361 16
413 18
393 16
400 29
285 21
383 1
359 4
477 32
178 25
490 29
291 17
125 3
91 17
80 20
185 11
307 25
303 31
439 31
319 22
400 3
231 14
199 21
313 31
248 14
396 30
194 18
306 18
205 9
415 8
144 23
106 6
496 12
21 26
455 19
123 6
293 25
487 23
294 3
370 1
140 13
482 26
302 12
3 18
388 13
493 15
368 11
184 19
210 24
148 32
394 26
369 30
475 23
29 32
5 10
160 9
162 30
330 19
133 12
25 28
453 29
254 28
319 29
386 29
493 25
44 30
6 1
424 4
267 16
99 16
349 3
268 14
104 25
28 8
280 4
107 28
421 12
403 7
500 4
471 28
24 31
230 14
279 21
361 21
456 20
20 28
70 27
17 21
235 8
260 23
448 30
98 12
77 9
162 16
492 21
420 8
499 5
397 17
5 5
173 28
68 9
467 13
331 31
161 22
230 28
80 17
137 29
248 1
29 14
493 17
394 28
388 20
116 12
20 24
40 8
431 8
88 9
96 19
83 21
484 12
28 19
341 9
443 24
81 20
201 25
344 6
336 27
41 19
366 28
422 21
456 28
216 19
452 16
313 10
272 12
198 19
414 18
167 13
181 4
32 14
172 3
179 16
309 12
162 2
483 12
282 10
139 18
185 11
13 1
180 4
497 9
286 10
118 17
470 3
52 21
384 15
227 2
434 19
485 32
60 20
383 10
257 17
43 25
167 27
290 15
42 6
75 19
399 17
131 5
343 22
369 2
109 16
139 2
482 16
341 22
91 11
87 31
448 25
288 22
387 17
312 16
66 27
458 4
79 5
184 29
474 1
498 30
500 32
180 17
111 32
374 17
447 4
400 6
440 7
211 14
467 31
457 12
409 31
347 3
355 23
111 28
435 28
466 6
447 25
266 10
368 28
462 2
451 9
411 27
251 2
68 5
496 5
452 24
291 31
242 5
33 24
176 11
163 25
104 13
489 5
18 9
212 16
226 31
192 17
405 7
462 32
363 17
348 27
360 6
169 1
282 13
156 10
371 10
154 6
278 19
398 12
203 10
479 4
124 18
268 32
316 5
351 3
185 3
49 28
336 21
348 18
269 19
279 23
172 28
168 18
278 5
449 8
26 23
112 21
96 31
28 32
108 19
294 24
77 30
188 28
58 15
233 18
390 7
20 29
147 3
362 16
103 10
108 21
236 3
129 8
449 29
299 4
387 8
200 3
433 15
78 22
125 11
371 30
25 14
279 19
428 8
447 22
154 26
362 17
124 19
276 28
351 30
480 29
165 27
403 9
121 28
142 5
494 4
463 23
253 29
41 32
84 11
266 21
244 31
478 31
469 29
143 31
327 26
259 31
356 25
292 28
197 5
424 26
149 2
412 25
330 25
285 2
143 14
2 7
380 27
309 29
84 31
371 18
276 22
104 11
494 23
310 2
32 6
232 4
323 11
432 5
447 20
270 6
321 27
180 13
102 16
401 13
143 3
298 6
400 13
253 6
500 22
83 31
499 2
414 2
309 29
178 15
117 11
48 17
69 31
137 26
419 5
410 29
308 3
182 31
312 18
304 19
200 11
45 2
404 18
223 24
6 8
319 30
50 26
59 23
297 11
492 7
84 22
127 23
460 4
153 7
446 25
433 29
195 9
46 14
138 1
162 8
372 12
117 26
49 19
392 29
426 31
411 13
136 5
103 12
49 23
70 30
211 11
490 17
183 23
207 13
155 4
168 31
51 24
300 19
163 7
296 8
425 18
448 25
95 22
212 31
8 21
488 27
283 21
327 18
363 9
490 2
252 17
248 26
292 23
105 18
89 28
245 1
457 12
277 3
445 28
397 13
269 28
375 15
64 17
72 27
438 29
148 5
69 27
195 21
441 11
18 13
50 31
393 18
158 6
261 11
361 21
259 17
393 29
236 32
37 31
234 6
220 21
367 8
127 9
352 31
211 2
299 24
484 24
117 9
65 29
447 29
34 9
258 2
41 13
85 18
151 27
255 6
403 1
10 30
181 9
300 27
434 7
2 9
494 27
262 26
495 4
334 8
117 3
9 17
287 10
438 26
264 25
11 18
165 12
399 2
85 11
440 30
1 14
287 14
412 24
51 30
107 28
490 7
31 14
84 13
443 25
458 26
417 5
76 10
340 26
131 4
376 6
294 20
215 8
369 26
479 7
236 25
359 29
12 1
222 23
409 1
319 19
74 32
187 5
21 6
327 19
302 2
276 11
282 11
378 22
468 16
125 27
144 31
427 7
75 1
453 11
17 12
349 26
63 19
443 19
413 29
437 2
26 28
364 19
54 29
309 10
448 5
76 19
267 27
450 1
207 22
323 27
377 8
16 11
410 18
373 18
282 1
239 12
225 30
114 2
194 6
151 5
206 15
84 12
433 17
164 3
286 23
213 7
214 16
101 23
390 14
149 15
134 27
478 10
341 24
488 18
217 22
175 7
68 14
98 12
142 30
490 3
304 10
89 17
134 26
491 27
15 15
45 20
378 3
358 2
318 9
103 22
334 9
308 2
238 14
253 19
371 27
158 30
148 30
42 29
139 20
155 29
23 32
5 12
426 14
321 27
58 31
480 19
52 12
496 29
397 1
20 3
195 5
292 30
478 13
475 25
68 17
473 2
180 5
193 17
190 25
403 7
288 27
490 31
374 13
479 30
85 10
240 7
230 31
473 16
67 31
28 10
427 28
76 31
329 24
267 18
133 26
265 8
404 18

