256
451 31
302 29
481 8
258 1
229 1
68 4
275 20
43 7
204 30
25 24
118 19
376 27
455 25
1 18
95 27
480 13
253 1
361 1
109 18
393 25
174 12
32 25
451 2
171 19
487 27
358 12
198 17
98 8
433 2
465 4
52 9
276 20
429 25
388 17
458 20
225 28
91 4
432 30
33 18
48 4
1 25
179 26
489 21
201 17
78 25
152 18
165 4
285 10
416 25
482 5
156 3
356 11
166 19
140 11
445 23
422 17
443 28
494 23
228 10
407 6
62 27
139 3
190 27
172 25
299 5
181 31
211 29
53 13
379 16
427 19
82 4
267 20
299 12
10 15
305 16
36 23
178 10
445 7
448 4
323 23
120 28
201 15
244 29
59 6
500 17
297 17
184 27
308 18
27 13
8 27
436 19
401 6
68 9
332 32
312 11
262 20
362 10
114 29
418 28
78 17
8 26
201 31
141 4
172 27
28 16
349 11
426 6
76 30
446 28
9 26
266 18
393 11
83 14
83 32
381 8
472 20
238 16
78 22
31 1
396 2
132 4
372 18
197 28
403 23
59 11
456 28
32 28
302 22
57 12
317 17
247 4
176 20
311 21
213 5
205 24
102 5
56 17
98 4
476 4
246 2
410 9
209 9
400 2
406 12
245 18
96 32
213 31
327 7
227 28
419 8
351 16
324 14
196 1
10 12
272 11
409 17
160 10
473 23
479 22
219 24
155 30
419 27
437 9
93 15
488 11
150 23
234 1
244 25
245 21
304 4
360 17
196 19
182 12
429 4
101 11
439 7
313 17
325 5
306 1
115 29
131 9
131 4
89 23
145 10
479 32
349 10
364 1
208 9
416 5
409 13
487 7
123 23
56 20
399 17
216 14
5 31
130 32
62 30
362 30
51 32
358 20
30 13
296 5
118 31
77 2
431 24
224 30
214 31
353 9
343 4
330 28
118 11
483 4
28 16
237 15
35 30
182 24
19 21
5 32
243 5
13 30
496 8
79 10
219 11
174 21
202 7
260 16
313 10
351 24
437 19
474 8
385 7
387 27
187 27
390 14
324 26
103 27
341 5
380 7
315 21
324 28
407 11
187 11
325 29
115 13
476 8
436 32
447 19
114 9
65 19
62 12
108 32
59 12
48 10
211 18
343 14
230 25
116 24
172 12
453 6
405 4
77 12
491 27
366 28
156 11
310 25
170 25
85 28
68 28
18 22
346 4
163 27
312 27
342 31
422 6
472 30
73 17
370 11
423 7
18 14
17 19
499 7
447 31
118 15
270 7
496 7
198 7
393 6
289 19
196 6
380 8
240 1
68 13
219 2
47 17
272 4
267 22
102 14
56 11
432 13
206 31
292 27
437 20
116 5
418 4
139 30
35 14
454 2
190 8
295 12
260 18
151 27
335 24
444 26
175 3
67 20
153 26
486 6
41 14
166 19
469 20
460 27
33 13
456 26
436 30
162 12
316 20
426 22
268 13
244 14
95 22
173 15
19 14
188 27
315 30
73 11
361 28
137 18
296 32
319 28
194 16
131 13
496 12
214 15
276 17
56 6
118 28
320 20
237 8
399 4
65 27
186 21
355 19
22 30
266 17
85 15
24 31
171 3
474 29
133 1
193 12
322 19
267 26
150 16
353 20
407 5
223 32
45 5
266 31
282 4
111 27
194 14
285 13
5 3
453 1
359 21
177 9
11 19
26 13
298 2
412 20
498 14
500 30
414 5
460 20
500 10
266 26
56 6
114 8
160 14
400 11
266 20
51 9
371 20
289 8
305 20
76 26
38 15
47 19
43 19
350 27
280 19
292 19
17 25
98 32
26 2
46 7
277 28
419 27
23 3
371 3
111 30
332 24
224 19
154 30
237 16
12 32
322 11
55 26
59 12
366 8
353 3
227 2
211 29
332 13
56 30
264 22
499 11
17 6
177 22
340 1
25 27
133 7
6 19
36 8
190 25
352 11
16 30
376 26
426 7
310 25
261 21
498 31
372 26
185 28
36 8
165 20
226 29
258 7
187 26
147 12
46 30
270 13
427 1
286 20
56 12
333 12
20 26
278 31
48 14
495 3
337 23
494 23
159 16
145 1
397 11
220 26
140 2
355 2
190 12
418 9
439 2
412 23
283 30
53 14
355 15
264 32
57 6
458 23
361 18
411 29
245 3
402 4
324 28
450 5
248 27
110 30
468 1
348 22
414 9
432 9
299 19
164 28
156 29
274 12
222 9
476 10
167 30
350 14
485 19
206 32
369 31
270 8
40 17
437 29
369 32
425 16
267 12
227 10
60 28
142 22
388 29
99 14
494 12
247 19
450 13
62 10
471 15
5 10
152 14
167 24
365 11
391 31
31 17
257 30
173 30
223 16
366 18
114 20
325 24
190 27
16 23
296 15
286 21
200 5
446 30
160 14
309 3
145 31
371 21
132 31
2 15
103 11
232 12
78 28
131 3
182 7
222 26
485 31
482 12
295 15
402 30
440 18
356 8
252 19
40 11
121 13
441 31
260 24
494 21
80 13
456 9
123 17
442 7
35 15
142 17
201 27
134 25
104 14
428 27
420 28
442 16
360 30
319 31
406 24
456 9
288 11
97 22
439 19
368 9
313 14
153 30
256 6
358 20
479 21
418 18
104 19
494 24
93 16
434 6
475 9
186 11
3 30
24 13
172 28
265 17
253 13
350 16
407 3
219 5
343 17
487 7
199 24
114 19
495 19
492 13
288 5
83 14
311 23
435 18
350 15
170 26
320 15
313 14
429 12
314 8
372 8
70 30
483 11
213 5
81 8
298 24
85 8
362 15
338 32
432 15
346 2
492 9
324 17
242 1
188 8
376 23
207 21
480 14
331 4
18 27
452 3
483 24
195 24
134 8
491 5
423 4
18 30
1 22
70 2
446 9
297 29
19 24
117 19
397 15
246 22
61 1
229 27
84 3
238 29
158 8
486 32
64 7
346 24
196 11
157 17
376 2
165 18
13 29
96 29
431 26
322 20
390 10
386 18
28 32
394 22
203 15
469 18
234 18
33 17
81 2
274 16
347 14
201 27
71 5
119 21
342 8
196 23
46 22
408 29
57 22
110 27
32 7
377 25
244 21
398 20
450 11
483 24
460 4
6 2
184 8
87 5
268 30
107 1
363 3
237 7
168 15
382 27
129 14
316 12
18 29
252 24
235 2
115 30
121 1
280 12
300 22
32 23
147 11
231 6
357 20
132 4
166 13
426 22
122 17
369 28
305 32
459 19
206 1
289 6
249 16
334 9
285 1
467 23
207 22
144 23
17 8
290 10
492 24
31 14
308 31
457 21
223 27
207 32
191 23
457 28
414 22
192 10
7 2
481 1
59 28
480 31
251 17
312 23
484 6
208 16
93 12
108 3
430 10
446 32
309 6
115 6
44 30
272 18
168 16
466 22
227 9
357 14
214 28
72 1
362 7
340 6
294 19
472 23
261 9
46 29
170 17
494 9
170 17
114 13
220 12
119 11
24 23
276 13
494 27
286 19
477 29
364 18
424 31
196 12
103 29
456 21
105 9
337 27
418 23
315 25
30 9
435 21
259 26
494 17
260 15
311 20
255 27
357 26
361 12
65 32
497 12
88 21
321 16
227 14
226 22
78 7
178 9
364 29
426 29
393 22
487 15
273 21
229 14
123 2
385 19
257 1
59 20
334 19
471 4
320 9
157 5
155 23
113 10
123 15
374 31
428 16
217 12
305 22
181 19
239 18
317 23
298 3
42 7
105 12
247 20
412 3
25 3
237 5
436 11
379 18
373 22
373 22
6 5
91 26
307 1
455 28
27 29
350 32
87 19
135 13
434 31
88 30
465 8
447 12
35 21
61 27
131 30
52 12
314 26
377 25
322 16
448 16
436 17
119 14
455 26
59 9
152 10
198 24
321 8
15 3
321 32
466 7
213 13
142 30
11 22
498 32
201 9
384 16
446 30
214 28
107 24
492 14
269 10
225 17
185 8
148 13
19 17
159 3
333 4
256 3
170 22
379 30
402 18
358 23
115 11
99 6
194 22
331 2
279 24
254 16
499 5
320 5
69 15
247 18
130 6
96 11
459 22
21 25
87 22
59 22
152 1
275 1
247 13
10 21
364 19
192 2
368 32
378 12
194 12
337 31
330 17
474 12
110 18
352 13
75 19
398 6
67 28
274 9
480 7
42 12
397 1
205 16
96 19
200 13
58 24
464 15
172 21
379 14
134 30
330 12
492 27
137 3
454 22
75 29
44 8
276 20
349 21
204 8
415 31
233 4
290 32
63 30
484 13
447 25
374 4
380 26
58 20
128 19
277 6
443 4
318 23
111 22
51 26
461 17
420 17
140 14
92 6
375 3
198 21
395 28
300 30
141 21
141 16
367 25
173 21
440 2
379 19
359 21
420 20
97 4
68 25
401 20
494 27
86 16
95 17
115 6
106 31
102 31
78 32
219 2
128 19
92 31
413 26
491 16
473 24
23 17
28 3
200 13
197 25
64 11
469 6
388 23
488 9
377 17
308 11
315 28
105 22
498 1
59 12
53 28
279 3
424 18
350 15
31 2
111 26
41 16
328 28
210 3
121 26
232 12
32 6
419 1
155 32
357 9
108 17
96 14
188 15
396 25
493 30
434 4
75 6
387 22
106 24
69 6
385 12
357 20
49 24
256 11
43 21
267 2
225 23
240 24
233 15
448 2
264 10
33 2
59 23
92 16
218 16
241 30
311 6
369 11
373 5
413 19
441 7
269 29
245 4
77 2
346 4
407 29
109 7
150 28
61 21
331 10
252 32
231 30
21 23
124 1
427 28
11 19
271 7
32 31
490 4
196 27
335 2
295 20
244 21
111 4
37 25
433 13
216 19
54 28
114 18
332 4
269 15
259 15
325 6
258 31
101 13
149 15
259 16
82 22
240 16
10 12
337 6
268 32
309 2
492 2
203 23
165 31
165 27
214 26
416 27
156 8
275 16
155 21
451 24
91 2
280 4
318 16
245 5
371 1
110 10
326 24
37 7
487 5
265 4
394 1
22 21
400 4
205 30
385 3
494 3
197 29
426 18
92 14
302 26
75 28
28 16
75 4
242 9
116 23
112 6
391 9
58 30
133 30
48 5
121 17
491 5
165 12
34 24
289 11
421 7
98 20
467 25
11 12
85 31
418 13
136 24
181 29
302 1
11 17
181 27
241 11
299 13
290 20
12 15
370 20
497 4
232 11
492 30
375 28
368 24
124 31
156 29
252 5
321 22
9 2
244 21
24 14
357 2
429 4
448 30
151 4
117 30
111 28
476 5
36 23
480 31
402 11
315 17
443 24
266 3
489 21
403 4
106 23
29 2
478 20
35 17
272 32
214 6
111 9
218 18
384 5
157 21
184 11
289 30
310 10
281 26
118 23
162 31
442 2
460 7
18 30
251 13
497 5
22 24
153 27
105 12
139 25
24 14
288 4
152 5
69 12
247 10
466 28
260 15
449 7
30 18
65 12
106 1
244 15
20 29
421 1
136 8
89 8
233 28
323 32
325 24
167 31
429 13
330 9
243 22
111 16
96 19
52 5
236 11
384 11
395 28
231 15
363 4
42 24
399 32
331 31
459 2
497 24
482 22
280 8
456 14
348 19
417 19
455 20
45 10
258 4
142 9
322 8
12 7
451 10
430 22
337 29
483 5
332 4
363 19
39 6
352 2
220 32
136 14
271 17
364 17
324 29
221 5
212 4
211 3
345 16
148 21
84 14
366 31
93 20
377 27
397 17
221 16
200 16
493 3
92 20
203 19
64 11
411 20
154 1
290 26
465 13
31 28
418 8
463 10
327 11
344 19
271 32
42 11
476 30
293 15
446 31
482 1
417 24
488 22
217 9
271 9
417 29
228 14
400 30
195 30
233 27
152 3
158 17
473 9
283 25
52 32
463 25
88 31
128 20
152 8
204 3
24 17
75 20
306 3
145 21
52 25
243 16
232 8
100 8
385 14
173 8
109 23
320 13
366 15
476 9
143 27
291 6
3 10
121 9
192 10
161 11
346 11
150 29
6 26
133 2
131 5
325 20
291 8
492 16
295 31
377 13
145 3
454 4
236 11
308 23
44 8
374 21
74 27
466 3
124 22
321 27
106 13
50 20
493 13
256 11
7 28
75 3
150 8
2 10
454 17
164 5
480 1
238 9
412 11
336 15
4 16
493 25
4 22
356 16
82 15
486 12
94 16
91 8
440 20
481 9
253 16
242 28
385 7
489 12
33 16
34 16
331 3
144 26
420 19
34 26
462 3
293 11
431 19
150 10
179 2
114 11
478 31
366 2
185 10
361 21
29 6
104 23
124 11
397 32
98 26
249 31
152 29
465 14
276 27
155 22
96 9
236 13
327 5
138 12
307 26
80 7
244 4
398 7
282 14
114 11
427 30
141 2
403 18
216 10
72 6
483 7
342 30
444 21
170 1
180 16
431 31
15 26
294 20
244 16
57 6
306 7
71 3
264 29
404 23
354 31
201 4
345 10
257 24
210 3
221 29
106 19
352 8
380 29
383 11
220 27
332 6
125 19
324 9
227 27
71 21
405 27
268 29
165 25
241 2
155 13
319 12
315 26
232 10
314 14
168 2
405 4
263 9
254 14
121 4
16 16
264 32
314 16
372 14
260 16
56 2
424 14
25 26
43 32
283 28
222 23
93 22
154 3
358 15
144 15
90 23
22 10
134 7
89 18
165 32
321 4
261 29
445 13
186 23
393 25
194 26
123 15
443 8
345 12
386 1
482 7
203 23
32 13
42 8
194 18
467 30
277 7
110 5
216 16
59 32
116 12
425 22
242 7
217 11
18 18
131 12
280 1
206 8
169 31
431 10
304 22
228 4
328 1
152 15
484 2
354 23
166 6
392 7
144 8
49 30
413 27
365 17
12 10
356 8
317 6
246 24
387 25
52 23
161 3
461 9
117 19
299 18
92 11
244 4
150 9
101 11
323 9
107 30
34 18
218 26
99 23
470 18
287 13
404 7
427 12
295 19
30 14
28 22
136 28
61 9
64 25
347 6
125 13
72 18
266 9
360 21
103 29
54 13
405 13
39 23
24 2
226 22
131 13
27 6
376 3
402 11
247 1
29 27
405 20
232 11
92 23
91 26
475 4
286 27
304 24
62 7
361 27
232 7
391 6
460 15
344 26
409 2
314 9
16 6
240 8
92 23
42 14
228 17
177 21
247 32
41 28
159 5
446 2
96 29
500 23
307 15
120 3
137 9
356 12
3 7
251 30
278 17
276 13
13 28
370 11
136 14
271 2
14 28
387 29
256 10
368 2
433 3
333 9
420 16
72 26
134 7
367 19
319 2
120 23
298 1
145 25
102 7
282 31
483 28
76 26
258 15
356 30
281 32
258 28
375 25
473 4
355 12
123 21
185 22
207 10
434 12
118 3
118 27
1 20
271 28
42 28
370 9
69 27
436 30
202 22
358 11
21 21
366 15
89 2
236 20
236 25
351 13
55 16
456 28
272 30
483 17
457 1
413 17
355 32
54 16
361 3
82 13
327 15
228 32
201 31
267 28
336 17
492 18
288 15
297 3
376 4
75 4
336 11
60 30
38 1
245 30
228 7
335 26
477 6
173 5
376 11
464 27
407 8
305 27
254 25
105 2
84 16
165 31
370 25
108 4
189 9
361 28
383 11
322 3
256 14
240 20
285 7
398 19
362 26
237 4
155 10
97 14
225 9
9 18
337 8
205 26
24 22
441 30
260 10
469 16
108 8
203 16
262 16
434 28
302 15
91 28
216 3
397 16
151 21
385 12
225 22
365 12
155 25
6 10
271 10
133 26
181 27
121 30
435 10
269 20
280 23
395 15
249 23
286 4
400 31
239 8
112 19
75 30
259 28
31 13
405 32
258 21
350 14
231 4
488 11
223 15
210 5
114 26
112 27
209 7
421 11
338 12
401 32
149 8
344 16
40 32
195 26
37 8
231 7
32 30
469 2
189 18
223 10
488 2
404 8
196 29
495 21
60 15
296 17
406 15
240 10
239 14
299 3
181 9
245 32
451 25
318 19
243 8
292 22
225 31
277 16
223 15
156 3
18 23
343 19
294 18
72 20
219 30
10 19
251 30
315 13
170 20
191 32
375 26
345 3
380 18
222 19
96 21
237 29
179 7
388 16
364 11
355 22
181 24
36 15
321 26
483 11
185 25
402 7
6 31
9 9
72 26
191 15
106 15
132 25
209 27
460 12
181 11
209 13
30 9
143 23
298 21
341 15
1 10
393 30
44 30
95 23
131 1
134 5
416 17
77 4
487 4
252 15
202 16
232 16
56 22
434 26
203 6
188 23
71 28
61 23
481 27
81 16
143 18
52 10
330 16
386 12
15 29
187 1
448 22
300 4
143 21
209 21
210 4
400 8
327 32
98 24
318 11
123 20
392 26
222 30
153 11
241 27
95 3
235 18
344 10
249 3
118 17
183 23
56 2
311 19
393 28
42 26
438 16
22 2
189 11
255 17
201 7
211 27
422 6
40 1
331 1
103 13
449 26
479 5
219 1
239 28
401 32
321 2
147 2
19 23
436 1
379 32
268 17
282 17
386 6
157 5
462 20
17 22
249 19
266 7
488 16
430 16
487 23
77 29
296 20
319 4
220 25
219 27
490 29
231 31
322 28
443 7
351 19
44 27
306 22
269 25
165 3
32 20
301 24
136 16
55 3
179 31
207 22
465 4
250 4
423 19
435 5
57 13
324 20
87 29
261 7
273 14
53 28
281 1
115 16
153 30
74 3
296 13
432 20
476 9
159 18
455 21
115 19
81 14
315 7
270 15
22 30
204 22
49 28
131 11
252 7
184 29
317 3
457 1
443 25
133 13
34 4
46 32
450 2
437 28
145 22
191 22
451 6
443 11
378 1
14 13
411 29
305 16
380 18
180 22
46 24
126 19
399 3
79 17
1 31
464 13
73 22
14 7
400 12
226 29
233 7
109 19
287 17
222 2
378 17
191 11
213 25
354 3
191 16
163 31
150 31
39 2
132 12
449 15
8 26
11 4
412 19
234 2
384 24
420 5
356 26
36 16
130 13
383 13
376 5
215 9
23 22
99 23
305 19
37 24
220 16
255 11
18 17
384 5
444 15
366 15
265 25
423 26
345 17
418 32
53 17
244 24
238 18
434 6
240 18
206 15
221 24
293 3
300 5
343 15
331 16
246 27
312 28

