256
425 15
432 6
188 23
383 1
225 14
429 3
352 22
488 21
9 4
445 5
195 4
436 15
54 30
466 7
304 7
18 32
297 30
66 20
56 32
12 12
138 9
222 5
34 13
93 26
40 13
138 31
361 30
73 26
23 30
316 30
45 26
53 25
487 2
381 10
270 32
173 15
184 2
99 6
307 11
463 30
283 29
432 7
378 9
408 20
394 32
77 10
261 13
335 15
451 15
492 16
106 12
330 22
113 16
359 27
174 25
117 16
477 20
99 14
256 22
105 2
433 17
291 13
14 13
495 12
191 18
387 9
205 24
438 10
199 24
88 32
172 28
327 5
456 5
354 11
487 19
212 15
343 23
316 32
331 22
23 30
352 5
170 4
476 3
225 2
458 17
397 9
72 16
129 27
352 31
442 14
293 17
109 19
211 24
343 10
437 29
63 20
274 12
48 29
42 4
127 7
140 31
331 32
98 28
442 2
442 31
139 10
240 11
220 22
22 14
491 15
279 5
450 12
340 25
356 29
325 6
83 16
357 18
27 18
225 9
107 6
55 2
103 22
492 10
96 14
88 10
176 2
343 29
269 30
326 20
267 18
458 29
465 30
114 16
471 26
16 2
355 30
323 13
364 14
483 31
179 14
396 22
435 22
183 27
124 8
178 14
9 7
442 25
152 24
20 19
245 31
52 16
105 22
260 16
39 18
130 30
311 21
275 13
319 5
151 30
316 21
183 4
167 20
1 31
31 4
293 28
407 4
79 31
217 6
182 27
432 27
28 22
39 11
191 25
111 9
150 27
373 32
102 24
308 26
210 30
326 6
317 32
345 3
94 1
437 11
19 32
437 19
165 19
201 23
332 11
400 1
89 28
17 3
311 20
496 8
365 25
21 10
404 21
132 21
129 20
123 16
491 3
398 8
386 30
362 1
260 29
401 13
33 1
243 11
444 10
215 5
263 31
194 26
304 25
15 8
97 13
283 31
400 24
242 5
277 4
205 29
216 5
89 24
226 23
295 25
420 21
329 2
447 10
200 6
199 10
386 15
54 4
381 5
200 19
89 16
430 13
216 21
250 20
245 23
486 15
495 10
251 12
291 21
197 6
151 23
55 8
41 5
407 18
61 6
248 18
286 25
294 1
173 15
157 25
221 30
159 20
103 9
39 18
458 19
235 24
482 6
495 14
250 9
499 18
359 2
163 4
126 1
496 7
351 24
419 20
350 6
139 28
338 5
197 11
115 4
254 32
73 32
322 18
353 12
483 23
418 6
206 7
454 29
45 20
57 12
79 10
245 13
209 30
245 18
229 8
337 10
307 29
82 20
82 18
300 16
496 13
61 1
463 26
253 32
22 17
323 20
66 27
169 31
500 17
32 32
124 4
62 31
128 19
262 13
280 17
124 11
481 17
179 16
254 7
155 23
92 25
227 17
247 11
135 10
11 30
326 19
385 19
417 32
233 2
424 8
443 8
490 15
436 28
70 1
450 12
316 25
52 2
402 22
492 24
396 6
406 9
488 22
311 8
6 31
286 1
110 28
328 23
2 31
118 8
156 19
147 23
312 23
68 21
200 3
452 11
412 1
371 32
499 13
7 12
427 16
284 16
223 20
338 21
430 23
500 17
226 14
111 21
196 30
453 16
88 20
194 8
113 13
103 11
97 13
318 4
105 1
263 7
416 25
255 6
259 22
134 24
252 29
20 7
274 20
46 26
228 16
65 28
8 7
154 20
127 27
183 15
423 10
114 15
250 16
388 16
474 9
492 9
265 19
375 31
335 5
252 14
364 24
105 15
334 14
178 16
432 25
247 2
10 20
396 3
79 3
266 8
156 25
128 16
120 31
162 18
275 5
71 22
432 7
212 25
136 5
77 27
453 7
124 30
34 12
220 28
6 18
16 25
94 19
285 21
497 22
370 19
415 4
112 22
466 11
463 29
268 23
371 12
65 19
386 22
366 9
209 11
294 20
236 4
219 12
304 23
169 30
190 27
465 17
281 11
180 31
235 11
485 30
370 17
100 31
498 13
212 22
39 1
134 26
96 16
145 28
270 6
425 15
248 25
464 16
23 27
474 10
441 2
215 26
358 22
417 23
334 32
413 24
336 22
498 4
249 22
331 10
307 23
181 27
347 24
286 18
138 24
331 22
69 1
91 11
62 7
281 23
338 13
118 6
90 31
105 6
257 7
60 15
393 8
321 11
235 19
312 16
218 22
301 2
38 19
64 11
250 13
197 31
389 15
112 27
281 12
372 1
206 15
304 14
22 24
41 20
82 20
479 19
346 7
289 31
22 32
186 19
48 10
209 5
48 21
119 5
240 30
217 18
273 20
395 2
496 23
402 21
491 24
432 20
11 28
422 24
275 27
154 7
341 26
463 28
34 9
420 14
422 5
71 18
8 29
192 3
104 9
136 30
324 31
281 30
490 2
365 20
161 30
290 1
232 4
444 5
184 28
242 18
352 16
3 23
481 22
66 32
138 17
381 30
471 13
295 8
66 16
427 10
29 21
430 4
320 6
377 4
89 26
313 32
134 23
150 22
361 15
401 10
119 17
311 13
145 2
252 10
117 15
288 29
99 29
405 26
294 9
125 2
250 17
173 11
456 23
200 20
389 20
17 4
232 4
300 32
433 4
86 21
434 29
45 20
441 17
301 27
433 10
468 27
214 29
269 1
463 5
336 23
68 17
62 28
32 10
27 24
117 4
364 30
336 28
433 25
61 29
215 5
10 14
27 32
174 4
244 28
116 20
191 31
284 12
186 23
317 21
130 1
176 25
334 24
104 14
344 32
203 2
9 16
91 3
287 25
182 15
252 13
462 6
332 5
398 5
411 6
81 8
499 17
236 4
472 19
154 23
207 28
224 23
419 6
101 26
430 31
88 18
283 9
475 22
293 8
483 7
438 19
446 20
171 13
323 10
371 8
160 17
183 23
143 14
49 32
159 26
230 14
363 8
146 2
478 2
413 24
344 22
374 21
489 13
469 32
390 31
491 22
120 10
284 22
127 8
209 29
14 18
234 12
154 31
417 23
168 22
294 7
31 23
299 20
415 27
35 25
309 25
206 8
402 25
42 24
25 18
16 2
40 29
117 29
479 26
175 26
215 32
8 25
486 26
468 25
128 30
57 13
83 30
216 24
454 17
364 22
359 3
367 6
480 4
442 26
221 20
308 11
435 19
383 8
177 15
172 32
408 16
92 2
341 32
474 3
268 9
124 18
67 15
227 10
178 24
60 14
135 23
36 29
385 26
341 21
472 4
217 20
92 32
221 32
171 14
78 15
382 26
268 1
44 23
198 25
14 13
470 25
475 29
69 12
274 25
272 30
273 20
477 16
500 5
147 18
243 17
312 8
278 32
276 17
426 18
393 3
434 14
291 1
218 16
120 31
472 11
88 4
83 12
311 18
113 2
455 3
386 3
182 27
346 18
335 23
135 19
61 32
88 20
180 9
415 11
499 10
394 3
482 20
2 32
261 30
453 7
24 18
481 10
352 10
367 22
300 29
412 25
272 7
416 28
359 14
454 22
215 27
296 4
174 5
192 18
467 4
149 2
186 1
47 1
307 5
75 10
117 30
170 29
189 13
44 19
414 29
256 17
344 31
28 5
52 23
451 6
419 15
7 16
79 18
344 25
318 6
195 23
256 4
27 8
301 10
194 10
418 2
46 29
204 14
130 3
348 24
272 30
382 15
221 20
184 29
401 21
334 15
139 5
310 29
88 2
438 6
28 12
435 5
468 6
498 9
393 22
380 16
463 5
146 32
73 29
100 5
34 29
419 28
226 4
41 13
394 30
298 17
185 24
493 17
222 7
101 6
40 25
481 14
241 19
37 21
307 8
489 32
273 11
216 6
191 20
14 20
85 4
356 26
395 24
422 24
42 2
433 25
354 18
435 23
392 19
111 18
311 4
242 31
62 13
432 28
64 21
187 16
108 18
269 19
94 18
470 7
416 7
68 13
168 6
215 27
176 14
460 18
129 29
68 30
157 19
294 8
148 8
72 31
226 32
257 3
234 27
305 5
481 8
269 24
429 20
410 5
13 29
90 17
422 6
34 2
212 7
2 31
11 1
114 8
264 14
258 17
300 18
497 8
490 6
131 6
101 16
22 25
261 32
457 6
325 22
111 28
169 16
395 11
36 24
470 16
229 27
148 13
492 21
12 5
114 19
251 18
34 20
30 14
87 18
327 23
327 26
299 3
253 13
229 25
52 30
292 8
276 7
12 4
287 8
452 20
18 18
317 27
326 14
49 24
331 27
175 6
16 1
356 29
17 21
261 16
134 28
51 10
194 11
381 29
290 20
232 11
34 21
209 11
394 13
122 1
484 16
438 27
472 13
471 28
229 11
259 19
486 2
124 8
76 8
12 29
39 19
23 32
143 11
134 9
340 12
317 31
255 14
25 11
46 16
418 27
282 17
489 32
190 8
447 29
319 10
333 9
52 31
133 3
437 18
435 32
373 19
302 24
4 23
206 25
26 7
27 31
355 31
426 8
182 4
12 20
181 28
61 9
50 5
131 3
458 21
466 19
315 32
458 6
94 11
422 27
341 17
129 8
19 23
91 21
278 19
52 7
150 4
395 8
304 25
38 30
89 11
92 19
122 25
276 31
267 21
37 19
349 18
154 20
220 9
68 1
51 15
307 8
83 21
251 26
77 24
499 25
495 6
271 12
194 2
183 32
95 3
419 27
236 12
162 27
20 21
304 14
52 2
122 22
15 4
371 3
364 6
108 30
163 6
473 9
424 19
316 30
226 26
164 9
362 6
268 25
258 31
155 29
384 28
294 22
351 1
341 26
386 20
423 16
177 32
404 32
254 32
173 7
157 21
144 30
14 19
103 19
185 29
432 16
236 1
170 22
389 30
4 6
161 6
174 9
377 13
141 23
148 5
313 5
1 12
26 18
70 24
137 14
88 20
322 11
292 3
113 21
204 16
158 16
245 15
52 26
408 32
104 7
209 12
415 29
428 13
223 21
420 19
251 24
278 32
182 25
266 2
453 1
261 7
184 6
293 7
127 16
131 14
459 11
201 1
399 16
165 21
125 17
331 7
444 12
150 9
29 7
271 17
235 27
443 22
388 12
4 30
287 2
447 17
176 4
322 19
479 30
47 23
422 14
329 21
189 2
194 29
244 8
402 14
198 4
395 2
431 31
451 10
88 10
166 12
249 11
42 31
325 4
182 22
21 18
167 10
192 8
278 27
27 19
265 16
375 11
161 5
261 16
226 9
361 8
168 5
82 17
187 26
500 24
208 5
434 26
82 29
85 19
263 15
242 31
38 28
38 15
124 18
162 14
202 22
445 13
334 6
429 28
136 17
444 15
301 29
216 2
353 8
444 15
466 25
142 19
4 23
405 20
180 30
181 2
291 21
250 12
2 11
348 25
311 27
479 15
19 14
196 15
197 3
485 10
176 10
17 15
8 29
10 8
191 2
421 13
166 22
457 16
404 32
304 26
446 15
176 16
328 23
186 17
10 26
38 21
500 22
419 3
179 5
398 13
470 18
201 28
44 17
303 7
164 18
13 9
240 8
276 28
59 21
148 24
483 5
456 18
443 14
192 13
154 30
341 24
463 17
259 22
50 29
157 17
370 29
26 14
208 17
381 2
262 20
185 20
64 4
429 18
218 24
330 3
265 22
494 4
63 12
437 8
16 21
28 22
465 17
347 21
354 11
290 7
458 15
62 21
170 30
379 3
313 4
258 10
230 31
9 32
59 5
107 18
94 30
311 10
39 9
82 16
87 20
62 16
402 15
65 19
316 11
458 32
354 27
409 7
21 21
78 3
418 12
5 19
170 27
420 24
324 26
155 22
77 28
454 14
190 10
48 21
16 21
484 1
423 29
156 8
365 13
22 10
269 30
292 2
193 24
349 28
65 31
425 29
218 22
470 3
451 9
263 18
374 10
39 12
194 26
91 23
426 29
340 30
490 28
483 18
195 23
197 3
185 30
251 14
55 8
12 18
440 6
323 13
224 21
461 21
406 11
327 20
15 11
229 1
2 16
38 24
246 31
158 27
412 24
36 14
331 24
323 14
25 2
435 12
210 19
369 4
149 11
299 4
417 7
372 26
90 21
317 28
495 10
118 14
233 29
224 31
404 26
185 17
247 7
380 17
69 28
424 21
499 10
84 27
100 27
185 6
216 5
229 2
475 22
172 15
202 11
474 6
144 26
238 31
332 17
199 24
421 2
320 19
195 4
185 26
62 1
187 13
370 31
191 20
112 30
254 6
108 15
123 11
88 32
345 7
180 23
170 28
164 10
370 2
245 27
356 10
423 26
435 32
309 5
339 12
190 21
437 9
375 27
103 11
122 28
233 10
490 15
105 10
96 19
215 4
29 6
497 7
316 3
447 24
111 25
247 8
433 20
152 16
446 3
122 8
202 10
73 15
312 21
196 15
3 3
98 19
184 31
186 7
81 32
474 8
120 1
195 5
256 31
212 1
453 13
472 30
242 24
344 14
277 4
460 19
6 14
14 13
356 31
40 12
34 17
331 21
437 2
409 4
76 12
97 32
8 12
181 14
168 8
303 16
119 22
222 16
23 7
165 14
285 16
18 2
420 12
175 17
77 15
400 12
407 24
179 18
268 7
163 7
235 25
378 25
431 23
329 17
38 5
183 2
400 24
344 19
251 26
379 16
452 23
479 2
478 6
124 17
368 18
31 26
103 12
307 25
211 27
337 32
479 7
125 18
422 4
48 1
189 7
352 5
57 10
350 10
339 25
131 27
111 17
12 21
421 6
449 31
156 21
434 30
156 30
363 25
378 19
101 30
41 8
58 21
134 8
334 32
84 24
382 10
329 14
462 5
415 10
83 19
195 32
56 26
425 31
278 30
385 11
72 9
182 29
225 3
240 26
491 4
226 28
73 26
321 11
154 28
444 32
158 18
103 29
191 27
187 29
33 11
199 20
199 24
84 15
399 20
185 29
203 26
464 3
463 1
309 16
372 1
55 9
94 13
297 29
387 32
105 31
258 31
374 29
238 2
83 16
485 19
376 11
176 4
461 30
328 26
457 31
226 27
283 11
19 11
455 14
118 31
176 20
417 30
36 19
7 26
290 19
385 14
29 24
61 9
50 20
110 2
142 27
221 24
358 3
206 12
496 12
75 28
403 7
73 14
497 23
407 27
273 19
156 5
203 24
141 32
159 15
461 28
289 29
427 14
272 20
310 15
159 4
290 29
78 2
350 3
144 17
213 32
399 4
216 13
139 17
204 5
459 13
448 7
197 18
245 8
209 14
87 4
141 32
280 26
442 10
292 25
238 24
1 28
75 28
237 21
276 20
9 10
308 24
333 9
33 5
324 14
482 6
109 2
490 16
191 7
369 23
367 18
190 23
94 9
139 22
477 30
473 22
500 9
145 24
137 22
112 32
271 13
74 19
418 11
118 8
197 27
294 15
296 12
134 25
100 24
274 16
389 23
265 28
231 18
423 15
291 14
178 9
330 19
291 7
165 28
59 13
450 12
276 2
187 1
338 10
384 8
214 12
62 30
12 28
443 26
362 21
172 23
145 1
142 23
452 6
47 22
371 8
65 14
445 24
110 3
241 5
98 26
116 7
488 23
302 6
265 11
163 24
53 23
140 10
446 31
56 32
304 2
191 21
275 16
324 28
270 12
228 27
222 15
377 29
174 2
138 22
44 28
77 12
311 4
494 32
159 5
303 22
178 5
182 20
480 21
187 5
273 14
467 6
312 31
54 1
224 3
274 11
195 2
67 17
418 12
464 8
312 14
37 21
110 7
144 6
427 22
42 27
447 9
44 30
55 1
95 7
140 20
249 2
422 7
42 27
78 1
266 1
474 30
81 31
224 28
376 31
405 14
349 19
278 25
461 28
341 15
314 28
478 19
165 23
81 14
441 11
414 18
399 27
8 32
174 19
203 29
233 12
318 10
162 31
326 14
131 26
380 28
498 30
210 18
460 7
72 5
301 13
106 27
76 5
30 1
48 21
149 8
44 7
213 29
413 18
179 31
408 6
191 1
119 8
122 23
42 17
331 30
234 16
393 5
253 18
57 12
358 1
431 5
23 4
106 12
237 12
182 32
193 4
104 20
476 18
242 25
122 4
63 31
359 15
163 7
80 7
114 6
128 5
190 14
244 11
437 28
430 3
476 7
194 27
138 17
156 3
38 14
154 32
132 24
406 15
327 13
217 16
274 28
188 28
198 27
110 2
263 28
456 18
366 10
168 27
318 24
85 3
453 2
306 16
453 15
82 23
400 19
423 13
346 26
488 23
393 14
29 11
341 28
244 10
485 7
412 31
438 32
361 2
437 3
178 25
433 15
372 12
261 22
357 15
255 32
1 3
293 29
153 21
217 8
190 29
11 1
355 12
300 28
42 32
86 31
477 14
329 8
202 14
493 18
196 11
253 32
246 30
429 26
382 21
146 16
197 16
24 12
455 16
471 8
263 4
66 7
425 19
290 10
336 10
387 27
381 12
430 2
389 22
375 26
354 28
193 27
379 25
306 6
244 12
33 22
183 19
97 31
345 10
437 4
20 3
62 8
314 23
229 22
53 3
324 22
475 24
160 9
436 21
390 23
92 27
37 14
21 9
85 17
74 21
396 5
47 17
196 5
151 20
266 19
27 9
461 21
457 24
57 16
437 11
275 12
369 19
154 17
499 6
457 12
462 20
17 16
12 28
72 10
136 14
217 6
278 5
366 22
500 22
330 8
220 12
168 4
118 13
180 24
410 20
39 11
191 19
434 10
267 14
68 30
195 16
415 16
16 28
262 15
405 11
155 17
398 10
64 19
494 8
482 7
435 12
329 2
427 10
31 13
267 30
446 17
85 12
489 32
343 6
467 23
340 5
223 5
146 27
103 3
234 32
245 28
455 25
497 9
334 8
277 25
477 30
117 18
285 9
13 15
354 31
78 29
303 12
133 16
438 23
438 7
170 26
395 1
106 31
61 20
270 30
244 11
59 20
12 4
317 12
174 10
207 23
215 13
403 7
161 8
434 14
67 19
484 17
283 25
203 28
380 21
181 23
423 19
187 26
286 7
161 8
172 15
414 22
80 32
437 24
212 26
41 22
176 12
442 31
317 20
154 16
320 18
23 6
276 17
379 26
63 4
225 6
258 30
324 13
10 24
280 5
481 9
202 28
48 31
318 24
490 19
412 26
156 14
107 8
494 30
197 20
377 1

