256
489 11
403 21
136 28
143 12
247 28
37 21
490 26
156 20
220 1
197 29
447 25
310 2
299 12
468 10
132 4
33 24
78 32
317 2
143 15
49 29
139 26
101 32
95 12
411 18
100 19
62 7
7 27
352 2
283 19
363 22
59 23
385 4
34 25
405 16
216 18
269 18
391 29
333 29
477 3
2 20
53 27
474 31
137 1
68 27
496 10
36 10
29 29
393 22
177 18
90 28
103 18
97 13
430 29
181 22
375 22
334 19
96 3
190 4
336 17
207 23
39 14
88 27
366 12
480 31
481 21
286 31
130 7
427 20
163 19
169 2
140 18
316 23
13 5
171 24
114 25
382 16
470 13
422 16
152 25
82 21
322 7
67 19
249 30
66 16
452 15
449 24
88 4
30 20
121 8
447 30
280 24
89 6
148 22
289 28
410 2
284 27
88 2
238 21
195 19
100 15
37 20
90 1
15 19
224 31
171 31
72 26
202 8
403 26
21 19
1 11
412 4
217 28
337 18
40 4
257 19
30 5
242 23
269 28
89 25
95 3
367 22
413 12
30 27
269 26
358 25
184 1
108 9
472 1
206 11
328 30
353 21
459 2
475 7
202 19
423 24
174 21
165 18
61 10
252 5
96 25
154 7
82 25
31 21
57 9
268 28
402 28
240 8
418 26
439 27
481 13
266 2
354 30
443 2
328 30
298 11
155 3
405 16
64 32
492 20
376 3
356 13
83 31
489 28
365 3
470 5
139 7
202 16
368 24
461 11
189 23
469 11
61 6
282 20
13 30
448 12
236 23
16 30
101 12
169 13
282 14
161 29
224 22
468 24
5 29
490 2
187 23
240 11
36 6
75 32
147 6
287 2
324 2
52 16
158 24
241 27
358 13
63 25
115 3
376 15
459 18
164 17
28 28
95 3
277 25
110 3
42 12
156 25
49 3
493 26
427 5
349 32
337 11
68 19
441 8
422 11
13 17
247 32
192 22
454 12
214 3
242 12
162 18
324 26
456 12
472 14
400 8
221 1
230 5
39 31
288 20
273 4
397 4
191 16
65 4
408 6
410 9
237 19
250 21
336 14
228 31
291 16
126 8
68 24
4 2
230 23
418 30
442 26
373 28
105 25
479 4
271 4
365 15
14 6
419 1
171 3
156 14
126 5
177 1
340 32
150 17
322 23
71 15
84 15
246 25
84 8
52 6
315 8
212 32
382 23
28 32
129 31
365 10
316 1
298 31
72 11
224 21
366 30
155 17
440 12
489 19
327 5
228 29
160 12
172 25
422 28
445 26
234 5
155 29
54 12
56 5
250 11
370 23
276 28
416 19
480 16
90 26
500 29
151 32
108 18
52 9
373 16
430 7
9 4
7 26
35 30
38 5
44 23
251 15
135 2
386 26
126 7
419 5
495 9
136 11
243 28
131 7
387 21
73 31
496 16
456 7
493 22
19 21
400 5
207 30
139 4
499 24
122 10
240 13
190 32
219 12
267 9
251 5
261 31
48 21
402 27
491 27
348 5
283 28
277 17
133 15
137 16
382 30
401 2
374 10
201 32
226 27
145 8
119 5
150 2
365 20
21 19
298 12
363 28
467 32
124 32
258 32
435 20
18 7
465 7
128 21
335 5
131 15
180 13
235 18
119 12
233 11
306 18
210 21
165 29
160 24
332 1
48 10
260 21
304 8
307 31
388 1
488 10
323 15
323 2
348 5
361 4
283 10
313 4
186 1
224 17
265 27
114 16
24 5
228 19
97 30
110 8
231 21
206 13
115 8
314 3
320 26
246 26
192 27
149 1
387 29
74 19
131 3
166 27
411 5
333 19
131 30
47 1
242 12
265 21
131 27
23 30
104 28
255 23
178 19
376 17
479 9
67 6
339 5
116 17
329 12
460 11
94 30
171 27
109 24
43 27
366 5
392 5
185 14
468 22
252 19
278 15
495 9
44 5
281 19
433 21
310 24
420 7
101 10
442 29
377 16
299 18
253 14
415 21
39 18
150 27
428 16
225 30
328 28
254 4
482 22
68 11
134 23
398 2
429 19
295 1
174 21
399 22
487 9
362 29
46 20
167 29
495 31
394 26
362 27
429 7
388 20
486 29
335 3
255 11
73 29
419 22
345 29
172 19
481 21
60 30
248 6
350 10
321 19
63 30
445 31
229 29
191 22
353 29
448 23
491 12
211 17
117 4
78 12
90 18
173 5
288 8
227 9
14 15
84 20
432 8
271 16
212 5
225 29
189 28
375 7
395 6
291 8
493 4
299 30
130 19
83 5
243 13
257 12
207 8
35 6
72 17
150 19
469 26
51 21
250 2
39 28
363 18
7 15
401 22
140 10
480 14
150 2
30 27
181 20
302 12
226 17
372 15
360 17
452 18
349 29
187 32
197 25
421 27
107 5
212 19
203 24
468 28
265 26
314 6
437 24
13 6
192 12
240 11
76 28
461 1
244 15
16 16
400 16
347 14
108 26
252 2
101 32
218 10
421 19
163 5
498 31
223 18
262 30
92 6
357 24
466 17
51 5
96 14
120 10
307 7
352 27
241 20
334 6
169 18
192 11
314 2
357 32
231 19
202 14
308 22
78 29
214 12
457 6
281 20
103 19
6 18
349 2
110 6
259 2
287 31
461 13
492 21
488 18
139 9
247 30
303 4
422 4
303 26
177 7
157 24
22 7
437 6
112 14
52 15
176 2
321 28
290 12
304 26
385 23
170 27
240 32
159 14
340 13
391 12
248 20
499 13
62 12
490 1
333 29
395 8
435 27
495 12
230 19
353 2
93 7
449 28
198 27
345 9
419 16
257 26
487 23
138 28
394 24
72 27
224 11
86 18
237 5
382 11
83 2
432 31
312 8
210 14
190 3
250 9
494 10
478 20
465 8
379 2
95 10
436 18
120 30
328 25
306 1
323 24
146 14
414 10
190 15
171 23
381 12
339 2
130 1
205 22
284 3
155 6
385 19
399 32
464 26
360 17
286 26
360 28
492 29
93 29
99 27
59 28
386 18
205 27
418 18
312 25
492 7
282 32
57 20
232 8
258 23
492 7
477 31
178 24
475 6
148 5
236 6
404 6
307 29
488 8
18 16
276 1
118 29
89 14
89 32
397 30
410 12
92 6
442 6
205 4
243 16
192 11
262 8
452 12
56 15
292 17
90 19
137 19
328 17
84 32
44 20
465 6
71 32
43 8
29 8
131 16
303 19
454 12
122 9
132 29
343 11
453 21
45 29
343 12
314 7
491 29
258 7
366 25
215 13
44 11
360 11
70 10
201 19
78 22
427 13
350 18
335 30
406 19
94 12
103 7
174 9
468 12
252 5
112 22
93 3
412 4
181 26
466 9
4 3
54 7
103 15
404 5
408 29
19 6
260 21
260 26
418 15
217 13
264 8
486 4
186 1
160 23
378 21
99 6
371 29
16 5
259 3
113 23
283 31
372 6
456 7
327 17
62 3
393 9
426 30
384 20
274 19
478 24
371 8
237 29
432 8
65 15
374 9
61 8
12 32
49 27
414 12
191 27
474 7
3 24
460 15
11 1
281 20
236 8
267 20
96 31
427 5
389 4
41 17
159 20
232 24
18 21
287 24
324 16
142 18
159 1
416 17
334 1
8 25
52 31
245 11
473 7
11 9
175 28
13 21
455 8
392 29
92 14
384 11
290 18
445 4
126 28
469 19
260 24
232 3
454 24
310 18
350 28
342 8
223 18
209 6
301 8
354 21
130 21
11 19
262 27
218 24
19 10
50 18
218 21
441 23
312 2
301 10
273 2
37 20
348 13
25 12
197 26
392 10
466 31
96 20
209 17
467 15
55 20
357 28
1 21
442 20
398 26
325 18
236 14
369 15
458 29
82 14
122 26
331 4
80 18
167 16
295 1
219 29
500 31
120 28
223 9
164 8
7 12
493 30
201 30
176 19
106 5
164 16
286 23
167 21
124 9
5 10
169 3
118 28
1 29
372 19
2 7
46 8
374 18
101 11
251 16
85 9
236 28
288 18
94 10
386 26
490 10
339 26
168 9
29 12
45 12
390 10
286 23
405 4
325 21
86 23
132 10
135 24
417 22
389 23
227 14
432 16
220 18
225 3
430 30
55 31
153 12
224 27
83 25
302 11
337 11
185 17
56 32
188 24
93 16
38 20
53 29
387 20
443 12
11 8
217 5
198 17
212 14
11 18
254 8
404 18
198 29
410 5
112 9
281 16
376 10
375 21
139 6
404 21
225 30
304 25
330 2
161 18
127 20
187 20
335 31
173 13
383 7
341 22
383 13
49 7
291 8
39 29
185 2
213 29
208 12
201 1
369 29
430 27
384 21
78 11
411 19
455 13
37 7
138 7
268 6
29 10
109 7
190 25
361 22
405 8
269 9
104 14
466 26
336 21
354 22
271 32
368 21
408 32
372 13
174 15
434 19
252 31
121 29
39 1
194 12
48 18
48 16
451 25
389 7
418 22
52 12
357 3
265 32
174 28
364 7
330 29
401 1
191 18
373 18
354 14
25 26
379 16
257 30
141 17
468 22
238 31
97 26
289 1
413 2
52 4
12 5
424 1
313 27
286 1
48 3
102 8
244 13
347 4
162 31
496 13
396 25
499 21
382 11
57 10
452 17
273 19
341 13
375 26
15 4
190 18
355 8
337 2
272 15
450 29
22 25
413 1
234 19
113 3
401 10
113 8
130 25
314 14
285 13
327 11
404 1
64 22
308 20
208 27
435 29
215 16
305 31
224 6
241 5
5 13
358 21
344 7
205 13
160 18
401 27
492 9
355 24
414 2
455 21
92 13
481 18
196 6
284 12
175 32
108 19
16 29
351 31
155 20
219 22
397 4
4 32
424 10
295 9
371 2
162 6
490 14
471 10
279 6
457 30
481 4
188 16
232 23
206 2
446 25
403 14
44 7
433 7
264 4
359 27
329 12
300 18
14 23
207 12
376 15
449 1
430 25
204 17
27 30
250 24
38 9
165 17
263 17
103 30
176 5
364 24
481 24
26 10
286 4
137 9
247 30
221 4
74 25
41 4
38 6
423 11
498 31
359 28
387 17
138 3
273 17
418 5
16 3
450 21
27 3
166 25
376 6
300 21
162 16
400 19
334 18
329 3
112 23
443 30
351 24
412 28
80 26
228 16
476 14
248 2
468 1
274 15
151 22
495 4
117 26
67 26
419 19
485 26
434 27
231 16
6 23
259 25
324 11
384 11
368 12
153 7
248 6
381 18
203 23
266 32
472 12
473 26
78 21
123 7
87 9
499 32
347 1
381 14
447 32
173 2
451 5
500 23
102 28
300 5
458 29
328 1
396 28
170 6
461 12
188 31
497 2
491 19
295 23
217 13
338 25
407 1
65 22
339 6
342 30
322 3
55 13
80 2
301 29
127 25
245 19
159 29
204 21
287 22
223 15
443 1
243 17
201 3
458 23
325 23
380 18
98 14
499 29
236 7
129 22
263 1
28 21
465 28
422 12
433 20
458 19
408 1
75 20
211 9
350 11
183 30
237 24
163 27
308 26
385 13
112 31
161 23
419 10
74 28
433 3
188 14
85 3
294 24
55 17
44 32
95 30
485 23
358 8
417 9
249 17
305 16
299 2
203 2
147 24
409 31
338 12
320 15
43 26
434 5
322 5
204 4
54 1
99 23
392 11
428 8
20 20
352 10
401 30
387 31
385 8
477 15
243 9
497 1
114 2
437 11
258 9
54 7
33 8
74 16
371 29
415 14
288 14
59 5
23 2
87 32
241 32
482 27
64 10
324 9
259 32
315 16
104 32
30 16
224 19
411 26
159 22
187 31
91 29
487 14
190 5
225 6
340 26
469 11
35 28
431 13
403 5
12 3
317 17
494 12
348 17
337 18
230 11
452 8
267 18
489 5
363 1
90 26
270 10
457 28
201 23
300 32
188 3
314 32
56 19
247 23
63 15
260 8
457 24
168 31
353 4
31 31
221 13
121 30
30 29
146 27
19 1
186 14
460 27
61 23
157 23
269 16
241 20
215 29
295 6
272 20
390 30
418 14
126 10
451 32
318 4
386 25
245 19
246 8
273 19
218 25
465 10
352 14
69 31
254 8
152 5
215 13
179 12
354 12
22 5
311 27
104 4
379 12
470 25
51 2
283 16
375 19
309 2
156 22
144 10
445 4
286 23
188 16
142 10
472 23
50 6
354 21
330 4
353 31
208 19
245 6
375 27
441 27
344 24
264 28
357 12
487 15
218 14
162 4
67 25
374 4
267 11
121 8
163 25
98 10
227 6
64 13
312 8
488 28
451 23
347 32
163 21
154 4
358 11
91 25
300 1
244 2
43 20
365 25
40 14
131 23
156 18
71 19
49 10
326 23
365 4
362 3
208 3
406 26
34 13
194 17
313 13
250 23
357 26
264 12
427 18
14 26
439 5
253 27
346 26
41 14
306 7
236 21
121 22
430 22
490 31
338 14
264 23
360 12
404 19
367 23
220 25
116 6
317 28
348 10
2 17
224 19
143 7
171 31
304 21
121 29
75 26
298 30
101 14
161 32
484 32
38 4
408 6
361 20
225 9
89 22
449 20
384 15
123 15
409 22
7 1
423 21
191 28
123 11
229 27
146 9
162 32
416 17
41 20
496 5
188 1
343 20
248 2
282 14
132 15
500 18
423 22
71 9
141 25
107 26
179 29
286 13
288 13
113 32
180 1
444 28
397 30
207 20
216 17
218 15
383 5
485 13
490 7
122 10
451 8
203 17
332 4
173 31
40 26
150 16
98 2
291 26
231 25
341 30
189 14
145 7
126 13
80 11
387 9
97 17
428 23
169 20
491 30
230 10
127 16
101 16
325 3
421 15
240 21
205 4
171 25
351 20
181 30
115 23
130 19
107 21
65 7
168 3
116 26
85 26
481 5
169 25
428 17
63 3
54 19
446 8
319 16
223 15
429 25
417 18
251 11
319 20
298 14
370 21
439 2
211 15
343 23
75 14
172 14
492 13
460 21
300 11
437 14
277 17
63 30
275 17
68 9
480 25
282 26
482 29
359 28
491 1
422 18
174 25
407 29
169 30
454 24
496 22
342 1
458 12
318 8
68 5
176 32
102 6
453 11
30 19
478 12
364 23
289 1
344 27
406 20
265 15
332 32
452 17
32 9
280 29
493 23
438 32
98 31
329 14
325 6
213 14
82 20
52 14
464 19
269 17
259 1
79 18
292 2
114 32
291 29
376 27
443 29
154 9
203 31
294 3
44 22
180 21
433 20
199 29
478 11
469 12
351 12
29 10
281 30
169 23
238 5
205 13
61 11
73 28
45 10
346 12
224 14
417 8
461 3
404 6
433 17
378 23
272 14
128 8
400 9
327 5
397 15
169 13
93 5
424 1
459 6
77 14
147 13
189 19
459 25
248 27
169 9
377 4
383 16
195 2
4 9
270 4
256 23
61 16
31 24
485 9
105 29
374 15
405 11
61 23
211 25
105 11
285 1
22 23
336 24
300 8
441 30
443 24
360 27
395 14
487 23
83 15
143 12
398 27
222 30
261 24
470 1
162 23
197 15
125 17
455 5
224 7
198 2
442 21
21 4
150 15
67 24
301 13
40 26
460 25
360 24
397 13
85 18
287 25
445 16
17 7
40 32
145 21
258 10
497 30
273 10
488 7
82 8
252 5
338 27
85 25
282 13
229 10
391 8
351 31
279 11
85 10
459 17
110 12
166 6
197 6
455 20
481 16
323 32
8 28
146 17
208 11
73 25
145 27
304 23
149 22
213 29
455 11
313 28
90 6
21 30
120 15
469 24
363 12
387 18
303 16
166 27
310 31
151 14
53 18
300 18
239 5
138 5
35 27
108 5
132 32
262 11
306 19
54 12
226 24
94 4
471 31
242 1
497 16
86 22
49 18
307 7
102 20
183 4
246 10
464 14
121 10
128 23
160 26
298 25
473 31
264 24
150 26
76 26
453 5
251 10
250 21
492 11
1 27
191 22
168 22
475 13
83 27
67 26
136 4
126 4
459 14
403 32
451 18
309 15
343 8
256 12
468 8
147 4
126 5
418 5
194 28
433 25
346 19
18 9
419 4
441 25
237 7
40 23
173 16
441 15
259 29
310 19
500 16
398 5
144 15
121 14
59 26
114 32
108 23
237 2
478 21
106 10
371 17
104 19
345 5
261 23
445 27
33 4
378 31
272 30
97 16
211 23
149 16
263 21
10 31
134 32
27 16
405 13
236 9
144 32
257 32
387 13
178 31
200 4
349 23
281 10
214 11
304 15
18 22
471 31
416 24
218 6
195 7
43 7
335 18
66 27
145 28
347 11
223 22
82 23
368 14
220 17
204 32
295 17
293 1
451 9
221 13
354 31
495 32
401 1
433 11
123 2
270 1
104 32
218 25
415 1
46 22
17 29
213 16
25 10
132 27
66 8
347 31
471 25
315 11
21 15
393 19
28 27
315 27
6 8
167 16
468 24
110 25
164 26
352 32
327 23
367 20
187 1
163 5
406 17
83 18
279 4
273 15
490 23
141 23
323 28
471 6
223 12
478 7
401 5
278 8
16 32
323 26
357 13
414 26
165 12
39 28
323 15
454 12
250 18
11 4
253 9
213 32
60 7
214 24
75 11
391 6
487 26
495 11
402 28
456 3
256 14
362 22
9 7
242 2
260 4
181 5
84 13
340 31
139 9
306 30
247 21
155 29
114 2
427 19
409 10
433 4
80 18
446 20
312 27
345 16
142 25
140 9
121 23
71 24
235 28
325 17
276 23
214 29
332 20
256 21
374 4
108 21
186 17
392 13
91 28
272 8
464 15
160 24
93 22
47 3
310 3
160 1
202 1
178 17
364 13
125 17
324 29
393 5
285 12
358 24
223 13
311 26
244 15
474 32
404 32
15 21
391 22
2 28
398 19
476 9
315 17
54 14
333 30
499 25
434 4
196 16
40 15
342 11
329 27
323 32
186 13
297 28
362 10
19 23
180 3
223 26
95 24
335 31
74 25
247 31
392 7
162 12
301 23
418 17
21 32
212 11
76 4
134 13
157 29
47 8
499 2
33 17
397 8
75 14
404 5
180 28
467 26
79 31
400 28
247 1
236 31
331 7
318 16
452 15
320 22
14 10
471 23
114 16
118 8
41 29
213 9
168 23
414 30
298 17
94 4
85 21
354 27
343 4
231 14
350 22
144 7
220 26
113 25
333 26
77 6

