32
110 21
5 3
158 11
373 19
358 4
421 24
482 6
96 28
22 31
455 17
53 14
433 9
301 28
240 25
285 8
332 27
392 12
433 5
295 25
36 16
472 4
331 9
425 22
272 3
32 3
299 4
132 28
316 16
159 7
305 3
466 28
41 9
176 25
258 30
130 5
325 13
100 19
258 17
432 25
323 28
255 5
399 11
204 11
170 22
473 2
9 31
314 21
147 5
374 20
14 31
48 14
455 32
344 32
24 7
93 2
90 19
318 1
437 6
259 23
87 27
136 19
21 21
348 32
141 21
423 26
223 11
343 29
470 6
241 25
313 21
42 14
383 31
446 4
84 24
130 31
287 17
321 11
418 24
474 30
388 29
64 30
219 30
139 16
444 23
236 16
415 1
361 17
339 11
468 3
362 13
297 20
66 17
455 3
137 8
392 20
28 23
486 10
213 12
489 24
58 32
411 12
204 3
120 31
429 16
317 15
388 1
438 25
433 32
287 25
376 27
93 11
133 30
353 5
257 13
352 10
417 2
137 12
237 16
162 17
195 10
455 27
146 1
387 27
340 14
147 7
204 31
470 24
372 6
385 4
14 24
293 30
202 1
402 30
185 19
102 15
245 13
165 6
5 28
320 12
429 19
411 16
409 4
171 13
405 3
260 26
495 29
200 20
481 1
485 13
367 30
248 15
198 4
205 22
315 20
398 7
342 20
226 23
391 29
235 31
7 18
416 25
398 15
400 11
419 28
99 2
174 18
248 3
110 4
277 20
328 26
19 29
185 16
123 3
344 21
73 11
203 24
55 20
455 15
182 21
190 21
10 3
478 6
290 27
413 30
363 32
91 9
113 3
328 15
201 4
444 5
226 10
260 16
97 2
86 27
291 8
263 12
342 20
113 15
179 26
48 29
321 2
273 21
412 28
20 8
475 7
384 12
108 8
332 12
413 25
38 31
44 20
59 10
392 27
368 22
400 4
462 13
405 22
5 9
389 4
428 16
486 28
415 25
11 22
353 11
15 10
330 14
190 20
295 5
410 15
2 2
430 11
234 22
252 14
2 16
262 14
355 27
297 26
396 11
367 24
81 29
137 30
291 30
1 1
110 31
451 27
424 32
129 13
66 4
394 19
372 11
200 18
458 8
199 25
154 26
452 7
150 16

