32
368 14
26 18
483 3
21 32
13 14
415 18
244 27
377 4
263 26
173 17
183 19
94 18
160 6
129 12
442 7
110 9
301 3
111 3
441 31
14 30
104 24
239 4
362 11
407 32
300 19
149 18
65 14
451 9
27 15
492 5
90 6
481 10
440 7
24 13
425 13
38 17
169 24
432 22
391 26
6 6
120 6
228 17
247 26
465 6
461 12
446 30
261 22
291 25
369 18
433 1
54 14
25 2
245 4
252 7
145 13
29 9
262 4
301 4
137 17
133 5
72 18
498 13
356 8
33 4
305 9
368 23
286 21
432 26
348 15
369 21
143 13
109 12
356 21
116 12
377 24
441 32
178 18
132 17
282 16
256 18
332 23
148 13
367 32
499 3
466 7
59 9
115 19
216 2
427 3
313 11
431 29
102 4
247 22
140 8
101 7
317 29
221 1
401 8
396 15
302 13
469 32
321 7
378 9
404 24
219 21
458 5
25 11
256 31
292 27
2 5
345 31
177 30
135 9
153 30
180 14
390 12
17 31
83 30
99 26
49 17
258 22
466 31
64 29
405 32
172 3
452 24
77 4
81 31
260 25
92 3
242 5
439 18
395 1
3 9
62 3
162 8
408 15
102 24
403 2
31 2
116 26
90 4
165 14
106 8
107 29
215 12
30 25
458 4
229 12
269 18
215 6
109 6
260 30
297 30
420 19
88 3
364 25
431 8
50 8
304 12
85 26
356 6
226 21
389 10
328 21
243 14
290 20
16 13
265 16
267 16
343 10
423 14
382 25
86 7
388 5
439 4
110 10
437 15
162 18
288 29
38 18
31 32
233 30
432 22
61 22
33 15
51 23
461 32
159 18
215 15
286 25
222 19
150 27
229 31
40 24
299 17
397 5
256 14
430 28
331 15
385 7
97 16
22 25
219 12
306 21
430 31
437 12
189 14
14 17
248 17
136 7
129 17
79 17
366 13
424 32
203 28
114 23
95 3
60 26
19 25
450 8
308 27
451 8
176 24
265 20
368 32
174 9
284 4
85 13
464 4
400 10
167 18
317 10
352 16
131 2
240 16
170 31
22 28
247 18
436 31
325 27
114 30
3 14
453 27
102 17
446 6
82 29
367 26
430 10
273 8
440 17
343 21
115 1
80 21
414 3
427 22

