32
154 8
76 14
251 27
36 29
19 19
78 21
185 29
300 16
378 3
248 32
217 11
433 30
95 10
391 14
312 23
406 21
466 21
215 20
111 22
453 10
468 18
342 12
26 29
348 31
83 27
150 19
253 14
500 31
491 19
204 18
285 9
471 6
293 9
169 11
286 9
236 5
354 18
109 7
70 12
133 13
402 2
303 10
68 15
204 6
193 19
212 9
367 30
282 23
70 6
117 3
275 21
311 8
282 23
211 19
78 19
355 7
329 30
484 4
312 23
305 12
93 32
36 3
401 1
173 2
470 26
176 20
142 11
224 19
109 10
125 3
128 4
17 16
341 25
55 12
39 28
359 24
79 10
294 24
414 19
153 15
256 29
479 25
19 30
23 7
487 15
17 2
478 18
126 18
386 4
173 24
243 19
259 26
128 9
5 5
371 9
424 6
337 22
226 11
455 8
186 25
394 26
258 8
439 11
245 20
415 22
452 13
300 26
330 4
114 22
468 28
343 27
461 3
144 30
238 2
433 31
242 27
328 20
254 3
86 26
294 12
415 1
9 23
307 30
494 28
376 1
256 18
56 24
100 11
402 1
1 26
111 6
364 23
445 21
409 23
115 14
382 29
151 26
447 9
432 12
80 11
253 27
228 8
403 15
358 8
16 30
489 14
452 21
120 28
321 28
278 23
434 20
168 24
253 6
96 4
406 3
46 30
362 9
317 16
452 22
419 7
384 23
296 23
111 24
434 20
295 4
70 28
75 29
367 3
55 18
215 20
137 20
469 18
385 21
113 20
310 23
6 29
141 13
231 24
420 5
387 23
228 20
146 30
397 5
480 19
326 6
410 10
306 22
163 22
366 27
25 19
9 2
220 30
34 2
253 18
466 31
20 13
298 25
346 2
381 10
144 19
223 25
20 8
134 23
217 23
161 5
26 2
474 25
171 20
46 19
313 32
413 12
408 2
52 22
256 1
135 23
491 13
156 14
237 29
396 17
140 21
398 29
78 27
113 20
230 14
22 18
373 22
429 25
347 1
90 26
265 12
205 19
432 32
468 12
500 4
121 15
272 18
7 13
240 31
300 26
481 5
67 25
106 8
337 16
328 30
406 8
149 26
50 1
321 25
248 20
84 8
15 19
89 13
407 5
344 30
2 24
26 8

