32
48 3
44 20
468 24
136 27
397 27
135 24
137 8
117 3
291 18
332 24
407 15
92 9
191 16
416 30
342 6
473 26
396 21
433 19
8 20
281 28
478 23
431 10
435 20
104 25
277 11
108 23
229 23
275 19
475 26
429 8
495 5
409 6
269 13
456 4
260 5
180 13
3 18
406 25
361 1
366 9
296 1
319 4
376 30
295 30
487 7
221 22
475 6
427 4
470 19
371 18
471 6
22 17
364 20
114 28
288 27
213 31
7 3
311 18
328 25
435 23
31 20
352 9
285 6
100 10
12 19
39 14
224 25
159 15
340 8
163 31
306 15
414 28
257 32
46 17
32 28
455 22
487 18
418 7
435 10
81 15
192 11
280 19
31 26
354 14
265 12
53 2
242 10
234 10
41 11
286 32
462 32
485 21
397 18
423 8
123 11
130 22
474 17
229 24
51 10
430 11
449 18
237 14
299 10
391 3
100 17
114 25
120 22
213 1
351 8
200 2
490 29
287 7
441 31
171 23
448 4
158 28
81 14
437 15
215 32
69 10
208 18
78 31
131 15
195 13
278 6
306 7
74 5
82 15
311 12
357 11
351 6
6 3
111 15
161 9
474 1
194 29
114 20
7 24
414 26
428 23
447 18
309 1
30 10
91 24
141 19
450 3
165 8
273 11
454 21
304 3
217 5
459 6
120 25
129 25
370 1
427 17
142 12
393 7
125 31
362 10
281 32
460 9
471 17
72 28
221 7
350 26
75 28
471 3
476 28
431 6
8 10
14 13
445 6
171 9
388 16
38 20
195 30
465 21
82 16
440 18
466 13
91 32
300 10
86 28
13 29
121 32
226 22
20 26
391 30
90 30
73 20
149 28
329 13
284 30
352 32
415 17
364 26
209 20
271 18
291 7
14 15
154 19
248 17
260 30
66 14
471 26
181 11
109 17
84 5
270 19
320 28
456 15
41 20
198 23
161 16
445 19
102 2
117 1
474 17
190 31
78 24
381 30
131 13
470 26
233 27
352 20
274 15
87 11
174 4
477 7
476 30
65 17
371 29
278 17
57 15
87 10
479 7
447 9
456 20
174 4
6 13
92 4
36 26
446 29
165 14
99 16
195 27
69 10
344 18
466 4
164 8
90 6
371 20
102 2
304 15
217 21

