32
17 15
161 16
182 1
409 2
115 3
464 8
316 15
350 29
4 9
249 4
442 23
278 15
247 20
79 9
164 2
168 5
256 5
448 21
21 8
219 19
302 2
454 5
192 11
105 27
195 30
338 32
8 7
370 7
391 12
175 14
293 3
86 28
375 5
189 11
240 7
233 21
292 22
361 23
340 26
381 19
23 15
22 10
37 32
136 15
43 31
333 24
209 14
87 7
155 3
181 30
33 13
139 16
450 11
158 1
168 23
27 26
313 5
424 25
144 19
128 14
73 4
225 17
81 24
67 3
438 7
333 3
11 19
294 20
321 24
101 1
46 7
382 18
27 29
410 14
216 17
60 32
200 32
273 5
447 7
219 17
438 7
207 32
373 4
260 22
7 8
386 8
338 15
113 25
72 3
90 27
411 1
426 7
285 10
243 23
389 17
319 30
216 25
273 16
377 16
485 23
95 26
287 5
489 23
1 20
273 2
198 12
91 7
294 3
25 28
309 1
52 32
90 3
4 26
207 20
98 23
115 32
413 9
476 25
3 32
312 24
270 25
459 4
335 20
290 15
491 30
475 26
429 12
161 21
482 15
164 15
409 18
474 21
234 18
73 25
129 24
12 18
244 18
313 15
425 26
141 19
52 12
308 20
235 8
264 28
186 16
498 27
261 24
267 27
273 28
83 25
75 2
355 3
267 31
101 23
473 13
309 16
412 20
355 15
436 11
66 17
102 20
67 26
387 26
208 19
377 6
115 7
87 21
473 25
340 25
395 12
18 23
187 29
171 29
279 6
363 21
78 32
408 1
30 18
182 13
156 14
379 14
360 25
91 29
170 22
109 32
241 26
119 27
259 1
171 1
246 30
233 27
201 28
171 22
137 20
467 16
113 21
62 21
161 32
157 30
433 5
246 21
243 20
451 21
4 5
241 25
358 10
423 31
465 14
288 18
149 22
245 2
154 30
438 23
309 6
496 17
62 17
265 8
456 19
8 23
188 17
59 25
222 2
455 30
279 11
491 15
200 16
392 10
41 5
20 10
126 19
294 20
108 31
195 7
125 23
374 8
303 12
61 32
265 23
413 27
109 12
26 1
139 25
366 7
450 9
84 7
103 10
114 30
436 21
125 24
363 2
224 17
133 32
392 26
150 12
144 23
59 29

