32
447 28
115 19
348 27
424 7
143 5
130 26
165 1
70 10
166 11
247 2
153 11
142 20
495 1
251 20
346 22
372 17
438 10
75 29
440 26
435 22
463 4
108 15
428 25
241 13
128 15
190 12
397 4
124 16
352 26
367 10
244 2
342 1
280 28
465 15
265 31
5 19
314 20
58 5
288 26
186 15
488 31
47 32
58 26
479 6
247 18
459 2
139 8
170 30
67 30
489 23
236 17
262 29
456 11
142 15
320 19
362 11
53 24
246 19
429 25
224 3
274 6
17 28
333 6
34 15
24 6
433 31
366 14
160 25
364 29
415 27
331 4
45 31
35 15
345 11
219 8
490 16
101 18
107 25
43 4
35 26
161 12
29 30
161 20
198 17
192 29
263 30
240 16
256 27
450 13
89 4
20 18
11 1
435 29
257 26
109 32
247 9
111 11
499 3
166 28
499 13
160 30
230 24
421 6
26 10
438 22
37 5
44 31
281 10
15 30
11 27
181 22
244 7
236 10
265 30
289 28
258 29
377 20
52 5
325 5
18 10
42 26
70 1
452 19
415 18
240 13
441 12
386 16
62 2
129 26
23 29
441 8
421 13
471 12
317 19
400 30
408 10
239 10
26 14
32 20
8 11
69 12
42 2
187 7
427 19
132 1
435 21
433 8
93 3
179 18
402 3
95 17
372 6
342 21
375 21
41 18
495 9
385 20
414 23
194 13
89 26
141 24
102 21
83 14
32 17
307 13
43 14
445 30
439 23
311 5
11 27
251 10
311 19
245 12
58 23
416 18
468 5
373 29
185 7
114 16
420 9
352 10
26 25
376 8
287 26
480 25
240 2
154 22
217 31
477 30
41 25
123 4
153 24
428 21
154 9
405 21
165 32
239 6
404 6
209 6
3 25
339 18
270 32
495 14
446 7
463 18
215 26
345 27
137 20
56 14
17 20
67 13
67 1
75 11
270 31
364 4
323 14
217 17
398 27
282 11
33 9
33 32
34 17
466 18
353 9
311 1
184 1
253 15
33 31
277 6
462 8
277 20
46 29
80 3
55 2
137 24
310 9
187 11
250 16
364 30
377 26
322 20
107 10
14 27
253 26
145 6
282 9
201 23
118 29
121 28
346 5
111 7
130 9
201 7
5 12
332 17
441 1

