32
221 14
280 25
166 1
41 5
68 32
491 2
153 9
282 12
24 11
356 11
128 16
149 3
204 12
474 17
476 10
414 8
403 21
148 16
173 8
16 8
475 18
61 12
199 2
199 22
80 22
276 3
302 16
166 29
75 7
261 30
4 26
98 7
70 5
178 2
137 10
333 19
403 17
442 21
86 20
26 29
398 9
371 15
76 4
55 18
26 23
52 26
192 21
288 29
97 21
354 5
362 6
196 25
430 21
69 7
481 23
179 18
99 1
428 23
289 10
176 14
296 23
47 15
79 6
99 4
3 8
408 24
489 31
332 2
296 29
284 28
199 10
5 17
214 12
323 14
413 15
20 20
429 2
398 16
104 12
183 2
151 26
173 31
249 9
260 12
257 7
171 23
356 19
103 25
458 14
275 18
276 2
281 32
211 6
63 10
377 1
271 3
391 4
369 19
300 32
182 16
170 4
214 21
230 12
297 19
93 19
408 20
216 8
276 23
69 2
92 29
139 11
175 29
10 31
167 25
22 12
216 3
255 13
419 4
96 3
170 17
286 25
260 9
116 23
131 12
429 31
332 27
289 6
447 22
400 5
310 1
164 21
463 30
157 25
253 24
447 22
144 16
350 12
85 13
142 23
204 26
141 31
488 29
392 10
430 7
398 31
63 29
115 9
182 19
257 26
227 27
207 18
287 28
125 3
76 31
289 31
40 14
313 12
62 32
461 28
346 3
82 12
123 13
284 25
171 20
238 9
95 1
119 25
204 23
455 4
65 19
58 13
24 31
484 10
278 12
429 4
6 30
383 13
58 3
433 9
58 22
329 4
318 11
384 18
394 22
153 22
433 22
414 8
284 25
393 18
193 21
389 18
331 3
326 28
289 2
172 27
132 21
202 13
299 26
470 32
127 18
2 23
36 23
367 27
164 15
84 20
80 32
53 22
243 3
353 7
340 21
229 27
377 31
420 7
368 5
219 6
215 28
405 30
486 27
420 1
29 4
356 12
327 25
221 5
491 18
304 30
450 12
153 14
314 32
500 1
164 26
379 26
141 3
479 7
405 15
127 5
458 27
245 20
243 17
205 13
390 4
414 7
391 2
16 25
489 8
441 5
437 31
382 22
305 21
56 29
315 2
494 20
368 18
407 14
54 31
194 4
470 4

