32
145 4
414 7
335 1
21 3
321 24
29 2
244 18
488 18
262 24
131 10
373 1
264 26
252 32
49 4
250 4
37 3
323 15
461 21
175 17
159 7
144 19
100 7
377 19
20 10
227 22
467 15
166 23
20 2
430 32
257 12
123 13
278 9
299 22
157 9
218 20
172 13
206 23
451 10
62 10
71 20
324 6
238 21
120 9
110 17
28 26
80 11
363 9
151 1
446 16
486 3
327 25
79 8
279 1
466 24
203 4
479 10
425 12
218 4
176 20
445 28
45 16
410 19
85 24
420 22
71 29
397 9
413 7
429 3
356 2
31 18
281 5
435 14
429 24
101 4
331 5
11 24
125 4
134 13
332 29
442 2
309 26
299 13
165 27
264 8
324 10
429 32
6 19
13 30
366 30
38 21
214 32
424 22
320 21
398 31
314 4
404 10
29 10
195 29
132 6
416 31
455 28
263 28
410 11
394 24
92 27
324 10
182 23
495 29
7 1
3 28
84 27
294 32
460 28
361 8
297 32
398 15
324 4
62 9
139 3
212 22
441 11
387 23
485 30
327 12
478 14
311 1
440 12
228 11
443 28
342 7
216 24
193 23
103 31
123 9
413 31
175 30
221 29
180 10
146 6
49 23
187 27
387 26
463 23
377 13
202 22
348 13
161 8
307 8
146 2
208 7
116 14
116 8
295 23
245 4
152 5
415 15
4 17
168 6
267 12
74 25
114 5
89 14
313 8
389 18
29 5
368 8
330 27
183 28
129 32
416 13
424 26
471 3
334 2
244 17
34 26
273 15
90 13
272 10
108 17
212 28
461 19
483 6
266 18
266 30
297 1
26 20
362 4
147 3
486 30
147 19
411 27
165 21
132 28
106 27
152 25
79 32
452 25
106 25
430 7
462 26
403 32
298 32
335 4
162 8
37 21
190 24
79 26
152 22
494 9
5 1
426 7
461 13
347 6
445 9
288 26
354 18
97 15
305 28
446 18
455 19
126 29
134 21
350 21
470 11
41 26
44 30
260 12
46 31
421 14
87 28
100 8
249 32
443 29
479 8
222 30
74 20
430 3
256 15
343 17
326 20
403 5
53 10
224 27
472 32
292 14
203 15
498 7
87 12
355 9
383 16
202 13
275 31
367 10
262 6
311 7
445 5

