32
77 16
483 18
290 21
478 11
359 20
385 3
199 28
445 13
484 28
340 17
466 10
207 9
260 2
301 1
494 7
378 2
202 12
427 27
433 20
129 3
152 21
37 2
300 21
99 23
356 6
67 13
203 14
493 26
131 1
158 24
135 15
397 28
451 11
178 27
431 27
25 6
319 1
283 31
394 21
253 5
318 28
70 8
297 6
334 23
59 27
106 13
82 6
381 4
28 30
266 14
216 26
243 7
54 26
357 15
110 25
196 8
484 5
151 28
30 16
410 16
179 31
133 20
220 5
143 20
126 20
261 26
401 20
80 6
233 4
253 26
248 8
121 16
64 16
363 21
107 29
181 9
491 1
248 31
381 18
14 6
1 18
199 17
481 30
59 17
65 11
407 29
110 11
248 29
2 22
265 25
86 21
97 13
313 29
343 25
438 28
403 19
481 29
43 18
231 25
26 27
263 12
163 20
15 2
44 16
372 1
476 9
457 9
237 10
269 31
166 18
434 32
496 7
21 7
80 23
343 25
101 2
241 8
329 27
173 5
122 32
385 18
205 25
374 29
314 30
20 4
199 21
399 19
71 31
437 18
21 23
459 6
236 15
385 13
157 21
141 18
157 21
79 29
421 28
153 15
445 20
66 8
329 20
394 3
383 18
253 7
312 31
228 32
113 24
316 21
373 28
398 1
36 9
93 28
280 21
42 29
269 27
72 17
423 29
51 1
498 7
411 21
217 19
208 17
102 31
449 22
182 11
206 9
323 18
25 22
395 14
30 15
25 21
463 23
269 17
103 30
20 29
427 28
3 6
417 25
361 17
282 30
211 4
463 13
137 11
339 27
404 20
397 32
321 7
374 25
224 12
207 15
341 9
330 23
118 22
299 18
111 29
372 1
420 22
58 20
24 16
291 23
467 23
59 11
46 12
228 21
260 26
363 32
66 12
146 15
290 5
13 8
377 16
424 32
421 21
55 4
80 1
74 7
32 16
185 21
416 20
49 19
345 11
478 14
306 7
445 23
271 29
346 11
192 6
294 16
102 29
407 30
193 12
432 20
464 20
4 23
28 16
405 20
314 26
486 16
208 30
66 11
238 4
477 5
33 31
392 2
471 6
19 23
129 2
239 12
418 18
470 29
146 10
20 27
311 17
282 3
286 16

