32
359 7
366 24
399 12
341 22
355 27
475 3
392 31
146 25
257 17
476 13
408 17
136 2
302 6
438 11
90 10
24 9
93 21
120 27
264 12
1 2
278 11
156 13
77 25
145 25
458 1
369 17
129 9
222 23
38 8
117 24
249 28
428 1
380 31
36 15
358 12
113 15
214 20
7 30
69 32
474 22
476 26
242 16
198 23
386 16
178 7
67 15
346 6
471 18
392 10
72 13
97 16
235 10
452 21
303 16
96 28
249 19
322 10
27 23
8 8
458 30
118 12
464 16
17 26
393 20
496 32
8 24
148 26
106 19
187 8
174 2
388 6
205 25
115 23
79 14
494 21
307 12
60 22
427 17
260 27
40 19
134 4
50 9
493 11
435 11
267 28
313 22
381 1
66 15
451 28
469 20
32 7
407 16
249 25
224 12
355 3
466 13
162 7
473 3
374 16
185 4
219 25
349 12
217 6
446 15
409 22
463 17
41 1
88 25
406 31
500 12
425 1
100 7
183 13
93 24
184 21
399 6
478 19
353 6
12 11
213 25
64 23
417 28
395 8
96 16
314 23
60 6
263 19
176 30
435 20
205 26
249 16
224 22
54 16
419 26
78 15
42 26
157 26
449 28
461 9
351 6
195 6
215 22
273 23
107 23
362 7
381 18
118 16
335 24
383 2
441 25
88 2
306 21
439 6
296 27
2 26
376 13
260 10
358 24
332 20
442 10
126 30
155 16
277 2
119 12
299 23
324 18
392 21
130 18
86 21
432 8
127 11
136 14
248 21
269 20
308 18
477 1
32 23
232 28
324 22
171 26
260 10
8 3
474 17
184 24
118 31
499 20
421 18
129 29
330 5
452 13
458 12
125 5
410 29
1 26
58 7
355 30
17 30
320 14
55 20
253 20
118 3
415 27
88 7
263 25
143 6
109 32
141 18
293 18
442 5
135 31
167 30
168 27
55 28
377 9
343 13
132 32
232 2
202 3
292 16
440 18
29 32
238 5
133 22
71 30
26 1
425 4
46 24
227 25
431 7
61 1
231 29
85 2
238 26
133 6
454 32
167 30
323 8
151 16
285 25
381 22
277 9
354 23
101 24
275 19
182 15
156 16
27 20
78 9
229 22
350 22
485 4
16 19
272 22
262 8
90 15
218 6

