32
206 20
52 6
183 8
364 31
15 32
17 18
313 18
446 14
453 1
47 31
48 4
71 29
389 10
282 4
344 32
417 9
343 28
327 26
127 2
224 21
45 4
42 30
385 32
127 1
432 17
467 27
181 30
339 5
275 16
444 23
95 28
223 2
32 13
167 26
91 18
151 15
481 20
196 9
31 22
405 19
199 8
293 27
113 4
151 11
455 6
209 2
158 32
339 25
332 29
198 26
98 32
409 2
244 20
146 6
130 18
440 16
273 5
410 29
364 8
124 26
357 8
219 14
115 29
54 19
265 24
220 6
303 20
291 10
436 16
24 17
338 7
448 26
195 9
199 18
120 30
80 28
357 6
490 12
59 15
122 27
498 9
389 29
173 7
50 4
319 21
228 24
388 19
469 6
383 7
344 10
192 3
329 9
424 14
224 10
213 17
361 2
241 5
66 21
131 4
224 1
392 11
456 19
477 9
65 23
443 16
64 19
34 5
387 25
62 14
495 14
158 7
188 22
455 13
163 21
72 2
386 8
41 13
94 9
117 18
80 4
269 31
398 18
387 16
463 21
97 13
74 26
163 17
3 29
218 25
53 13
255 6
104 7
279 14
15 7
207 14
158 32
441 31
481 15
190 27
479 10
103 5
391 25
17 18
381 18
114 6
375 4
223 18
366 29
27 25
100 30
178 13
413 18
16 13
149 25
40 3
343 14
31 5
407 28
182 27
133 32
424 11
15 11
337 13
351 27
113 10
300 10
59 20
112 2
457 28
130 8
238 28
489 5
261 27
168 22
238 12
89 21
159 24
11 19
336 6
61 8
163 5
441 5
424 12
146 24
163 32
79 5
451 20
21 27
166 8
5 3
339 5
268 9
48 22
195 31
343 8
34 10
320 23
78 3
378 20
179 9
351 25
145 13
28 21
216 26
352 24
152 14
16 19
39 24
401 17
298 3
44 28
248 3
306 26
310 19
401 32
427 31
448 7
255 4
87 18
225 22
393 24
480 5
147 26
472 19
454 17
289 2
452 1
212 29
214 9
144 6
360 10
68 32
345 14
487 11
144 31
221 8
86 4
296 32
69 7
278 6
240 7
223 3
307 11
300 32
307 15
337 27
68 8
178 8
77 28
195 20
226 19
460 15
318 7
247 18
374 32
111 5

