32
119 13
370 4
477 1
476 2
184 25
131 25
329 11
187 17
262 31
291 9
107 25
402 26
347 10
408 27
150 24
183 8
161 24
416 13
349 7
95 32
327 13
232 24
167 14
32 16
248 27
60 2
27 5
228 21
31 19
135 8
239 30
151 15
221 26
387 13
309 9
304 31
58 3
142 12
304 30
152 28
200 19
109 10
376 24
98 6
175 12
437 21
253 27
311 30
357 29
246 21
382 22
151 27
436 9
14 8
170 1
495 29
80 31
446 11
291 3
212 1
478 28
229 23
438 23
408 10
439 29
310 24
54 17
258 10
457 24
433 30
140 19
198 11
381 31
377 7
37 4
339 14
87 27
448 21
309 23
170 4
212 28
67 5
144 13
106 4
300 30
429 27
316 26
362 1
120 26
423 24
178 14
373 28
32 9
492 25
231 14
440 18
345 22
207 20
34 4
291 5
202 23
476 17
196 5
269 7
426 24
174 27
157 2
219 12
70 6
232 9
223 31
242 27
29 16
406 22
464 4
247 21
266 26
385 9
410 22
479 27
197 12
290 17
402 12
244 23
69 32
475 4
498 25
62 18
368 12
440 27
367 2
347 9
111 20
297 24
237 32
58 21
483 7
489 24
58 32
207 3
411 13
474 29
249 3
286 13
206 21
299 29
114 22
409 16
81 21
447 17
36 25
305 31
55 9
402 17
228 4
443 7
493 24
399 21
302 16
61 8
261 8
284 26
61 8
302 5
100 16
161 16
104 25
154 7
461 3
475 8
367 9
178 23
36 16
303 25
112 12
196 4
279 3
449 15
22 6
331 6
350 7
109 29
11 2
315 31
168 25
10 10
261 20
448 32
467 11
133 2
318 24
5 8
11 2
286 4
407 8
357 28
310 29
61 12
78 27
142 2
220 15
483 20
42 11
128 5
385 12
142 10
291 11
149 29
304 6
37 18
401 9
318 26
210 6
233 3
456 14
236 19
376 15
7 30
353 26
482 13
245 7
438 7
473 6
40 28
371 4
338 23
172 27
184 17
384 20
372 31
141 23
366 28
29 24
489 29
357 26
117 21
297 30
487 17
343 30
249 13
453 26
39 13
444 18
209 19
341 16
17 5
39 2
53 11
105 25
448 9
215 16
413 19
322 24
335 16
277 15
433 22

