32
378 17
100 19
341 7
275 22
430 22
94 13
194 30
187 24
385 20
387 19
70 21
386 28
21 29
318 9
312 10
330 29
122 22
55 18
284 6
123 22
419 9
334 32
30 20
108 22
76 14
20 1
190 25
449 11
285 26
151 20
32 9
488 29
114 31
467 25
76 21
166 30
157 15
106 2
371 21
156 10
410 31
294 3
284 6
161 12
360 32
16 3
496 15
395 5
397 13
61 16
154 11
466 30
77 11
52 27
487 23
244 32
233 14
346 12
483 15
436 18
22 23
84 21
305 19
329 18
43 21
25 32
319 14
358 24
264 29
194 22
467 22
349 7
31 23
215 21
405 10
207 18
452 26
294 4
472 30
309 11
66 22
62 17
27 7
280 27
31 25
244 21
114 5
196 16
343 14
9 31
411 11
24 22
60 21
469 16
494 14
398 3
315 3
295 5
230 26
335 12
251 15
257 32
375 28
360 13
65 20
315 31
286 26
40 1
358 12
228 31
489 9
261 27
436 20
348 21
481 30
128 31
112 32
447 30
39 14
54 3
377 20
281 30
57 20
210 26
180 14
264 24
414 25
175 1
432 18
217 24
55 21
143 27
80 21
4 15
246 2
425 2
129 18
135 2
25 28
99 4
133 19
76 31
91 14
99 22
475 20
433 13
364 3
47 27
15 31
265 24
164 26
85 20
247 23
477 15
267 16
179 27
142 14
149 12
355 24
105 25
267 13
61 18
316 12
276 6
362 21
294 9
82 22
168 24
153 17
450 31
424 24
21 1
233 18
148 31
121 12
119 19
492 28
220 7
139 15
341 16
239 10
228 16
215 19
351 11
391 13
137 2
132 2
230 9
179 13
155 27
184 30
37 16
305 16
334 31
454 2
146 1
159 5
216 10
471 23
92 26
71 29
27 6
238 29
418 16
189 21
418 1
346 22
400 10
413 5
296 2
259 21
262 17
165 18
142 15
248 14
348 10
166 3
371 7
187 29
374 7
361 31
99 2
96 22
59 24
83 18
77 1
146 27
109 30
168 11
148 19
188 20
84 1
74 10
311 20
242 28
338 22
474 1
159 13
434 1
76 16
422 28
208 23
342 1
228 1
419 32
127 2
223 14
162 8
368 8
259 29
7 20
415 28
384 9
48 10
494 11
37 27

