32
23 24
133 1
106 9
12 26
325 17
154 18
224 19
302 30
43 20
344 26
23 11
285 10
176 19
12 27
193 5
310 12
420 26
264 21
414 20
226 30
468 3
160 3
237 13
152 12
48 19
77 6
225 9
115 1
339 18
155 15
226 21
98 17
258 6
21 16
489 19
113 28
329 28
498 10
436 29
197 7
143 25
404 12
337 26
120 27
496 6
57 1
238 3
70 8
220 22
371 32
188 3
15 29
311 24
434 6
160 26
81 2
254 24
373 18
354 24
116 29
118 20
273 23
30 14
54 29
136 20
308 11
463 22
43 21
37 12
18 32
309 6
202 22
286 14
3 15
418 18
191 3
494 7
241 27
9 23
124 24
422 19
170 32
457 9
8 21
392 14
41 25
327 22
114 16
167 21
102 8
438 8
470 11
107 3
306 3
209 29
462 2
211 27
218 23
47 21
12 23
454 32
343 21
145 28
244 23
276 2
247 22
137 8
144 23
130 5
61 2
229 18
24 16
357 5
310 15
169 17
45 27
76 19
255 4
47 18
383 30
195 25
387 28
48 19
278 10
183 11
219 24
212 14
407 8
334 12
323 11
241 27
329 12
310 19
240 28
284 10
381 23
454 12
14 1
2 3
382 20
333 21
447 9
46 17
316 20
273 6
86 25
209 2
180 14
348 19
77 23
244 1
461 29
76 30
402 9
469 7
113 13
439 7
49 29
116 5
216 20
206 13
400 10
66 15
135 1
202 31
247 29
20 4
494 11
385 23
24 1
233 16
210 24
46 2
8 13
326 3
400 16
227 11
149 28
82 16
408 27
346 18
431 13
65 16
312 22
22 11
358 3
322 3
278 15
29 13
380 10
211 27
237 29
282 18
80 31
21 19
349 14
344 15
83 25
55 18
414 4
80 3
34 21
190 31
119 10
299 30
423 25
481 12
297 30
397 12
476 29
66 20
134 2
454 4
374 32
461 7
288 16
409 9
292 14
336 7
167 18
112 10
495 28
101 31
353 17
371 20
117 8
355 22
401 9
318 2
168 14
412 11
170 17
480 1
270 27
75 21
152 11
230 22
278 18
141 31
30 31
162 14
150 25
247 15
177 28
176 8
194 24
355 7
260 6
27 5
352 14
169 11
288 22
1 29
79 21
399 8
3 13

