32
1 8
444 2
181 19
345 16
102 19
307 11
500 23
497 12
135 12
122 9
91 3
306 24
270 28
117 12
290 18
251 10
330 23
279 26
45 23
154 19
13 28
485 16
271 2
444 17
317 5
409 15
392 10
203 5
30 3
217 15
253 27
461 14
365 3
443 26
214 16
260 2
260 8
294 30
77 13
286 21
5 7
152 24
112 10
261 21
24 13
312 32
295 28
209 24
362 20
421 23
451 28
357 14
127 10
91 12
90 25
96 6
423 3
46 14
452 26
379 24
134 6
455 12
313 4
291 30
167 19
453 25
94 13
31 17
162 17
424 11
349 27
48 7
118 13
9 9
102 23
248 11
428 23
367 28
218 25
117 16
220 13
204 25
81 14
385 14
207 4
344 7
179 8
30 28
188 2
68 26
276 4
376 19
370 26
146 19
103 6
174 30
183 9
338 11
111 31
357 21
30 16
223 32
295 8
207 11
141 31
272 32
294 7
322 27
93 31
101 19
81 14
368 23
2 5
377 12
427 25
132 5
137 27
16 31
310 31
265 11
201 12
218 30
387 28
8 19
358 4
25 30
233 20
200 6
448 21
50 27
365 17
35 21
239 2
284 13
476 28
351 28
288 32
169 26
459 16
4 21
135 16
254 3
123 6
305 26
86 26
296 6
238 18
303 21
84 14
377 19
485 23
87 16
146 7
149 17
283 20
273 9
31 22
488 5
183 20
75 20
349 18
70 22
404 20
266 23
309 10
249 9
220 23
269 22
90 1
322 20
421 10
492 23
175 7
308 26
474 26
329 6
307 6
112 14
121 5
400 25
19 13
74 14
483 26
455 32
110 8
499 14
425 15
185 16
321 32
309 15
77 21
320 3
35 15
445 19
308 20
436 2
344 13
267 3
54 18
454 31
53 21
397 10
443 17
77 23
424 1
261 8
21 25
382 15
11 26
414 26
374 13
199 13
209 10
99 30
243 17
276 19
5 8
124 7
104 20
265 7
436 2
26 9
458 24
215 32
437 24
490 30
328 20
231 28
209 25
149 23
381 21
246 13
300 5
387 20
421 16
430 12
29 8
16 10
67 11
305 15
210 2
165 6
38 23
425 18
223 26
197 24
202 18
192 9
14 23
256 14
82 22
142 22
345 13
447 27
239 7
265 25

