32
69 13
221 17
170 23
481 5
427 21
321 4
82 19
435 5
323 14
331 20
373 10
266 15
246 10
203 7
25 21
287 17
33 31
121 22
417 18
162 8
150 14
191 27
248 1
11 22
74 9
374 23
470 19
429 27
348 11
98 24
191 12
317 32
95 9
129 31
242 15
410 31
272 17
325 28
429 23
293 31
27 26
153 17
305 25
415 8
415 12
376 2
248 8
385 2
332 21
56 10
155 6
168 31
418 1
150 6
179 10
52 22
108 24
54 16
136 16
267 19
184 22
212 19
37 20
476 13
108 19
146 11
200 29
393 13
9 2
167 20
335 22
97 14
422 14
57 29
321 20
311 24
169 2
138 6
469 29
278 29
348 7
43 7
439 15
16 32
476 6
339 26
251 27
104 8
436 4
433 4
187 19
464 32
469 5
265 9
214 22
217 17
316 11
459 30
193 10
257 8
7 15
330 10
381 9
133 16
296 21
276 3
12 15
42 28
191 6
120 20
347 9
316 22
95 27
471 12
100 16
159 19
174 20
216 7
124 12
426 8
117 9
106 8
143 11
311 10
452 6
89 10
470 1
15 1
31 17
56 30
64 30
88 30
406 11
496 13
3 25
152 23
474 29
450 24
255 32
301 22
245 30
207 19
294 29
483 24
58 30
305 13
103 5
62 12
47 13
241 5
330 12
371 7
1 24
122 15
283 31
165 28
164 3
242 25
444 32
132 13
113 4
325 23
180 3
279 23
147 27
479 20
262 22
482 14
21 24
369 4
378 1
183 17
107 12
349 2
351 24
254 7
119 7
381 3
21 31
377 23
29 19
495 31
204 4
404 21
431 8
232 16
8 22
200 11
189 8
16 11
231 26
353 26
404 13
148 8
244 20
90 4
230 8
414 14
60 14
362 6
441 25
150 29
6 21
415 14
101 18
84 27
403 8
32 10
20 15
81 31
54 15
239 8
106 4
69 1
321 22
7 6
374 28
414 27
60 8
128 12
313 31
343 4
498 26
225 25
405 30
336 10
476 26
445 1
77 5
98 14
146 8
215 7
315 20
453 18
159 8
386 19
290 4
390 11
453 3
360 5
420 27
19 11
120 31
179 16
180 12
149 29
83 15
48 21
342 4
123 28
80 4
175 17
439 4
360 3
30 31
452 5

