32
425 20
277 29
307 22
356 30
43 23
47 4
178 16
14 30
11 27
92 12
408 28
243 30
183 20
324 30
319 12
312 23
411 16
340 13
118 31
63 28
221 21
255 10
444 16
464 14
358 7
205 30
486 11
439 17
286 6
482 25
185 13
199 15
233 2
164 2
436 6
361 21
38 27
406 30
86 5
491 20
275 4
413 13
142 11
133 12
465 10
384 1
259 18
448 19
472 11
192 19
40 16
415 9
222 5
262 19
393 17
306 20
300 22
280 1
421 28
424 17
377 15
237 27
241 32
477 20
146 32
470 25
275 13
114 24
57 7
7 25
183 16
116 10
382 11
127 6
158 22
390 11
209 6
169 5
310 18
12 15
17 29
492 32
365 9
139 25
35 1
222 6
457 29
51 22
84 25
491 13
431 16
275 19
357 28
439 26
293 14
325 29
134 16
304 19
476 19
271 6
291 28
79 3
181 26
288 32
10 18
356 32
361 3
430 22
278 8
235 10
21 23
434 31
78 2
5 29
384 27
63 6
471 13
125 15
474 32
118 24
42 25
275 18
455 9
471 24
276 22
5 5
116 7
155 18
28 19
98 27
137 16
436 3
5 8
313 2
324 30
313 25
255 16
118 17
144 17
293 7
294 9
419 17
87 13
306 22
435 16
228 12
415 16
234 27
75 31
249 30
328 21
114 18
500 32
143 27
320 11
118 21
435 12
77 2
313 7
339 23
138 7
22 20
82 16
175 12
154 11
406 9
335 31
267 3
102 29
33 13
47 30
89 25
38 6
206 2
400 17
300 1
463 26
292 12
429 2
51 22
240 32
266 11
179 24
113 28
292 9
405 26
147 9
375 16
362 12
89 25
328 8
1 18
61 13
185 9
258 20
422 26
395 28
424 17
71 16
205 7
384 21
256 30
157 18
269 11
414 29
131 25
97 28
235 5
276 7
146 21
358 11
382 13
458 17
177 25
44 9
243 24
193 30
161 26
480 2
220 13
286 6
485 2
185 15
391 8
342 20
345 15
306 10
451 4
383 24
144 26
360 26
205 29
87 6
254 6
295 25
162 4
26 23
166 31
69 12
170 26
443 2
109 28
92 3
363 6
38 26
251 26
243 16
154 10
321 11
247 27
83 1
398 32
259 3
318 27
118 4
237 12

