32
400 23
101 19
51 12
249 31
158 16
145 29
74 8
47 18
106 13
67 12
90 3
260 27
379 24
275 20
53 3
320 28
281 1
119 3
288 31
269 9
222 6
493 15
5 19
132 14
471 18
161 1
433 24
195 7
159 5
26 11
103 21
14 31
117 20
66 32
203 2
53 32
303 13
275 19
436 14
120 30
456 24
22 20
403 25
254 29
37 19
123 4
123 13
374 28
472 3
347 18
477 3
302 11
444 32
438 15
481 29
488 12
41 10
27 3
78 24
208 30
58 6
105 17
318 3
124 18
121 6
167 9
221 20
228 24
43 17
246 32
425 17
163 1
446 10
464 27
469 3
489 11
500 25
263 26
275 6
163 32
59 13
344 19
149 27
294 19
439 15
418 24
124 29
384 25
122 27
296 6
369 12
172 5
228 10
390 31
23 8
250 26
232 5
212 20
16 22
423 10
396 24
373 3
124 25
292 25
455 15
39 16
222 14
44 29
348 17
155 6
188 24
303 11
201 11
151 28
372 5
373 3
264 6
138 16
354 1
336 16
219 6
131 8
288 18
92 11
310 31
356 25
2 15
416 18
25 2
269 24
490 18
14 1
239 31
344 20
283 24
251 13
257 2
292 16
407 24
178 21
482 10
213 11
44 16
37 16
397 9
315 22
150 32
343 16
183 6
331 29
69 6
318 26
315 29
221 25
344 3
289 9
136 26
160 3
333 16
98 26
204 24
319 18
443 5
93 21
51 4
442 7
209 27
296 15
71 9
95 11
471 20
443 22
237 6
136 21
1 9
2 13
348 29
410 22
333 30
119 11
129 28
354 9
22 17
359 12
369 30
62 3
189 9
296 29
458 15
49 3
15 31
163 22
223 12
356 27
425 22
142 10
237 23
242 6
495 9
53 32
258 7
54 22
471 26
74 28
132 2
386 31
24 12
212 26
323 31
5 32
96 26
5 4
492 26
441 22
198 26
53 7
460 23
252 14
308 13
357 23
447 7
437 14
346 9
420 9
271 28
120 27
273 16
50 4
221 7
453 11
336 14
373 31
464 13
76 19
449 20
61 7
230 30
69 12
350 28
96 12
115 27
190 11
42 4
2 18
82 6
180 9
311 13
63 22
29 18
396 17
273 17
76 31
306 12
78 19
335 29
478 29

