32
453 16
299 8
177 7
100 7
367 17
308 20
437 17
55 22
56 15
57 32
377 1
282 13
68 23
492 25
59 2
82 3
189 1
466 30
491 25
160 1
57 7
112 18
87 31
279 18
233 4
161 21
276 26
21 3
221 20
107 31
101 20
493 6
272 10
359 26
375 6
470 11
41 14
128 3
248 3
121 24
94 5
292 9
223 12
211 15
175 5
73 19
208 13
268 12
226 26
93 24
348 31
383 12
496 30
366 23
120 2
278 5
119 25
433 5
232 23
135 2
163 31
384 19
475 12
54 32
481 2
152 4
412 26
271 11
247 29
353 23
474 14
283 4
50 8
284 9
210 26
38 25
328 30
95 2
277 8
206 13
145 25
289 9
94 31
167 8
47 20
410 25
1 25
316 7
260 4
35 29
221 25
193 21
346 31
54 30
138 23
82 15
319 26
43 32
281 9
456 19
432 5
403 29
261 7
187 28
170 17
341 6
145 13
142 30
376 16
315 17
158 5
351 21
118 21
240 22
454 27
429 25
264 19
169 28
401 23
248 2
428 16
312 16
324 1
414 7
500 8
416 22
124 22
486 10
11 29
343 8
124 7
52 23
306 21
262 18
427 9
128 18
448 27
426 20
243 15
26 11
66 17
104 2
411 9
135 17
17 9
88 28
100 23
26 9
211 4
462 22
500 13
343 4
379 8
423 2
310 16
68 12
93 11
121 7
111 23
423 23
83 14
267 14
500 4
438 15
283 16
52 19
340 10
434 3
218 12
192 7
155 15
106 27
281 30
249 11
332 23
369 19
384 19
448 8
131 22
298 29
489 25
251 32
94 4
398 19
391 5
190 10
199 11
496 11
373 5
221 28
119 22
470 31
428 14
442 30
7 27
27 7
439 9
174 20
313 8
47 27
12 32
100 31
234 8
41 18
192 30
14 6
203 27
368 26
104 9
244 10
47 18
456 21
398 22
221 6
405 15
265 8
354 4
478 23
311 15
397 22
132 22
16 30
244 31
167 24
44 14
309 10
31 17
279 25
98 7
342 2
117 30
269 2
322 15
260 12
117 32
486 8
269 29
433 5
87 27
64 2
361 28
424 7
488 10
375 17
52 29
438 4
174 27
341 27
305 28
127 5
460 8
168 16
316 16
444 30
402 15
236 18

