32
217 29
144 30
175 24
269 29
263 1
438 8
258 25
309 31
141 32
416 12
307 5
117 12
128 7
178 7
84 24
488 28
469 15
33 27
238 5
235 12
465 28
471 11
320 19
393 8
394 16
436 5
193 28
36 20
302 9
62 21
453 13
36 21
383 9
415 1
221 5
472 18
173 31
260 20
425 4
156 3
163 15
223 7
346 22
175 12
323 20
384 31
489 16
399 27
340 1
343 4
313 7
449 5
461 16
33 21
211 20
407 6
130 29
228 11
91 6
474 17
342 22
391 26
481 1
404 28
305 15
83 5
117 20
158 25
239 2
165 22
229 4
175 22
52 6
184 18
156 22
258 5
219 16
382 15
140 17
222 16
87 8
265 19
335 30
131 30
463 24
375 19
219 13
400 26
302 7
116 29
92 13
9 6
373 30
212 12
379 29
160 13
237 16
20 31
49 10
348 11
149 14
405 27
122 4
489 12
238 32
84 6
328 9
343 8
186 31
64 20
339 15
381 31
498 32
350 10
253 25
260 10
271 16
120 32
467 24
19 28
415 19
237 3
399 12
442 32
486 29
500 4
79 20
251 8
131 32
473 27
500 4
136 30
247 8
366 5
67 8
121 22
190 1
76 20
288 1
376 21
226 7
97 8
106 27
232 12
2 32
322 17
140 10
123 22
417 12
303 15
75 27
316 13
131 27
408 7
112 19
43 25
157 19
492 18
189 15
349 6
131 3
395 18
332 5
7 28
208 1
82 2
435 14
102 22
344 14
336 3
144 22
143 25
369 27
266 21
61 7
303 23
489 17
312 20
65 15
271 4
331 24
109 10
453 19
183 13
424 26
103 31
99 10
71 23
84 1
80 12
155 6
187 15
430 10
166 10
20 16
321 7
139 17
320 12
491 14
240 2
75 6
333 21
291 23
344 18
443 23
370 29
8 32
91 17
109 12
134 1
43 6
183 2
382 22
125 25
207 4
490 9
57 26
157 24
429 8
425 7
126 6
320 25
53 14
421 14
18 2
142 20
7 20
241 29
29 1
465 11
80 14
219 13
480 15
40 24
227 12
130 20
462 1
337 22
211 21
379 8
163 16
139 29
47 16
261 11
448 13
13 20
235 7
368 2
310 3
473 12
222 22
91 31
403 11
49 5
36 23
192 22

