32
416 4
21 27
14 5
113 7
347 2
476 24
286 15
58 28
283 11
270 18
198 4
372 15
179 18
379 26
166 1
125 30
384 9
396 18
453 20
24 11
133 19
282 23
477 16
194 4
266 23
173 12
499 20
210 21
126 24
166 3
196 31
224 27
491 24
32 20
479 3
242 32
406 32
234 22
419 7
345 8
93 13
147 23
265 12
472 6
499 25
32 26
131 8
477 30
227 32
417 9
415 14
372 24
385 29
405 27
235 6
339 32
470 21
270 18
397 1
475 3
230 31
89 16
114 17
185 4
424 29
100 18
111 20
9 23
280 22
150 19
15 20
342 12
324 7
70 8
204 20
115 1
254 7
348 23
471 29
262 6
133 6
232 3
185 32
90 8
5 11
478 15
78 11
355 5
134 24
473 25
171 23
473 29
345 8
495 19
204 13
60 29
470 15
431 10
383 24
117 3
110 11
110 31
469 12
440 6
239 16
290 13
54 22
389 2
286 28
64 1
344 11
177 25
118 28
318 8
331 18
90 21
232 27
127 17
14 22
154 8
329 20
365 10
409 29
131 6
488 30
387 31
21 3
495 2
374 24
341 17
98 18
497 5
333 23
381 18
41 11
450 17
330 14
455 6
270 5
488 2
483 18
292 11
288 23
492 18
450 20
70 23
465 6
228 17
392 16
143 8
346 28
5 23
461 19
117 18
247 8
339 25
329 19
231 12
269 14
481 22
405 30
117 6
319 8
18 31
155 24
346 17
455 30
27 27
12 3
145 7
98 31
487 2
317 2
394 25
143 10
7 16
480 27
121 10
170 10
212 24
150 14
176 20
111 15
371 27
197 27
233 27
201 31
424 10
140 9
306 15
247 16
34 26
138 18
375 11
291 11
483 28
496 10
396 2
212 30
432 9
132 28
407 16
235 30
53 26
351 27
360 25
374 5
174 20
398 20
170 17
486 32
332 21
162 27
143 1
344 18
133 15
238 11
11 8
73 23
49 15
125 9
223 27
5 24
214 3
295 11
295 9
239 30
317 20
205 19
124 16
33 29
227 18
147 29
445 15
151 25
345 4
105 3
478 14
462 11
216 5
129 2
93 31
487 9
118 23
220 6
91 32
350 5
373 8
405 9
419 19
13 19
34 2
330 19
431 15
257 30
103 18

