32
28 29
169 18
188 30
480 1
30 30
472 28
364 22
40 9
138 4
69 14
108 6
350 6
274 10
42 9
52 6
475 31
470 3
276 2
428 28
398 17
133 25
289 32
366 28
477 23
299 1
148 23
42 14
116 11
139 2
467 27
143 9
473 9
287 9
122 11
356 11
23 28
239 7
187 16
490 3
310 1
59 9
47 9
158 18
119 13
23 6
191 26
230 31
130 25
263 11
83 10
121 29
457 23
120 32
166 5
10 11
249 5
283 27
21 9
161 31
89 31
76 27
200 18
441 25
174 32
431 12
173 23
416 14
261 11
477 18
496 14
252 20
54 15
243 30
327 27
65 11
289 32
193 17
297 29
21 26
188 12
429 5
354 13
342 15
231 30
392 6
155 28
322 29
30 8
134 32
170 22
270 26
190 14
298 6
298 19
308 6
122 4
50 31
284 27
441 7
412 13
92 2
328 5
126 17
32 24
64 13
161 25
11 2
146 16
336 15
330 7
132 31
82 29
278 26
423 10
84 14
254 11
252 29
144 13
141 27
340 28
376 17
388 14
202 25
45 25
328 31
383 27
177 9
492 26
34 14
228 1
452 25
495 11
266 26
283 2
313 27
110 28
327 17
425 28
382 5
417 17
47 19
371 32
467 2
381 28
128 28
468 11
441 7
485 10
452 11
463 20
93 8
155 15
421 23
447 2
252 31
214 30
13 28
373 12
298 22
331 13
213 3
207 5
465 11
210 8
309 25
32 26
96 10
172 24
469 18
21 28
332 10
369 1
22 22
176 3
347 18
447 27
8 5
64 28
195 13
240 3
445 31
256 5
160 4
408 8
397 21
199 5
366 28
425 3
13 16
409 27
457 19
269 21
211 20
288 5
105 19
260 5
149 3
441 25
146 5
140 27
481 3
123 22
110 3
437 14
498 29
184 18
404 28
270 6
136 22
371 16
436 18
492 25
348 29
97 26
485 16
36 25
426 18
14 15
56 6
360 5
499 3
210 18
347 28
219 14
389 1
425 24
70 16
112 6
52 32
411 12
148 18
352 1
307 18
312 22
19 11
118 25
214 15
474 12
158 1
393 26
133 21
222 19
436 1
324 16
393 22
375 16
383 31
464 9
296 31
106 6
298 23
387 23
401 8
274 15
256 26
104 9

