32
211 30
173 23
233 17
147 28
142 15
345 20
173 24
140 25
162 30
332 3
469 4
108 23
58 7
25 6
119 8
359 6
154 23
500 2
135 18
166 8
344 30
183 8
313 2
233 22
419 8
60 31
299 7
42 16
237 6
129 20
258 31
389 19
222 20
500 28
385 17
484 5
378 30
448 2
192 12
163 30
447 14
349 30
241 18
453 1
307 2
36 4
272 12
178 21
367 10
349 4
194 20
332 8
349 19
113 16
15 32
150 17
201 10
58 1
91 27
122 17
296 21
165 27
137 10
412 31
371 32
106 13
295 9
340 3
272 28
35 26
283 32
98 8
237 24
128 3
370 9
75 13
462 7
435 30
433 22
304 3
457 30
423 7
198 2
246 1
418 28
106 24
19 4
387 3
211 7
81 12
319 23
96 12
246 30
81 14
228 5
184 8
146 31
139 7
72 24
16 29
367 1
393 13
324 19
139 30
497 19
465 8
77 32
299 6
294 28
351 17
116 3
56 1
345 6
307 32
429 14
257 15
295 17
31 18
131 9
356 28
443 24
295 4
232 21
341 21
324 28
397 15
282 28
403 30
498 22
245 30
31 25
425 17
353 7
147 12
180 18
463 10
173 9
141 32
53 22
280 13
229 24
19 14
480 10
339 21
131 7
106 1
140 30
190 8
189 20
327 20
41 25
489 13
249 10
469 30
315 32
382 15
276 4
256 11
173 6
83 11
380 16
168 11
422 29
215 18
396 5
477 20
34 1
500 30
298 12
287 8
216 4
6 3
272 17
97 20
58 11
99 2
70 10
160 7
326 30
452 21
267 28
360 32
97 7
285 6
179 24
358 30
443 3
88 2
328 12
158 9
66 20
26 15
373 22
478 2
59 13
122 21
209 29
476 5
191 17
50 21
184 23
114 2
474 17
340 13
384 25
389 17
456 31
288 8
100 21
229 6
45 30
335 9
330 14
409 28
422 23
389 5
217 2
231 6
203 10
194 14
270 7
239 13
349 30
404 24
142 28
309 18
333 23
291 18
305 7
33 2
157 29
183 10
275 13
267 17
334 1
118 23
247 28
31 11
85 22
394 10
269 30
264 9
197 22
114 25
252 6
430 25
271 32
486 1
376 16
225 1
64 14
15 22
402 25
256 2
182 1
212 30

