32
91 12
307 12
493 6
482 23
5 10
401 25
453 16
163 6
498 17
256 32
449 17
62 18
204 1
216 12
137 6
474 15
49 17
171 26
74 32
416 31
342 32
127 26
319 17
259 24
346 22
296 2
58 1
224 22
226 23
413 26
216 26
293 13
370 3
158 32
318 21
78 11
93 20
305 3
344 3
431 5
281 18
39 30
434 26
303 19
404 19
225 11
305 21
87 22
331 28
321 24
169 18
159 5
453 7
375 9
229 1
41 1
234 19
51 4
44 17
30 27
420 2
270 16
122 28
249 12
452 26
452 8
319 6
84 16
276 18
124 20
319 4
365 4
447 19
71 2
119 29
289 6
206 2
113 20
117 26
131 20
283 2
391 29
395 6
428 18
488 3
378 10
419 26
357 29
8 20
354 14
232 26
368 13
51 8
116 24
193 31
87 19
32 6
132 7
7 27
300 2
314 29
299 4
270 24
448 1
139 29
107 26
295 2
10 17
157 6
364 10
76 19
28 3
132 11
237 2
70 1
484 3
65 14
466 19
493 5
463 15
65 1
352 23
246 14
56 11
191 15
104 22
425 15
224 24
142 1
46 31
349 29
297 29
14 6
247 15
26 2
489 10
482 5
301 4
406 8
482 4
330 1
65 23
67 16
162 8
100 7
270 16
439 6
213 13
31 27
163 20
224 23
498 30
195 30
285 12
209 14
399 26
202 7
292 28
455 30
328 6
364 9
354 7
367 2
107 25
228 13
305 24
123 10
9 30
155 21
269 11
262 24
400 15
334 20
434 20
349 13
194 20
210 15
366 4
464 12
324 11
444 8
494 27
485 22
384 23
146 32
1 11
375 5
73 21
148 3
348 8
119 1
59 4
291 21
107 30
248 3
149 24
114 10
110 27
496 9
89 9
348 18
104 31
194 12
283 13
34 26
188 29
375 14
36 9
170 7
123 2
277 15
313 18
264 10
192 23
266 29
104 25
222 19
39 3
234 9
107 12
155 2
476 29
39 7
397 17
5 11
182 21
141 10
227 17
415 18
15 4
198 6
496 27
28 19
185 22
207 11
233 29
436 8
93 27
70 30
239 27
8 28
59 1
413 21
405 23
55 23
210 20
241 21
23 20
239 11
381 2
202 9
158 1
172 23
463 30
92 5
20 27

