32
303 9
249 17
22 30
379 7
20 1
308 14
117 10
10 21
214 22
402 3
140 11
377 2
468 9
494 27
493 19
159 8
376 11
108 21
112 2
447 31
75 10
273 3
31 30
431 28
223 24
458 31
306 23
88 14
179 29
324 11
296 2
170 11
93 10
67 20
115 26
187 13
323 31
83 22
444 5
449 14
197 15
232 30
445 11
127 3
252 18
145 23
284 31
69 32
444 31
431 18
204 5
451 27
279 13
232 30
398 32
240 14
290 23
447 18
142 22
356 9
227 1
143 26
167 31
89 6
49 12
19 21
488 21
279 19
354 30
340 19
41 27
196 11
402 10
416 19
419 16
491 6
124 25
359 14
47 24
251 19
319 9
51 18
90 21
424 31
190 20
45 15
194 16
265 31
85 20
341 24
303 11
353 18
167 27
67 25
10 17
12 20
438 18
134 23
243 9
173 24
172 5
366 10
160 30
312 12
162 25
451 20
187 31
94 6
218 4
270 11
181 9
407 14
195 4
348 1
300 24
220 8
88 30
337 15
419 24
194 12
4 29
248 19
299 5
248 20
352 21
95 28
150 29
1 24
392 12
280 11
219 15
14 30
288 2
256 7
202 6
490 9
446 17
99 28
281 18
464 29
215 14
16 4
410 1
59 9
68 18
195 15
40 5
148 12
262 24
238 31
57 3
372 30
168 2
449 8
20 8
432 26
321 28
301 30
20 23
86 7
400 25
77 7
193 1
118 2
332 3
269 20
286 8
241 25
165 9
252 28
453 4
121 5
335 17
207 26
483 8
292 14
424 21
173 28
297 6
70 12
201 30
219 14
181 15
290 13
351 5
381 7
76 29
428 6
126 14
263 20
277 31
194 21
275 22
316 7
359 13
402 3
426 16
396 14
134 21
155 20
226 3
139 1
239 6
63 12
403 5
176 7
231 1
379 21
86 11
279 16
283 12
355 1
355 2
370 24
287 8
324 16
262 6
16 9
231 22
68 29
255 19
15 29
463 30
194 8
292 12
344 30
356 10
486 18
151 12
50 1
231 21
300 29
186 32
197 4
245 24
104 15
359 2
188 29
363 29
221 6
56 28
432 31
465 1
325 15
476 26
404 31
98 31
403 7
222 31
254 19
362 9
169 32
326 12
245 9
440 1
398 16

