32
288 8
190 3
83 18
363 28
396 30
131 11
91 31
430 31
134 25
410 29
367 8
165 23
107 31
271 8
480 6
67 23
77 4
29 12
149 32
463 20
441 21
343 3
108 32
457 1
84 30
157 3
354 17
405 24
103 19
311 6
160 1
201 5
336 21
248 24
472 22
232 17
7 10
147 30
49 20
58 1
173 26
287 22
386 27
41 24
218 12
69 5
432 25
317 16
202 24
455 1
126 18
289 24
111 4
97 4
243 18
144 7
219 6
145 20
472 9
91 13
388 7
270 32
484 26
439 13
150 21
209 31
431 30
258 1
285 10
200 23
211 7
293 5
124 25
384 12
474 2
136 21
188 9
32 7
491 2
207 20
67 32
118 29
265 7
389 29
284 1
427 10
135 15
274 19
360 5
354 9
334 21
45 13
394 17
44 32
250 6
79 8
17 4
164 1
274 1
181 25
345 15
50 7
30 15
237 5
183 22
221 24
431 9
240 8
193 23
411 11
385 25
110 1
36 22
386 5
30 30
365 22
25 30
352 10
292 21
442 30
382 26
193 20
278 24
487 27
419 1
117 11
237 22
407 20
203 12
284 32
358 20
457 22
265 17
287 28
101 12
233 14
241 13
146 6
61 28
192 19
381 4
133 21
238 7
93 4
331 32
24 28
376 24
421 4
344 15
400 12
286 24
278 30
261 27
247 9
406 3
151 18
450 23
255 31
321 15
479 15
74 6
190 1
185 26
293 5
20 4
324 1
27 9
34 31
227 1
459 25
423 1
122 8
391 16
411 20
426 9
66 12
242 12
152 10
69 16
306 13
487 30
245 14
434 11
152 9
411 19
145 13
219 10
408 10
494 26
25 23
58 30
122 15
197 14
429 14
69 6
206 16
215 6
421 9
80 8
161 26
34 17
26 13
422 26
66 19
103 18
390 21
31 11
163 24
136 27
197 21
177 30
112 3
203 32
391 19
307 27
124 1
207 18
445 5
435 2
99 29
99 32
401 1
499 20
412 2
6 28
190 14
361 25
277 28
36 27
346 31
218 25
35 32
470 11
256 20
340 27
145 30
342 1
270 4
460 22
178 2
141 27
351 10
372 31
417 11
294 18
453 15
434 7
490 20
169 18
11 28
452 23
297 5
52 23
189 11
452 14
328 28

