32
382 2
41 15
105 26
258 31
290 14
399 31
188 8
104 15
149 23
189 17
446 19
313 23
246 7
193 25
120 26
55 1
335 11
263 31
100 29
365 22
442 28
244 18
171 3
24 15
313 28
312 6
86 8
101 11
142 9
255 9
462 17
318 28
255 24
234 31
452 23
448 30
362 7
227 20
389 14
54 1
313 1
163 22
192 3
432 22
55 2
298 12
199 7
311 13
47 32
11 18
346 30
95 7
352 29
294 12
70 28
145 18
416 19
483 4
69 6
293 31
452 22
490 26
57 16
306 27
399 17
452 5
126 27
303 18
367 5
69 1
296 9
22 27
371 25
170 15
270 22
413 5
404 22
222 8
405 4
62 20
196 13
400 1
59 2
150 30
2 15
66 5
135 15
212 18
295 29
296 5
195 13
285 30
166 7
409 7
90 6
226 29
334 17
309 25
30 15
374 24
381 19
180 19
229 27
224 8
476 4
88 10
432 20
119 17
434 11
19 3
200 16
159 1
72 28
129 18
278 14
485 6
292 4
24 1
259 28
396 22
119 19
107 14
58 5
350 32
455 21
218 30
316 1
38 4
196 23
341 5
372 29
482 4
340 1
388 30
456 11
35 26
321 17
327 2
217 5
73 3
397 3
176 28
167 30
99 30
84 19
186 23
115 11
174 15
23 29
108 7
47 31
404 3
135 7
97 4
259 5
226 3
311 6
366 9
319 29
42 22
107 7
60 30
393 6
380 28
498 23
98 9
481 1
115 4
435 15
171 17
84 12
51 26
149 17
223 19
85 8
220 27
343 20
116 31
217 3
354 26
186 27
462 14
8 13
485 2
491 23
339 14
403 5
468 19
157 10
370 1
157 13
136 31
72 19
86 24
450 23
206 15
94 19
4 13
447 13
394 26
347 32
11 5
473 14
300 25
371 29
74 8
461 21
378 9
311 3
24 28
106 17
450 11
100 6
151 2
146 4
335 20
128 2
241 8
175 16
80 6
412 25
129 20
213 18
108 20
173 28
339 14
64 25
328 15
94 14
413 15
225 11
82 20
444 26
155 27
65 27
220 20
91 12
52 32
205 3
383 17
494 1
6 10
361 21
424 22
14 8
396 19
435 6
442 30
3 1
200 8
35 23
395 13
266 2
132 31
309 30
199 2

