32
252 4
319 8
441 13
476 20
17 15
342 15
95 28
329 1
35 4
176 21
102 2
370 29
497 19
5 32
256 20
327 15
19 29
99 12
146 14
243 30
228 1
308 18
112 21
22 15
364 18
191 14
383 24
166 31
102 14
306 26
265 8
216 24
481 30
95 14
239 1
491 6
125 23
140 29
139 9
235 2
210 13
319 12
188 25
175 13
210 8
498 7
464 14
314 20
379 32
273 22
448 11
287 1
413 18
161 11
439 7
257 20
375 27
444 22
115 10
54 25
449 8
3 32
117 28
59 31
75 19
316 26
94 15
446 30
232 22
261 26
56 21
22 14
443 13
195 2
82 5
234 6
300 24
294 32
255 24
114 13
183 18
54 8
236 32
337 31
161 13
489 17
465 6
498 16
474 1
169 7
441 10
436 16
341 17
359 19
285 12
127 19
253 4
446 28
235 30
455 24
231 19
112 11
304 5
454 9
153 10
35 9
227 26
388 19
403 6
365 19
70 3
5 14
375 30
162 9
435 4
356 5
262 7
212 13
280 9
45 16
491 3
81 5
104 16
136 6
214 28
396 7
195 28
456 5
53 29
29 20
436 13
4 21
55 7
113 30
232 21
470 2
439 6
290 19
369 29
252 10
277 16
68 23
399 4
391 4
344 7
291 32
7 14
328 6
213 21
247 4
301 16
17 32
117 10
486 10
83 9
419 31
236 3
329 3
362 15
86 5
489 28
336 8
373 24
409 29
308 15
380 20
75 4
403 19
406 4
28 20
329 15
346 4
285 6
198 22
96 11
54 8
362 30
283 15
257 27
23 32
50 11
23 8
150 6
166 27
17 22
394 21
344 31
409 20
116 30
477 23
93 2
147 14
123 13
392 19
324 7
294 17
169 5
348 30
446 17
77 18
410 6
159 9
413 31
232 8
376 4
91 4
294 29
126 4
369 13
499 16
135 8
416 3
164 23
473 21
332 25
423 13
222 13
346 2
203 17
14 6
341 8
250 26
44 27
253 12
95 19
456 26
247 27
384 6
190 28
371 25
108 1
261 18
429 26
315 23
387 28
60 31
431 5
212 6
387 20
238 6
419 13
415 1
267 26
74 24
358 32
328 9
440 21
146 12
398 13
498 24
288 30
214 11
70 13
396 1
241 1
142 7

