32
66 19
55 3
254 15
233 5
196 19
125 10
9 7
13 22
2 24
77 10
354 17
368 26
498 19
455 17
497 26
235 10
352 9
28 9
351 29
270 6
471 22
219 7
212 12
376 22
39 12
331 24
248 3
225 5
41 27
277 5
28 31
302 31
3 26
188 29
294 21
250 4
350 17
446 5
52 6
478 30
477 25
333 13
211 5
321 15
87 6
491 19
312 32
197 11
473 24
19 14
340 9
381 21
441 27
102 20
204 19
285 16
239 5
256 5
25 13
403 7
230 5
429 21
37 10
59 29
361 6
127 13
50 27
241 6
389 26
37 20
125 9
124 23
289 31
16 21
11 14
127 28
163 20
133 23
33 15
59 29
120 29
445 1
396 10
362 12
231 30
80 15
70 3
422 18
285 1
22 12
206 1
35 32
56 23
66 16
210 9
184 25
161 21
202 28
18 31
44 32
165 7
307 2
177 20
444 9
16 25
108 1
465 27
89 12
13 22
311 22
130 7
255 3
475 8
402 24
222 5
443 2
419 5
472 19
328 23
260 11
231 15
416 8
213 12
271 26
361 14
151 31
428 29
485 14
64 30
97 10
183 27
375 13
140 14
252 23
112 27
14 19
229 13
94 18
136 12
19 24
297 25
190 12
278 22
329 25
412 29
330 22
168 13
250 23
106 1
477 30
363 14
264 4
270 9
385 17
72 31
253 13
275 30
444 12
468 17
245 7
49 6
28 4
334 29
226 12
130 7
9 24
44 24
435 14
332 15
70 19
277 6
271 4
116 23
455 23
339 19
313 19
329 24
307 10
468 16
453 17
86 29
441 10
436 3
147 19
398 20
22 30
242 4
225 29
358 16
291 32
82 15
139 26
294 9
276 25
328 24
210 14
393 18
395 8
376 13
299 5
108 32
299 25
463 3
57 29
406 7
368 20
301 14
101 26
302 16
411 14
456 28
247 28
473 17
231 32
385 29
325 28
348 7
45 31
349 9
483 27
300 22
446 4
60 26
250 25
274 16
194 17
131 32
280 23
432 14
302 12
391 26
160 6
100 28
252 9
156 30
55 19
288 16
259 23
397 20
411 18
167 21
250 13
396 13
251 4
391 24
347 5
30 22
370 17
61 14
281 21
207 27
375 30
186 29
192 19
344 3
104 18

