32
230 8
441 3
388 11
483 24
3 7
404 29
330 27
334 29
106 28
197 16
1 22
378 14
378 32
371 19
394 18
283 32
181 28
230 5
210 12
380 24
186 27
440 12
110 1
320 7
361 12
54 5
317 12
362 10
79 13
113 16
242 23
151 22
470 16
342 23
443 21
390 13
356 1
496 5
454 31
383 30
182 32
378 10
71 19
396 21
471 16
325 28
254 19
338 24
59 11
254 29
400 28
481 15
176 32
71 29
494 29
498 7
92 27
377 7
114 4
15 12
131 31
500 24
18 25
459 20
367 29
428 2
60 25
372 19
88 2
68 22
450 9
460 26
440 12
56 17
311 26
192 1
261 3
29 10
231 7
57 30
51 12
215 26
244 15
197 28
232 28
117 14
180 12
75 7
264 6
227 6
51 19
219 23
461 31
292 16
85 28
141 8
184 11
449 11
293 13
314 9
112 22
410 12
6 28
114 25
465 9
46 31
111 4
30 15
362 21
466 7
373 10
434 24
313 14
38 13
379 8
185 2
281 10
485 30
77 31
258 5
291 20
408 1
419 25
175 25
461 13
79 29
98 12
92 10
97 22
71 19
481 11
169 25
349 1
251 25
251 12
170 5
163 1
145 22
217 20
66 5
312 12
214 21
7 21
23 15
286 21
282 6
199 22
379 19
102 21
324 21
488 9
97 31
273 30
436 1
413 1
221 16
496 6
484 2
91 2
308 4
302 17
142 21
38 8
47 28
352 18
196 27
418 8
341 2
385 12
234 21
480 7
372 23
388 8
180 6
65 8
354 31
428 19
219 30
70 25
309 21
191 8
259 4
147 8
150 20
79 7
32 31
337 12
33 25
111 13
406 27
404 7
245 11
457 11
500 18
432 32
298 14
163 21
229 22
8 22
45 14
465 16
144 9
331 1
229 13
445 31
320 32
245 32
30 30
379 18
431 14
337 21
431 24
137 11
13 4
93 21
81 29
484 29
209 31
105 6
107 9
424 18
248 8
490 17
73 28
158 20
381 19
436 3
198 16
173 22
67 13
118 3
321 13
75 14
415 27
319 22
431 22
447 10
261 24
307 2
359 28
393 27
162 28
401 23
103 10
420 29
190 21
19 31
138 30
244 12
476 30
73 27
7 8
288 15
159 30
304 18
262 4

