32
62 1
67 25
106 29
322 24
157 4
84 14
414 23
1 26
175 13
421 18
38 9
168 21
140 7
226 14
461 29
255 2
337 25
322 14
33 31
105 22
354 28
287 3
238 16
101 20
136 5
157 25
217 5
482 9
199 11
486 3
339 32
180 3
264 30
468 12
144 21
41 30
112 4
468 2
467 28
465 14
441 26
479 13
150 20
69 8
18 10
358 5
497 13
383 32
390 23
408 6
275 12
235 26
127 2
87 1
474 16
399 30
25 21
126 6
40 31
225 5
100 22
265 17
470 16
208 12
350 27
245 16
267 19
361 21
236 4
190 17
499 4
326 27
168 24
252 31
498 12
115 29
409 12
397 2
27 29
237 32
423 29
203 29
163 23
434 3
362 7
459 12
414 1
438 1
88 5
491 13
16 1
237 16
484 22
302 6
90 30
89 8
223 19
53 9
58 22
135 3
312 30
483 5
230 20
157 21
109 3
105 8
103 9
48 15
474 9
300 15
90 25
427 32
383 27
401 20
168 19
211 11
480 5
55 13
112 19
377 16
61 1
196 23
174 15
101 7
147 25
414 28
141 12
252 27
22 4
315 21
186 5
19 6
69 13
226 32
135 19
252 19
287 7
209 28
393 14
459 11
210 24
126 22
415 1
372 8
380 30
180 26
62 26
435 10
122 16
14 4
466 25
302 21
415 30
212 19
171 18
49 16
245 2
229 11
255 21
150 6
490 13
403 20
378 29
385 11
349 6
106 14
14 3
66 28
121 18
438 11
151 10
23 12
12 31
110 14
55 8
251 5
440 18
300 26
342 20
316 26
434 18
356 23
384 9
79 20
402 32
499 29
354 25
4 21
123 29
334 10
372 20
74 24
441 5
481 19
260 20
176 17
273 19
492 25
304 26
364 21
437 10
313 2
382 24
358 25
429 23
34 24
127 15
315 15
183 31
53 10
295 13
135 23
259 2
75 26
251 27
323 19
300 31
329 6
303 10
38 11
229 31
234 11
29 17
125 31
47 26
152 1
406 2
408 4
115 6
282 29
272 12
404 4
90 4
105 32
121 6
474 13
212 12
407 16
460 16
450 10
61 21
347 14
91 2
185 25
439 14
274 7
273 5
134 3
112 18
458 20
231 12
285 26
343 23
385 18
426 22
159 14

