32
85 18
345 16
88 29
219 6
259 22
165 30
274 25
87 26
470 21
499 28
279 8
453 3
188 11
270 4
442 8
130 10
282 26
225 29
206 20
270 25
381 14
242 2
186 5
272 7
21 6
326 16
29 31
126 16
161 8
231 26
235 12
127 8
185 28
385 27
499 6
59 23
144 8
384 25
332 19
336 5
424 1
4 4
291 5
19 7
80 6
404 27
313 3
330 22
86 6
92 12
72 2
314 31
301 25
395 21
204 22
337 3
95 12
283 21
24 25
40 28
402 27
418 15
325 23
64 26
165 19
197 8
156 6
302 28
411 28
440 10
130 8
444 8
319 18
312 3
379 23
446 8
146 19
198 14
461 25
84 5
119 12
212 30
346 17
82 16
413 9
73 30
149 4
117 3
446 32
161 32
131 2
307 8
320 29
97 29
117 28
257 32
164 13
361 25
185 22
116 9
167 32
138 15
407 10
485 24
386 22
27 32
251 30
291 11
190 27
203 14
271 7
41 30
131 10
294 16
47 29
412 29
448 30
379 30
7 28
58 16
9 12
259 7
269 21
181 2
140 23
116 6
46 28
47 16
261 24
491 4
100 23
20 15
156 11
104 26
114 1
406 22
449 24
84 21
417 13
27 28
351 6
169 32
149 3
72 6
54 14
69 13
316 8
255 23
338 6
485 23
223 26
276 19
257 8
239 29
476 29
432 22
258 24
74 3
166 5
168 19
58 16
427 22
175 25
196 9
391 28
167 5
273 11
135 6
302 29
258 5
490 26
306 27
493 15
357 11
375 4
81 5
463 28
10 10
188 5
354 18
441 16
394 21
314 12
446 11
105 28
95 2
245 9
192 5
279 25
247 10
276 12
290 15
335 7
228 26
59 9
156 11
452 1
64 18
281 25
84 21
416 11
330 8
79 17
249 9
273 27
214 5
174 31
139 12
357 10
234 16
298 17
266 9
141 25
218 29
394 22
157 5
332 6
469 18
359 25
118 31
63 12
31 25
38 21
448 15
386 9
14 15
273 23
488 10
312 17
38 1
210 23
365 5
32 17
450 18
253 16
225 28
103 19
256 4
276 23
90 5
236 15
400 24
234 11
125 21
443 7
453 1
209 25
45 24
2 27
482 18
266 26
421 4
312 32
63 19
231 25
452 22

