32
285 15
131 30
107 5
396 23
493 19
21 30
2 19
296 9
235 6
64 23
497 19
272 1
119 19
184 14
248 29
217 12
463 19
485 14
455 16
304 28
110 24
453 23
218 12
176 32
41 3
351 13
461 10
386 20
64 9
249 7
29 1
47 15
16 27
264 10
115 31
269 12
94 29
335 31
468 2
115 25
100 21
397 25
438 18
492 25
406 12
15 30
409 17
277 32
444 8
245 22
311 14
133 28
86 3
67 18
328 25
414 8
497 14
340 10
296 11
286 25
422 32
135 2
213 3
457 28
154 10
65 16
67 17
220 32
16 6
57 23
318 26
474 10
132 29
451 7
495 20
479 29
239 21
450 3
227 31
458 1
460 14
48 30
219 27
381 18
256 14
428 29
111 6
90 14
418 24
372 9
479 19
181 30
315 2
20 30
388 30
274 7
499 13
428 9
292 1
302 7
450 2
324 20
335 9
6 8
157 21
16 11
79 20
352 14
178 8
287 21
201 8
468 15
84 31
268 27
55 17
126 12
150 5
416 24
65 1
440 13
149 15
208 28
151 31
473 24
134 19
448 10
170 7
33 13
310 16
184 4
220 9
220 18
461 15
57 25
407 8
98 3
303 29
486 25
215 6
484 1
68 27
34 17
346 2
194 7
69 5
370 17
37 25
362 25
75 10
373 21
266 22
240 8
126 21
372 13
35 15
393 18
137 22
43 10
196 32
340 8
464 26
404 16
298 25
200 25
387 24
57 20
246 4
423 31
225 26
415 19
352 23
212 16
85 6
174 4
341 9
395 8
222 3
7 20
415 30
96 29
130 24
156 3
152 10
97 20
223 12
486 10
22 9
266 14
155 19
237 19
303 28
151 29
282 17
248 24
215 27
53 4
50 4
422 13
286 6
428 16
233 5
286 19
314 19
212 28
489 17
314 31
432 8
19 9
325 10
464 7
312 20
86 22
76 15
414 5
376 2
72 5
106 13
215 19
407 22
238 3
78 28
390 17
367 28
277 27
26 25
433 9
108 10
402 3
376 32
395 12
361 27
64 6
175 6
237 6
407 6
32 1
377 9
197 4
181 10
286 10
66 31
246 13
88 16
208 32
19 22
419 15
272 26
196 23
463 12
84 25
110 3
205 18
388 10
81 16
227 19
477 20

