32
335 30
320 8
134 9
47 26
402 31
285 27
279 29
439 26
136 13
195 8
37 2
90 4
69 29
314 19
120 7
24 10
184 16
105 25
400 27
307 21
141 7
127 3
375 26
360 6
158 3
201 18
472 26
94 1
454 31
179 5
357 14
230 8
249 30
60 20
337 18
152 17
308 23
100 26
48 15
44 21
217 12
251 21
238 28
81 27
102 7
468 30
164 13
53 17
235 4
264 3
478 12
103 13
46 6
171 17
13 6
149 5
161 11
269 22
298 13
293 31
311 16
60 7
12 32
91 6
224 26
20 25
121 27
189 6
176 11
462 20
276 27
269 1
65 17
38 11
238 6
113 16
145 5
226 17
136 12
254 7
22 30
263 10
248 4
12 23
14 5
111 30
287 3
282 4
119 19
214 16
353 22
108 13
350 21
5 30
149 19
196 6
384 3
163 7
114 30
53 19
351 7
472 1
245 13
488 28
424 17
423 24
379 10
476 32
363 1
65 31
91 1
384 2
423 18
456 8
276 4
366 18
375 10
262 19
90 22
186 21
154 25
492 12
490 16
112 32
448 8
66 2
288 1
363 10
51 10
97 2
177 11
451 23
152 4
374 9
165 23
458 31
19 9
54 17
268 21
64 7
45 14
456 4
282 10
394 32
339 30
9 32
304 19
270 27
375 31
400 15
54 1
61 4
157 23
284 1
483 4
343 7
181 15
63 30
172 24
146 11
297 30
378 29
317 31
259 7
290 26
81 19
366 2
118 3
312 10
3 2
453 9
25 29
347 19
446 15
394 23
29 30
449 2
494 5
404 17
307 29
262 31
239 4
232 5
206 23
462 8
41 26
404 1
398 7
3 15
121 28
286 13
437 26
258 19
202 13
35 8
206 12
246 24
127 6
4 20
224 9
39 20
82 11
32 23
397 6
174 5
429 11
369 26
396 30
148 1
138 14
104 19
329 13
491 8
382 6
139 14
311 22
73 16
324 21
223 16
138 12
88 27
206 4
136 25
433 31
49 10
316 32
265 4
56 7
451 30
100 6
43 26
471 11
6 26
71 16
365 25
475 28
479 16
407 6
484 31
248 32
260 15
387 4
58 10
482 29
379 22
450 17
47 28
240 24
417 26
483 29
370 1
84 4
340 22
313 23
180 12
58 27

