32
380 28
312 3
467 8
240 24
86 25
82 22
445 24
286 9
366 22
225 8
366 31
216 7
205 23
53 14
420 27
408 19
366 15
158 20
82 17
160 20
489 1
109 2
84 7
206 22
500 11
85 6
93 32
172 2
186 8
7 2
126 6
108 23
484 9
27 10
365 22
85 2
278 5
287 14
143 12
163 7
126 31
212 31
251 23
368 20
310 14
97 31
491 9
277 6
321 31
243 10
340 11
243 10
224 13
183 26
372 25
360 14
147 11
68 21
157 11
37 30
12 29
104 10
189 17
327 22
387 30
251 3
248 9
48 23
21 2
41 12
278 16
445 16
175 4
173 27
150 13
1 5
45 20
162 14
336 29
299 19
262 1
153 1
41 32
36 29
281 8
8 26
327 1
333 17
316 13
184 18
65 4
478 2
139 4
47 27
184 17
49 25
245 1
157 25
104 16
49 32
119 28
293 14
360 1
298 32
482 9
345 6
16 6
359 3
165 21
481 8
453 9
144 21
433 25
333 8
196 1
271 31
141 31
112 24
391 9
231 12
242 7
270 29
101 24
263 21
237 27
317 17
327 28
386 11
316 18
146 28
303 24
178 15
182 5
498 21
197 29
296 30
155 17
47 15
397 25
224 21
108 32
173 22
203 10
45 15
480 18
382 14
310 3
280 31
199 1
267 19
5 19
389 32
331 11
470 11
447 17
211 22
436 4
192 11
293 12
361 8
129 2
109 6
4 16
485 10
17 23
152 13
165 12
384 12
326 26
426 25
398 21
30 26
372 25
176 4
308 28
492 1
129 32
78 32
340 10
37 32
165 4
228 9
80 24
28 5
317 10
381 26
442 11
251 21
483 22
180 7
461 3
79 13
271 12
424 18
70 20
465 22
500 28
414 7
155 18
187 3
247 8
389 24
478 15
352 20
417 3
454 21
202 32
170 8
392 13
285 1
257 9
46 24
144 19
38 23
252 8
473 30
291 21
37 32
204 32
432 8
419 13
348 8
121 29
295 24
314 7
472 10
31 13
177 18
179 30
324 3
437 1
132 20
361 21
199 24
408 6
183 22
367 27
1 31
103 11
350 32
77 13
337 31
41 9
133 23
430 24
353 11
456 25
298 13
357 16
380 32
478 3
294 8
297 18
34 19
293 27
19 13

