32
318 1
168 26
348 8
443 13
94 8
292 1
53 12
122 25
127 6
318 26
58 26
283 10
166 28
347 13
464 27
265 5
4 16
378 3
407 24
195 28
271 10
416 8
133 5
40 31
459 1
220 28
242 2
242 24
1 24
80 9
178 8
97 13
127 11
235 13
146 29
236 1
470 3
444 26
40 7
65 18
44 16
217 1
286 18
44 14
397 27
454 27
318 3
459 24
377 22
328 14
326 11
290 24
418 21
249 21
420 9
158 3
97 18
99 10
184 27
223 12
469 13
358 23
79 13
434 27
362 18
476 19
28 22
334 9
350 27
253 5
247 2
83 27
284 10
280 23
28 27
250 24
31 8
338 21
276 28
63 21
33 22
27 8
7 17
357 21
295 13
329 13
19 32
440 2
445 11
324 12
73 25
23 11
32 17
415 19
132 13
147 24
219 14
427 13
238 15
285 8
244 26
276 10
377 27
267 1
286 2
348 10
14 14
165 26
82 19
408 9
260 19
80 2
432 31
406 29
493 15
52 8
156 23
201 32
246 27
56 23
260 11
92 22
124 20
375 22
39 26
270 6
188 30
479 11
412 20
139 8
426 10
196 9
221 32
316 18
419 7
200 22
125 7
155 9
399 25
158 1
163 27
438 30
332 12
173 19
151 15
351 1
205 10
361 25
293 17
94 3
399 17
93 8
83 3
328 17
128 13
473 14
263 22
343 31
177 19
337 32
178 11
256 26
84 8
10 29
144 27
143 15
247 23
122 1
334 5
14 21
433 2
454 23
248 12
289 24
15 6
103 32
16 22
277 4
326 10
32 21
92 30
215 14
409 24
370 14
284 31
406 12
73 3
411 24
6 23
95 12
28 6
415 12
407 3
199 24
328 14
53 15
255 15
108 31
103 10
108 2
212 13
454 8
223 16
455 29
414 14
452 2
99 19
41 13
409 27
89 1
320 17
359 18
259 11
293 5
296 28
99 27
117 20
495 23
415 1
271 8
350 27
325 32
293 21
157 1
455 17
289 22
237 16
404 31
466 24
356 13
299 10
323 27
357 9
458 31
118 4
154 23
154 15
119 10
195 3
499 18
371 11
479 19
138 14
101 19
429 20
419 24
113 6
346 25
58 3
443 23
383 29
346 4
427 4
186 13
90 24
326 24

