32
268 3
19 1
311 10
369 22
264 8
363 3
417 10
366 31
482 24
48 20
191 21
155 2
241 25
244 4
378 1
169 9
331 20
141 5
289 17
478 12
324 20
411 28
229 24
410 2
256 9
406 14
13 8
468 10
224 31
193 21
251 25
449 1
400 5
73 8
302 30
444 13
93 2
217 13
481 2
235 8
287 4
34 7
51 5
52 11
415 28
431 1
457 28
449 32
172 5
396 21
274 27
450 18
44 10
38 20
143 12
112 21
115 17
80 26
349 11
144 23
227 2
131 27
305 23
390 29
303 1
153 28
475 18
293 22
471 10
246 6
306 5
394 4
353 21
289 9
456 32
315 6
358 21
364 30
375 25
342 5
390 11
104 20
300 12
86 23
429 19
236 10
391 21
358 11
454 10
295 9
78 17
90 11
405 13
300 15
57 2
307 30
340 18
14 7
157 27
261 17
133 24
23 3
477 8
117 22
25 31
190 26
371 11
92 19
435 12
109 27
237 19
289 24
28 10
66 32
104 27
472 16
26 10
110 30
225 30
283 2
488 16
55 10
454 31
188 16
390 28
231 22
414 3
53 17
24 10
476 15
148 31
66 22
145 15
27 25
104 6
470 7
337 21
4 15
375 11
30 28
190 8
93 19
334 29
395 21
466 18
187 10
20 32
491 24
130 17
385 25
30 10
27 11
434 14
9 16
72 22
127 29
2 27
215 7
215 17
44 29
182 30
498 18
334 4
69 11
356 25
48 10
11 2
104 32
104 12
456 7
1 26
288 30
153 18
189 11
463 32
251 4
313 12
49 26
235 30
461 3
70 8
328 24
433 31
228 24
394 7
415 10
116 2
100 20
407 12
487 21
371 5
217 7
337 13
181 31
382 5
365 32
352 12
87 20
474 14
24 19
348 10
465 20
195 4
83 29
203 5
174 25
10 10
107 26
358 31
120 32
279 25
395 14
28 21
414 14
147 13
424 22
78 28
309 32
155 16
76 13
164 13
133 29
342 4
222 12
26 14
291 5
30 9
434 9
369 19
262 31
339 22
9 20
277 29
391 16
60 15
140 32
67 1
100 17
12 18
108 5
367 6
45 4
286 27
156 10
29 2
21 12
455 29
487 7
197 18
14 5
344 18
184 26
278 31
170 21
308 5
29 14

