32
216 31
9 28
87 31
243 17
120 13
406 32
103 19
145 31
212 29
343 10
1 9
70 9
126 22
444 28
343 9
149 6
231 21
165 25
47 16
253 26
104 2
26 31
364 14
389 28
42 15
209 27
443 14
119 12
48 2
255 2
170 32
300 16
264 8
420 7
75 17
328 19
182 25
237 6
374 13
325 16
207 5
310 17
366 12
272 21
193 2
303 22
133 30
465 21
417 12
59 28
408 26
22 14
239 30
339 24
234 19
379 4
47 16
292 8
319 15
177 7
440 19
76 17
284 32
321 20
128 31
43 7
116 28
328 10
173 6
170 2
180 8
197 14
292 24
342 18
402 18
325 22
348 20
118 19
144 10
182 31
20 21
9 31
140 25
193 9
206 10
70 22
113 15
315 8
458 24
366 12
25 18
257 12
441 6
2 24
163 4
58 22
260 27
168 7
107 28
415 16
425 25
49 22
455 8
293 12
223 22
327 8
51 23
471 12
308 17
131 10
360 25
3 11
107 19
221 5
234 32
228 19
472 25
48 30
344 4
41 30
202 32
165 32
154 24
299 18
460 14
283 27
470 26
141 24
160 21
344 25
348 15
403 11
199 18
448 6
142 17
460 15
208 8
298 5
463 25
174 6
230 17
444 11
446 4
330 21
297 29
201 12
95 24
167 18
53 30
187 30
454 26
388 29
474 26
226 32
338 23
62 23
207 5
469 16
293 2
460 1
322 17
288 8
116 2
61 16
68 16
214 13
97 25
34 10
342 11
210 3
9 15
245 8
331 25
71 27
214 27
415 23
43 7
155 18
156 23
29 7
166 14
448 15
47 29
36 24
443 1
67 7
219 19
18 2
228 5
24 5
471 23
180 9
493 26
374 4
252 26
427 22
496 30
32 14
58 27
281 32
164 31
302 10
362 20
283 29
260 7
233 22
449 28
446 25
449 23
144 5
72 6
118 23
295 29
312 28
67 9
203 18
143 1
464 24
176 6
296 11
404 21
16 8
144 29
496 5
131 28
145 2
61 2
325 4
114 28
411 20
432 26
262 11
470 1
430 13
322 22
431 18
458 22
281 25
110 25
397 4
120 5
145 20
154 29
239 3
457 22
299 28
115 28
314 8
488 8
432 1
173 10
238 6
11 11
434 16
499 27
63 22

