32
488 32
217 27
25 9
480 1
298 23
313 19
465 18
20 21
254 11
325 16
6 2
36 7
85 26
361 23
443 13
162 10
364 31
133 24
71 20
460 20
430 25
162 10
110 9
223 23
307 15
382 28
264 30
226 8
251 18
199 6
30 24
327 9
90 19
485 28
423 24
231 16
420 21
450 25
277 24
244 16
422 21
247 22
394 13
89 9
262 27
190 28
499 28
388 8
475 4
100 21
20 18
452 11
278 29
320 3
276 19
490 26
39 28
87 25
60 11
429 6
314 14
169 24
485 4
399 23
132 2
59 3
384 15
441 25
263 16
215 31
174 12
88 9
292 6
497 15
200 1
228 21
246 20
176 22
156 11
41 31
276 23
289 31
461 13
172 16
193 18
262 30
294 5
430 5
374 6
139 25
406 7
290 19
466 25
233 17
391 21
259 15
75 15
29 16
480 4
259 24
438 12
241 19
220 27
167 25
300 9
369 6
375 30
208 9
475 32
313 25
64 8
235 31
322 20
26 17
463 12
176 12
155 29
482 6
439 20
22 22
9 14
147 11
252 19
427 2
146 12
294 6
15 1
52 8
144 17
341 10
212 32
62 18
432 19
443 18
395 20
460 3
205 2
137 12
164 32
33 6
7 7
223 29
59 14
208 26
202 28
363 25
416 24
482 23
319 32
69 17
239 16
467 19
485 31
251 5
370 11
310 8
461 20
248 23
9 8
424 30
207 19
326 30
210 31
469 20
82 29
92 16
416 22
114 28
365 32
252 18
147 9
314 27
296 29
330 28
220 1
217 7
391 14
400 29
52 24
332 9
108 20
304 31
185 26
127 29
281 26
487 3
143 8
90 30
64 15
94 8
375 18
414 2
408 17
70 11
237 13
444 28
176 11
71 9
16 21
261 29
278 19
427 16
250 28
210 30
138 7
449 25
168 18
482 23
230 23
386 10
303 21
14 3
427 32
191 3
484 15
91 1
402 29
385 27
237 30
464 2
452 28
238 27
329 19
46 15
121 19
376 12
111 29
254 5
324 24
479 15
98 5
420 7
438 32
150 26
101 25
399 32
81 21
22 1
59 11
319 16
349 7
307 3
435 8
496 31
207 14
417 4
247 28
155 20
343 12
61 23
120 7
346 24
299 16
461 2
138 7
389 23

