32
157 22
31 23
92 12
68 16
83 22
498 31
130 26
372 24
349 32
79 32
154 7
26 12
160 6
68 31
193 23
240 29
388 10
479 31
93 30
142 11
316 16
101 21
45 13
452 13
464 11
353 5
101 14
129 16
395 20
82 19
42 2
287 22
295 2
408 32
15 2
266 18
41 19
478 25
191 18
330 10
460 18
475 12
263 31
171 17
2 8
447 28
129 17
325 20
350 4
15 17
485 28
46 21
350 8
110 12
453 19
398 20
324 4
175 2
178 25
94 19
152 20
426 9
272 30
408 22
186 14
338 6
257 7
399 23
406 8
350 6
150 23
473 29
322 23
58 27
47 15
382 15
394 27
183 5
261 18
138 26
67 31
319 7
210 25
429 19
428 31
177 25
229 17
49 15
500 18
401 22
312 22
448 1
293 26
222 9
275 31
202 9
38 32
164 3
441 12
65 24
74 13
445 31
94 5
205 5
155 21
194 22
91 30
23 27
475 28
287 2
454 4
90 23
211 25
441 27
49 14
371 14
450 3
276 23
363 24
339 29
437 21
335 23
378 9
261 8
452 19
453 29
238 19
100 24
499 12
451 15
397 5
373 19
487 8
241 13
480 4
218 12
168 28
294 9
112 18
396 7
304 25
319 25
95 22
488 21
310 2
492 26
110 32
404 12
363 21
149 6
280 2
461 15
121 18
491 32
363 6
146 6
438 8
206 8
86 14
477 31
335 32
452 21
183 4
96 5
204 24
91 15
165 27
429 21
361 19
220 15
8 25
389 22
385 18
181 30
491 25
68 14
476 19
326 22
78 1
407 13
221 5
115 17
251 23
374 11
165 25
186 1
162 14
322 18
371 18
219 30
11 10
391 2
156 12
496 18
340 18
366 4
102 25
297 20
375 26
167 24
114 24
416 3
277 13
172 3
442 2
360 8
175 10
290 7
21 1
416 1
390 21
124 7
113 24
46 28
293 24
231 3
415 10
33 19
86 25
190 19
446 21
331 5
355 4
7 19
460 2
439 21
406 23
43 3
334 20
358 31
152 16
385 26
85 5
461 14
325 2
48 23
402 26
95 20
53 5
335 32
374 25
64 27
187 14
149 29
46 26
499 13
445 27
466 1
3 18
402 28
427 14
450 9
31 12
288 4
496 2
299 21

