32
68 23
168 19
254 21
175 6
103 15
282 12
168 1
23 4
51 23
66 26
234 24
412 25
42 15
315 28
77 6
50 32
132 1
342 1
105 12
203 3
62 24
22 2
376 8
93 2
350 19
328 15
42 11
48 15
234 10
246 26
11 7
305 10
363 10
379 27
218 17
377 15
416 11
360 31
146 21
421 16
463 28
430 16
486 5
290 31
190 7
380 28
181 16
46 19
34 16
213 15
208 9
29 7
339 13
117 5
193 5
332 7
136 17
10 6
90 19
44 3
333 28
35 5
459 4
259 4
207 3
94 18
263 15
240 30
215 28
290 27
97 21
413 32
233 22
205 26
72 9
157 32
24 27
120 14
122 26
178 16
200 3
297 6
97 24
415 11
95 4
69 19
176 5
423 29
106 23
434 1
79 18
432 2
132 3
140 9
428 1
136 23
291 24
293 20
319 31
50 2
115 3
456 26
155 6
402 1
209 12
437 27
129 1
445 9
419 12
365 31
252 9
29 14
284 17
281 15
232 31
368 18
5 3
487 7
405 1
271 5
280 8
103 8
428 27
168 10
482 1
396 17
237 29
127 8
97 31
474 28
293 5
25 29
368 24
160 16
104 10
88 3
489 18
142 24
441 26
466 18
46 9
7 2
137 1
153 18
95 31
413 28
23 26
388 10
301 27
365 8
329 12
490 21
346 19
85 10
440 14
411 5
410 29
470 27
105 15
132 28
453 24
439 15
333 14
217 1
225 17
240 13
237 17
369 26
360 13
423 15
354 29
488 16
454 25
14 22
431 21
257 19
392 7
210 29
373 26
209 29
210 5
1 6
29 9
83 24
26 1
391 15
190 26
346 23
186 7
200 25
355 29
351 7
355 12
323 23
189 31
27 15
183 27
48 24
452 19
451 25
487 21
59 16
218 5
318 32
263 18
372 6
178 2
68 16
134 14
111 18
124 25
72 15
368 20
370 23
102 20
499 24
13 21
264 22
461 13
337 4
154 12
45 11
282 20
215 27
205 1
236 12
165 12
338 12
279 31
54 4
231 16
319 27
461 2
324 29
219 5
348 12
220 8
55 29
59 17
415 27
297 3
147 9
162 32
197 12
395 22
171 17
6 9
219 10
275 26
442 25
54 6
364 14
237 26
274 8
38 1
410 26

