32
178 24
491 24
358 17
141 30
73 8
238 26
160 26
283 15
105 8
211 26
137 3
379 30
498 16
415 32
199 9
77 1
144 31
268 21
208 28
214 32
319 3
497 31
193 7
321 5
499 28
498 31
454 24
344 31
24 22
214 30
90 22
450 29
209 21
437 4
477 3
399 19
453 27
125 1
26 30
145 16
329 3
10 22
370 9
436 1
314 17
319 27
143 28
487 27
189 7
266 1
277 32
163 14
410 4
430 27
85 19
310 25
69 23
398 14
23 1
35 28
333 13
238 23
176 12
177 24
351 14
232 27
309 11
412 7
34 22
5 14
416 11
382 28
485 19
125 32
463 23
343 3
215 17
122 11
8 10
458 14
444 26
189 4
288 16
322 17
293 11
438 12
345 3
43 21
449 16
188 7
30 15
57 9
315 2
339 26
180 20
384 3
337 16
226 16
375 16
296 4
226 29
227 14
403 22
250 19
493 22
113 10
320 2
118 2
199 4
159 14
104 2
352 4
169 22
268 16
477 19
415 30
500 1
475 14
114 12
457 26
13 25
480 4
90 21
317 29
257 32
370 16
73 26
355 18
151 6
137 19
389 19
180 8
395 26
493 9
229 21
318 6
222 5
425 7
450 14
155 18
273 13
269 13
98 19
86 20
97 30
226 17
328 21
76 3
410 12
435 18
221 12
83 14
253 32
104 10
453 23
259 25
135 27
69 8
149 3
183 5
432 32
285 16
16 12
334 1
280 28
266 24
371 9
293 23
208 24
324 20
358 26
384 16
460 16
427 1
310 17
57 18
220 26
353 3
53 18
11 28
305 21
183 19
477 23
298 4
75 9
343 28
407 2
276 22
233 2
178 3
163 27
488 2
280 20
469 24
377 7
368 17
459 6
207 23
377 12
470 11
329 16
234 23
93 17
304 2
63 2
220 5
420 23
310 15
398 10
234 14
461 25
306 11
3 32
58 27
220 27
33 32
395 10
338 27
127 1
164 13
326 31
469 29
441 22
147 30
260 17
315 16
333 8
342 7
336 27
65 19
482 5
306 32
67 7
214 9
135 22
85 9
464 5
409 9
182 16
298 25
436 17
12 8
436 2
455 31
308 15
29 17
320 2
16 2
328 10
282 15
311 30
127 18
270 27
382 27
90 32
244 9

