32
263 1
491 4
124 10
405 27
415 15
332 16
384 20
213 25
213 12
190 5
350 2
180 26
309 23
230 24
72 3
311 27
91 2
118 11
43 2
489 17
420 16
188 24
108 5
132 16
368 21
60 1
266 28
167 2
98 28
253 1
434 16
355 32
69 24
90 27
198 14
271 9
250 10
272 1
210 15
380 30
427 3
146 24
30 24
470 15
411 18
148 16
489 10
72 17
178 25
371 27
443 21
195 4
303 3
400 12
221 19
441 20
69 7
43 19
102 4
77 17
86 16
412 22
282 15
483 27
496 17
37 14
198 23
481 4
401 20
363 10
362 24
473 26
94 7
232 27
379 13
263 32
88 11
37 21
9 27
179 32
224 3
293 17
150 29
272 18
356 2
23 21
141 23
351 22
362 26
133 8
94 27
203 2
421 27
50 30
462 5
137 1
147 10
309 32
406 4
50 22
417 12
182 30
419 24
143 32
170 3
371 23
374 13
296 2
15 14
75 28
278 28
364 24
493 12
424 10
455 9
363 20
396 9
281 22
280 3
297 17
402 27
64 3
443 31
420 14
56 3
137 29
58 5
461 2
24 12
151 31
60 10
202 7
410 2
473 17
108 17
342 9
140 9
487 18
115 15
391 19
105 8
207 14
380 3
415 27
402 25
85 1
430 10
472 19
471 4
232 15
416 5
291 31
181 2
137 19
388 15
317 32
406 20
357 1
42 27
392 4
39 20
108 21
466 11
11 8
374 10
218 2
370 13
196 26
490 16
197 29
211 17
72 20
240 8
105 26
402 16
429 20
323 32
112 32
319 15
428 24
68 29
185 6
357 25
339 22
64 11
74 6
252 13
94 31
276 14
124 21
45 20
469 31
292 16
359 30
406 6
5 22
134 14
115 11
422 25
188 13
340 18
315 31
110 12
285 18
457 21
62 21
164 14
71 27
314 17
416 27
418 13
396 24
462 10
394 31
315 1
71 6
46 29
448 16
144 32
41 32
344 6
304 28
336 7
314 17
7 14
219 13
354 27
180 19
476 5
49 6
357 27
295 23
356 14
410 31
326 6
303 1
255 18
28 30
332 18
90 15
423 25
115 24
127 30
442 22
218 26
244 6
312 6
328 11
132 1
370 1
38 8
329 17
129 29
234 17
50 28
151 12

