32
242 31
257 26
187 8
473 32
456 12
9 10
108 1
340 17
210 14
8 26
499 12
54 16
487 24
394 4
53 7
443 27
205 12
4 15
7 8
382 26
279 6
184 14
467 19
398 12
60 22
333 27
477 10
178 4
237 19
11 29
274 25
287 30
4 10
221 22
470 26
324 4
196 19
338 6
381 15
189 5
344 21
55 5
110 8
488 30
302 14
338 19
154 17
405 10
266 29
19 11
430 14
187 21
404 32
138 5
110 10
429 18
50 7
330 27
66 29
356 7
18 18
294 15
318 10
180 27
174 23
170 27
96 20
80 4
231 9
136 32
247 16
497 16
250 6
307 3
494 2
33 11
355 2
34 20
227 17
459 16
467 20
207 11
335 26
414 25
206 21
108 20
316 9
100 25
282 14
379 16
419 3
490 2
89 19
149 15
292 3
67 10
438 9
172 28
262 1
40 3
485 12
271 24
104 26
364 1
127 10
364 21
5 10
170 17
432 11
259 31
129 29
333 3
301 28
42 6
89 18
29 17
229 31
225 16
372 24
420 30
182 32
394 14
341 8
130 4
438 28
199 30
417 11
484 29
386 30
131 2
107 11
251 11
161 27
222 32
62 9
381 19
128 14
132 16
41 29
444 6
205 22
396 17
24 3
41 5
108 15
235 14
181 25
252 1
459 17
76 4
318 28
319 1
82 22
265 30
415 4
156 11
349 7
91 24
133 7
280 9
154 2
306 14
350 14
379 12
234 14
384 23
262 6
348 19
3 8
20 13
319 19
35 3
77 17
390 2
108 21
302 13
387 31
446 16
368 8
248 10
130 11
356 31
184 23
85 10
314 32
455 8
279 13
150 11
318 3
416 21
412 21
37 14
176 26
385 31
158 24
348 23
466 8
381 17
258 5
187 28
420 17
55 22
481 13
257 26
447 12
74 6
93 14
7 20
444 16
162 9
375 26
91 9
65 19
341 30
287 19
393 26
371 28
460 32
208 16
353 22
91 7
364 27
388 14
302 27
261 32
135 4
325 1
180 25
399 4
210 9
103 15
447 25
106 18
28 17
473 17
466 27
159 1
450 10
199 3
81 11
66 7
150 26
144 25
130 26
53 8
431 19
498 5
479 31
282 3
267 22
239 20
372 9
413 5
146 3
72 22
125 9

