32
436 22
350 12
118 20
200 26
418 17
118 3
131 28
61 2
82 4
475 17
99 13
360 8
253 16
333 17
462 6
92 26
303 29
205 28
41 24
381 14
253 14
365 15
398 1
144 3
145 10
152 15
103 23
70 15
90 22
3 7
55 31
300 21
387 5
480 11
112 5
237 4
62 9
98 27
377 1
290 13
63 17
319 1
451 16
223 12
494 14
442 32
320 18
109 6
450 4
485 17
448 9
277 26
25 6
320 25
115 17
126 17
401 32
45 7
184 31
242 21
492 4
76 23
129 8
369 10
272 13
490 19
425 14
284 5
140 32
201 26
64 2
134 17
122 26
167 17
444 9
185 4
444 24
450 32
296 22
1 11
170 2
341 22
256 9
394 3
80 23
352 23
124 5
311 25
162 30
253 21
238 13
244 17
401 18
104 4
11 24
466 9
445 10
330 8
134 24
298 25
22 5
60 5
133 22
242 6
199 6
103 24
135 18
468 23
391 23
82 10
378 7
138 7
56 15
226 2
42 24
254 19
24 9
60 5
35 21
154 17
146 4
373 12
158 16
166 24
115 27
153 20
497 18
18 17
109 8
94 6
471 11
65 26
12 16
354 18
276 8
482 29
319 10
405 32
398 10
376 32
169 24
207 5
22 13
69 10
24 6
483 18
361 7
191 4
374 9
473 25
256 22
274 26
160 30
50 25
99 17
272 11
304 10
284 17
406 4
158 9
366 9
126 26
391 5
153 5
213 17
265 28
430 18
41 5
67 14
349 22
218 20
432 6
450 15
50 19
271 16
488 28
200 21
65 6
281 17
354 5
193 7
460 6
360 21
63 7
294 7
92 32
383 27
385 24
294 26
390 28
493 5
51 32
342 11
134 18
35 15
467 27
309 22
52 13
130 10
447 12
377 14
139 11
116 15
442 17
308 11
472 17
60 2
344 9
340 21
374 6
168 16
304 24
118 32
496 15
321 22
374 25
183 4
159 11
386 4
207 26
135 7
198 30
404 25
446 20
222 31
469 17
11 25
216 20
480 12
226 32
357 28
201 4
463 27
338 17
311 8
394 13
426 19
490 22
483 15
73 24
105 1
444 27
17 16
94 16
223 16
148 27
123 8
118 9
206 11
433 32
203 2
164 32
268 21
309 31
439 29
158 16

