32
170 8
276 9
93 19
63 2
118 10
83 14
237 28
254 23
251 2
86 14
33 11
237 3
480 7
184 18
189 23
135 23
410 2
299 2
320 13
72 1
494 30
66 27
49 15
297 12
397 23
165 17
373 29
227 28
55 14
126 12
45 16
454 2
373 32
160 4
168 7
480 1
384 17
391 29
67 12
436 15
274 32
243 2
352 18
202 31
231 11
354 3
438 11
433 10
262 8
205 21
174 16
441 17
284 16
193 30
223 20
17 28
79 11
493 15
80 26
41 27
372 22
289 29
52 1
174 9
164 18
445 21
265 17
246 32
420 18
102 26
418 10
341 24
228 18
130 16
231 18
322 15
415 6
115 6
35 17
482 14
18 10
239 3
15 8
34 26
125 31
132 30
252 8
390 28
9 27
139 4
41 20
194 19
273 28
273 31
96 6
357 14
384 15
100 10
282 17
387 14
268 22
448 23
342 1
202 22
207 28
441 7
151 10
406 8
294 18
82 17
135 18
206 6
236 13
471 21
290 18
275 13
375 14
279 4
262 21
270 8
172 18
419 31
48 8
450 1
205 11
81 15
173 15
61 28
443 3
277 24
388 19
140 27
124 7
182 13
103 23
56 10
365 2
152 4
149 13
104 1
484 20
44 20
174 4
415 29
134 31
200 26
93 24
136 16
314 17
304 24
120 16
41 16
185 9
247 26
145 22
38 12
237 9
487 11
36 14
379 18
296 26
395 29
121 30
308 14
50 8
201 21
323 6
356 7
138 22
192 2
303 26
114 20
366 12
302 14
353 4
275 5
109 9
389 14
50 12
367 19
159 32
120 9
13 11
340 18
429 15
135 11
316 32
122 10
200 27
435 4
102 21
200 27
229 8
496 2
284 2
80 6
133 27
275 5
26 30
350 6
200 9
36 20
84 14
49 19
432 19
335 6
395 30
300 3
474 7
104 25
8 23
402 9
234 12
341 23
493 3
416 21
175 11
60 18
312 4
245 32
294 27
481 28
316 4
310 29
74 1
397 17
447 19
277 8
178 6
290 7
308 25
67 18
8 2
295 27
437 7
414 26
469 30
417 25
25 18
425 10
194 10
235 8
324 19
172 25
480 13
227 31
18 25
472 9
122 19
47 30
157 29
139 26
206 11
262 27
336 6
32 13

