32
479 9
173 19
207 17
372 5
386 24
284 8
363 20
213 13
13 24
302 20
425 31
164 11
110 32
267 11
229 30
310 23
227 14
146 17
262 25
177 23
25 16
195 7
420 19
188 4
382 29
327 31
191 18
85 25
189 27
227 29
77 20
328 31
221 29
87 31
341 3
185 5
426 19
104 21
286 31
480 15
335 15
325 21
148 21
177 17
464 15
457 8
142 32
46 3
460 20
401 17
450 21
369 7
316 32
72 13
466 19
471 24
209 8
29 1
408 25
397 11
312 29
466 9
341 23
19 24
198 11
304 31
356 29
22 7
496 1
123 26
495 13
465 20
92 29
412 16
50 4
74 29
364 12
17 28
254 16
208 12
306 27
98 25
35 15
183 19
415 17
196 2
102 28
113 17
357 8
44 14
35 26
470 10
361 14
158 6
373 25
65 23
79 27
339 10
485 14
348 24
30 7
161 27
54 13
324 26
352 11
167 30
188 16
487 8
474 12
162 26
64 30
376 23
92 31
108 1
440 27
180 9
497 16
100 2
316 15
164 15
493 2
404 29
318 18
228 15
238 17
340 1
319 24
295 6
282 22
190 1
208 29
41 16
60 12
458 7
414 13
393 19
302 32
439 31
38 18
113 15
259 21
279 17
20 6
338 1
327 28
373 11
248 9
90 4
405 11
386 14
19 31
280 5
426 14
143 15
236 16
441 2
412 12
70 15
145 7
83 11
138 15
5 26
71 15
249 11
493 6
349 16
264 24
36 2
198 22
356 5
137 13
278 8
368 23
330 8
457 4
482 31
422 7
184 9
285 20
23 13
269 11
344 29
351 15
426 8
261 13
332 9
429 17
297 16
307 6
159 3
94 9
61 27
331 24
359 3
379 22
95 4
104 11
384 2
169 29
205 29
441 20
178 2
496 22
369 10
155 8
269 4
372 13
263 30
277 1
20 15
206 14
6 22
404 17
467 17
401 32
205 22
59 18
415 23
59 7
60 2
14 12
313 29
361 3
438 29
400 25
495 25
275 29
266 30
93 5
454 26
256 27
187 22
244 5
220 19
235 12
220 25
459 24
485 15
459 15
307 30
83 22
314 13
154 4
387 30
16 24
91 11
54 5
436 30
229 12
304 20
287 3
64 13
406 32
416 20
322 6
425 21

