32
410 4
5 25
5 9
382 13
498 29
12 3
434 22
323 9
218 6
352 12
45 25
316 21
443 22
400 15
50 32
121 19
11 1
288 31
58 21
388 7
245 15
345 10
456 27
26 25
316 13
221 8
417 4
172 15
310 16
401 23
91 21
21 18
350 20
320 31
329 27
165 25
309 13
455 13
380 20
141 7
209 9
259 5
249 10
336 6
353 16
120 8
461 4
397 26
152 8
68 32
127 28
404 11
92 26
51 15
42 28
370 14
404 4
226 16
261 5
413 6
1 16
57 25
228 5
122 11
372 9
210 14
272 1
285 11
175 15
38 8
378 15
465 14
238 6
137 30
103 18
111 31
285 15
415 20
323 8
242 31
76 7
44 19
416 4
413 2
163 22
305 28
60 29
25 21
162 6
295 12
63 21
218 23
276 32
211 22
19 8
496 22
403 32
144 22
219 5
259 21
210 31
125 30
35 25
418 28
162 4
312 20
321 17
423 28
13 21
397 23
436 5
181 10
284 20
7 6
84 21
439 18
179 11
267 13
63 32
261 1
248 16
300 28
452 30
367 16
58 7
199 14
7 19
183 14
406 22
348 30
158 14
339 29
200 29
253 26
140 17
190 31
84 14
158 32
415 16
351 29
139 21
466 1
483 32
139 13
393 2
82 31
123 24
91 6
376 3
287 15
356 25
106 19
170 7
326 16
287 1
408 13
281 21
421 28
225 27
4 9
396 17
19 10
4 1
191 27
304 14
245 23
306 22
449 11
113 27
410 19
155 6
27 15
394 11
50 14
358 17
87 1
137 29
271 8
270 25
222 1
438 11
83 11
168 31
69 28
9 15
234 19
500 12
302 13
207 11
363 28
256 17
168 28
109 6
236 10
251 5
450 4
275 32
135 15
267 3
426 23
237 24
142 4
419 11
129 25
145 11
392 16
291 16
144 7
349 15
129 19
187 26
491 2
314 5
256 24
31 25
410 24
192 23
3 19
345 11
291 22
325 31
389 15
446 16
218 2
262 6
97 17
275 11
262 24
63 1
371 21
49 29
212 9
183 7
203 20
49 5
369 6
379 13
340 16
493 9
470 26
254 6
54 13
152 27
468 30
331 19
10 20
471 30
472 1
288 22
32 20
370 28
61 29
9 13
72 5
161 29
106 3

