32
388 21
147 29
461 22
402 25
131 9
220 12
315 22
477 16
312 29
99 27
176 9
172 31
465 22
251 26
189 15
116 20
371 11
121 20
436 18
144 26
450 27
37 32
256 9
235 24
414 14
210 17
42 1
19 6
110 14
23 11
448 15
78 30
253 14
1 24
71 28
106 24
63 22
136 6
359 6
237 4
407 14
64 8
179 3
10 4
204 12
142 11
374 12
172 18
269 25
166 24
20 27
211 10
468 6
252 14
68 12
301 30
286 5
126 8
151 19
307 22
370 25
208 24
168 7
369 28
403 18
127 19
360 2
208 28
35 11
5 18
151 26
280 16
374 21
103 4
391 1
229 4
357 24
355 28
314 4
164 29
461 10
343 1
127 10
500 18
213 4
115 11
161 18
150 26
150 16
409 12
12 21
4 9
72 10
96 10
433 27
306 2
401 20
66 15
253 29
392 17
420 3
179 29
104 20
466 26
135 19
497 19
363 20
219 19
210 30
376 10
425 1
387 29
32 12
55 16
368 11
101 8
305 27
220 32
163 25
365 17
411 30
295 18
213 29
412 14
31 31
416 19
319 2
483 18
106 25
337 21
335 1
112 15
420 31
251 10
220 7
82 2
476 29
107 21
241 22
314 19
156 25
429 18
383 19
27 8
300 4
164 14
152 24
125 31
458 11
208 13
489 2
11 21
18 1
357 22
487 10
233 10
103 13
320 29
424 30
176 11
413 31
356 5
114 20
339 12
206 11
452 15
188 6
363 9
431 11
166 29
92 6
262 22
411 1
30 18
279 21
56 31
396 19
107 9
95 6
284 4
196 12
198 27
401 20
291 23
334 32
99 18
206 25
323 24
293 25
301 23
409 4
114 32
470 24
165 28
369 28
68 12
387 17
150 24
381 8
322 2
100 1
491 13
485 26
272 17
18 12
200 30
131 29
82 4
236 6
368 17
397 31
224 8
403 2
127 19
17 12
497 16
220 7
272 4
152 31
333 17
318 28
447 24
48 12
400 11
329 27
443 17
53 23
64 7
244 22
90 32
138 14
80 13
276 11
265 20
98 5
300 19
332 18
363 23
477 6
365 13
380 28
234 24
178 21
386 9
487 23
384 12
264 23
184 24
166 8
319 11
396 14
29 11
68 7
457 28
4 2
53 11

