32
133 9
279 27
265 9
104 4
279 23
76 29
143 25
431 12
13 9
54 15
289 12
50 11
36 10
250 28
219 10
145 16
399 16
458 23
24 26
326 22
200 25
47 27
246 29
202 18
25 27
416 29
175 13
152 30
446 25
349 21
486 2
220 20
269 13
399 8
442 4
297 22
329 15
336 14
23 21
183 15
348 30
64 22
266 19
231 32
171 12
432 12
425 23
392 29
179 10
336 9
365 32
114 9
179 13
470 25
189 20
452 16
453 19
409 27
285 24
486 15
423 13
110 15
419 25
39 5
494 14
421 15
209 10
255 27
186 13
292 23
80 27
114 17
461 11
307 17
14 4
199 4
60 24
282 18
365 28
426 18
249 3
68 21
232 23
48 2
103 3
496 2
433 29
418 9
131 28
341 8
219 23
431 14
50 28
255 30
87 21
124 31
379 15
144 2
69 3
379 7
381 26
57 1
335 26
261 29
402 1
313 20
491 15
250 4
159 32
158 1
36 17
432 10
27 19
228 4
469 14
470 25
184 18
365 30
352 1
334 1
77 30
224 23
241 21
458 23
329 27
347 8
99 22
334 10
56 29
73 28
370 22
224 17
420 12
422 19
64 8
375 12
253 6
58 17
275 28
95 15
482 30
170 1
423 7
58 27
415 22
2 13
375 10
337 18
165 11
64 1
366 22
72 22
240 14
315 22
497 13
468 30
54 25
262 29
492 7
307 2
152 12
42 7
237 11
172 10
341 28
334 6
377 21
27 12
386 1
481 10
454 4
212 23
437 5
39 28
496 9
185 7
357 11
377 9
309 5
198 9
136 27
58 16
288 8
480 17
129 28
407 22
260 2
144 28
294 31
475 17
379 19
140 27
441 4
32 17
416 21
101 7
112 6
267 31
446 18
275 22
409 9
211 12
150 22
215 16
388 29
436 27
52 23
205 12
443 24
93 2
317 21
113 28
55 31
178 8
476 8
277 28
485 7
404 26
192 14
281 16
11 9
198 26
291 30
257 25
490 1
443 2
246 3
233 16
285 22
3 16
65 19
495 13
117 18
387 20
220 15
239 10
235 12
495 22
190 7
462 31
452 8
336 29
310 28
200 10
181 2
57 13
332 4
498 12
153 32
107 20
402 2
453 5
485 31
14 22
50 7
56 13

