32
377 12
328 24
262 2
268 19
74 23
68 12
344 5
101 13
328 5
288 24
59 1
362 3
95 26
78 18
237 11
130 1
470 1
61 24
123 28
158 28
426 9
43 13
249 7
82 8
140 21
395 6
169 8
48 3
241 29
145 29
367 14
294 29
286 22
420 16
237 29
307 2
153 17
282 17
344 7
32 3
287 23
384 15
34 16
70 31
408 6
307 19
191 24
463 32
157 2
236 29
310 26
406 2
391 12
66 2
106 9
272 13
23 11
199 29
290 12
387 6
333 21
176 3
145 6
351 25
371 18
46 4
127 19
493 21
342 22
306 16
6 25
340 29
84 22
289 29
10 19
274 18
219 25
217 19
438 23
16 4
4 1
339 18
215 11
351 17
92 28
4 30
85 27
478 24
84 18
244 17
144 22
287 10
466 23
77 12
273 8
63 20
356 22
257 26
288 11
126 32
115 9
329 27
323 22
218 19
127 5
351 10
478 5
131 8
343 15
51 7
150 1
390 29
218 31
427 22
105 32
89 15
33 17
269 11
278 26
465 12
299 32
173 24
156 7
423 31
214 17
465 11
290 31
220 7
57 30
216 5
49 16
84 5
72 28
140 5
190 12
104 20
271 4
115 15
431 10
481 32
214 17
358 11
3 17
362 11
426 13
424 11
233 3
259 28
210 30
357 19
354 16
238 20
88 17
254 30
94 14
365 19
31 6
162 13
3 15
296 4
99 7
458 23
77 29
339 6
466 19
37 3
6 30
295 21
330 24
462 7
486 14
434 4
400 23
104 10
117 7
385 31
469 27
250 21
411 8
183 16
486 19
195 27
344 9
436 30
92 1
300 5
427 29
444 2
179 24
431 23
150 23
362 11
9 11
15 7
402 25
295 11
119 9
229 27
33 20
340 16
413 27
201 3
76 28
368 10
395 14
49 17
316 22
15 21
76 25
243 17
430 17
215 28
229 31
362 9
459 13
237 7
44 13
413 31
284 12
372 27
281 8
427 28
385 5
420 28
25 11
288 14
403 6
206 20
297 31
244 23
472 20
329 19
268 5
485 8
224 24
434 8
332 12
99 28
4 19
176 12
385 3
186 23
317 3
270 13
309 6
71 12
345 31
146 25
343 14
368 18
190 1
421 5
364 27
236 27
241 23
98 9

