32
405 31
449 18
241 18
21 7
86 27
208 29
145 16
103 29
94 10
218 11
198 2
376 29
64 26
182 32
476 15
252 16
317 12
329 25
485 5
227 22
199 27
435 32
278 21
64 3
158 30
429 31
19 4
111 30
114 28
437 17
386 20
320 22
92 32
462 28
200 12
498 3
122 4
94 16
172 29
122 21
290 31
387 24
354 13
241 31
492 17
407 17
217 14
282 4
225 19
235 17
430 16
175 4
367 20
155 10
276 4
218 10
326 16
225 4
304 22
350 3
494 17
171 10
186 24
221 11
46 12
39 8
391 13
231 14
332 29
147 15
12 21
24 2
172 25
221 32
418 6
270 19
30 21
177 20
96 9
330 22
204 24
321 15
80 7
204 3
287 18
369 2
66 9
487 10
345 7
65 14
481 10
376 2
478 28
77 10
153 18
419 24
125 27
154 12
141 1
318 3
59 31
428 24
283 7
65 7
473 9
444 25
315 19
315 16
75 15
217 19
1 23
434 9
225 16
33 17
296 2
143 2
240 23
34 6
337 26
204 9
227 31
466 21
170 28
184 32
226 29
322 10
35 27
55 4
194 7
476 26
140 7
399 8
393 20
457 25
30 25
93 16
11 2
500 8
41 7
275 7
83 24
196 22
203 2
81 28
392 12
441 16
378 16
115 14
271 3
202 16
435 7
111 18
204 2
477 5
145 32
215 11
199 26
400 9
364 24
1 3
388 25
138 21
280 8
387 11
27 8
406 5
234 25
110 22
478 15
34 2
190 4
53 4
9 12
141 24
432 17
479 7
285 12
287 17
72 29
319 30
465 20
114 18
444 24
487 6
162 32
395 19
119 19
90 32
251 2
203 2
74 17
204 27
1 2
275 16
367 5
373 3
372 14
232 4
61 27
89 10
90 15
72 29
134 18
392 32
95 18
269 5
479 8
231 31
165 9
402 7
301 26
65 4
463 29
339 12
367 15
245 16
262 17
368 31
182 7
130 20
205 30
296 27
73 22
13 13
382 6
472 10
391 28
58 5
36 20
228 14
175 5
210 32
493 9
34 22
188 27
301 8
412 1
426 28
326 26
72 20
55 27
93 29
283 10
353 14
250 17
220 32
257 25
63 9
209 28
274 16
110 6
343 13
374 24
356 28
409 15
259 15

