32
179 13
496 19
167 26
372 20
448 8
396 4
125 5
89 21
304 19
236 14
289 29
488 3
382 9
460 7
320 19
269 6
227 24
208 9
121 8
449 29
183 4
456 7
472 28
164 31
474 3
324 22
112 11
388 25
355 16
291 7
206 24
376 1
27 4
177 32
367 5
272 25
172 27
207 16
475 26
122 4
473 26
414 28
108 17
280 23
500 19
341 2
334 8
490 24
151 10
359 21
495 18
65 22
209 12
13 3
493 19
482 1
432 31
252 15
48 16
205 15
454 1
104 11
113 17
146 19
111 25
132 9
338 20
474 22
171 3
228 4
473 30
332 32
456 32
294 11
467 19
50 16
395 9
206 27
98 27
122 20
59 21
16 29
300 25
442 7
475 10
338 15
83 13
202 2
456 28
41 26
346 6
341 32
446 2
99 7
101 8
102 15
176 21
407 3
458 29
149 8
74 18
231 12
359 4
193 10
279 25
236 12
26 12
68 12
474 6
366 10
89 12
84 8
288 3
442 13
395 19
29 4
428 11
123 2
42 27
452 13
252 15
148 17
114 3
100 7
436 14
364 20
285 8
491 24
142 5
169 8
375 25
355 26
455 25
440 16
143 7
372 6
429 20
375 14
438 18
333 30
291 4
249 23
347 12
351 20
24 19
227 6
215 5
199 13
57 26
368 16
380 24
297 20
111 11
54 32
497 22
273 27
285 14
66 4
113 32
471 8
434 18
33 28
278 11
20 19
73 3
238 4
478 22
316 4
409 25
340 29
106 32
395 6
485 8
373 5
375 32
436 24
393 24
159 6
403 26
208 7
417 25
130 22
35 1
186 15
313 29
199 6
340 1
12 9
405 20
125 15
79 25
291 3
380 25
345 18
479 32
108 15
201 2
140 7
34 29
29 27
53 31
468 21
23 11
69 7
67 9
410 17
105 28
468 17
352 28
118 6
67 26
224 19
167 24
353 28
392 13
250 13
311 22
337 10
400 29
464 30
449 5
463 6
276 2
242 20
93 23
309 23
288 13
278 10
452 2
6 23
67 27
287 25
176 3
414 16
231 18
41 4
102 27
437 22
284 30
209 24
388 1
239 4
105 24
333 16
201 18
399 7
297 9
496 28
364 1
47 10
286 24
125 8
294 21
321 14
238 5
9 6

