32
266 4
60 13
227 6
198 23
131 10
449 25
447 10
325 23
363 19
308 12
462 31
170 13
86 12
136 24
63 22
244 5
1 31
445 20
120 15
498 15
312 2
363 30
188 20
453 2
314 4
93 15
451 7
439 32
366 22
387 24
223 10
460 4
137 13
155 12
103 32
210 18
302 1
376 13
316 4
242 25
439 27
403 9
301 2
276 18
119 30
297 2
496 5
269 16
365 27
91 11
426 21
232 27
77 11
67 8
286 21
372 21
495 6
317 15
319 5
312 30
106 8
131 9
68 3
436 28
173 19
398 22
31 2
29 27
440 23
202 26
107 1
154 25
198 10
99 13
414 6
306 16
222 8
324 25
38 16
221 6
490 26
363 8
451 11
478 7
190 3
320 12
455 13
101 8
294 11
20 4
461 29
431 30
464 10
470 13
217 10
414 26
12 13
77 30
19 2
408 24
436 3
356 6
51 8
246 5
6 1
404 2
294 26
499 1
291 21
462 28
362 31
65 1
355 22
391 2
47 2
433 27
377 28
76 19
447 13
123 21
86 30
122 11
63 21
339 26
293 24
65 6
27 9
83 1
122 5
106 21
122 27
355 10
382 14
277 25
251 19
485 8
129 2
418 7
78 28
248 30
56 20
228 10
145 10
166 26
282 12
138 19
14 28
105 27
274 25
75 4
131 31
63 27
369 28
302 22
87 1
168 10
65 23
427 17
204 29
326 13
68 24
91 13
159 27
327 28
427 26
159 30
164 9
168 24
52 25
478 27
370 1
484 14
391 23
494 22
207 7
282 26
338 32
206 17
271 12
132 13
285 11
458 29
363 2
480 23
298 1
257 19
157 20
452 23
2 29
344 28
468 13
481 1
53 26
153 7
70 29
223 10
427 29
302 25
10 26
407 23
294 31
326 27
255 9
349 28
426 29
464 9
21 12
49 21
334 26
99 11
190 14
108 28
354 26
256 7
247 3
169 12
29 6
490 19
123 23
39 20
235 6
292 27
1 4
32 22
97 10
88 18
451 20
253 32
309 1
18 31
375 3
446 3
384 16
186 22
478 4
405 24
429 4
170 25
92 1
115 4
183 14
474 1
453 2
141 13
438 6
167 4
48 21
215 16
400 28
289 9
327 14
292 7
93 17
387 24
14 13
372 28

