32
354 32
423 24
476 16
302 28
138 4
236 26
234 30
384 31
256 3
393 3
345 20
158 3
302 22
182 9
5 31
289 6
194 7
457 10
378 26
437 4
229 32
261 15
386 13
481 21
415 25
19 3
297 16
41 30
113 23
274 5
281 31
326 18
477 6
495 27
244 32
74 28
307 26
286 28
182 22
184 20
139 7
59 27
230 27
236 27
173 29
311 5
275 9
131 32
122 17
458 13
260 23
189 15
68 18
258 22
92 26
49 22
496 31
368 21
58 7
271 10
463 14
387 30
422 5
341 3
493 22
260 5
32 24
319 27
273 28
200 16
221 25
297 20
207 20
497 16
118 23
346 29
200 8
170 25
100 22
16 32
159 11
196 22
222 22
140 10
294 32
62 6
440 30
434 14
226 2
262 11
48 23
275 28
338 32
220 9
305 15
380 31
9 12
152 26
293 4
428 18
483 29
304 26
50 17
419 11
222 4
470 9
138 28
368 23
392 24
115 16
322 7
159 31
274 2
264 18
305 27
356 7
235 27
412 17
451 7
411 28
362 16
292 4
180 8
326 7
99 25
118 4
287 4
454 16
142 26
477 10
464 4
85 11
46 16
335 8
178 21
19 32
181 7
39 16
322 28
282 12
156 11
191 18
231 17
353 20
66 2
169 29
365 13
79 3
453 1
258 18
10 13
169 26
439 19
401 32
275 30
179 2
136 25
372 22
365 20
89 18
257 6
311 26
214 21
32 14
154 5
148 11
417 16
204 3
227 12
114 17
489 12
282 16
13 5
342 13
81 14
159 13
391 13
458 5
61 1
474 22
482 17
228 22
289 3
105 3
238 26
219 22
214 4
202 10
5 11
454 1
324 20
421 11
284 19
23 1
71 32
58 24
321 22
154 17
420 6
327 6
179 5
383 4
44 32
469 16
478 3
484 2
238 29
220 22
135 26
70 1
441 11
461 9
116 6
73 24
223 11
45 9
295 23
497 23
215 25
238 32
91 22
345 17
478 12
406 32
9 27
20 30
453 24
414 5
445 31
456 7
237 24
272 24
130 28
222 4
436 19
388 15
32 4
411 25
500 4
472 20
142 24
161 2
323 23
14 12
61 1
286 29
172 1
180 6
28 1
497 16
360 12
46 27
320 28
104 31
123 11
178 28

