32
231 2
455 29
198 32
426 3
330 3
462 14
85 14
134 23
352 5
111 18
259 19
21 31
183 5
323 2
364 30
214 27
451 24
355 9
35 32
331 29
487 4
418 11
334 15
182 9
403 24
478 13
302 22
491 5
78 29
494 14
423 7
240 25
79 30
373 21
78 11
329 32
347 26
338 32
296 11
68 26
310 1
210 12
247 16
448 16
365 21
117 7
499 4
11 25
302 32
42 31
290 30
294 24
468 7
19 31
2 30
313 19
483 30
274 21
426 13
404 26
13 1
280 28
228 30
292 5
377 1
259 7
407 32
154 22
387 21
136 24
462 12
50 16
26 8
376 23
396 8
92 21
4 15
476 11
364 3
464 9
304 18
259 2
330 12
83 24
140 10
455 18
370 24
249 31
179 5
197 19
256 4
187 19
10 22
193 29
280 12
317 27
82 19
144 15
191 18
478 30
296 20
283 17
139 16
263 10
8 3
96 31
450 2
373 23
295 13
35 14
425 24
361 22
278 4
120 8
82 9
2 17
232 20
97 6
167 15
39 22
21 10
288 22
267 4
280 1
429 30
487 9
17 23
62 31
202 1
114 15
129 11
11 4
251 31
81 1
317 24
295 29
105 10
158 12
298 29
284 30
455 26
282 15
468 3
265 10
23 19
304 11
197 23
214 27
273 22
68 2
469 18
130 14
147 16
149 8
428 4
21 6
406 10
205 13
144 1
394 14
51 14
372 16
364 5
398 24
83 5
281 7
178 23
476 17
402 12
120 17
260 29
63 13
442 11
389 18
87 15
455 30
332 23
89 31
263 22
386 21
155 15
100 16
429 15
360 10
403 24
158 10
120 16
326 25
190 14
350 5
348 9
118 23
335 14
429 25
395 11
498 29
481 9
233 29
23 12
238 17
423 31
438 22
171 15
159 8
181 24
488 24
16 13
411 30
162 3
151 29
153 4
309 5
96 5
393 2
337 6
395 19
81 12
5 19
299 23
462 23
22 6
358 14
54 28
91 12
107 1
328 11
92 32
96 15
29 16
157 21
322 3
475 26
86 15
356 8
141 5
214 19
266 12
52 28
191 10
91 5
87 14
260 14
53 31
217 17
194 13
297 3
127 12
472 28
250 7
448 31
496 1
257 21
436 16
284 19
153 22
275 3

