32
18 32
488 28
109 21
46 32
171 2
342 30
399 20
252 32
147 7
22 29
33 3
384 21
475 1
157 29
430 25
133 28
124 24
291 28
480 20
219 19
93 13
368 31
88 11
66 15
197 4
491 1
318 18
177 17
46 2
73 8
18 26
275 17
29 25
224 29
104 7
363 32
59 30
390 18
404 28
84 25
395 11
329 4
4 14
356 14
43 1
377 8
338 23
52 10
419 3
226 26
273 20
69 27
21 22
329 25
265 12
377 15
190 9
223 18
414 6
95 4
358 19
367 31
325 2
413 23
397 14
116 13
430 8
352 18
345 20
78 14
295 26
472 21
363 14
30 24
124 4
84 25
298 6
28 30
72 32
216 12
133 3
340 14
218 31
68 6
222 9
23 17
303 15
353 5
40 10
144 15
209 23
496 2
381 31
479 4
18 18
123 10
376 6
416 29
153 23
6 22
479 21
94 1
227 10
149 30
31 1
281 31
223 20
96 19
2 30
406 15
119 4
372 2
490 15
290 14
269 32
71 4
176 9
232 22
314 9
371 5
25 31
287 31
130 3
202 3
456 7
353 15
487 9
272 20
11 14
173 28
357 3
231 32
259 2
137 29
46 7
121 18
10 3
169 23
289 2
122 5
180 10
23 18
50 2
197 9
207 5
44 27
112 2
298 18
439 14
146 13
293 14
406 26
25 14
292 21
147 9
261 23
91 11
196 4
281 13
404 27
113 15
402 24
72 15
298 19
337 23
347 17
61 28
134 21
30 25
249 24
394 2
206 20
144 22
327 24
146 3
263 18
381 8
186 1
418 19
167 18
425 17
86 13
468 11
421 21
348 10
25 5
31 26
428 22
483 14
302 16
188 32
90 1
431 11
225 28
257 19
454 5
255 15
222 14
110 18
71 29
163 15
401 5
176 24
219 23
285 8
490 21
435 7
245 13
205 21
64 13
211 21
198 9
56 3
390 29
412 24
325 15
258 25
119 14
404 13
444 20
208 9
12 26
216 28
358 32
428 14
85 22
290 30
306 5
52 20
213 19
211 25
389 17
261 20
402 32
344 1
204 20
481 27
45 24
175 19
468 6
28 4
92 1
185 25
366 32
148 6
50 23
467 19
179 15
446 4
95 5
128 2
44 12
364 5
8 18
195 27
344 22

