32
492 31
478 1
335 6
136 29
427 7
274 26
401 21
496 26
118 10
77 24
282 31
191 21
362 24
25 4
302 12
461 5
259 3
357 21
176 5
401 31
427 19
24 23
171 27
76 32
376 24
371 17
394 5
2 24
389 30
283 10
306 32
335 20
34 19
8 9
35 24
15 2
434 30
492 16
260 8
95 27
219 5
144 21
378 17
220 6
374 6
307 23
97 29
94 6
36 17
43 6
213 21
235 18
447 31
454 10
146 16
45 4
217 16
328 30
184 3
63 13
401 17
88 13
362 13
331 29
338 1
318 6
281 9
47 7
131 24
137 12
104 21
491 28
220 7
117 3
217 27
163 17
47 18
318 24
135 16
8 28
372 22
373 4
230 23
231 4
475 27
135 22
251 29
249 18
295 9
76 12
43 2
332 13
340 25
201 18
148 24
1 23
385 13
23 10
495 5
325 17
323 27
398 13
288 22
246 26
362 17
297 32
410 1
49 5
129 17
278 1
308 2
499 21
150 17
10 17
477 11
317 19
145 7
75 28
212 28
366 26
492 26
181 30
142 5
2 19
329 24
103 29
409 9
385 7
326 14
407 14
80 23
305 29
437 31
8 25
403 13
426 6
239 10
499 32
187 5
206 3
132 4
207 20
261 15
450 6
485 16
91 20
431 19
492 3
330 8
71 12
428 12
329 26
454 20
250 4
180 11
358 19
115 5
54 27
7 32
164 15
63 18
259 21
353 18
64 22
453 18
117 13
482 17
46 19
124 31
278 27
102 27
317 24
403 19
442 18
78 17
252 32
210 2
485 6
112 12
447 12
385 27
296 26
212 30
152 15
488 1
342 5
268 22
156 26
84 13
431 25
53 11
153 31
396 13
28 31
240 31
275 20
241 2
342 4
263 25
491 27
126 28
395 21
193 27
266 25
499 25
289 4
83 9
166 14
281 5
337 12
371 23
496 28
384 13
415 23
33 17
453 30
88 15
254 29
397 32
261 16
68 5
299 26
342 20
479 2
360 19
346 27
129 13
194 1
381 20
363 29
365 7
423 16
161 12
288 30
195 32
157 2
449 31
263 18
270 2
115 9
408 32
359 29
4 24
253 4
364 19
149 16
429 27
383 13
98 11
350 17
70 22
258 14
312 13
159 5
466 18
62 1

