64
366 12
265 19
234 25
252 1
166 2
171 21
173 29
493 25
495 1
454 9
279 13
267 22
87 24
489 21
136 24
373 13
463 5
487 1
209 3
1 7
364 7
71 28
39 11
333 1
360 2
401 18
34 20
16 16
355 28
380 10
35 17
342 21
93 20
45 18
418 21
380 25
419 18
169 30
216 9
194 7
138 7
65 23
114 32
494 4
435 10
309 13
330 2
169 14
477 22
427 11
462 22
379 5
459 23
190 3
399 31
453 8
329 1
58 30
448 4
261 26
277 13
54 6
70 7
231 3
288 18
145 5
19 15
481 14
422 10
356 4
257 24
208 13
177 9
231 24
20 11
210 24
412 23
105 5
337 16
231 24
49 19
225 7
250 5
248 7
79 3
194 23
115 21
271 19
222 13
118 9
196 27
241 15
294 29
291 14
384 26
106 12
248 2
203 13
238 6
371 20
257 29
2 3
21 13
365 14
477 30
335 16
13 23
130 10
123 17
287 31
442 28
142 21
425 28
38 3
146 20
182 10
176 32
476 1
160 32
290 4
173 4
160 21
50 17
342 13
61 21
383 10
372 20
43 13
220 32
15 17
43 4
470 3
83 5
267 14
136 16
434 32
32 5
345 13
233 18
457 22
314 3
499 22
363 29
38 6
176 16
150 15
99 15
289 22
415 19
479 22
462 20
209 21
356 9
278 13
239 26
86 32
73 32
293 19
477 22
220 24
233 13
370 24
339 22
217 13
64 15
6 10
459 22
222 26
267 31
254 25
233 7
112 21
423 13
443 3
86 30
402 7
382 32
354 4
133 10
176 29
116 17
74 26
394 3
92 4
146 25
220 26
36 20
386 6
440 20
60 1
193 1
47 26
436 4
497 21
321 12
117 5
204 22
66 1
188 17
313 25
354 32
414 9
67 31
50 18
330 21
235 2
273 25
447 21
33 23
481 9
466 25
345 29
490 11
470 5
67 2
362 4
165 15
160 20
426 25
441 31
21 23
481 2
308 27
58 12
74 30
248 19
486 1
60 3
3 13
3 5
162 4
193 14
491 20
261 32
265 6
374 25
376 30
134 11
485 15
78 10
228 10
96 1
418 11
39 20
387 10
44 4
257 32
78 31
292 18
366 32
39 28
44 19
445 18
301 17
368 19
338 12
204 22
364 5
144 15
96 23
148 15
430 4
227 11
3 2
345 32
277 19
459 24
149 20
349 2
388 9
180 30
368 15
11 31
59 18
485 10
36 4
144 2
388 6
176 10
239 8
109 7
107 4
187 31
27 7
56 26
307 19
139 2
321 9
405 19
359 13
384 2
373 20
63 24
249 15
1 32
462 9
354 16
380 4
323 2
131 14
172 25
169 18
111 1
15 27
72 21
107 15
118 23
334 25
90 27
123 14
422 28
51 31
152 2
19 26
40 13
407 31
437 7
224 31
268 10
117 27
314 32
145 20
54 11
316 4
61 18
85 30
21 7
108 24
121 30
349 12
478 24
222 15
182 25
17 5
239 6
139 32
209 8
335 26
466 30
109 22
87 14
359 28
384 14
131 28
148 4
15 21
439 16
243 24
385 16
421 11
393 27
26 25
398 29
66 19
10 15
388 9
72 26
56 15
268 22
459 19
369 17
391 19
61 10
279 9
245 7
271 13
461 28
441 3
156 22
221 18
32 29
114 31
410 29
58 29
58 24
443 11
340 22
85 8
171 7
196 23
265 2
403 14
114 7
288 21
348 4
286 32
172 31
334 22
419 11
110 13
258 1
255 10
90 19
349 20
406 1
174 6
214 12
247 31
270 2
448 13
246 25
200 5
132 10
350 18
128 12
378 22
216 20
335 1
175 15
416 32
283 29
101 17
368 24
323 25
85 2
457 30
355 17
247 18
394 28
239 13
407 1
110 18
452 32
278 26
331 5
57 29
485 30
109 8
357 28
340 13
405 5
123 23
9 13
448 14
316 11
126 15
7 28
48 30
31 18
288 9
370 16
326 23
205 18
58 1
421 30
354 10
250 24
288 22
48 8
363 11
126 28
289 28
75 25
145 18
14 16
170 31
480 31
89 12
133 19
97 29
248 26
82 17
129 6
458 20
309 8
390 30
11 23
121 26
367 17
395 24
197 4
114 32
263 11
359 19
53 23
3 12
256 21
500 32
158 1
411 6
128 17
455 10
331 27
427 21
339 13
428 11
89 1
62 19
447 21
449 7
79 19
354 27
239 13
422 32
13 13
65 20
485 7
482 3
93 32
11 12
81 2
318 29
182 32
371 13
356 19
183 30
473 5
472 12
241 18
459 30
78 16
97 26

