64
274 5
98 1
170 14
250 4
497 9
36 10
429 23
110 14
334 11
451 25
323 5
249 3
362 3
315 15
141 15
317 15
259 10
399 8
259 20
268 28
28 3
249 12
261 14
238 22
404 32
355 22
473 31
177 26
361 19
448 9
285 32
267 20
382 5
471 32
164 6
99 20
96 31
351 32
56 24
302 3
128 4
37 28
462 17
137 2
203 28
322 3
51 1
382 4
105 17
276 29
146 30
312 30
73 14
449 8
454 18
87 29
257 3
384 22
187 12
391 21
307 1
79 1
5 13
493 5
17 8
229 18
493 16
107 1
406 12
193 3
157 19
143 18
105 22
335 7
249 30
235 7
142 17
263 30
125 11
458 25
374 3
7 23
430 25
283 15
20 31
397 1
457 15
294 5
268 24
407 4
57 5
422 18
454 17
47 18
291 17
423 13
43 21
235 4
245 25
11 17
344 3
145 8
150 2
65 21
121 23
433 14
112 2
79 17
390 14
494 13
482 12
49 16
48 27
347 13
151 5
261 10
468 13
146 25
398 30
33 6
180 5
399 15
23 18
207 24
307 1
296 28
468 28
15 12
478 29
12 9
422 20
474 9
232 3
357 13
328 13
498 20
58 5
150 24
78 1
343 20
57 19
375 12
186 25
95 4
453 14
144 22
433 29
466 32
236 30
144 31
63 30
422 28
390 20
403 23
428 1
54 20
235 24
63 1
372 22
436 4
467 15
402 4
47 23
63 10
41 15
197 31
200 26
74 13
41 12
259 32
72 12
155 31
295 18
431 18
227 2
341 9
148 14
444 26
313 15
180 25
65 12
455 8
197 16
204 18
207 22
409 6
329 4
288 3
485 2
140 27
435 8
107 18
426 15
480 26
409 15
90 25
386 8
88 30
275 19
23 17
456 32
110 8
51 26
258 23
115 29
449 30
80 19
187 25
309 26
242 29
324 3
41 1
78 20
495 32
270 13
184 13
152 6
360 14
43 29
440 25
217 20
262 29
499 5
153 7
114 7
24 6
77 24
350 19
44 4
358 17
65 2
38 28
39 17
122 5
218 13
89 6
153 19
434 7
151 23
457 20
481 16
53 5
248 31
415 19
450 9
103 18
370 32
434 16
93 23
340 30
467 16
447 3
482 5
121 24
319 22
396 23
113 4
59 12
406 18
2 4
302 1
221 3
448 2
78 16
60 5
53 27
196 16
349 22
232 6
161 14
103 24
200 31
208 30
427 29
435 8
320 8
384 21
258 8
250 27
75 14
455 4
40 19
479 4
32 6
413 20
111 3
100 22
230 7
271 12
123 2
435 3
145 27
39 19
354 12
441 24
449 12
259 32
398 13
80 5
150 12
472 4
7 3
421 16
229 12
243 12
101 13
498 21
347 4
499 8
323 20
332 8
187 26
111 28
179 10
364 24
34 23
440 4
406 20
479 2
107 13
189 11
249 26
304 32
73 6
499 12
445 6
19 23
272 25
66 6
375 17
481 24
264 24
151 1
484 13
358 10
201 15
149 17
436 20
248 5
309 23
256 18
280 2
384 27
458 26
56 28
230 29
91 17
160 13
365 31
221 19
437 17
473 29
74 8
240 17
416 8
271 27
153 3
500 1
305 22
190 29
141 3
101 4
264 12
472 4
255 9
54 19
465 22
127 26
286 30
63 9
117 17
76 30
87 31
10 16
384 23
456 5
469 4
108 12
315 23
416 25
475 5
111 24
347 25
181 24
306 27
36 27
76 3
44 30
390 21
405 21
103 24
1 3
267 32
7 10
39 30
2 21
242 13
304 28
201 29
275 27
227 19
281 2
125 12
168 22
80 12
343 10
136 3
456 30
451 26
335 25
87 9
1 25
301 25
120 25
289 7
359 11
409 7
21 13
314 12
251 17
463 13
278 26
287 6
352 17
399 30
225 22
374 22
18 26
234 1
175 2
235 5
240 31
24 24
28 29
151 14
434 26
74 7
63 8
148 10
97 11
304 1
236 13
102 13
203 3
445 25
208 20
113 16
174 8
411 29
177 10
182 18
27 3
172 21
467 4
207 3
218 6
439 13
38 25
409 24
375 5
320 31
236 13
382 10
420 20
314 24
205 16
205 31
454 1
24 28
400 18
186 17
443 1
273 8
17 21
424 19
237 15
177 17
175 30
234 15
54 31
42 14
246 15
341 32
327 32
323 18
297 25
46 7
337 30
422 17
202 13
447 10
88 20
262 22
33 19
208 2
394 10
196 31
200 28
190 6
455 25
103 11
225 24
341 9
317 30
265 6
459 27
307 6
186 9
159 31
63 31
156 12
320 15

