64
127 30
131 20
296 29
77 18
357 6
465 16
319 15
5 15
293 5
237 23
75 7
490 15
38 18
34 28
483 17
230 1
490 12
52 5
472 17
478 4
286 6
280 4
17 8
150 25
245 14
7 7
432 21
417 5
154 15
229 5
275 14
97 12
21 25
400 32
129 6
320 30
171 23
222 31
86 19
200 10
257 6
352 20
406 5
9 32
423 25
196 17
398 8
312 30
144 11
261 8
88 32
38 27
234 7
149 20
481 16
353 25
406 13
129 15
177 5
370 3
225 17
147 2
61 14
243 24
168 27
328 8
435 5
218 16
327 26
191 3
66 32
396 31
452 8
133 28
12 27
78 8
271 16
209 3
33 7
91 20
305 26
159 27
486 28
111 8
446 13
118 31
196 5
185 23
388 9
126 23
23 15
486 14
278 6
180 26
348 10
362 13
39 8
243 32
248 17
187 25
358 17
407 9
21 19
52 1
259 17
159 30
232 21
279 29
42 26
319 6
80 4
394 6
51 24
494 14
193 12
194 6
188 28
454 17
394 13
469 9
34 7
138 29
327 16
125 21
77 15
110 12
326 11
126 29
490 23
378 10
2 16
231 30
375 29
398 25
41 30
125 6
48 6
190 31
381 27
95 29
313 12
317 27
58 26
367 23
264 32
229 17
167 15
454 26
495 27
14 20
272 18
461 28
103 27
46 11
169 12
143 29
47 15
471 12
252 13
150 23
433 2
280 27
41 21
344 27
288 5
422 7
198 7
230 12
237 27
486 21
118 29
237 28
439 8
119 19
44 9
409 32
350 16
279 26
125 14
277 20
183 2
174 8
432 28
384 8
382 9
424 28
349 13
367 16
220 30
182 7
458 10
443 15
482 1
49 30
46 29
221 32
226 10
460 6
149 27
29 27
63 9
234 8
465 12
403 8
437 24
298 14
377 20
405 26
164 5
167 2
481 7
289 30
485 8
215 21
294 16
367 5
48 4
120 12
52 2
47 24
457 32
86 25
288 2
43 7
146 9
12 6
152 9
183 32
252 6
120 18
345 3
254 12
290 1
255 21
246 9
33 26
348 18
238 27
311 4
290 24
193 9
433 28
305 31
331 1
216 14
454 24
140 7
451 22
431 25
122 8
357 22
81 9
123 18
191 25
450 4
240 2
485 12
337 29
491 23
49 14
468 14
118 20
60 8
389 26
477 18
369 1
164 1
389 14
471 12
423 8
263 22
265 27
38 5
92 12
119 20
85 30
494 30
397 21
474 25
247 6
147 15
282 18
120 15
299 2
454 5
361 8
235 17
19 28
77 26
151 15
101 31
484 14
141 29
351 2
369 17
63 31
415 12
28 14
218 15
327 19
399 23
443 13
163 29
108 27
422 14
137 2
197 21
320 9
205 18
302 5
118 16
292 32
411 19
122 21
349 28
355 20
135 1
84 25
109 8
240 18
301 28
108 1
200 3
37 32
96 18
33 21
405 8
300 28
494 1
296 27
369 22
442 15
299 13
3 19
68 26
141 9
322 24
421 5
26 18
129 13
147 9
37 4
336 20
219 9
257 14
375 17
367 16
331 25
193 5
424 16
427 16
184 20
15 1
472 32
266 28
364 20
464 12
167 19
87 21
332 19
250 30
171 5
374 1
133 10
334 8
381 4
175 17
211 29
373 14
432 2
134 7
401 13
46 12
248 17
304 27
179 2
284 6
374 5
202 2
426 11
118 7
498 32
223 4
333 7
242 24
232 27
263 28
471 16
403 6
292 7
148 3
316 24
172 13
292 13
398 10
112 23
376 5
159 6
169 19
44 26
458 19
136 8
110 26
380 21
28 23
423 31
345 2
310 32
278 18
241 27
23 4
42 10
312 8
199 16
42 26
241 3
220 28
71 25
186 2
45 21
324 7
91 17
408 9
36 21
206 28
64 20
479 1
181 7
156 11
474 1
472 31
399 15
294 13
223 15
122 20
395 6
438 22
466 2
90 5
234 23
481 5
78 31
253 6
453 12
488 27
308 19
345 15
353 18
379 7
321 9
194 3
150 20
404 3
181 21
319 10
343 7
211 20
462 19
29 10
75 8
44 10
30 28
440 26
378 19
161 14
171 26
468 8
189 8
138 1
68 16
135 7
107 25
182 28
11 19
333 9
430 9
319 20
264 10
193 17
428 13
42 22
411 14
121 19
85 6
320 16
66 30
414 12
150 16
239 32
158 11
97 27
299 27
398 23
24 27
407 32
147 5
253 13
162 18
360 6
483 19
249 12
484 11
71 5
462 29
496 27
232 12
57 26
358 3
296 10
249 23
185 3
355 29

