64
469 10
465 9
36 4
248 15
54 3
119 15
4 26
458 2
308 31
300 3
364 20
280 27
301 14
11 28
267 17
472 23
70 12
63 5
495 30
3 25
261 2
335 20
231 28
169 15
106 12
389 9
463 24
380 32
473 30
331 11
238 18
177 8
442 32
116 12
49 31
336 29
92 10
276 26
313 5
212 30
468 24
387 15
120 10
46 20
7 8
387 20
381 31
255 22
154 7
110 27
489 5
215 4
467 7
105 19
491 5
49 26
268 23
240 11
52 21
183 6
364 29
153 21
483 20
270 25
130 11
43 30
380 9
401 30
451 29
476 25
173 32
251 29
310 26
31 21
479 5
270 10
485 19
142 28
34 8
160 31
346 6
132 1
310 28
422 29
388 14
405 25
273 7
57 3
497 27
295 15
4 17
20 32
191 22
11 8
425 14
386 14
371 1
347 1
400 12
145 19
17 17
51 6
56 31
76 24
46 30
230 25
138 29
92 16
262 19
403 14
272 28
160 19
156 10
27 23
273 15
46 14
71 20
431 22
407 26
381 12
227 18
56 5
211 27
44 32
249 11
214 13
86 9
367 2
378 17
500 6
267 1
291 29
197 5
167 7
430 31
258 21
361 21
373 31
311 12
246 28
214 11
136 28
183 6
393 4
246 20
414 20
141 28
52 9
481 2
143 30
469 32
418 17
416 10
251 2
410 12
489 11
159 4
274 9
477 2
457 30
262 22
289 10
277 1
442 17
262 32
19 2
335 32
410 18
78 32
179 31
212 16
109 2
143 15
414 28
252 22
397 5
91 10
266 28
378 31
328 11
494 26
221 28
134 30
429 3
494 32
197 9
127 9
426 1
243 19
444 7
413 21
359 19
26 25
74 7
35 26
393 21
99 29
208 12
243 29
294 24
96 14
292 10
499 9
46 13
407 6
87 3
182 30
174 23
274 3
461 12
500 13
188 15
318 16
182 4
384 8
499 7
317 26
256 11
358 25
260 28
142 10
435 23
495 20
381 28
206 9
76 18
398 7
8 31
10 25
478 1
16 28
427 21
117 22
351 22
335 22
89 12
160 15
299 6
334 15
422 24
224 9
449 13
463 8
39 5
496 12
69 32
195 12
48 27
177 18
488 15
360 32
339 7
303 29
24 16
19 13
379 2
293 15
66 4
134 24
80 22
323 12
345 9
495 8
383 24
141 18
386 32
150 32
370 32
64 18
291 7
190 22
176 19
348 22
90 26
401 29
167 16
20 3
444 31
106 27
242 2
48 27
98 29
203 7
352 22
64 11
200 22
16 4
88 3
173 29
48 5
49 10
148 32
428 12
138 21
270 19
131 17
358 24
366 8
250 9
29 22
63 25
67 18
308 18
293 20
182 16
52 6
110 12
353 5
143 3
422 28
221 16
80 2
335 25
489 4
14 6
397 20
98 3
6 25
320 26
384 1
193 3
434 2
486 11
191 4
277 32
391 1
219 11
427 21
267 11
136 4
284 17
60 13
199 29
137 7
66 16
371 30
307 13
264 32
443 6
124 3
269 2
67 19
188 5
391 15
260 30
438 31
114 9
128 1
413 16
183 26
136 13
88 18
61 23
289 15
8 20
73 32
482 20
466 1
336 24
475 7
437 1
194 3
261 17
215 14
288 9
3 31
5 30
68 14
144 1
420 15
472 13
278 9
188 31
474 23
302 24
174 11
64 3
141 1
39 15
350 18
307 20
101 11
146 32
228 5
376 20
292 20
196 1
152 31
16 5
109 21
277 18
111 20
500 11
164 6
309 1
68 15
217 8
130 6
39 17
2 7
60 29
466 3
66 21
489 29
446 22
453 22
83 16
61 27
166 29
324 19
441 23
145 17
410 26
222 5
483 32
67 14
220 4
149 25
352 17
421 17
438 6
370 13
289 15
455 14
211 6
132 7
21 1
364 26
402 13
82 4
12 8
130 8
383 2
72 3
118 21
235 24
218 25
428 14
239 10
311 17
11 27
451 11
71 14
17 20
251 2
60 6
450 9
49 20
318 13
418 27
465 9
342 26
109 21
187 7
354 1
147 13
291 13
451 21
263 27
37 21
417 32
478 6
136 7
197 17
499 15
239 19
471 29
496 23
405 18
129 15
382 19
327 13
371 17
237 25
96 9
349 8
368 7
377 15
57 5
307 31
243 10
221 9
182 28
495 22
101 27
196 30
397 30
358 12
151 11
104 26
367 17
257 27
483 13
441 3
261 8
297 4
349 17
68 22
436 11
115 24
37 15
369 18
184 31
53 26
173 32
431 27
312 19
329 6
375 30
36 16
221 8
139 21

