64
119 20
33 12
364 5
98 32
243 14
129 4
218 19
364 30
235 8
65 20
310 12
168 14
485 3
464 17
94 6
75 16
125 3
348 24
252 9
431 2
498 12
177 15
162 32
180 4
296 21
179 17
132 27
242 12
153 10
157 22
379 31
162 7
394 1
195 9
305 21
490 30
388 14
16 29
409 24
297 20
292 23
309 11
25 2
242 13
459 18
479 25
333 8
44 18
148 30
370 16
66 3
105 18
80 24
206 28
167 14
44 26
181 20
84 21
105 26
86 32
427 4
104 27
203 23
336 18
88 5
5 6
267 13
311 22
80 4
186 19
370 1
408 22
136 16
106 8
373 11
155 19
458 31
410 24
257 25
213 9
302 9
202 4
29 4
118 25
379 11
59 24
235 22
1 30
161 23
461 13
1 12
184 15
226 13
470 30
337 15
178 2
103 19
410 12
242 31
92 29
181 14
72 19
319 1
488 8
31 20
364 23
267 19
341 8
491 11
326 4
345 11
169 15
86 10
282 19
456 29
151 16
226 3
254 13
499 17
376 25
41 7
411 3
490 20
151 24
414 16
11 22
34 32
408 23
109 30
150 17
266 24
52 4
78 2
388 28
250 3
104 22
57 3
449 2
118 3
230 19
278 20
492 11
271 11
134 28
440 11
296 2
138 11
401 28
4 20
291 30
254 11
395 30
465 11
208 2
145 25
316 30
28 27
289 31
205 10
30 13
408 5
54 21
171 18
112 27
93 7
132 26
1 10
7 29
73 22
250 1
354 17
195 26
371 7
32 15
108 17
423 3
385 8
411 3
429 7
433 29
277 20
366 29
294 13
445 18
142 22
138 16
258 16
377 16
18 32
406 5
320 25
139 4
304 30
110 25
72 3
105 16
162 11
328 19
47 4
24 24
465 22
35 30
345 15
53 27
22 10
339 29
138 6
44 2
379 6
26 6
252 14
1 29
304 32
220 14
451 19
390 27
256 12
192 13
187 4
167 8
405 5
401 15
334 4
336 12
301 9
365 16
194 5
169 14
44 28
199 6
482 32
112 22
364 23
42 6
250 8
461 7
64 17
197 22
157 4
461 29
448 18
213 1
42 25
342 26
268 9
283 1
332 31
190 19
401 23
448 15
290 5
305 10
121 9
103 9
236 31
86 23
388 18
27 6
30 5
367 29
113 29
249 20
395 19
491 16
21 30
298 7
50 18
368 23
306 14
299 5
384 4
427 28
385 17
53 30
25 31
62 1
419 23
81 22
101 27
313 17
212 2
487 26
63 6
136 12
175 14
260 31
22 10
182 6
342 26
172 15
4 29
355 18
395 3
291 27
209 11
320 21
416 2
386 30
12 29
49 26
306 24
96 27
197 17
437 27
362 4
109 1
192 23
491 19
250 25
81 22
88 24
230 15
58 23
185 1
135 21
106 29
245 18
471 13
330 23
183 12
366 15
260 26
106 30
144 31
235 24
164 26
328 30
28 9
360 20
157 7
297 2
139 21
315 25
185 21
220 8
188 9
362 11
346 27
49 13
25 31
417 13
456 20
138 31
184 29
47 4
343 27
453 5
87 24
146 15
264 13
490 11
153 12
101 23
22 29
339 31
135 7
291 18
54 20
425 21
276 3
76 19
17 29
303 11
148 20
225 31
164 15
65 21
122 29
167 31
18 13
393 20
464 7
94 13
314 22
254 10
192 25
60 20
61 18
14 8
14 22
322 5
156 14
345 29
255 3
272 4
368 24
275 3
51 28
199 24
237 16
305 8
133 28
487 29
282 24
253 19
90 10
323 17
164 16
374 2
30 9
41 1
12 27
79 30
183 18
130 7
81 22
199 9
2 9
110 31
389 10
429 14
139 7
74 10
418 11
71 8
295 15
196 19
130 11
72 32
256 5
434 28
339 20
401 12
21 10
474 29
75 26
238 5
4 7
367 22
462 25
73 4
252 4
266 17
98 6
44 9
390 21
189 4
313 9
419 5
302 24
93 4
497 10
440 17
492 22
126 1
299 2
61 22
169 26
134 19
367 21
471 9
357 31
188 17
451 27
353 24
202 21
479 3
126 3
403 14
280 24
422 6
429 18
479 29
364 32
215 10
492 10
338 29
196 30
369 15
336 2
250 9
370 1
87 20
351 29
465 26
368 14
60 12
72 26
245 11
206 23
16 13
348 6
397 8
83 22
42 26
43 27
306 12
223 13
259 29
85 31
407 29
461 22
100 12
59 16
170 8
7 9
313 6
390 29
249 16
30 2
93 8
137 11
336 23
495 18
136 31
317 10
383 29
63 3
12 13
30 29
237 24
217 9

