64
85 18
345 16
88 29
219 6
259 22
165 30
274 25
87 26
470 21
499 28
279 8
453 3
188 11
270 4
442 8
130 10
282 26
225 29
206 20
270 25
381 14
242 2
186 5
272 7
21 6
326 16
29 31
126 16
161 8
231 26
235 12
127 8
185 28
385 27
499 6
59 23
144 8
384 25
332 19
336 5
424 1
4 4
291 5
19 7
80 6
404 27
313 3
330 22
86 6
92 12
72 2
314 31
301 25
395 21
204 22
337 3
95 12
283 21
24 25
40 28
402 27
418 15
325 23
64 26
165 19
197 8
156 6
302 28
411 28
440 10
130 8
444 8
319 18
312 3
379 23
446 8
146 19
198 14
461 25
84 5
119 12
212 30
346 17
82 16
413 9
73 30
149 4
117 3
446 32
161 32
131 2
307 8
320 29
97 29
117 28
257 32
164 13
361 25
185 22
116 9
167 32
138 15
407 10
485 24
386 22
27 32
251 30
291 11
190 27
203 14
271 7
41 30
131 10
294 16
47 29
412 29
448 30
379 30
7 28
58 16
9 12
259 7
269 21
181 2
140 23
116 6
46 28
47 16
261 24
491 4
100 23
20 15
156 11
104 26
114 1
406 22
449 24
84 21
417 13
27 28
351 6
169 32
149 3
72 6
54 14
69 13
316 8
255 23
338 6
485 23
223 26
276 19
257 8
239 29
476 29
432 22
258 24
74 3
166 5
168 19
58 16
427 22
175 25
196 9
391 28
167 5
273 11
135 6
302 29
258 5
490 26
306 27
493 15
357 11
375 4
81 5
463 28
10 10
188 5
354 18
441 16
394 21
314 12
446 11
105 28
95 2
245 9
192 5
279 25
247 10
276 12
290 15
335 7
228 26
59 9
156 11
452 1
64 18
281 25
84 21
416 11
330 8
79 17
249 9
273 27
214 5
174 31
139 12
357 10
234 16
298 17
266 9
141 25
218 29
394 22
157 5
332 6
469 18
359 25
118 31
63 12
31 25
38 21
448 15
386 9
14 15
273 23
488 10
312 17
38 1
210 23
365 5
32 17
450 18
253 16
225 28
103 19
256 4
276 23
90 5
236 15
400 24
234 11
125 21
443 7
453 1
209 25
45 24
2 27
482 18
266 26
421 4
312 32
63 19
231 25
452 22
107 11
177 12
237 14
88 15
168 20
387 16
209 20
467 22
278 16
315 23
5 20
466 21
467 32
255 9
384 30
366 31
56 11
330 28
48 10
27 11
309 25
90 9
196 32
78 25
356 5
71 24
184 8
176 10
268 19
199 31
488 16
141 24
106 7
39 17
92 29
219 12
330 20
269 1
68 18
202 3
442 8
134 13
160 6
127 23
92 9
77 7
388 18
326 18
392 17
350 7
133 29
234 2
80 6
191 3
52 28
421 13
163 31
174 18
216 16
248 27
476 29
237 15
246 31
412 5
279 2
471 27
34 28
77 13
410 31
464 25
158 20
9 28
290 30
346 21
333 21
15 4
121 16
375 30
18 18
354 28
251 12
410 16
232 18
101 9
104 12
305 9
151 5
285 17
199 18
149 15
74 20
43 23
267 5
412 16
54 22
431 9
441 32
292 8
178 20
164 1
11 16
394 30
485 14
306 23
11 18
65 4
117 23
130 7
375 14
18 17
307 32
437 3
492 16
271 17
176 26
301 2
254 26
51 30
75 12
272 5
310 24
21 2
295 2
13 9
43 30
301 17
34 17
448 29
21 30
45 4
151 29
85 32
243 4
345 29
343 16
106 12
156 10
282 22
127 22
322 26
379 23
370 16
63 29
436 7
386 24
130 17
177 15
496 11
202 13
439 32
308 8
400 3
21 25
412 28
178 22
317 32
208 30
320 18
207 27
205 20
439 2
332 7
252 20
385 1
20 23
201 27
219 12
290 15
132 21
238 17
138 30
216 21
444 31
467 22
494 31
93 12
356 13
398 16
456 2
264 31
456 16
301 22
415 22
265 30
143 14
206 20
260 30
477 7
308 15
204 21
465 4
84 12
424 17
131 15
114 11
205 10
62 6
447 21
447 3
22 5
417 32
73 28
1 1
230 24
343 29
165 27
432 12
330 16
81 1
438 14
59 11
467 4
352 22
448 10
328 10
91 8
49 7
123 5
63 4
412 21
488 8
415 32
176 20
479 16
56 12
153 30
114 20
86 5
385 25
467 32
354 29
12 10
423 10
6 9
190 10
241 13
197 11
300 4
250 26
479 18
398 16
123 27
103 16
328 11
445 14
254 10
202 17
404 12
251 1
460 8
30 16
320 27
58 32
450 23
249 17
316 30

