64
50 10
463 6
218 5
126 6
274 1
245 24
421 31
22 13
65 22
61 17
496 1
228 26
15 6
165 28
219 31
46 12
304 17
433 25
157 19
374 18
419 23
449 32
149 26
308 18
79 16
434 30
109 13
427 15
271 23
103 9
409 16
461 28
360 5
437 20
303 18
149 10
132 13
265 29
418 20
494 20
143 15
274 19
292 8
78 14
143 12
254 19
179 10
467 27
459 3
258 5
212 19
38 28
355 22
476 5
225 5
120 12
99 9
470 14
445 31
303 15
78 17
489 5
122 15
351 8
357 12
45 5
366 26
116 29
236 23
345 24
263 24
327 13
357 1
455 17
47 21
239 9
165 31
437 31
34 11
422 30
246 18
162 20
252 1
184 27
423 16
446 17
343 21
250 7
125 24
203 19
312 21
351 17
20 7
319 1
425 20
146 7
58 32
486 17
288 9
295 23
48 28
247 30
68 4
441 4
51 27
67 7
436 17
43 3
56 5
63 8
100 32
206 29
367 7
317 31
211 23
69 6
55 27
500 2
15 8
18 25
286 28
131 17
204 21
231 3
385 21
295 17
353 24
345 19
43 26
77 13
124 5
363 2
16 22
356 30
5 9
298 30
160 21
67 15
453 1
326 2
442 28
174 10
471 30
364 17
31 13
266 7
141 16
388 16
341 11
37 1
467 3
338 22
115 12
341 31
53 22
108 2
137 17
139 3
3 6
120 5
146 17
391 3
216 19
294 4
373 31
104 16
17 1
317 23
49 9
401 25
26 21
298 14
141 4
473 19
141 4
28 27
180 2
277 19
48 14
302 17
252 25
260 12
49 4
454 5
289 23
401 10
215 22
180 15
337 8
350 2
447 25
320 30
146 24
224 14
369 5
114 17
133 29
92 21
4 30
482 12
252 22
458 30
136 13
172 4
140 13
153 30
249 32
415 31
271 10
440 28
366 9
464 10
481 7
382 4
304 23
276 23
301 5
372 24
221 32
259 4
268 32
1 17
439 27
263 22
256 26
53 17
310 28
470 6
274 23
125 6
270 24
336 26
336 16
357 12
455 11
119 26
230 15
90 9
385 24
230 12
109 14
464 18
1 21
59 10
488 32
55 25
435 11
30 19
302 2
178 8
352 13
181 22
119 11
454 4
326 27
347 19
168 11
204 16
95 27
293 10
446 8
42 16
90 19
2 11
308 32
350 32
180 18
297 6
4 18
5 30
284 24
468 19
14 19
470 32
137 26
394 6
313 11
166 18
358 23
496 17
50 13
380 1
79 4
231 26
277 15
467 32
438 6
362 7
309 19
411 5
297 16
379 13
238 32
363 23
414 26
464 12
407 23
248 5
371 18
270 15
65 21
59 6
22 32
305 18
455 19
479 31
18 1
211 27
104 9
406 21
283 25
184 9
415 12
377 9
261 10
284 29
234 6
31 24
465 15
141 23
49 31
21 2
327 32
376 30
156 13
151 10
353 18
330 20
469 30
404 26
56 19
258 5
232 24
100 29
122 5
467 6
359 8
291 2
423 3
467 14
151 17
220 20
155 9
271 31
459 2
204 14
65 14
6 12
101 14
344 11
346 27
448 20
150 23
93 8
109 20
1 7
380 12
262 6
473 32
9 27
410 28
296 22
377 25
269 14
406 9
404 23
275 7
159 4
145 31
199 21
162 31
364 22
475 21
427 31
361 31
229 22
499 32
95 3
176 11
204 30
179 7
36 21
162 30
80 10
297 2
411 14
33 26
203 11
102 30
305 2
416 1
435 22
56 1
289 23
244 8
16 30
303 8
79 28
97 10
121 1
492 3
203 12
8 17
382 10
386 30
275 10
70 2
215 29
238 23
59 13
199 7
107 13
126 29
316 18
46 12
115 17
171 1
412 10
425 17
139 31
330 30
464 11
475 6
375 32
385 26
249 27
360 23
435 13
243 14
206 24
241 16
177 7
192 4
441 1
233 3
279 2
196 6
165 30
271 19
86 7
324 10
89 11
40 7
19 18
328 21
421 13
100 17
331 20
37 3
408 9
54 18
34 5
279 22
271 1
89 32
204 20
393 8
299 8
371 21
65 2
393 1
266 13
286 1
136 6
219 19
294 8
432 23
373 26
377 15
110 21
202 1
432 22
309 6
377 23
399 21
376 3
129 6
487 6
442 14
87 8
16 24
284 3
411 28
360 27
2 22
455 23
134 22
500 30
468 8
120 22
20 12
8 16
193 7
62 22
468 32
145 20
232 12
134 6
287 18
280 16
463 14
194 28
471 17
390 30
420 13
155 19
208 11
87 8
9 24
237 4
351 26
311 14

