64
423 3
239 7
457 16
449 23
69 4
100 15
38 31
500 23
46 22
83 14
280 26
60 21
370 12
429 22
106 1
192 8
399 30
451 23
185 23
145 10
194 20
136 19
430 11
361 23
89 11
28 24
17 27
16 22
11 12
163 8
372 2
200 14
136 30
328 12
252 16
73 13
215 12
379 21
195 7
471 23
33 15
354 21
289 25
491 15
164 21
471 15
359 6
8 22
171 31
165 22
158 22
218 16
149 32
220 23
186 15
329 22
393 26
323 5
402 21
36 21
317 10
451 31
27 30
372 17
144 21
118 9
330 7
377 10
134 28
25 11
490 13
240 6
239 10
119 24
226 30
409 7
11 15
69 21
169 25
85 8
181 10
465 22
240 9
339 21
288 31
395 14
420 30
215 18
400 29
1 5
338 21
19 32
120 16
236 16
380 24
451 20
225 7
421 16
107 7
40 19
326 2
376 17
272 18
106 7
275 10
147 8
367 22
312 2
105 27
125 12
71 7
247 19
342 7
315 28
129 6
46 18
492 13
198 7
363 3
137 13
261 23
100 11
448 27
316 16
162 28
239 8
218 25
230 15
3 28
211 12
102 24
437 9
29 31
59 3
141 27
231 13
329 2
83 29
93 2
32 18
41 7
337 31
107 18
21 30
314 23
445 15
339 5
211 19
219 5
313 4
167 3
112 15
224 7
123 32
444 23
421 5
129 9
447 27
27 15
48 8
402 32
106 20
225 12
162 7
436 26
154 14
368 26
448 31
164 7
111 7
429 15
295 25
492 13
143 18
412 11
209 1
34 14
256 14
481 25
405 8
94 30
221 13
175 16
255 22
442 9
297 18
100 7
278 15
36 29
460 15
463 24
111 16
185 2
458 29
338 18
136 11
419 24
243 6
227 1
283 29
66 23
38 1
22 24
107 17
88 14
355 26
289 13
249 9
386 6
341 7
419 8
5 6
183 7
135 5
299 5
429 16
348 15
28 25
134 30
129 25
403 7
474 15
3 26
15 32
280 27
314 22
182 22
387 32
268 5
477 2
290 5
430 5
371 1
209 24
295 5
428 9
375 1
92 29
475 14
116 26
313 1
451 10
98 10
62 17
210 14
134 23
442 3
487 5
224 23
372 2
87 12
270 5
52 1
189 6
319 28
131 23
436 14
328 17
123 9
101 4
278 19
183 8
149 21
236 24
68 7
445 6
258 3
319 30
427 11
39 17
15 2
227 2
103 7
187 5
295 19
408 5
225 2
496 26
111 23
449 2
41 10
183 15
312 17
460 14
360 14
335 2
19 5
379 29
319 21
49 26
56 9
390 12
398 9
5 32
467 22
389 27
51 8
157 10
276 20
99 19
318 21
64 16
198 23
161 4
359 13
333 18
369 26
194 31
458 2
478 32
3 31
283 21
290 3
414 29
259 21
404 24
149 3
263 2
409 19
66 4
336 2
181 20
472 18
322 29
276 16
205 10
18 23
183 19
277 28
75 15
164 30
462 25
297 13
362 25
351 31
324 30
177 17
94 28
82 3
428 21
418 20
339 31
118 29
445 3
320 32
281 8
349 23
148 29
171 25
202 1
288 17
411 24
233 16
315 3
122 10
23 4
374 21
326 7
233 19
89 9
290 26
388 14
464 15
487 18
247 32
6 30
64 16
201 17
123 7
463 17
109 9
136 14
50 21
324 14
231 29
38 24
134 5
214 5
163 16
82 26
387 7
147 30
207 12
246 21
66 32
277 2
45 24
7 6
77 3
79 19
447 9
31 20
245 16
380 32
295 13
21 13
251 15
482 9
218 24
342 12
139 2
309 31
234 28
480 6
350 23
468 28
27 2
227 11
445 6
30 15
418 2
271 4
69 5
329 10
36 10
421 18
139 2
61 4
397 20
33 26
302 1
393 8
202 3
303 19
428 28
237 25
234 28
216 14
316 8
439 27
417 12
228 28
293 28
279 9
32 8
138 25
164 22
217 9
352 19
363 31
350 28
327 11
163 18
236 22
142 15
32 10
90 27
465 6
399 4
274 6
407 15
318 18
144 30
286 27
52 21
477 30
304 15
336 6
48 32
295 25
302 10
247 7
84 7
124 26
306 25
115 20
11 29
133 10
318 31
500 10
123 28
123 2
482 14
391 9
233 1
218 26
362 4
276 13
378 11
131 20
351 5
247 9
381 12
366 27
354 21
68 28
44 10
401 25
499 3
54 4
179 3
117 12
290 29
336 15
347 30
202 10
415 9
410 3
32 4
493 29
344 32
360 8
101 20
264 32
254 1
35 24
291 31
323 8
247 26
99 2
328 24
143 26

