64
470 27
459 32
145 17
110 26
96 3
198 2
314 18
466 9
117 29
420 23
11 12
238 2
29 18
112 5
305 31
479 30
49 2
321 2
94 6
39 21
317 4
58 14
261 24
15 13
224 18
396 26
382 1
460 2
126 15
318 30
221 21
407 6
438 24
315 7
157 1
219 5
145 16
455 25
151 9
282 26
254 9
312 23
13 15
248 27
397 30
272 10
66 19
239 7
258 21
33 6
109 7
91 25
230 29
10 29
365 23
310 30
171 9
457 7
447 12
25 20
121 25
313 26
327 11
40 20
307 12
349 19
26 3
372 8
187 29
340 3
23 25
373 17
122 21
79 24
384 24
411 9
104 7
394 26
477 2
365 15
209 5
402 31
356 13
194 6
5 9
445 27
181 9
275 2
349 1
222 28
308 4
292 7
411 6
192 27
323 12
374 19
473 11
469 24
251 22
73 31
46 5
485 31
37 3
232 9
463 25
173 27
141 8
385 7
353 1
289 19
484 10
410 28
288 22
487 10
244 16
144 9
280 32
219 1
90 7
257 5
255 13
27 27
245 31
297 1
339 2
476 11
99 25
482 31
318 25
276 25
232 16
202 27
251 8
383 17
222 4
449 13
420 19
75 4
237 8
465 16
309 24
102 19
380 31
293 29
255 25
110 30
340 23
201 22
434 19
486 12
74 26
484 6
260 30
361 29
281 13
276 13
320 5
348 19
163 16
396 26
412 5
255 15
19 15
45 24
242 10
459 23
464 26
12 15
204 5
71 28
253 22
277 21
74 8
123 29
467 22
6 31
226 12
481 20
271 17
196 28
407 14
30 30
300 14
444 31
470 23
338 2
64 2
146 6
237 29
226 32
138 23
434 12
46 10
459 28
291 10
179 21
12 9
418 31
454 29
313 7
227 22
496 31
264 30
132 32
262 5
407 11
291 28
114 28
106 21
4 32
430 14
92 21
242 5
251 11
73 15
321 20
65 25
294 28
310 21
31 15
133 26
321 19
481 15
110 26
211 5
481 32
147 12
433 8
284 7
287 17
98 3
360 26
275 21
193 16
77 15
6 1
364 23
483 29
465 32
430 7
57 15
166 23
186 26
442 10
281 16
30 22
39 29
243 13
41 3
101 25
361 26
29 25
284 11
421 20
454 10
422 14
464 32
64 18
185 2
175 25
437 20
46 3
444 28
140 32
426 12
156 15
197 16
363 21
194 27
80 3
336 2
9 28
293 20
5 25
429 7
498 6
86 31
192 9
35 23
216 24
274 31
98 7
406 12
155 7
94 2
449 10
291 25
433 3
381 17
264 1
467 13
378 16
155 14
432 5
456 31
1 6
369 2
256 10
58 6
224 19
347 24
432 10
481 32
72 29
300 7
225 6
447 3
169 30
228 12
142 19
98 30
116 6
92 3
91 13
484 30
151 15
190 27
172 6
298 3
234 10
282 30
67 28
264 4
329 15
187 27
26 25
464 25
102 23
364 13
55 3
62 2
29 31
140 8
272 21
147 5
238 20
315 13
155 2
244 8
421 30
158 18
66 25
438 20
28 5
64 18
500 9
491 24
376 14
80 11
271 10
356 32
5 18
16 11
451 27
346 3
41 19
168 14
476 30
125 27
406 32
288 9
313 31
285 16
112 32
38 14
293 9
94 5
266 25
159 13
220 1
439 12
359 3
217 30
64 26
392 1
381 4
78 1
162 10
84 13
429 10
7 17
366 8
221 12
60 3
200 19
383 6
242 22
96 23
279 7
152 11
332 8
54 17
77 15
122 24
339 2
133 21
474 19
444 6
482 28
72 21
134 11
22 12
400 2
186 18
480 17
52 15
220 9
71 32
171 24
308 18
445 24
206 10
290 2
111 7
5 23
155 10
341 21
365 32
498 22
121 29
238 13
492 30
481 10
457 12
458 20
365 26
56 2
172 21
71 18
468 31
168 22
417 8
2 29
451 31
35 24
328 24
96 7
433 24
232 18
431 17
153 31
295 16
365 14
405 3
303 32
362 7
197 10
182 31
262 21
197 24
56 24
420 15
194 4
430 14
241 9
170 26
7 8
305 7
133 13
158 20
432 11
110 1
500 7
327 25
275 27
409 6
251 32
332 16
179 26
73 24
474 27
369 8
58 25
203 23
382 24
330 17
82 3
293 21
433 15
45 4
198 29
37 28
132 29
95 31
334 8
434 23
114 6
138 3
474 12
65 3
403 2
372 4
36 4
268 13
487 5
28 28
469 24
483 29
136 1
263 9
448 16
127 9
349 29
436 18
456 4
381 11
98 8
194 9
267 6
305 29
330 4
140 10

