64
149 5
98 4
263 8
172 22
268 15
205 17
397 3
499 22
9 8
97 26
182 20
315 19
203 2
195 7
260 6
316 9
247 25
24 29
388 15
91 23
146 19
252 18
177 14
211 29
478 20
214 23
143 4
382 1
238 20
63 5
253 2
109 3
143 25
212 26
31 18
37 4
300 24
70 25
241 28
161 26
291 11
81 22
106 26
482 19
241 29
192 5
274 4
196 24
136 7
446 3
412 2
46 27
473 27
39 29
99 8
283 5
278 7
26 31
28 16
430 12
404 9
112 9
124 23
445 8
65 18
130 20
75 15
39 11
494 1
463 32
480 29
184 25
459 30
344 2
421 9
105 24
245 29
56 28
23 32
331 16
241 12
267 3
339 17
417 4
86 20
275 25
476 6
174 19
223 9
272 15
141 1
22 1
445 6
308 15
77 31
258 22
450 1
188 4
33 5
471 2
336 9
35 7
407 12
245 17
76 13
124 4
97 5
156 9
222 31
359 15
453 21
320 7
345 27
394 5
315 17
495 22
461 1
461 7
88 21
200 31
425 23
434 13
319 5
413 5
51 12
395 32
444 22
258 20
424 15
164 15
367 30
388 24
390 32
398 9
257 21
343 21
123 8
54 6
364 22
186 15
293 28
122 32
145 19
375 32
233 11
10 32
400 18
131 6
449 20
118 5
329 21
386 19
88 27
244 8
460 1
422 17
360 3
340 12
125 3
128 21
105 25
308 20
386 10
145 27
22 7
39 6
427 24
152 22
418 16
317 2
28 18
482 12
132 1
95 8
387 2
465 15
63 16
347 4
414 27
486 23
457 29
136 27
152 19
249 6
34 13
299 18
7 24
301 18
100 19
246 27
173 22
329 15
333 11
34 30
370 16
32 6
396 15
61 31
306 17
320 3
225 10
252 27
397 16
73 25
3 6
187 23
379 27
409 31
394 22
161 11
313 16
440 16
211 16
459 32
12 18
58 29
248 22
171 28
65 3
196 7
412 6
241 2
249 1
205 6
295 29
256 27
408 31
371 10
251 25
337 14
310 11
202 5
56 1
405 4
319 20
39 11
334 7
372 26
484 12
279 30
292 14
440 20
284 2
21 26
490 6
148 4
456 17
60 15
425 8
334 20
416 28
326 21
207 9
386 10
125 12
171 28
49 30
319 4
124 12
218 25
253 5
116 32
417 4
422 6
491 31
85 6
183 22
358 29
458 7
282 18
110 12
202 10
265 28
194 8
415 11
205 23
127 28
226 3
347 3
236 10
106 32
447 28
433 9
380 19
251 29
176 1
316 17
222 16
101 23
172 19
325 24
34 15
47 31
198 18
462 25
435 3
105 9
58 13
37 21
279 32
449 3
352 24
35 9
47 31
340 30
354 32
297 27
171 8
349 32
441 26
300 19
228 16
107 25
145 12
425 27
487 29
229 10
340 16
114 27
102 17
308 31
321 13
193 31
152 18
210 12
203 21
22 7
117 24
419 1
475 12
35 13
68 24
150 28
231 8
498 20
420 13
287 8
113 11
434 12
372 3
411 7
356 20
61 28
412 11
288 14
174 22
199 30
289 16
353 19
315 14
55 15
358 25
326 19
23 28
290 31
106 21
173 21
484 17
488 19
415 11
133 17
449 27
386 13
30 6
460 1
291 6
431 12
58 4
322 32
219 28
178 29
164 2
489 23
286 1
246 13
251 10
141 11
60 10
140 13
115 23
137 1
464 27
256 25
27 10
304 29
393 22
421 20
183 10
258 9
386 19
21 20
380 17
39 31
38 22
232 8
480 24
112 7
139 19
167 17
148 22
409 32
451 6
151 2
91 29
454 24
411 30
315 11
486 9
433 7
86 20
378 9
384 21
359 30
207 13
38 3
347 26
98 13
127 21
134 13
9 23
396 31
412 15
61 1
267 18
271 21
9 20
269 16
488 12
117 15
4 26
253 26
452 18
351 18
302 20
499 22
423 2
229 30
456 29
231 7
486 5
427 19
1 23
238 32
174 15
386 26
360 30
231 27
192 25
93 21
417 11
155 23
336 31
24 28
375 18
14 9
459 28
207 15
338 28
150 20
2 28
41 18
25 31
376 8
204 24
61 4
262 7
162 14
449 13
389 31
143 10
35 21
45 1
411 22
389 16
245 6
447 21
103 4
408 3
391 11
150 7
82 28
369 7
9 17
131 17
344 17
2 22
373 30
323 7
131 19
47 28
100 1
12 15
316 3
385 15
381 10
361 26
149 2
408 13
398 19
257 1
163 22
323 8
7 13
22 6
207 4
365 22
61 16
64 8
147 20
286 31
186 11
193 2

