64
275 21
469 14
191 8
170 31
159 26
139 9
225 3
243 18
249 5
160 29
71 3
35 30
405 16
412 27
2 30
349 32
378 29
285 21
433 26
283 15
376 17
247 4
35 10
73 15
414 8
268 8
30 10
466 22
269 25
417 18
318 1
398 8
286 30
320 2
488 14
160 11
375 7
18 17
452 2
396 29
173 11
349 18
316 10
135 12
394 23
58 24
20 15
463 21
488 26
22 3
235 5
393 5
143 26
222 26
499 21
459 3
131 27
224 18
472 27
381 5
261 26
132 8
244 26
84 20
227 17
262 26
342 3
422 32
416 19
78 23
111 16
437 5
194 13
390 13
371 19
85 23
60 13
115 20
162 26
239 25
7 28
54 32
358 15
183 26
322 24
40 8
499 8
377 16
340 2
412 26
388 13
45 32
65 15
455 30
208 25
318 18
396 7
265 18
198 16
379 23
411 26
302 14
97 10
305 21
296 25
350 31
65 30
482 29
404 16
58 20
332 16
381 28
98 22
333 11
445 23
369 11
332 31
116 16
52 21
216 19
489 18
382 17
163 15
385 27
3 6
382 6
21 18
265 11
259 13
117 11
11 22
262 18
8 13
122 27
1 5
110 13
106 31
245 5
409 9
187 11
275 12
449 3
33 17
265 4
162 2
346 32
71 3
218 10
188 19
340 16
379 17
381 13
291 25
457 28
458 15
462 16
62 22
378 22
475 31
237 4
228 7
363 22
393 20
79 24
122 2
120 29
219 4
189 1
476 25
412 29
139 2
368 32
487 30
497 29
240 14
300 27
20 3
116 28
94 14
196 28
463 27
68 1
166 32
42 25
104 29
278 30
30 1
293 21
242 17
329 25
226 17
299 17
143 2
213 8
459 32
303 30
74 26
454 23
329 31
435 16
152 4
25 25
61 9
49 2
310 30
135 23
358 13
484 32
51 20
439 29
455 10
134 12
463 24
322 28
138 16
75 17
172 24
322 24
268 22
237 25
99 19
316 32
8 23
307 14
198 6
270 28
339 4
235 17
47 8
296 16
15 23
325 10
174 10
121 13
219 26
222 18
80 21
273 11
39 16
348 20
29 2
91 3
225 21
19 31
232 31
306 18
389 14
284 2
479 28
206 22
113 19
367 1
167 23
483 17
422 3
292 26
300 18
168 8
206 15
498 1
353 19
183 1
137 14
6 23
73 15
16 30
490 18
230 8
225 8
361 14
246 28
448 13
386 3
272 19
153 25
380 29
276 6
449 12
231 30
82 27
17 14
488 14
183 21
13 7
485 13
405 6
229 28
127 22
170 6
56 15
371 27
31 10
200 8
113 18
285 22
85 17
495 4
158 2
493 19
84 21
247 28
58 7
43 12
440 21
286 4
239 16
134 13
357 30
452 13
115 25
366 27
241 5
123 7
390 23
273 13
295 23
165 4
346 31
92 25
475 1
132 21
236 26
334 8
303 21
116 5
225 21
468 22
193 30
216 30
260 20
259 30
358 19
109 7
185 16
340 4
280 27
224 31
292 25
310 10
46 25
363 26
258 14
235 6
475 10
88 30
141 14
491 7
472 27
405 16
3 12
315 26
419 11
149 26
447 30
156 16
235 18
262 4
403 24
145 9
150 12
462 30
429 32
492 24
254 17
56 4
492 26
38 2
260 22
324 7
495 31
402 9
200 31
72 14
363 21
182 24
152 27
5 25
298 25
480 19
245 23
307 4
109 20
350 20
233 1
130 27
355 16
160 14
46 15
359 4
151 16
123 3
34 16
383 3
476 10
381 16
453 11
159 17
86 24
132 6
32 30
397 22
293 4
291 26
138 29
98 21
40 24
443 21
51 17
255 14
242 12
449 26
378 16
106 20
467 14
133 31
351 25
88 23
288 23
184 14
231 13
418 31
205 24
47 11
388 10
133 1
141 21
175 10
392 4
185 11
369 22
61 27
50 28
65 10
230 1
467 5
233 24
83 17
447 21
396 22
282 20
166 18
312 16
496 12
120 24
266 4
349 30
59 27
177 15
236 11
75 26
219 28
437 17
448 31
281 7
420 3
74 9
188 2
425 15
293 12
363 2
383 19
87 13
109 23
416 16
21 10
249 15
1 25
391 17
271 4
495 10
86 17
275 25
10 11
456 30
446 14
211 4
28 29
473 13
59 12
36 20
81 5
22 26
321 1
234 20
436 32
133 9
500 15
293 1
161 8
162 14
417 28
286 21
20 2
285 11
349 28
362 1
104 31
362 29
147 3
72 2
175 12
454 18
315 11
387 19
346 16
433 7
272 18
59 3
179 27
221 31
14 10
455 22

