64
152 10
134 9
114 23
169 27
338 7
474 11
488 18
40 29
9 20
416 24
499 8
191 27
317 21
466 10
113 5
494 4
79 28
312 16
202 12
50 24
214 11
398 10
385 5
494 13
340 9
192 6
337 3
265 1
151 14
166 11
278 20
83 32
139 26
399 32
78 25
83 23
323 24
492 31
269 6
304 20
98 15
298 30
377 26
290 7
143 8
346 24
319 32
128 9
173 6
352 30
178 31
41 1
266 20
411 18
221 10
494 7
61 31
456 9
204 2
20 30
257 1
469 3
292 12
235 24
326 18
66 15
20 10
355 6
193 14
23 22
183 28
436 15
158 31
384 17
340 7
410 8
267 3
22 6
178 20
225 31
194 18
358 21
451 28
202 24
33 17
409 32
92 8
310 6
86 5
314 6
447 4
373 17
306 23
474 19
2 19
338 15
44 31
112 31
110 29
490 3
241 2
210 25
93 15
286 14
64 19
103 30
26 32
427 27
222 4
314 31
302 31
122 26
49 17
340 22
101 13
152 26
78 25
26 22
232 15
199 27
261 22
8 23
481 6
117 10
186 30
128 31
284 21
332 24
185 15
342 18
203 5
127 8
58 28
153 5
314 32
139 10
5 22
360 9
432 17
38 5
110 25
455 10
266 27
429 18
161 14
87 4
467 13
347 16
216 8
164 17
351 18
103 27
299 26
191 2
142 20
50 24
244 9
201 25
143 1
311 11
251 13
370 1
314 25
240 1
68 3
410 6
408 12
328 26
29 2
140 15
449 1
126 32
45 6
405 11
306 3
194 20
315 3
272 8
483 3
9 26
117 26
171 24
485 30
434 9
219 13
35 19
465 28
211 22
189 11
400 7
181 21
50 27
360 14
475 18
36 11
96 21
104 10
380 8
468 29
452 6
441 7
205 22
350 11
119 3
381 10
33 1
463 2
407 22
107 29
219 31
215 18
147 10
284 30
257 3
395 1
140 3
47 32
444 8
110 2
434 30
80 18
402 10
400 25
419 2
41 5
500 28
155 18
425 18
376 22
392 10
390 27
308 28
227 4
331 4
313 13
30 16
82 31
489 17
239 23
339 12
248 18
387 18
336 11
191 19
344 22
184 21
464 7
20 10
446 19
230 15
319 15
354 28
41 23
85 4
453 31
263 8
464 21
101 19
163 27
213 31
224 32
91 32
91 3
81 16
313 22
146 19
272 28
234 17
46 26
444 30
92 2
198 8
206 30
206 20
441 31
226 8
18 5
203 4
279 16
348 27
445 17
425 9
196 26
29 29
476 12
91 11
381 32
326 2
437 12
157 21
302 7
393 7
199 3
483 17
378 30
271 23
26 23
243 26
204 23
166 3
446 16
450 14
247 31
263 12
158 3
264 19
153 28
334 19
103 4
31 16
497 13
6 14
347 4
95 19
370 29
81 27
220 2
344 27
157 22
2 10
377 5
477 1
273 22
84 31
477 22
206 25
119 20
346 5
163 13
15 17
405 12
51 20
329 19
442 13
352 19
355 32
208 19
313 24
492 20
206 32
213 3
292 11
178 29
296 13
429 6
77 17
461 7
309 30
225 18
478 1
193 32
8 28
14 32
435 25
67 8
324 28
254 15
462 32
252 21
124 20
271 8
217 11
178 9
372 7
126 18
331 30
33 6
421 3
10 11
403 24
198 19
59 28
193 25
235 12
129 6
328 7
57 4
482 26
68 25
488 5
202 6
363 27
360 27
133 17
342 23
148 23
261 27
342 10
79 12
249 31
433 20
458 29
119 23
427 2
143 22
231 25
436 9
431 7
79 15
15 8
449 30
311 14
72 16
15 10
80 11
209 12
43 14
205 21
308 31
51 18
396 29
146 15
225 28
477 7
490 11
427 15
357 13
500 32
92 18
430 23
332 18
35 26
7 11
387 2
369 5
467 28
69 29
299 5
40 31
299 2
322 25
320 18
17 11
457 1
388 26
131 23
375 25
93 9
403 31
250 11
267 29
239 3
329 17
479 16
367 17
101 24
206 32
365 14
442 26
182 5
59 5
400 30
477 12
18 32
174 16
354 12
484 16
274 4
184 20
383 15
232 4
238 13
255 15
363 13
128 8
377 26
60 12
471 9
471 29
120 32
108 17
83 23
417 24
254 32
311 12
2 15
471 20
35 18
46 21
274 9
497 14
210 8
130 25
444 16
21 23
244 32
36 26
218 8
386 15
255 28
310 21
294 9
348 5
358 9
429 23
417 21
484 18
333 29
158 12
65 30
339 28
305 10
337 18
381 6
48 23
122 26
243 11
490 18
447 27
186 8
181 10
152 20

