64
219 13
239 9
194 7
19 8
14 5
195 32
240 19
106 17
483 13
401 31
68 21
208 17
495 18
300 17
374 30
330 8
462 8
104 23
90 19
315 28
135 1
91 26
231 32
102 9
412 6
12 20
54 11
4 4
440 15
448 14
408 30
109 22
197 5
376 19
187 10
390 13
403 8
194 29
379 15
50 18
352 13
121 13
131 8
156 18
131 4
87 2
85 20
259 5
260 3
67 14
28 4
266 22
139 31
267 17
309 24
159 32
228 7
416 26
107 27
483 5
378 10
126 30
117 29
95 20
75 25
173 10
469 26
236 7
452 18
476 4
21 26
419 12
264 14
309 14
256 15
310 6
212 24
95 20
24 5
259 18
202 7
403 26
72 26
480 23
343 23
134 19
292 28
462 16
237 2
129 17
413 15
126 8
226 24
8 25
113 2
402 26
49 4
187 8
294 18
347 8
473 24
351 24
384 24
23 28
434 4
464 10
442 1
25 23
13 12
119 21
150 24
290 22
175 32
373 24
493 27
308 25
51 26
81 6
321 23
405 10
106 13
303 11
161 4
65 5
63 15
149 28
406 6
113 1
117 14
104 22
408 23
426 26
272 30
243 1
461 32
198 14
368 29
317 24
32 25
53 14
268 21
158 13
343 26
309 31
311 5
68 15
27 2
176 11
351 7
243 19
270 20
433 17
496 25
368 15
481 4
473 24
325 6
477 19
455 17
477 6
49 5
484 16
242 27
226 4
281 4
107 6
111 23
390 7
139 30
485 31
29 17
71 25
290 27
371 21
331 28
362 32
244 13
307 5
207 8
428 8
203 30
241 1
276 3
271 2
240 28
237 32
64 23
473 2
205 3
98 27
42 15
118 29
7 8
121 1
159 9
404 25
286 21
26 26
127 32
179 22
403 27
133 7
73 13
172 1
300 29
164 13
431 21
478 5
57 10
1 11
350 13
428 24
49 29
401 23
452 11
40 23
346 32
25 22
481 4
47 28
316 18
472 10
342 17
34 2
47 18
465 12
290 16
235 30
48 19
364 7
66 31
57 3
279 25
32 11
480 14
390 27
139 13
244 5
162 17
230 24
15 18
307 32
437 6
494 12
176 17
39 21
464 15
355 14
380 15
204 3
168 29
6 27
157 1
491 6
378 4
377 20
414 32
47 22
77 16
390 28
101 20
197 16
374 7
157 9
141 20
464 17
156 9
319 24
421 9
482 26
28 26
393 1
393 32
347 29
183 24
73 15
15 9
198 12
171 26
345 4
417 32
324 28
480 30
236 16
302 17
50 17
426 22
474 3
233 8
139 4
407 23
50 9
331 16
12 14
453 8
17 22
15 4
293 14
185 4
394 6
96 7
166 30
384 7
192 17
162 30
384 12
393 5
192 19
32 8
76 29
411 16
206 22
135 2
419 19
82 32
156 25
106 14
402 2
164 21
310 2
275 5
97 7
477 1
241 29
196 25
493 22
464 10
31 27
251 14
121 16
465 5
361 19
450 30
412 5
207 5
142 5
413 19
499 17
231 3
249 26
259 5
383 3
142 26
25 25
215 9
224 19
273 16
101 30
198 24
39 32
84 8
236 4
122 14
89 12
176 1
481 11
430 20
361 19
129 9
463 19
381 19
225 30
474 10
227 15
189 29
426 29
149 17
472 30
98 20
326 14
397 14
412 26
21 4
396 13
212 23
195 28
249 4
97 10
97 20
245 13
440 6
261 20
183 9
62 20
292 27
405 16
44 24
365 9
143 21
65 6
323 20
298 19
383 26
144 3
69 20
467 29
410 24
300 16
460 1
371 27
247 4
291 3
295 19
207 22
119 31
143 17
234 28
67 8
334 31
446 2
302 25
114 11
140 14
302 15
274 29
201 9
152 19
15 26
202 21
87 12
195 10
317 5
169 31
396 26
445 22
108 15
254 25
457 29
134 19
195 20
487 19
484 14
90 6
287 11
422 22
314 12
103 18
248 3
13 28
477 13
337 24
55 30
156 20
186 22
474 4
401 20
126 4
301 27
437 7
209 2
460 27
177 26
4 29
389 28
272 25
325 8
300 3
401 31
242 30
448 27
317 28
378 22
287 14
213 7
117 21
432 16
295 21
194 27
385 6
314 8
298 30
115 13
221 19
255 22
452 31
381 16
254 30
413 25
140 21
115 32
398 7
35 24
155 24
490 11
161 8
398 26
497 32
258 5
378 17
31 1
419 11
448 8
372 20
416 19
337 31
470 18
77 1
425 31
436 27
473 21
274 26
258 6
233 20
339 10
232 5
438 18
131 25
377 22
96 25
217 20
175 26
17 27

