64
77 16
483 18
290 21
478 11
359 20
385 3
199 28
445 13
484 28
340 17
466 10
207 9
260 2
301 1
494 7
378 2
202 12
427 27
433 20
129 3
152 21
37 2
300 21
99 23
356 6
67 13
203 14
493 26
131 1
158 24
135 15
397 28
451 11
178 27
431 27
25 6
319 1
283 31
394 21
253 5
318 28
70 8
297 6
334 23
59 27
106 13
82 6
381 4
28 30
266 14
216 26
243 7
54 26
357 15
110 25
196 8
484 5
151 28
30 16
410 16
179 31
133 20
220 5
143 20
126 20
261 26
401 20
80 6
233 4
253 26
248 8
121 16
64 16
363 21
107 29
181 9
491 1
248 31
381 18
14 6
1 18
199 17
481 30
59 17
65 11
407 29
110 11
248 29
2 22
265 25
86 21
97 13
313 29
343 25
438 28
403 19
481 29
43 18
231 25
26 27
263 12
163 20
15 2
44 16
372 1
476 9
457 9
237 10
269 31
166 18
434 32
496 7
21 7
80 23
343 25
101 2
241 8
329 27
173 5
122 32
385 18
205 25
374 29
314 30
20 4
199 21
399 19
71 31
437 18
21 23
459 6
236 15
385 13
157 21
141 18
157 21
79 29
421 28
153 15
445 20
66 8
329 20
394 3
383 18
253 7
312 31
228 32
113 24
316 21
373 28
398 1
36 9
93 28
280 21
42 29
269 27
72 17
423 29
51 1
498 7
411 21
217 19
208 17
102 31
449 22
182 11
206 9
323 18
25 22
395 14
30 15
25 21
463 23
269 17
103 30
20 29
427 28
3 6
417 25
361 17
282 30
211 4
463 13
137 11
339 27
404 20
397 32
321 7
374 25
224 12
207 15
341 9
330 23
118 22
299 18
111 29
372 1
420 22
58 20
24 16
291 23
467 23
59 11
46 12
228 21
260 26
363 32
66 12
146 15
290 5
13 8
377 16
424 32
421 21
55 4
80 1
74 7
32 16
185 21
416 20
49 19
345 11
478 14
306 7
445 23
271 29
346 11
192 6
294 16
102 29
407 30
193 12
432 20
464 20
4 23
28 16
405 20
314 26
486 16
208 30
66 11
238 4
477 5
33 31
392 2
471 6
19 23
129 2
239 12
418 18
470 29
146 10
20 27
311 17
282 3
286 16
349 7
463 1
451 27
447 30
332 25
491 27
432 20
4 26
63 17
115 1
217 12
462 29
423 13
445 16
291 27
403 27
105 17
167 12
211 26
101 7
382 12
97 1
415 28
334 29
373 5
213 25
60 7
29 22
447 2
38 1
56 4
79 28
9 21
419 31
210 16
113 32
315 5
256 25
161 26
57 13
390 18
473 13
444 26
135 10
327 8
330 22
315 4
97 31
4 24
394 6
239 2
9 1
419 4
133 7
205 13
315 26
310 23
99 21
140 9
494 10
256 7
403 26
434 16
245 2
367 22
355 13
347 11
9 29
478 5
47 11
329 21
332 15
500 10
95 27
162 1
161 1
115 3
191 17
62 19
338 24
276 24
384 30
258 16
91 15
32 29
121 5
202 29
203 29
234 21
43 24
237 27
16 28
266 18
252 15
492 29
459 11
484 10
93 21
234 3
179 13
23 28
329 16
104 3
276 29
180 3
84 12
373 12
471 26
157 18
169 1
162 15
119 1
468 19
89 17
245 24
170 20
419 14
343 10
381 15
62 8
141 26
31 13
97 26
3 1
75 15
457 25
1 12
85 20
490 14
373 19
441 2
206 23
391 8
84 31
18 5
34 6
142 25
23 2
418 25
47 28
399 3
80 3
282 13
70 12
190 26
210 30
335 3
192 10
314 19
348 32
123 14
341 21
298 23
58 23
91 24
58 21
459 6
91 8
154 13
215 11
454 16
176 1
190 27
14 28
345 17
187 3
446 31
435 3
94 13
161 4
448 11
229 30
208 15
350 1
331 24
55 1
192 18
73 25
300 10
384 24
2 14
462 24
153 17
394 2
241 19
133 32
125 29
298 12
32 3
396 6
414 22
146 1
383 6
486 18
359 13
177 9
143 2
160 7
90 25
392 14
311 12
370 7
89 11
470 20
17 29
481 6
166 31
35 24
400 32
433 19
92 17
471 6
303 26
232 4
386 19
74 29
351 31
483 7
313 21
410 21
169 18
258 3
220 32
86 20
15 3
82 11
331 32
192 5
33 28
25 10
250 26
318 12
244 9
242 32
105 11
384 13
393 13
163 12
137 9
435 11
471 4
109 29
419 5
286 27
428 10
73 13
111 10
481 26
42 10
409 14
225 12
123 17
488 9
432 4
237 27
127 27

