64
38 26
18 10
79 32
293 6
89 22
88 31
386 25
240 1
372 6
330 14
37 15
319 9
50 4
182 4
35 10
227 29
439 32
410 21
491 22
190 20
375 29
110 8
186 17
53 9
414 14
366 7
236 5
351 25
260 28
61 22
105 31
218 7
234 23
412 29
180 21
156 23
230 1
370 7
317 6
175 7
7 5
33 14
77 27
231 16
118 3
333 26
281 23
116 30
29 27
238 25
480 9
319 1
361 12
475 26
462 21
408 4
41 12
62 1
26 24
156 27
286 21
420 26
391 19
79 23
414 17
331 29
413 29
453 2
337 3
451 26
427 26
117 16
1 14
288 10
173 32
224 30
284 23
23 30
29 14
444 22
122 3
186 22
423 14
159 7
416 17
408 7
170 29
14 14
406 5
399 15
448 26
240 23
468 3
404 25
68 8
142 13
474 32
74 8
317 25
7 29
193 14
427 19
494 24
384 20
296 23
182 32
460 13
326 32
387 10
276 30
281 5
494 26
96 12
1 17
152 15
497 12
477 15
58 6
418 30
221 1
428 26
308 3
27 22
314 21
215 25
219 15
62 28
248 1
483 8
421 10
459 29
182 19
43 19
404 16
384 17
25 3
230 16
198 16
465 7
373 3
156 23
25 29
6 24
225 25
224 14
326 22
266 23
116 21
450 31
120 25
347 20
144 25
328 1
36 8
55 12
175 6
202 27
278 20
175 31
48 18
352 13
431 21
84 14
425 13
268 13
365 27
392 32
43 3
52 26
215 7
338 21
20 7
291 14
246 1
152 5
66 23
370 24
119 21
97 20
485 17
144 5
479 31
61 29
106 4
450 12
70 27
412 22
326 14
239 27
371 14
68 32
244 17
488 14
241 28
461 5
448 32
277 22
491 13
150 32
301 8
119 26
386 10
311 3
435 17
486 5
290 29
297 1
45 28
99 17
367 15
213 3
163 29
296 13
30 10
452 26
45 22
403 18
303 2
345 21
114 18
246 16
438 30
140 26
177 30
118 15
297 30
61 27
374 9
315 3
154 18
436 2
187 15
331 5
404 7
429 1
208 18
124 5
67 32
478 7
1 7
138 9
480 6
459 30
258 9
108 31
390 28
460 32
234 19
268 25
317 29
357 17
222 9
373 29
96 19
235 4
149 24
97 29
274 15
334 11
32 25
146 17
484 9
349 29
99 20
205 20
164 14
496 30
394 24
378 29
422 28
140 3
336 12
51 17
495 24
195 18
176 4
446 4
149 18
80 7
114 21
366 21
198 29
14 23
229 11
283 30
355 18
72 26
362 30
2 24
209 4
233 5
388 10
248 20
176 7
134 1
463 20
417 28
360 7
454 4
173 4
442 23
362 1
420 19
191 25
78 19
469 18
487 4
339 30
95 22
265 16
154 31
79 11
239 19
353 12
230 1
132 23
256 5
388 7
215 22
448 32
180 28
453 31
327 11
104 21
157 32
500 22
299 7
232 25
369 16
432 14
461 19
473 8
55 28
242 13
141 13
412 24
160 28
338 6
7 18
258 7
13 30
176 15
336 28
199 28
195 11
5 27
45 13
222 20
188 16
220 24
356 12
148 4
199 5
205 13
130 3
71 7
72 15
157 3
210 28
314 20
338 6
411 2
295 16
333 26
299 21
162 27
388 1
374 6
497 6
143 27
40 5
325 7
163 21
221 28
188 6
276 21
352 30
259 30
169 11
331 12
347 8
474 30
152 3
320 13
276 22
331 16
26 7
130 13
135 31
412 11
384 23
51 15
76 21
84 1
252 3
64 30
258 17
184 18
87 31
262 26
464 4
381 13
98 31
29 4
213 1
258 32
331 13
387 11
469 26
3 32
236 22
22 6
306 25
255 24
207 20
457 10
459 26
362 32
200 15
139 20
183 17
63 5
57 1
271 29
419 25
449 22
42 26
499 19
174 17
442 8
120 27
401 26
88 6
485 11
4 28
254 2
224 16
255 8
265 21
156 11
2 32
40 27
425 27
94 10
143 23
329 15
137 1
340 4
195 1
214 26
152 11
440 7
283 2
6 11
70 17
433 3
469 20
318 9
362 11
343 25
149 3
119 18
104 14
213 10
486 3
199 9
245 30
363 7
331 28
277 21
85 5
175 29
33 20
149 6
254 23
250 31
218 4
392 29
178 4
322 31
382 8
4 19
10 22
357 4
438 10
296 30
194 15
278 6
314 30
472 32
473 9
174 14
293 13
362 30
372 15
336 22
54 3
232 27
57 32
459 10
73 22
367 23
76 32
344 6
125 7
309 17
92 2
286 28
250 7
205 29
329 20
78 11

