64
68 23
168 19
254 21
175 6
103 15
282 12
168 1
23 4
51 23
66 26
234 24
412 25
42 15
315 28
77 6
50 32
132 1
342 1
105 12
203 3
62 24
22 2
376 8
93 2
350 19
328 15
42 11
48 15
234 10
246 26
11 7
305 10
363 10
379 27
218 17
377 15
416 11
360 31
146 21
421 16
463 28
430 16
486 5
290 31
190 7
380 28
181 16
46 19
34 16
213 15
208 9
29 7
339 13
117 5
193 5
332 7
136 17
10 6
90 19
44 3
333 28
35 5
459 4
259 4
207 3
94 18
263 15
240 30
215 28
290 27
97 21
413 32
233 22
205 26
72 9
157 32
24 27
120 14
122 26
178 16
200 3
297 6
97 24
415 11
95 4
69 19
176 5
423 29
106 23
434 1
79 18
432 2
132 3
140 9
428 1
136 23
291 24
293 20
319 31
50 2
115 3
456 26
155 6
402 1
209 12
437 27
129 1
445 9
419 12
365 31
252 9
29 14
284 17
281 15
232 31
368 18
5 3
487 7
405 1
271 5
280 8
103 8
428 27
168 10
482 1
396 17
237 29
127 8
97 31
474 28
293 5
25 29
368 24
160 16
104 10
88 3
489 18
142 24
441 26
466 18
46 9
7 2
137 1
153 18
95 31
413 28
23 26
388 10
301 27
365 8
329 12
490 21
346 19
85 10
440 14
411 5
410 29
470 27
105 15
132 28
453 24
439 15
333 14
217 1
225 17
240 13
237 17
369 26
360 13
423 15
354 29
488 16
454 25
14 22
431 21
257 19
392 7
210 29
373 26
209 29
210 5
1 6
29 9
83 24
26 1
391 15
190 26
346 23
186 7
200 25
355 29
351 7
355 12
323 23
189 31
27 15
183 27
48 24
452 19
451 25
487 21
59 16
218 5
318 32
263 18
372 6
178 2
68 16
134 14
111 18
124 25
72 15
368 20
370 23
102 20
499 24
13 21
264 22
461 13
337 4
154 12
45 11
282 20
215 27
205 1
236 12
165 12
338 12
279 31
54 4
231 16
319 27
461 2
324 29
219 5
348 12
220 8
55 29
59 17
415 27
297 3
147 9
162 32
197 12
395 22
171 17
6 9
219 10
275 26
442 25
54 6
364 14
237 26
274 8
38 1
410 26
43 8
147 16
392 23
495 6
296 9
262 17
357 32
322 27
225 32
123 23
405 23
52 17
256 13
288 26
217 26
479 15
457 21
166 8
319 24
337 23
28 2
471 17
281 1
367 26
408 30
284 4
180 19
156 3
215 12
432 12
345 15
42 5
387 24
1 14
71 25
376 15
139 10
335 27
138 9
276 9
394 3
60 25
449 32
212 20
11 23
447 15
257 24
155 8
399 31
53 30
48 24
420 18
273 10
308 11
158 32
159 24
346 31
328 23
286 11
162 8
386 8
150 6
299 8
137 14
15 1
19 30
468 22
99 25
43 26
207 16
193 21
455 27
287 23
37 16
173 26
219 2
9 12
52 31
228 20
356 26
81 22
155 12
163 5
492 9
362 6
109 23
119 31
297 13
197 1
181 22
234 19
131 26
323 30
400 18
222 4
143 6
481 1
201 4
105 21
404 2
94 4
224 20
279 8
469 23
204 29
196 1
251 3
382 13
360 18
122 17
389 8
382 13
116 7
68 12
127 28
38 20
335 5
284 1
133 8
440 20
252 3
329 18
165 14
427 5
491 28
457 19
16 11
100 11
273 15
351 11
490 4
322 9
352 5
141 20
60 32
376 15
419 28
165 7
265 31
459 8
490 32
486 29
458 25
488 26
456 30
332 17
281 1
121 8
462 2
172 17
193 3
36 3
102 32
398 6
142 20
473 23
475 7
340 28
247 27
13 6
368 24
499 24
201 15
131 30
84 26
34 17
200 13
443 25
472 28
371 9
48 11
448 2
357 19
306 16
317 18
9 4
162 11
183 2
182 25
375 9
467 12
245 14
181 12
171 4
379 5
117 22
87 12
300 32
54 21
399 10
422 3
53 15
118 7
148 7
251 14
415 17
486 8
87 18
199 5
21 25
149 1
207 23
256 6
382 9
462 4
30 31
391 30
22 20
20 29
158 3
247 8
487 4
83 17
101 1
181 9
62 29
314 8
120 21
477 9
378 6
133 15
24 19
341 17
382 16
270 31
482 24
462 5
99 21
245 15
29 10
23 14
458 32
209 25
257 1
430 18
474 14
244 10
288 12
98 5
296 7
59 13
382 8
449 24
416 6
382 17
471 29
386 20
444 19
357 16
483 14
37 25
199 1
158 26
216 27
6 7
474 32

