64
340 12
109 32
204 3
158 11
129 11
486 5
82 21
77 7
479 13
286 1
76 28
24 5
216 16
417 11
423 27
464 2
191 9
374 6
483 7
349 11
182 18
43 15
74 11
101 28
36 11
116 27
446 16
263 10
383 8
64 17
318 23
419 8
303 20
254 10
174 30
100 11
139 3
470 21
465 14
320 4
12 12
463 30
75 29
471 25
108 26
114 6
264 28
433 15
175 26
204 8
343 11
55 6
297 12
398 26
149 9
113 17
4 27
118 14
152 20
387 27
325 16
184 28
383 13
154 25
358 1
256 29
12 18
34 24
389 27
273 22
499 14
198 23
164 19
432 31
106 10
426 18
169 25
17 3
281 23
459 11
231 27
191 2
376 8
254 9
6 10
154 4
115 3
210 31
369 30
297 26
311 22
255 32
35 23
234 19
145 29
157 4
407 3
321 2
422 30
250 11
452 7
135 30
457 8
196 29
337 25
2 12
66 32
331 28
83 12
119 3
256 11
306 30
474 11
500 23
200 9
174 15
356 16
69 24
151 8
341 28
460 10
487 14
154 17
181 32
380 23
314 4
426 8
353 15
98 32
145 25
453 6
152 24
125 20
175 12
187 3
263 27
61 13
376 22
417 16
301 24
207 22
135 8
437 28
382 14
191 26
183 3
196 14
154 20
405 9
95 27
195 5
441 23
457 28
172 13
76 32
373 18
142 31
117 18
346 14
464 21
227 6
383 6
183 17
242 19
217 24
381 3
45 2
222 13
193 5
78 8
421 30
401 26
308 17
491 22
366 10
42 5
303 32
14 1
312 3
275 8
443 32
495 23
181 4
191 29
312 28
493 12
217 29
145 21
262 16
30 11
441 19
71 8
198 25
432 2
191 27
93 21
214 19
323 26
6 14
118 30
133 26
253 2
355 14
78 4
385 31
94 21
233 29
420 2
101 4
143 15
410 12
128 23
26 14
220 20
463 5
53 4
299 25
149 21
54 26
120 2
184 5
263 8
229 18
197 21
89 12
472 18
279 7
472 20
400 23
39 15
232 23
162 26
100 22
386 21
35 5
91 6
421 13
485 10
238 21
330 19
224 1
176 22
103 12
362 27
42 16
217 29
195 26
154 22
187 3
446 29
395 32
142 16
92 14
317 10
362 22
8 2
151 31
291 29
34 32
107 12
404 31
52 22
52 30
95 6
96 20
14 7
280 3
10 31
484 14
52 18
175 3
135 25
94 9
430 11
429 12
406 24
211 30
485 2
15 23
204 26
470 9
156 29
224 21
472 27
342 3
256 5
286 30
193 7
167 18
209 15
158 7
130 8
276 18
481 30
192 16
103 17
401 23
466 4
275 9
34 13
163 10
485 16
179 13
178 13
299 7
291 28
205 32
27 16
385 11
473 24
43 3
441 19
185 22
418 4
194 19
280 8
92 32
156 3
292 13
319 10
71 10
249 31
381 7
254 26
134 26
193 12
153 25
470 21
242 19
352 11
41 7
495 1
246 10
107 18
482 17
479 9
386 32
327 3
354 21
236 23
10 12
14 10
265 31
55 18
221 22
145 22
37 15
246 2
288 24
171 13
276 14
173 2
81 28
132 18
284 31
125 29
146 10
159 14
473 5
120 25
470 28
158 22
402 3
492 1
106 10
309 2
15 2
247 3
185 6
233 12
448 29
464 13
198 14
207 14
38 26
67 12
89 20
217 30
331 24
382 16
74 10
169 24
375 19
35 7
496 15
378 27
475 26
240 16
167 2
194 25
123 4
64 15
187 4
404 13
192 9
453 29
178 13
352 29
240 14
463 23
4 21
382 6
34 25
150 20
418 19
256 20
454 15
102 12
303 13
9 14
141 21
110 6
285 29
222 32
51 5
463 6
377 8
32 6
168 1
313 25
227 5
476 8
239 13
171 5
81 11
386 13
491 27
390 32
160 20
151 2
296 21
115 16
12 18
285 27
30 13
115 4
17 30
287 4
166 30
500 2
488 26
170 7
436 32
106 11
375 4
156 10
425 19
45 20
120 13
467 22
129 1
109 10
23 4
457 8
57 20
490 8
397 23
226 1
422 19
279 8
291 23
317 15
409 9
150 12
393 16
29 14
49 26
371 15
237 3
462 29
486 31
188 3
462 18
67 11
96 13
383 26
131 3
452 11
412 10
419 32
69 23
29 9
288 3
391 12
429 13
316 27
155 12
149 32
269 31
203 32
411 29
102 14
135 1
284 10
6 14
54 3
353 22
395 20
185 2
16 29
342 7
379 24
38 19
316 14
445 2
374 28
454 7
101 28
379 32
338 17
290 15
163 18

