64
44 28
291 19
9 31
19 18
377 1
127 2
339 23
441 31
217 13
196 9
207 2
427 11
7 17
457 4
94 12
406 2
232 29
412 24
271 2
493 15
438 7
429 12
286 1
3 2
150 6
331 28
400 1
54 10
138 7
329 23
22 23
424 25
135 11
345 13
321 25
403 14
160 11
34 29
52 4
150 25
437 8
112 16
441 26
93 26
28 6
364 17
360 8
154 14
326 26
102 30
186 20
404 17
187 5
493 10
176 11
142 16
474 21
448 26
122 24
195 13
313 3
402 24
198 7
369 27
404 30
169 17
326 4
138 16
360 14
101 15
124 26
146 10
198 29
215 28
337 22
320 17
320 5
173 1
127 13
39 10
363 19
175 28
278 28
51 29
145 3
23 1
96 9
70 9
465 12
464 25
397 12
302 24
356 18
84 27
218 19
216 8
181 30
119 27
405 13
299 2
171 2
170 10
342 11
411 14
374 22
459 23
361 16
338 17
85 6
403 30
396 14
234 28
212 8
238 4
225 13
369 3
358 6
13 23
128 31
356 6
148 10
476 21
73 9
77 25
86 15
163 5
300 28
261 7
451 22
331 23
34 15
422 15
89 6
293 4
208 9
273 23
314 4
67 11
413 15
247 26
325 25
35 25
8 31
339 23
292 9
485 22
72 6
272 12
191 9
79 14
65 24
457 2
451 15
320 7
370 15
65 26
327 31
22 27
245 17
145 16
233 29
65 16
387 9
167 13
253 10
31 1
449 31
250 27
213 14
466 10
488 2
276 2
332 21
352 28
9 12
463 30
477 16
397 11
420 8
143 8
161 17
192 17
363 9
211 28
362 12
157 17
409 8
15 12
433 14
167 1
214 18
386 2
213 11
404 24
198 2
155 2
423 6
170 1
490 28
360 4
260 1
52 20
152 6
408 4
284 6
377 13
407 2
38 23
396 25
102 29
190 12
6 12
453 15
101 31
259 8
146 18
180 21
37 16
115 4
267 14
222 23
98 32
109 7
99 4
427 4
301 24
308 30
432 32
185 16
406 23
343 31
164 31
452 12
206 14
496 32
167 25
319 20
196 15
398 14
282 24
198 18
143 1
92 18
468 28
309 30
422 24
480 25
378 15
284 3
348 19
406 22
347 24
129 3
2 2
40 24
53 1
217 8
445 24
473 1
435 26
342 4
137 25
144 6
252 32
448 3
410 9
317 29
281 1
3 6
323 14
65 27
335 6
274 15
441 27
395 16
380 12
435 4
409 15
381 12
210 16
462 31
384 6
227 24
75 25
298 9
327 26
475 21
495 5
291 28
347 18
163 18
477 29
93 1
379 29
248 24
4 26
59 3
191 17
403 5
218 24
365 16
413 16
408 16
88 6
195 18
87 21
11 20
157 23
300 28
279 32
475 30
461 9
372 23
22 26
268 3
177 8
486 2
471 21
349 10
442 27
343 17
103 29
296 31
11 23
498 5
494 13
274 14
209 2
105 14
271 32
320 12
355 1
389 30
401 29
235 15
131 2
75 5
486 2
343 17
316 29
137 14
165 23
115 29
408 31
455 18
442 26
477 5
135 9
474 15
305 8
229 27
489 27
19 7
172 2
471 20
406 11
149 6
369 27
146 24
334 12
306 23
78 6
275 32
203 28
246 19
308 11
294 12
129 12
270 1
377 8
140 10
51 20
55 19
402 17
195 7
152 20
214 1
337 24
292 7
236 14
398 23
364 7
190 28
354 20
144 31
403 15
216 13
422 23
224 16
323 10
262 2
121 19
55 21
315 2
348 30
235 21
296 6
287 21
294 12
148 29
426 3
72 18
355 13
264 14
20 14
199 18
263 19
108 17
480 14
15 3
175 1
275 30
51 17
307 8
404 26
132 6
356 15
323 11
400 30
492 23
375 15
404 25
361 12
454 8
137 28
18 4
272 32
133 2
204 19
17 12
245 13
437 8
55 7
366 22
196 10
225 14
400 20
58 24
343 15
452 24
182 9
495 6
113 27
127 24
418 16
275 26
496 19
465 22
173 19
356 28
40 24
141 19
411 15
50 10
61 9
437 7
322 27
48 26
409 18
453 2
21 20
339 28
142 28
270 31
486 29
386 9
408 3
463 30
77 4
127 13
365 7
231 30
197 30
175 22
304 7
283 16
58 18
44 32
129 29
218 26
289 23
490 12
333 28
217 9
167 16
250 11
110 8
420 23
110 30
412 21
73 2
440 30
19 15
33 31
147 26
260 3
205 25
334 9
52 23
150 19
98 7
453 27
230 5
13 19
170 28
455 6
322 11
76 16
81 32
339 4
210 6
14 10

