64
18 32
488 28
109 21
46 32
171 2
342 30
399 20
252 32
147 7
22 29
33 3
384 21
475 1
157 29
430 25
133 28
124 24
291 28
480 20
219 19
93 13
368 31
88 11
66 15
197 4
491 1
318 18
177 17
46 2
73 8
18 26
275 17
29 25
224 29
104 7
363 32
59 30
390 18
404 28
84 25
395 11
329 4
4 14
356 14
43 1
377 8
338 23
52 10
419 3
226 26
273 20
69 27
21 22
329 25
265 12
377 15
190 9
223 18
414 6
95 4
358 19
367 31
325 2
413 23
397 14
116 13
430 8
352 18
345 20
78 14
295 26
472 21
363 14
30 24
124 4
84 25
298 6
28 30
72 32
216 12
133 3
340 14
218 31
68 6
222 9
23 17
303 15
353 5
40 10
144 15
209 23
496 2
381 31
479 4
18 18
123 10
376 6
416 29
153 23
6 22
479 21
94 1
227 10
149 30
31 1
281 31
223 20
96 19
2 30
406 15
119 4
372 2
490 15
290 14
269 32
71 4
176 9
232 22
314 9
371 5
25 31
287 31
130 3
202 3
456 7
353 15
487 9
272 20
11 14
173 28
357 3
231 32
259 2
137 29
46 7
121 18
10 3
169 23
289 2
122 5
180 10
23 18
50 2
197 9
207 5
44 27
112 2
298 18
439 14
146 13
293 14
406 26
25 14
292 21
147 9
261 23
91 11
196 4
281 13
404 27
113 15
402 24
72 15
298 19
337 23
347 17
61 28
134 21
30 25
249 24
394 2
206 20
144 22
327 24
146 3
263 18
381 8
186 1
418 19
167 18
425 17
86 13
468 11
421 21
348 10
25 5
31 26
428 22
483 14
302 16
188 32
90 1
431 11
225 28
257 19
454 5
255 15
222 14
110 18
71 29
163 15
401 5
176 24
219 23
285 8
490 21
435 7
245 13
205 21
64 13
211 21
198 9
56 3
390 29
412 24
325 15
258 25
119 14
404 13
444 20
208 9
12 26
216 28
358 32
428 14
85 22
290 30
306 5
52 20
213 19
211 25
389 17
261 20
402 32
344 1
204 20
481 27
45 24
175 19
468 6
28 4
92 1
185 25
366 32
148 6
50 23
467 19
179 15
446 4
95 5
128 2
44 12
364 5
8 18
195 27
344 22
378 19
390 30
35 27
149 23
185 14
245 31
488 19
229 5
354 27
74 25
472 1
144 24
57 7
77 27
125 32
324 30
206 6
415 29
320 23
479 32
465 31
6 4
497 11
237 6
409 18
386 1
278 1
272 23
32 32
289 8
120 1
362 17
30 32
121 5
43 31
205 27
25 2
310 13
148 6
426 17
207 15
141 9
192 8
23 23
111 15
230 6
275 3
111 20
71 3
5 25
34 29
471 30
474 16
283 10
30 28
30 12
371 10
72 26
433 18
488 23
109 13
477 15
12 19
39 18
169 27
46 22
307 28
464 20
499 30
401 32
305 22
116 3
451 31
292 15
485 11
130 17
200 2
327 7
396 1
144 8
463 1
470 17
408 17
401 6
30 1
138 6
435 17
213 21
143 4
472 31
135 9
423 6
262 14
396 29
466 3
424 9
431 1
49 30
29 29
447 30
102 8
244 20
40 12
272 7
311 11
13 29
399 20
278 28
185 13
168 14
63 28
282 17
188 15
34 13
131 17
126 8
268 13
471 16
28 3
342 7
41 26
283 32
141 5
451 13
437 19
179 32
62 16
196 9
494 30
465 9
62 31
60 5
163 11
136 3
477 9
29 25
35 11
456 15
75 19
204 32
377 22
215 18
45 14
38 3
491 15
15 24
297 26
233 23
308 16
149 16
49 1
301 27
192 32
109 26
366 4
333 22
45 23
31 30
309 1
480 15
423 10
203 27
271 3
29 7
154 10
362 10
58 30
136 21
474 13
71 15
56 7
433 9
302 11
42 2
235 5
112 25
218 22
79 16
100 4
66 10
489 12
307 22
293 23
351 6
187 25
457 18
27 25
46 28
55 31
141 14
311 13
150 16
66 25
368 26
40 21
271 8
64 21
277 9
19 7
474 13
251 2
151 30
22 24
309 29
339 22
70 25
202 15
29 3
299 8
136 2
180 30
69 28
335 6
452 29
324 17
262 11
207 8
204 12
311 32
8 21
313 17
150 22
500 22
337 6
277 20
340 24
230 16
51 4
253 22
268 1
279 9
355 25
144 18
268 15
273 12
455 6
56 16
303 27
337 19
205 1
111 8
421 24
303 11
107 12
177 26
336 7
107 22
143 18
99 2
56 23
389 3
308 9
318 23
499 23
249 3
267 15

