64
201 25
228 8
450 28
147 13
261 8
384 27
319 17
404 24
48 7
401 3
244 7
486 7
21 12
316 22
326 25
374 6
241 1
229 6
421 3
494 25
290 18
79 5
18 3
116 9
421 32
495 4
342 24
451 3
464 6
348 29
478 25
314 15
26 14
260 22
472 6
330 26
335 1
74 24
95 25
268 11
56 11
31 29
94 25
111 5
450 22
197 28
31 2
498 8
107 29
205 31
214 10
192 24
146 21
103 12
305 15
459 4
337 5
256 26
321 31
191 26
176 31
49 2
101 30
113 15
7 5
489 28
55 4
472 24
296 2
292 4
148 26
311 8
90 7
266 26
137 32
179 24
194 8
18 30
477 2
205 31
151 25
407 21
225 14
256 20
155 15
324 31
148 30
138 5
404 7
498 8
62 17
352 4
108 25
105 28
202 13
271 32
206 21
408 2
406 32
153 16
62 12
66 22
314 20
150 13
310 24
257 32
28 20
183 31
328 3
422 5
448 20
85 21
220 24
286 9
7 10
389 5
118 6
482 31
361 19
147 19
130 31
246 17
362 20
495 29
66 9
422 5
460 6
369 4
201 14
8 20
444 4
128 13
54 17
491 2
239 21
436 13
244 5
229 5
460 12
146 14
492 3
94 15
276 11
334 4
468 30
35 15
441 14
175 10
270 5
408 1
6 31
81 13
376 9
353 27
384 18
64 7
268 26
178 27
472 7
371 27
56 21
54 5
419 4
490 32
97 25
400 2
92 12
350 27
141 30
5 8
256 29
399 3
430 4
270 25
290 28
43 14
396 28
194 18
28 31
354 8
432 17
77 15
85 22
193 17
183 29
248 2
321 6
313 14
425 2
354 19
73 25
264 12
196 17
486 19
343 15
50 6
295 2
500 27
255 28
103 10
445 3
227 17
200 15
15 17
472 4
395 12
468 2
216 16
318 21
442 32
243 28
286 1
321 25
416 20
181 6
365 13
72 7
241 16
482 27
100 5
327 2
349 26
3 8
309 20
116 11
479 30
94 24
394 2
253 25
341 5
383 17
261 6
148 13
77 13
460 20
433 6
21 1
431 23
196 8
194 3
342 29
20 23
140 30
200 4
426 13
380 20
449 24
114 20
345 14
428 12
70 17
293 22
345 15
465 25
314 22
55 7
34 27
293 6
340 21
269 13
89 17
277 29
140 26
337 12
283 16
139 8
180 7
146 17
154 10
269 11
119 3
178 17
249 14
178 20
166 30
57 2
94 1
143 22
278 15
217 32
446 24
116 30
138 5
354 19
222 22
314 12
444 15
344 21
312 17
484 30
467 8
83 28
76 29
145 1
407 18
117 9
421 8
182 6
344 19
201 25
8 22
404 31
356 32
347 31
120 27
496 30
222 27
350 10
359 10
354 2
207 10
322 3
201 15
37 28
389 1
460 8
454 24
198 25
315 25
327 6
227 19
372 20
105 29
97 3
66 7
80 1
420 13
103 1
107 11
368 27
79 16
242 32
43 8
44 29
188 15
142 18
249 5
213 13
85 2
19 7
112 19
127 23
203 9
207 26
220 19
156 30
254 22
386 8
393 21
356 28
355 5
345 3
362 17
307 10
218 30
448 25
276 22
64 14
155 6
139 18
196 27
227 25
248 12
448 12
245 3
219 3
300 19
202 17
471 20
458 21
185 10
221 32
183 28
142 29
258 20
266 25
130 29
254 29
456 17
16 8
4 14
299 27
148 16
315 3
359 4
363 20
29 3
207 12
71 32
252 32
480 22
132 1
362 9
486 25
438 5
17 13
87 11
95 18
166 17
408 28
32 10
419 1
57 2
476 11
325 19
158 20
448 1
117 25
26 18
478 3
306 18
255 8
12 21
182 21
109 13
404 24
211 31
52 3
152 3
97 32
310 22
132 29
394 8
270 31
201 7
233 14
444 15
102 19
187 15
335 7
223 22
287 17
412 22
403 19
421 31
391 14
456 6
190 10
473 31
472 5
57 9
382 28
395 7
158 26
265 20
80 16
82 30
272 29
260 19
260 12
377 2
261 5
375 2
386 19
113 21
371 5
265 8
373 20
87 14
445 3
226 12
190 11
94 18
355 29
340 22
384 20
467 32
252 29
297 5
391 1
346 5
430 22
365 6
473 27
387 21
153 20
293 15
122 10
8 5
238 3
442 13
266 17
468 14
305 12
358 28
25 11
456 18
17 12
311 9
122 9
258 3
309 30
321 26
435 16
258 12
378 24
496 7
312 3
216 20
78 6
163 26
480 15
259 16
290 1
189 32
118 22
390 6
495 18
207 25
241 29
156 18
368 27

