64
252 4
319 8
441 13
476 20
17 15
342 15
95 28
329 1
35 4
176 21
102 2
370 29
497 19
5 32
256 20
327 15
19 29
99 12
146 14
243 30
228 1
308 18
112 21
22 15
364 18
191 14
383 24
166 31
102 14
306 26
265 8
216 24
481 30
95 14
239 1
491 6
125 23
140 29
139 9
235 2
210 13
319 12
188 25
175 13
210 8
498 7
464 14
314 20
379 32
273 22
448 11
287 1
413 18
161 11
439 7
257 20
375 27
444 22
115 10
54 25
449 8
3 32
117 28
59 31
75 19
316 26
94 15
446 30
232 22
261 26
56 21
22 14
443 13
195 2
82 5
234 6
300 24
294 32
255 24
114 13
183 18
54 8
236 32
337 31
161 13
489 17
465 6
498 16
474 1
169 7
441 10
436 16
341 17
359 19
285 12
127 19
253 4
446 28
235 30
455 24
231 19
112 11
304 5
454 9
153 10
35 9
227 26
388 19
403 6
365 19
70 3
5 14
375 30
162 9
435 4
356 5
262 7
212 13
280 9
45 16
491 3
81 5
104 16
136 6
214 28
396 7
195 28
456 5
53 29
29 20
436 13
4 21
55 7
113 30
232 21
470 2
439 6
290 19
369 29
252 10
277 16
68 23
399 4
391 4
344 7
291 32
7 14
328 6
213 21
247 4
301 16
17 32
117 10
486 10
83 9
419 31
236 3
329 3
362 15
86 5
489 28
336 8
373 24
409 29
308 15
380 20
75 4
403 19
406 4
28 20
329 15
346 4
285 6
198 22
96 11
54 8
362 30
283 15
257 27
23 32
50 11
23 8
150 6
166 27
17 22
394 21
344 31
409 20
116 30
477 23
93 2
147 14
123 13
392 19
324 7
294 17
169 5
348 30
446 17
77 18
410 6
159 9
413 31
232 8
376 4
91 4
294 29
126 4
369 13
499 16
135 8
416 3
164 23
473 21
332 25
423 13
222 13
346 2
203 17
14 6
341 8
250 26
44 27
253 12
95 19
456 26
247 27
384 6
190 28
371 25
108 1
261 18
429 26
315 23
387 28
60 31
431 5
212 6
387 20
238 6
419 13
415 1
267 26
74 24
358 32
328 9
440 21
146 12
398 13
498 24
288 30
214 11
70 13
396 1
241 1
142 7
177 4
175 20
205 12
103 18
396 27
379 11
371 20
55 28
336 24
256 8
313 9
46 23
246 1
43 22
426 28
496 14
91 2
249 27
121 12
209 24
134 7
203 20
462 25
475 26
160 2
125 5
51 18
59 32
462 17
133 19
136 16
193 10
1 1
372 29
144 16
137 17
18 23
132 16
447 19
129 30
40 9
430 30
126 28
237 11
440 17
30 23
200 30
300 16
162 4
321 10
103 1
434 9
147 30
452 5
228 32
50 3
36 4
209 1
319 29
303 11
166 8
185 13
53 1
417 3
8 9
224 22
45 5
82 31
426 21
487 17
464 4
272 27
219 20
215 6
276 6
500 29
201 16
10 18
20 6
320 19
14 31
341 22
403 6
304 5
307 22
333 14
177 8
473 32
435 3
137 11
56 20
355 21
319 16
362 19
141 25
69 2
427 13
415 25
331 10
9 13
359 18
110 24
297 2
283 20
473 27
146 12
406 4
488 16
216 5
266 8
233 7
362 19
95 32
340 5
346 8
265 8
393 11
91 18
160 21
125 16
347 2
364 28
121 27
180 24
52 13
44 28
483 9
443 6
236 26
58 17
333 27
137 26
401 23
119 16
156 15
396 26
364 27
106 20
461 1
172 20
433 11
296 32
323 30
197 26
223 14
491 23
428 3
484 12
409 26
92 4
196 27
418 23
97 19
395 9
159 22
69 31
132 12
210 18
453 2
215 31
12 21
285 23
35 5
471 16
74 30
359 6
400 16
180 12
150 6
52 20
491 16
251 26
335 16
131 3
218 22
17 1
254 22
371 1
274 25
436 23
254 2
468 13
274 24
500 19
425 12
83 24
375 25
241 22
144 28
52 25
421 25
441 26
222 16
166 7
152 9
341 30
451 25
262 28
160 2
146 12
369 20
351 7
412 20
156 20
315 20
268 31
128 5
260 25
20 18
343 27
82 27
132 4
195 2
255 2
359 13
290 15
480 16
321 12
83 17
299 17
36 10
483 15
274 7
363 1
372 5
20 17
443 19
485 18
396 19
195 22
343 32
480 31
476 25
214 18
481 8
307 12
429 17
382 31
383 32
199 14
152 26
59 2
369 19
435 32
337 6
370 4
465 25
2 20
353 11
202 25
430 8
200 2
148 29
264 15
176 31
136 31

