64
306 29
37 3
347 31
233 14
216 31
498 18
125 32
270 18
123 22
460 17
194 2
107 14
478 21
467 10
264 18
275 1
114 23
167 29
422 8
334 5
350 27
294 3
430 15
96 24
457 4
268 22
305 27
159 18
119 17
295 31
238 2
7 16
380 2
16 13
277 21
289 14
31 6
304 8
349 4
215 25
159 6
306 11
60 16
96 15
440 23
265 1
460 11
380 15
148 27
344 20
95 12
50 29
66 17
288 6
104 2
70 26
40 11
76 7
42 32
129 25
414 1
157 13
16 9
267 23
283 22
87 18
446 12
354 19
192 18
128 16
199 21
261 26
275 13
337 24
212 21
148 1
210 8
201 1
44 7
239 19
281 1
56 30
16 17
440 8
106 7
207 21
115 31
42 25
303 14
408 22
47 31
490 24
414 2
332 22
213 14
136 5
99 11
70 26
303 17
25 29
427 23
65 17
198 30
281 32
188 24
218 14
298 11
341 27
101 28
20 21
93 23
157 23
49 26
9 28
438 17
316 32
116 8
404 29
189 24
16 16
427 17
461 4
292 1
286 8
324 14
408 5
164 20
311 5
345 11
120 22
204 23
497 3
166 4
483 2
287 26
82 9
83 14
140 6
47 9
321 10
434 8
490 26
495 9
14 7
471 29
472 14
271 16
196 16
219 14
289 13
28 2
273 18
264 32
39 30
40 3
383 30
438 21
275 4
25 20
122 15
124 5
21 2
412 12
329 6
246 1
338 1
339 6
438 18
373 8
115 12
186 21
237 19
221 31
406 5
2 31
92 1
323 16
370 22
179 18
215 20
19 12
252 21
13 5
162 21
16 20
148 21
476 9
323 17
247 28
293 25
458 8
225 28
347 27
365 18
144 11
5 30
482 25
222 6
297 23
230 9
362 26
365 18
114 4
238 8
119 22
460 25
118 25
60 20
131 5
193 30
355 10
140 5
306 13
34 30
448 4
118 13
493 3
350 30
374 31
317 4
173 5
124 18
165 16
457 15
460 10
272 2
51 7
354 20
124 16
161 23
355 23
231 15
465 1
452 30
371 16
385 19
396 29
36 16
44 9
206 31
494 10
168 4
92 6
103 3
113 7
137 7
97 28
165 21
152 32
102 26
235 19
269 3
199 16
394 26
296 16
96 9
281 23
36 8
340 2
439 16
457 3
122 5
146 10
466 25
253 11
23 24
109 31
322 11
446 11
400 6
18 27
86 18
314 26
22 13
463 4
309 3
238 18
324 4
68 1
32 4
411 14
159 8
196 20
178 26
399 22
87 24
128 12
418 1
145 3
298 32
102 10
230 11
387 9
426 22
45 10
274 20
363 20
179 3
264 12
404 6
489 26
429 17
161 6
261 10
488 30
265 13
15 10
132 2
399 5
59 27
366 16
102 5
468 8
491 11
340 2
96 20
235 12
296 31
74 21
404 25
318 16
2 25
366 29
438 12
189 16
410 15
180 20
135 3
495 25
81 14
222 28
366 20
51 5
202 24
421 26
37 11
477 22
423 2
22 28
457 18
59 19
468 10
82 18
88 32
430 24
114 3
343 15
458 26
343 8
221 12
469 1
206 9
146 24
139 7
191 23
81 29
313 24
339 14
2 18
174 19
446 27
434 28
469 11
385 27
402 6
278 18
214 27
167 28
314 5
230 4
251 26
105 4
358 7
161 27
72 30
141 1
176 2
157 32
317 17
159 30
498 32
440 28
123 10
275 12
262 24
292 8
314 16
279 3
42 28
233 13
329 9
482 17
151 10
352 23
30 10
184 16
2 3
91 4
432 1
411 25
220 30
409 9
449 11
407 2
182 7
455 31
216 28
367 26
425 30
184 30
432 3
185 17
194 23
408 17
491 2
22 15
372 10
95 12
320 2
162 26
344 28
12 23
255 6
128 27
299 31
484 10
30 5
14 7
147 13
51 18
91 32
200 14
353 22
133 29
351 6
26 31
113 13
457 23
118 5
397 20
247 9
350 4
253 23
54 7
136 1
388 18
28 23
187 9
437 23
257 3
465 26
333 29
22 22
148 23
78 4
258 28
128 7
156 24
322 9
483 1
165 22
182 9
161 16
277 25
38 21
235 2
370 28
135 19
61 18
233 10
29 18
17 1
449 4
240 22
233 22
226 21
296 7
293 24
478 13
256 27
305 10
221 14
409 27
416 21
488 8
310 32
490 3
24 18
350 24
59 18
189 28
331 24
246 3
495 23
44 30
89 16
92 13
226 12
15 29
173 18
493 30
370 30
160 17
271 6
360 21
91 21
168 29
88 17
44 27
487 15
332 23
286 31

