64
230 1
151 24
365 6
152 22
34 4
147 1
224 7
19 23
364 10
232 31
245 29
333 18
296 25
12 13
82 11
338 27
327 12
175 7
337 10
472 2
109 14
366 9
89 8
239 12
65 3
210 25
207 3
155 2
483 22
230 16
452 3
79 10
406 29
469 30
430 12
316 18
114 1
222 14
65 25
5 25
431 3
142 25
109 28
194 31
313 7
359 16
341 25
41 22
393 9
191 26
5 18
359 14
39 5
171 27
245 19
435 23
93 4
367 25
223 8
144 15
482 6
150 22
142 23
271 18
403 29
207 19
171 21
228 1
201 26
163 21
277 13
471 1
377 25
422 15
248 17
486 13
270 27
254 19
325 12
148 16
189 14
338 23
122 2
419 27
167 17
267 7
29 26
16 13
278 1
356 18
353 25
458 6
475 32
236 4
439 27
83 19
88 20
337 9
189 31
31 16
187 18
2 12
239 29
324 28
305 19
393 13
371 11
278 30
414 9
349 20
247 19
331 10
54 15
43 27
422 21
302 28
74 31
175 16
172 31
180 24
29 24
133 28
274 22
449 11
127 25
391 1
431 5
59 16
387 29
78 32
377 19
120 23
34 2
262 13
496 17
32 17
217 8
128 10
278 4
29 28
76 19
480 6
491 6
341 9
490 31
241 19
1 4
317 2
209 14
90 5
223 18
433 7
489 32
132 22
339 4
373 30
282 13
123 12
242 23
205 20
85 29
98 6
8 14
471 4
47 21
272 25
386 28
411 30
467 15
344 29
54 4
70 8
272 28
163 2
359 7
97 7
163 26
380 2
163 19
90 1
115 13
330 12
269 24
77 3
134 28
244 24
192 25
79 15
209 17
180 7
460 4
361 26
25 25
496 3
443 1
248 17
1 29
260 21
20 4
208 26
312 23
397 31
115 15
169 3
67 29
241 22
180 22
352 29
342 11
95 24
135 2
396 23
474 3
256 18
194 3
351 5
265 27
359 7
425 16
54 7
432 18
221 11
247 12
167 20
122 6
427 32
307 18
94 5
328 1
126 26
15 32
378 27
426 1
10 2
320 11
192 27
60 4
213 3
335 12
98 4
345 1
415 23
198 25
283 6
209 16
47 28
87 28
206 8
364 23
361 11
481 17
285 29
168 10
51 3
229 20
162 5
376 9
75 6
437 22
99 25
469 9
72 20
272 10
67 32
344 4
170 1
36 15
69 7
452 27
57 12
470 15
104 2
147 10
419 23
239 17
431 4
13 3
115 28
280 17
271 11
164 5
299 7
247 7
254 10
189 22
81 15
232 4
4 26
213 22
312 12
290 31
363 30
97 5
289 12
361 20
202 9
352 1
75 10
71 28
499 8
490 7
418 21
114 5
451 22
194 30
333 31
356 15
488 28
23 20
383 8
187 29
260 30
289 30
339 3
14 25
470 11
119 31
75 8
363 13
262 28
139 30
242 6
141 21
150 31
357 8
250 15
468 21
285 32
47 19
319 12
164 12
414 10
379 20
218 13
365 15
149 11
276 2
200 24
323 17
135 31
85 28
73 28
245 25
12 3
184 30
54 23
469 3
332 19
158 17
440 22
231 8
228 11
181 16
126 31
332 24
33 24
496 10
172 4
166 15
234 13
364 19
47 20
457 3
383 10
131 6
192 18
113 31
220 21
50 29
500 14
309 16
149 8
341 24
99 27
354 16
207 17
322 10
401 22
336 11
447 30
308 30
179 28
409 10
268 10
447 3
339 27
3 28
114 11
11 12
53 25
395 12
433 28
217 13
197 32
319 15
17 6
281 12
249 9
445 17
146 27
135 9
201 5
28 22
332 22
377 20
402 27
495 23
338 19
371 6
262 26
177 15
19 1
178 32
497 14
136 26
69 2
182 29
259 5
287 22
99 19
325 8
286 8
38 3
382 1
9 12
154 29
478 24
345 19
291 5
480 6
38 8
400 32
21 14
132 23
451 30
469 11
82 22
150 3
229 12
231 1
379 28
477 16
408 25
66 10
365 1
328 26
297 23
325 13
88 29
123 6
38 11
16 31
49 2
442 25
401 4
217 3
408 21
338 19
365 19
216 9
299 11
186 27
325 27
263 4
319 9
153 16
180 25
179 20
38 16
356 6
143 4
68 18
468 25
68 4
159 32
264 29
30 13
256 11
163 30
118 29
107 23
41 26
143 27
13 8
190 24
117 28
495 20
234 18
292 17
145 22
84 32
110 26
60 9
320 19
87 17
55 13
59 27
330 21
165 18
232 30
413 8
38 3
383 7
368 6
71 8
327 7
123 13
324 18
5 3
108 27
431 19
487 26

