64
60 22
68 8
392 12
429 16
234 16
361 18
120 16
89 19
132 18
97 28
418 9
372 13
220 5
218 19
460 5
281 24
63 20
127 2
339 31
470 1
419 6
326 18
297 18
253 21
339 21
180 29
69 27
333 13
435 14
115 6
47 32
265 13
299 27
118 18
446 31
414 8
416 3
253 25
4 29
197 23
58 28
155 14
426 27
118 20
389 25
253 27
332 22
247 10
260 20
119 9
451 12
420 22
474 9
134 2
233 26
24 22
205 10
120 10
16 29
341 12
469 22
394 12
315 12
282 26
356 16
131 18
488 18
375 9
278 21
290 31
338 1
152 3
194 23
376 14
360 9
169 8
162 31
332 8
202 9
253 9
68 3
214 19
137 1
16 14
449 5
276 2
322 32
32 15
402 16
280 9
476 21
441 21
363 4
316 28
88 28
473 3
303 30
210 19
478 17
56 18
233 12
416 26
463 23
273 32
58 4
477 29
352 25
21 10
40 12
130 7
108 10
485 6
343 30
52 5
122 23
450 3
290 9
112 12
368 4
116 5
140 20
310 31
360 18
57 7
370 14
81 5
343 21
90 29
111 1
357 32
99 23
438 25
375 30
140 30
137 15
19 8
50 4
471 13
9 15
11 18
268 31
58 18
156 31
146 6
139 15
349 22
161 7
478 3
40 17
481 4
76 3
156 1
178 18
386 26
208 32
268 27
487 1
436 18
176 25
259 30
83 27
255 11
97 32
334 4
53 14
164 16
164 19
456 21
500 29
230 3
89 25
33 27
26 8
420 25
48 2
218 7
488 9
429 29
56 30
424 24
427 7
291 26
109 23
134 28
439 28
166 15
64 26
305 13
165 20
141 1
457 27
47 17
183 23
233 10
89 12
50 31
95 8
309 11
438 6
15 17
157 4
107 21
378 8
13 30
339 6
458 16
364 4
92 2
331 12
135 15
331 12
137 9
228 5
332 17
91 26
245 11
25 32
171 26
115 32
148 1
189 21
100 4
461 15
97 19
218 15
265 17
119 13
325 14
50 12
214 28
353 31
238 2
162 5
335 4
444 18
432 8
439 20
35 31
426 15
245 28
65 17
192 23
113 4
232 14
376 2
153 20
404 15
309 29
355 16
44 22
477 3
281 7
358 7
17 24
297 21
279 17
473 30
396 2
41 11
451 16
72 24
496 11
198 24
243 24
447 6
201 8
113 9
190 30
499 19
457 3
171 7
7 12
408 26
433 5
381 27
216 16
190 23
483 23
367 1
290 21
215 26
88 15
174 10
500 16
336 1
318 2
43 5
205 11
430 25
103 2
224 2
318 5
381 12
152 7
228 9
411 18
135 23
120 4
276 12
184 27
76 5
172 18
29 9
124 7
217 10
472 20
396 25
205 4
440 20
374 16
500 4
461 30
134 1
146 25
200 21
75 23
181 15
96 2
475 4
20 23
297 15
335 24
132 3
171 11
98 4
442 17
180 27
83 1
483 16
426 6
408 12
160 28
246 3
1 16
178 4
467 19
215 17
18 26
191 5
120 8
84 30
88 15
316 6
280 18
249 9
331 24
204 18
300 14
448 16
225 26
172 3
452 6
343 21
435 5
9 2
24 1
467 4
207 22
133 30
431 30
42 29
93 26
454 8
399 2
192 3
379 11
166 6
452 24
150 14
393 19
291 8
103 14
231 1
243 20
147 10
97 4
490 5
285 20
433 3
49 4
158 15
338 11
460 29
330 13
26 30
119 24
194 17
129 16
382 8
287 16
249 19
419 22
276 16
385 4
238 29
183 23
415 20
69 30
12 3
187 25
324 9
56 5
230 21
293 11
408 23
342 12
166 12
245 1
463 10
352 13
266 10
299 17
405 4
406 12
118 24
156 5
249 19
162 26
247 30
440 2
384 29
161 29
40 14
193 3
239 32
259 28
429 17
36 5
276 26
452 25
385 19
390 17
170 7
314 12
356 13
70 23
385 26
140 17
339 16
131 29
228 1
433 24
297 4
341 5
261 12
317 14
251 26
482 4
108 8
335 3
48 28
54 29
190 13
209 28
228 31
457 11
79 17
315 15
356 31
447 17
150 16
466 8
173 27
171 9
242 26
95 22
465 4
74 10
192 30
182 12
472 30
430 26
378 24
276 1
454 27
53 32
190 14
207 18
465 18
494 10
235 5
347 31
88 16
353 24
405 14
403 8
375 24
129 24
280 9
336 5
479 9
40 12
406 11
233 30
124 23
280 6
167 6
260 2
250 12
385 2
349 27
234 3
323 10
326 2
118 18
38 20
402 10
467 15
324 28
381 15
278 20
8 12

