64
1 8
444 2
181 19
345 16
102 19
307 11
500 23
497 12
135 12
122 9
91 3
306 24
270 28
117 12
290 18
251 10
330 23
279 26
45 23
154 19
13 28
485 16
271 2
444 17
317 5
409 15
392 10
203 5
30 3
217 15
253 27
461 14
365 3
443 26
214 16
260 2
260 8
294 30
77 13
286 21
5 7
152 24
112 10
261 21
24 13
312 32
295 28
209 24
362 20
421 23
451 28
357 14
127 10
91 12
90 25
96 6
423 3
46 14
452 26
379 24
134 6
455 12
313 4
291 30
167 19
453 25
94 13
31 17
162 17
424 11
349 27
48 7
118 13
9 9
102 23
248 11
428 23
367 28
218 25
117 16
220 13
204 25
81 14
385 14
207 4
344 7
179 8
30 28
188 2
68 26
276 4
376 19
370 26
146 19
103 6
174 30
183 9
338 11
111 31
357 21
30 16
223 32
295 8
207 11
141 31
272 32
294 7
322 27
93 31
101 19
81 14
368 23
2 5
377 12
427 25
132 5
137 27
16 31
310 31
265 11
201 12
218 30
387 28
8 19
358 4
25 30
233 20
200 6
448 21
50 27
365 17
35 21
239 2
284 13
476 28
351 28
288 32
169 26
459 16
4 21
135 16
254 3
123 6
305 26
86 26
296 6
238 18
303 21
84 14
377 19
485 23
87 16
146 7
149 17
283 20
273 9
31 22
488 5
183 20
75 20
349 18
70 22
404 20
266 23
309 10
249 9
220 23
269 22
90 1
322 20
421 10
492 23
175 7
308 26
474 26
329 6
307 6
112 14
121 5
400 25
19 13
74 14
483 26
455 32
110 8
499 14
425 15
185 16
321 32
309 15
77 21
320 3
35 15
445 19
308 20
436 2
344 13
267 3
54 18
454 31
53 21
397 10
443 17
77 23
424 1
261 8
21 25
382 15
11 26
414 26
374 13
199 13
209 10
99 30
243 17
276 19
5 8
124 7
104 20
265 7
436 2
26 9
458 24
215 32
437 24
490 30
328 20
231 28
209 25
149 23
381 21
246 13
300 5
387 20
421 16
430 12
29 8
16 10
67 11
305 15
210 2
165 6
38 23
425 18
223 26
197 24
202 18
192 9
14 23
256 14
82 22
142 22
345 13
447 27
239 7
265 25
101 21
338 30
323 30
383 26
39 23
1 4
372 20
445 30
122 8
171 15
89 4
16 25
173 2
195 7
417 28
211 17
240 28
154 27
14 28
312 16
467 4
496 26
355 32
427 1
139 2
383 4
113 19
12 21
212 15
196 28
370 26
496 25
158 25
375 15
37 6
74 7
349 17
192 32
8 23
384 23
68 14
78 28
16 21
317 20
351 12
207 12
269 27
33 26
203 23
448 7
297 6
445 5
442 13
52 6
459 3
152 26
53 21
409 16
21 5
147 12
88 18
295 21
260 27
486 30
86 22
405 14
307 17
378 16
189 22
49 31
364 16
376 8
280 13
188 13
361 26
376 1
391 14
9 22
497 2
316 26
279 24
167 17
272 24
185 5
473 21
311 5
285 27
308 8
175 3
68 23
181 11
187 7
465 11
425 1
41 16
246 3
311 32
404 14
307 20
246 4
172 21
172 12
299 19
224 21
326 7
359 18
86 2
280 10
92 20
362 24
443 3
451 9
370 14
391 24
145 8
159 8
396 2
476 10
309 7
18 10
489 9
343 30
126 18
475 21
326 16
201 8
294 7
77 19
208 7
43 20
454 5
371 10
31 14
247 27
44 17
176 1
345 30
310 2
491 5
38 20
472 2
288 6
240 12
132 27
182 2
2 31
375 9
188 13
218 27
299 10
51 10
350 3
195 7
68 21
295 25
353 31
47 4
236 2
59 27
85 32
41 10
226 3
310 6
23 8
200 21
493 10
498 26
348 4
204 15
228 11
223 32
469 1
275 12
407 17
422 31
424 2
428 14
228 26
415 18
469 18
126 17
67 3
6 6
166 9
32 30
59 26
29 27
375 32
434 29
488 12
475 32
169 2
413 17
343 31
202 27
496 8
123 10
302 20
179 16
189 2
65 15
167 9
330 21
100 15
25 24
470 11
203 7
253 3
91 7
497 24
406 16
471 12
405 9
360 7
92 28
144 4
350 2
452 19
203 20
294 7
195 27
78 1
457 30
215 23
424 3
339 5
54 13
61 10
433 16
392 12
23 23
383 20
48 27
403 14
90 8
329 24
162 6
32 3
235 26
17 6
308 7
43 13
368 27
170 8
226 5
176 20
299 2
471 18
244 13
96 9
420 20
320 22
33 23
52 27
448 16
128 11

