64
313 10
492 9
206 10
470 20
219 5
175 21
439 1
323 9
380 20
13 15
2 16
184 23
198 1
14 15
65 24
47 5
485 2
390 30
300 3
382 2
280 4
2 26
52 5
82 31
128 3
341 13
430 32
387 15
125 21
310 17
448 8
418 12
97 3
474 20
369 27
265 12
262 11
421 2
147 7
96 6
449 13
255 26
460 21
357 12
393 6
477 20
225 18
272 21
404 9
69 24
303 29
124 32
155 8
229 21
46 1
427 22
113 13
224 24
321 24
360 10
449 32
405 9
433 28
345 4
124 5
311 6
450 30
194 8
478 6
257 19
98 23
369 18
215 24
134 3
23 13
452 11
180 9
143 28
236 15
151 8
252 25
489 21
395 18
8 28
104 24
246 29
298 22
115 16
57 24
103 27
92 30
253 15
262 23
86 10
234 8
209 25
48 29
389 22
231 8
165 6
12 31
238 13
228 16
377 1
451 15
419 10
32 32
16 18
418 1
143 27
188 11
191 8
251 31
29 21
327 14
166 6
308 28
202 31
459 14
23 18
56 26
303 8
465 19
85 14
123 19
237 27
133 27
250 3
358 30
216 32
175 17
225 22
488 22
221 23
356 19
208 31
388 2
202 4
32 30
86 7
68 26
317 12
248 2
435 13
195 6
140 10
234 16
203 2
494 19
20 9
370 31
463 17
440 13
109 20
302 6
478 26
367 26
273 18
63 19
71 25
60 10
330 14
278 1
219 31
159 6
323 24
168 13
285 3
301 29
430 3
290 15
176 32
256 32
269 2
7 15
427 10
253 28
63 18
492 5
4 15
370 22
178 13
462 14
348 27
58 5
217 11
388 24
354 27
191 27
313 9
313 23
467 1
198 9
298 14
162 1
192 23
330 1
272 24
35 19
258 24
247 14
291 10
69 12
129 27
118 1
160 15
383 22
199 8
154 1
121 11
1 16
198 23
33 5
326 31
439 31
362 13
408 24
171 16
500 27
86 9
91 13
251 17
370 6
404 32
2 13
190 6
188 11
184 12
207 9
138 5
91 32
34 18
355 8
473 26
206 11
323 28
155 25
472 25
226 3
400 3
251 1
229 11
328 4
10 26
273 32
235 19
499 16
65 21
323 5
59 24
447 17
175 6
453 30
478 7
372 21
257 15
169 17
413 32
453 14
234 1
421 24
291 11
87 23
476 29
244 14
288 10
414 6
495 6
311 12
248 2
52 21
156 21
45 8
68 25
342 13
73 2
472 12
385 10
422 12
466 29
97 25
59 22
418 21
79 32
229 7
262 32
35 17
204 31
189 8
428 14
276 16
495 24
67 27
305 29
442 7
5 30
227 31
399 29
320 14
224 20
156 29
31 14
106 7
472 6
358 3
175 1
103 1
232 13
252 25
9 1
159 2
83 29
428 17
233 19
162 21
498 17
145 25
210 30
319 10
395 12
284 21
12 30
90 4
407 17
280 19
385 26
280 15
26 20
152 15
158 29
67 12
482 19
240 11
313 2
428 19
85 32
128 24
301 29
339 7
409 22
474 29
259 13
316 5
164 11
395 6
131 21
181 20
23 20
359 23
329 18
394 1
201 17
360 14
89 19
208 25
168 13
345 23
138 32
63 25
478 13
326 17
269 14
276 7
129 2
330 21
124 7
221 4
95 13
325 3
279 5
235 6
269 15
224 10
443 22
59 24
94 32
232 2
94 12
357 14
197 6
31 32
260 23
496 2
331 20
92 1
56 30
259 9
108 2
82 26
472 20
322 25
228 25
131 1
264 3
394 17
24 16
132 19
175 19
340 9
299 23
318 30
460 16
382 31
261 24
117 8
307 10
353 30
342 27
206 6
173 12
66 4
375 5
182 1
176 9
258 30
155 19
31 18
354 1
32 18
228 8
402 2
85 26
420 19
88 29
384 16
428 13
159 3
349 8
55 8
416 12
349 14
90 32
35 31
292 14
113 23
66 10
404 6
119 23
280 22
152 15
169 27
315 23
85 12
18 32
39 13
155 24
354 9
119 24
243 22
157 23
132 26
72 3
224 2
62 23
247 13
18 27
143 32
93 4
495 14
71 30
246 13
273 19
25 11
190 28
152 15
326 11
420 18
317 7
87 6
498 10
442 3
452 25
198 21
368 13
210 30
78 28
366 30
258 31
240 24
10 7
498 11
173 13
232 29
412 15
71 17
208 20
127 27
152 20
407 7
368 17
456 9
424 14
146 25
416 13
480 5
127 21
111 3
394 11
344 21
217 2
269 16
129 23
434 1
422 25
299 10
309 11
86 20
132 24
264 3
468 28
323 23
220 21

