64
88 17
166 23
331 20
472 2
92 5
146 30
314 1
145 28
286 32
18 18
141 23
107 28
315 5
180 25
429 7
456 24
200 13
94 6
196 25
267 15
5 24
93 22
189 29
341 26
321 10
79 25
472 5
300 10
149 27
18 25
173 17
297 24
93 30
105 28
307 3
427 19
135 23
481 19
459 25
500 15
31 22
91 2
466 26
140 2
220 13
43 21
130 11
468 26
80 9
214 30
147 32
49 5
362 25
307 8
53 2
303 19
87 29
289 16
135 32
166 10
436 12
98 9
250 10
343 29
342 24
419 28
399 11
325 12
347 23
283 19
141 9
186 15
330 26
279 28
253 16
169 4
207 3
457 16
36 15
136 29
206 6
68 28
372 24
215 18
375 25
469 7
434 10
93 7
479 19
78 27
18 6
270 28
364 10
31 19
24 23
127 29
72 7
184 12
86 30
365 12
99 1
178 24
190 7
146 12
345 31
250 27
320 4
438 12
97 1
434 5
487 13
201 18
107 25
205 16
486 26
208 12
106 13
319 4
7 32
167 12
390 21
66 2
288 27
97 4
323 10
356 17
294 9
71 8
145 31
296 22
400 19
418 18
239 4
153 18
52 3
449 1
87 2
2 14
220 14
110 23
480 25
203 13
77 9
377 1
252 12
55 31
26 24
8 28
59 4
361 30
183 9
403 29
378 32
495 6
354 28
140 5
124 2
161 21
319 5
273 18
208 11
72 13
2 32
201 29
443 21
374 9
74 24
246 7
384 16
48 5
47 7
125 30
233 25
222 19
322 7
472 13
25 19
466 19
326 2
291 21
78 8
245 19
292 2
454 23
81 5
115 27
392 3
1 20
23 10
174 24
420 9
77 1
39 30
175 13
411 1
485 20
128 29
343 7
71 32
297 15
148 23
334 15
1 2
162 20
259 7
71 27
331 15
327 10
392 13
86 10
317 22
494 20
2 4
67 16
483 23
279 6
126 8
21 6
297 22
1 19
221 4
85 11
70 7
124 30
263 9
467 31
334 4
375 16
499 13
111 9
155 29
315 16
352 3
258 12
72 14
55 20
181 11
47 3
402 18
416 4
83 6
243 24
398 21
103 16
261 6
81 3
454 7
47 6
433 8
157 32
265 15
148 6
406 18
252 11
215 7
322 29
104 16
213 21
384 27
101 4
380 29
411 2
279 25
343 11
316 23
66 20
266 29
81 31
110 32
329 17
350 22
473 18
418 1
306 9
352 10
149 27
86 19
268 8
219 2
426 10
165 28
317 30
260 22
452 6
81 4
46 27
281 2
384 30
55 17
203 30
447 19
340 32
113 20
248 15
421 25
68 13
220 20
366 12
485 5
201 30
448 6
496 1
115 3
130 9
271 4
278 13
386 30
101 26
429 20
180 5
76 31
138 32
335 27
479 27
24 27
384 7
128 15
51 6
461 5
115 4
216 20
300 30
213 28
99 1
451 31
46 27
229 23
174 15
389 4
382 16
182 1
87 29
496 29
254 32
21 16
391 9
464 19
338 20
442 28
21 29
418 26
271 23
100 16
209 32
447 14
104 16
207 6
140 30
178 13
361 3
113 32
287 32
294 16
103 31
411 7
331 5
40 17
327 15
248 31
183 18
125 30
25 27
327 12
236 4
409 20
258 21
347 16
96 4
19 6
79 10
173 29
462 12
214 8
407 13
322 9
359 18
78 31
480 8
399 3
111 3
163 17
179 9
264 10
353 31
323 15
416 27
191 21
263 24
16 1
69 1
109 3
487 14
13 30
293 11
385 31
421 23
475 3
259 15
372 11
225 27
393 20
393 4
220 27
191 3
323 31
423 3
37 21
172 2
431 4
164 19
219 25
65 17
183 7
135 7
138 11
101 10
350 21
317 5
148 8
155 10
470 10
457 7
42 28
260 16
444 19
490 2
7 10
58 6
81 17
448 2
403 12
303 25
392 24
25 15
331 4
65 4
461 5
362 10
352 17
326 31
396 27
160 14
221 18
295 21
262 30
74 28
141 32
120 9
347 17
275 21
176 15
33 32
63 2
489 19
367 2
61 22
481 17
367 1
290 22
205 3
255 10
66 28
5 18
132 32
330 26
84 21
97 12
492 27
362 28
425 32
146 30
193 26
206 23
178 15
424 14
397 31
11 14
278 31
499 29
422 32
166 18
36 30
473 7
273 10
359 5
265 32
182 29
481 15
368 18
233 31
391 13
321 21
443 22
471 25
358 17
121 8
102 12
285 30
387 29
112 21
106 16
452 3
37 12
26 32
441 14
46 27
91 27
435 21
168 1
325 2
1 5
49 18

