64
284 27
5 24
486 6
127 16
400 11
83 24
381 31
139 8
476 20
27 26
176 2
500 13
279 14
394 1
242 32
56 26
294 20
177 23
429 27
399 20
290 9
220 30
83 30
101 14
234 24
312 13
277 15
169 19
128 27
444 21
166 3
246 19
262 31
441 14
77 15
369 30
171 12
388 30
150 32
15 27
115 18
143 15
488 32
150 27
226 21
484 19
295 29
53 12
3 13
97 20
36 25
149 18
257 12
163 14
376 26
140 2
355 14
85 11
297 18
457 6
30 20
264 28
21 28
379 11
13 31
454 4
143 15
457 27
138 4
8 5
149 15
355 7
485 23
345 9
376 22
303 13
93 6
80 25
86 14
488 10
136 1
349 2
43 1
381 9
128 4
397 32
239 19
131 15
393 23
3 16
480 5
376 21
75 3
389 12
264 16
313 27
317 1
29 31
169 25
95 5
500 20
276 14
446 10
312 15
85 19
310 12
175 26
340 1
492 13
112 12
104 32
6 12
288 2
483 1
146 17
457 22
272 8
235 10
490 31
408 18
417 21
341 7
106 29
192 10
409 19
57 4
431 26
136 18
300 26
378 21
398 22
90 14
418 13
239 15
75 14
36 27
66 28
433 16
408 8
473 32
483 13
32 13
294 19
334 1
488 16
38 21
249 31
406 2
155 24
128 21
141 15
423 7
391 16
434 2
35 14
466 17
138 5
281 31
15 27
376 2
382 21
90 14
243 24
500 30
343 31
330 20
142 1
394 24
164 15
181 6
436 26
67 21
494 19
355 20
165 18
65 22
494 11
28 25
354 19
486 16
5 7
31 30
123 28
29 22
454 14
484 5
59 18
165 5
100 12
116 17
101 13
162 3
187 9
35 24
419 16
87 12
38 10
273 29
245 30
446 15
215 13
291 17
182 12
177 2
327 13
250 19
325 23
225 15
304 15
402 26
130 12
201 20
457 14
180 26
479 1
104 21
110 26
169 11
53 26
276 27
342 29
362 30
288 2
28 19
197 17
16 14
268 17
197 17
42 16
130 8
353 17
416 30
182 32
104 15
281 20
169 30
256 22
287 3
468 6
485 8
446 1
341 18
69 22
142 14
265 11
481 21
59 16
430 4
479 26
178 8
117 27
381 28
376 32
415 7
185 19
358 27
251 3
48 3
440 13
280 28
15 4
173 17
155 2
164 2
339 6
245 7
392 13
179 15
348 1
462 17
343 3
367 6
73 22
116 28
306 24
68 24
155 8
244 14
193 27
147 4
452 23
338 31
219 12
462 15
460 3
303 31
297 9
100 10
286 11
381 31
110 28
262 29
39 29
278 12
467 24
467 23
18 24
113 16
172 2
6 15
52 28
137 9
328 16
218 1
155 22
55 28
102 20
232 20
376 1
75 7
136 13
113 5
49 17
93 8
3 18
406 22
258 3
254 17
482 15
50 12
125 16
252 22
124 31
217 19
196 8
193 23
36 21
188 24
382 16
7 24
81 21
141 14
159 11
275 8
69 16
276 29
131 27
270 2
213 27
457 24
130 13
443 21
306 10
453 7
113 11
274 25
75 10
383 21
12 5
225 13
184 16
477 18
230 27
124 2
437 8
202 22
80 8
82 21
125 22
275 9
197 24
281 31
18 7
356 21
171 16
165 30
431 10
372 8
92 3
101 24
426 2
445 29
297 22
446 25
264 12
361 12
472 2
82 5
156 29
221 19
220 26
384 10
379 31
309 6
101 26
349 10
415 9
87 4
170 24
336 9
455 29
96 6
190 30
118 5
318 3
23 6
76 7
39 30
13 32
275 6
461 31
343 19
415 21
290 4
16 18
73 15
174 32
248 11
197 30
59 23
56 6
256 27
488 10
436 16
345 26
317 1
332 4
384 30
292 9
385 4
2 13
130 7
125 5
241 9
446 32
391 1
233 26
335 16
292 18
71 12
479 20
293 2
251 32
259 14
52 32
53 2
452 2
432 24
411 25
453 8
324 31
61 28
341 3
275 28
17 9
119 31
288 19
9 18
290 31
432 26
114 16
247 10
166 2
197 24
202 1
135 17
344 7
80 24
442 22
19 30
255 25
304 26
400 28
80 29
283 11
382 24
346 16
165 11
10 2
142 11
362 1
88 1
323 7
92 16
225 10
73 27
99 9
372 14
40 31
38 30
165 32
422 3
103 22
225 32
299 15
175 25
143 6
421 21
280 17
433 8
474 17
334 28
85 22
273 29
8 19
150 29
434 15
35 32
9 11
500 27
477 10
171 7
287 12
140 26
456 32
422 21
428 3
205 9
312 25
489 12
139 30
196 28

