64
107 13
126 31
132 22
415 4
333 4
6 18
21 2
74 14
351 27
73 21
248 20
102 4
152 29
181 25
77 19
118 19
99 23
6 14
264 16
137 24
371 18
349 24
428 19
61 26
321 13
18 16
13 19
47 8
307 3
320 15
442 30
417 20
32 18
474 32
46 18
95 20
456 32
11 23
70 15
364 30
56 29
161 28
351 32
83 29
286 2
391 23
191 11
119 19
433 12
370 30
257 8
97 32
111 28
446 24
382 5
273 5
41 2
356 15
493 2
399 2
192 21
5 2
300 3
456 28
270 5
61 10
345 9
238 19
116 31
339 14
344 31
286 4
396 18
127 32
431 29
166 22
166 26
356 17
496 11
48 9
340 4
494 28
116 27
342 16
118 24
433 29
143 14
196 22
63 18
278 18
199 23
115 32
316 30
32 11
485 27
279 24
390 4
359 9
355 32
440 24
232 20
284 14
294 19
115 32
5 24
349 19
186 24
270 29
285 1
15 29
83 25
444 24
269 6
180 27
58 24
446 29
343 5
366 12
411 12
492 27
224 28
469 17
7 30
114 8
94 20
264 24
273 24
499 9
213 15
15 2
150 20
410 16
40 7
480 14
107 7
217 22
14 21
442 21
479 19
164 16
183 31
100 19
486 22
199 19
480 29
172 9
24 18
473 7
208 20
216 10
126 28
347 27
321 5
363 3
195 10
222 29
157 25
387 30
123 9
44 18
297 4
231 20
149 19
86 12
358 14
226 31
437 20
177 25
64 8
259 15
417 13
339 25
153 26
67 19
310 6
377 7
177 31
482 29
365 20
385 22
221 30
408 9
385 12
266 9
475 28
59 4
356 1
168 13
122 18
135 28
400 3
94 32
173 27
105 17
494 5
110 14
302 25
75 18
305 24
134 23
67 16
226 27
441 22
283 10
183 5
49 30
484 6
10 8
69 26
193 14
454 30
480 31
23 18
292 27
97 10
457 27
321 11
437 9
280 27
379 6
340 23
44 7
421 1
330 29
18 6
254 23
28 5
429 26
490 4
228 30
201 4
249 6
70 13
338 13
108 32
311 7
143 22
121 19
110 26
255 15
176 24
301 3
445 25
252 18
4 15
372 9
14 8
430 32
156 27
284 27
483 30
61 17
151 13
391 8
187 17
238 6
4 26
64 4
470 3
86 14
497 5
30 2
428 3
445 31
225 13
50 23
174 26
35 29
347 9
436 13
69 26
394 1
415 25
76 5
475 25
210 11
117 7
332 8
49 13
331 5
357 32
184 2
193 2
58 31
143 2
71 3
19 28
339 13
272 7
21 14
75 2
68 28
320 4
439 16
380 9
345 8
500 16
117 1
97 7
83 27
20 10
154 2
469 32
174 25
258 31
190 5
276 30
228 8
361 2
167 16
139 11
327 18
242 31
34 11
321 17
77 12
122 2
81 30
74 27
34 7
153 28
367 24
185 10
227 25
464 22
488 22
108 30
91 26
312 25
188 1
93 8
324 2
198 25
155 11
363 21
157 11
264 28
294 8
469 1
48 16
118 7
385 21
404 12
426 31
304 17
199 12
433 11
461 2
131 11
456 21
155 28
211 14
135 32
69 28
228 20
239 21
354 16
422 29
155 23
324 30
16 26
57 32
396 21
281 6
483 12
222 30
347 24
259 30
288 32
141 23
295 3
212 13
58 21
109 12
183 4
373 18
454 17
497 1
297 17
79 4
364 32
121 3
84 11
248 15
58 24
89 29
470 16
205 12
136 17
91 15
97 32
220 18
392 17
102 21
345 24
172 29
184 24
271 15
22 30
341 12
257 1
284 14
433 16
105 20
152 16
90 20
159 2
149 30
378 23
442 18
282 9
282 5
108 12
435 2
421 15
209 29
260 20
255 32
331 3
463 2
406 21
82 32
214 26
318 7
332 15
164 30
428 6
134 23
349 21
164 26
47 4
298 18
67 32
497 25
115 4
231 20
216 16
436 13
245 17
371 25
67 10
394 22
183 23
29 32
447 4
153 14
120 14
299 30
206 16
83 16
311 17
43 10
328 22
454 8
434 8
500 5
413 21
346 32
124 6
479 22
122 23
415 17
284 2
426 17
213 4
12 3
172 3
400 19
384 1
423 30
380 26
170 24
167 27
239 26
93 21
211 10
199 18
454 15
43 7
323 3
239 31
481 30
241 16
113 24
84 11
293 23
308 22
458 18
181 5
467 17
265 26
486 4
155 19
446 29
169 16
155 3
306 3
21 14
14 17
170 1
19 26
263 30
128 4
4 32
416 26
80 1
499 9
496 29
207 21
53 19
412 23
486 18

