64
71 27
163 5
436 11
449 25
303 2
76 23
300 20
285 19
2 16
260 27
130 5
430 2
26 10
303 18
136 21
475 10
39 21
214 6
228 31
163 2
380 18
232 3
133 20
201 22
367 21
113 4
193 2
61 26
148 15
291 31
68 29
192 18
106 21
432 17
67 22
66 18
183 10
477 11
165 9
301 32
137 17
83 21
158 8
399 29
358 25
291 25
158 2
383 7
387 2
447 9
407 8
251 29
161 15
107 14
403 7
61 20
171 15
220 9
138 22
337 12
11 32
272 4
109 14
134 23
467 32
152 5
443 26
165 24
480 8
281 30
30 17
273 5
335 25
381 21
166 17
320 28
196 3
47 17
97 8
3 31
111 6
140 14
407 4
9 6
279 9
120 25
481 20
361 23
88 9
491 26
161 10
133 9
105 20
365 29
211 31
115 2
225 30
227 3
410 19
369 12
375 12
348 19
231 32
21 11
152 20
276 1
25 24
373 9
439 1
329 6
159 32
323 3
49 21
366 30
135 14
498 1
73 13
215 23
405 27
325 20
98 4
72 11
8 28
103 6
236 24
447 27
227 17
277 19
169 2
85 11
227 26
15 7
278 29
454 18
464 30
442 5
378 25
387 29
13 2
34 16
273 13
494 15
101 7
125 2
264 17
276 23
494 23
493 16
371 26
157 10
76 6
99 25
167 29
393 19
326 22
278 22
258 12
300 31
246 5
332 25
337 11
203 31
101 12
454 20
345 14
157 28
60 11
76 18
444 8
256 5
246 5
71 31
360 30
65 1
146 28
466 23
355 8
313 7
67 2
278 24
227 23
183 2
393 7
215 8
430 22
309 11
207 7
30 10
100 6
23 6
342 4
432 8
359 16
354 30
361 8
41 31
270 7
77 30
185 19
350 27
465 18
141 3
240 14
440 27
116 22
288 21
301 27
4 4
314 9
437 26
192 21
317 13
403 25
475 8
35 16
54 19
333 6
373 24
364 1
262 7
274 18
287 15
120 22
86 22
350 18
163 14
54 7
354 32
223 4
43 10
3 8
108 19
142 17
110 1
293 28
187 6
125 1
344 24
466 5
233 19
6 28
60 27
374 26
367 1
445 1
206 16
209 5
486 22
497 12
206 5
319 28
59 19
68 30
390 17
387 23
403 24
18 3
303 19
80 13
191 24
429 28
323 21
413 9
338 21
256 31
402 26
138 4
220 21
417 21
441 3
83 8
47 28
10 13
195 5
221 1
112 5
485 3
490 29
95 3
9 30
74 10
275 27
73 2
120 14
454 20
144 1
255 10
340 4
94 10
204 14
123 4
167 7
454 12
207 16
186 19
101 15
329 3
174 9
72 25
94 25
204 6
413 7
131 21
426 5
138 18
242 8
149 4
70 26
267 16
353 29
343 21
267 31
179 20
127 26
232 29
126 24
310 11
246 16
143 7
368 28
152 6
244 12
221 17
401 24
441 13
496 3
57 30
157 23
202 7
336 29
355 2
220 4
204 17
308 10
488 7
329 15
488 8
439 21
237 31
400 25
296 31
311 12
156 27
439 13
101 18
494 4
439 29
323 30
30 26
339 5
157 12
7 12
91 13
204 11
488 11
355 23
349 29
338 5
483 4
65 24
254 26
243 8
123 1
38 4
47 12
20 27
247 26
50 10
175 6
368 18
60 23
148 25
387 9
265 10
113 13
157 2
91 27
261 29
167 14
216 21
378 7
267 16
316 21
313 6
422 13
355 9
255 30
241 21
339 29
214 19
38 30
20 16
472 28
192 19
430 11
351 3
197 22
134 16
286 11
354 3
331 12
39 25
210 12
77 16
136 11
350 17
364 21
4 32
500 11
326 25
453 24
291 5
145 13
13 22
223 10
340 13
73 3
489 30
10 17
33 21
207 14
22 3
454 5
406 18
220 19
438 4
258 5
25 23
153 29
36 7
254 4
279 26
106 23
460 19
183 4
463 2
78 12
460 19
9 5
188 32
299 14
103 32
206 11
162 2
367 2
436 12
277 26
446 10
332 29
200 22
100 2
255 17
498 26
264 30
134 7
437 20
280 31
192 5
370 9
194 16
254 13
356 14
194 1
115 21
409 18
243 28
180 1
241 1
267 16
386 24
158 26
184 10
360 31
422 1
431 20
317 17
448 12
66 6
176 21
370 8
50 4
147 25
165 15
109 31
94 22
182 20
315 1
41 7
443 10
107 6
281 23
410 29
298 19
222 13
211 27
112 13
407 23
193 3
349 30
353 3
147 22
46 2
103 18
192 21
399 14
122 24
277 15
260 6
210 21
251 8
275 6
32 13

