64
83 32
195 6
149 6
323 24
179 31
300 9
114 12
452 30
295 18
163 6
391 24
353 7
123 2
46 9
158 29
124 5
16 18
262 24
275 21
491 30
467 6
118 28
446 9
354 32
274 12
102 21
31 26
71 6
168 28
426 13
156 17
269 20
71 27
335 25
319 26
2 1
319 27
421 16
391 22
356 29
141 21
181 4
262 11
29 9
219 22
458 30
207 6
45 9
460 28
325 14
409 23
267 19
149 11
343 20
164 18
56 32
358 32
327 19
338 11
400 16
309 17
430 7
286 30
495 22
57 15
227 13
497 17
396 22
235 2
185 26
139 24
202 24
327 28
466 32
383 5
72 7
73 29
409 11
178 27
308 19
73 2
51 14
83 30
215 13
387 11
67 17
342 32
372 24
147 18
35 1
54 6
423 11
310 19
337 28
437 20
426 22
381 12
431 7
126 5
132 8
99 26
389 16
317 32
459 19
449 29
344 7
303 26
481 4
301 5
303 25
312 12
450 12
408 16
7 1
228 6
396 2
187 32
117 23
248 23
317 16
272 28
402 22
278 6
241 2
50 24
18 1
475 8
405 26
199 31
118 11
400 2
104 2
149 29
440 32
499 32
296 6
268 5
399 17
431 20
326 20
35 11
341 13
310 1
243 9
7 32
287 2
225 30
343 2
166 26
473 13
389 16
138 20
317 13
404 31
176 21
226 10
424 6
70 17
14 28
93 4
24 11
277 28
325 7
473 2
252 30
6 25
65 32
148 1
384 16
331 11
132 17
472 3
326 9
140 28
205 12
211 32
315 4
327 31
458 24
480 10
97 14
54 1
185 13
246 24
456 32
478 32
484 21
494 6
341 21
1 1
217 31
124 23
50 27
21 12
102 20
273 6
41 22
62 13
378 7
292 30
87 5
273 22
421 30
231 22
251 27
158 19
146 22
349 27
436 29
406 1
424 26
86 17
355 11
189 17
158 1
270 24
305 10
17 30
159 8
191 25
182 8
227 27
333 19
374 12
499 27
156 31
309 17
387 3
92 11
99 13
111 32
196 16
261 16
345 16
311 31
32 25
234 19
171 3
37 8
186 20
175 26
458 23
286 32
349 5
122 12
329 21
315 20
352 20
88 16
347 26
230 10
242 19
488 5
233 1
308 3
412 14
464 5
316 5
416 29
330 13
464 26
121 18
34 4
205 17
19 7
370 32
281 28
267 12
376 7
496 11
121 31
17 4
127 28
37 6
348 18
79 31
375 19
441 24
227 21
232 9
400 18
197 12
65 27
151 12
313 3
474 10
53 14
369 4
174 21
221 1
122 27
184 17
54 16
108 4
120 16
376 31
293 20
50 13
386 1
500 15
347 13
132 3
463 4
282 4
257 15
8 30
5 3
78 22
166 22
41 22
229 5
8 5
340 30
81 6
110 8
276 32
404 11
58 14
462 8
205 6
46 21
300 30
255 17
312 9
266 12
58 10
472 17
70 8
474 30
241 11
81 32
242 25
126 12
54 23
343 23
157 8
471 32
141 1
36 24
497 22
8 6
351 19
323 13
494 4
422 6
83 15
101 24
191 14
179 12
17 21
354 1
112 12
332 1
253 15
408 21
372 27
7 3
246 17
495 7
180 24
325 2
122 17
290 12
3 28
408 3
193 25
43 12
289 2
408 17
444 4
493 20
434 31
390 11
31 4
122 3
3 30
324 1
370 29
436 12
285 3
242 9
308 16
132 32
213 32
488 1
59 20
324 32
331 9
375 1
300 28
275 6
441 7
426 6
63 18
386 27
260 31
175 15
115 23
14 31
402 29
335 24
185 18
155 3
74 1
79 5
24 6
27 20
304 16
478 14
369 11
417 21
341 11
47 23
101 17
134 22
265 20
165 29
478 4
315 31
200 2
276 32
99 14
39 18
457 12
471 30
230 7
306 31
330 20
377 18
264 10
284 17
182 20
329 3
119 12
413 27
93 4
42 19
193 12
444 14
300 2
327 13
153 28
451 26
483 32
411 19
41 18
479 6
494 15
84 28
6 9
282 6
388 15
140 29
459 27
82 18
201 20
138 5
39 9
334 29
120 8
471 16
494 17
86 31
460 29
302 25
369 16
63 17
258 22
41 24
489 22
325 13
29 7
41 23
255 14
291 22
173 2
385 14
62 26
4 17
343 6
486 27
241 8
171 18
453 23
66 13
332 18
481 20
204 9
130 6
98 29
183 11
34 32
288 15
241 4
468 15
449 9
294 29
204 20
38 12
27 23
449 22
493 17
422 32
154 19
358 15
175 32
225 12
311 17
155 24
156 26
134 28
426 15

