64
297 19
137 3
222 7
409 7
255 22
433 15
360 29
29 18
413 30
280 26
249 25
18 9
356 16
360 27
183 27
409 19
161 29
134 19
224 18
233 2
63 29
344 10
334 21
88 26
98 23
83 2
363 1
390 6
440 9
448 18
175 24
101 16
457 26
422 24
331 26
9 17
170 9
167 15
429 22
101 14
472 27
76 27
135 25
256 11
66 32
48 4
115 32
427 11
85 20
102 3
1 27
160 3
315 14
377 31
431 25
472 14
12 27
88 14
364 8
424 21
251 20
20 29
471 11
288 12
498 9
174 11
203 1
373 5
10 29
463 16
78 15
46 9
185 5
438 28
180 14
328 18
185 8
147 19
498 22
414 15
26 12
197 1
272 5
97 26
318 8
425 23
346 6
335 30
307 20
430 22
337 9
120 1
308 22
380 1
51 17
4 8
84 8
156 8
121 13
489 14
312 9
36 9
87 2
38 25
345 31
82 22
428 21
54 23
318 9
96 20
78 7
148 21
2 3
16 26
55 28
411 2
473 10
226 19
167 16
155 32
434 24
193 21
289 10
300 22
31 3
178 12
345 5
268 22
479 28
468 22
343 22
251 27
176 1
225 10
444 23
205 29
467 29
90 27
347 29
416 25
135 25
336 7
121 3
176 4
442 11
485 21
225 15
99 32
415 28
445 30
54 18
235 32
102 12
330 20
416 10
176 6
190 15
28 31
318 7
410 15
198 26
395 18
480 18
25 23
21 25
104 30
322 14
298 24
365 23
75 32
224 23
181 2
465 16
76 22
115 1
393 8
230 7
437 1
132 9
307 4
281 11
78 11
100 31
230 17
205 12
448 21
406 21
194 7
188 21
4 26
457 32
317 14
35 25
98 30
65 5
170 2
167 3
152 6
177 13
434 21
36 6
13 26
10 30
16 29
178 27
203 6
119 23
171 1
272 1
22 16
377 31
385 19
141 28
12 1
120 14
402 32
179 30
301 12
324 24
88 13
186 30
339 12
161 5
308 4
481 10
471 9
372 4
251 9
243 19
33 7
60 30
222 18
52 30
129 23
41 4
79 6
210 21
382 22
278 29
153 30
222 11
467 14
330 1
458 13
183 30
139 18
128 24
183 23
85 31
405 9
231 15
54 4
252 31
161 29
328 17
138 1
287 32
494 9
25 3
393 19
497 7
153 28
94 7
154 18
350 30
6 8
244 7
223 15
198 3
375 1
47 5
425 13
320 15
153 4
73 9
403 17
279 27
44 12
93 29
253 6
458 22
225 6
21 23
48 2
181 31
94 11
139 2
116 6
140 12
154 1
17 32
485 3
314 29
19 26
429 11
52 19
233 12
440 29
427 11
322 27
113 31
38 11
136 29
413 16
272 26
44 28
325 32
435 18
260 13
247 21
75 10
279 23
130 30
59 24
408 16
14 17
146 23
327 14
55 11
409 27
156 12
466 28
183 20
321 7
352 24
483 23
421 1
85 22
182 32
457 5
375 31
313 29
373 16
6 8
230 6
106 30
69 23
69 27
323 6
45 10
13 27
304 29
491 13
187 24
236 31
113 26
113 17
334 18
416 31
117 26
104 26
235 20
144 15
275 26
248 15
344 16
198 3
397 4
239 31
360 26
225 24
436 26
248 9
379 8
460 3
13 11
68 23
439 11
253 13
381 25
31 8
112 4
74 20
416 25
442 3
490 15
450 5
208 1
398 18
212 21
432 8
123 15
322 29
61 3
273 29
427 4
368 2
235 14
46 14
458 7
128 23
5 9
224 28
274 9
1 17
329 32
413 27
282 22
216 7
12 32
487 18
495 7
476 10
148 9
231 25
359 7
403 4
435 10
279 24
246 12
397 14
415 1
229 25
246 32
95 14
283 1
47 2
287 18
359 26
394 1
390 9
299 1
468 22
270 10
145 28
81 21
293 32
53 17
396 11
168 22
260 15
422 22
432 29
328 26
494 1
82 8
325 1
28 20
318 17
242 2
164 18
207 21
21 11
181 8
261 21
109 12
3 19
326 18
91 9
427 4
225 4
319 18
92 18
45 25
495 2
223 14
312 17
318 4
39 7
452 16
199 8
319 29
442 28
338 8
500 24
468 13
475 22
478 31
336 2
179 10
364 17
191 23
33 25
210 28
7 5
223 25
73 5
461 6
389 2
398 4
265 25
316 19
2 13
9 21
371 8
370 18
292 21
112 25
69 1
100 11
186 30
335 18
66 23
123 2
92 4
194 16
236 21
298 10
6 19
278 16
198 28
313 17
208 8
17 28
96 28
54 13
289 8
390 27
34 21
160 21
384 1
184 20

