64
395 27
48 25
283 15
300 5
83 22
415 29
92 9
277 29
494 15
456 1
323 8
300 10
194 7
479 24
295 16
141 29
55 13
293 25
483 16
85 29
426 12
258 5
100 14
73 30
56 29
202 2
52 25
420 17
143 26
348 22
377 17
330 19
381 7
119 23
66 8
280 27
55 13
212 6
274 32
451 21
16 32
59 31
357 2
311 23
227 23
288 3
351 30
238 3
92 32
445 25
263 12
352 25
464 19
175 17
50 1
418 14
481 28
132 25
9 27
187 23
157 27
41 23
296 14
441 27
338 17
247 20
461 6
269 20
12 11
365 10
419 10
127 11
461 2
87 1
256 18
55 12
100 15
270 3
77 26
133 10
95 15
365 7
329 9
182 12
279 30
253 30
179 11
448 11
341 11
311 8
160 1
360 7
164 21
5 12
339 5
357 25
219 17
43 7
58 24
239 12
122 7
385 28
74 17
495 30
71 17
213 22
374 24
488 1
201 4
480 27
184 32
175 26
260 17
301 9
292 19
209 29
233 29
269 10
129 31
71 7
271 12
428 32
355 23
384 15
462 11
297 1
254 27
399 26
391 27
386 19
89 22
151 5
39 7
479 31
385 21
218 20
184 1
3 3
116 19
149 17
305 26
74 7
120 12
424 31
22 1
397 18
255 31
282 9
318 4
311 10
13 12
209 24
25 16
438 4
302 11
420 30
384 5
16 23
464 3
217 21
452 5
446 26
160 28
350 9
43 8
30 23
40 15
103 32
6 8
407 31
330 22
116 21
171 32
420 10
126 32
323 5
101 4
486 8
199 31
88 30
347 1
148 26
411 2
153 12
346 27
426 27
236 6
92 10
377 27
392 6
350 18
283 30
333 8
61 20
455 20
477 13
321 4
38 3
430 30
351 15
100 24
153 7
169 24
93 1
310 4
399 12
49 17
313 9
300 14
468 30
225 12
406 21
272 15
480 21
484 6
179 3
105 11
270 26
279 26
170 20
197 32
99 17
100 8
329 8
137 21
5 21
92 15
110 15
205 1
267 9
270 5
475 2
128 20
351 18
457 21
345 9
292 4
101 4
207 18
495 31
226 15
55 5
261 28
32 26
456 22
358 1
95 12
155 10
280 29
479 12
229 31
93 5
118 13
116 12
474 18
166 3
460 29
368 29
440 27
242 20
400 23
472 10
134 22
67 1
335 13
353 3
220 1
435 13
489 14
13 11
363 2
13 31
454 20
247 22
130 16
141 30
290 28
375 7
442 26
188 4
190 20
338 17
336 13
450 32
378 22
138 25
195 23
267 21
382 17
394 24
204 18
393 5
497 27
267 30
412 18
65 26
345 7
66 24
379 7
208 12
32 1
348 19
199 26
227 1
478 16
444 9
5 12
25 13
158 24
291 26
97 11
375 14
109 28
177 3
159 28
447 30
285 18
416 19
112 22
415 21
113 10
474 5
397 10
322 27
141 28
476 10
318 6
235 23
141 27
469 3
351 7
341 19
413 16
469 4
102 24
464 10
93 21
35 22
287 32
44 31
319 3
368 32
72 30
266 8
217 15
215 15
1 11
53 13
162 5
436 31
404 8
329 29
188 23
338 26
70 1
253 16
103 32
227 10
426 5
237 22
79 27
412 7
357 4
344 31
484 3
485 4
382 5
88 6
379 17
43 16
157 23
39 19
267 14
432 20
258 12
37 4
323 12
118 11
411 29
253 22
444 6
485 9
254 24
394 5
348 13
432 24
435 19
262 25
88 5
96 17
417 20
384 23
431 29
121 13
166 10
439 25
463 27
433 24
199 15
200 26
467 16
50 29
306 27
454 1
60 1
89 16
385 4
66 19
176 6
8 25
411 2
449 29
220 18
441 14
264 16
316 26
475 25
482 32
27 11
172 18
188 16
413 32
435 6
386 19
16 17
303 26
190 28
3 14
337 11
31 12
286 2
181 25
62 26
40 13
301 24
26 16
175 31
411 26
120 32
72 15
393 22
265 2
329 31
195 29
265 10
116 2
423 12
162 5
310 18
425 10
117 14
449 15
92 7
104 16
358 19
198 22
253 6
184 25
284 6
98 12
455 29
450 26
213 7
362 14
164 14
335 32
87 15
275 7
345 22
242 26
257 19
304 17
457 7
293 28
68 30
140 27
307 21
104 3
51 17
244 19
102 6
346 24
212 32
70 8
350 19
109 30
454 16
170 30
102 22
1 2
204 32
248 14
432 15
232 15
167 31
49 28
404 18
159 23
366 17
22 7
243 30
376 8
246 17
309 3
358 30
220 25
5 31
274 17
169 21
419 11
331 31
454 22

