64
8 20
224 8
249 25
304 29
53 5
375 22
22 27
469 2
438 14
389 18
8 3
284 12
228 16
275 3
330 2
201 1
218 29
352 26
153 23
334 18
28 24
175 21
255 32
254 20
17 6
465 20
185 4
348 12
255 26
483 4
4 23
124 17
311 12
38 8
334 31
373 29
431 31
114 9
246 7
228 10
213 32
138 21
144 29
160 22
310 14
186 17
177 29
385 23
340 10
302 10
145 22
238 31
277 23
111 18
422 2
136 10
381 25
382 4
461 29
274 10
35 19
287 15
471 27
49 23
445 3
336 13
80 5
15 12
276 17
82 25
314 25
182 18
341 31
218 5
307 15
422 5
301 8
403 15
231 24
285 7
6 4
467 17
45 29
145 4
309 26
368 30
294 29
315 2
315 4
286 21
226 19
314 18
119 12
1 29
371 5
227 28
405 21
165 17
25 9
120 29
238 15
306 19
239 8
368 5
356 25
377 29
63 18
459 5
462 15
233 32
243 3
412 27
3 8
299 7
88 30
63 17
460 28
59 22
340 22
454 15
430 19
275 24
76 25
377 1
43 29
221 26
420 28
136 22
59 31
301 18
56 31
26 8
83 4
65 30
361 23
116 6
53 22
485 12
327 25
165 21
322 13
6 21
368 2
14 10
280 6
127 27
381 28
202 31
235 31
384 23
137 7
440 29
92 24
316 10
489 20
139 6
68 12
254 7
489 3
416 12
285 10
455 13
193 8
127 3
274 6
225 26
212 20
98 7
440 30
425 28
449 15
441 17
410 26
155 7
164 7
370 4
464 24
464 21
332 26
287 5
303 16
367 10
379 20
21 14
81 1
449 2
359 9
250 8
286 8
370 30
326 32
249 30
415 17
298 22
154 8
203 9
447 25
174 26
236 2
495 29
490 16
50 16
36 15
468 26
54 5
271 4
76 23
373 27
83 18
88 17
105 10
397 16
62 10
81 14
116 15
466 13
222 7
305 22
165 20
79 10
108 5
301 28
71 13
378 2
194 5
242 23
311 10
54 16
59 14
21 30
412 6
131 26
352 7
391 32
58 29
86 17
21 22
52 27
411 1
96 32
98 13
106 20
474 27
131 9
496 32
410 4
489 16
41 17
178 11
60 15
103 25
252 7
383 11
417 17
288 29
248 17
349 6
496 31
216 6
411 8
481 12
471 10
64 7
14 17
145 9
328 23
70 31
425 16
437 29
96 20
205 15
460 2
400 7
432 20
285 6
31 17
13 5
438 12
363 19
169 27
376 28
309 29
426 13
100 2
277 11
438 2
389 25
239 13
56 2
256 12
363 26
456 23
138 22
155 8
196 31
210 3
170 18
219 19
454 10
160 6
12 9
211 13
346 9
41 1
322 24
92 16
285 7
263 14
292 9
125 4
443 22
410 32
55 5
410 4
298 5
89 2
18 16
414 15
452 6
467 2
305 26
309 13
308 23
362 28
191 14
439 5
23 4
448 9
180 21
288 22
130 20
491 7
27 4
65 27
61 3
104 5
440 12
305 27
39 10
198 1
355 20
66 25
336 9
157 31
426 12
196 23
171 10
405 2
293 17
28 21
351 23
69 14
98 9
388 4
242 30
217 8
73 10
176 8
498 32
127 15
127 26
329 10
360 1
495 16
53 6
357 3
208 29
396 29
2 24
441 23
73 5
43 5
142 30
405 31
50 19
62 8
204 18
325 15
327 27
419 3
44 3
486 27
403 21
408 4
368 24
351 32
60 25
85 9
110 17
191 19
371 20
39 14
346 11
341 24
386 27
402 5
385 31
384 27
120 23
395 31
342 25
279 9
137 3
453 6
203 23
257 21
99 19
350 16
361 30
467 2
448 32
27 20
107 6
323 18
52 13
416 9
313 14
497 21
56 1
194 2
295 18
34 1
300 24
188 1
425 22
406 13
374 8
260 20
193 14
57 8
150 20
340 30
18 32
262 17
488 12
35 23
109 8
27 1
155 7
69 20
220 2
156 17
258 31
72 22
349 8
46 6
304 13
312 29
73 21
97 12
380 31
46 29
403 25
249 5
139 29
340 26
494 23
451 7
410 14
53 2
206 26
107 17
334 10
33 18
343 25
170 30
464 31
62 30
139 22
126 21
182 26
487 16
312 25
130 5
162 18
330 27
483 13
431 17
58 23
426 20
296 31
474 7
162 11
328 20
401 5
77 18
122 23
109 14
351 23
6 20
124 24
83 19
124 25
275 25
328 4
433 31
147 30
85 32
292 8
107 8
68 27
126 10
97 26
123 31
176 8
163 24
167 1
110 2
461 12
323 8
435 7
114 17

