64
434 22
84 31
263 24
121 20
89 25
477 16
186 17
476 26
489 14
436 25
231 23
232 23
189 23
211 19
447 10
116 17
135 27
299 21
395 23
460 15
395 8
258 21
349 9
178 5
311 17
137 21
31 13
175 20
451 9
410 9
282 21
129 16
428 7
17 2
49 12
156 12
264 13
24 12
350 13
4 12
165 12
404 3
8 10
118 26
314 28
59 4
256 27
215 31
170 23
356 30
59 15
13 22
128 8
489 17
440 16
136 16
483 27
3 19
320 8
4 21
351 14
432 19
453 11
141 10
81 17
191 3
63 16
164 26
443 24
166 11
495 5
190 2
43 12
172 2
16 31
199 22
89 14
324 21
480 25
14 25
17 4
199 7
463 19
269 10
366 10
492 17
439 13
42 13
77 5
47 12
239 5
161 15
226 9
219 10
5 32
118 9
492 28
451 22
382 15
63 24
357 18
312 7
439 25
479 23
269 1
310 31
473 2
38 23
158 16
108 10
44 1
34 19
392 1
340 10
407 7
225 7
308 8
261 22
240 32
112 28
468 13
218 5
95 7
343 24
215 26
118 6
378 19
144 21
339 31
394 2
89 30
360 29
5 21
494 4
64 30
307 19
82 25
175 24
483 17
484 21
170 17
306 3
455 17
168 22
136 21
391 20
383 30
472 23
74 2
335 5
275 25
20 8
17 14
236 16
415 15
196 8
171 30
131 1
154 2
418 29
62 12
13 8
262 32
183 27
153 25
324 31
157 23
487 2
240 6
173 2
292 20
238 18
425 20
438 31
221 8
367 10
367 11
78 28
67 16
167 11
276 22
498 24
36 16
457 15
57 9
281 8
53 26
13 13
441 10
407 1
157 6
294 4
356 27
355 26
130 21
493 17
362 14
41 21
473 1
376 17
182 20
80 6
229 16
414 25
41 29
181 10
446 2
425 17
345 11
75 6
152 15
83 9
56 31
466 24
323 1
260 8
200 31
441 32
282 31
96 6
175 16
75 28
101 27
272 13
130 22
123 5
412 9
497 31
31 10
198 5
154 29
61 29
351 25
132 8
207 19
158 17
206 28
204 19
83 24
103 28
25 17
196 17
133 12
107 31
358 5
220 31
317 16
68 28
484 23
151 31
278 16
275 11
392 27
141 2
10 28
37 30
172 28
322 5
127 29
171 28
437 6
347 1
21 22
272 29
464 31
47 21
82 9
76 25
3 28
298 20
163 22
398 3
269 31
343 24
351 9
231 27
403 13
392 3
194 23
279 14
437 25
250 3
498 1
195 4
393 21
364 19
30 9
93 27
331 27
398 2
300 4
320 18
409 23
328 18
78 19
111 2
283 1
88 12
37 31
132 29
127 7
188 28
107 4
306 21
67 7
322 2
183 18
123 27
56 6
44 21
260 11
203 3
15 26
322 11
72 29
332 10
299 23
206 17
150 27
46 24
418 27
285 12
360 11
394 20
61 17
104 8
443 30
214 5
448 24
212 15
340 23
421 23
413 30
247 6
340 12
482 25
11 22
60 18
377 9
489 17
242 13
108 20
250 2
345 1
61 8
420 12
450 8
242 10
169 9
127 28
132 12
469 26
226 24
68 2
185 16
242 26
352 9
461 6
374 5
2 2
360 21
186 9
464 15
374 32
267 1
492 11
460 16
96 13
191 15
490 7
71 31
300 26
284 13
375 17
417 5
295 29
1 32
437 21
110 23
448 5
163 15
479 2
250 18
159 5
89 28
167 31
83 11
432 2
431 23
226 7
239 4
475 19
351 8
55 17
426 27
189 20
293 3
61 7
444 3
187 20
219 21
394 25
23 10
18 21
188 11
152 26
115 30
16 17
389 19
425 2
277 21
253 21
483 10
167 11
384 5
310 10
410 16
106 24
233 27
237 24
70 8
49 20
365 28
500 10
338 5
419 26
241 32
239 16
189 9
2 20
462 23
378 7
218 31
154 30
310 10
73 31
129 5
414 22
37 21
247 14
41 9
44 18
40 22
357 16
38 26
152 11
20 1
221 22
215 15
391 24
116 8
254 9
436 7
238 12
136 28
50 20
204 1
309 12
226 5
175 19
374 30
466 14
206 14
483 29
412 21
296 20
40 10
272 8
420 25
151 11
48 12
83 23
496 3
346 1
408 29
188 5
198 17
26 24
190 20
176 26
85 7
481 4
224 8
451 32
464 30
402 19
5 8
113 21
227 11
425 18
331 8
266 32
116 8
135 22
3 10
259 3
485 27
63 32
342 17
203 1
318 9
167 23
440 27
27 26
89 31
355 11
63 1
299 30
116 1
335 2
447 1
57 27

