64
126 22
324 5
186 10
362 23
396 14
155 30
249 12
330 4
173 8
262 12
325 25
252 11
149 21
145 8
42 24
33 11
297 28
467 26
433 24
12 9
141 6
310 1
317 7
264 21
290 2
73 26
306 24
193 14
1 13
417 26
324 13
60 17
9 18
158 13
57 26
121 13
335 26
438 16
273 17
344 14
282 4
232 11
240 12
392 8
112 13
133 28
461 4
260 1
69 21
114 29
438 2
173 13
368 22
276 28
367 31
405 24
387 16
87 30
411 26
69 19
490 5
162 31
244 25
123 28
41 12
288 27
174 32
103 9
274 2
384 28
348 12
139 2
128 21
63 22
55 3
412 20
183 21
198 14
197 17
237 26
260 32
68 9
336 26
177 21
399 20
452 26
52 2
184 27
371 26
68 5
229 24
172 3
256 10
189 25
42 25
394 21
301 5
86 24
482 14
448 24
26 27
329 1
44 12
255 18
462 10
190 2
357 14
452 13
83 20
269 16
417 22
276 5
474 1
56 23
179 7
186 16
457 30
280 28
230 10
266 15
59 3
84 20
20 19
380 6
379 4
77 19
161 25
363 18
269 18
292 7
124 21
150 24
194 5
431 27
166 32
465 1
3 24
344 18
287 19
476 17
426 12
459 14
460 25
423 29
442 6
379 1
42 25
496 11
161 10
10 11
474 14
107 12
226 30
201 16
376 20
176 5
284 2
238 3
10 16
175 3
225 2
367 14
434 26
500 22
139 29
124 12
335 10
439 16
31 20
423 22
19 30
58 6
435 11
397 24
158 7
98 14
124 28
147 1
29 19
355 23
359 22
131 25
60 25
104 6
60 6
348 19
327 21
232 1
404 32
408 25
51 17
295 14
320 1
435 32
143 5
367 2
118 25
46 25
417 2
119 29
379 26
259 10
74 6
318 13
322 2
242 12
82 12
397 30
180 7
453 31
471 19
176 5
19 25
265 28
222 27
468 1
52 6
306 2
419 19
158 16
52 19
463 6
138 20
239 10
42 31
344 5
214 7
101 28
239 5
371 25
304 14
413 19
267 2
184 30
396 2
129 8
92 8
81 18
155 15
399 20
213 2
60 30
112 32
10 6
81 16
14 4
422 22
90 16
199 10
429 11
115 26
42 30
353 30
287 27
144 9
54 24
278 6
134 17
477 15
443 9
78 20
292 27
86 2
391 32
7 23
230 21
80 27
30 16
96 1
290 3
353 24
447 19
13 16
223 1
426 25
250 27
325 21
354 22
274 32
397 32
266 31
104 6
101 6
129 17
302 31
139 14
318 13
488 18
368 3
170 25
79 27
500 7
312 9
16 5
300 17
69 29
243 24
262 7
157 23
391 2
13 10
464 10
318 15
11 18
217 12
182 12
451 29
50 22
237 14
198 12
182 30
305 12
438 10
118 18
160 9
404 20
242 3
353 7
373 23
448 2
395 2
237 9
14 30
106 3
55 23
138 8
421 22
363 10
360 5
155 31
193 14
395 30
128 15
196 1
462 28
294 8
329 14
52 26
167 13
296 22
311 10
161 23
227 16
292 30
356 27
161 32
356 15
185 24
153 32
188 2
79 25
321 23
362 24
101 16
380 12
101 7
181 2
125 20
137 29
49 4
363 13
391 30
263 31
53 24
158 12
381 25
424 2
495 9
277 31
313 29
195 29
51 31
378 31
486 14
295 3
209 17
95 19
227 10
377 3
477 15
75 25
475 18
262 21
283 19
268 19
47 30
211 17
188 13
475 14
454 10
412 11
130 30
113 8
67 14
191 7
228 25
104 2
262 25
22 4
107 9
490 25
250 5
305 2
141 24
315 10
253 30
108 26
231 17
90 2
414 12
44 25
44 7
342 13
68 15
53 10
4 6
31 29
446 11
394 26
466 12
32 2
433 23
452 4
63 29
165 4
172 12
468 11
59 21
223 18
24 7
151 27
21 29
131 22
368 21
52 9
84 19
403 9
425 6
32 16
246 16
167 9
107 15
335 13
295 9
494 6
36 25
48 28
381 23
373 28
407 32
433 10
210 15
6 27
392 29
178 21
288 28
405 7
330 15
263 13
499 17
294 6
457 18
441 29
224 18
437 18
441 29
119 3
259 13
489 30
217 6
138 21
213 14
251 11
484 13
19 18
325 8
368 5
357 24
470 32
325 26
209 26
478 12
268 32
156 24
237 32
125 14
376 29
471 14
231 22
343 29
139 23
413 30
152 29
18 29
201 30
230 13
459 11
88 18
294 15
185 6
319 5
107 2
498 13
24 8
234 10
329 8
236 9
82 27
361 27
359 1
144 12
470 15

