64
486 7
79 31
146 26
288 7
78 31
80 23
419 23
365 11
133 30
350 11
86 32
40 3
117 6
212 8
31 24
320 4
366 6
398 20
316 17
146 17
116 13
15 18
271 11
256 11
157 14
394 18
125 25
477 18
95 16
473 17
75 20
344 5
394 21
156 25
278 17
305 21
378 16
426 32
50 2
51 2
139 32
152 27
228 8
208 22
371 4
150 29
176 25
89 17
86 24
481 19
45 17
255 6
456 12
421 26
213 15
267 27
118 14
318 6
249 1
371 11
261 1
416 28
365 8
208 6
100 20
312 8
324 30
269 4
98 17
489 22
364 23
365 13
377 6
30 25
410 13
96 10
125 11
457 5
218 16
291 17
55 2
312 7
20 4
362 9
269 6
130 20
308 14
464 32
27 18
161 25
98 28
458 10
470 7
414 23
282 24
356 25
158 31
67 25
247 8
497 23
481 30
350 8
120 9
324 30
10 32
434 23
443 24
32 32
362 14
302 19
149 29
331 30
324 9
186 30
176 22
436 28
160 29
296 31
449 11
276 31
454 18
269 4
157 21
159 6
246 24
160 6
117 3
256 16
239 25
213 27
475 32
422 2
284 25
264 32
187 27
394 12
304 19
387 20
463 17
329 8
357 17
157 29
183 16
468 29
353 24
187 23
179 13
164 18
29 23
249 8
21 15
59 29
157 2
136 7
194 9
30 26
305 26
78 11
450 1
259 18
76 30
332 14
258 31
419 14
125 16
205 5
162 8
469 30
413 17
140 26
421 17
360 17
206 9
415 19
334 1
308 1
322 11
367 7
337 13
69 29
156 9
458 25
240 2
486 24
234 25
462 10
145 5
82 19
461 20
357 22
21 9
407 18
7 5
125 28
409 13
8 13
169 25
233 5
243 27
264 12
195 13
334 28
397 15
42 30
115 18
3 23
266 9
180 13
33 32
172 30
348 31
210 1
496 14
425 18
364 32
417 27
265 18
102 29
369 3
370 3
244 13
469 14
133 32
338 2
304 1
163 11
39 8
167 22
17 15
123 29
483 4
291 27
141 12
259 21
386 17
343 1
205 15
342 17
311 7
58 14
39 16
264 6
443 3
463 12
225 2
192 31
477 30
305 25
77 16
478 22
396 4
294 28
335 4
288 1
18 30
110 17
417 5
338 4
7 16
171 24
237 22
290 21
399 15
182 27
10 27
140 29
182 5
356 16
272 3
364 18
192 29
50 13
50 23
320 8
38 30
139 23
407 21
487 5
23 24
131 32
30 14
140 16
54 19
79 26
341 15
319 21
267 12
493 12
106 16
224 7
5 18
269 31
290 8
215 8
275 1
399 17
318 2
368 31
384 30
400 9
92 2
461 23
289 29
26 14
264 21
389 24
111 17
30 12
264 24
416 23
292 26
195 5
204 6
183 15
211 27
367 15
4 19
13 9
279 6
38 26
139 10
13 1
435 6
352 18
137 31
440 20
285 14
240 20
399 27
278 22
357 25
116 16
323 8
152 26
17 14
347 7
319 4
107 17
253 19
155 6
77 10
21 9
432 17
200 10
35 30
143 31
326 2
250 32
237 6
101 22
295 12
112 9
11 3
218 23
29 28
356 5
317 21
318 28
489 9
430 15
198 4
265 27
182 26
23 14
119 19
227 17
126 31
378 12
261 19
251 21
170 30
245 18
334 6
86 22
79 19
48 20
290 16
151 27
178 9
445 8
499 11
413 25
361 18
260 9
88 6
409 17
468 22
446 21
67 15
327 9
249 14
273 23
390 11
213 7
447 25
66 13
180 6
421 12
471 9
161 26
394 17
18 17
426 12
218 1
346 16
489 27
121 5
337 26
35 1
428 1
410 14
130 29
175 18
128 10
434 28
259 8
413 13
244 18
444 29
182 17
356 27
87 9
283 27
338 14
176 2
2 21
463 27
25 1
33 24
134 6
144 13
349 32
373 5
245 16
257 3
456 13
449 11
293 27
317 22
252 32
247 22
280 5
236 4
198 28
308 15
438 15
427 14
6 19
82 30
466 19
380 2
303 28
316 19
411 16
76 30
328 31
415 3
235 3
263 8
122 2
467 31
20 17
49 29
44 30
330 5
320 26
282 14
37 17
420 11
81 8
313 16
22 27
218 8
81 24
392 27
401 6
113 8
454 5
500 25
143 30
210 18
39 3
288 11
440 31
78 20
54 30
131 11
468 20
35 21
32 2
251 4
487 7
56 28
376 15
141 14
236 18
183 2
192 30
405 7
29 2
354 2
223 28
213 22
388 31
90 27
376 24
202 6
407 9
153 10
16 21
3 3
346 21

