64
485 19
237 22
488 14
436 7
5 31
185 10
30 7
211 24
194 11
56 8
261 21
283 25
21 20
175 27
442 17
69 18
400 1
495 3
58 22
437 30
400 21
311 22
299 9
197 12
287 4
223 23
349 5
24 17
273 10
127 6
458 7
343 29
499 29
447 21
323 7
470 6
356 25
3 22
153 7
350 20
303 20
338 3
281 25
223 17
410 30
470 28
44 12
428 11
204 23
303 26
461 16
100 24
404 26
174 9
5 15
348 11
298 5
161 26
250 31
482 31
84 31
230 32
114 18
226 18
236 8
195 4
151 10
364 31
100 9
315 4
411 2
262 24
50 26
286 3
8 27
162 20
70 27
423 3
252 28
204 19
27 31
35 25
396 18
83 11
138 29
450 16
262 27
107 4
336 24
462 12
363 7
139 12
366 17
318 13
412 2
456 14
124 22
466 7
91 29
218 32
297 31
127 23
82 21
222 13
329 31
464 31
10 22
326 7
366 23
343 17
16 18
214 23
343 4
362 13
80 15
364 24
97 26
138 6
427 7
447 27
246 10
149 11
364 2
481 5
116 3
358 16
325 19
326 27
102 3
304 21
265 19
113 30
9 26
391 27
313 21
41 6
99 13
164 30
14 32
394 5
170 23
316 22
174 26
217 31
328 24
12 13
186 32
306 22
225 12
480 25
385 4
298 31
412 13
500 29
160 29
258 14
348 21
27 29
66 19
499 10
114 14
190 20
485 31
345 6
394 25
302 10
400 28
464 12
264 3
292 20
208 9
105 19
326 3
427 11
226 9
136 31
139 9
490 3
171 27
36 17
215 6
194 14
289 2
481 8
472 1
327 3
173 27
437 6
266 3
241 19
492 4
33 2
201 3
104 19
61 12
287 15
33 29
444 17
490 21
76 1
49 19
344 29
185 24
423 10
495 19
292 6
390 13
467 2
199 10
165 11
265 23
89 5
135 20
469 16
308 13
437 28
151 20
429 11
411 27
137 5
365 16
242 2
456 16
196 10
482 24
116 14
14 12
395 1
88 7
124 7
111 32
103 17
191 27
448 30
85 16
358 1
215 12
406 27
159 5
28 20
164 24
238 10
51 20
326 2
198 25
237 13
361 11
421 11
425 24
4 25
155 10
161 6
461 26
392 15
19 3
463 26
266 4
211 29
35 12
158 16
189 6
244 29
436 25
451 20
236 15
72 23
168 4
112 12
2 27
450 28
125 28
405 23
463 24
411 21
3 16
433 7
166 32
91 5
396 10
165 8
348 4
22 15
172 25
346 5
339 19
396 15
59 20
205 13
415 23
74 14
387 6
460 28
385 23
208 29
444 24
264 23
312 1
361 3
121 30
7 11
352 6
421 30
53 30
487 4
444 12
89 26
417 4
437 21
302 21
285 25
368 20
91 7
36 19
13 12
156 15
114 32
124 15
473 13
216 7
496 31
370 32
193 2
335 13
143 29
273 7
233 13
179 4
171 14
274 28
370 6
258 15
493 30
221 1
262 8
276 25
447 25
44 31
487 26
119 17
366 12
407 11
384 17
126 10
151 3
293 24
384 15
354 12
284 3
341 21
214 20
5 16
464 4
2 6
277 25
430 19
12 13
445 27
125 10
152 27
172 9
294 20
347 24
431 2
278 11
26 3
90 2
355 10
429 32
207 1
476 5
199 27
177 15
85 13
416 25
76 4
385 25
143 23
72 21
212 9
400 13
44 29
470 30
246 18
105 21
454 21
441 5
123 9
499 4
269 11
148 28
354 28
417 4
114 4
272 9
41 23
413 24
364 2
185 25
131 17
413 4
73 5
88 20
321 27
255 2
205 18
285 18
285 17
405 30
393 12
426 1
51 26
368 22
71 12
374 13
44 27
488 1
491 24
164 12
366 10
253 22
23 9
127 7
90 27
408 14
410 9
414 8
22 5
373 28
388 11
348 11
385 23
251 3
262 30
38 31
35 26
48 1
327 26
67 28
408 10
397 26
158 22
129 19
146 30
474 9
452 21
315 12
156 30
62 25
331 28
248 2
389 11
274 23
173 9
482 24
18 26
249 4
391 18
58 8
83 4
68 22
204 3
221 3
448 14
480 26
381 19
495 30
225 29
336 1
313 6
329 22
47 9
357 14
158 15
473 8
298 5
125 9
127 29
64 6
127 7
55 19
473 26
128 21
22 4
298 26
133 14
15 7
406 8
116 16
138 9
155 7
185 20
287 19
124 26
236 26
244 22
109 24
191 28
117 4
403 2
397 7
391 12
214 4
135 1
211 8
473 10
58 21
497 28
467 12
398 30
222 21
196 18
61 2

