64
94 30
7 20
179 32
68 22
37 24
375 5
133 21
398 7
419 4
237 25
457 32
234 24
359 23
153 17
378 12
486 11
225 28
10 7
48 26
232 28
313 18
408 13
362 14
487 17
341 4
205 5
335 30
372 17
36 13
81 13
496 30
87 32
262 21
474 21
26 1
392 30
311 16
486 24
161 29
156 13
48 16
354 2
2 13
278 1
453 18
154 16
275 4
167 8
188 20
196 5
49 12
402 7
443 12
234 23
212 6
307 7
453 20
492 2
385 25
343 25
478 16
285 24
439 23
492 11
147 27
191 31
478 17
257 32
332 2
374 3
83 25
301 28
340 16
341 12
264 31
265 17
234 13
48 1
55 7
299 13
430 25
99 7
433 15
31 4
49 28
306 23
436 14
370 32
101 15
203 4
97 15
308 27
219 28
3 30
246 5
326 3
493 21
286 6
131 16
41 19
71 15
14 31
156 27
134 25
93 8
324 22
155 16
224 17
487 10
498 12
230 24
111 10
100 24
351 14
63 24
113 17
442 10
491 1
8 12
57 13
164 21
494 10
12 17
42 14
294 8
285 7
215 7
300 10
142 31
247 4
394 23
189 27
484 3
283 4
7 20
444 2
220 17
339 11
5 4
284 26
123 16
376 9
315 15
354 20
177 9
12 2
459 12
256 31
230 23
286 28
230 17
109 17
17 7
235 1
31 18
22 21
437 25
46 23
423 15
59 20
351 2
21 22
121 17
456 26
167 21
142 16
469 18
48 5
197 26
357 3
151 30
435 11
126 20
42 28
379 12
499 25
373 4
242 25
500 1
398 26
437 7
265 25
289 8
241 17
445 1
267 11
178 9
385 19
181 22
55 31
81 29
491 13
276 5
149 19
281 23
144 26
289 20
326 21
219 15
117 27
219 23
461 13
436 26
51 28
475 13
26 16
362 16
212 9
452 1
116 25
111 7
6 19
167 3
180 21
101 12
104 32
31 20
68 2
113 10
81 28
75 22
495 32
177 6
276 25
418 3
417 28
2 2
131 4
104 22
256 21
457 7
376 3
275 31
304 7
412 32
326 30
45 12
477 26
230 5
54 23
347 2
231 16
391 1
367 6
374 11
402 22
185 13
169 11
423 28
50 19
60 19
24 16
251 13
177 16
457 26
330 23
51 24
3 29
272 25
139 13
195 28
327 20
169 27
394 19
170 15
277 17
374 21
37 32
5 9
455 17
147 20
263 29
196 13
342 3
486 28
464 8
371 18
115 31
488 25
482 1
155 22
442 8
262 18
151 10
394 21
78 28
93 1
441 20
309 18
458 18
113 5
178 3
266 20
226 1
4 19
114 19
168 19
38 18
384 1
399 29
497 21
21 29
21 17
80 1
242 6
475 14
14 12
40 32
295 17
384 11
175 1
161 11
403 22
476 22
238 22
267 11
202 11
27 30
99 23
51 28
348 17
397 5
28 24
492 26
405 4
324 11
224 32
273 23
34 16
116 11
474 30
209 15
372 28
249 2
46 11
161 13
175 5
457 22
345 21
227 5
176 19
179 27
238 4
229 7
403 29
394 24
78 6
403 2
189 19
271 18
153 32
330 23
340 15
232 32
439 26
136 26
64 19
364 30
470 5
424 8
289 21
100 26
271 6
19 27
356 30
397 20
425 10
38 32
216 21
300 26
282 3
119 26
101 7
499 10
279 26
294 11
443 17
488 9
98 31
375 13
500 15
164 24
201 9
39 16
25 22
422 10
125 28
355 13
78 25
147 12
479 8
478 1
184 26
485 13
324 11
85 19
334 24
98 18
152 32
301 28
326 10
333 14
318 8
26 7
392 16
455 18
463 8
142 14
249 26
278 24
189 18
98 30
313 19
259 8
35 15
491 8
485 8
13 30
215 14
400 14
414 22
180 20
490 17
226 30
151 27
14 15
69 31
212 21
10 26
197 4
380 31
107 32
214 31
221 20
360 1
386 9
178 1
205 19
237 30
109 27
136 6
77 4
436 20
437 21
461 21
340 21
171 2
408 25
268 17
164 12
101 13
456 6
317 16
149 30
293 9
292 5
82 1
132 17
360 32
314 1
52 29
13 7
155 8
459 30
252 10
253 8
227 29
186 3
72 6
300 25
294 24
293 27
164 4
95 11
196 16
195 23
265 31
321 11
183 27
44 30
457 17
490 27
209 19
429 24
360 29
496 5
24 12
231 11
416 9
413 19
85 32
209 5
370 6
471 4
160 22
338 4
14 7
150 18
353 27
354 16
159 25
68 10
341 18
72 20
474 8
218 18
295 14
110 5
455 4
216 19
298 9
82 31

