64
147 29
180 9
3 28
53 21
99 16
261 30
102 7
222 6
47 1
474 13
141 3
481 13
96 7
457 6
414 23
22 12
367 2
444 2
153 20
422 19
224 10
440 25
28 1
86 6
125 19
430 29
85 3
121 17
169 2
278 18
284 31
346 10
352 17
223 28
489 32
106 8
382 29
388 25
57 29
187 29
235 16
149 4
378 2
204 26
347 9
184 26
131 9
335 7
169 14
190 29
405 16
72 22
192 3
47 9
135 13
281 14
200 30
245 14
199 4
179 1
280 18
230 18
390 28
96 19
473 26
419 22
433 19
163 20
153 25
224 20
145 1
361 1
286 17
126 28
404 20
84 31
18 21
296 31
376 8
169 25
29 32
226 9
282 24
288 6
301 24
73 21
368 25
493 21
241 2
192 28
274 11
30 27
87 10
49 14
421 10
162 17
9 19
113 26
479 20
223 27
263 24
427 2
432 4
486 25
389 5
168 26
303 14
156 13
227 13
203 7
126 32
299 30
455 15
275 29
162 21
415 13
496 5
406 28
464 4
100 13
272 7
218 23
168 26
315 10
282 29
244 27
85 6
244 15
156 14
323 22
70 1
94 14
281 15
493 13
242 28
301 26
62 30
440 22
95 18
179 28
123 15
486 11
168 13
97 8
302 3
493 28
359 30
437 7
84 17
87 30
76 11
43 13
257 6
70 31
439 1
79 5
375 16
119 2
497 7
217 22
337 5
21 11
146 25
390 14
89 4
259 20
67 1
5 23
486 2
377 28
26 15
337 16
223 15
442 27
374 26
368 30
219 1
461 32
49 26
297 2
177 23
153 11
59 21
417 28
435 22
320 24
452 24
360 2
314 25
244 27
162 12
453 16
204 1
448 4
262 28
241 22
151 26
33 9
254 1
105 4
446 28
148 26
283 3
423 24
11 23
487 12
482 11
404 13
203 11
288 4
446 21
105 24
126 25
157 27
438 5
419 15
36 26
484 18
424 3
117 22
73 27
457 26
245 28
90 15
414 21
114 12
109 11
307 22
207 3
465 28
223 15
231 6
300 18
131 3
120 32
360 12
202 24
449 31
232 10
97 25
119 31
356 7
429 7
165 11
477 13
483 16
363 17
161 2
278 12
440 22
391 27
293 4
318 6
390 5
335 15
46 13
49 1
384 21
267 16
315 16
380 5
295 22
9 19
107 23
98 26
36 8
196 12
432 5
125 13
266 32
11 7
116 7
415 31
239 14
250 26
425 9
350 27
222 19
25 20
497 11
225 20
314 32
415 29
137 16
122 14
203 4
64 26
395 26
373 5
159 6
186 3
455 28
153 12
246 10
208 22
356 12
477 5
56 7
118 16
134 11
297 4
74 16
358 24
189 22
101 16
55 26
134 9
173 15
37 2
168 20
11 11
379 31
395 10
230 16
181 27
306 21
51 8
336 28
199 13
489 27
224 11
289 13
404 9
347 8
231 18
387 1
240 25
80 11
403 5
350 27
171 20
60 29
387 19
332 25
123 8
88 26
67 8
407 6
188 1
261 26
471 7
159 14
115 26
48 1
398 18
452 28
405 11
493 31
109 16
227 28
348 10
281 10
41 27
235 1
292 27
498 14
345 20
323 31
97 19
180 10
120 27
266 8
345 30
18 1
285 28
388 4
262 17
397 22
59 27
382 6
329 16
315 21
239 14
188 16
212 19
181 3
349 30
58 17
55 15
201 8
170 13
323 15
461 24
85 7
54 26
73 7
49 31
259 12
228 14
475 11
164 19
121 12
101 22
260 11
104 13
346 14
401 29
56 21
92 32
83 5
310 7
379 2
394 6
497 17
287 7
412 19
126 8
18 10
62 26
84 1
90 6
290 30
154 10
54 21
41 12
241 2
143 4
412 24
461 16
360 27
231 3
253 16
7 11
137 8
400 12
84 9
205 22
182 18
275 23
102 7
222 31
369 20
314 12
455 10
39 19
224 17
289 17
180 31
99 24
214 30
240 14
190 20
375 11
154 1
457 11
315 2
301 15
246 10
314 32
239 21
218 23
177 7
291 5
153 1
24 11
238 31
16 3
411 26
149 24
390 13
170 32
134 11
239 3
436 8
283 7
108 20
489 1
358 3
493 31
19 32
229 32
483 32
386 17
133 14
456 18
490 9
429 7
447 31
206 7
71 12
409 2
191 9
166 25
379 6
411 13
378 31
208 4
382 13
104 22
126 27
239 19
387 23
441 22
186 2
420 28
337 8
137 12
428 31
428 26
312 26
258 9
476 17
400 21
57 31
74 22
413 16
500 28
330 32
337 27
438 12
474 14
435 19

