64
11 4
74 31
417 13
325 3
343 5
142 3
33 28
314 17
284 12
313 31
373 22
448 7
33 21
130 19
193 14
297 28
169 22
82 26
171 23
392 9
319 9
116 23
4 17
15 31
108 4
494 9
81 1
271 14
486 24
248 30
437 28
85 22
265 19
395 19
277 10
300 3
170 7
149 21
399 31
459 18
342 16
486 27
97 9
240 6
360 7
463 5
382 28
106 18
270 8
433 22
137 32
344 2
350 16
330 28
6 8
253 16
444 7
474 8
199 17
325 14
403 15
206 24
390 11
281 23
14 13
204 2
148 3
159 17
390 24
244 32
480 25
95 23
439 24
166 13
132 10
46 30
332 12
169 2
414 29
380 8
366 4
429 21
334 12
362 24
279 17
471 2
157 5
384 7
484 21
83 3
242 13
500 22
232 20
147 13
320 14
276 25
461 29
402 23
496 19
370 10
71 4
384 12
256 3
174 3
20 5
57 21
89 4
38 8
427 32
168 6
210 8
487 30
352 12
316 11
2 1
324 32
376 31
3 11
178 29
73 25
285 17
161 17
36 23
396 10
234 11
412 3
210 14
465 21
137 20
111 22
21 19
413 24
345 32
231 18
444 15
422 28
284 23
452 19
133 3
133 2
261 12
161 31
293 5
235 17
108 18
418 12
132 26
228 20
97 6
202 20
112 15
119 19
205 26
418 17
120 2
55 9
297 23
55 5
191 25
17 18
486 26
130 13
467 1
297 12
166 6
455 25
120 14
24 25
199 17
217 3
194 27
403 30
485 17
78 11
97 22
177 19
231 26
403 1
14 31
112 31
196 11
307 24
344 2
196 30
474 24
212 3
35 10
8 3
422 1
398 3
382 10
305 4
83 19
13 28
406 16
478 21
394 16
472 17
318 27
131 3
283 14
310 5
308 5
187 17
254 20
451 27
213 7
451 31
314 3
94 11
290 19
375 12
59 11
272 20
217 10
18 23
96 27
167 15
496 2
335 5
141 18
87 18
392 29
352 17
351 10
127 17
220 26
28 30
52 23
5 8
53 7
119 24
349 25
254 32
342 4
444 15
225 3
40 13
419 15
25 30
40 24
114 20
357 9
241 20
291 2
27 31
268 25
194 8
134 27
312 11
35 11
161 19
489 24
227 12
295 28
381 30
255 22
297 3
338 2
222 28
283 16
175 10
97 16
17 26
167 24
260 9
287 29
163 15
324 26
34 26
493 2
156 7
463 8
413 20
341 30
132 11
233 10
24 21
25 5
262 3
220 18
243 30
294 6
133 1
147 6
439 19
284 18
441 30
397 1
398 2
486 1
360 10
186 32
251 2
276 12
401 31
237 15
1 10
400 9
351 18
2 5
388 21
234 28
235 14
32 4
219 25
364 27
439 13
166 1
110 29
404 18
435 9
357 23
374 20
271 28
6 13
216 9
261 21
73 19
283 32
478 17
325 25
431 27
241 4
303 19
388 6
64 27
402 4
461 32
380 16
203 29
356 27
481 28
71 9
463 17
361 4
206 1
133 12
299 1
436 21
427 15
362 23
497 8
114 26
391 17
41 1
433 4
215 18
215 10
170 13
342 2
321 27
66 13
387 28
29 22
168 32
496 10
150 13
293 15
154 23
312 14
127 12
293 18
9 15
479 23
388 20
60 12
71 26
12 21
193 4
482 5
199 13
242 24
173 30
463 30
420 6
223 10
369 27
91 14
226 21
408 5
93 27
24 23
444 7
323 9
278 20
201 13
484 26
324 25
179 10
186 10
263 1
199 32
275 14
361 4
62 16
316 10
86 23
372 30
225 10
370 7
201 18
479 29
363 22
193 1
144 10
194 14
138 28
389 5
385 25
264 11
220 16
304 18
270 20
39 3
73 20
349 26
181 27
458 15
184 10
287 15
231 24
85 29
75 9
133 28
426 8
258 9
327 25
154 29
440 8
443 9
303 7
286 31
321 23
377 16
96 27
331 18
346 27
398 5
239 14
232 4
278 5
13 12
401 6
52 9
62 6
205 8
136 18
199 12
436 19
312 7
90 26
60 31
260 6
59 22
339 2
366 8
130 6
424 3
99 27
427 24
321 27
376 12
324 6
116 19
148 19
493 5
272 16
228 31
213 6
232 8
280 13
371 13
30 2
143 29
269 25
288 29
51 19
248 30
88 31
336 16
141 8
28 28
84 23
498 12
245 14
199 4
30 2
284 12
215 31
188 31
199 27
275 10
342 3
327 5
385 23
368 18
342 8
493 21
2 7
73 26
72 19
121 13
44 13
12 23
387 31
93 1
378 16
186 7
390 17
203 18
27 31

