64
373 24
168 19
422 6
314 26
267 10
99 1
251 31
331 28
167 9
443 26
225 26
8 16
287 32
443 6
464 18
490 13
73 10
443 11
451 28
272 5
18 22
57 4
337 27
155 27
319 13
180 24
342 31
363 17
362 17
366 2
175 20
366 11
365 12
445 11
63 24
383 12
290 20
51 2
178 13
480 17
153 16
392 31
50 14
327 12
411 4
89 1
251 26
35 19
261 32
281 11
399 12
107 4
307 5
165 12
214 1
184 10
156 3
64 29
329 22
468 15
286 20
27 16
9 25
3 17
244 31
296 15
150 18
182 8
262 23
496 7
343 15
45 6
254 24
54 2
202 10
24 7
77 30
374 10
462 24
58 14
215 21
200 32
458 13
24 28
431 27
398 25
197 18
122 26
254 32
235 23
49 10
293 5
159 18
414 29
98 8
178 32
28 5
27 2
461 6
409 20
272 30
164 9
100 10
122 25
313 29
159 17
466 11
189 13
320 3
245 5
278 18
80 5
2 3
494 6
360 2
205 8
60 5
304 15
358 17
363 22
133 21
234 19
175 26
75 26
376 7
263 5
444 2
310 13
152 15
258 12
205 11
495 16
35 2
274 28
74 4
413 31
360 22
361 22
67 15
231 11
457 13
447 12
39 24
196 18
59 9
201 23
119 15
378 1
196 3
44 2
490 12
32 29
453 16
86 16
178 32
166 18
161 8
385 27
368 20
240 6
236 9
40 15
339 1
7 7
271 11
8 8
210 7
460 23
282 21
386 19
64 31
444 32
14 32
274 5
111 6
158 14
306 5
404 4
317 11
382 7
165 17
346 10
131 17
240 12
405 5
74 25
27 1
192 9
48 18
273 18
183 23
208 4
331 27
187 32
225 17
234 25
161 20
467 24
440 2
407 9
183 1
313 9
349 24
101 1
25 30
406 31
156 17
398 14
428 9
133 16
153 19
245 25
2 11
308 9
268 19
137 18
47 17
11 19
9 11
143 17
336 5
92 27
365 17
329 32
73 21
296 17
31 24
94 12
102 25
325 13
467 5
23 29
114 25
112 30
347 2
6 11
6 29
25 27
290 13
14 6
166 9
291 8
52 32
432 1
284 8
78 3
420 12
319 1
336 14
358 6
388 12
216 21
16 21
467 21
445 9
167 2
493 17
10 17
192 29
401 7
400 30
429 15
429 8
56 12
381 13
150 4
332 1
13 32
457 7
152 22
311 14
215 32
478 32
200 13
220 32
496 31
282 28
142 6
375 29
326 24
313 3
375 1
191 19
344 24
366 19
253 8
17 3
331 30
247 22
163 30
334 30
437 19
137 10
176 28
126 9
471 14
179 13
434 14
84 13
221 25
124 17
476 32
143 7
133 21
40 7
59 17
8 15
487 29
424 27
360 29
367 10
190 14
26 24
267 21
252 31
409 3
163 13
218 1
43 31
398 14
349 8
307 9
302 1
205 13
159 28
477 30
245 18
423 26
141 5
231 13
379 27
323 17
375 17
49 25
243 6
351 19
253 5
151 2
153 31
130 32
122 22
189 30
124 7
488 16
355 6
360 13
208 11
477 7
75 13
203 9
471 5
259 31
413 22
481 14
116 14
229 14
420 9
455 11
231 2
10 25
363 22
21 7
256 1
357 26
373 11
146 31
464 28
270 24
165 30
293 5
211 17
74 14
437 28
24 7
174 18
455 4
107 3
458 6
323 22
395 16
225 32
390 16
147 11
415 12
260 12
296 19
228 1
100 21
248 24
387 25
361 26
309 15
20 6
384 31
432 18
242 28
317 27
47 11
494 17
126 13
372 5
223 24
493 31
468 1
2 6
365 30
399 21
32 27
291 31
113 22
192 6
81 32
188 27
174 5
439 32
434 7
276 16
262 9
182 9
213 3
286 1
396 13
102 11
455 16
193 31
465 24
124 21
95 3
23 1
344 25
272 25
123 3
136 28
167 22
316 19
204 18
160 24
138 9
230 4
356 11
214 28
158 5
68 25
351 30
373 14
402 24
322 21
190 14
112 5
479 20
439 26
381 10
133 2
62 19
313 9
137 6
440 30
214 19
398 16
96 14
110 6
265 3
226 31
92 9
367 18
264 25
104 32
107 28
365 20
302 5
289 10
54 32
436 19
87 29
35 2
307 32
235 15
278 32
81 18
149 15
291 4
456 14
408 10
334 4
433 23
301 25
277 18
5 8
325 11
248 7
476 14
206 19
181 7
22 9
204 26
60 27
434 31
240 1
280 17
316 4
412 12
489 8
174 21
103 2
83 18
60 10
108 13
120 28
247 14
400 11
311 27
297 4

