64
134 16
123 4
32 3
338 6
198 7
158 12
107 10
435 6
440 12
381 2
407 28
186 26
19 3
227 13
107 18
11 9
209 30
480 4
276 5
417 9
167 27
305 10
392 7
87 27
362 23
420 12
354 10
149 28
356 12
44 23
29 27
55 29
40 10
180 23
54 8
343 25
374 19
198 5
237 16
447 10
102 27
70 23
324 26
31 15
445 26
493 1
332 3
61 11
432 28
241 26
188 32
58 5
82 19
30 11
242 8
268 7
342 9
149 5
407 15
196 7
309 24
176 28
439 4
215 6
180 7
207 3
390 16
131 24
222 16
290 3
488 21
305 25
246 6
346 32
336 17
206 28
284 13
136 2
321 30
444 16
8 6
70 10
266 24
221 23
64 2
154 31
270 2
379 19
115 20
370 27
320 24
298 12
160 13
177 20
486 20
35 14
122 20
243 15
156 23
77 19
28 30
121 13
40 7
368 6
279 17
308 30
16 22
53 12
390 22
211 12
201 2
221 2
349 15
412 32
481 21
426 28
70 2
8 17
249 7
467 3
464 22
124 31
83 9
358 13
110 9
52 6
314 16
336 30
438 23
222 2
87 15
129 29
45 4
469 25
363 3
319 2
413 26
8 3
174 10
319 31
286 6
297 27
493 12
316 18
82 21
199 13
36 15
177 20
315 21
224 29
432 6
206 16
39 29
338 1
282 1
495 23
378 3
369 27
126 9
152 16
221 31
228 32
381 4
187 31
252 30
75 15
7 24
378 2
345 16
258 26
428 32
45 21
99 1
27 16
97 27
283 6
233 26
277 5
117 24
160 21
77 30
255 24
366 1
481 10
52 26
187 31
45 19
135 27
496 2
219 28
192 9
113 20
215 6
388 31
57 27
403 17
133 22
420 14
142 32
411 5
341 25
375 18
32 21
380 31
22 22
322 17
303 27
340 1
176 28
51 28
330 18
216 14
463 20
163 28
239 17
500 12
22 2
317 21
86 8
431 12
498 12
24 28
38 32
20 5
147 26
148 16
227 12
290 17
203 24
496 17
377 11
372 18
424 24
154 2
440 24
469 29
39 8
440 9
411 19
493 1
232 13
385 23
60 14
351 22
477 19
54 13
397 2
454 9
317 3
330 24
394 22
396 29
493 11
361 4
145 17
312 9
197 20
39 20
221 5
369 6
439 15
254 20
404 16
8 8
18 5
180 12
486 19
196 22
410 12
85 26
464 29
134 25
444 32
268 17
265 21
66 27
115 7
242 18
230 9
89 8
437 24
215 6
343 26
104 8
169 20
9 32
436 3
144 32
18 4
396 6
104 5
189 26
483 14
235 1
31 3
164 3
443 26
241 5
491 4
240 23
383 12
142 7
242 14
198 16
401 21
245 8
257 21
73 3
215 11
303 25
333 10
63 7
47 3
263 21
498 22
47 29
250 1
51 15
178 8
102 30
44 19
285 20
131 5
390 9
367 25
441 27
362 28
178 5
158 12
297 4
442 4
240 3
384 2
33 17
241 15
342 4
185 18
435 7
334 12
12 4
368 16
250 6
159 31
138 9
219 2
176 12
129 11
202 8
408 30
424 20
72 5
283 12
242 13
275 11
392 2
126 28
441 12
489 28
6 10
120 20
411 15
383 16
265 12
403 4
22 15
171 21
295 13
53 9
21 19
463 16
464 1
23 4
316 11
207 21
340 2
45 31
324 7
142 8
67 4
111 28
74 1
384 5
85 16
257 5
466 31
221 21
159 31
389 10
458 23
147 29
273 7
399 8
321 8
388 31
288 26
326 29
131 10
285 7
201 13
24 27
112 32
299 10
190 7
96 7
134 18
296 22
136 30
205 4
438 12
195 17
442 28
141 32
433 14
138 30
318 17
152 5
256 6
403 14
489 2
444 10
443 23
231 10
137 27
385 26
379 15
2 12
303 22
243 15
419 16
220 29
393 3
17 16
25 15
445 21
120 17
486 2
331 28
139 27
2 24
392 28
306 29
51 16
35 17
195 21
25 10
41 1
341 18
64 21
328 13
229 16
101 6
361 3
133 28
398 22
227 17
218 24
34 24
492 32
413 6
224 9
155 5
205 27
174 24
63 21
480 23
152 32
208 21
363 28
216 32
30 2
400 3
177 29
366 32
204 2
409 16
418 20
192 18
262 9
94 29
69 13
467 1
357 15
437 15
70 4
330 27
297 29
345 29
366 23
493 21
192 1
348 2
168 23
83 2
107 28
254 28
453 16
100 21
98 16
27 8
39 16
266 23
288 31
159 5
25 15
74 12
256 29
29 3
312 32
352 18
491 1
297 3
29 8

