64
411 6
78 17
88 12
159 16
315 23
379 13
80 28
415 20
27 3
58 11
139 21
438 2
180 24
397 3
32 19
147 2
428 12
454 3
428 5
414 18
51 20
495 6
156 1
413 30
272 23
461 22
359 26
431 6
113 3
296 8
357 6
289 12
222 27
3 9
207 32
242 25
264 24
91 3
497 23
452 28
325 8
233 23
161 7
425 18
194 4
269 30
218 2
38 27
152 24
439 26
159 28
318 10
268 16
192 12
263 12
235 19
259 23
474 20
481 6
45 6
321 29
76 18
222 13
328 25
356 14
286 26
298 4
140 29
215 15
180 25
326 14
416 13
232 21
356 32
138 4
90 2
64 9
348 30
481 31
214 24
293 8
201 22
455 20
154 29
23 25
498 28
98 1
136 9
153 7
244 14
242 13
99 10
349 2
295 9
325 28
16 13
359 17
58 13
408 19
482 6
395 31
482 16
243 9
24 19
460 31
388 25
452 14
210 32
136 8
333 16
364 8
428 6
268 29
387 28
47 28
161 25
198 2
284 24
111 31
186 26
277 9
474 8
410 20
232 5
39 16
208 30
467 15
328 15
119 22
114 25
433 10
457 10
120 24
421 22
102 10
3 19
382 32
458 7
159 1
40 14
308 31
155 7
234 14
213 24
47 30
369 19
303 1
312 18
121 28
151 14
393 21
100 22
481 26
269 7
450 8
392 10
406 31
384 19
380 4
343 15
273 27
109 7
239 29
497 19
356 31
81 29
4 32
374 8
441 14
326 19
301 2
352 27
116 11
197 11
182 23
273 14
101 26
232 12
154 12
50 13
431 30
461 30
14 27
121 22
328 18
48 29
367 3
187 18
485 3
329 26
274 21
175 10
186 27
417 3
338 19
52 16
300 24
405 13
198 17
471 26
27 10
6 21
269 12
79 25
278 3
123 7
63 25
129 5
407 5
291 25
363 22
216 7
206 21
179 31
201 21
132 7
371 13
324 11
384 2
243 6
12 21
416 26
366 28
26 32
441 5
220 23
158 32
21 7
260 16
322 24
200 29
39 2
146 26
60 1
115 15
42 30
371 18
403 16
205 21
212 13
245 7
152 18
218 32
321 25
223 30
289 19
298 15
196 3
40 32
324 2
410 9
483 16
378 21
220 7
165 15
79 1
213 22
367 27
106 11
259 4
32 3
102 1
77 10
124 24
405 7
121 22
367 23
445 9
340 4
179 20
94 1
469 7
339 7
89 12
373 19
123 24
98 5
84 6
226 27
290 22
209 22
295 16
365 15
172 24
255 6
411 4
458 31
6 28
65 10
443 21
145 22
192 18
494 4
119 7
38 20
52 31
22 6
174 22
84 5
441 6
46 23
390 15
230 19
3 26
193 17
83 25
362 26
134 31
253 32
277 27
12 32
389 29
25 6
418 25
258 30
150 19
60 7
157 9
286 11
287 22
104 17
18 1
346 23
376 7
254 4
93 9
332 25
297 8
42 22
316 7
423 30
453 7
356 25
475 29
268 17
322 31
481 31
391 11
193 30
277 11
270 17
211 5
201 24
308 6
73 12
392 32
441 4
182 12
304 20
141 31
269 26
497 5
153 28
427 13
153 31
143 26
275 10
374 23
213 10
68 13
157 7
484 29
154 17
96 6
173 16
232 9
50 1
41 2
468 28
398 20
374 5
394 9
246 11
123 14
300 27
94 8
1 6
256 11
242 12
316 26
291 19
58 4
127 15
393 14
270 19
66 3
35 15
495 4
429 10
89 13
160 10
388 4
259 24
370 5
51 29
470 29
84 32
181 2
478 5
8 23
215 17
93 13
87 4
380 23
57 32
447 16
150 23
431 24
182 1
464 16
337 26
424 12
461 12
334 6
177 29
240 7
469 20
344 11
271 3
421 3
191 4
98 12
406 5
303 7
181 31
22 1
52 1
289 16
49 26
5 29
18 16
171 2
427 22
392 26
237 12
80 27
383 14
322 8
58 8
78 22
94 3
106 29
396 2
360 16
367 32
224 16
107 14
221 18
408 28
435 28
276 6
126 22
43 27
150 4
126 11
189 8
178 15
216 17
40 16
220 11
439 11
494 30
188 11
431 27
178 25
294 13
82 11
315 17
421 32
76 7
42 13
266 23
411 17
495 10
56 6
60 15
8 14
244 8
268 26
494 29
242 24
250 15
410 12
447 7
379 19
377 20
139 26
491 25
326 17
202 10
51 22
80 6
315 3
457 26
348 15
378 13
442 31
411 7
394 26
385 20
84 25
44 10
106 18
326 28
222 3
165 24
288 28
182 26
418 10
35 25
292 9
353 29

