64
62 23
314 5
241 30
55 31
440 11
221 13
249 3
42 2
176 19
454 14
125 23
96 1
367 9
470 31
293 9
332 19
39 13
367 23
74 29
258 13
435 30
5 23
496 15
448 27
193 1
17 21
123 20
486 17
348 11
411 25
359 30
51 18
442 1
380 19
41 29
84 3
466 24
9 25
486 16
336 7
208 28
347 6
19 16
170 11
139 5
211 13
378 13
246 12
381 6
390 9
114 29
395 28
61 3
392 26
358 7
76 1
134 27
98 17
106 27
223 4
51 29
93 1
45 14
452 21
315 9
197 21
314 7
360 26
345 3
123 26
182 19
118 11
325 31
171 22
333 21
26 24
177 10
164 25
307 3
349 10
307 9
402 16
487 13
197 23
215 28
384 24
222 9
415 26
67 29
179 32
330 8
487 2
25 14
79 8
468 7
157 26
324 14
246 30
22 18
141 8
465 4
484 26
377 2
287 19
334 2
46 15
373 8
169 26
385 11
433 4
173 17
478 32
350 7
158 23
368 18
106 5
173 29
222 1
486 17
196 28
474 5
482 26
477 26
447 1
248 19
213 21
319 2
120 32
264 17
38 31
278 20
315 23
84 1
203 14
397 10
241 2
343 18
419 27
224 14
31 15
96 31
243 3
136 23
286 7
343 24
234 9
319 8
423 26
288 21
323 24
227 15
257 13
137 20
91 12
393 1
182 32
68 29
106 31
491 4
158 25
67 11
453 5
494 31
490 26
352 5
169 18
375 10
350 19
101 4
222 29
412 24
184 3
32 30
238 6
385 7
206 27
489 31
39 2
237 28
467 16
340 12
17 19
61 30
429 17
157 3
357 5
406 8
251 13
33 8
310 5
86 15
219 30
25 29
260 10
137 26
201 24
213 26
394 25
435 15
489 24
325 21
364 10
89 2
18 1
306 7
242 23
341 4
317 2
421 20
479 25
5 3
236 18
100 26
194 19
304 19
330 24
379 5
61 3
158 22
292 15
256 9
206 16
196 26
165 12
153 27
376 25
26 20
226 25
93 20
11 20
454 20
227 12
384 11
355 30
216 18
356 27
382 17
418 5
286 27
397 22
281 20
447 18
87 24
283 19
295 21
130 16
485 16
136 32
494 10
409 25
487 9
179 20
29 29
296 3
235 8
456 11
20 6
321 2
278 7
489 8
247 26
172 3
326 19
451 3
148 31
380 22
327 14
1 32
358 32
374 32
44 25
459 3
435 7
20 28
85 24
135 7
330 26
266 27
316 12
325 7
426 24
96 17
114 4
460 15
448 17
267 11
365 25
405 7
59 16
214 11
136 5
177 25
358 26
323 10
9 15
136 15
203 12
39 12
31 14
490 18
34 8
172 6
36 8
401 30
352 14
440 31
314 25
155 16
410 9
345 23
475 8
57 29
415 3
344 2
296 2
127 13
145 15
78 9
226 30
478 13
296 14
267 29
386 1
132 23
249 4
417 32
160 17
252 30
419 4
223 2
485 18
394 13
500 32
13 21
153 27
6 8
408 12
409 13
397 16
291 21
220 16
220 31
32 16
304 19
123 27
368 23
228 2
87 11
437 24
155 29
442 32
241 25
136 9
345 24
244 7
176 11
194 32
193 22
423 5
232 1
227 27
151 10
64 25
384 28
40 18
293 1
402 29
181 29
237 29
68 28
364 31
295 25
194 15
486 12
335 21
12 17
20 2
366 11
103 13
287 10
491 31
123 16
167 3
280 31
384 31
234 3
293 32
155 27
367 9
454 1
413 18
114 12
479 11
219 13
432 29
223 22
139 1
165 21
203 16
411 2
142 12
332 10
24 31
272 26
183 10
442 3
43 11
231 13
238 5
102 13
157 16
442 27
224 6
303 18
401 1
12 2
208 23
327 23
385 15
472 27
176 10
14 18
320 12
238 9
44 23
429 16
218 22
346 21
327 24
367 15
212 26
120 3
424 27
354 5
397 9
227 32
90 28
141 6
483 14
170 22
273 3
77 10
320 14
283 19
273 5
225 28
82 17
459 13
495 24
165 19
136 16
166 18
483 2
339 18
387 4
343 19
458 12
1 30
397 27
276 30
135 16
357 28
48 23
72 10
478 25
136 14
480 13
43 18
458 21
279 29
388 10
3 30
97 11
475 13
489 10
14 3
453 3
190 25
389 6
246 7
202 30
332 5
34 18
494 24
106 25
40 29
450 2
42 22
249 20
390 17
117 12
64 22
478 17
422 6
218 15
84 19
252 31
451 22
492 13
481 21
273 32
442 6
265 11
119 13
351 28
102 27
263 17
240 20
269 29
458 23
32 5
257 23

