64
315 27
162 20
346 12
32 24
402 17
288 20
257 2
144 24
178 9
104 9
92 1
486 14
159 9
227 19
2 5
25 4
451 23
407 9
62 18
212 32
370 15
363 18
161 18
489 14
330 9
254 10
485 3
239 16
340 1
370 29
73 7
9 4
285 23
320 30
409 11
161 10
382 15
256 10
28 4
231 26
40 13
131 21
427 25
372 26
37 5
459 30
339 23
133 7
85 12
321 21
186 1
123 15
4 26
460 15
325 15
240 9
379 10
241 9
90 32
71 27
56 25
88 15
347 24
369 27
375 25
128 24
170 14
479 9
479 30
55 3
332 31
167 6
368 7
367 10
222 17
436 10
317 27
24 23
94 12
297 20
81 32
379 30
25 17
126 19
499 28
158 26
178 32
40 2
435 14
207 12
194 14
137 6
368 12
376 25
52 12
280 28
300 22
85 24
219 30
179 21
241 32
46 19
363 13
168 5
194 30
157 23
219 5
452 18
305 23
398 8
203 21
191 14
38 27
177 16
336 15
324 16
246 18
198 13
158 21
109 24
442 1
442 28
410 10
97 22
72 22
273 2
374 31
127 20
89 20
19 16
214 7
203 16
64 1
420 21
469 12
424 7
145 26
274 18
111 15
471 2
216 3
308 14
205 18
353 25
441 3
68 7
417 6
466 32
22 17
53 27
264 32
105 8
45 2
165 27
248 31
41 20
377 32
257 1
485 1
77 22
35 32
284 12
266 17
283 11
189 31
129 28
367 5
212 23
111 28
270 22
363 14
25 27
361 9
24 29
93 20
474 12
244 13
79 25
61 1
147 29
252 8
53 30
360 28
232 18
491 5
32 17
162 16
444 30
41 7
71 1
66 12
260 13
153 2
21 21
255 8
462 2
147 10
475 26
129 18
180 27
411 19
324 8
470 23
298 26
437 32
495 22
411 6
15 3
296 7
128 10
406 9
407 28
306 9
410 22
290 1
256 16
3 27
124 20
49 29
334 13
288 8
339 6
433 5
465 20
91 32
277 25
384 7
252 25
267 9
326 9
453 29
108 27
12 15
131 8
3 28
397 6
143 23
192 15
291 20
303 5
451 31
81 26
466 17
226 20
197 31
492 2
131 20
160 18
34 10
54 13
105 14
30 7
36 29
322 30
80 24
410 2
258 31
215 27
379 12
159 7
342 10
428 5
101 4
466 31
229 15
23 18
320 28
80 31
125 13
384 8
228 30
86 26
340 4
412 10
444 2
144 25
72 24
257 8
363 19
158 7
445 16
424 29
84 16
175 4
108 23
115 32
56 20
25 15
352 12
464 7
358 7
431 25
382 28
452 24
114 6
187 14
493 22
26 32
317 5
487 1
111 14
316 14
5 24
264 24
127 19
2 16
333 29
264 23
324 8
310 5
177 12
198 1
458 28
97 6
276 3
402 26
388 5
255 17
408 2
100 31
96 6
222 12
90 22
494 25
53 16
201 9
3 14
101 28
325 9
438 8
484 7
189 27
260 7
467 7
164 19
405 27
224 19
187 25
316 8
225 4
39 13
152 18
26 20
353 3
153 14
302 8
481 11
210 32
137 13
110 25
447 11
59 22
345 25
334 4
129 30
83 23
186 18
60 3
337 21
413 1
54 15
476 22
57 10
477 9
66 27
345 20
453 20
385 1
500 22
160 12
127 10
499 28
179 10
226 31
322 3
356 32
57 7
113 9
368 10
157 5
28 18
148 8
257 32
480 16
101 11
236 7
84 30
242 14
291 32
128 5
458 11
192 18
314 24
478 1
97 10
318 4
339 29
307 31
201 18
203 17
128 10
232 15
171 25
176 13
292 8
277 25
286 20
466 3
328 3
336 12
133 9
252 7
321 26
270 1
48 20
26 7
409 9
442 3
229 17
95 25
272 32
325 10
43 27
360 30
85 15
146 9
51 25
392 28
158 21
96 29
484 13
84 4
229 25
174 22
493 20
182 1
491 30
174 6
148 21
107 21
432 12
153 26
352 12
409 22
56 17
418 7
329 21
134 18
229 15
367 22
279 20
338 21
257 31
6 9
247 29
489 22
68 25
364 12
389 4
133 4
128 18
187 17
255 20
14 19
331 8
56 5
131 29
229 11
107 19
143 14
51 15
383 22
476 18
389 12
370 1
159 9
275 25
305 25
17 26
363 15
401 19
307 27
15 11
122 10
121 24
179 11
99 25
141 14
11 1
289 32
254 7
80 20
496 1
408 12
54 22
62 27
392 12
189 23
254 26
380 19
426 22
397 24
322 29
449 24
122 29
63 31
387 31
106 2
231 29
245 24
134 6
442 26

