64
159 2
97 12
261 23
238 17
198 5
93 20
487 13
31 3
174 12
445 20
138 7
270 24
202 24
443 16
31 11
366 18
21 14
93 9
88 23
289 21
355 9
388 5
434 23
7 3
126 16
274 11
6 24
207 19
419 13
102 21
443 19
342 3
280 3
299 3
469 3
355 19
320 31
367 1
13 29
63 22
28 24
253 1
83 3
239 29
459 20
154 5
158 23
68 5
281 18
359 17
305 30
423 32
308 25
432 16
366 2
161 1
33 5
278 8
75 20
320 21
412 21
138 13
468 1
210 4
274 24
349 6
133 23
257 16
264 4
463 5
33 4
225 30
240 6
33 15
74 8
51 1
177 28
53 8
448 30
243 14
182 31
3 10
418 24
106 5
447 24
161 32
395 13
397 3
91 1
153 12
132 19
148 4
95 24
303 10
166 22
115 11
192 10
364 9
377 13
289 27
241 21
154 31
38 22
121 20
330 17
143 30
328 10
473 18
341 12
167 22
173 18
56 20
399 20
473 27
92 9
449 4
414 15
171 31
356 3
282 26
416 16
351 23
213 23
220 25
98 2
115 2
167 14
338 13
293 18
191 1
274 28
420 23
446 6
341 13
233 6
338 28
397 28
94 13
363 25
366 20
50 20
434 13
1 11
133 2
432 32
30 21
19 5
96 4
391 32
468 19
262 22
122 26
197 31
119 3
231 12
371 16
315 12
348 31
426 21
460 17
8 1
117 14
290 16
193 16
352 32
154 21
317 15
474 6
193 20
72 3
427 30
54 29
449 14
408 30
86 27
434 21
208 19
322 1
114 18
28 17
173 17
133 6
307 19
3 11
50 18
125 5
72 30
69 24
283 28
246 12
195 3
312 18
433 1
250 23
146 1
215 3
309 12
160 15
306 18
317 3
291 5
183 18
470 8
234 13
431 31
472 25
213 24
230 22
120 27
44 10
459 18
288 11
309 19
85 26
164 17
173 6
45 3
20 23
310 1
119 13
435 26
69 31
429 15
144 9
481 31
18 4
1 29
410 13
307 7
127 18
99 3
275 12
5 14
10 15
398 4
259 12
273 31
183 14
477 30
454 22
217 7
453 13
479 6
229 17
60 31
106 3
357 24
6 6
26 15
380 19
198 14
311 14
316 9
375 25
170 16
306 2
150 6
306 24
471 7
116 23
445 9
245 6
305 6
367 6
468 30
456 5
87 22
338 22
110 13
398 4
392 27
369 18
312 19
373 11
265 17
17 29
61 25
362 25
362 12
398 17
177 22
345 19
471 6
369 9
246 22
64 14
173 16
31 16
162 7
118 26
243 26
487 16
246 24
20 15
428 6
287 12
123 19
71 5
17 7
229 10
260 24
251 12
280 21
268 9
36 21
219 18
371 25
285 32
404 9
223 19
74 13
139 8
344 29
344 24
351 25
121 30
68 24
394 23
4 5
492 7
397 2
21 7
266 25
235 9
461 21
352 14
169 26
285 32
402 1
371 24
405 24
213 8
67 30
23 26
266 30
313 27
223 25
281 24
489 7
360 18
175 27
335 28
404 20
207 9
100 18
408 12
273 21
327 23
78 17
260 20
214 16
210 12
256 14
127 25
209 3
46 15
401 8
78 17
351 5
109 14
214 25
157 30
489 12
324 30
36 3
261 10
359 30
37 26
312 24
210 32
2 27
254 22
339 24
206 29
468 31
343 17
35 3
166 3
186 1
440 10
275 17
323 21
374 7
99 25
374 32
408 23
267 6
481 29
197 18
145 24
204 3
344 6
190 21
464 19
53 8
300 23
308 14
312 5
185 26
422 18
421 21
489 19
194 21
291 22
6 8
53 22
126 20
299 15
460 3
246 28
18 29
191 1
223 30
209 31
115 2
168 15
163 24
74 16
124 16
98 18
3 18
191 1
250 1
499 13
103 16
425 12
493 27
148 23
320 17
473 14
190 4
172 8
148 29
412 7
461 29
104 3
10 30
295 19
135 18
172 1
389 8
61 13
62 24
95 25
268 23
166 26
411 1
365 22
82 24
32 10
284 20
208 2
281 15
404 15
148 19
4 32
170 28
269 27
475 15
463 27
134 24
256 32
317 20
453 22
396 16
143 31
471 10
324 20
56 20
18 23
154 17
91 32
288 3
406 31
425 13
209 22
348 12
305 28
435 9
265 10
445 15
361 27
461 8
370 16
263 16
71 1
260 29
92 12
223 25
14 15
69 2
261 9
389 25
284 11
378 21
5 26
159 29
440 27
252 2
339 31
197 17
135 16
273 30
207 11
426 4
197 27
145 29
115 17
226 6
208 23
298 16
128 29

