64
183 27
343 2
458 18
335 11
12 6
186 2
320 8
159 12
495 5
438 15
186 5
412 24
402 8
328 3
164 2
59 30
264 26
379 10
311 25
332 30
215 2
280 6
357 2
410 11
323 19
457 32
196 1
215 5
356 6
91 31
348 22
68 3
403 27
388 25
11 32
238 17
89 21
111 9
159 8
148 29
218 12
192 17
324 18
214 19
151 28
49 30
157 13
313 31
267 12
475 25
271 13
354 11
433 32
156 23
187 7
275 32
110 14
373 30
223 6
464 22
93 1
223 18
333 19
12 19
439 7
227 9
51 20
68 19
247 7
426 25
377 28
393 30
166 9
123 8
202 11
113 14
303 16
247 23
74 15
85 32
245 19
221 7
243 28
129 25
362 2
126 14
254 10
427 7
282 6
10 31
340 11
128 26
310 11
128 27
133 24
395 13
22 3
227 16
106 11
457 31
261 26
408 10
99 22
488 20
87 29
66 10
471 29
419 32
419 18
15 31
109 21
131 19
227 29
98 20
64 10
2 20
487 29
41 5
298 12
168 13
376 9
162 15
278 25
478 12
330 8
99 19
104 21
273 18
290 6
365 25
276 22
380 18
478 8
51 4
299 14
12 26
303 5
372 28
309 22
479 7
193 17
429 25
10 29
478 23
422 15
355 17
412 26
163 22
5 25
17 19
134 8
32 28
256 20
219 9
105 30
55 5
126 7
297 19
35 7
137 4
321 23
357 24
76 23
473 16
435 5
438 20
72 14
208 24
225 6
244 9
327 14
181 17
132 10
291 22
104 12
473 4
122 13
7 18
51 8
481 17
172 3
257 24
240 20
423 16
445 14
496 28
315 4
428 14
153 14
463 28
349 27
31 27
116 26
20 10
369 12
355 12
270 31
283 29
278 17
324 10
222 3
197 24
495 16
333 19
46 7
255 22
230 13
68 9
174 27
214 6
439 12
434 20
382 20
69 27
125 28
85 2
211 9
234 5
257 30
203 22
361 5
399 6
446 27
138 23
405 31
365 27
475 14
403 20
69 31
219 5
214 19
391 24
83 32
128 19
189 19
492 1
491 19
490 8
209 19
259 1
34 27
160 28
124 10
67 8
236 29
237 1
87 19
225 10
250 20
212 14
386 4
339 29
298 20
16 2
11 2
322 24
248 29
255 3
98 1
267 13
106 23
134 12
481 6
213 26
413 17
19 31
480 21
27 9
241 30
486 15
168 11
498 27
344 24
490 13
424 8
126 21
462 7
73 6
320 21
23 4
413 5
382 24
102 28
224 2
302 9
444 25
220 21
87 27
44 16
3 3
387 32
348 20
90 24
289 17
260 23
493 17
204 22
120 21
486 8
498 11
404 5
459 3
233 21
37 4
325 4
94 27
371 29
59 9
64 7
73 32
362 13
200 25
143 23
221 20
366 2
266 14
362 32
244 30
120 13
369 24
172 6
7 18
255 1
354 22
467 19
197 4
195 4
244 1
419 8
464 24
385 17
405 14
304 21
191 4
281 11
71 16
373 13
345 19
197 27
500 20
477 29
343 11
444 19
8 26
254 31
350 3
404 22
88 31
254 27
334 10
189 29
337 21
37 26
243 22
380 15
249 32
291 31
378 10
29 21
300 11
60 21
477 3
254 28
373 20
194 3
393 27
315 22
499 7
411 22
84 2
336 4
349 14
275 10
415 19
315 26
141 18
66 9
40 24
385 20
179 26
470 7
164 20
152 3
135 10
108 22
55 27
254 11
272 28
333 30
386 19
104 11
224 5
347 23
192 23
26 6
161 32
145 4
131 8
42 13
62 29
187 28
443 28
223 30
171 27
104 4
405 19
434 16
79 1
94 19
363 15
492 7
318 4
403 1
284 16
65 29
445 15
312 3
42 30
453 32
292 28
120 4
466 17
175 4
185 24
166 8
239 14
126 20
145 24
208 28
324 1
124 20
227 16
154 25
25 22
184 5
217 27
12 30
208 27
430 28
306 23
143 24
456 17
304 21
148 31
380 15
135 8
90 14
495 24
334 3
53 29
187 30
320 15
303 3
237 28
122 26
31 1
290 22
237 29
438 24
455 26
59 26
377 8
303 23
243 12
241 12
152 32
417 31
478 3
53 22
155 31
459 17
143 32
22 15
44 16
318 23
481 12
440 9
376 22
227 18
229 23
265 8
246 5
55 3
104 7
140 6
133 7
294 3
50 27
357 2
478 23
92 18
402 7
314 21
124 24
247 28
211 3
83 4
44 9
383 15
96 30
108 20
472 9
355 10
419 7
467 13
441 2
354 31
292 24
323 3
411 25
118 29
432 32

