64
262 17
281 21
144 28
415 10
456 13
246 31
483 22
163 26
28 13
138 14
483 25
130 28
414 29
159 32
425 24
57 18
364 9
466 11
252 24
8 27
328 30
169 10
19 32
387 22
192 24
479 22
369 12
157 2
273 3
453 17
102 10
234 1
346 7
175 22
78 31
8 1
140 9
270 14
360 12
56 19
32 6
77 20
346 25
237 26
104 21
166 21
198 11
22 16
97 32
345 14
230 20
134 25
380 23
379 3
410 10
142 5
319 30
396 32
154 12
133 17
321 2
314 30
48 27
265 28
382 17
21 24
165 22
332 32
408 22
135 14
347 24
462 14
345 10
33 10
489 6
107 21
167 32
179 19
106 31
62 19
256 23
302 20
88 26
315 24
47 21
17 14
76 22
411 32
335 7
122 20
312 4
484 19
351 26
397 28
309 18
294 8
392 24
335 20
81 13
179 31
302 15
224 13
24 6
353 3
281 22
386 24
405 29
274 27
235 14
62 15
480 3
310 7
302 16
54 10
496 4
213 29
130 20
378 22
422 22
216 6
55 13
497 3
173 7
417 31
292 18
5 19
36 2
346 14
309 19
423 13
335 31
453 8
275 18
321 12
411 20
101 17
340 13
127 9
219 15
475 7
224 20
337 20
293 18
449 6
433 23
258 27
210 26
434 8
244 31
31 18
494 3
323 18
431 21
402 2
48 32
364 3
355 32
382 8
234 22
453 22
53 30
136 2
123 17
245 2
27 27
224 1
109 22
58 11
50 11
40 13
334 19
220 29
307 5
40 4
283 16
409 7
53 8
96 3
464 16
245 7
318 24
363 6
217 24
316 22
230 28
67 11
314 18
455 32
90 10
215 16
337 27
58 5
18 29
416 26
196 12
176 21
479 6
142 15
309 10
312 30
369 6
304 18
367 15
6 13
104 20
328 17
195 18
181 16
242 28
397 26
255 8
154 9
461 8
279 9
457 27
10 21
172 14
210 23
276 23
347 19
287 30
23 25
263 24
396 29
151 17
146 26
364 3
490 5
446 25
445 26
63 19
430 18
472 20
476 27
206 10
329 20
200 16
28 22
55 20
170 25
68 7
462 27
114 20
107 19
424 12
17 30
62 26
423 29
437 23
131 23
72 3
190 7
310 22
437 24
493 14
273 12
273 2
342 30
389 5
500 32
56 28
149 13
314 12
149 2
322 31
448 1
89 2
368 19
207 4
318 31
465 26
110 5
176 15
326 16
103 18
80 2
193 12
274 2
3 22
460 24
256 27
421 21
44 32
447 18
147 16
152 19
206 25
200 5
416 25
148 26
350 3
380 23
307 9
400 5
279 27
337 18
118 21
230 17
396 12
115 22
292 18
4 5
231 31
229 18
228 28
219 1
455 6
323 13
455 15
273 13
285 13
118 30
365 4
415 20
227 17
357 10
498 17
218 12
415 22
429 6
26 8
275 16
97 29
444 27
23 12
135 20
177 5
61 25
304 31
357 22
355 21
104 17
425 13
284 20
471 25
185 20
212 31
327 12
408 30
211 6
337 13
441 1
301 10
406 24
328 6
190 23
326 13
239 31
465 2
442 27
438 10
282 25
437 16
309 4
229 11
477 22
67 2
78 8
271 15
323 18
448 12
484 14
156 14
376 17
96 29
407 9
294 25
34 14
296 6
425 21
212 26
442 6
23 31
497 5
206 12
242 1
35 30
130 15
299 25
163 26
321 9
279 27
109 4
196 9
5 25
281 24
226 6
197 12
444 10
392 17
217 5
6 11
62 31
293 13
140 23
106 12
376 8
278 32
399 14
92 19
446 4
322 23
297 7
270 13
416 17
241 4
497 14
234 23
85 7
271 4
185 8
387 28
316 21
248 26
490 3
469 7
63 22
457 15
160 30
99 11
238 24
206 2
141 28
144 17
170 26
300 30
494 3
266 17
55 21
374 24
351 22
330 29
132 26
124 7
11 6
218 4
117 31
333 2
66 29
482 27
242 6
293 23
172 18
247 30
422 17
121 28
314 18
241 17
439 4
440 1
289 9
48 6
283 8
15 1
208 24
287 26
481 19
388 4
340 23
229 9
459 21
89 12
354 29
273 16
44 20
92 8
72 19
89 2
223 19
406 30
99 29
83 7
475 7
83 19
309 11
427 3
216 31
242 5
195 10
361 26
429 4
422 24
443 14
206 17
113 27
446 11
155 5
493 6
203 27
296 7
442 18
481 5
441 22
225 11
440 29
77 28
241 6
220 23
359 13
199 19
35 20
385 30
376 14
171 2
8 26
440 13
391 16
457 27
494 26
318 5
470 10
152 22

