64
188 27
230 1
72 8
60 2
436 28
427 6
211 28
425 20
442 23
284 1
334 10
151 14
346 27
403 22
226 19
10 14
345 31
446 16
370 25
282 17
400 24
434 10
247 22
45 4
8 4
84 2
417 30
359 23
64 21
20 6
60 1
203 20
120 32
24 5
4 21
146 11
216 11
217 31
141 17
2 12
441 6
341 1
171 28
471 27
164 3
376 23
223 18
479 2
77 14
35 8
158 28
186 13
110 6
335 6
15 13
250 11
274 30
163 20
141 2
382 9
180 13
27 6
38 9
96 14
358 14
249 23
161 7
240 14
188 14
224 2
114 5
360 11
414 23
387 27
360 12
211 27
229 1
292 22
94 7
84 31
220 24
318 28
118 25
206 10
482 29
211 32
253 23
186 2
445 8
424 4
44 30
194 12
223 29
241 8
76 4
118 23
8 27
379 25
343 28
486 25
364 13
124 24
119 1
485 15
85 21
70 28
42 15
251 16
451 7
283 14
167 29
25 6
187 23
354 10
190 32
410 9
388 25
372 14
193 24
272 1
116 13
256 30
307 2
125 5
349 4
339 19
160 23
392 22
469 21
79 30
436 32
62 31
372 5
32 17
140 7
45 8
199 13
469 13
10 17
466 22
204 4
224 19
18 31
413 6
212 7
143 7
183 8
174 30
488 17
322 7
64 31
438 10
371 18
119 24
351 8
90 22
239 21
121 4
132 17
93 7
375 11
193 29
290 18
463 29
127 8
459 26
2 17
303 16
154 25
456 4
356 21
262 10
61 2
201 28
266 21
238 8
379 15
197 16
352 31
148 2
294 15
19 12
207 30
223 32
242 2
68 22
426 29
43 31
414 12
382 15
388 28
318 31
106 26
286 9
376 26
287 30
96 5
21 6
126 3
13 24
125 8
317 26
112 11
388 1
306 18
203 22
93 5
312 22
238 1
6 22
86 8
487 1
97 27
334 14
101 11
441 1
278 17
127 22
172 18
266 17
487 5
374 15
341 25
128 6
338 2
43 19
277 13
456 21
239 25
447 4
487 7
268 21
348 30
358 19
112 31
199 18
443 9
29 11
461 4
213 26
493 11
221 14
488 32
494 30
316 4
417 27
179 5
271 2
430 24
248 17
102 22
491 25
370 3
31 31
230 19
128 11
202 4
196 21
227 25
266 27
481 19
401 7
71 3
388 24
150 27
393 15
284 11
147 14
105 10
336 18
124 3
408 25
15 19
217 9
496 31
339 8
369 23
486 7
261 21
290 18
211 6
13 30
416 7
499 28
40 22
206 12
149 9
340 31
420 17
459 7
391 10
242 31
240 27
49 25
303 2
262 29
224 10
358 23
137 5
363 32
190 32
43 18
384 15
204 3
143 23
421 13
164 22
495 31
92 15
255 30
84 1
258 23
142 20
150 26
472 32
158 17
283 4
351 6
286 18
173 16
420 17
312 7
459 6
338 22
52 28
444 4
460 13
498 6
168 7
83 23
10 24
152 4
144 10
162 13
259 18
209 3
278 24
113 8
382 14
138 17
394 17
124 5
485 14
306 29
120 9
143 26
332 26
125 27
499 6
256 30
471 4
140 25
39 8
336 24
406 29
205 31
405 28
3 10
301 13
394 29
401 24
402 20
182 18
411 20
164 22
141 14
333 16
234 19
236 6
291 13
394 19
291 15
174 13
40 23
305 29
247 13
320 8
493 5
377 15
33 16
420 9
26 28
157 3
474 16
32 24
32 10
462 6
76 24
318 15
314 11
251 32
31 30
411 23
423 31
277 27
179 8
331 12
299 27
166 17
378 22
388 5
123 18
434 22
189 28
368 22
78 14
413 28
187 27
335 13
461 23
415 7
307 10
194 1
84 32
229 14
57 25
426 19
318 28
432 18
315 11
211 28
268 27
351 2
149 9
415 13
296 21
100 30
130 5
410 2
4 15
379 24
107 32
294 16
15 17
133 17
227 7
72 18
169 3
300 21
107 2
129 10
98 20
59 20
225 5
293 28
459 3
492 25
326 29
192 29
214 8
373 8
370 25
434 14
219 13
58 5
150 2
431 3
266 21
474 14
309 10
69 11
288 28
331 14
49 10
158 6
197 22
53 30
326 6
307 8
70 12
221 31
402 27
318 3
343 23
360 8
409 24
418 12
192 21
13 12
474 2
205 15
404 29
440 5
95 23
477 20
462 25
87 15
403 20
85 1
46 32
396 10
76 26
2 11
266 14
210 11
388 6
261 7
22 5
75 4
299 23
484 28
451 10
327 1
325 27
98 6
207 9
28 18
10 5
400 15
246 17
218 1
226 18

