64
381 19
135 1
40 4
170 14
36 3
195 27
342 32
454 17
28 28
463 22
231 27
237 22
268 25
30 10
210 18
412 14
252 26
82 23
61 8
236 24
394 10
147 11
201 16
219 13
175 29
10 10
280 18
335 15
46 1
377 3
442 4
48 21
333 30
335 26
381 14
193 14
204 3
360 32
143 19
336 29
111 13
74 6
294 5
289 7
477 13
445 22
304 25
462 12
474 20
233 26
69 22
479 24
116 30
28 10
120 3
427 31
60 12
472 13
112 24
396 20
128 28
209 19
36 18
271 9
317 3
214 6
132 8
361 16
86 20
209 21
455 31
287 6
487 23
70 26
222 5
390 18
9 22
132 20
120 2
405 12
109 30
173 28
366 14
191 11
125 4
155 23
386 18
444 12
52 14
174 21
182 19
474 18
364 10
86 15
211 2
271 15
311 11
263 4
180 21
126 25
204 13
235 26
74 11
313 5
44 10
397 9
252 31
267 4
328 32
302 18
341 12
209 31
219 11
179 14
127 16
406 23
436 21
272 25
319 20
133 22
422 22
290 25
252 24
492 27
407 14
468 23
217 12
102 15
350 24
37 21
83 2
159 3
82 26
379 20
13 24
317 10
393 7
311 32
162 30
74 21
447 5
19 4
69 32
302 6
251 14
246 30
132 4
56 5
185 26
317 10
445 1
187 29
91 21
332 5
3 21
377 29
446 3
316 10
367 18
283 25
307 9
154 14
136 21
3 9
143 11
222 31
155 4
128 18
257 23
54 11
364 14
411 5
176 7
174 18
196 28
363 22
40 32
440 16
429 22
200 3
464 9
361 10
32 28
67 4
447 16
250 30
401 21
322 13
387 15
470 18
154 8
83 14
52 10
221 28
19 20
402 30
44 30
304 7
454 2
215 12
342 24
413 14
124 10
170 6
80 24
443 1
27 30
278 6
103 10
261 6
121 30
307 24
128 10
239 21
332 9
332 29
268 8
118 12
329 4
253 8
483 8
344 25
425 22
439 11
323 31
500 28
65 19
459 24
268 17
124 7
1 11
475 25
254 13
12 2
84 20
193 10
311 16
426 31
361 32
114 4
267 25
479 27
271 17
374 7
486 29
341 26
7 16
310 24
260 21
193 11
437 1
112 3
272 21
186 21
253 11
168 19
115 22
349 14
434 30
128 7
422 32
461 32
135 18
187 10
443 15
292 15
467 7
329 30
440 18
222 16
368 9
210 31
386 14
72 4
483 31
442 4
370 10
183 13
24 25
454 2
303 10
196 21
148 32
6 11
242 4
130 13
320 27
443 10
452 22
377 18
268 22
41 18
424 23
346 27
295 19
264 21
396 11
365 12
186 27
482 27
154 16
388 9
6 18
30 18
400 30
243 27
280 24
156 19
358 9
1 29
152 8
453 23
426 26
442 27
244 24
38 17
91 29
221 16
458 11
405 21
360 4
376 27
135 27
341 8
236 25
348 31
308 21
137 17
322 23
344 1
206 1
313 20
9 9
243 10
135 4
27 27
499 14
133 1
284 2
328 11
18 12
257 26
180 30
410 13
324 21
269 1
189 29
176 17
465 22
367 24
417 25
446 31
146 6
251 13
255 7
152 1
106 32
302 17
153 3
137 16
20 9
208 12
337 3
257 9
153 23
104 17
219 17
188 20
183 14
496 29
368 23
413 5
407 22
257 19
481 17
239 16
1 18
59 29
33 23
342 13
493 5
457 27
50 12
278 12
286 14
20 13
272 5
126 26
202 6
293 18
479 15
33 15
180 28
168 20
462 17
248 31
157 29
165 10
52 7
437 1
420 29
342 23
93 31
73 26
52 29
328 26
99 12
361 10
155 20
490 25
388 29
423 24
293 15
102 1
233 22
33 8
346 14
195 18
192 15
436 16
335 23
125 21
326 17
210 9
364 27
449 7
140 23
499 16
309 32
128 26
489 17
45 7
238 31
476 10
209 3
377 23
25 1
327 27
338 9
35 21
291 3
156 26
57 26
214 29
457 25
110 13
205 23
131 7
97 11
76 2
221 8
200 6
156 3
300 25
119 2
46 13
168 9
191 28
410 16
440 26
96 14
310 17
408 25
447 24
251 6
309 15
177 17
68 20
91 19
177 29
200 26
321 23
126 15
294 3
414 10
252 6
487 1
310 26
205 12
397 27
129 10
426 29
418 29
488 12
212 28
420 3
237 16
482 22
103 11
452 28
360 19
25 10
116 22
239 12
293 20
127 17
193 16
429 22
396 29
173 27
284 8
370 13
183 23
438 21
125 26
153 21
92 17
330 31
67 1
231 7
56 17
484 16

