64
335 1
271 25
436 23
341 12
500 5
454 27
12 19
492 26
56 25
294 16
156 10
317 31
312 4
170 26
255 19
410 5
159 4
6 14
366 6
342 18
54 15
344 13
378 24
366 25
88 28
249 7
105 9
478 21
188 11
282 15
105 27
383 15
222 16
61 24
438 22
305 31
400 20
408 5
187 17
414 27
136 6
369 17
430 6
361 26
344 18
412 12
184 26
63 9
386 23
196 31
228 8
17 15
500 8
256 6
401 17
312 4
34 1
480 3
378 24
284 22
185 3
373 20
193 27
477 6
261 28
252 28
24 32
467 31
396 30
412 32
94 4
387 3
108 23
145 9
58 1
410 23
475 31
314 31
421 6
96 10
462 7
21 5
319 15
359 14
60 6
65 25
345 15
335 12
169 32
289 19
260 18
173 2
332 18
105 9
276 4
286 25
251 22
73 17
145 31
338 16
52 10
413 13
204 3
52 29
78 12
155 1
390 23
275 13
164 3
177 31
430 6
379 16
120 19
452 32
85 29
171 21
42 23
237 30
182 24
174 27
480 8
448 1
6 30
293 5
100 2
312 5
283 26
61 2
345 20
17 29
153 16
269 22
122 17
143 31
497 12
266 12
495 21
196 16
286 24
21 17
309 24
117 32
225 9
345 29
393 2
350 13
253 10
442 22
327 21
381 3
252 14
298 19
210 25
98 19
36 22
83 9
153 23
288 30
80 8
446 28
345 19
220 25
117 9
323 23
97 3
265 29
200 6
299 17
110 16
107 13
218 5
341 18
91 28
247 26
260 9
345 12
191 28
53 23
225 19
101 1
281 5
373 4
130 11
92 7
419 22
236 32
238 8
357 20
56 32
350 7
500 2
122 2
110 22
349 2
252 5
358 28
18 31
215 19
253 18
238 3
355 13
158 32
400 19
124 23
470 1
121 25
18 15
10 31
268 18
164 12
11 2
255 32
456 6
174 8
479 11
231 30
87 12
129 11
106 16
441 15
428 30
247 18
156 1
424 15
318 16
146 8
165 1
207 16
74 25
327 28
495 1
89 26
1 22
420 10
173 4
237 21
125 31
398 12
443 21
407 17
464 20
440 20
156 31
247 25
231 26
485 25
186 13
10 6
494 21
144 7
493 8
119 25
214 32
101 5
40 31
269 24
262 12
131 6
58 14
350 32
303 18
69 32
259 10
26 32
211 21
270 23
252 32
23 1
107 19
325 19
333 25
150 3
5 20
364 14
9 5
54 7
251 6
3 21
403 12
112 13
252 26
167 27
325 18
171 24
16 32
78 21
292 19
295 28
210 30
62 7
74 23
85 24
440 19
184 10
170 32
307 29
233 25
275 17
218 18
488 14
497 17
82 8
495 24
436 9
385 13
479 22
315 27
486 30
354 25
299 11
168 29
296 16
282 30
457 31
219 8
84 31
213 13
355 27
392 10
467 24
490 17
438 24
212 27
261 25
443 27
439 11
16 10
362 13
8 26
499 22
466 23
145 26
99 27
440 7
492 23
470 25
55 11
340 18
33 4
182 24
10 13
438 21
58 27
377 29
321 12
495 22
310 7
167 4
193 2
102 4
364 8
368 31
330 11
36 23
158 26
190 11
190 15
248 27
277 32
16 29
351 10
234 12
352 32
272 16
210 25
79 25
444 14
195 18
356 7
340 5
300 21
383 5
7 14
87 11
106 22
84 24
463 25
320 14
69 19
61 26
463 15
202 11
436 9
384 19
479 3
7 14
455 6
118 25
371 16
447 32
158 10
136 4
199 27
490 27
397 14
396 23
41 5
117 24
345 28
471 27
278 1
452 20
366 25
396 25
125 15
416 14
76 15
105 26
357 2
392 21
496 7
464 12
236 12
363 24
284 13
107 5
310 26
145 19
127 4
115 27
234 3
384 10
433 24
435 26
286 23
246 9
465 25
168 8
141 22
336 12
67 18
336 16
351 8
254 29
372 13
79 29
103 30
266 31
154 9
28 15
379 6
71 27
334 10
99 2
323 2
249 1
227 29
264 29
268 18
54 15
90 16
96 12
446 17
78 3
265 2
389 23
83 7
190 4
400 20
242 14
73 18
111 7
278 30
227 18
447 28
36 12
116 11
227 25
196 1
159 20
466 11
455 8
209 28
315 32
135 16
181 3
398 27
209 15
221 11
72 7
67 32
203 18
90 9
94 5
289 4
245 10
2 3
301 30
398 28
169 12
23 9
90 12
344 22
447 28
436 26
82 6
477 20
35 3
269 32
203 5
83 31
163 16
349 31
145 30
430 9
129 5
162 22
76 21
219 10
420 11
392 17
8 28

